<?xml version="1.0"?>
<!DOCTYPE Section SYSTEM "section.dtd">

<Section index="203" thickness="0.051" alignLocked="true">
<Transform dim="0"
 xcoef=" 0 1 0 0 0 0"
 ycoef=" 0 0 1 0 0 0">
<Image mag="0.00223" contrast="0.992519" brightness="0" red="true" green="true" blue="true"
 src="201____z200.0.tif" />
<Contour name="domain1" hidden="false" closed="true" simplified="false" border="1 0 1" fill="1 0 1" mode="11"
 points="0 0,
	8752 0,
	8752 5074,
	0 5074,
	"/>
</Transform>

<Transform dim="0"
 xcoef=" 0 1 0 0 0 0"
 ycoef=" 0 0 1 0 0 0">
<Contour name="mito11" hidden="false" closed="false" simplified="true" border="1 0 0" fill="1 0.5 0" mode="11"
 points="12.7031 2.32321,
	12.8477 2.17579,
	"/>
</Transform>

<Transform dim="0"
 xcoef=" 0 1 0 0 0 0"
 ycoef=" 0 0 1 0 0 0">
<Contour name="D68" hidden="false" closed="true" simplified="true" border="0 0.501961 0" fill="0 0.501961 0" mode="13"
 points="6.9797 5.04516,
	6.98615 5.01697,
	7.00486 4.99154,
	7.03401 4.97136,
	7.07074 4.9584,
	7.11146 4.95394,
	7.15218 4.9584,
	7.18891 4.97136,
	7.21807 4.99154,
	7.23678 5.01697,
	7.24323 5.04516,
	7.23678 5.07335,
	7.21807 5.09879,
	7.18891 5.11897,
	7.15218 5.13192,
	7.11146 5.13639,
	7.07074 5.13192,
	7.03401 5.11897,
	7.00486 5.09879,
	"/>
</Transform>

<Transform dim="0"
 xcoef=" 0 1 0 0 0 0"
 ycoef=" 0 0 1 0 0 0">
<Contour name="D09" hidden="false" closed="true" simplified="true" border="0 1 0" fill="0 1 0" mode="13"
 points="10.8546 4.84549,
	10.8601 4.8236,
	10.8759 4.80384,
	10.9005 4.78816,
	10.9316 4.77809,
	10.966 4.77462,
	11.0003 4.77809,
	11.0315 4.78816,
	11.0561 4.80384,
	11.0719 4.8236,
	11.0774 4.84549,
	11.0719 4.8674,
	11.0561 4.88715,
	11.0315 4.90284,
	11.0003 4.91291,
	10.966 4.91637,
	10.9316 4.91291,
	10.9005 4.90284,
	10.8759 4.88715,
	"/>
</Transform>

<Transform dim="0"
 xcoef=" 0 1 0 0 0 0"
 ycoef=" 0 0 1 0 0 0">
<Contour name="D32" hidden="false" closed="true" simplified="true" border="0.5 0 1" fill="0.5 0 1" mode="13"
 points="3.6477 5.61155,
	3.65257 5.5926,
	3.66674 5.57549,
	3.6888 5.56191,
	3.7166 5.5532,
	3.74741 5.55019,
	3.77823 5.5532,
	3.80603 5.56191,
	3.8281 5.57549,
	3.84225 5.5926,
	3.84714 5.61155,
	3.84225 5.63052,
	3.8281 5.64763,
	3.80603 5.66121,
	3.77823 5.66992,
	3.74741 5.67292,
	3.7166 5.66992,
	3.6888 5.66121,
	3.66674 5.64763,
	"/>
</Transform>

<Transform dim="0"
 xcoef=" 0 1 0 0 0 0"
 ycoef=" 0 0 1 0 0 0">
<Contour name="D50" hidden="false" closed="true" simplified="true" border="0 1 1" fill="0 1 1" mode="-15"
 points="15.3129 4.83985,
	15.3169 4.82106,
	15.3285 4.80411,
	15.3464 4.79066,
	15.3689 4.78202,
	15.3941 4.77904,
	15.4191 4.78202,
	15.4417 4.79066,
	15.4597 4.80411,
	15.4712 4.82106,
	15.4751 4.83985,
	15.4712 4.85866,
	15.4597 4.87561,
	15.4417 4.88906,
	15.4191 4.8977,
	15.3941 4.90067,
	15.3689 4.8977,
	15.3464 4.88906,
	15.3285 4.87561,
	"/>
</Transform>

<Transform dim="0"
 xcoef=" 0 1 0 0 0 0"
 ycoef=" 0 0 1 0 0 0">
<Contour name="d09shaft" hidden="true" closed="true" simplified="true" border="1 0.501961 0.25098" fill="0.502 1 0.502" mode="11"
 points="10.2094 4.63124,
	10.213 4.61746,
	10.2405 4.58985,
	10.2543 4.57605,
	10.3095 4.52948,
	10.3371 4.50534,
	10.3922 4.46739,
	10.4198 4.44669,
	10.4337 4.43806,
	10.4888 4.41392,
	10.5026 4.40875,
	10.5303 4.42598,
	10.5578 4.45014,
	10.5648 4.45186,
	10.5923 4.44841,
	10.6527 4.33802,
	10.6597 4.32422,
	10.6649 4.31733,
	10.6923 4.30008,
	10.7061 4.29146,
	10.8166 4.25868,
	10.8718 4.2466,
	10.8994 4.23971,
	10.9063 4.23798,
	10.9614 4.2535,
	10.9891 4.26213,
	11.0029 4.2673,
	11.0581 4.30698,
	11.1133 4.32767,
	11.1409 4.33802,
	11.1547 4.3432,
	11.1616 4.34492,
	11.2168 4.38977,
	11.2426 4.41565,
	11.2651 4.44324,
	11.2771 4.45704,
	11.3323 4.48291,
	11.3461 4.48981,
	11.3738 4.49153,
	11.3875 4.49326,
	11.3944 4.49326,
	11.4134 4.51914,
	11.4237 4.53292,
	11.4289 4.53982,
	11.4323 4.54327,
	11.4255 4.57088,
	11.4237 4.57778,
	11.4444 4.68817,
	11.4514 4.79856,
	11.453 4.82616,
	11.4548 4.83995,
	11.453 4.85375,
	11.4375 4.88136,
	11.4342 4.88825,
	11.4065 4.90378,
	11.3789 4.91585,
	11.3652 4.92102,
	11.3375 4.92275,
	11.3237 4.92447,
	11.2685 4.95034,
	11.2409 4.96414,
	11.2133 4.96759,
	11.1857 4.96587,
	11.1581 4.97621,
	11.1304 4.9814,
	11.0753 5.00727,
	11.0615 5.01417,
	10.9512 5.01417,
	10.8408 5.01934,
	10.7856 5.02107,
	10.7304 5.00209,
	10.6751 5.00037,
	10.5648 5.00209,
	10.5578 5.00209,
	10.5303 4.9883,
	10.5233 4.98485,
	10.482 4.92966,
	10.4251 4.81927,
	10.4112 4.79166,
	10.3853 4.76407,
	10.3785 4.75716,
	10.3233 4.7313,
	10.2681 4.71405,
	10.2543 4.7106,
	10.2267 4.69334,
	10.2146 4.66575,
	10.2094 4.63814,
	10.2094 4.63297,
	"/>
</Transform>

<Transform dim="0"
 xcoef=" 0 1 0 0 0 0"
 ycoef=" 0 0 1 0 0 0">
<Contour name="d09shaft" hidden="true" closed="true" simplified="true" border="1 0.501961 0.25098" fill="0.502 1 0.502" mode="11"
 points="11.4668 4.41047,
	11.4806 4.35527,
	11.4911 4.30008,
	11.5048 4.24488,
	11.5307 4.18969,
	11.5428 4.16208,
	11.5342 4.10689,
	11.5324 4.0931,
	11.5428 4.03789,
	11.5445 4.0241,
	11.5582 3.9965,
	11.5807 3.88611,
	11.5876 3.85852,
	11.5927 3.84471,
	11.5979 3.83953,
	11.6256 3.83091,
	11.6393 3.82229,
	11.6669 3.79643,
	11.6808 3.78434,
	11.7084 3.77572,
	11.7221 3.77227,
	11.7291 3.77055,
	11.7325 3.76882,
	11.8308 3.87749,
	11.8566 3.93095,
	11.9671 3.99823,
	11.9947 4.00857,
	12.0085 4.01202,
	12.0222 4.02065,
	12.0464 4.04824,
	12.0653 4.07585,
	12.0723 4.08965,
	12.0739 4.0931,
	12.0671 4.10689,
	12.0637 4.11378,
	12.0085 4.13966,
	11.9809 4.15174,
	11.9671 4.15691,
	11.8566 4.15518,
	11.8291 4.15691,
	11.8014 4.16553,
	11.7876 4.17071,
	11.7601 4.18796,
	11.7067 4.22763,
	11.6946 4.24143,
	11.6617 4.29663,
	11.6393 4.35182,
	11.6152 4.36734,
	11.5946 4.39495,
	11.5687 4.41737,
	11.5548 4.42598,
	11.5479 4.43116,
	11.5204 4.43979,
	11.5065 4.44324,
	11.4997 4.44497,
	11.472 4.43633,
	11.4668 4.43116,
	11.4668 4.41737,
	11.4668 4.4122,
	"/>
</Transform>

<Transform dim="0"
 xcoef=" 0 1 0 0 0 0"
 ycoef=" 0 0 1 0 0 0">
<Contour name="d09c05" hidden="false" closed="true" simplified="true" border="0 0 1" fill="1 0 0" mode="11"
 points="11.8285 3.90653,
	11.8312 3.90367,
	11.8328 3.89794,
	11.8441 3.88935,
	11.8557 3.88505,
	11.8671 3.88362,
	11.8729 3.88219,
	11.8757 3.88219,
	11.8914 3.9008,
	11.8914 3.90367,
	11.8957 3.90653,
	11.9043 3.91799,
	11.9086 3.92228,
	11.9086 3.92515,
	11.9187 3.93375,
	11.9244 3.93804,
	11.9301 3.93946,
	11.9387 3.94662,
	11.9444 3.95092,
	11.9502 3.95236,
	11.9559 3.95666,
	11.9588 3.95951,
	11.9615 3.95951,
	11.9674 3.96381,
	11.9701 3.96668,
	11.9731 3.96668,
	11.9787 3.97098,
	11.9903 3.97383,
	12.0017 3.97956,
	12.0075 3.981,
	12.0174 3.98959,
	12.0217 3.99389,
	12.0203 3.99961,
	12.0203 4.00248,
	12.0103 4.0125,
	12.006 4.0168,
	11.983 4.02109,
	11.9717 4.01966,
	11.9658 4.01823,
	11.9631 4.01823,
	11.9615 4.01536,
	11.9559 4.01536,
	11.9545 4.0125,
	11.943 4.00821,
	11.9315 4.00105,
	11.9215 3.99675,
	11.9101 3.98959,
	11.9072 3.98673,
	11.9043 3.98673,
	11.8929 3.9767,
	11.8814 3.96953,
	11.8757 3.96668,
	11.8699 3.96094,
	11.8585 3.95522,
	11.8484 3.94662,
	11.8371 3.93517,
	11.8299 3.92371,
	11.8285 3.91226,
	11.8285 3.90796,
	"/>
</Transform>

<Transform dim="0"
 xcoef=" 0 1 0 0 0 0"
 ycoef=" 0 0 1 0 0 0">
<Contour name="d09cfa05" hidden="false" closed="false" simplified="false" border="0 1 0" fill="0 1 0" mode="11"
 points="11.9959 4.0084,
	11.9688 4.00124,
	11.8715 3.94683,
	11.8385 3.9053,
	"/>
</Transform>

<Transform dim="0"
 xcoef=" 0 1 0 0 0 0"
 ycoef=" 0 0 1 0 0 0">
<Contour name="d09sp05" hidden="false" closed="true" simplified="true" border="1 0 0" fill="1 0 0" mode="11"
 points="11.4668 4.41047,
	11.4806 4.35527,
	11.4911 4.30008,
	11.5048 4.24488,
	11.5307 4.18969,
	11.5428 4.16208,
	11.5342 4.10689,
	11.5324 4.0931,
	11.5428 4.03789,
	11.5445 4.0241,
	11.5582 3.9965,
	11.5807 3.88611,
	11.5876 3.85852,
	11.5927 3.84471,
	11.5979 3.83953,
	11.6256 3.83091,
	11.6393 3.82229,
	11.6669 3.79643,
	11.6808 3.78434,
	11.7084 3.77572,
	11.7221 3.77227,
	11.7291 3.77055,
	11.7325 3.76882,
	11.8308 3.87749,
	11.8566 3.93095,
	11.9671 3.99823,
	11.9947 4.00857,
	12.0085 4.01202,
	12.0222 4.02065,
	12.0464 4.04824,
	12.0653 4.07585,
	12.0723 4.08965,
	12.0739 4.0931,
	12.0671 4.10689,
	12.0637 4.11378,
	12.0085 4.13966,
	11.9809 4.15174,
	11.9671 4.15691,
	11.8566 4.15518,
	11.8291 4.15691,
	11.8014 4.16553,
	11.7876 4.17071,
	11.7601 4.18796,
	11.7067 4.22763,
	11.6946 4.24143,
	11.6617 4.29663,
	11.6393 4.35182,
	11.6152 4.36734,
	11.5946 4.39495,
	11.5687 4.41737,
	11.5548 4.42598,
	11.5479 4.43116,
	11.5204 4.43979,
	11.5065 4.44324,
	11.4997 4.44497,
	11.472 4.43633,
	11.4668 4.43116,
	11.4668 4.41737,
	11.4668 4.4122,
	"/>
</Transform>

<Transform dim="0"
 xcoef=" 0 1 0 0 0 0"
 ycoef=" 0 0 1 0 0 0">
<Contour name="mito11_php2016" hidden="false" closed="false" simplified="true" border="1 0.501961 0.25098" fill="1 0 0" mode="11"
 points="12.9167 2.55767,
	13.0665 2.31223,
	"/>
</Transform>

<Transform dim="0"
 xcoef=" 0 1 0 0 0 0"
 ycoef=" 0 0 1 0 0 0">
<Contour name="d09ax21b" comment="ddh_traced_2017.01" hidden="false" closed="true" simplified="true" border="1 0.501961 0.752941" fill="1 0.501961 0.752941" mode="11"
 points="12.769 1.85111,
	12.771 1.84294,
	12.7822 1.82763,
	12.7863 1.82355,
	12.8026 1.7909,
	12.8057 1.77457,
	12.8067 1.77049,
	12.8139 1.76335,
	12.822 1.75824,
	12.8547 1.75722,
	12.871 1.75926,
	12.8792 1.75926,
	12.8955 1.76233,
	12.9118 1.76845,
	12.92 1.77049,
	12.922 1.77253,
	12.9261 1.77253,
	12.9424 1.77763,
	12.9588 1.77967,
	12.9914 1.7909,
	12.9996 1.79396,
	13.0037 1.79498,
	13.0118 1.80008,
	13.02 1.80314,
	13.023 1.80621,
	13.0251 1.80621,
	13.0312 1.81233,
	13.0353 1.81437,
	13.0424 1.82253,
	13.0475 1.82968,
	13.0516 1.83274,
	13.0537 1.8358,
	13.0577 1.83988,
	13.069 1.85519,
	13.0751 1.86335,
	13.0792 1.87151,
	13.0802 1.87968,
	13.0782 1.88784,
	13.0741 1.89601,
	13.071 1.90009,
	13.071 1.90213,
	13.0598 1.91846,
	13.0435 1.93172,
	13.0363 1.93784,
	13.02 1.94295,
	13.0037 1.94499,
	12.9955 1.94397,
	12.9628 1.94499,
	12.9547 1.94397,
	12.9506 1.94295,
	12.9465 1.94397,
	12.9302 1.94193,
	12.922 1.93989,
	12.9179 1.93989,
	12.9016 1.92968,
	12.8934 1.92254,
	12.8659 1.89192,
	12.8496 1.88274,
	12.8475 1.8807,
	12.8394 1.87866,
	12.8353 1.87662,
	12.8026 1.87458,
	12.7985 1.87458,
	12.7945 1.87254,
	12.7863 1.87254,
	12.7781 1.86743,
	12.7741 1.86539,
	12.771 1.86131,
	12.769 1.85315,
	12.769 1.85213,
	"/>
</Transform>

<Transform dim="0"
 xcoef=" 0 1 0 0 0 0"
 ycoef=" 0 0 1 0 0 0">
<Contour name="d09" comment="dch_traced_062019" hidden="false" closed="true" simplified="true" border="1 1 0.501961" fill="1 1 0.501961" mode="11"
 points="10.2056 4.64215,
	10.2082 4.63202,
	10.2398 4.59279,
	10.255 4.5738,
	10.2727 4.55355,
	10.2778 4.54849,
	10.279 4.54596,
	10.2841 4.5447,
	10.3651 4.49787,
	10.3853 4.49028,
	10.3904 4.48774,
	10.3929 4.48774,
	10.4119 4.47129,
	10.4309 4.45104,
	10.4714 4.42193,
	10.4815 4.41814,
	10.5018 4.41561,
	10.522 4.41687,
	10.5271 4.4194,
	10.5359 4.42953,
	10.5486 4.44978,
	10.5676 4.4637,
	10.5878 4.46243,
	10.598 4.45737,
	10.6056 4.44851,
	10.6131 4.40801,
	10.6131 4.40295,
	10.6245 4.3827,
	10.6625 4.35106,
	10.6714 4.34094,
	10.6739 4.33841,
	10.679 4.31816,
	10.6929 4.29791,
	10.7119 4.28019,
	10.7321 4.27006,
	10.7422 4.26627,
	10.7448 4.26374,
	10.765 4.25614,
	10.8055 4.24855,
	10.846 4.24602,
	10.8865 4.23843,
	10.8966 4.23463,
	10.9371 4.23083,
	10.9473 4.2321,
	10.9675 4.23969,
	10.9776 4.24349,
	10.9878 4.24982,
	10.9928 4.25361,
	11.0131 4.26247,
	11.0333 4.27513,
	11.0536 4.29411,
	11.0941 4.31056,
	11.1042 4.31563,
	11.1244 4.31942,
	11.1447 4.32955,
	11.1649 4.34347,
	11.1751 4.35359,
	11.213 4.38017,
	11.232 4.40042,
	11.2485 4.42067,
	11.2675 4.43965,
	11.308 4.46623,
	11.3485 4.47382,
	11.3687 4.48015,
	11.3788 4.48521,
	11.3889 4.49281,
	11.3978 4.50293,
	11.4041 4.51306,
	11.4105 4.53331,
	11.4143 4.5738,
	11.4155 4.59405,
	11.4219 4.63455,
	11.4282 4.6548,
	11.432 4.66493,
	11.432 4.66999,
	11.4358 4.68011,
	11.4383 4.70036,
	11.437 4.74086,
	11.437 4.76111,
	11.4396 4.78136,
	11.4396 4.78642,
	11.4459 4.80667,
	11.4497 4.82692,
	11.4484 4.84717,
	11.4472 4.85729,
	11.4434 4.86742,
	11.437 4.87754,
	11.4181 4.89653,
	11.4079 4.90539,
	11.3877 4.91931,
	11.3674 4.9269,
	11.3269 4.93323,
	11.3168 4.93323,
	11.2763 4.94082,
	11.2713 4.94209,
	11.251 4.95601,
	11.2459 4.96107,
	11.2257 4.9674,
	11.2054 4.96866,
	11.1852 4.97246,
	11.1649 4.98132,
	11.1548 4.98385,
	11.1498 4.98638,
	11.1295 4.98891,
	11.1244 4.98891,
	11.1194 4.99145,
	11.1168 4.99145,
	11.0966 5.0041,
	11.0865 5.01043,
	11.046 5.01676,
	11.0257 5.01929,
	10.9852 5.01929,
	10.965 5.01802,
	10.9245 5.02182,
	10.884 5.02815,
	10.8435 5.03194,
	10.8232 5.03321,
	10.8131 5.03701,
	10.7929 5.03827,
	10.7726 5.03574,
	10.7321 5.02562,
	10.7296 5.02308,
	10.6891 5.01423,
	10.684 5.01169,
	10.6638 5.01043,
	10.6233 5.01423,
	10.603 5.01296,
	10.5929 5.01296,
	10.5524 5.00157,
	10.5322 4.99271,
	10.522 4.98765,
	10.5119 4.97879,
	10.5043 4.96866,
	10.4942 4.94842,
	10.4866 4.92817,
	10.4651 4.88767,
	10.4537 4.86742,
	10.4461 4.85729,
	10.436 4.83704,
	10.4233 4.8168,
	10.4182 4.80667,
	10.398 4.78769,
	10.3575 4.75984,
	10.3373 4.75099,
	10.2968 4.73833,
	10.2765 4.73453,
	10.2664 4.732,
	10.2461 4.72188,
	10.2411 4.71935,
	10.2246 4.6991,
	10.2132 4.67885,
	10.2056 4.6586,
	10.2056 4.64847,
	10.2056 4.64341,
	"/>
</Transform>

</Section>