<?xml version="1.0"?>
<!DOCTYPE Section SYSTEM "section.dtd">

<Section index="157" thickness="0.051" alignLocked="true">
<Transform dim="0"
 xcoef=" 0 1 0 0 0 0"
 ycoef=" 0 0 1 0 0 0">
<Contour name="D68" hidden="false" closed="true" simplified="true" border="0 0.501961 0" fill="0 0.501961 0" mode="13"
 points="4.70949 5.11517,
	4.71594 5.08698,
	4.73465 5.06154,
	4.76381 5.04137,
	4.80054 5.02841,
	4.84126 5.02394,
	4.88198 5.02841,
	4.91871 5.04137,
	4.94787 5.06154,
	4.96658 5.08698,
	4.97303 5.11517,
	4.96658 5.14336,
	4.94787 5.16879,
	4.91871 5.18898,
	4.88198 5.20192,
	4.84126 5.2064,
	4.80054 5.20192,
	4.76381 5.18898,
	4.73465 5.16879,
	"/>
</Transform>

<Transform dim="0"
 xcoef=" 0 1 0 0 0 0"
 ycoef=" 0 0 1 0 0 0">
<Contour name="D32" hidden="false" closed="true" simplified="true" border="0.5 0 1" fill="0.5 0 1" mode="13"
 points="3.6477 5.61155,
	3.65257 5.5926,
	3.66674 5.57549,
	3.6888 5.56191,
	3.7166 5.5532,
	3.74741 5.55019,
	3.77823 5.5532,
	3.80603 5.56191,
	3.8281 5.57549,
	3.84225 5.5926,
	3.84714 5.61155,
	3.84225 5.63052,
	3.8281 5.64763,
	3.80603 5.66121,
	3.77823 5.66992,
	3.74741 5.67292,
	3.7166 5.66992,
	3.6888 5.66121,
	3.66674 5.64763,
	"/>
</Transform>

<Transform dim="0"
 xcoef=" 0 1 0 0 0 0"
 ycoef=" 0 0 1 0 0 0">
<Contour name="D09" hidden="false" closed="true" simplified="true" border="0 1 0" fill="0 1 0" mode="13"
 points="10.8546 4.84549,
	10.8601 4.8236,
	10.8759 4.80384,
	10.9005 4.78816,
	10.9316 4.77809,
	10.966 4.77462,
	11.0003 4.77809,
	11.0315 4.78816,
	11.0561 4.80384,
	11.0719 4.8236,
	11.0774 4.84549,
	11.0719 4.8674,
	11.0561 4.88715,
	11.0315 4.90284,
	11.0003 4.91291,
	10.966 4.91637,
	10.9316 4.91291,
	10.9005 4.90284,
	10.8759 4.88715,
	"/>
</Transform>

<Transform dim="0"
 xcoef=" 0 1 0 0 0 0"
 ycoef=" 0 0 1 0 0 0">
<Contour name="d32p35" hidden="false" closed="true" simplified="false" border="1 0 0" fill="1 0 0" mode="-13"
 points="3.57078 5.97057,
	3.61041 5.97057,
	3.5906 6.00688,
	"/>
</Transform>

<Transform dim="0"
 xcoef=" 0 1 0 0 0 0"
 ycoef=" 0 0 1 0 0 0">
<Contour name="d32sp35" hidden="false" closed="true" simplified="true" border="1 0 0" fill="1 0 0" mode="11"
 points="3.42704 6.00282,
	3.43582 6.00171,
	3.47093 6.00501,
	3.48848 6.00721,
	3.49726 6.0083,
	3.50165 6.0105,
	3.53675 6.01488,
	3.5543 6.01927,
	3.5894 6.02476,
	3.6245 6.02585,
	3.65961 6.02476,
	3.69471 6.02037,
	3.71227 6.01817,
	3.71665 6.01817,
	3.71775 6.02037,
	3.71337 6.02476,
	3.71007 6.02695,
	3.69581 6.0445,
	3.69253 6.06206,
	3.69142 6.07083,
	3.69253 6.0796,
	3.6991 6.09716,
	3.70239 6.10044,
	3.70349 6.10484,
	3.71227 6.11251,
	3.71994 6.118,
	3.72214 6.1202,
	3.72433 6.1202,
	3.7397 6.13117,
	3.74847 6.13775,
	3.75505 6.14543,
	3.78796 6.17286,
	3.80442 6.18712,
	3.82087 6.19917,
	3.82964 6.20577,
	3.8472 6.21343,
	3.85598 6.21783,
	3.88998 6.2277,
	3.90753 6.23538,
	3.91192 6.23538,
	3.92947 6.24306,
	3.93167 6.24525,
	3.93386 6.24525,
	3.93825 6.24964,
	3.94702 6.25513,
	3.96128 6.27268,
	3.96348 6.27487,
	3.96348 6.27706,
	3.97446 6.29463,
	3.9931 6.32862,
	3.99639 6.3374,
	3.99858 6.35496,
	3.99858 6.35934,
	3.99091 6.37689,
	3.98432 6.38458,
	3.97554 6.39225,
	3.97117 6.39665,
	3.95361 6.40762,
	3.93605 6.4153,
	3.9185 6.41968,
	3.88339 6.42077,
	3.87463 6.42077,
	3.83952 6.41419,
	3.82198 6.40981,
	3.81319 6.40651,
	3.78028 6.38458,
	3.74628 6.36044,
	3.71227 6.33302,
	3.69581 6.31656,
	3.68813 6.30778,
	3.68375 6.30339,
	3.68155 6.299,
	3.67716 6.29463,
	3.67497 6.29024,
	3.67058 6.28585,
	3.6651 6.27926,
	3.65302 6.26281,
	3.64755 6.25513,
	3.64535 6.25074,
	3.64097 6.24635,
	3.63657 6.23758,
	3.62999 6.22989,
	3.62671 6.22551,
	3.6256 6.22112,
	3.61464 6.20357,
	3.60695 6.18601,
	3.59708 6.16847,
	3.58063 6.13336,
	3.56966 6.11581,
	3.56417 6.10813,
	3.54991 6.09167,
	3.53345 6.07741,
	3.52688 6.07083,
	3.49286 6.04889,
	3.48409 6.0434,
	3.48189 6.0434,
	3.44679 6.01927,
	3.43144 6.00611,
	3.42815 6.00391,
	"/>
</Transform>

<Transform dim="0"
 xcoef=" 0 1 0 0 0 0"
 ycoef=" 0 0 1 0 0 0">
<Contour name="d32" hidden="false" closed="true" simplified="true" border="1 0 0" fill="1 0 0" mode="11"
 points="3.13184 5.66066,
	3.14482 5.64932,
	3.15779 5.64283,
	3.16427 5.63958,
	3.1675 5.63958,
	3.17398 5.6331,
	3.17562 5.62661,
	3.17885 5.62338,
	3.17885 5.5715,
	3.17885 5.54557,
	3.17885 5.5326,
	3.17885 5.52611,
	3.17885 5.52288,
	3.17562 5.51962,
	3.15779 5.46776,
	3.15615 5.44181,
	3.16102 5.42884,
	3.16427 5.42561,
	3.16427 5.42237,
	3.1821 5.39805,
	3.18372 5.39156,
	3.1983 5.36563,
	3.20155 5.35266,
	3.20316 5.34618,
	3.20641 5.34294,
	3.20964 5.32997,
	3.23883 5.27809,
	3.24694 5.26675,
	3.2599 5.25378,
	3.28584 5.23595,
	3.31177 5.2246,
	3.32475 5.21974,
	3.33609 5.21163,
	3.34258 5.20677,
	3.35392 5.18245,
	3.36042 5.16948,
	3.37013 5.15652,
	3.3831 5.14679,
	3.40904 5.13544,
	3.42201 5.13544,
	3.44795 5.12734,
	3.49982 5.10303,
	3.52575 5.09006,
	3.57763 5.07546,
	3.60356 5.06898,
	3.61653 5.06574,
	3.62301 5.06574,
	3.62626 5.06249,
	3.63922 5.06088,
	3.6911 5.04466,
	3.71703 5.0398,
	3.73 5.03818,
	3.73648 5.03818,
	3.74946 5.04628,
	3.7527 5.04628,
	3.76566 5.0544,
	3.86942 5.08843,
	3.92129 5.10627,
	3.93425 5.11113,
	3.93588 5.11437,
	3.93912 5.11437,
	3.95532 5.14031,
	3.9602 5.15327,
	3.96181 5.16624,
	3.96829 5.17921,
	3.97477 5.20515,
	3.98289 5.21812,
	3.98774 5.23109,
	3.99099 5.23757,
	3.99423 5.24081,
	4.00396 5.26675,
	4.01044 5.27971,
	4.04124 5.38347,
	4.0461 5.4094,
	4.04936 5.41589,
	4.05259 5.44181,
	4.0607 5.46776,
	4.06881 5.48072,
	4.07529 5.4856,
	4.08338 5.49855,
	4.09636 5.50828,
	4.12068 5.51962,
	4.12716 5.52449,
	4.13364 5.52611,
	4.14013 5.5326,
	4.16444 5.54881,
	4.18551 5.57312,
	4.18876 5.57961,
	4.20011 5.59095,
	4.22604 5.6023,
	4.23901 5.60716,
	4.24549 5.61203,
	4.27144 5.62013,
	4.2844 5.62013,
	4.29736 5.62338,
	4.30385 5.62661,
	4.3071 5.62986,
	4.31358 5.63148,
	4.32655 5.63958,
	4.33952 5.65093,
	4.346 5.65741,
	4.3541 5.67039,
	4.35735 5.69632,
	4.35735 5.70929,
	4.36221 5.72226,
	4.37355 5.73522,
	4.39626 5.7563,
	4.40435 5.76927,
	4.40435 5.82114,
	4.39626 5.87301,
	4.37518 5.89895,
	4.36383 5.9103,
	4.35897 5.91678,
	4.30872 5.9492,
	4.2844 5.97028,
	4.27144 5.97514,
	4.25847 5.97677,
	4.25199 5.98,
	4.22604 5.98487,
	4.21308 5.98973,
	4.18714 5.99296,
	4.17417 5.99296,
	4.14823 5.98811,
	4.04448 5.98811,
	4.01856 5.99135,
	4.00558 5.99135,
	3.95371 5.98325,
	3.92777 5.98325,
	3.9148 5.98487,
	3.88887 5.99622,
	3.8759 5.99946,
	3.86942 6.0027,
	3.81754 6.00918,
	3.7916 6.01405,
	3.78512 6.01405,
	3.77214 6.02053,
	3.72029 6.03513,
	3.66841 6.03998,
	3.65544 6.04322,
	3.60356 6.04322,
	3.55169 6.03998,
	3.52575 6.03513,
	3.51278 6.0335,
	3.50631 6.0335,
	3.45443 6.01729,
	3.42849 6.00918,
	3.42201 6.00756,
	3.39608 5.98973,
	3.37013 5.98,
	3.35717 5.97351,
	3.33609 5.95082,
	3.32637 5.93785,
	3.28097 5.83411,
	3.27611 5.82114,
	3.27126 5.79521,
	3.27126 5.78872,
	3.26152 5.76279,
	3.2518 5.74982,
	3.23883 5.74009,
	3.2129 5.73037,
	3.18696 5.72551,
	3.17398 5.72063,
	3.1675 5.71902,
	3.16427 5.71577,
	3.16102 5.71577,
	3.14805 5.70606,
	3.14157 5.69956,
	3.13346 5.6866,
	3.13184 5.66228,
	"/>
</Transform>

<Transform dim="0"
 xcoef=" 0 1 0 0 0 0"
 ycoef=" 0 0 1 0 0 0">
<Contour name="d32sp38" hidden="false" closed="true" simplified="true" border="1 0 0" fill="1 0 0" mode="11"
 points="3.07524 7.31697,
	3.07969 7.30268,
	3.08953 7.28927,
	3.10114 7.27498,
	3.10649 7.26784,
	3.11006 7.26426,
	3.11453 7.25801,
	3.11811 7.25445,
	3.12793 7.24104,
	3.12882 7.23747,
	3.1315 7.2339,
	3.13597 7.21961,
	3.13775 7.21604,
	3.13775 7.21246,
	3.13955 7.20888,
	3.14222 7.19459,
	3.14311 7.18746,
	3.15204 7.15887,
	3.16276 7.13029,
	3.16544 7.12672,
	3.17616 7.09814,
	3.17884 7.08385,
	3.18062 7.07669,
	3.17794 7.04811,
	3.17705 6.99095,
	3.17794 6.97666,
	3.18062 6.96236,
	3.1842 6.95523,
	3.18688 6.95165,
	3.19402 6.94807,
	3.20831 6.94362,
	3.21368 6.93914,
	3.21636 6.92485,
	3.21636 6.92307,
	3.21814 6.92128,
	3.21814 6.91771,
	3.22172 6.91056,
	3.22261 6.90699,
	3.22886 6.89985,
	3.236 6.89805,
	3.26458 6.9061,
	3.27887 6.91056,
	3.28066 6.91056,
	3.28424 6.91324,
	3.28782 6.91414,
	3.29495 6.91949,
	3.3021 6.92665,
	3.31372 6.94004,
	3.3155 6.94362,
	3.32264 6.95075,
	3.33247 6.96504,
	3.34408 6.97933,
	3.35302 6.99363,
	3.35837 7.00792,
	3.36016 7.02221,
	3.36016 7.05079,
	3.35926 7.06508,
	3.35391 7.09366,
	3.35123 7.10796,
	3.34944 7.1151,
	3.34319 7.12939,
	3.34229 7.13297,
	3.33783 7.14011,
	3.33694 7.14368,
	3.32353 7.1562,
	3.30924 7.16512,
	3.3021 7.17049,
	3.29584 7.17762,
	3.29138 7.18478,
	3.28335 7.21336,
	3.27887 7.22765,
	3.27619 7.23479,
	3.25833 7.26337,
	3.24672 7.27587,
	3.24136 7.28123,
	3.23422 7.28838,
	3.22886 7.29374,
	3.22172 7.3,
	3.21993 7.30178,
	3.20564 7.30624,
	3.17705 7.3125,
	3.16992 7.31339,
	3.15563 7.31875,
	3.12704 7.32679,
	3.09846 7.3375,
	3.09487 7.3375,
	3.08774 7.34019,
	3.08058 7.34019,
	3.07791 7.3375,
	3.07524 7.32321,
	3.07524 7.31965,
	3.07524 7.31786,
	"/>
</Transform>

<Transform dim="0"
 xcoef=" 0 1 0 0 0 0"
 ycoef=" 0 0 1 0 0 0">
<Contour name="D50" hidden="false" closed="true" simplified="true" border="0 1 1" fill="0 1 1" mode="-15"
 points="15.703 3.22971,
	15.707 3.21091,
	15.7185 3.19396,
	15.7364 3.18051,
	15.759 3.17187,
	15.7841 3.16889,
	15.8091 3.17187,
	15.8317 3.18051,
	15.8497 3.19396,
	15.8612 3.21091,
	15.8651 3.22971,
	15.8612 3.24851,
	15.8497 3.26546,
	15.8317 3.27891,
	15.8091 3.28755,
	15.7841 3.29052,
	15.759 3.28755,
	15.7364 3.27891,
	15.7185 3.26546,
	"/>
</Transform>

<Transform dim="0"
 xcoef=" 0 1 0 0 0 0"
 ycoef=" 0 0 1 0 0 0">
<Contour name="d50p14" hidden="false" closed="true" simplified="false" border="1 0 0" fill="1 0 0" mode="-13"
 points="16.2996 3.79765,
	16.2812 3.77914,
	16.2996 3.76064,
	16.3183 3.77914,
	"/>
</Transform>

<Transform dim="0"
 xcoef=" 0 1 0 0 0 0"
 ycoef=" 0 0 1 0 0 0">
<Contour name="d50_Interest" hidden="false" closed="true" simplified="true" border="0 0 1" fill="0 1 1" mode="11"
 points="16.112 3.69189,
	16.1133 3.67361,
	16.1174 3.65583,
	16.1241 3.63904,
	16.1332 3.62369,
	16.1444 3.61018,
	16.1575 3.59892,
	16.1721 3.59019,
	16.1877 3.58425,
	16.2041 3.58123,
	16.2208 3.58123,
	16.2372 3.58425,
	16.2528 3.59019,
	16.2675 3.59892,
	16.2805 3.61018,
	16.2917 3.62369,
	16.3009 3.63904,
	16.3075 3.65583,
	16.3116 3.67361,
	16.3129 3.69189,
	16.3116 3.71016,
	16.3075 3.72794,
	16.3009 3.74474,
	16.2917 3.7601,
	16.2805 3.77359,
	16.2675 3.78486,
	16.2528 3.79358,
	16.2372 3.79954,
	16.2208 3.80256,
	16.2041 3.80256,
	16.1877 3.79954,
	16.1721 3.79358,
	16.1575 3.78486,
	16.1444 3.77359,
	16.1332 3.7601,
	16.1241 3.74474,
	16.1174 3.72794,
	"/>
</Transform>

<Transform dim="0"
 xcoef=" 0 1 0 0 0 0"
 ycoef=" 0 0 1 0 0 0">
<Contour name="d50p15" hidden="false" closed="true" simplified="false" border="1 0 0" fill="1 0 0" mode="-13"
 points="15.4527 3.1807,
	15.4864 3.1807,
	15.4696 3.21164,
	"/>
</Transform>

<Transform dim="0"
 xcoef=" 0 1 0 0 0 0"
 ycoef=" 0 0 1 0 0 0">
<Contour name="d50sp12" hidden="false" closed="true" simplified="true" border="1 0 0" fill="1 0 0" mode="-11"
 points="15.3468 2.48256,
	15.3526 2.46398,
	15.3555 2.45469,
	15.3578 2.45004,
	15.3589 2.44597,
	15.36 2.44539,
	15.36 2.44423,
	15.3671 2.43494,
	15.3706 2.43145,
	15.3752 2.42971,
	15.3845 2.42855,
	15.3892 2.42913,
	15.3984 2.43204,
	15.399 2.4332,
	15.4031 2.43494,
	15.4054 2.43552,
	15.4066 2.43668,
	15.4112 2.43784,
	15.4135 2.439,
	15.4147 2.439,
	15.4234 2.44481,
	15.4275 2.44772,
	15.4356 2.45585,
	15.4384 2.45933,
	15.4403 2.46108,
	15.4414 2.46108,
	15.442 2.46224,
	15.4467 2.4634,
	15.4554 2.46746,
	15.4577 2.46863,
	15.4588 2.46863,
	15.4635 2.47153,
	15.4658 2.47153,
	15.4705 2.47385,
	15.4722 2.47443,
	15.4815 2.47967,
	15.4902 2.48779,
	15.4931 2.49128,
	15.4978 2.49592,
	15.5071 2.50058,
	15.5163 2.50406,
	15.5175 2.50406,
	15.5262 2.51045,
	15.5344 2.51799,
	15.5413 2.52671,
	15.5529 2.5453,
	15.5557 2.54995,
	15.5646 2.55634,
	15.5733 2.56563,
	15.5756 2.56971,
	15.5762 2.57202,
	15.5773 2.5726,
	15.5773 2.57376,
	15.5785 2.57493,
	15.5785 2.57608,
	15.5797 2.57667,
	15.5831 2.58538,
	15.5849 2.59002,
	15.5855 2.59932,
	15.5855 2.60049,
	15.5843 2.60164,
	15.582 2.61094,
	15.5808 2.61268,
	15.5808 2.615,
	15.5797 2.61732,
	15.5791 2.62662,
	15.5791 2.62894,
	15.586 2.64753,
	15.5878 2.65683,
	15.5878 2.66612,
	15.582 2.68412,
	15.5808 2.68645,
	15.5808 2.68761,
	15.5756 2.6969,
	15.5733 2.69923,
	15.5686 2.70155,
	15.5593 2.70155,
	15.5547 2.70155,
	15.5454 2.69864,
	15.5361 2.69342,
	15.5338 2.69284,
	15.5326 2.69167,
	15.528 2.68993,
	15.5256 2.68819,
	15.5168 2.68412,
	15.4989 2.67251,
	15.4902 2.66496,
	15.489 2.66263,
	15.4815 2.65566,
	15.478 2.6516,
	15.4733 2.64695,
	15.4705 2.64347,
	15.4664 2.63882,
	15.4635 2.63416,
	15.4618 2.63301,
	15.4588 2.62837,
	15.4577 2.62604,
	15.4558 2.62488,
	15.4501 2.61558,
	15.4471 2.61151,
	15.4461 2.6092,
	15.4379 2.60164,
	15.4356 2.60049,
	15.4344 2.59875,
	15.4256 2.59235,
	15.4217 2.58944,
	15.4194 2.58886,
	15.4188 2.5877,
	15.4176 2.5877,
	15.4153 2.58538,
	15.4112 2.58305,
	15.4066 2.57957,
	15.4048 2.57841,
	15.4042 2.57725,
	15.4019 2.57667,
	15.3984 2.57376,
	15.3938 2.57086,
	15.3915 2.56971,
	15.3903 2.56853,
	15.3892 2.56853,
	15.3845 2.56505,
	15.3758 2.55982,
	15.3671 2.55343,
	15.363 2.55053,
	15.3565 2.54239,
	15.3508 2.52381,
	15.3478 2.51451,
	15.3468 2.50523,
	15.3468 2.48664,
	15.3468 2.48431,
	15.3468 2.48316,
	"/>
</Transform>

<Transform dim="0"
 xcoef=" 0 1 0 0 0 0"
 ycoef=" 0 0 1 0 0 0">
<Contour name="d50sp12" hidden="false" closed="true" simplified="true" border="1 0 0" fill="1 0 0" mode="-11"
 points="14.562 2.1611,
	14.5649 2.15524,
	14.5671 2.15232,
	14.5671 2.15085,
	14.5825 2.12963,
	14.5883 2.12524,
	14.5942 2.12231,
	14.6059 2.12011,
	14.6294 2.11938,
	14.641 2.11938,
	14.6426 2.12085,
	14.6454 2.12085,
	14.6564 2.12743,
	14.6601 2.13255,
	14.6608 2.13841,
	14.6608 2.14134,
	14.6608 2.14281,
	14.6593 2.14426,
	14.6586 2.14719,
	14.6426 2.16914,
	14.6395 2.17207,
	14.6344 2.17574,
	14.611 2.18306,
	14.5993 2.18597,
	14.5934 2.18745,
	14.592 2.18745,
	14.5906 2.18891,
	14.5876 2.18891,
	14.5847 2.19036,
	14.5788 2.19036,
	14.5729 2.18597,
	14.5693 2.18013,
	14.5693 2.17866,
	14.5656 2.17281,
	14.5634 2.16987,
	14.562 2.16403,
	14.562 2.16184,
	"/>
</Transform>

<Transform dim="0"
 xcoef=" 0 1 0 0 0 0"
 ycoef=" 0 0 1 0 0 0">
<Contour name="d50sp14" hidden="false" closed="true" simplified="true" border="1 0 0" fill="1 0 0" mode="-11"
 points="16.2975 3.84338,
	16.3121 3.83369,
	16.3155 3.83091,
	16.3164 3.82952,
	16.3233 3.82445,
	16.3247 3.8226,
	16.326 3.82168,
	16.3289 3.81798,
	16.3306 3.81521,
	16.3358 3.80829,
	16.3385 3.80459,
	16.3385 3.80367,
	16.3413 3.80044,
	16.3413 3.79952,
	16.3422 3.79905,
	16.3422 3.79813,
	16.3431 3.79721,
	16.3431 3.79628,
	16.3446 3.79444,
	16.3455 3.79074,
	16.3472 3.78705,
	16.3472 3.78613,
	16.3481 3.7852,
	16.351 3.77782,
	16.351 3.77688,
	16.3518 3.77597,
	16.3543 3.76858,
	16.3543 3.76674,
	16.3555 3.76303,
	16.3579 3.74826,
	16.3579 3.73348,
	16.3575 3.7261,
	16.3575 3.72241,
	16.3579 3.72195,
	16.3589 3.72288,
	16.3589 3.72471,
	16.3598 3.72564,
	16.3598 3.72748,
	16.3611 3.73119,
	16.3616 3.73302,
	16.3616 3.73395,
	16.3626 3.73487,
	16.3667 3.74964,
	16.3685 3.75704,
	16.3685 3.75889,
	16.3694 3.76073,
	16.3694 3.76257,
	16.3704 3.76349,
	16.3718 3.7672,
	16.3746 3.77089,
	16.3815 3.77505,
	16.3823 3.77597,
	16.3833 3.77597,
	16.3843 3.77688,
	16.388 3.77782,
	16.3889 3.77782,
	16.3898 3.77874,
	16.3935 3.77966,
	16.3944 3.78059,
	16.3981 3.78151,
	16.399 3.78243,
	16.4138 3.78751,
	16.4157 3.78843,
	16.4165 3.78843,
	16.4174 3.78936,
	16.4193 3.78936,
	16.434 3.79351,
	16.435 3.79351,
	16.436 3.79444,
	16.4397 3.79536,
	16.4406 3.79536,
	16.4415 3.79628,
	16.4452 3.79721,
	16.4595 3.80506,
	16.466 3.81013,
	16.4697 3.81291,
	16.4733 3.8166,
	16.4748 3.81844,
	16.4757 3.81938,
	16.4752 3.81984,
	16.4858 3.83276,
	16.496 3.84661,
	16.5052 3.86139,
	16.5103 3.86832,
	16.5125 3.87109,
	16.5145 3.87293,
	16.5181 3.87524,
	16.5218 3.87663,
	16.5292 3.87663,
	16.5329 3.8757,
	16.5366 3.8757,
	16.5384 3.87477,
	16.5403 3.87477,
	16.5477 3.87201,
	16.5551 3.87016,
	16.5699 3.86416,
	16.5735 3.86416,
	16.574 3.86508,
	16.5749 3.86508,
	16.5782 3.86832,
	16.5828 3.87431,
	16.5874 3.88169,
	16.5897 3.8854,
	16.5905 3.88632,
	16.5905 3.88724,
	16.5916 3.88816,
	16.5916 3.88909,
	16.5925 3.88955,
	16.5925 3.89048,
	16.5966 3.89786,
	16.5985 3.90156,
	16.5993 3.9034,
	16.5993 3.90433,
	16.6035 3.91171,
	16.6054 3.91541,
	16.6063 3.91726,
	16.6063 3.91818,
	16.6073 3.9191,
	16.6082 3.92279,
	16.6091 3.92326,
	16.61 3.92695,
	16.6114 3.9288,
	16.6128 3.93249,
	16.6128 3.93341,
	16.6137 3.93434,
	16.616 3.94172,
	16.6169 3.94265,
	16.6202 3.95003,
	16.6206 3.95189,
	16.6216 3.95281,
	16.6285 3.96759,
	16.6326 3.97497,
	16.6377 3.98975,
	16.6386 3.99713,
	16.6381 4.00452,
	16.6377 4.00822,
	16.6373 4.01006,
	16.6373 4.01099,
	16.6363 4.01191,
	16.6363 4.01376,
	16.6354 4.01468,
	16.635 4.01653,
	16.6299 4.02345,
	16.6262 4.02668,
	16.6188 4.03084,
	16.5892 4.04099,
	16.5856 4.04239,
	16.5837 4.04239,
	16.5818 4.04331,
	16.5745 4.04469,
	16.5597 4.04561,
	16.5559 4.04653,
	16.5412 4.047,
	16.5337 4.047,
	16.5265 4.04607,
	16.5117 4.04239,
	16.5098 4.04239,
	16.5025 4.04007,
	16.5006 4.03961,
	16.4996 4.03961,
	16.4988 4.03869,
	16.4969 4.03869,
	16.496 4.03869,
	16.4954 4.03776,
	16.4881 4.03546,
	16.4862 4.03453,
	16.4854 4.03453,
	16.4844 4.03361,
	16.4808 4.03222,
	16.4674 4.02207,
	16.4603 4.01468,
	16.4557 4.00775,
	16.4549 4.00729,
	16.4549 4.00637,
	16.4507 4.00037,
	16.4489 3.99667,
	16.448 3.99575,
	16.448 3.99483,
	16.4309 3.9662,
	16.4294 3.9625,
	16.4286 3.96159,
	16.4286 3.96066,
	16.4277 3.95974,
	16.4277 3.95882,
	16.4249 3.95511,
	16.423 3.95142,
	16.4221 3.9505,
	16.4221 3.94957,
	16.4198 3.94635,
	16.4189 3.94449,
	16.418 3.94403,
	16.4174 3.94218,
	16.4147 3.9385,
	16.4133 3.93664,
	16.4133 3.93572,
	16.4082 3.9288,
	16.4073 3.92695,
	16.4064 3.92603,
	16.4064 3.9251,
	16.4055 3.92419,
	16.4055 3.92326,
	16.4027 3.92002,
	16.4027 3.9191,
	16.3981 3.91218,
	16.3957 3.90894,
	16.3948 3.90802,
	16.3948 3.9071,
	16.386 3.89232,
	16.3852 3.89048,
	16.3843 3.88955,
	16.3843 3.88862,
	16.3819 3.88494,
	16.381 3.88401,
	16.381 3.88309,
	16.3801 3.88263,
	16.3801 3.88169,
	16.3704 3.86738,
	16.3681 3.86416,
	16.3667 3.86231,
	16.3658 3.86185,
	16.3658 3.86092,
	16.3643 3.86,
	16.3611 3.85677,
	16.3593 3.85539,
	16.3584 3.85447,
	16.3575 3.85447,
	16.3565 3.85353,
	16.3492 3.85169,
	16.3196 3.84708,
	16.3121 3.84568,
	16.3048 3.84522,
	16.2979 3.84384,
	"/>
</Transform>

<Transform dim="0"
 xcoef=" 0 1 0 0 0 0"
 ycoef=" 0 0 1 0 0 0">
<Contour name="d50sp15" hidden="false" closed="true" simplified="true" border="1 0 0" fill="1 0 0" mode="-11"
 points="15.3359 3.03273,
	15.3372 3.02722,
	15.3372 3.02447,
	15.3392 3.01896,
	15.3392 3.01621,
	15.3414 3.0107,
	15.3455 3.00519,
	15.351 3.00175,
	15.362 3.00244,
	15.373 3.00588,
	15.3785 3.00794,
	15.3813 3.00863,
	15.3827 3.00863,
	15.3841 3.01001,
	15.395 3.01484,
	15.4164 3.02929,
	15.4274 3.03825,
	15.4329 3.04237,
	15.4371 3.04651,
	15.4398 3.04788,
	15.4508 3.05684,
	15.4612 3.06441,
	15.4626 3.06578,
	15.457 3.06786,
	15.4543 3.06786,
	15.4514 3.06923,
	15.446 3.06993,
	15.4405 3.07198,
	15.4378 3.07405,
	15.4364 3.07405,
	15.435 3.07542,
	15.4336 3.07542,
	15.4323 3.07681,
	15.4309 3.07681,
	15.4199 3.0837,
	15.4102 3.09127,
	15.4081 3.09265,
	15.3882 3.11124,
	15.3841 3.11606,
	15.3813 3.12157,
	15.3717 3.13259,
	15.3675 3.13809,
	15.3647 3.14086,
	15.3641 3.12983,
	15.3647 3.11881,
	15.3647 3.11331,
	15.3634 3.11193,
	15.3613 3.10642,
	15.3605 3.10367,
	15.3531 3.09265,
	15.3531 3.09127,
	15.3496 3.08713,
	15.3433 3.07612,
	15.3385 3.06511,
	15.3359 3.05408,
	15.3359 3.04307,
	15.3359 3.03755,
	15.3359 3.03481,
	15.3359 3.03342,
	"/>
</Transform>

<Transform dim="0"
 xcoef=" 0 1 0 0 0 0"
 ycoef=" 0 0 1 0 0 0">
<Contour name="d50" hidden="false" closed="true" simplified="true" border="0 0.501961 0.25098" fill="1 0 0" mode="-11"
 points="15.2466 3.35912,
	15.2878 3.3076,
	15.3118 3.28011,
	15.329 3.25264,
	15.353 3.22516,
	15.3633 3.19769,
	15.3668 3.1702,
	15.3599 3.14273,
	15.3599 3.12899,
	15.3805 3.10151,
	15.3874 3.08778,
	15.4148 3.06716,
	15.4423 3.06029,
	15.4559 3.06029,
	15.4801 3.08434,
	15.4938 3.11181,
	15.5179 3.12899,
	15.5282 3.11868,
	15.5282 3.10495,
	15.5282 3.09808,
	15.5213 3.09121,
	15.5213 3.06373,
	15.5179 3.05,
	15.5213 3.03625,
	15.5316 3.02595,
	15.5591 3.01564,
	15.5866 3.01221,
	15.6003 3.01221,
	15.6552 2.99504,
	15.7651 2.9916,
	15.8202 3.00878,
	15.8476 3.01908,
	15.8544 3.02595,
	15.9094 3.05,
	15.9643 3.08091,
	16.0124 3.13242,
	16.0469 3.18738,
	16.064 3.21485,
	16.0742 3.24233,
	16.0742 3.26981,
	16.0742 3.28354,
	16.0846 3.31103,
	16.1051 3.3385,
	16.1327 3.35224,
	16.1465 3.36255,
	16.2014 3.37628,
	16.2289 3.38315,
	16.2425 3.38659,
	16.2563 3.40033,
	16.2632 3.4072,
	16.2734 3.43468,
	16.301 3.45185,
	16.3285 3.47589,
	16.3559 3.47932,
	16.3696 3.48276,
	16.3937 3.50681,
	16.3972 3.53428,
	16.38 3.58923,
	16.3696 3.64419,
	16.3594 3.7541,
	16.3491 3.80905,
	16.3422 3.82279,
	16.3285 3.83653,
	16.301 3.8434,
	16.2461 3.83653,
	16.191 3.83653,
	16.1636 3.83653,
	16.1086 3.85714,
	16.0948 3.86058,
	16.0399 3.85371,
	16.0124 3.84684,
	15.9988 3.85028,
	15.9816 3.87431,
	15.9679 3.92927,
	15.9575 3.95675,
	15.9472 3.96705,
	15.9198 3.97049,
	15.906 3.97049,
	15.8785 3.98766,
	15.8647 4.0014,
	15.8373 4.01513,
	15.8098 4.022,
	15.7548 4.022,
	15.6999 4.01513,
	15.6724 4.00827,
	15.6587 4.00827,
	15.5488 3.96705,
	15.4938 3.943,
	15.4664 3.9224,
	15.4526 3.91554,
	15.4079 3.86058,
	15.3907 3.83309,
	15.3839 3.80562,
	15.3805 3.69571,
	15.3599 3.64076,
	15.3462 3.61328,
	15.329 3.55832,
	15.3221 3.53084,
	15.2706 3.48276,
	15.2637 3.46902,
	15.2637 3.44155,
	15.2637 3.42781,
	15.2568 3.41407,
	15.2568 3.4072,
	15.25 3.40033,
	15.2466 3.37285,
	15.2466 3.36255,
	"/>
</Transform>

<Transform dim="0"
 xcoef=" 0 1 0 0 0 0"
 ycoef=" 0 0 1 0 0 0">
<Contour name="d50sp16" hidden="false" closed="true" simplified="true" border="1 0 0" fill="1 0 0" mode="-11"
 points="15.6847 4.71264,
	15.6875 4.70808,
	15.6887 4.70638,
	15.6932 4.70239,
	15.6955 4.70013,
	15.6984 4.69613,
	15.7001 4.69158,
	15.7006 4.68248,
	15.7006 4.67793,
	15.7018 4.67337,
	15.7018 4.6711,
	15.7035 4.66654,
	15.704 4.66427,
	15.7109 4.65629,
	15.7137 4.65346,
	15.7149 4.65346,
	15.724 4.64719,
	15.7285 4.64492,
	15.7297 4.64492,
	15.7308 4.64377,
	15.7319 4.64377,
	15.7331 4.64264,
	15.7342 4.64264,
	15.7353 4.6415,
	15.7444 4.63866,
	15.7536 4.63808,
	15.7718 4.63979,
	15.773 4.63979,
	15.774 4.64094,
	15.7763 4.64094,
	15.7809 4.64264,
	15.7831 4.64377,
	15.7843 4.64377,
	15.7849 4.64492,
	15.7861 4.64492,
	15.7871 4.64606,
	15.7917 4.64777,
	15.8002 4.65346,
	15.8042 4.65687,
	15.8053 4.65687,
	15.8077 4.65915,
	15.8117 4.66198,
	15.8144 4.66484,
	15.8208 4.67223,
	15.8264 4.68077,
	15.8281 4.68305,
	15.8281 4.68532,
	15.8293 4.6876,
	15.8298 4.6967,
	15.8309 4.70126,
	15.8309 4.71036,
	15.8304 4.71492,
	15.8281 4.71947,
	15.827 4.72403,
	15.8213 4.73313,
	15.8202 4.7354,
	15.8156 4.73825,
	15.8133 4.74053,
	15.8059 4.74622,
	15.8048 4.74736,
	15.8036 4.74736,
	15.7991 4.75019,
	15.7946 4.7519,
	15.7901 4.75247,
	15.7888 4.75362,
	15.7797 4.75476,
	15.7706 4.75476,
	15.7661 4.75476,
	15.7639 4.75476,
	15.7615 4.75362,
	15.7592 4.75362,
	15.7581 4.75247,
	15.7536 4.75305,
	15.7353 4.75077,
	15.7308 4.75019,
	15.7262 4.74849,
	15.724 4.74849,
	15.7228 4.74736,
	15.7183 4.74622,
	15.7097 4.74109,
	15.7058 4.73825,
	15.6972 4.72972,
	15.6932 4.72573,
	15.691 4.72403,
	15.6853 4.71663,
	15.6847 4.71434,
	15.6847 4.71321,
	"/>
</Transform>

<Transform dim="0"
 xcoef=" 0 1 0 0 0 0"
 ycoef=" 0 0 1 0 0 0">
<Contour name="d29p33" hidden="false" closed="true" simplified="false" border="1 0 0" fill="1 0 0" mode="-13"
 points="3.27847 4.34333,
	3.3285 4.34333,
	3.30349 4.38917,
	"/>
</Transform>

<Transform dim="0"
 xcoef=" 0 1 0 0 0 0"
 ycoef=" 0 0 1 0 0 0">
<Contour name="d19sp30" hidden="false" closed="true" simplified="true" border="1 0 0" fill="1 0 0" mode="11"
 points="9.83573 7.96452,
	9.83769 7.9605,
	9.83769 7.95649,
	9.84072 7.94846,
	9.84375 7.94444,
	9.84375 7.94244,
	9.85675 7.9304,
	9.87288 7.91935,
	9.87982 7.91534,
	9.88383 7.91232,
	9.89194 7.90931,
	9.89292 7.90731,
	9.90895 7.90229,
	9.92508 7.90229,
	9.93309 7.90229,
	9.9371 7.90229,
	9.95313 7.90931,
	9.96916 7.91333,
	9.97728 7.91634,
	9.98129 7.91734,
	9.98324 7.91935,
	9.98725 7.91935,
	9.99526 7.92337,
	10.0104 7.92838,
	10.0144 7.92939,
	10.0184 7.9324,
	10.0335 7.93842,
	10.0355 7.94043,
	10.0395 7.94143,
	10.0435 7.94444,
	10.0475 7.94545,
	10.0505 7.94846,
	10.0525 7.94846,
	10.0656 7.9605,
	10.0716 7.96553,
	10.0736 7.96753,
	10.0756 7.96753,
	10.0766 7.96954,
	10.0786 7.96954,
	10.0806 7.97156,
	10.0846 7.97256,
	10.0887 7.97557,
	10.0927 7.97656,
	10.0947 7.97656,
	10.0958 7.97858,
	10.1037 7.98059,
	10.1168 7.99063,
	10.1208 7.99364,
	10.1228 7.99364,
	10.1378 8.00368,
	10.1409 8.00669,
	10.1429 8.00669,
	10.1469 8.0097,
	10.1629 8.01271,
	10.171 8.01572,
	10.175 8.01572,
	10.1911 8.02174,
	10.1991 8.02576,
	10.2021 8.02877,
	10.2042 8.02877,
	10.2081 8.03178,
	10.2121 8.03278,
	10.2151 8.0368,
	10.2172 8.0368,
	10.2242 8.04282,
	10.2282 8.04583,
	10.2303 8.04583,
	10.2312 8.04784,
	10.2393 8.05085,
	10.2474 8.05587,
	10.2493 8.05587,
	10.2503 8.05788,
	10.2543 8.05788,
	10.2613 8.06189,
	10.2764 8.06691,
	10.2804 8.06792,
	10.2834 8.07093,
	10.2915 8.07295,
	10.2924 8.07494,
	10.2964 8.07596,
	10.2974 8.07795,
	10.2995 8.07795,
	10.3145 8.08901,
	10.3166 8.08901,
	10.3245 8.09503,
	10.3276 8.09804,
	10.3297 8.09804,
	10.3326 8.10205,
	10.3366 8.10305,
	10.3396 8.10606,
	10.3436 8.10707,
	10.3558 8.11711,
	10.3627 8.12212,
	10.3657 8.12414,
	10.3688 8.12815,
	10.3707 8.12916,
	10.3717 8.13317,
	10.3767 8.13919,
	10.3797 8.14321,
	10.3808 8.14722,
	10.3808 8.14923,
	10.3838 8.15325,
	10.3898 8.16931,
	10.3918 8.17131,
	10.3949 8.17935,
	10.3968 8.18135,
	10.4018 8.19741,
	10.4039 8.19842,
	10.4058 8.20644,
	10.4099 8.21347,
	10.4109 8.2175,
	10.4109 8.21949,
	10.413 8.22151,
	10.4149 8.22953,
	10.4149 8.23155,
	10.417 8.23356,
	10.4189 8.24159,
	10.4179 8.25765,
	10.408 8.27371,
	10.4058 8.27471,
	10.4058 8.27672,
	10.3909 8.28776,
	10.3747 8.2968,
	10.3587 8.30181,
	10.3427 8.30382,
	10.3265 8.30382,
	10.3185 8.30382,
	10.2865 8.29479,
	10.2794 8.29177,
	10.2754 8.29077,
	10.2604 8.28074,
	10.2533 8.27571,
	10.2513 8.27371,
	10.2493 8.27371,
	10.2412 8.26869,
	10.2382 8.26568,
	10.2343 8.26468,
	10.2322 8.26468,
	10.2242 8.25965,
	10.2161 8.25664,
	10.2121 8.25464,
	10.2101 8.25464,
	10.2081 8.25263,
	10.2002 8.24962,
	10.1991 8.24761,
	10.1951 8.24761,
	10.1911 8.2456,
	10.189 8.24359,
	10.185 8.24259,
	10.182 8.23958,
	10.1781 8.23857,
	10.177 8.23657,
	10.175 8.23657,
	10.168 8.23054,
	10.1659 8.23054,
	10.1579 8.22452,
	10.1559 8.22151,
	10.1539 8.22151,
	10.1469 8.21448,
	10.1439 8.21248,
	10.1368 8.20545,
	10.1288 8.20042,
	10.1248 8.19741,
	10.1238 8.19541,
	10.1219 8.19541,
	10.1138 8.19038,
	10.1107 8.18737,
	10.1088 8.18737,
	10.1077 8.18537,
	10.1057 8.18537,
	10.1017 8.18235,
	10.0977 8.18135,
	10.0947 8.17834,
	10.0907 8.17834,
	10.0766 8.17232,
	10.0726 8.16931,
	10.0686 8.1683,
	10.0666 8.1683,
	10.0626 8.16529,
	10.0606 8.16529,
	10.0565 8.16228,
	10.0525 8.16128,
	10.0505 8.15927,
	10.0485 8.15927,
	10.0465 8.15727,
	10.0385 8.15525,
	10.0234 8.14823,
	10.0214 8.14823,
	10.0134 8.14321,
	10.0094 8.1422,
	10.0064 8.13919,
	10.0023 8.13819,
	10.0003 8.13819,
	9.99927 8.13618,
	9.99126 8.13417,
	9.98324 8.12916,
	9.97923 8.12815,
	9.97728 8.12614,
	9.97327 8.12614,
	9.96516 8.12212,
	9.94913 8.11711,
	9.94512 8.1161,
	9.94111 8.1131,
	9.9371 8.1131,
	9.93407 8.11008,
	9.92606 8.10907,
	9.91002 8.09904,
	9.90299 8.09202,
	9.89996 8.08901,
	9.89898 8.08699,
	9.89487 8.08599,
	9.88187 8.07295,
	9.87884 8.06893,
	9.87689 8.06691,
	9.87689 8.0649,
	9.87288 8.06291,
	9.87288 8.06089,
	9.8678 8.05286,
	9.86477 8.04985,
	9.86477 8.04784,
	9.86183 8.04384,
	9.85978 8.04282,
	9.8588 8.03881,
	9.85372 8.03078,
	9.85079 8.02676,
	9.84971 8.02275,
	9.84678 8.01873,
	9.84678 8.01472,
	9.84473 8.01371,
	9.84375 8.00567,
	9.83769 7.98961,
	9.83573 7.97355,
	9.83573 7.96553,
	"/>
</Transform>

<Transform dim="0"
 xcoef=" 0 1 0 0 0 0"
 ycoef=" 0 0 1 0 0 0">
<Contour name="d19cfa30" hidden="false" closed="false" simplified="false" border="0 1 0" fill="0 1 0" mode="11"
 points="10.192 8.22579,
	10.1101 8.16932,
	"/>
</Transform>

<Transform dim="0"
 xcoef=" 0 1 0 0 0 0"
 ycoef=" 0 0 1 0 0 0">
<Contour name="d19c30" hidden="false" closed="true" simplified="true" border="0 0 1" fill="0 0 1" mode="11"
 points="10.0997 8.19102,
	10.1059 8.169,
	10.1093 8.16348,
	10.1135 8.15935,
	10.119 8.15659,
	10.13 8.15659,
	10.141 8.16074,
	10.1437 8.1621,
	10.1451 8.1621,
	10.148 8.16417,
	10.1506 8.16486,
	10.1555 8.1683,
	10.1575 8.17036,
	10.1603 8.17105,
	10.1652 8.17518,
	10.1678 8.17726,
	10.1692 8.17931,
	10.1747 8.18414,
	10.1754 8.18552,
	10.1768 8.18552,
	10.1878 8.19515,
	10.1968 8.20617,
	10.1968 8.20893,
	10.1981 8.21167,
	10.1981 8.2227,
	10.1975 8.2282,
	10.1968 8.23096,
	10.1906 8.24129,
	10.1906 8.24267,
	10.1871 8.24817,
	10.1824 8.2523,
	10.1768 8.25368,
	10.1658 8.25299,
	10.1603 8.25299,
	10.1493 8.24817,
	10.1437 8.24542,
	10.1424 8.24404,
	10.141 8.24404,
	10.1382 8.24129,
	10.1327 8.23785,
	10.13 8.23716,
	10.1197 8.22958,
	10.1169 8.2289,
	10.1079 8.22201,
	10.1038 8.21649,
	10.1018 8.211,
	10.1004 8.21031,
	10.0997 8.19929,
	10.0997 8.19378,
	10.0997 8.19171,
	"/>
</Transform>

<Transform dim="0"
 xcoef=" 0 1 0 0 0 0"
 ycoef=" 0 0 1 0 0 0">
<Contour name="d09shaft" hidden="true" closed="true" simplified="true" border="1 0.501961 0.25098" fill="0.502 1 0.502" mode="11"
 points="11.6564 4.76203,
	11.6586 4.75299,
	11.6925 4.73264,
	11.7287 4.72133,
	11.7468 4.7168,
	11.7829 4.72359,
	11.801 4.72584,
	11.8734 4.68741,
	11.9458 4.63314,
	11.982 4.606,
	12.0543 4.64445,
	12.1267 4.68967,
	12.1448 4.70098,
	12.1538 4.70776,
	12.1606 4.78012,
	12.1267 4.80951,
	12.1085 4.82309,
	12.0362 4.857,
	12 4.87282,
	11.9277 4.89318,
	11.8914 4.89996,
	11.8192 4.90222,
	11.7829 4.89092,
	11.7649 4.88639,
	11.6925 4.85247,
	11.6834 4.84796,
	11.6699 4.81177,
	11.6608 4.7756,
	11.6564 4.76655,
	11.6564 4.76429,
	"/>
</Transform>

<Transform dim="0"
 xcoef=" 0 1 0 0 0 0"
 ycoef=" 0 0 1 0 0 0">
<Contour name="d09shaft" hidden="true" closed="true" simplified="true" border="1 0.501961 0.25098" fill="0.502 1 0.502" mode="11"
 points="10.6956 3.6498,
	10.742 3.60647,
	10.7854 3.55692,
	10.7977 3.54765,
	10.8473 3.54455,
	10.872 3.54145,
	10.8968 3.53216,
	10.9216 3.53836,
	10.9339 3.54455,
	10.9432 3.56931,
	10.9928 3.61265,
	11.0174 3.63432,
	11.0423 3.64671,
	11.067 3.66528,
	11.0887 3.69004,
	11.098 3.70243,
	11.0949 3.75196,
	11.0732 3.80149,
	10.9773 3.86031,
	10.9278 3.8696,
	10.8782 3.8634,
	10.8535 3.86031,
	10.8039 3.83245,
	10.7854 3.80769,
	10.7637 3.75815,
	10.7513 3.73339,
	10.7048 3.68695,
	10.6987 3.66217,
	10.6956 3.6529,
	"/>
</Transform>

<Transform dim="0"
 xcoef=" 0 1 0 0 0 0"
 ycoef=" 0 0 1 0 0 0">
<Contour name="d09shaft" hidden="true" closed="true" simplified="true" border="1 0.501961 0.25098" fill="0.502 1 0.502" mode="11"
 points="10.3534 4.8194,
	10.3569 4.79179,
	10.3672 4.76416,
	10.3741 4.75036,
	10.4017 4.72275,
	10.457 4.69857,
	10.4708 4.69512,
	10.5261 4.65714,
	10.5709 4.60537,
	10.6262 4.57429,
	10.7367 4.55013,
	10.7918 4.53977,
	10.9024 4.55013,
	10.93 4.57429,
	10.9437 4.5881,
	10.999 4.59846,
	11.0543 4.5881,
	11.0819 4.5812,
	11.0957 4.57774,
	11.1509 4.60192,
	11.2614 4.63298,
	11.3166 4.64678,
	11.3442 4.65714,
	11.3996 4.68822,
	11.4443 4.74346,
	11.5169 4.85393,
	11.5479 4.90917,
	11.5962 5.01964,
	11.6066 5.07488,
	11.61 5.13011,
	11.5998 5.15773,
	11.5479 5.20952,
	11.5204 5.23023,
	11.4651 5.2544,
	11.4098 5.27165,
	11.3823 5.27856,
	11.2717 5.26476,
	11.2165 5.25786,
	11.1613 5.26476,
	11.1337 5.2682,
	11.1199 5.26476,
	11.0646 5.23023,
	10.9542 5.1888,
	10.9264 5.17499,
	10.8161 5.15773,
	10.7608 5.13356,
	10.6504 5.09559,
	10.5398 5.0369,
	10.5123 5.01964,
	10.4985 5.01274,
	10.4915 5.00583,
	10.4915 4.99202,
	10.488 4.98512,
	10.4605 4.97476,
	10.4052 4.92643,
	10.3777 4.90571,
	10.3672 4.89535,
	10.3569 4.86774,
	10.3534 4.84013,
	10.3534 4.82631,
	10.3534 4.82286,
	"/>
</Transform>

<Transform dim="0"
 xcoef=" 0 1 0 0 0 0"
 ycoef=" 0 0 1 0 0 0">
<Contour name="d09sp10" hidden="false" closed="true" simplified="true" border="1 0 0" fill="1 0 0" mode="11"
 points="9.3313 4.3811,
	9.34203 4.36606,
	9.35921 4.35317,
	9.36351 4.35317,
	9.3678 4.34888,
	9.38498 4.34673,
	9.39358 4.34673,
	9.39787 4.35102,
	9.40645 4.35317,
	9.41719 4.3682,
	9.43223 4.37894,
	9.44941 4.38539,
	9.45584 4.39183,
	9.45584 4.40041,
	9.45156 4.409,
	9.43438 4.4176,
	9.42578 4.42405,
	9.42149 4.42405,
	9.4129 4.43049,
	9.39573 4.43263,
	9.36136 4.42619,
	9.34418 4.41545,
	9.33559 4.409,
	9.3313 4.40041,
	9.3313 4.38324,
	"/>
</Transform>

<Transform dim="0"
 xcoef=" 0 1 0 0 0 0"
 ycoef=" 0 0 1 0 0 0">
<Contour name="d09sp12" hidden="false" closed="true" simplified="true" border="1 0 0" fill="1 0 0" mode="11"
 points="11.6564 4.76203,
	11.6586 4.75299,
	11.6925 4.73264,
	11.7287 4.72133,
	11.7468 4.7168,
	11.7829 4.72359,
	11.801 4.72584,
	11.8734 4.68741,
	11.9458 4.63314,
	11.982 4.606,
	12.0543 4.64445,
	12.1267 4.68967,
	12.1448 4.70098,
	12.1538 4.70776,
	12.1606 4.78012,
	12.1267 4.80951,
	12.1085 4.82309,
	12.0362 4.857,
	12 4.87282,
	11.9277 4.89318,
	11.8914 4.89996,
	11.8192 4.90222,
	11.7829 4.89092,
	11.7649 4.88639,
	11.6925 4.85247,
	11.6834 4.84796,
	11.6699 4.81177,
	11.6608 4.7756,
	11.6564 4.76655,
	11.6564 4.76429,
	"/>
</Transform>

<Transform dim="0"
 xcoef=" 0 1 0 0 0 0"
 ycoef=" 0 0 1 0 0 0">
<Contour name="d09sp13" hidden="false" closed="true" simplified="true" border="1 0 0" fill="1 0 0" mode="11"
 points="10.6956 3.6498,
	10.742 3.60647,
	10.7854 3.55692,
	10.7977 3.54765,
	10.8473 3.54455,
	10.872 3.54145,
	10.8968 3.53216,
	10.9216 3.53836,
	10.9339 3.54455,
	10.9432 3.56931,
	10.9928 3.61265,
	11.0174 3.63432,
	11.0423 3.64671,
	11.067 3.66528,
	11.0887 3.69004,
	11.098 3.70243,
	11.0949 3.75196,
	11.0732 3.80149,
	10.9773 3.86031,
	10.9278 3.8696,
	10.8782 3.8634,
	10.8535 3.86031,
	10.8039 3.83245,
	10.7854 3.80769,
	10.7637 3.75815,
	10.7513 3.73339,
	10.7048 3.68695,
	10.6987 3.66217,
	10.6956 3.6529,
	"/>
</Transform>

<Transform dim="0"
 xcoef=" 0 1 0 0 0 0"
 ycoef=" 0 0 1 0 0 0">
<Contour name="d50endob_mvb14" hidden="false" closed="true" simplified="false" border="0 1 0" fill="0 1 0" mode="11"
 points="16.2154 3.7441,
	16.2154 3.74059,
	16.219 3.73706,
	16.2224 3.73706,
	16.2259 3.74059,
	16.2259 3.7441,
	16.2224 3.74762,
	16.219 3.74762,
	"/>
</Transform>

<Transform dim="0"
 xcoef=" 0 1 0 0 0 0"
 ycoef=" 0 0 1 0 0 0">
<Contour name="d50serb15" hidden="false" closed="true" simplified="false" border="1 1 0" fill="1 1 0" mode="-9"
 points="15.4078 3.17187,
	15.4078 3.16291,
	15.4166 3.16291,
	15.4166 3.15396,
	15.4256 3.15396,
	15.4256 3.16291,
	15.4347 3.16291,
	15.4347 3.17187,
	15.4256 3.17187,
	15.4256 3.18083,
	15.4166 3.18083,
	15.4166 3.17187,
	"/>
</Transform>

<Transform dim="0"
 xcoef=" 0 1 0 0 0 0"
 ycoef=" 0 0 1 0 0 0">
<Contour name="d09sah13" hidden="false" closed="true" simplified="false" border="1 0 0" fill="0 1 0" mode="-11"
 points="10.9081 3.74916,
	10.9081 3.73633,
	10.9209 3.73633,
	10.9209 3.72351,
	10.9337 3.72351,
	10.9337 3.73633,
	10.9465 3.73633,
	10.9465 3.74916,
	10.9337 3.74916,
	10.9337 3.76198,
	10.9209 3.76198,
	10.9209 3.74916,
	"/>
</Transform>

<Transform dim="0"
 xcoef=" 0 1 0 0 0 0"
 ycoef=" 0 0 1 0 0 0">
<Contour name="d32endos06_whorl" hidden="false" closed="true" simplified="true" border="1 0.502 0" fill="1 0 0" mode="11"
 points="3.99217 5.8699,
	3.99261 5.86121,
	3.99395 5.85258,
	3.99616 5.84409,
	3.99924 5.83578,
	4.00315 5.82773,
	4.00788 5.81998,
	4.01338 5.81261,
	4.01962 5.80566,
	4.02654 5.79919,
	4.03411 5.79324,
	4.04225 5.78786,
	4.05092 5.78309,
	4.06004 5.77896,
	4.06955 5.7755,
	4.07938 5.77274,
	4.08946 5.7707,
	4.09971 5.7694,
	4.11005 5.76883,
	4.12042 5.76902,
	4.13072 5.76996,
	4.1409 5.77163,
	4.15086 5.77403,
	4.16054 5.77714,
	4.16987 5.78094,
	4.17877 5.7854,
	4.18718 5.79048,
	4.19504 5.79615,
	4.20229 5.80237,
	4.20888 5.80908,
	4.21475 5.81625,
	4.21987 5.82381,
	4.2242 5.83172,
	4.2277 5.83991,
	4.23034 5.84832,
	4.23212 5.85689,
	4.23301 5.86555,
	4.23301 5.87425,
	4.23212 5.88292,
	4.23034 5.89149,
	4.2277 5.8999,
	4.2242 5.90808,
	4.21987 5.91599,
	4.21475 5.92355,
	4.20888 5.93072,
	4.20229 5.93744,
	4.19504 5.94365,
	4.18718 5.94932,
	4.17877 5.9544,
	4.16987 5.95886,
	4.16054 5.96266,
	4.15086 5.96577,
	4.1409 5.96817,
	4.13072 5.96985,
	4.12042 5.97078,
	4.11005 5.97097,
	4.09971 5.97041,
	4.08946 5.9691,
	4.07938 5.96706,
	4.06955 5.9643,
	4.06004 5.96084,
	4.05092 5.95671,
	4.04225 5.95194,
	4.03411 5.94656,
	4.02654 5.94061,
	4.01962 5.93414,
	4.01338 5.92719,
	4.00788 5.91982,
	4.00315 5.91207,
	3.99924 5.90402,
	3.99616 5.89571,
	3.99395 5.88722,
	3.99261 5.87859,
	"/>
</Transform>

<Transform dim="0"
 xcoef=" 0 1 0 0 0 0"
 ycoef=" 0 0 1 0 0 0">
<Image mag="0.00223" contrast="1" brightness="0" red="true" green="true" blue="true"
 src="155____z154.0.tif" />
<Contour name="domain1" hidden="false" closed="true" simplified="false" border="1 0 1" fill="1 0 1" mode="11"
 points="0 0,
	8752 0,
	8752 5074,
	0 5074,
	"/>
</Transform>

<Transform dim="0"
 xcoef=" 0 1 0 0 0 0"
 ycoef=" 0 0 1 0 0 0">
<Contour name="d19ax23" comment="ddh_traced_2018-04-09" hidden="false" closed="true" simplified="true" border="0.502 1 0.502" fill="0.502 1 0.502" mode="11"
 points="9.19039 9.40314,
	9.1959 9.38847,
	9.20323 9.3793,
	9.2179 9.37563,
	9.23258 9.37747,
	9.23991 9.38113,
	9.24725 9.38113,
	9.30594 9.40498,
	9.33345 9.42515,
	9.33712 9.42882,
	9.34078 9.42882,
	9.35362 9.44166,
	9.41048 9.48017,
	9.43799 9.50218,
	9.45266 9.51502,
	9.46367 9.52602,
	9.46917 9.53336,
	9.46917 9.53703,
	9.47834 9.5517,
	9.47834 9.55537,
	9.48201 9.55904,
	9.48567 9.58838,
	9.48017 9.60305,
	9.46733 9.60856,
	9.43799 9.61039,
	9.40864 9.60856,
	9.3793 9.60305,
	9.37196 9.59938,
	9.36463 9.59938,
	9.35729 9.59388,
	9.34262 9.59021,
	9.33528 9.59021,
	9.30594 9.58104,
	9.27659 9.56454,
	9.25458 9.53519,
	9.25092 9.52786,
	9.23808 9.51318,
	9.22891 9.49851,
	9.22524 9.49118,
	9.22157 9.48751,
	9.22157 9.48384,
	9.2124 9.46917,
	9.2069 9.46183,
	9.1959 9.43249,
	9.19039 9.40498,
	"/>
</Transform>

<Transform dim="0"
 xcoef=" 0 1 0 0 0 0"
 ycoef=" 0 0 1 0 0 0">
<Contour name="d09ax19a" comment="ddh_traced_2017.01" hidden="false" closed="true" simplified="true" border="0.501961 1 0.501961" fill="0.501961 1 0.501961" mode="11"
 points="12.8711 3.6394,
	12.8905 3.60476,
	12.9014 3.58744,
	12.9165 3.57229,
	12.9273 3.5593,
	12.9425 3.5463,
	12.9512 3.53764,
	12.9641 3.52682,
	12.9728 3.52249,
	12.988 3.50517,
	13.0031 3.47053,
	13.0118 3.45321,
	13.0161 3.43589,
	13.0356 3.40125,
	13.0443 3.38393,
	13.0507 3.37527,
	13.0507 3.37094,
	13.0984 3.30382,
	13.1049 3.29516,
	13.1049 3.29083,
	13.1287 3.25619,
	13.1373 3.23887,
	13.1503 3.22155,
	13.1547 3.21289,
	13.1633 3.20423,
	13.2088 3.13712,
	13.224 3.1198,
	13.2326 3.11114,
	13.2413 3.10681,
	13.3019 3.04402,
	13.3192 3.02886,
	13.3539 3.00938,
	13.3885 3.00288,
	13.4058 3.00505,
	13.4145 3.00505,
	13.4231 3.00938,
	13.4578 3.01371,
	13.4751 3.00721,
	13.4838 3.00505,
	13.4881 3.00072,
	13.5054 2.99855,
	13.5141 2.99855,
	13.5227 3.00288,
	13.5271 3.00288,
	13.5422 3.01804,
	13.5595 3.05268,
	13.5682 3.08732,
	13.5725 3.10464,
	13.5704 3.13928,
	13.5639 3.1566,
	13.5509 3.17392,
	13.5444 3.18258,
	13.5444 3.18691,
	13.5292 3.20423,
	13.5097 3.23887,
	13.4989 3.27351,
	13.4794 3.30815,
	13.4513 3.34279,
	13.4361 3.36011,
	13.4275 3.36877,
	13.4231 3.37527,
	13.4145 3.38176,
	13.4036 3.39475,
	13.3907 3.41207,
	13.3863 3.42073,
	13.382 3.42506,
	13.382 3.42939,
	13.3777 3.43372,
	13.3777 3.43805,
	13.3668 3.45537,
	13.356 3.52465,
	13.3539 3.5593,
	13.3539 3.57662,
	13.3452 3.61126,
	13.3257 3.6459,
	13.2954 3.67404,
	13.2608 3.69353,
	13.2261 3.71951,
	13.2088 3.73466,
	13.1742 3.75415,
	13.1568 3.76497,
	13.1482 3.76714,
	13.1395 3.77363,
	13.1309 3.7758,
	13.1222 3.78229,
	13.0529 3.80611,
	13.0183 3.80827,
	12.9836 3.80611,
	12.949 3.79528,
	12.9165 3.76497,
	12.8927 3.73033,
	12.8819 3.71301,
	12.8797 3.70435,
	12.8754 3.70002,
	12.8711 3.66538,
	12.8711 3.64806,
	12.8711 3.64157,
	"/>
</Transform>

<Transform dim="0"
 xcoef=" 0 1 0 0 0 0"
 ycoef=" 0 0 1 0 0 0">
<Contour name="d09ax19b" comment="ddh_traced_2017.01" hidden="false" closed="true" simplified="true" border="0.5 0 1" fill="0.5 0 1" mode="11"
 points="9.18523 4.61875,
	9.18942 4.60203,
	9.19987 4.5853,
	9.23123 4.55603,
	9.2626 4.53721,
	9.27096 4.53094,
	9.28769 4.52885,
	9.29605 4.52675,
	9.30441 4.52885,
	9.33787 4.52257,
	9.3546 4.52048,
	9.38805 4.52257,
	9.40478 4.52257,
	9.41314 4.52466,
	9.48005 4.52048,
	9.54696 4.49748,
	9.55532 4.49539,
	9.5595 4.49121,
	9.56368 4.49121,
	9.58041 4.47866,
	9.59714 4.4703,
	9.6055 4.46612,
	9.62223 4.45148,
	9.63059 4.4473,
	9.63477 4.44312,
	9.63896 4.44312,
	9.64314 4.43685,
	9.67241 4.41594,
	9.68914 4.40339,
	9.70586 4.39712,
	9.71423 4.39085,
	9.78114 4.36576,
	9.8125 4.35321,
	9.82086 4.35321,
	9.82504 4.34903,
	9.84177 4.34694,
	9.87523 4.33648,
	9.90868 4.33021,
	9.92541 4.32394,
	9.95886 4.32185,
	9.99231 4.32394,
	10.009 4.32394,
	10.0425 4.3323,
	10.0592 4.34276,
	10.0676 4.35948,
	10.0697 4.37621,
	10.0592 4.40967,
	10.0362 4.44312,
	10.0237 4.45776,
	9.99022 4.48285,
	9.9735 4.49539,
	9.95677 4.50166,
	9.94004 4.51212,
	9.93168 4.51839,
	9.89822 4.53303,
	9.8815 4.54139,
	9.87732 4.54557,
	9.84386 4.55603,
	9.83968 4.56021,
	9.82295 4.56648,
	9.80623 4.57903,
	9.7895 4.5853,
	9.75604 4.6083,
	9.72677 4.63548,
	9.71005 4.65221,
	9.65777 4.71702,
	9.63059 4.74421,
	9.61596 4.75884,
	9.6055 4.7693,
	9.59714 4.77139,
	9.58877 4.77766,
	9.52187 4.79857,
	9.50514 4.80275,
	9.43823 4.80066,
	9.37132 4.79021,
	9.36714 4.79021,
	9.36505 4.78602,
	9.36087 4.78602,
	9.32741 4.76721,
	9.31905 4.76093,
	9.30232 4.75675,
	9.26887 4.73793,
	9.2396 4.71493,
	9.22287 4.70448,
	9.21033 4.68775,
	9.20196 4.67103,
	9.19569 4.66266,
	9.19569 4.65848,
	9.18523 4.64175,
	9.18523 4.62503,
	9.18523 4.62084,
	"/>
</Transform>

<Transform dim="0"
 xcoef=" 0 1 0 0 0 0"
 ycoef=" 0 0 1 0 0 0">
<Contour name="d09ax21a" comment="ddh_traced_2017.01" hidden="false" closed="true" simplified="true" border="1 1 0" fill="1 1 0" mode="11"
 points="11.8119 4.12066,
	11.8193 4.10584,
	11.8471 4.08176,
	11.8508 4.07806,
	11.8545 4.07806,
	11.8582 4.0725,
	11.873 4.0651,
	11.8786 4.05954,
	11.886 4.05769,
	11.8879 4.05398,
	11.9471 4.04102,
	11.9619 4.03917,
	11.9916 4.04102,
	12.0064 4.04102,
	12.0212 4.04472,
	12.0508 4.04658,
	12.0656 4.04658,
	12.0953 4.05213,
	12.2138 4.04843,
	12.3323 4.04843,
	12.362 4.04658,
	12.4805 4.05028,
	12.5398 4.05213,
	12.5472 4.05213,
	12.562 4.05769,
	12.5694 4.05769,
	12.599 4.0688,
	12.6138 4.07621,
	12.6175 4.07621,
	12.6324 4.08917,
	12.6416 4.09843,
	12.6416 4.10214,
	12.6453 4.10584,
	12.6472 4.12066,
	12.6453 4.13547,
	12.6175 4.16325,
	12.612 4.17066,
	12.6083 4.17436,
	12.6083 4.17807,
	12.5898 4.2077,
	12.5842 4.22251,
	12.5786 4.22992,
	12.5768 4.23733,
	12.5731 4.24103,
	12.5731 4.24474,
	12.5509 4.27252,
	12.5361 4.28548,
	12.5305 4.29289,
	12.5231 4.29659,
	12.5194 4.3003,
	12.5157 4.3003,
	12.512 4.304,
	12.5083 4.304,
	12.5046 4.30771,
	12.5009 4.30771,
	12.4712 4.32437,
	12.4564 4.33178,
	12.4268 4.33363,
	12.412 4.33734,
	12.3972 4.33734,
	12.3675 4.33178,
	12.3083 4.33363,
	12.249 4.33919,
	12.1897 4.34104,
	12.1305 4.33548,
	12.0712 4.32623,
	12.0416 4.31697,
	12.0119 4.304,
	11.9823 4.28548,
	11.9675 4.27993,
	11.9601 4.27622,
	11.9564 4.27252,
	11.9527 4.27252,
	11.949 4.26881,
	11.9342 4.26326,
	11.9305 4.25955,
	11.9156 4.254,
	11.8582 4.21881,
	11.8453 4.20399,
	11.836 4.19288,
	11.8304 4.18733,
	11.8286 4.18362,
	11.8323 4.17621,
	11.8323 4.17251,
	11.823 4.15955,
	11.8175 4.15214,
	11.8119 4.13732,
	11.8119 4.12251,
	"/>
</Transform>

<Transform dim="0"
 xcoef=" 0 1 0 0 0 0"
 ycoef=" 0 0 1 0 0 0">
<Contour name="d09ax21b" comment="ddh_traced_2017.01" hidden="false" closed="true" simplified="true" border="1 0.501961 0.752941" fill="1 0.501961 0.752941" mode="11"
 points="9.82054 3.39111,
	9.82654 3.37512,
	9.82953 3.36713,
	9.83053 3.36313,
	9.83853 3.35613,
	9.84053 3.35414,
	9.84053 3.35214,
	9.84453 3.34914,
	9.84653 3.34514,
	9.85452 3.33714,
	9.85852 3.33315,
	9.86152 3.33115,
	9.86452 3.32715,
	9.88051 3.31716,
	9.8875 3.31316,
	9.8915 3.31016,
	9.8935 3.31016,
	9.8955 3.30816,
	9.8975 3.30816,
	9.9005 3.30516,
	9.90249 3.30516,
	9.93248 3.28517,
	9.96446 3.26319,
	9.97246 3.25719,
	9.97945 3.25319,
	9.98345 3.25119,
	9.98545 3.24919,
	10.0174 3.2352,
	10.0334 3.22821,
	10.0414 3.22621,
	10.0454 3.22621,
	10.0614 3.22121,
	10.0934 3.21821,
	10.1094 3.21621,
	10.1414 3.21721,
	10.1733 3.22121,
	10.1893 3.22521,
	10.1973 3.22721,
	10.2013 3.22721,
	10.2173 3.2332,
	10.2193 3.2332,
	10.2213 3.2352,
	10.2373 3.2382,
	10.2533 3.2452,
	10.2553 3.2452,
	10.2593 3.24819,
	10.2753 3.25419,
	10.3073 3.27618,
	10.3213 3.29017,
	10.3253 3.29217,
	10.3532 3.32315,
	10.3632 3.33914,
	10.3682 3.35513,
	10.3702 3.36313,
	10.3692 3.39511,
	10.3652 3.4111,
	10.3622 3.4191,
	10.3602 3.4231,
	10.3602 3.4251,
	10.3492 3.44009,
	10.3353 3.45508,
	10.3273 3.46108,
	10.3253 3.46108,
	10.3093 3.47007,
	10.3013 3.47207,
	10.2973 3.47507,
	10.2893 3.47607,
	10.2873 3.47707,
	10.2553 3.47407,
	10.2533 3.47207,
	10.2373 3.46707,
	10.2213 3.46507,
	10.1893 3.46507,
	10.1574 3.47007,
	10.1494 3.47207,
	10.1454 3.47407,
	10.1134 3.47707,
	10.0974 3.47607,
	10.0934 3.47607,
	10.0894 3.47407,
	10.0574 3.47307,
	9.99344 3.48206,
	9.98545 3.48406,
	9.98145 3.48606,
	9.94947 3.48906,
	9.91749 3.48806,
	9.8855 3.48106,
	9.87751 3.48007,
	9.86152 3.47407,
	9.85752 3.47207,
	9.84153 3.45808,
	9.83453 3.45008,
	9.82754 3.43409,
	9.82454 3.4261,
	9.82354 3.4181,
	9.82054 3.4101,
	9.82054 3.39411,
	9.82054 3.39211,
	"/>
</Transform>

<Transform dim="0"
 xcoef=" 0 1 0 0 0 0"
 ycoef=" 0 0 1 0 0 0">
<Contour name="d09ax22" comment="ddh_traced_2017.01" hidden="false" closed="true" simplified="true" border="0.502 1 0.502" fill="0.502 1 0.502" mode="11"
 points="12.0657 3.32218,
	12.075 3.30091,
	12.079 3.29027,
	12.0856 3.27964,
	12.1055 3.26501,
	12.1082 3.26235,
	12.1109 3.26235,
	12.1255 3.24241,
	12.1321 3.23178,
	12.1348 3.22912,
	12.1348 3.22646,
	12.1374 3.2238,
	12.1388 3.21848,
	12.1414 3.21715,
	12.1534 3.17461,
	12.1574 3.15334,
	12.1587 3.14271,
	12.1614 3.13739,
	12.1614 3.13473,
	12.176 3.11612,
	12.1853 3.10947,
	12.188 3.10947,
	12.1906 3.10681,
	12.2013 3.10416,
	12.2119 3.10416,
	12.2332 3.10017,
	12.2438 3.09751,
	12.2651 3.09751,
	12.2757 3.09751,
	12.281 3.09751,
	12.2863 3.10017,
	12.2917 3.10017,
	12.3129 3.10947,
	12.3236 3.11213,
	12.3262 3.11213,
	12.3289 3.11479,
	12.3342 3.11612,
	12.3555 3.13074,
	12.3754 3.14803,
	12.386 3.15733,
	12.3993 3.17727,
	12.406 3.18791,
	12.4073 3.19323,
	12.4193 3.2145,
	12.4259 3.23577,
	12.4286 3.25704,
	12.4246 3.27831,
	12.4206 3.28894,
	12.4073 3.31021,
	12.3993 3.31952,
	12.394 3.32484,
	12.3794 3.34478,
	12.3767 3.34744,
	12.3767 3.3501,
	12.3621 3.37137,
	12.3568 3.382,
	12.3475 3.39264,
	12.3369 3.39928,
	12.3315 3.40327,
	12.3209 3.40593,
	12.3103 3.41125,
	12.2677 3.41789,
	12.2252 3.41922,
	12.2039 3.41391,
	12.1614 3.39131,
	12.1401 3.38466,
	12.1188 3.38067,
	12.1135 3.37801,
	12.1082 3.37801,
	12.0869 3.36871,
	12.0776 3.3594,
	12.0736 3.35408,
	12.0723 3.34877,
	12.0683 3.34345,
	12.0683 3.33813,
	12.0657 3.33281,
	12.0657 3.32351,
	"/>
</Transform>

<Transform dim="0"
 xcoef=" 0 1 0 0 0 0"
 ycoef=" 0 0 1 0 0 0">
<Contour name="d09ax28b" comment="ddh_traced_2017.01" hidden="false" closed="true" simplified="true" border="1 0 0" fill="1 0 0" mode="11"
 points="12.281 2.71299,
	12.2992 2.65496,
	12.3028 2.64045,
	12.3046 2.6332,
	12.3046 2.62957,
	12.3155 2.61688,
	12.33 2.60781,
	12.3445 2.60418,
	12.3517 2.60056,
	12.3663 2.60237,
	12.3735 2.606,
	12.3771 2.606,
	12.4061 2.62413,
	12.4207 2.63139,
	12.4352 2.64227,
	12.4424 2.64408,
	12.446 2.64771,
	12.4497 2.64771,
	12.4642 2.65678,
	12.4714 2.6604,
	12.4751 2.6604,
	12.4787 2.66403,
	12.4859 2.66403,
	12.4932 2.66766,
	12.5077 2.66947,
	12.5222 2.66766,
	12.5367 2.66222,
	12.544 2.6604,
	12.573 2.63864,
	12.5875 2.62957,
	12.5948 2.62413,
	12.6238 2.61869,
	12.6383 2.61869,
	12.6673 2.62413,
	12.6963 2.64408,
	12.7217 2.66222,
	12.7362 2.67128,
	12.7652 2.68217,
	12.7725 2.68579,
	12.7761 2.68579,
	12.7779 2.68942,
	12.7852 2.68942,
	12.7997 2.69486,
	12.8287 2.69849,
	12.8577 2.69486,
	12.8867 2.69849,
	12.9012 2.70211,
	12.9085 2.70574,
	12.9103 2.70937,
	12.9139 2.70937,
	12.9248 2.72388,
	12.9357 2.73294,
	12.9647 2.75289,
	12.972 2.76015,
	12.9792 2.77465,
	12.981 2.78191,
	12.9847 2.78553,
	12.9883 2.81455,
	12.9883 2.82906,
	12.9865 2.83631,
	12.9738 2.84901,
	12.9593 2.85445,
	12.9302 2.84901,
	12.923 2.84901,
	12.865 2.82543,
	12.8069 2.79279,
	12.7924 2.78735,
	12.7779 2.77828,
	12.7707 2.77284,
	12.7416 2.76196,
	12.7344 2.76196,
	12.7271 2.75833,
	12.6981 2.75652,
	12.6401 2.76921,
	12.6256 2.77103,
	12.6111 2.76921,
	12.6038 2.76921,
	12.5893 2.76377,
	12.5603 2.76559,
	12.5313 2.77284,
	12.5023 2.78372,
	12.4732 2.78553,
	12.4442 2.78009,
	12.4152 2.77828,
	12.3862 2.78009,
	12.3717 2.78553,
	12.3572 2.78735,
	12.3282 2.78009,
	12.3137 2.77284,
	12.2901 2.74564,
	12.2828 2.73294,
	12.281 2.71844,
	12.281 2.71481,
	"/>
</Transform>

<Transform dim="0"
 xcoef=" 0 1 0 0 0 0"
 ycoef=" 0 0 1 0 0 0">
<Contour name="d29ax25" comment="ddh_traced_mar2017" hidden="false" closed="true" simplified="true" border="0 1 1" fill="1 0 0" mode="11"
 points="4.04466 3.86678,
	4.05046 3.83585,
	4.05046 3.82812,
	4.05046 3.82425,
	4.08139 3.79718,
	4.08526 3.78945,
	4.10072 3.78365,
	4.11619 3.78171,
	4.13166 3.78558,
	4.14713 3.78558,
	4.16259 3.78945,
	4.17033 3.79138,
	4.20126 3.81265,
	4.20899 3.81652,
	4.23993 3.84358,
	4.2554 3.85712,
	4.28053 3.87838,
	4.31146 3.89578,
	4.3714 3.93832,
	4.38107 3.95379,
	4.38687 3.95959,
	4.39267 3.99052,
	4.39267 4.00599,
	4.38687 4.02146,
	4.35593 4.03306,
	4.34047 4.03306,
	4.2786 4.02146,
	4.24766 4.01566,
	4.2322 4.00986,
	4.21673 4.00792,
	4.20899 4.00599,
	4.20513 4.00599,
	4.20126 4.00212,
	4.18579 3.99632,
	4.17033 3.98665,
	4.15679 3.97312,
	4.15293 3.96925,
	4.15293 3.96539,
	4.12586 3.94219,
	4.09492 3.92865,
	4.07946 3.92479,
	4.07172 3.92285,
	4.06786 3.92285,
	4.06012 3.91512,
	4.05626 3.91125,
	4.05239 3.89578,
	4.04852 3.89192,
	4.04659 3.87645,
	4.04466 3.86872,
	"/>
</Transform>

<Transform dim="0"
 xcoef=" 0 1 0 0 0 0"
 ycoef=" 0 0 1 0 0 0">
<Contour name="d29ax23" comment="ddh_traced_mar2017" hidden="false" closed="true" simplified="true" border="1 0 1" fill="1 0 0" mode="11"
 points="6.38351 4.34411,
	6.39423 4.32267,
	6.41299 4.30391,
	6.42371 4.29587,
	6.44515 4.28783,
	6.45587 4.27979,
	6.49875 4.26907,
	6.52018 4.26371,
	6.56306 4.26103,
	6.60594 4.24763,
	6.61666 4.24763,
	6.6381 4.23959,
	6.72386 4.24495,
	6.76673 4.24495,
	6.78817 4.24763,
	6.79889 4.24763,
	6.84177 4.22887,
	6.88465 4.21815,
	6.90609 4.21011,
	6.94897 4.186,
	6.97041 4.16992,
	7.01329 4.1592,
	7.03472 4.15652,
	7.05616 4.14848,
	7.06688 4.1458,
	7.07224 4.14044,
	7.09368 4.1324,
	7.11244 4.11364,
	7.11244 4.10828,
	7.1178 4.10292,
	7.1178 4.0922,
	7.12584 4.08148,
	7.12584 4.07612,
	7.16068 4.03324,
	7.19016 3.99036,
	7.20356 3.96892,
	7.22232 3.94749,
	7.2652 3.91801,
	7.28663 3.90461,
	7.29735 3.89925,
	7.30271 3.89389,
	7.30807 3.89389,
	7.31879 3.88585,
	7.32951 3.88317,
	7.34023 3.87513,
	7.36167 3.86709,
	7.40455 3.86441,
	7.49031 3.86977,
	7.57606 3.86977,
	7.66182 3.86441,
	7.7047 3.86441,
	7.74758 3.86977,
	7.79045 3.88049,
	7.81189 3.89389,
	7.81725 3.89389,
	7.85745 3.92337,
	7.86817 3.93409,
	7.87353 3.95552,
	7.87621 3.96624,
	7.87085 3.9716,
	7.87085 3.97696,
	7.83065 4.0118,
	7.81993 4.02252,
	7.80921 4.02788,
	7.80117 4.0386,
	7.79581 4.0386,
	7.79313 4.04396,
	7.7717 4.052,
	7.75026 4.0654,
	7.73954 4.07344,
	7.7181 4.0788,
	7.69666 4.08952,
	7.65378 4.10292,
	7.63234 4.11096,
	7.54658 4.16188,
	7.52782 4.17528,
	7.50639 4.19672,
	7.49031 4.21279,
	7.46887 4.23155,
	7.42599 4.25567,
	7.41527 4.26371,
	7.39383 4.27175,
	7.30807 4.28515,
	7.22232 4.29051,
	7.2116 4.29319,
	7.20088 4.29051,
	7.158 4.29319,
	7.15264 4.29587,
	7.06688 4.29319,
	7.024 4.29587,
	6.98113 4.30391,
	6.95969 4.30927,
	6.93825 4.32267,
	6.92485 4.33607,
	6.90877 4.35483,
	6.88733 4.36823,
	6.80157 4.37627,
	6.79085 4.37895,
	6.78549 4.37895,
	6.74262 4.40843,
	6.72118 4.42719,
	6.71582 4.43523,
	6.69706 4.45667,
	6.67562 4.47274,
	6.6649 4.48346,
	6.64346 4.49418,
	6.63274 4.49686,
	6.62202 4.5049,
	6.6113 4.50758,
	6.60594 4.51294,
	6.59522 4.51026,
	6.57378 4.51294,
	6.5309 4.5049,
	6.50946 4.50222,
	6.46659 4.48614,
	6.45587 4.48346,
	6.43443 4.47006,
	6.41567 4.45131,
	6.39691 4.40843,
	6.39155 4.38699,
	6.38887 4.37627,
	6.39155 4.36555,
	6.38351 4.34679,
	"/>
</Transform>

<Transform dim="0"
 xcoef=" 0 1 0 0 0 0"
 ycoef=" 0 0 1 0 0 0">
<Contour name="d29ax24" comment="ddh_traced_apr2017" hidden="false" closed="true" simplified="true" border="0.501961 1 0.501961" fill="0.501961 1 0.501961" mode="11"
 points="5.49036 3.0324,
	5.49588 3.02504,
	5.49956 3.02504,
	5.50324 3.02135,
	5.51061 3.02135,
	5.51797 3.01767,
	5.54743 3.01399,
	5.60635 3.01399,
	5.63581 3.01215,
	5.65054 3.01031,
	5.68 3.01583,
	5.73891 3.00662,
	5.79783 3.00662,
	5.82729 3.01031,
	5.83465 3.01399,
	5.84202 3.01399,
	5.87148 3.02872,
	5.88621 3.03608,
	5.90646 3.05818,
	5.92119 3.06738,
	5.93592 3.08027,
	5.9396 3.08027,
	5.94697 3.08579,
	5.95433 3.08763,
	5.95801 3.09132,
	5.98747 3.09868,
	6.01693 3.10052,
	6.04639 3.09868,
	6.06112 3.09868,
	6.09058 3.09316,
	6.12003 3.08395,
	6.17895 3.05265,
	6.18448 3.04713,
	6.18816 3.04713,
	6.19184 3.04345,
	6.20657 3.03792,
	6.26549 3.03056,
	6.29495 3.03608,
	6.30231 3.03608,
	6.30599 3.03976,
	6.31336 3.04161,
	6.32072 3.04713,
	6.3244 3.04713,
	6.35386 3.06922,
	6.35755 3.06922,
	6.38332 3.095,
	6.40173 3.12262,
	6.4091 3.13735,
	6.41462 3.14471,
	6.41462 3.14839,
	6.4183 3.15208,
	6.4183 3.15576,
	6.45329 3.21468,
	6.45513 3.22204,
	6.47538 3.24782,
	6.503 3.27359,
	6.51589 3.28648,
	6.52141 3.29385,
	6.51957 3.30857,
	6.51036 3.3233,
	6.50668 3.32883,
	6.49195 3.33435,
	6.49011 3.33803,
	6.46065 3.35092,
	6.44592 3.35645,
	6.44224 3.36013,
	6.41278 3.36933,
	6.38332 3.37486,
	6.35386 3.37302,
	6.3244 3.36749,
	6.30967 3.36381,
	6.30231 3.36013,
	6.29495 3.36013,
	6.26549 3.35092,
	6.25076 3.3454,
	6.24339 3.3454,
	6.18448 3.32146,
	6.16975 3.3141,
	6.14029 3.29016,
	6.11083 3.27912,
	6.10346 3.27543,
	6.09978 3.27543,
	6.0961 3.27175,
	6.08873 3.27175,
	6.08137 3.26807,
	6.07401 3.26807,
	6.07032 3.26439,
	6.06296 3.26439,
	6.0335 3.25518,
	6.00404 3.24229,
	5.99668 3.24045,
	5.99299 3.23677,
	5.93408 3.21468,
	5.91935 3.21283,
	5.91567 3.20915,
	5.85675 3.1981,
	5.82913 3.1889,
	5.82177 3.18522,
	5.81808 3.18522,
	5.8144 3.18153,
	5.80704 3.17969,
	5.79231 3.17049,
	5.77758 3.16496,
	5.77021 3.16496,
	5.75548 3.15944,
	5.72603 3.15392,
	5.7113 3.15392,
	5.65238 3.14103,
	5.63765 3.13919,
	5.57873 3.11709,
	5.54927 3.10605,
	5.53454 3.09684,
	5.52718 3.09316,
	5.49956 3.06738,
	5.49036 3.05265,
	5.49036 3.03792,
	5.49036 3.03424,
	"/>
</Transform>

<Transform dim="0"
 xcoef=" 0 1 0 0 0 0"
 ycoef=" 0 0 1 0 0 0">
<Contour name="d29ax24" comment="ddh_traced_apr2017" hidden="false" closed="true" simplified="true" border="0.501961 1 0.501961" fill="0.501961 1 0.501961" mode="11"
 points="7.47758 3.53858,
	7.48643 3.53083,
	7.49086 3.52752,
	7.49528 3.52641,
	7.49971 3.52309,
	7.5174 3.52088,
	7.52625 3.51977,
	7.56165 3.52309,
	7.59705 3.5242,
	7.61475 3.51867,
	7.62359 3.51645,
	7.65899 3.51867,
	7.69439 3.51645,
	7.71209 3.51535,
	7.72094 3.51203,
	7.75633 3.51092,
	7.77403 3.51203,
	7.79173 3.51535,
	7.80058 3.51756,
	7.83598 3.51535,
	7.87137 3.50761,
	7.88907 3.50429,
	7.92447 3.50761,
	7.94217 3.51092,
	7.95986 3.51092,
	7.96871 3.51092,
	8.00411 3.49876,
	8.03951 3.47995,
	8.0749 3.47,
	8.0926 3.46778,
	8.10145 3.46557,
	8.11915 3.46778,
	8.15455 3.46557,
	8.15897 3.46557,
	8.16782 3.46004,
	8.20322 3.43018,
	8.21207 3.42243,
	8.22977 3.4169,
	8.30056 3.36159,
	8.31826 3.35053,
	8.32268 3.34832,
	8.32489 3.34721,
	8.34259 3.35164,
	8.36029 3.35164,
	8.36914 3.34943,
	8.38684 3.35164,
	8.42224 3.345,
	8.43108 3.34168,
	8.43551 3.33836,
	8.44436 3.33615,
	8.46206 3.32398,
	8.47976 3.31514,
	8.4886 3.3096,
	8.49745 3.30629,
	8.5063 3.30076,
	8.5771 3.28859,
	8.61249 3.28306,
	8.64789 3.27531,
	8.65674 3.2731,
	8.66116 3.27089,
	8.69656 3.26646,
	8.71426 3.26978,
	8.74966 3.28748,
	8.76735 3.29744,
	8.77178 3.30629,
	8.77399 3.31071,
	8.7751 3.31292,
	8.76293 3.33062,
	8.74523 3.34279,
	8.67444 3.37266,
	8.63904 3.38814,
	8.63019 3.39367,
	8.62134 3.39699,
	8.58595 3.43018,
	8.58042 3.43902,
	8.54502 3.46668,
	8.50962 3.48438,
	8.5052 3.48438,
	8.50077 3.4888,
	8.46538 3.49101,
	8.44768 3.49433,
	8.43883 3.49765,
	8.43662 3.49765,
	8.42777 3.50429,
	8.41892 3.5065,
	8.40122 3.51977,
	8.39237 3.5242,
	8.38352 3.53305,
	8.36582 3.543,
	8.35697 3.54743,
	8.33927 3.55959,
	8.32158 3.56955,
	8.31273 3.57397,
	8.29503 3.58614,
	8.28618 3.58946,
	8.26848 3.59167,
	8.25078 3.59167,
	8.23308 3.58946,
	8.22866 3.58946,
	8.22645 3.58725,
	8.20875 3.58504,
	8.1999 3.58393,
	8.1645 3.58614,
	8.12911 3.58393,
	8.09371 3.57951,
	8.05831 3.57729,
	8.04061 3.57619,
	8.03176 3.57729,
	7.99637 3.59499,
	7.97867 3.59942,
	7.96097 3.60716,
	7.94327 3.61269,
	7.90788 3.61601,
	7.87248 3.61601,
	7.83708 3.61158,
	7.80168 3.61048,
	7.78399 3.61158,
	7.74859 3.60937,
	7.71319 3.60163,
	7.70877 3.60052,
	7.70766 3.59942,
	7.69881 3.60052,
	7.55723 3.57619,
	7.52183 3.56955,
	7.50413 3.56513,
	7.49528 3.56181,
	7.48643 3.55628,
	7.48201 3.55185,
	7.47758 3.543,
	7.47758 3.53968,
	"/>
</Transform>

<Transform dim="0"
 xcoef=" 0 1 0 0 0 0"
 ycoef=" 0 0 1 0 0 0">
<Contour name="d09" comment="dch_traced_062019" hidden="false" closed="true" simplified="true" border="1 1 0.501961" fill="1 1 0.501961" mode="11"
 points="10.3496 4.83001,
	10.355 4.80855,
	10.3631 4.78708,
	10.3684 4.77635,
	10.3698 4.75488,
	10.3845 4.73341,
	10.3926 4.72402,
	10.4033 4.71731,
	10.4087 4.71463,
	10.4114 4.71195,
	10.4167 4.71061,
	10.4382 4.69853,
	10.4811 4.66901,
	10.5241 4.64889,
	10.5455 4.63547,
	10.5563 4.62608,
	10.5589 4.62071,
	10.5777 4.59925,
	10.5885 4.58986,
	10.6099 4.58046,
	10.6314 4.5751,
	10.6743 4.56034,
	10.6851 4.55631,
	10.728 4.55497,
	10.7709 4.5496,
	10.7924 4.54155,
	10.8353 4.53216,
	10.8568 4.5335,
	10.8783 4.54021,
	10.8997 4.5496,
	10.9212 4.56302,
	10.9239 4.56571,
	10.9453 4.57376,
	10.9883 4.5751,
	11.0312 4.57107,
	11.0419 4.57107,
	11.0634 4.5751,
	11.0741 4.57644,
	11.16 4.60461,
	11.1707 4.60998,
	11.1922 4.61401,
	11.2351 4.61535,
	11.2566 4.61535,
	11.2673 4.61535,
	11.3103 4.62474,
	11.3317 4.63145,
	11.3425 4.63413,
	11.3639 4.64621,
	11.3747 4.65291,
	11.3921 4.67438,
	11.4216 4.71731,
	11.4471 4.76025,
	11.4753 4.80318,
	11.5062 4.84611,
	11.5317 4.88905,
	11.5384 4.89978,
	11.5437 4.90515,
	11.5692 4.94808,
	11.5894 4.99101,
	11.6028 5.03395,
	11.6108 5.07688,
	11.6108 5.09835,
	11.6041 5.14128,
	11.5987 5.16275,
	11.5867 5.18422,
	11.5826 5.18958,
	11.5773 5.19227,
	11.5343 5.22581,
	11.5129 5.24191,
	11.4914 5.25398,
	11.4699 5.26203,
	11.4592 5.2674,
	11.4163 5.27813,
	11.3304 5.27679,
	11.2875 5.27411,
	11.266 5.27142,
	11.2231 5.27277,
	11.1801 5.27008,
	11.1587 5.26874,
	11.1157 5.25398,
	11.0728 5.23654,
	11.0513 5.22312,
	11.0487 5.22044,
	11.046 5.22044,
	11.0406 5.21642,
	10.9977 5.203,
	10.9869 5.19629,
	10.9843 5.19629,
	10.9789 5.19227,
	10.9574 5.18556,
	10.9467 5.18153,
	10.9413 5.18019,
	10.9386 5.17751,
	10.9279 5.17482,
	10.9064 5.16543,
	10.8635 5.15604,
	10.8206 5.1547,
	10.7991 5.15336,
	10.7132 5.11713,
	10.6703 5.10103,
	10.6274 5.09164,
	10.5844 5.06749,
	10.563 5.0581,
	10.5522 5.05407,
	10.5415 5.04736,
	10.5026 5.00846,
	10.4932 4.99772,
	10.4878 4.99236,
	10.4811 4.98296,
	10.4395 4.95211,
	10.4181 4.93601,
	10.3966 4.92259,
	10.3751 4.90381,
	10.3577 4.88234,
	10.3537 4.87697,
	10.3496 4.85551,
	10.3496 4.83404,
	10.3496 4.83136,
	"/>
</Transform>

</Section>