<?xml version="1.0"?>
<!DOCTYPE Section SYSTEM "section.dtd">

<Section index="181" thickness="0.051" alignLocked="true">
<Transform dim="0"
 xcoef=" 0 1 0 0 0 0"
 ycoef=" 0 0 1 0 0 0">
<Image mag="0.00223" contrast="1" brightness="0" red="true" green="true" blue="true"
 src="179____z178.0.tif" />
<Contour name="domain1" hidden="false" closed="true" simplified="false" border="1 0 1" fill="1 0 1" mode="11"
 points="0 0,
	8752 0,
	8752 5074,
	0 5074,
	"/>
</Transform>

<Transform dim="0"
 xcoef=" 0 1 0 0 0 0"
 ycoef=" 0 0 1 0 0 0">
<Contour name="D68" hidden="false" closed="true" simplified="true" border="0 0.501961 0" fill="0 0.501961 0" mode="13"
 points="6.35964 5.04516,
	6.36609 5.01697,
	6.3848 4.99154,
	6.41395 4.97136,
	6.45069 4.9584,
	6.49141 4.95394,
	6.53212 4.9584,
	6.56886 4.97136,
	6.59802 4.99154,
	6.61673 5.01697,
	6.62318 5.04516,
	6.61673 5.07335,
	6.59802 5.09879,
	6.56886 5.11897,
	6.53212 5.13192,
	6.49141 5.13639,
	6.45069 5.13192,
	6.41395 5.11897,
	6.3848 5.09879,
	"/>
</Transform>

<Transform dim="0"
 xcoef=" 0 1 0 0 0 0"
 ycoef=" 0 0 1 0 0 0">
<Contour name="D09" hidden="false" closed="true" simplified="true" border="0 1 0" fill="0 1 0" mode="13"
 points="10.8546 4.84549,
	10.8601 4.8236,
	10.8759 4.80384,
	10.9005 4.78816,
	10.9316 4.77809,
	10.966 4.77462,
	11.0003 4.77809,
	11.0315 4.78816,
	11.0561 4.80384,
	11.0719 4.8236,
	11.0774 4.84549,
	11.0719 4.8674,
	11.0561 4.88715,
	11.0315 4.90284,
	11.0003 4.91291,
	10.966 4.91637,
	10.9316 4.91291,
	10.9005 4.90284,
	10.8759 4.88715,
	"/>
</Transform>

<Transform dim="0"
 xcoef=" 0 1 0 0 0 0"
 ycoef=" 0 0 1 0 0 0">
<Contour name="D32" hidden="false" closed="true" simplified="true" border="0.5 0 1" fill="0.5 0 1" mode="13"
 points="3.6477 5.61155,
	3.65257 5.5926,
	3.66674 5.57549,
	3.6888 5.56191,
	3.7166 5.5532,
	3.74741 5.55019,
	3.77823 5.5532,
	3.80603 5.56191,
	3.8281 5.57549,
	3.84225 5.5926,
	3.84714 5.61155,
	3.84225 5.63052,
	3.8281 5.64763,
	3.80603 5.66121,
	3.77823 5.66992,
	3.74741 5.67292,
	3.7166 5.66992,
	3.6888 5.66121,
	3.66674 5.64763,
	"/>
</Transform>

<Transform dim="0"
 xcoef=" 0 1 0 0 0 0"
 ycoef=" 0 0 1 0 0 0">
<Contour name="d32p39" hidden="false" closed="true" simplified="false" border="1 0 0" fill="1 0 0" mode="-13"
 points="4.36 5.61393,
	4.39963 5.61393,
	4.37981 5.65026,
	"/>
</Transform>

<Transform dim="0"
 xcoef=" 0 1 0 0 0 0"
 ycoef=" 0 0 1 0 0 0">
<Contour name="d32sp38" hidden="false" closed="true" simplified="true" border="1 0 0" fill="1 0 0" mode="11"
 points="3.43345 6.19733,
	3.44013 6.17954,
	3.44235 6.1751,
	3.45125 6.16731,
	3.45903 6.16175,
	3.47683 6.15952,
	3.51242 6.16397,
	3.53022 6.16953,
	3.5391 6.17175,
	3.54133 6.17398,
	3.54356 6.17398,
	3.55246 6.18289,
	3.56025 6.20068,
	3.56469 6.20958,
	3.57693 6.24517,
	3.58138 6.26296,
	3.5836 6.28075,
	3.58582 6.28965,
	3.58694 6.32525,
	3.58694 6.34304,
	3.5836 6.35194,
	3.58249 6.35639,
	3.56803 6.37085,
	3.55913 6.37307,
	3.52354 6.36973,
	3.50574 6.36195,
	3.50129 6.36084,
	3.48572 6.34749,
	3.48128 6.34415,
	3.47128 6.32747,
	3.46682 6.31857,
	3.46459 6.31413,
	3.46237 6.3119,
	3.45792 6.29411,
	3.45681 6.2852,
	3.44902 6.26741,
	3.4468 6.25852,
	3.44235 6.24961,
	3.43679 6.23182,
	3.43345 6.21403,
	3.43345 6.20512,
	3.43345 6.20068,
	3.43345 6.19846,
	"/>
</Transform>

<Transform dim="0"
 xcoef=" 0 1 0 0 0 0"
 ycoef=" 0 0 1 0 0 0">
<Contour name="d32sp39" hidden="false" closed="true" simplified="true" border="1 0 0" fill="1 0 0" mode="11"
 points="4.41577 5.53262,
	4.4212 5.53195,
	4.44297 5.53534,
	4.44569 5.53603,
	4.46746 5.53398,
	4.47834 5.53262,
	4.48378 5.53262,
	4.48922 5.53398,
	4.49466 5.53671,
	4.49738 5.53807,
	4.49806 5.54351,
	4.49602 5.55439,
	4.49398 5.55984,
	4.49195 5.56256,
	4.49195 5.56392,
	4.48854 5.56936,
	4.4797 5.58024,
	4.47495 5.58433,
	4.47019 5.58976,
	4.46814 5.59248,
	4.46474 5.60338,
	4.46406 5.60474,
	4.4593 5.59386,
	4.45658 5.5884,
	4.45386 5.57752,
	4.45318 5.5748,
	4.43753 5.55372,
	4.43345 5.54896,
	4.42801 5.54351,
	4.41849 5.53534,
	4.41644 5.53331,
	"/>
</Transform>

<Transform dim="0"
 xcoef=" 0 1 0 0 0 0"
 ycoef=" 0 0 1 0 0 0">
<Contour name="d32" hidden="false" closed="true" simplified="true" border="1 0 0" fill="1 0 0" mode="11"
 points="3.38363 5.55108,
	3.38684 5.53831,
	3.38684 5.53512,
	3.39002 5.53352,
	3.39162 5.48245,
	3.39162 5.46968,
	3.39481 5.45691,
	3.39641 5.45053,
	3.40278 5.44415,
	3.40599 5.43776,
	3.42673 5.41382,
	3.43631 5.40425,
	3.44908 5.39626,
	3.45546 5.39147,
	3.45865 5.39147,
	3.46504 5.38509,
	3.46824 5.38509,
	3.49377 5.36753,
	3.49695 5.36753,
	3.54803 5.33242,
	3.5608 5.32604,
	3.56399 5.32285,
	3.56718 5.32285,
	3.56878 5.31965,
	3.59431 5.31168,
	3.64539 5.31007,
	3.74754 5.31168,
	3.79861 5.31168,
	3.82416 5.31486,
	3.84969 5.32443,
	3.85606 5.32604,
	3.85927 5.32604,
	3.86246 5.32922,
	3.88799 5.33401,
	3.91353 5.342,
	3.92629 5.34679,
	3.92949 5.34679,
	3.93268 5.34998,
	3.95821 5.35636,
	3.97099 5.35955,
	3.97736 5.36115,
	3.98056 5.36435,
	3.99333 5.36753,
	4.01887 5.3819,
	4.0444 5.40264,
	4.04919 5.40904,
	4.06197 5.41541,
	4.11144 5.45053,
	4.12421 5.46011,
	4.13697 5.46649,
	4.14336 5.46968,
	4.14655 5.46968,
	4.14815 5.47287,
	4.19922 5.49362,
	4.20561 5.49523,
	4.21199 5.50001,
	4.26306 5.51597,
	4.2886 5.52394,
	4.30137 5.52873,
	4.32691 5.53193,
	4.33329 5.53512,
	4.35883 5.53831,
	4.38436 5.53672,
	4.39714 5.53672,
	4.4099 5.53193,
	4.42267 5.53034,
	4.43544 5.53352,
	4.44661 5.54151,
	4.45299 5.54788,
	4.46736 5.57343,
	4.47215 5.59896,
	4.47374 5.65003,
	4.47374 5.67557,
	4.46895 5.70111,
	4.46576 5.71389,
	4.4514 5.73942,
	4.44661 5.74579,
	4.43863 5.77133,
	4.43384 5.78411,
	4.43065 5.7873,
	4.42586 5.80006,
	4.42108 5.80646,
	4.41629 5.81922,
	4.40831 5.83198,
	4.39553 5.84475,
	4.38277 5.85114,
	4.37 5.86072,
	4.35723 5.86551,
	4.3317 5.86869,
	4.32531 5.87029,
	4.32212 5.87029,
	4.31574 5.87508,
	4.2902 5.88305,
	4.26466 5.88784,
	4.21359 5.89104,
	4.18805 5.89104,
	4.17528 5.89104,
	4.16251 5.89423,
	4.15613 5.89743,
	4.14336 5.89902,
	4.13059 5.90381,
	4.12421 5.90381,
	4.11144 5.9086,
	4.06036 5.91818,
	4.03483 5.92456,
	4.00929 5.92776,
	3.99652 5.93094,
	3.94545 5.92615,
	3.91991 5.92297,
	3.90714 5.92297,
	3.90076 5.91977,
	3.87521 5.91658,
	3.86884 5.91658,
	3.81776 5.89902,
	3.81138 5.89583,
	3.80819 5.89583,
	3.79542 5.88784,
	3.78265 5.88466,
	3.77148 5.87826,
	3.74595 5.87189,
	3.7204 5.86869,
	3.69487 5.86072,
	3.68211 5.85752,
	3.67572 5.85593,
	3.67252 5.85593,
	3.66933 5.85273,
	3.61825 5.83837,
	3.59272 5.83039,
	3.57995 5.824,
	3.55442 5.80485,
	3.54324 5.79687,
	3.53367 5.7857,
	3.52888 5.77932,
	3.52568 5.77612,
	3.52568 5.77293,
	3.5225 5.77133,
	3.5225 5.76815,
	3.51931 5.76495,
	3.51931 5.76175,
	3.5161 5.75857,
	3.51132 5.74579,
	3.50813 5.7426,
	3.50653 5.73622,
	3.50174 5.72984,
	3.50015 5.72345,
	3.49695 5.72345,
	3.48099 5.69792,
	3.46184 5.67557,
	3.45227 5.66439,
	3.44908 5.65802,
	3.42673 5.63727,
	3.40599 5.61333,
	3.39002 5.58938,
	3.38523 5.57662,
	3.38363 5.55267,
	"/>
</Transform>

<Transform dim="0"
 xcoef=" 0 1 0 0 0 0"
 ycoef=" 0 0 1 0 0 0">
<Contour name="D50" hidden="false" closed="true" simplified="true" border="0 1 1" fill="0 1 1" mode="-15"
 points="15.613 3.67975,
	15.617 3.66096,
	15.6285 3.64401,
	15.6464 3.63055,
	15.669 3.62192,
	15.6941 3.61894,
	15.7191 3.62192,
	15.7417 3.63055,
	15.7598 3.64401,
	15.7712 3.66096,
	15.7751 3.67975,
	15.7712 3.69855,
	15.7598 3.71551,
	15.7417 3.72896,
	15.7191 3.7376,
	15.6941 3.74057,
	15.669 3.7376,
	15.6464 3.72896,
	15.6285 3.71551,
	"/>
</Transform>

<Transform dim="0"
 xcoef=" 0 1 0 0 0 0"
 ycoef=" 0 0 1 0 0 0">
<Contour name="d50p18" hidden="false" closed="true" simplified="false" border="1 0 0" fill="1 0 0" mode="-13"
 points="15.3941 4.5153,
	15.3773 4.49847,
	15.3941 4.48164,
	15.4109 4.49847,
	"/>
</Transform>

<Transform dim="0"
 xcoef=" 0 1 0 0 0 0"
 ycoef=" 0 0 1 0 0 0">
<Contour name="d50sp17" hidden="false" closed="true" simplified="true" border="1 0 0" fill="1 0 0" mode="-11"
 points="16.4737 3.27542,
	16.4751 3.2702,
	16.4758 3.26759,
	16.4771 3.26628,
	16.4771 3.26497,
	16.4784 3.26367,
	16.4784 3.26236,
	16.4856 3.25257,
	16.4875 3.24995,
	16.4895 3.24865,
	16.4934 3.24342,
	16.5006 3.23559,
	16.5091 3.22579,
	16.5156 3.21534,
	16.5182 3.21273,
	16.5214 3.2088,
	16.5261 3.20424,
	16.5287 3.20227,
	16.5338 3.20096,
	16.5443 3.20096,
	16.5496 3.20096,
	16.5599 3.19771,
	16.5633 3.19574,
	16.5835 3.18334,
	16.5888 3.18006,
	16.5901 3.17876,
	16.5914 3.17876,
	16.594 3.17681,
	16.5991 3.17484,
	16.6005 3.17484,
	16.6018 3.17353,
	16.6227 3.16766,
	16.6436 3.167,
	16.6488 3.16766,
	16.6691 3.1755,
	16.6789 3.17876,
	16.6802 3.18006,
	16.6815 3.18006,
	16.7024 3.19379,
	16.7076 3.19771,
	16.7102 3.19966,
	16.7115 3.20163,
	16.7207 3.21012,
	16.7226 3.21207,
	16.7226 3.21338,
	16.7272 3.21795,
	16.7305 3.22252,
	16.7403 3.23297,
	16.7501 3.24146,
	16.7546 3.24473,
	16.7599 3.2493,
	16.7651 3.25911,
	16.7651 3.26172,
	16.767 3.26694,
	16.7677 3.26955,
	16.769 3.2702,
	16.769 3.2715,
	16.7729 3.27609,
	16.7742 3.27609,
	16.7749 3.27739,
	16.7762 3.27739,
	16.7815 3.28131,
	16.7827 3.28131,
	16.7879 3.28587,
	16.7951 3.29567,
	16.7951 3.29697,
	16.7964 3.29764,
	16.7984 3.31853,
	16.7984 3.33943,
	16.7964 3.34988,
	16.7951 3.35511,
	16.7938 3.35772,
	16.7938 3.36033,
	16.7925 3.36294,
	16.7925 3.36425,
	16.7912 3.36556,
	16.7906 3.36818,
	16.7847 3.37796,
	16.7742 3.3858,
	16.769 3.38841,
	16.7514 3.40278,
	16.7422 3.40867,
	16.7318 3.41193,
	16.7109 3.4165,
	16.69 3.41977,
	16.6874 3.41977,
	16.6861 3.42108,
	16.6652 3.42433,
	16.6443 3.42564,
	16.6234 3.42499,
	16.5815 3.4165,
	16.5711 3.41259,
	16.5685 3.41193,
	16.5672 3.41193,
	16.5659 3.41063,
	16.5645 3.41063,
	16.5633 3.40932,
	16.5581 3.40801,
	16.5476 3.40278,
	16.5378 3.39625,
	16.5326 3.39233,
	16.5287 3.38972,
	16.5234 3.3858,
	16.5214 3.38449,
	16.5117 3.37535,
	16.5038 3.36686,
	16.496 3.35707,
	16.4946 3.35445,
	16.4928 3.35315,
	16.4861 3.344,
	16.4836 3.33943,
	16.481 3.33682,
	16.481 3.33551,
	16.4797 3.33421,
	16.4797 3.3329,
	16.4784 3.3316,
	16.4784 3.33029,
	16.4771 3.32898,
	16.4758 3.32376,
	16.4758 3.31853,
	16.4745 3.31331,
	16.4737 3.29241,
	16.4737 3.28195,
	16.4737 3.27673,
	16.4737 3.27609,
	"/>
</Transform>

<Transform dim="0"
 xcoef=" 0 1 0 0 0 0"
 ycoef=" 0 0 1 0 0 0">
<Contour name="d50cfa17" hidden="false" closed="false" simplified="false" border="0 1 0" fill="0 1 0" mode="11"
 points="16.5603 3.32088,
	16.5689 3.33397,
	16.5816 3.35312,
	16.5916 3.36875,
	16.6022 3.38088,
	16.6274 3.39875,
	"/>
</Transform>

<Transform dim="0"
 xcoef=" 0 1 0 0 0 0"
 ycoef=" 0 0 1 0 0 0">
<Contour name="d50c17" hidden="false" closed="true" simplified="true" border="0 0 1" fill="0 0 1" mode="11"
 points="16.4832 3.34393,
	16.4877 3.33404,
	16.4893 3.33181,
	16.4934 3.32734,
	16.496 3.32542,
	16.5011 3.32287,
	16.5017 3.32222,
	16.5024 3.32222,
	16.503 3.3216,
	16.5055 3.32128,
	16.5106 3.31936,
	16.5113 3.31936,
	16.5119 3.31871,
	16.5145 3.31777,
	16.5158 3.31744,
	16.5163 3.31744,
	16.5169 3.31681,
	16.5183 3.31681,
	16.5186 3.31616,
	16.5199 3.31616,
	16.5205 3.31553,
	16.5231 3.31488,
	16.5241 3.31426,
	16.5252 3.31426,
	16.5279 3.3133,
	16.5381 3.31137,
	16.5483 3.31106,
	16.5534 3.31202,
	16.5585 3.31362,
	16.5611 3.31457,
	16.5623 3.31488,
	16.5627 3.31553,
	16.5652 3.31649,
	16.5665 3.31681,
	16.5671 3.31744,
	16.5678 3.31744,
	16.5684 3.31809,
	16.5697 3.3184,
	16.5722 3.32,
	16.5735 3.32032,
	16.5757 3.32191,
	16.577 3.32319,
	16.5869 3.33021,
	16.5895 3.33245,
	16.5968 3.34042,
	16.5989 3.34298,
	16.5989 3.34361,
	16.6051 3.35351,
	16.6061 3.35478,
	16.6064 3.35607,
	16.6079 3.35861,
	16.6096 3.36372,
	16.6105 3.36627,
	16.6123 3.3682,
	16.6144 3.37074,
	16.6156 3.37201,
	16.6191 3.37616,
	16.6211 3.3784,
	16.6217 3.37967,
	16.623 3.38063,
	16.623 3.38128,
	16.6236 3.3816,
	16.6236 3.38223,
	16.6255 3.38478,
	16.6278 3.38957,
	16.6287 3.39117,
	16.63 3.39341,
	16.6313 3.39851,
	16.631 3.40361,
	16.6296 3.40616,
	16.6255 3.41032,
	16.6236 3.41222,
	16.623 3.41318,
	16.6217 3.41415,
	16.6201 3.41606,
	16.6182 3.41861,
	16.6172 3.41924,
	16.6165 3.42052,
	16.6123 3.42404,
	16.6112 3.42531,
	16.6105 3.42531,
	16.6057 3.42819,
	16.6032 3.42946,
	16.6019 3.42946,
	16.6006 3.4301,
	16.5903 3.43106,
	16.5853 3.43137,
	16.5802 3.43074,
	16.5776 3.4301,
	16.5764 3.4301,
	16.5751 3.42946,
	16.5649 3.42723,
	16.5623 3.42627,
	16.5611 3.42595,
	16.5603 3.42531,
	16.5579 3.42468,
	16.5553 3.4234,
	16.5547 3.4234,
	16.5544 3.42276,
	16.5537 3.42276,
	16.5531 3.42212,
	16.548 3.41989,
	16.5472 3.41989,
	16.5467 3.41924,
	16.5445 3.41861,
	16.5346 3.41383,
	16.5297 3.41095,
	16.5247 3.40744,
	16.5205 3.40393,
	16.5183 3.40233,
	16.5135 3.39723,
	16.5125 3.39596,
	16.5106 3.39435,
	16.5083 3.39213,
	16.5068 3.3902,
	16.5027 3.38607,
	16.4991 3.3816,
	16.4972 3.37935,
	16.496 3.37744,
	16.4949 3.37649,
	16.4949 3.37584,
	16.4931 3.37329,
	16.4918 3.37106,
	16.4918 3.37043,
	16.4886 3.36531,
	16.4877 3.36276,
	16.487 3.36213,
	16.4851 3.35702,
	16.4851 3.35574,
	16.4835 3.35095,
	16.4832 3.34585,
	16.4832 3.34457,
	16.4832 3.34425,
	"/>
</Transform>

<Transform dim="0"
 xcoef=" 0 1 0 0 0 0"
 ycoef=" 0 0 1 0 0 0">
<Contour name="d50cfa17" hidden="false" closed="true" simplified="true" border="0 1 0" fill="0 1 0" mode="11"
 points="16.4941 3.33947,
	16.4952 3.33691,
	16.4963 3.33564,
	16.5004 3.33276,
	16.503 3.33117,
	16.508 3.32957,
	16.5132 3.32893,
	16.5183 3.32766,
	16.5234 3.32701,
	16.5336 3.32479,
	16.5386 3.3235,
	16.5438 3.32287,
	16.5489 3.32287,
	16.5514 3.32287,
	16.5528 3.3235,
	16.554 3.3235,
	16.5566 3.32447,
	16.5617 3.32798,
	16.5627 3.32925,
	16.5633 3.32989,
	16.5642 3.33245,
	16.5649 3.3334,
	16.5649 3.33404,
	16.5655 3.33468,
	16.5655 3.33532,
	16.5662 3.33596,
	16.5662 3.33659,
	16.5671 3.33787,
	16.5674 3.33914,
	16.5684 3.3401,
	16.5686 3.34138,
	16.5694 3.3417,
	16.5694 3.34234,
	16.57 3.34298,
	16.5703 3.34425,
	16.571 3.34457,
	16.571 3.34521,
	16.5729 3.34776,
	16.5729 3.3484,
	16.5735 3.34872,
	16.5735 3.34936,
	16.5745 3.35063,
	16.5764 3.36086,
	16.577 3.3634,
	16.5776 3.36404,
	16.5776 3.36468,
	16.5796 3.36723,
	16.5802 3.3682,
	16.5815 3.36946,
	16.585 3.37393,
	16.585 3.37457,
	16.5888 3.37872,
	16.5903 3.38063,
	16.5914 3.38128,
	16.5936 3.38383,
	16.5948 3.38511,
	16.5952 3.38574,
	16.5959 3.38574,
	16.6051 3.39245,
	16.6102 3.39531,
	16.6115 3.39596,
	16.612 3.39659,
	16.6128 3.39659,
	16.623 3.40202,
	16.6249 3.40361,
	16.6198 3.40553,
	16.6147 3.40681,
	16.6045 3.40712,
	16.6019 3.40712,
	16.5815 3.40265,
	16.5764 3.40137,
	16.5738 3.40105,
	16.5726 3.40105,
	16.5713 3.40042,
	16.5662 3.39979,
	16.5611 3.39851,
	16.5585 3.39819,
	16.5559 3.39723,
	16.5547 3.39723,
	16.5521 3.39627,
	16.5509 3.39596,
	16.5502 3.39531,
	16.5451 3.39372,
	16.5425 3.39245,
	16.5419 3.3918,
	16.5413 3.3918,
	16.539 3.3902,
	16.5378 3.38925,
	16.5365 3.38893,
	16.5338 3.38701,
	16.5323 3.38574,
	16.5317 3.38574,
	16.5297 3.38383,
	16.5247 3.37967,
	16.5234 3.3784,
	16.5225 3.37777,
	16.5211 3.37649,
	16.5163 3.37298,
	16.5142 3.37043,
	16.51 3.36659,
	16.5083 3.36436,
	16.5065 3.36276,
	16.5059 3.3618,
	16.5046 3.36053,
	16.5014 3.35638,
	16.4985 3.35159,
	16.4966 3.34936,
	16.4946 3.34425,
	16.4941 3.34298,
	16.4941 3.34042,
	16.4941 3.33978,
	"/>
</Transform>

<Transform dim="0"
 xcoef=" 0 1 0 0 0 0"
 ycoef=" 0 0 1 0 0 0">
<Contour name="d50sp18" hidden="false" closed="true" simplified="true" border="1 0 0" fill="1 0 0" mode="-11"
 points="14.9428 4.5708,
	14.9437 4.56752,
	14.9454 4.56588,
	14.947 4.55932,
	14.9503 4.55276,
	14.9593 4.54372,
	14.9807 4.52076,
	14.9912 4.50928,
	15.0036 4.50025,
	15.0093 4.49697,
	15.011 4.49697,
	15.0118 4.49534,
	15.0167 4.49287,
	15.02 4.49205,
	15.0216 4.49041,
	15.034 4.48549,
	15.0404 4.48385,
	15.0422 4.48221,
	15.0455 4.48221,
	15.0471 4.48058,
	15.0537 4.47976,
	15.0569 4.4781,
	15.07 4.47646,
	15.0962 4.47564,
	15.1225 4.47318,
	15.1258 4.47318,
	15.1291 4.47154,
	15.1324 4.47154,
	15.1447 4.46744,
	15.1479 4.46662,
	15.1496 4.46499,
	15.1561 4.46334,
	15.1595 4.46252,
	15.161 4.46088,
	15.1628 4.46088,
	15.1685 4.45596,
	15.1733 4.45268,
	15.1767 4.45022,
	15.1783 4.44776,
	15.1816 4.44447,
	15.1816 4.44283,
	15.1865 4.43791,
	15.189 4.43135,
	15.1914 4.42806,
	15.1923 4.42479,
	15.1939 4.42315,
	15.2013 4.39689,
	15.2037 4.38377,
	15.2045 4.37065,
	15.2054 4.36982,
	15.2079 4.3731,
	15.2086 4.37638,
	15.2112 4.37967,
	15.2112 4.38131,
	15.2127 4.38295,
	15.2144 4.38951,
	15.2161 4.39115,
	15.2161 4.3928,
	15.2176 4.39444,
	15.2226 4.40756,
	15.2292 4.41986,
	15.2317 4.42315,
	15.2317 4.42479,
	15.2333 4.42561,
	15.2333 4.42724,
	15.2348 4.42806,
	15.2358 4.43053,
	15.243 4.44283,
	15.248 4.4494,
	15.2505 4.45268,
	15.2505 4.45432,
	15.2678 4.47976,
	15.2727 4.48467,
	15.2727 4.48631,
	15.2768 4.49205,
	15.2768 4.49369,
	15.2824 4.49943,
	15.2865 4.50599,
	15.2865 4.50763,
	15.2914 4.51255,
	15.2948 4.51831,
	15.3006 4.52487,
	15.3186 4.54948,
	15.321 4.55194,
	15.321 4.55358,
	15.3235 4.55522,
	15.3334 4.5667,
	15.3383 4.5708,
	15.3399 4.57326,
	15.3521 4.58393,
	15.3588 4.58803,
	15.3603 4.59049,
	15.367 4.59624,
	15.3719 4.60033,
	15.3752 4.60197,
	15.3818 4.60771,
	15.4072 4.62495,
	15.4195 4.63315,
	15.4203 4.63479,
	15.422 4.63479,
	15.4285 4.63971,
	15.4514 4.65448,
	15.4645 4.6635,
	15.4769 4.67088,
	15.4827 4.67497,
	15.4835 4.67662,
	15.4851 4.67662,
	15.4974 4.68401,
	15.504 4.68647,
	15.5073 4.68729,
	15.5105 4.68975,
	15.5073 4.69221,
	15.5056 4.69221,
	15.504 4.69385,
	15.4908 4.69631,
	15.4843 4.69713,
	15.481 4.69877,
	15.4776 4.69877,
	15.4514 4.70615,
	15.4383 4.70943,
	15.4121 4.71272,
	15.3859 4.71272,
	15.3793 4.71272,
	15.3662 4.71025,
	15.3629 4.71107,
	15.3613 4.71107,
	15.3596 4.71272,
	15.3531 4.71435,
	15.3465 4.71764,
	15.3449 4.71929,
	15.3431 4.71929,
	15.3424 4.72093,
	15.3408 4.72093,
	15.339 4.72256,
	15.3358 4.72338,
	15.3293 4.72749,
	15.3259 4.72831,
	15.3244 4.72994,
	15.3227 4.72994,
	15.321 4.73158,
	15.3194 4.73158,
	15.3178 4.73322,
	15.3055 4.73896,
	15.2989 4.74143,
	15.2965 4.74389,
	15.2833 4.74964,
	15.2801 4.75046,
	15.2792 4.7521,
	15.276 4.7521,
	15.2628 4.75702,
	15.2596 4.75702,
	15.2464 4.76111,
	15.2202 4.76604,
	15.1939 4.76849,
	15.1677 4.76768,
	15.1414 4.75948,
	15.1397 4.75784,
	15.1275 4.75373,
	15.1209 4.75046,
	15.1176 4.74964,
	15.1144 4.74716,
	15.0889 4.73487,
	15.0872 4.73487,
	15.0807 4.73076,
	15.0775 4.72994,
	15.0766 4.72831,
	15.0504 4.71764,
	15.0487 4.716,
	15.0471 4.716,
	15.0216 4.70205,
	15.0101 4.69549,
	15.0069 4.69385,
	15.0052 4.69221,
	15.0036 4.69221,
	14.9905 4.68483,
	14.9848 4.68154,
	14.9815 4.6799,
	14.9798 4.67826,
	14.9781 4.67826,
	14.9766 4.67662,
	14.9748 4.67662,
	14.9684 4.6717,
	14.965 4.67088,
	14.9593 4.66596,
	14.9568 4.66432,
	14.9552 4.66104,
	14.956 4.65448,
	14.9585 4.64792,
	14.9593 4.64462,
	14.9593 4.64299,
	14.9609 4.64135,
	14.9609 4.63806,
	14.9634 4.6315,
	14.9634 4.62823,
	14.965 4.62495,
	14.965 4.61839,
	14.9658 4.6151,
	14.965 4.61182,
	14.965 4.61018,
	14.9634 4.60853,
	14.9625 4.60525,
	14.9609 4.60362,
	14.9609 4.60197,
	14.956 4.59624,
	14.9544 4.59295,
	14.9486 4.58639,
	14.9445 4.58148,
	14.9428 4.57818,
	14.9428 4.57162,
	"/>
</Transform>

<Transform dim="0"
 xcoef=" 0 1 0 0 0 0"
 ycoef=" 0 0 1 0 0 0">
<Contour name="d50" hidden="false" closed="true" simplified="true" border="0 0.501961 0.25098" fill="1 0 0" mode="-11"
 points="15.1263 4.16485,
	15.1351 4.14129,
	15.1395 4.1354,
	15.1499 4.12804,
	15.1528 4.12509,
	15.1557 4.11331,
	15.1572 4.08975,
	15.1645 4.04262,
	15.1616 4.01905,
	15.1588 4.01611,
	15.1483 3.96899,
	15.147 3.95721,
	15.1483 3.94542,
	15.1528 3.93363,
	15.1616 3.92334,
	15.1676 3.89976,
	15.169 3.89387,
	15.172 3.89093,
	15.172 3.88798,
	15.1926 3.86884,
	15.2029 3.85853,
	15.2029 3.85558,
	15.2073 3.8497,
	15.2162 3.84233,
	15.2191 3.83939,
	15.2308 3.83643,
	15.2427 3.83054,
	15.2545 3.82171,
	15.2589 3.81876,
	15.2707 3.80698,
	15.2795 3.79667,
	15.2854 3.78489,
	15.2928 3.73776,
	15.2956 3.73481,
	15.2956 3.72893,
	15.3031 3.71714,
	15.3133 3.70831,
	15.3178 3.70389,
	15.3207 3.70389,
	15.3399 3.68475,
	15.3502 3.67297,
	15.3604 3.66413,
	15.3679 3.65529,
	15.3796 3.64499,
	15.3944 3.62142,
	15.3973 3.61553,
	15.3973 3.61258,
	15.4003 3.61112,
	15.4091 3.58755,
	15.4106 3.57577,
	15.4253 3.52864,
	15.4282 3.52274,
	15.4282 3.51981,
	15.4312 3.51686,
	15.4327 3.51096,
	15.4415 3.49918,
	15.4415 3.49624,
	15.4459 3.49035,
	15.4533 3.48299,
	15.4768 3.47563,
	15.5004 3.47563,
	15.524 3.48299,
	15.5357 3.4874,
	15.5387 3.4874,
	15.5416 3.49035,
	15.5475 3.49035,
	15.549 3.49329,
	15.5549 3.49329,
	15.5578 3.49624,
	15.6035 3.5095,
	15.627 3.51686,
	15.6329 3.51832,
	15.6359 3.51832,
	15.6388 3.52127,
	15.6624 3.52864,
	15.6742 3.53159,
	15.7213 3.55073,
	15.7331 3.55662,
	15.7448 3.56546,
	15.7478 3.56546,
	15.7493 3.5684,
	15.7522 3.5684,
	15.7625 3.57577,
	15.7729 3.58607,
	15.7802 3.59785,
	15.7831 3.60227,
	15.7934 3.61258,
	15.8008 3.62142,
	15.8111 3.6435,
	15.817 3.65382,
	15.8494 3.69505,
	15.8833 3.73923,
	15.8981 3.76132,
	15.9054 3.77164,
	15.9083 3.77753,
	15.929 3.79962,
	15.9379 3.80993,
	15.9436 3.82171,
	15.9451 3.82761,
	15.9481 3.83054,
	15.9525 3.84233,
	15.9819 3.88946,
	15.9863 3.91302,
	15.9863 3.93658,
	15.9863 3.94836,
	15.9806 3.97193,
	15.979 3.97781,
	15.9702 3.9896,
	15.9687 3.99549,
	15.9657 3.99844,
	15.9569 4.022,
	15.9511 4.04556,
	15.9481 4.05734,
	15.9481 4.06912,
	15.9481 4.07502,
	15.9511 4.08091,
	15.9511 4.0868,
	15.9672 4.13393,
	15.9702 4.14571,
	15.9702 4.1516,
	15.9731 4.15749,
	15.9746 4.16928,
	15.9761 4.17516,
	15.9761 4.1781,
	15.979 4.18106,
	15.979 4.18694,
	15.9863 4.21051,
	15.9908 4.23407,
	15.9938 4.24585,
	15.9938 4.25174,
	15.9967 4.25764,
	16.0071 4.30477,
	16.0159 4.32833,
	16.0159 4.33422,
	16.0187 4.34011,
	16.0232 4.43436,
	16.0187 4.45793,
	16.0115 4.4815,
	16.0099 4.48738,
	16.0099 4.49032,
	16.0071 4.49327,
	15.9996 4.5404,
	15.9967 4.58753,
	15.9938 4.59931,
	15.9878 4.61108,
	15.9775 4.61992,
	15.9628 4.64201,
	15.9599 4.64791,
	15.954 4.6538,
	15.9511 4.65822,
	15.9392 4.66705,
	15.929 4.67883,
	15.9216 4.68767,
	15.9069 4.70976,
	15.9069 4.71271,
	15.8877 4.73332,
	15.8759 4.73626,
	15.8523 4.73626,
	15.8466 4.73626,
	15.8347 4.74068,
	15.8111 4.75836,
	15.8052 4.76277,
	15.7817 4.76719,
	15.7699 4.76719,
	15.7655 4.75541,
	15.7655 4.75246,
	15.7625 4.751,
	15.7581 4.74068,
	15.7522 4.7348,
	15.7493 4.7289,
	15.7375 4.71712,
	15.7272 4.70976,
	15.6801 4.69356,
	15.6683 4.69061,
	15.6565 4.69061,
	15.6447 4.69356,
	15.5976 4.6965,
	15.574 4.6965,
	15.5505 4.69945,
	15.5033 4.69799,
	15.4916 4.69356,
	15.4886 4.69356,
	15.4871 4.69061,
	15.4636 4.68178,
	15.4517 4.67589,
	15.4459 4.67442,
	15.4444 4.67147,
	15.4415 4.67147,
	15.4209 4.65822,
	15.3737 4.6214,
	15.362 4.61256,
	15.3546 4.60372,
	15.3325 4.58753,
	15.3237 4.58017,
	15.3207 4.57574,
	15.2987 4.55365,
	15.2824 4.53451,
	15.2795 4.52861,
	15.2766 4.52715,
	15.2766 4.52419,
	15.2677 4.51537,
	15.2677 4.51241,
	15.2396 4.46823,
	15.2264 4.44467,
	15.2206 4.43288,
	15.2176 4.427,
	15.2176 4.42406,
	15.2147 4.42258,
	15.2147 4.41964,
	15.2103 4.41228,
	15.2059 4.40049,
	15.2029 4.39755,
	15.1999 4.38577,
	15.1941 4.37398,
	15.1866 4.32686,
	15.172 4.27973,
	15.169 4.27678,
	15.1676 4.27089,
	15.1528 4.25027,
	15.1426 4.23996,
	15.1381 4.22818,
	15.1351 4.22524,
	15.1307 4.20167,
	15.1278 4.19873,
	15.1263 4.17516,
	15.1263 4.16928,
	15.1263 4.16633,
	"/>
</Transform>

<Transform dim="0"
 xcoef=" 0 1 0 0 0 0"
 ycoef=" 0 0 1 0 0 0">
<Contour name="d50sp19" hidden="false" closed="true" simplified="true" border="1 0 0" fill="1 0 0" mode="-11"
 points="16.0773 4.89141,
	16.0786 4.88754,
	16.0791 4.88563,
	16.0816 4.88178,
	16.085 4.87888,
	16.0882 4.87792,
	16.0903 4.87696,
	16.0911 4.87696,
	16.0921 4.876,
	16.0941 4.876,
	16.1018 4.87359,
	16.1056 4.87263,
	16.1076 4.87166,
	16.1094 4.87166,
	16.1114 4.87069,
	16.1133 4.87069,
	16.1142 4.86973,
	16.1296 4.86685,
	16.1375 4.86492,
	16.1413 4.86492,
	16.1452 4.86396,
	16.2068 4.86251,
	16.2221 4.86202,
	16.2298 4.86251,
	16.2338 4.86251,
	16.2492 4.86733,
	16.2645 4.86877,
	16.2723 4.86973,
	16.2741 4.87069,
	16.3049 4.87502,
	16.3126 4.87696,
	16.3205 4.87792,
	16.3359 4.87744,
	16.3512 4.87792,
	16.3551 4.87792,
	16.359 4.87888,
	16.3628 4.87888,
	16.3781 4.88129,
	16.382 4.88226,
	16.384 4.88321,
	16.385 4.88321,
	16.3859 4.88418,
	16.3868 4.88418,
	16.3907 4.88659,
	16.398 4.88996,
	16.4018 4.89285,
	16.4057 4.8967,
	16.408 4.90441,
	16.4091 4.90826,
	16.4091 4.91597,
	16.4091 4.91693,
	16.408 4.91789,
	16.4047 4.9256,
	16.4037 4.92753,
	16.4037 4.92849,
	16.4028 4.92945,
	16.4028 4.93042,
	16.4004 4.93427,
	16.399 4.9362,
	16.399 4.93716,
	16.3975 4.9386,
	16.3975 4.93958,
	16.3884 4.95402,
	16.3855 4.95788,
	16.3835 4.96125,
	16.3807 4.96509,
	16.3787 4.96846,
	16.3777 4.96894,
	16.3772 4.97088,
	16.3662 4.9858,
	16.3599 4.99303,
	16.3494 5.00795,
	16.3441 5.01567,
	16.3397 5.02289,
	16.3373 5.02626,
	16.3368 5.02819,
	16.3359 5.02915,
	16.3359 5.03011,
	16.3348 5.03059,
	16.3348 5.03156,
	16.3338 5.03252,
	16.3338 5.03348,
	16.333 5.03445,
	16.333 5.03541,
	16.332 5.03637,
	16.332 5.03734,
	16.331 5.03831,
	16.331 5.03926,
	16.33 5.04023,
	16.3291 5.04408,
	16.3267 5.04746,
	16.3267 5.04841,
	16.3257 5.04938,
	16.3257 5.05034,
	16.3248 5.05131,
	16.3248 5.05228,
	16.3238 5.05323,
	16.3238 5.05419,
	16.3229 5.05467,
	16.3229 5.05565,
	16.3218 5.05661,
	16.3213 5.05853,
	16.32 5.05998,
	16.32 5.06094,
	16.3152 5.06865,
	16.3126 5.0725,
	16.3065 5.07972,
	16.3035 5.08262,
	16.3017 5.08405,
	16.3007 5.08501,
	16.2996 5.08501,
	16.2978 5.08647,
	16.2969 5.08647,
	16.2958 5.08743,
	16.294 5.08791,
	16.291 5.09128,
	16.2896 5.09225,
	16.2834 5.09947,
	16.2805 5.10284,
	16.2785 5.10429,
	16.2761 5.10718,
	16.2688 5.11344,
	16.268 5.1144,
	16.2659 5.11487,
	16.2583 5.11922,
	16.2545 5.12114,
	16.2525 5.12259,
	16.2486 5.12355,
	16.2472 5.12451,
	16.2463 5.12451,
	16.2453 5.12548,
	16.2415 5.12692,
	16.2405 5.12692,
	16.2394 5.12788,
	16.2318 5.13077,
	16.2241 5.1327,
	16.2221 5.1327,
	16.2203 5.13366,
	16.2048 5.13463,
	16.1972 5.13511,
	16.1895 5.13415,
	16.1817 5.13222,
	16.1778 5.13077,
	16.176 5.12981,
	16.1749 5.12981,
	16.1683 5.12403,
	16.1653 5.12114,
	16.163 5.11729,
	16.1614 5.11344,
	16.16 5.09802,
	16.1591 5.09032,
	16.1591 5.08262,
	16.1561 5.05179,
	16.1553 5.03637,
	16.1566 5.03252,
	16.1571 5.03059,
	16.1582 5.02964,
	16.1591 5.02193,
	16.1591 5.02,
	16.1591 5.01904,
	16.1518 5.01567,
	16.1479 5.0147,
	16.1461 5.01422,
	16.1436 5.01181,
	16.1436 5.01085,
	16.1408 5.007,
	16.1398 5.00507,
	16.1388 5.00411,
	16.1388 5.00314,
	16.1365 5.00025,
	16.1278 4.98533,
	16.1249 4.98146,
	16.121 4.97377,
	16.1192 4.96992,
	16.1176 4.96846,
	16.1163 4.96509,
	16.1114 4.95739,
	16.1089 4.95402,
	16.1085 4.95209,
	16.1036 4.94534,
	16.0993 4.93764,
	16.0888 4.92272,
	16.0868 4.91934,
	16.0854 4.91789,
	16.0854 4.91693,
	16.0829 4.91308,
	16.0829 4.91212,
	16.082 4.91115,
	16.082 4.91019,
	16.0811 4.90923,
	16.0801 4.90537,
	16.0791 4.90489,
	16.0773 4.89719,
	16.0773 4.89333,
	16.0773 4.89188,
	"/>
</Transform>

<Transform dim="0"
 xcoef=" 0 1 0 0 0 0"
 ycoef=" 0 0 1 0 0 0">
<Contour name="d09shaft" hidden="true" closed="true" simplified="true" border="1 0.501961 0.25098" fill="0.502 1 0.502" mode="11"
 points="10.3486 4.83465,
	10.357 4.80121,
	10.357 4.79285,
	10.3611 4.78449,
	10.3947 4.76149,
	10.426 4.73433,
	10.4531 4.70088,
	10.4656 4.68416,
	10.4719 4.65071,
	10.4761 4.634,
	10.5075 4.60056,
	10.5743 4.53994,
	10.6413 4.47514,
	10.6579 4.45842,
	10.6663 4.45215,
	10.7333 4.42707,
	10.867 4.41243,
	10.9339 4.43333,
	10.9673 4.44379,
	10.9757 4.44797,
	11.009 4.45006,
	11.0259 4.45424,
	11.1596 4.52112,
	11.1931 4.53785,
	11.26 4.56084,
	11.2934 4.57129,
	11.3018 4.57338,
	11.3707 4.70506,
	11.4355 4.83884,
	11.4501 4.87228,
	11.4585 4.93917,
	11.4607 4.95588,
	11.4292 5.02277,
	11.421 5.03949,
	11.3874 5.06876,
	11.354 5.07921,
	11.3373 5.08339,
	11.3289 5.08547,
	11.262 5.07294,
	11.1952 5.05621,
	11.1617 5.04576,
	11.1283 5.05203,
	11.0948 5.06248,
	11.0781 5.07085,
	11.0112 5.07711,
	10.9778 5.0813,
	10.8439 5.14191,
	10.8272 5.14819,
	10.7939 5.15446,
	10.7855 5.15446,
	10.7521 5.17118,
	10.7353 5.17955,
	10.7269 5.18164,
	10.6601 5.15864,
	10.5931 5.14191,
	10.5598 5.13356,
	10.4928 5.12728,
	10.4595 5.13146,
	10.4428 5.13356,
	10.4344 5.13564,
	10.4176 5.1231,
	10.4155 5.10638,
	10.4176 5.07294,
	10.4113 5.00605,
	10.4092 4.98932,
	10.3883 4.95588,
	10.3758 4.93917,
	10.3591 4.90572,
	10.3549 4.89736,
	10.3507 4.86392,
	10.3486 4.84719,
	10.3486 4.83884,
	10.3486 4.83674,
	"/>
</Transform>

<Transform dim="0"
 xcoef=" 0 1 0 0 0 0"
 ycoef=" 0 0 1 0 0 0">
<Contour name="d09p08" hidden="false" closed="true" simplified="true" border="1 0 0" fill="1 0 0" mode="11"
 points="11.2148 4.62057,
	11.2162 4.61346,
	11.22 4.60706,
	11.2261 4.60197,
	11.2336 4.5987,
	11.242 4.59758,
	11.2504 4.5987,
	11.258 4.60197,
	11.264 4.60706,
	11.2678 4.61346,
	11.2693 4.62057,
	11.2678 4.62767,
	11.264 4.63409,
	11.258 4.63917,
	11.2504 4.64243,
	11.242 4.64357,
	11.2336 4.64243,
	11.2261 4.63917,
	11.22 4.63409,
	"/>
</Transform>

<Transform dim="0"
 xcoef=" 0 1 0 0 0 0"
 ycoef=" 0 0 1 0 0 0">
<Contour name="d09shaft" hidden="true" closed="true" simplified="true" border="1 0.501961 0.25098" fill="0.502 1 0.502" mode="11"
 points="11.3011 4.53755,
	11.3077 4.50249,
	11.3143 4.48498,
	11.3274 4.46744,
	11.3625 4.39732,
	11.3888 4.32721,
	11.3911 4.29216,
	11.3932 4.27463,
	11.3932 4.26588,
	11.4107 4.25272,
	11.4194 4.24615,
	11.4238 4.24177,
	11.4589 4.233,
	11.4676 4.23081,
	11.5027 4.24177,
	11.5378 4.25929,
	11.5554 4.27025,
	11.5706 4.30531,
	11.5773 4.37543,
	11.5794 4.39294,
	11.575 4.46306,
	11.5729 4.48059,
	11.5575 4.51565,
	11.5268 4.55069,
	11.3867 4.55946,
	11.3692 4.55946,
	11.334 4.57261,
	11.3165 4.56384,
	11.3077 4.55946,
	11.3033 4.55508,
	11.3011 4.53975,
	"/>
</Transform>

<Transform dim="0"
 xcoef=" 0 1 0 0 0 0"
 ycoef=" 0 0 1 0 0 0">
<Contour name="d09c08" hidden="false" closed="true" simplified="true" border="0 0 1" fill="1 0 0" mode="11"
 points="11.5466 4.46306,
	11.551 4.45868,
	11.5554 4.44114,
	11.5554 4.43676,
	11.5598 4.43239,
	11.5598 4.39732,
	11.5598 4.38856,
	11.5531 4.37104,
	11.551 4.35351,
	11.551 4.34474,
	11.5598 4.32721,
	11.5598 4.32284,
	11.5662 4.31407,
	11.5729 4.30969,
	11.575 4.30531,
	11.5838 4.30531,
	11.586 4.30969,
	11.6036 4.30969,
	11.6123 4.31407,
	11.6167 4.31846,
	11.6188 4.33598,
	11.6167 4.35351,
	11.61 4.37104,
	11.608 4.4061,
	11.6144 4.42362,
	11.6167 4.44114,
	11.6167 4.44991,
	11.6057 4.48498,
	11.5904 4.49811,
	11.5729 4.49811,
	11.5554 4.48498,
	11.5487 4.4762,
	11.5466 4.46744,
	11.5466 4.46525,
	"/>
</Transform>

<Transform dim="0"
 xcoef=" 0 1 0 0 0 0"
 ycoef=" 0 0 1 0 0 0">
<Contour name="d09cfa08" hidden="false" closed="false" simplified="false" border="0 1 0" fill="0 1 0" mode="11"
 points="11.5688 4.31304,
	11.5753 4.35466,
	11.5753 4.46202,
	"/>
</Transform>

<Transform dim="0"
 xcoef=" 0 1 0 0 0 0"
 ycoef=" 0 0 1 0 0 0">
<Contour name="d09sp08" hidden="false" closed="true" simplified="true" border="1 0 0" fill="1 0 0" mode="11"
 points="11.3011 4.53755,
	11.3077 4.50249,
	11.3143 4.48498,
	11.3274 4.46744,
	11.3625 4.39732,
	11.3888 4.32721,
	11.3911 4.29216,
	11.3932 4.27463,
	11.3932 4.26588,
	11.4107 4.25272,
	11.4194 4.24615,
	11.4238 4.24177,
	11.4589 4.233,
	11.4676 4.23081,
	11.5027 4.24177,
	11.5378 4.25929,
	11.5554 4.27025,
	11.5706 4.30531,
	11.5773 4.37543,
	11.5794 4.39294,
	11.575 4.46306,
	11.5729 4.48059,
	11.5575 4.51565,
	11.5268 4.55069,
	11.3867 4.55946,
	11.3692 4.55946,
	11.334 4.57261,
	11.3165 4.56384,
	11.3077 4.55946,
	11.3033 4.55508,
	11.3011 4.53975,
	"/>
</Transform>

<Transform dim="0"
 xcoef=" 0 1 0 0 0 0"
 ycoef=" 0 0 1 0 0 0">
<Contour name="d50serb18" hidden="false" closed="true" simplified="false" border="1 1 0" fill="1 1 0" mode="-9"
 points="15.3681 4.58967,
	15.3681 4.57279,
	15.385 4.57279,
	15.385 4.55589,
	15.4019 4.55589,
	15.4019 4.57279,
	15.4188 4.57279,
	15.4188 4.58967,
	15.4019 4.58967,
	15.4019 4.60656,
	15.385 4.60656,
	15.385 4.58967,
	"/>
</Transform>

<Transform dim="0"
 xcoef=" 0 1 0 0 0 0"
 ycoef=" 0 0 1 0 0 0">
<Contour name="d09ax19b" comment="ddh_traced_2017.01" hidden="false" closed="true" simplified="true" border="0.5 0 1" fill="0.5 0 1" mode="11"
 points="7.65382 5.00385,
	7.69429 4.93994,
	7.71134 4.92929,
	7.74542 4.91864,
	7.77737 4.89095,
	7.81146 4.87177,
	7.81572 4.87177,
	7.81998 4.86751,
	7.82424 4.86751,
	7.89027 4.82704,
	7.90731 4.81639,
	7.91584 4.81426,
	7.93288 4.80148,
	7.96696 4.78657,
	8.00104 4.76313,
	8.00956 4.74609,
	8.00956 4.74183,
	8.02022 4.72692,
	8.02448 4.7184,
	8.05217 4.68432,
	8.08625 4.66088,
	8.10329 4.65023,
	8.12034 4.64384,
	8.13738 4.63319,
	8.14164 4.63319,
	8.15655 4.61828,
	8.17572 4.5842,
	8.18637 4.55011,
	8.20341 4.51603,
	8.21193 4.50112,
	8.22472 4.48408,
	8.23324 4.46704,
	8.23324 4.46278,
	8.2375 4.45852,
	8.2375 4.45426,
	8.25028 4.43721,
	8.25454 4.43508,
	8.25454 4.43082,
	8.27158 4.41591,
	8.28436 4.40313,
	8.31844 4.37544,
	8.32696 4.36692,
	8.36105 4.34774,
	8.37596 4.33709,
	8.44413 4.31579,
	8.46117 4.30514,
	8.47608 4.29023,
	8.52294 4.22206,
	8.53572 4.20715,
	8.54425 4.19863,
	8.61028 4.15816,
	8.62732 4.14751,
	8.66141 4.13685,
	8.66993 4.13259,
	8.68697 4.13046,
	8.72105 4.11768,
	8.75514 4.10064,
	8.78922 4.07934,
	8.80626 4.06869,
	8.80839 4.06443,
	8.81265 4.06443,
	8.81691 4.06017,
	8.82117 4.06017,
	8.82969 4.05378,
	8.83395 4.04952,
	8.85099 4.04952,
	8.85952 4.04526,
	8.87656 4.04526,
	8.91064 4.05378,
	8.94472 4.07508,
	8.96177 4.09212,
	8.97029 4.09638,
	9.00224 4.12833,
	9.03206 4.15177,
	9.05975 4.18372,
	9.07467 4.2178,
	9.08106 4.25189,
	9.08319 4.26041,
	9.09384 4.27745,
	9.09384 4.28171,
	9.10023 4.29023,
	9.10236 4.29449,
	9.10662 4.29449,
	9.15987 4.35201,
	9.17479 4.36905,
	9.18331 4.38609,
	9.18118 4.40313,
	9.18118 4.41165,
	9.18118 4.41591,
	9.13431 4.48408,
	9.12366 4.50112,
	9.11088 4.5352,
	9.10662 4.55224,
	9.10449 4.62041,
	9.0981 4.65449,
	9.08958 4.67154,
	9.08532 4.68006,
	9.05549 4.71414,
	9.04058 4.73118,
	9.00863 4.75461,
	9.00011 4.761,
	8.99585 4.761,
	8.97881 4.77166,
	8.96177 4.77805,
	8.92768 4.78018,
	8.91064 4.78018,
	8.87656 4.76953,
	8.86804 4.76953,
	8.85952 4.76526,
	8.84247 4.76313,
	8.83395 4.75887,
	8.76579 4.75461,
	8.7317 4.75461,
	8.69762 4.75887,
	8.6891 4.75887,
	8.68058 4.76313,
	8.67206 4.76313,
	8.65502 4.76953,
	8.65076 4.77379,
	8.61667 4.7887,
	8.60815 4.79083,
	8.5762 4.81426,
	8.56768 4.82065,
	8.56342 4.82704,
	8.50377 4.89308,
	8.48034 4.92077,
	8.45052 4.94633,
	8.41643 4.9655,
	8.38235 4.98042,
	8.36531 4.98894,
	8.34827 5.00172,
	8.33975 5.00385,
	8.27371 5.04858,
	8.25667 5.05923,
	8.24176 5.07414,
	8.21619 5.09545,
	8.19915 5.10823,
	8.19063 5.11249,
	8.17359 5.1274,
	8.13951 5.1487,
	8.10542 5.15935,
	8.08838 5.16574,
	8.0543 5.17213,
	8.02022 5.17426,
	8.00317 5.17426,
	7.86684 5.13592,
	7.79867 5.11675,
	7.76459 5.10397,
	7.75607 5.09758,
	7.72199 5.08267,
	7.70495 5.07627,
	7.67086 5.05284,
	7.65808 5.04219,
	7.65382 5.02515,
	7.65382 5.00811,
	7.65382 5.00598,
	"/>
</Transform>

<Transform dim="0"
 xcoef=" 0 1 0 0 0 0"
 ycoef=" 0 0 1 0 0 0">
<Contour name="d09ax21a" comment="ddh_traced_2017.01" hidden="false" closed="true" simplified="true" border="1 1 0" fill="1 1 0" mode="11"
 points="13.0829 3.93606,
	13.0841 3.92644,
	13.0841 3.92163,
	13.0913 3.91321,
	13.0949 3.9084,
	13.1334 3.88555,
	13.1527 3.86992,
	13.1719 3.85188,
	13.1803 3.84226,
	13.2188 3.81941,
	13.2573 3.80257,
	13.2765 3.79776,
	13.2958 3.79055,
	13.3054 3.78694,
	13.3246 3.78333,
	13.3343 3.78213,
	13.3439 3.78333,
	13.3824 3.79656,
	13.4016 3.80377,
	13.4401 3.80979,
	13.4786 3.81219,
	13.4978 3.8146,
	13.5748 3.80858,
	13.6133 3.80738,
	13.6517 3.80858,
	13.6902 3.81219,
	13.7095 3.81821,
	13.7143 3.81941,
	13.7227 3.82662,
	13.7263 3.83624,
	13.7251 3.84105,
	13.7251 3.84346,
	13.7191 3.85308,
	13.7095 3.85909,
	13.6325 3.87713,
	13.594 3.88675,
	13.5844 3.88916,
	13.582 3.88916,
	13.5796 3.89156,
	13.57 3.89517,
	13.5507 3.90599,
	13.5315 3.91321,
	13.5122 3.91682,
	13.5074 3.91922,
	13.5026 3.91922,
	13.493 3.92283,
	13.4545 3.92764,
	13.4353 3.92644,
	13.3968 3.92764,
	13.3583 3.93125,
	13.3391 3.93245,
	13.3294 3.93245,
	13.3198 3.93486,
	13.3102 3.93486,
	13.291 3.94087,
	13.2813 3.94327,
	13.2765 3.94327,
	13.2573 3.95049,
	13.2188 3.97093,
	13.2092 3.97695,
	13.2044 3.98055,
	13.1996 3.98176,
	13.1948 3.98536,
	13.1755 3.99017,
	13.1563 3.99017,
	13.1515 3.99017,
	13.1467 3.98777,
	13.1274 3.98416,
	13.1082 3.97214,
	13.0985 3.96733,
	13.0937 3.96372,
	13.0877 3.9541,
	13.0841 3.94929,
	13.0829 3.93967,
	13.0829 3.93726,
	"/>
</Transform>

<Transform dim="0"
 xcoef=" 0 1 0 0 0 0"
 ycoef=" 0 0 1 0 0 0">
<Contour name="d09ax21b" comment="ddh_traced_2017.01" hidden="false" closed="true" simplified="true" border="1 0.501961 0.752941" fill="1 0.501961 0.752941" mode="11"
 points="10.768 2.53559,
	10.773 2.5196,
	10.781 2.50361,
	10.793 2.48762,
	10.809 2.47762,
	10.824 2.46563,
	10.84 2.45663,
	10.872 2.44264,
	10.9359 2.41965,
	10.9679 2.40766,
	10.9759 2.40566,
	10.9799 2.40466,
	10.9819 2.40266,
	10.9979 2.39967,
	11.0139 2.39467,
	11.0219 2.39267,
	11.0299 2.39267,
	11.0379 2.39067,
	11.0419 2.38967,
	11.0579 2.39067,
	11.0738 2.38867,
	11.0898 2.38467,
	11.1218 2.36968,
	11.1298 2.36568,
	11.1458 2.36069,
	11.1538 2.35769,
	11.1578 2.35769,
	11.1618 2.35569,
	11.1658 2.35569,
	11.1678 2.35369,
	11.1758 2.35169,
	11.1838 2.3467,
	11.1918 2.3437,
	11.2078 2.3297,
	11.2308 2.29772,
	11.2627 2.27474,
	11.2707 2.27074,
	11.3347 2.22276,
	11.3507 2.21077,
	11.3587 2.20477,
	11.3667 2.20178,
	11.3747 2.19578,
	11.3787 2.19278,
	11.3837 2.18479,
	11.3997 2.17179,
	11.4316 2.1498,
	11.4476 2.14381,
	11.4546 2.13881,
	11.4706 2.13281,
	11.5026 2.12582,
	11.5346 2.12282,
	11.5666 2.12282,
	11.5826 2.12482,
	11.5906 2.12682,
	11.6225 2.12682,
	11.6385 2.12782,
	11.6705 2.12582,
	11.6865 2.12482,
	11.7185 2.12582,
	11.7505 2.12882,
	11.7665 2.13082,
	11.7745 2.13281,
	11.7904 2.13281,
	11.8064 2.12682,
	11.8384 2.11882,
	11.8544 2.11382,
	11.8704 2.11283,
	11.9024 2.12382,
	11.9044 2.12382,
	11.9064 2.12582,
	11.9104 2.12582,
	11.9264 2.13181,
	11.9344 2.13381,
	11.9504 2.14281,
	11.9584 2.14681,
	11.9663 2.1538,
	11.9743 2.1568,
	11.9783 2.1578,
	11.9863 2.1648,
	11.9943 2.16879,
	11.9983 2.17179,
	12.0023 2.17279,
	12.0103 2.17779,
	12.0423 2.18479,
	12.0583 2.18678,
	12.0903 2.19478,
	12.0943 2.19478,
	12.0963 2.19678,
	12.1043 2.19678,
	12.1123 2.19878,
	12.1163 2.19878,
	12.1243 2.20178,
	12.1323 2.20178,
	12.1482 2.20577,
	12.1562 2.20577,
	12.1642 2.20777,
	12.1682 2.20977,
	12.1722 2.20977,
	12.1802 2.21277,
	12.2122 2.21677,
	12.2282 2.21877,
	12.2362 2.21877,
	12.2382 2.21877,
	12.2422 2.22176,
	12.2582 2.22476,
	12.2602 2.22476,
	12.2732 2.24075,
	12.3062 2.30472,
	12.3182 2.3367,
	12.3201 2.3447,
	12.3221 2.34869,
	12.3241 2.36469,
	12.3231 2.37268,
	12.3192 2.38068,
	12.3112 2.38567,
	12.3072 2.38767,
	12.3032 2.38767,
	12.2952 2.39067,
	12.2632 2.38767,
	12.1992 2.37768,
	12.1672 2.37368,
	12.1512 2.37268,
	12.1193 2.37468,
	12.1033 2.37768,
	12.0873 2.38367,
	12.0793 2.38667,
	12.0713 2.39167,
	12.0553 2.39767,
	12.0473 2.40166,
	12.0433 2.40166,
	12.0353 2.40466,
	12.0193 2.40666,
	12.0033 2.41066,
	11.9993 2.41066,
	11.9833 2.41566,
	11.9514 2.42965,
	11.9194 2.44164,
	11.9034 2.44864,
	11.8954 2.44964,
	11.8874 2.45264,
	11.8714 2.45364,
	11.8554 2.45763,
	11.8234 2.46263,
	11.7914 2.46563,
	11.7595 2.46563,
	11.7435 2.46463,
	11.7275 2.45963,
	11.7115 2.45663,
	11.6955 2.45563,
	11.6635 2.45064,
	11.6475 2.44964,
	11.6315 2.44564,
	11.6155 2.43864,
	11.6075 2.43365,
	11.5996 2.42665,
	11.5836 2.41766,
	11.5756 2.41366,
	11.5596 2.40866,
	11.5516 2.40566,
	11.5436 2.40866,
	11.5116 2.41066,
	11.4796 2.41466,
	11.4636 2.41766,
	11.4476 2.41766,
	11.4157 2.41266,
	11.4077 2.41166,
	11.4037 2.40866,
	11.3877 2.40466,
	11.3717 2.40366,
	11.3637 2.40166,
	11.3317 2.40266,
	11.3237 2.40266,
	11.2917 2.41166,
	11.2757 2.41766,
	11.2737 2.41766,
	11.2697 2.42065,
	11.2058 2.43665,
	11.1898 2.44064,
	11.1738 2.44164,
	11.1658 2.44364,
	11.1498 2.44464,
	11.1338 2.44864,
	11.1258 2.45164,
	11.0938 2.47063,
	11.0778 2.48062,
	11.0698 2.48462,
	11.0539 2.49561,
	11.0459 2.49961,
	11.0139 2.5246,
	10.9819 2.54758,
	10.9659 2.55758,
	10.9339 2.57257,
	10.9259 2.57657,
	10.9099 2.58156,
	10.9019 2.58456,
	10.8979 2.58456,
	10.8819 2.58956,
	10.85 2.59556,
	10.818 2.59356,
	10.81 2.59256,
	10.794 2.58556,
	10.79 2.58356,
	10.775 2.56757,
	10.77 2.55158,
	10.768 2.54359,
	10.768 2.53659,
	"/>
</Transform>

<Transform dim="0"
 xcoef=" 0 1 0 0 0 0"
 ycoef=" 0 0 1 0 0 0">
<Contour name="d09ax22" comment="ddh_traced_2017.01" hidden="false" closed="true" simplified="true" border="0.502 1 0.502" fill="0.502 1 0.502" mode="11"
 points="12.7024 2.96856,
	12.7038 2.96324,
	12.7038 2.96058,
	12.725 2.94862,
	12.7277 2.94862,
	12.733 2.94463,
	12.7383 2.9433,
	12.741 2.94064,
	12.7463 2.93931,
	12.7476 2.93665,
	12.7583 2.93399,
	12.7636 2.93133,
	12.7663 2.92867,
	12.7689 2.92867,
	12.7902 2.91538,
	12.8327 2.90342,
	12.8753 2.8981,
	12.9603 2.89943,
	12.971 2.90342,
	12.9923 2.90607,
	13.0135 2.91538,
	13.0242 2.92203,
	13.0281 2.92735,
	13.0335 2.93,
	13.0375 2.93532,
	13.0414 2.93798,
	13.0481 2.94862,
	13.0574 2.95925,
	13.0614 2.96989,
	13.0654 2.9752,
	13.0694 2.98584,
	13.0733 2.99116,
	13.072 3.01243,
	13.0694 3.02306,
	13.0561 3.043,
	13.0348 3.0563,
	13.0321 3.0563,
	13.0295 3.05896,
	13.0268 3.05896,
	13.0215 3.06294,
	12.979 3.07757,
	12.9364 3.08687,
	12.8939 3.09086,
	12.8832 3.08953,
	12.8806 3.08953,
	12.8779 3.08687,
	12.8673 3.08421,
	12.8247 3.05896,
	12.7822 3.04566,
	12.7397 3.02306,
	12.7197 3.00445,
	12.7078 2.98318,
	12.7038 2.97786,
	12.7024 2.97254,
	12.7024 2.96989,
	"/>
</Transform>

<Transform dim="0"
 xcoef=" 0 1 0 0 0 0"
 ycoef=" 0 0 1 0 0 0">
<Contour name="d09" comment="dch_traced_062019" hidden="false" closed="true" simplified="true" border="1 1 0.501961" fill="1 1 0.501961" mode="11"
 points="10.3419 4.81635,
	10.3527 4.79168,
	10.3619 4.77935,
	10.3743 4.76701,
	10.3989 4.75314,
	10.4236 4.73618,
	10.4359 4.72384,
	10.4421 4.71768,
	10.4575 4.69301,
	10.4652 4.68068,
	10.4699 4.65601,
	10.4699 4.64368,
	10.4699 4.64059,
	10.4837 4.61592,
	10.4868 4.60976,
	10.4991 4.60205,
	10.5053 4.59742,
	10.53 4.58971,
	10.5423 4.58355,
	10.5546 4.5743,
	10.5731 4.54963,
	10.5886 4.52496,
	10.5963 4.51263,
	10.6194 4.4895,
	10.6317 4.48025,
	10.641 4.46792,
	10.6657 4.44942,
	10.6687 4.44942,
	10.6934 4.43554,
	10.7181 4.42475,
	10.7427 4.41704,
	10.7551 4.41396,
	10.8044 4.41242,
	10.8291 4.40933,
	10.8537 4.40933,
	10.8784 4.41242,
	10.8907 4.4155,
	10.9031 4.42167,
	10.9524 4.43554,
	10.9771 4.44325,
	11.0017 4.44788,
	11.0511 4.46175,
	11.0634 4.46638,
	11.0696 4.46638,
	11.0943 4.47717,
	11.1066 4.48179,
	11.1313 4.49567,
	11.1544 4.51725,
	11.1605 4.52342,
	11.1729 4.53113,
	11.1852 4.53575,
	11.1914 4.53884,
	11.2407 4.54346,
	11.2654 4.545,
	11.2777 4.54655,
	11.2901 4.55426,
	11.3132 4.57738,
	11.3255 4.60205,
	11.3332 4.61438,
	11.3425 4.63905,
	11.3702 4.68839,
	11.3903 4.73772,
	11.4134 4.78706,
	11.418 4.79939,
	11.4458 4.84872,
	11.4627 4.87339,
	11.4704 4.89806,
	11.4704 4.94739,
	11.4612 4.99673,
	11.4519 5.0214,
	11.4458 5.03373,
	11.4427 5.03681,
	11.4427 5.0399,
	11.4242 5.06457,
	11.4134 5.07536,
	11.4103 5.07844,
	11.3856 5.08152,
	11.3733 5.08307,
	11.324 5.07844,
	11.2993 5.07536,
	11.25 5.06457,
	11.2253 5.06148,
	11.213 5.0584,
	11.1636 5.05994,
	11.139 5.06302,
	11.1266 5.06302,
	11.1143 5.06765,
	11.0896 5.07227,
	11.0773 5.0769,
	11.028 5.08307,
	10.9786 5.08307,
	10.954 5.09232,
	10.9416 5.09694,
	10.917 5.09848,
	10.8923 5.10311,
	10.8861 5.10465,
	10.863 5.12315,
	10.8568 5.12778,
	10.8507 5.12932,
	10.8445 5.13394,
	10.8322 5.13857,
	10.8075 5.14319,
	10.7828 5.1509,
	10.7705 5.15707,
	10.7458 5.17403,
	10.7335 5.17711,
	10.7088 5.17711,
	10.7027 5.17711,
	10.6533 5.16015,
	10.6287 5.15244,
	10.5793 5.14165,
	10.5546 5.13086,
	10.53 5.12315,
	10.5176 5.12161,
	10.493 5.12315,
	10.4683 5.13086,
	10.456 5.13394,
	10.4313 5.13086,
	10.4205 5.12007,
	10.4144 5.10773,
	10.4097 5.00906,
	10.4051 4.9844,
	10.3943 4.95973,
	10.3881 4.94739,
	10.3666 4.92273,
	10.3588 4.91039,
	10.3542 4.88573,
	10.3465 4.86106,
	10.3434 4.83639,
	10.3419 4.82406,
	10.3419 4.81789,
	"/>
</Transform>

</Section>