<?xml version="1.0"?>
<!DOCTYPE Section SYSTEM "section.dtd">

<Section index="184" thickness="0.051" alignLocked="true">
<Transform dim="0"
 xcoef=" 0 1 0 0 0 0"
 ycoef=" 0 0 1 0 0 0">
<Contour name="D68" hidden="false" closed="true" simplified="true" border="0 0.501961 0" fill="0 0.501961 0" mode="13"
 points="6.35964 5.04516,
	6.36609 5.01697,
	6.3848 4.99154,
	6.41395 4.97136,
	6.45069 4.9584,
	6.49141 4.95394,
	6.53212 4.9584,
	6.56886 4.97136,
	6.59802 4.99154,
	6.61673 5.01697,
	6.62318 5.04516,
	6.61673 5.07335,
	6.59802 5.09879,
	6.56886 5.11897,
	6.53212 5.13192,
	6.49141 5.13639,
	6.45069 5.13192,
	6.41395 5.11897,
	6.3848 5.09879,
	"/>
</Transform>

<Transform dim="0"
 xcoef=" 0 1 0 0 0 0"
 ycoef=" 0 0 1 0 0 0">
<Contour name="D09" hidden="false" closed="true" simplified="true" border="0 1 0" fill="0 1 0" mode="13"
 points="10.8546 4.84549,
	10.8601 4.8236,
	10.8759 4.80384,
	10.9005 4.78816,
	10.9316 4.77809,
	10.966 4.77462,
	11.0003 4.77809,
	11.0315 4.78816,
	11.0561 4.80384,
	11.0719 4.8236,
	11.0774 4.84549,
	11.0719 4.8674,
	11.0561 4.88715,
	11.0315 4.90284,
	11.0003 4.91291,
	10.966 4.91637,
	10.9316 4.91291,
	10.9005 4.90284,
	10.8759 4.88715,
	"/>
</Transform>

<Transform dim="0"
 xcoef=" 0 1 0 0 0 0"
 ycoef=" 0 0 1 0 0 0">
<Contour name="D32" hidden="false" closed="true" simplified="true" border="0.5 0 1" fill="0.5 0 1" mode="13"
 points="3.6477 5.61155,
	3.65257 5.5926,
	3.66674 5.57549,
	3.6888 5.56191,
	3.7166 5.5532,
	3.74741 5.55019,
	3.77823 5.5532,
	3.80603 5.56191,
	3.8281 5.57549,
	3.84225 5.5926,
	3.84714 5.61155,
	3.84225 5.63052,
	3.8281 5.64763,
	3.80603 5.66121,
	3.77823 5.66992,
	3.74741 5.67292,
	3.7166 5.66992,
	3.6888 5.66121,
	3.66674 5.64763,
	"/>
</Transform>

<Transform dim="0"
 xcoef=" 0 1 0 0 0 0"
 ycoef=" 0 0 1 0 0 0">
<Contour name="d32p39" hidden="false" closed="true" simplified="false" border="1 0 0" fill="1 0 0" mode="-13"
 points="4.34019 5.58751,
	4.37981 5.58751,
	4.36 5.62384,
	"/>
</Transform>

<Transform dim="0"
 xcoef=" 0 1 0 0 0 0"
 ycoef=" 0 0 1 0 0 0">
<Contour name="d32" hidden="false" closed="true" simplified="true" border="1 0 0" fill="1 0 0" mode="11"
 points="3.3531 5.48765,
	3.35866 5.46545,
	3.36004 5.45435,
	3.36698 5.43214,
	3.36976 5.42658,
	3.36976 5.42103,
	3.3767 5.39883,
	3.38086 5.39467,
	3.38225 5.38912,
	3.3989 5.36691,
	3.40862 5.35719,
	3.43083 5.34332,
	3.4336 5.34054,
	3.47801 5.32527,
	3.48911 5.32111,
	3.49467 5.32111,
	3.49744 5.32111,
	3.50021 5.31833,
	3.54463 5.31417,
	3.56684 5.31417,
	3.57794 5.31417,
	3.58905 5.31001,
	3.60987 5.29336,
	3.62096 5.28919,
	3.64317 5.28642,
	3.64871 5.28502,
	3.6515 5.28502,
	3.65705 5.28087,
	3.66815 5.27808,
	3.71256 5.27948,
	3.73476 5.28642,
	3.75697 5.28919,
	3.80139 5.28781,
	3.89021 5.29057,
	3.91242 5.29475,
	3.93463 5.30723,
	3.9374 5.31001,
	3.94018 5.31001,
	3.961 5.32665,
	4.00124 5.35303,
	4.00402 5.35581,
	4.00957 5.35719,
	4.01512 5.36136,
	4.03595 5.36968,
	4.03732 5.37246,
	4.04844 5.37524,
	4.05814 5.38079,
	4.08034 5.38772,
	4.08591 5.38912,
	4.08867 5.39189,
	4.11088 5.39883,
	4.11644 5.40021,
	4.12199 5.40438,
	4.12754 5.40438,
	4.14974 5.4127,
	4.15529 5.41688,
	4.16084 5.41826,
	4.16363 5.42103,
	4.17472 5.42382,
	4.18027 5.42797,
	4.19138 5.43214,
	4.21081 5.45157,
	4.23302 5.46684,
	4.24273 5.47377,
	4.26355 5.4932,
	4.27327 5.50014,
	4.28436 5.50432,
	4.28991 5.50708,
	4.2927 5.50708,
	4.29547 5.50987,
	4.31767 5.51541,
	4.36209 5.51681,
	4.38429 5.51681,
	4.4065 5.52374,
	4.41205 5.52652,
	4.41622 5.53207,
	4.42592 5.53901,
	4.43148 5.54316,
	4.44536 5.56399,
	4.44953 5.57509,
	4.45091 5.59729,
	4.44953 5.6084,
	4.44259 5.61951,
	4.4398 5.62227,
	4.43565 5.64448,
	4.43286 5.6889,
	4.42732 5.7111,
	4.41066 5.73331,
	4.40372 5.74441,
	4.3607 5.78466,
	4.35376 5.79021,
	4.34266 5.79438,
	4.33711 5.79715,
	4.33433 5.79715,
	4.32878 5.80131,
	4.30658 5.80686,
	4.26216 5.81242,
	4.25106 5.81658,
	4.24828 5.81658,
	4.22608 5.82908,
	4.21498 5.83463,
	4.20941 5.83602,
	4.20248 5.84017,
	4.19138 5.84711,
	4.1886 5.84711,
	4.18305 5.85266,
	4.16084 5.8596,
	4.14974 5.86238,
	4.10533 5.88181,
	4.08452 5.88875,
	4.0637 5.90402,
	4.05259 5.90957,
	4.03039 5.91234,
	4.00818 5.91234,
	3.96377 5.89708,
	3.94157 5.89014,
	3.93878 5.89014,
	3.9374 5.88735,
	3.92629 5.88735,
	3.90409 5.89429,
	3.89299 5.89708,
	3.88744 5.89847,
	3.88466 5.90124,
	3.86246 5.90957,
	3.85135 5.91651,
	3.82914 5.92483,
	3.78473 5.92622,
	3.74033 5.92483,
	3.69591 5.91789,
	3.68481 5.91373,
	3.68203 5.91373,
	3.68064 5.91096,
	3.65844 5.90402,
	3.64733 5.90124,
	3.63623 5.89569,
	3.61402 5.88875,
	3.5932 5.87765,
	3.55296 5.84989,
	3.54186 5.84296,
	3.50021 5.80548,
	3.4808 5.78605,
	3.47107 5.77772,
	3.45719 5.75691,
	3.45442 5.75134,
	3.45442 5.74579,
	3.45164 5.74302,
	3.44193 5.72082,
	3.43638 5.70971,
	3.41973 5.6889,
	3.41833 5.68335,
	3.41417 5.68057,
	3.3989 5.65837,
	3.39336 5.65281,
	3.39196 5.64726,
	3.38502 5.63615,
	3.38086 5.62506,
	3.3767 5.62089,
	3.37254 5.60978,
	3.37114 5.60424,
	3.36837 5.60146,
	3.36837 5.59869,
	3.3656 5.59729,
	3.35588 5.55289,
	3.3531 5.50847,
	3.3531 5.49738,
	3.3531 5.49182,
	3.3531 5.48904,
	"/>
</Transform>

<Transform dim="0"
 xcoef=" 0 1 0 0 0 0"
 ycoef=" 0 0 1 0 0 0">
<Contour name="D50" hidden="false" closed="true" simplified="true" border="0 1 1" fill="0 1 1" mode="-15"
 points="15.563 4.24981,
	15.567 4.23101,
	15.5785 4.21406,
	15.5964 4.20061,
	15.619 4.19197,
	15.6441 4.18898,
	15.6691 4.19197,
	15.6917 4.20061,
	15.7097 4.21406,
	15.7212 4.23101,
	15.7252 4.24981,
	15.7212 4.2686,
	15.7097 4.28555,
	15.6917 4.299,
	15.6691 4.30764,
	15.6441 4.31062,
	15.619 4.30764,
	15.5964 4.299,
	15.5785 4.28555,
	"/>
</Transform>

<Transform dim="0"
 xcoef=" 0 1 0 0 0 0"
 ycoef=" 0 0 1 0 0 0">
<Contour name="d50p19" hidden="false" closed="true" simplified="false" border="1 0 0" fill="1 0 0" mode="-13"
 points="15.8749 4.77013,
	15.9037 4.77013,
	15.8894 4.79658,
	"/>
</Transform>

<Transform dim="0"
 xcoef=" 0 1 0 0 0 0"
 ycoef=" 0 0 1 0 0 0">
<Contour name="d50sp18" hidden="false" closed="true" simplified="true" border="1 0 0" fill="1 0 0" mode="-11"
 points="14.9332 4.57296,
	14.9366 4.55108,
	14.9441 4.52923,
	14.9475 4.51897,
	14.9489 4.5176,
	14.951 4.51214,
	14.953 4.5094,
	14.953 4.50804,
	14.9544 4.50668,
	14.9564 4.5012,
	14.9571 4.49847,
	14.9585 4.49711,
	14.9605 4.49164,
	14.9653 4.48685,
	14.9674 4.49233,
	14.9674 4.49369,
	14.9688 4.49505,
	14.97 4.50053,
	14.9715 4.50325,
	14.9729 4.50462,
	14.9729 4.50599,
	14.9741 4.50735,
	14.9741 4.5101,
	14.983 4.53128,
	14.9859 4.53673,
	14.9871 4.5381,
	14.9885 4.54358,
	14.9919 4.54904,
	14.9941 4.55451,
	14.9947 4.55724,
	14.996 4.55793,
	14.996 4.56065,
	14.9975 4.56134,
	14.9994 4.56681,
	15.0001 4.56954,
	15.0015 4.57091,
	15.0015 4.57228,
	15.0036 4.57432,
	15.0042 4.57706,
	15.0111 4.588,
	15.0138 4.59209,
	15.0152 4.59482,
	15.0166 4.5962,
	15.0166 4.59757,
	15.0179 4.59892,
	15.0179 4.60029,
	15.022 4.60507,
	15.0248 4.60986,
	15.0261 4.61122,
	15.0261 4.61259,
	15.0337 4.62284,
	15.0378 4.62762,
	15.0391 4.63035,
	15.0438 4.63514,
	15.0473 4.64061,
	15.052 4.64608,
	15.0679 4.66385,
	15.0849 4.68229,
	15.089 4.68776,
	15.0992 4.69665,
	15.1005 4.69869,
	15.102 4.69869,
	15.1123 4.70758,
	15.1176 4.71236,
	15.1232 4.71579,
	15.1265 4.7192,
	15.128 4.7192,
	15.1293 4.72057,
	15.1306 4.72057,
	15.141 4.72877,
	15.1621 4.74242,
	15.1731 4.75062,
	15.1784 4.75473,
	15.1806 4.7561,
	15.1819 4.7561,
	15.1922 4.76362,
	15.2031 4.76975,
	15.2066 4.77318,
	15.2079 4.77318,
	15.2297 4.78616,
	15.2312 4.78616,
	15.2366 4.78958,
	15.2578 4.79915,
	15.2592 4.79915,
	15.2599 4.80051,
	15.2652 4.80256,
	15.2681 4.80325,
	15.2687 4.80461,
	15.2741 4.80598,
	15.2851 4.81076,
	15.2905 4.81281,
	15.2933 4.81418,
	15.3042 4.81554,
	15.3097 4.81623,
	15.3124 4.81623,
	15.3131 4.81691,
	15.3077 4.81965,
	15.3022 4.82102,
	15.2994 4.82238,
	15.2981 4.82238,
	15.2879 4.82989,
	15.2823 4.834,
	15.2715 4.83946,
	15.266 4.8422,
	15.2557 4.84562,
	15.2448 4.84766,
	15.223 4.84835,
	15.2174 4.84835,
	15.2066 4.84562,
	15.2011 4.84424,
	15.1984 4.84357,
	15.197 4.84357,
	15.1955 4.8422,
	15.1929 4.8422,
	15.171 4.83468,
	15.1696 4.83331,
	15.1642 4.83194,
	15.1628 4.83058,
	15.141 4.82033,
	15.1395 4.82033,
	15.1388 4.81896,
	15.1375 4.81896,
	15.1164 4.80667,
	15.1061 4.80051,
	15.1046 4.80051,
	15.0856 4.78821,
	15.0828 4.78548,
	15.0732 4.77932,
	15.0679 4.77591,
	15.065 4.77318,
	15.0597 4.76975,
	15.0556 4.76634,
	15.0453 4.75883,
	15.0412 4.75541,
	15.0371 4.75062,
	15.0296 4.74312,
	15.0261 4.73901,
	15.0234 4.73697,
	15.022 4.73492,
	15.0193 4.73286,
	15.0159 4.72877,
	15.007 4.71851,
	15.0023 4.71373,
	14.9988 4.70964,
	14.9967 4.70553,
	14.9947 4.70348,
	14.9947 4.70211,
	14.9919 4.69938,
	14.9893 4.69459,
	14.9818 4.68571,
	14.9681 4.66521,
	14.9659 4.66248,
	14.9646 4.6611,
	14.9646 4.65974,
	14.9571 4.6495,
	14.9558 4.64675,
	14.9544 4.6454,
	14.9544 4.64403,
	14.953 4.64334,
	14.951 4.63855,
	14.9489 4.63651,
	14.9489 4.63514,
	14.9421 4.6242,
	14.9352 4.60235,
	14.9332 4.58047,
	14.9332 4.57501,
	14.9332 4.57364,
	"/>
</Transform>

<Transform dim="0"
 xcoef=" 0 1 0 0 0 0"
 ycoef=" 0 0 1 0 0 0">
<Contour name="d50p18" hidden="false" closed="true" simplified="false" border="1 0 0" fill="1 0 0" mode="-13"
 points="15.1606 4.65339,
	15.1438 4.63656,
	15.1606 4.61974,
	15.1775 4.63656,
	"/>
</Transform>

<Transform dim="0"
 xcoef=" 0 1 0 0 0 0"
 ycoef=" 0 0 1 0 0 0">
<Contour name="d50sp19" hidden="false" closed="true" simplified="true" border="1 0 0" fill="1 0 0" mode="-11"
 points="15.848 4.83043,
	15.8699 4.82975,
	15.881 4.82906,
	15.8837 4.82906,
	15.8864 4.82769,
	15.8892 4.82769,
	15.8919 4.82631,
	15.8974 4.82563,
	15.9002 4.82425,
	15.9015 4.82425,
	15.903 4.82288,
	15.9139 4.82014,
	15.9194 4.81807,
	15.9221 4.81738,
	15.925 4.81533,
	15.9276 4.81464,
	15.9332 4.8112,
	15.9345 4.80983,
	15.9359 4.80983,
	15.9407 4.80571,
	15.9422 4.80433,
	15.9434 4.80433,
	15.9524 4.79678,
	15.9537 4.79472,
	15.9593 4.78991,
	15.962 4.78716,
	15.9695 4.77686,
	15.973 4.77136,
	15.9743 4.76999,
	15.9765 4.78098,
	15.9765 4.78648,
	15.9785 4.79747,
	15.9806 4.80296,
	15.9956 4.82425,
	16.0011 4.82769,
	16.0039 4.82975,
	16.0094 4.83043,
	16.0121 4.83182,
	16.0176 4.8325,
	16.0205 4.83319,
	16.0217 4.83319,
	16.0231 4.83456,
	16.0287 4.83456,
	16.0341 4.83593,
	16.0561 4.83799,
	16.1 4.83869,
	16.144 4.83593,
	16.1551 4.83456,
	16.2429 4.8325,
	16.254 4.8325,
	16.2649 4.83456,
	16.2705 4.83663,
	16.2808 4.84417,
	16.2917 4.84968,
	16.3028 4.85379,
	16.3138 4.85517,
	16.3247 4.85792,
	16.3357 4.85928,
	16.3412 4.86203,
	16.3425 4.86203,
	16.3467 4.86616,
	16.3473 4.87166,
	16.3473 4.8744,
	16.346 4.87714,
	16.346 4.8799,
	16.3447 4.88265,
	16.3447 4.88402,
	16.3432 4.88538,
	16.3425 4.88814,
	16.3412 4.88952,
	16.3412 4.89089,
	16.3337 4.90119,
	16.3301 4.90463,
	16.311 4.91905,
	16.2999 4.92454,
	16.2945 4.92729,
	16.2725 4.93347,
	16.2671 4.93553,
	16.2642 4.93553,
	16.2615 4.93691,
	16.2506 4.93897,
	16.2395 4.93967,
	16.234 4.93897,
	16.2286 4.93691,
	16.2272 4.93691,
	16.2257 4.93553,
	16.2245 4.93553,
	16.2032 4.92386,
	16.1977 4.92111,
	16.1962 4.91974,
	16.1948 4.91974,
	16.1936 4.91837,
	16.1907 4.91768,
	16.188 4.91562,
	16.1866 4.91562,
	16.1853 4.91424,
	16.1633 4.90806,
	16.1522 4.90463,
	16.1414 4.90257,
	16.1385 4.90257,
	16.1358 4.90119,
	16.1303 4.90119,
	16.1194 4.89844,
	16.1165 4.89776,
	16.1153 4.89776,
	16.1138 4.89638,
	16.1029 4.89501,
	16.0918 4.89226,
	16.0892 4.89226,
	16.0863 4.89089,
	16.0643 4.89089,
	16.0589 4.89226,
	16.037 4.89363,
	16.0259 4.89363,
	16.015 4.89226,
	16.0094 4.89226,
	15.9874 4.88745,
	15.9654 4.88127,
	15.9434 4.87371,
	15.9422 4.87371,
	15.9407 4.87233,
	15.938 4.87233,
	15.9352 4.87097,
	15.9324 4.87097,
	15.9215 4.86753,
	15.9105 4.86273,
	15.9078 4.86203,
	15.9071 4.86066,
	15.8858 4.85035,
	15.8761 4.84487,
	15.8706 4.84211,
	15.868 4.84006,
	15.8665 4.84006,
	15.8651 4.83869,
	15.8639 4.83869,
	15.8624 4.8373,
	15.8521 4.8325,
	15.8493 4.83182,
	15.848 4.83112,
	"/>
</Transform>

<Transform dim="0"
 xcoef=" 0 1 0 0 0 0"
 ycoef=" 0 0 1 0 0 0">
<Contour name="d50" hidden="false" closed="true" simplified="true" border="0 0.501961 0.25098" fill="1 0 0" mode="-11"
 points="14.9604 4.48542,
	14.9636 4.48239,
	14.9727 4.45812,
	14.9772 4.44599,
	14.9772 4.43992,
	14.9862 4.41566,
	14.9877 4.4096,
	14.9923 4.40353,
	14.9923 4.4005,
	14.9953 4.39747,
	14.9998 4.38534,
	15.003 4.38078,
	15.003 4.37775,
	15.0059 4.37624,
	15.0059 4.37321,
	15.0089 4.37017,
	15.0089 4.36714,
	15.0121 4.36411,
	15.0121 4.36108,
	15.0151 4.35804,
	15.0151 4.35198,
	15.018 4.34894,
	15.0197 4.32467,
	15.0135 4.30041,
	15.0121 4.27615,
	15.0121 4.27008,
	15.0151 4.26402,
	15.0151 4.25795,
	15.0242 4.23369,
	15.0242 4.22763,
	15.0317 4.20336,
	15.0379 4.19123,
	15.0379 4.1882,
	15.0409 4.18516,
	15.0409 4.18213,
	15.0438 4.1791,
	15.0438 4.17607,
	15.0469 4.17303,
	15.0469 4.17,
	15.05 4.16697,
	15.05 4.16394,
	15.0529 4.1609,
	15.0529 4.15787,
	15.0559 4.15636,
	15.0559 4.15332,
	15.0636 4.14119,
	15.0667 4.12906,
	15.0696 4.12603,
	15.0863 4.07751,
	15.0878 4.07145,
	15.0908 4.06841,
	15.0923 4.06235,
	15.0923 4.05932,
	15.1061 4.03506,
	15.1197 4.01534,
	15.1319 4.00321,
	15.1484 3.97895,
	15.1697 3.93042,
	15.1773 3.90616,
	15.1804 3.90009,
	15.1804 3.89706,
	15.1895 3.88493,
	15.2136 3.8834,
	15.2623 3.88493,
	15.2864 3.88644,
	15.2926 3.88644,
	15.3032 3.87734,
	15.3077 3.8728,
	15.3093 3.84854,
	15.3077 3.83641,
	15.3046 3.83034,
	15.3001 3.80608,
	15.3001 3.79395,
	15.3093 3.78485,
	15.3213 3.7803,
	15.3244 3.77727,
	15.3275 3.77727,
	15.3396 3.76817,
	15.3456 3.76514,
	15.3623 3.74087,
	15.379 3.69235,
	15.3926 3.64383,
	15.3972 3.63169,
	15.3972 3.62866,
	15.4002 3.62563,
	15.4002 3.62259,
	15.4033 3.61956,
	15.4048 3.6135,
	15.4123 3.60137,
	15.4139 3.5953,
	15.4184 3.58924,
	15.4199 3.58317,
	15.423 3.58014,
	15.423 3.57711,
	15.426 3.5756,
	15.4336 3.55132,
	15.4381 3.53919,
	15.4381 3.53313,
	15.4412 3.53162,
	15.4412 3.52555,
	15.4471 3.51342,
	15.4563 3.50128,
	15.4624 3.49522,
	15.4867 3.48612,
	15.5109 3.48461,
	15.523 3.48461,
	15.5352 3.49067,
	15.5564 3.50887,
	15.5807 3.52403,
	15.5928 3.52859,
	15.5989 3.53162,
	15.611 3.53162,
	15.6171 3.52706,
	15.6231 3.52555,
	15.6261 3.52252,
	15.6292 3.52252,
	15.6322 3.51949,
	15.6565 3.51949,
	15.6792 3.53616,
	15.6898 3.5483,
	15.7065 3.56952,
	15.7095 3.57407,
	15.7202 3.5847,
	15.7353 3.60592,
	15.755 3.62866,
	15.7642 3.63928,
	15.7702 3.64535,
	15.7763 3.65596,
	15.7793 3.65899,
	15.7808 3.67112,
	15.7855 3.68325,
	15.7855 3.68628,
	15.7945 3.69841,
	15.802 3.70751,
	15.8081 3.71964,
	15.8081 3.72571,
	15.8278 3.77424,
	15.849 3.79395,
	15.8552 3.7985,
	15.8764 3.84398,
	15.8839 3.85611,
	15.8946 3.86674,
	15.9006 3.87431,
	15.9006 3.87734,
	15.9097 3.88796,
	15.9097 3.891,
	15.9173 3.90313,
	15.9264 3.95164,
	15.9158 3.97591,
	15.9113 4.00017,
	15.9113 4.02443,
	15.9127 4.03656,
	15.9127 4.04263,
	15.9127 4.04566,
	15.9173 4.05325,
	15.9188 4.05932,
	15.9339 4.08205,
	15.9385 4.08661,
	15.9385 4.08964,
	15.9416 4.09267,
	15.9416 4.09571,
	15.9507 4.10784,
	15.9507 4.11087,
	15.9582 4.12148,
	15.9794 4.14119,
	15.984 4.14574,
	15.987 4.15787,
	15.9931 4.1685,
	16.0023 4.17607,
	16.0052 4.18063,
	16.0114 4.18669,
	16.0114 4.18972,
	16.0173 4.19579,
	16.0219 4.20792,
	16.025 4.21095,
	16.0386 4.25947,
	16.0417 4.28373,
	16.0417 4.33226,
	16.0401 4.33832,
	16.0371 4.34136,
	16.034 4.35349,
	16.034 4.35652,
	16.031 4.35955,
	16.0234 4.38381,
	16.0219 4.38988,
	16.0189 4.39291,
	16.0173 4.39897,
	16.0143 4.402,
	16.0143 4.40504,
	16.0007 4.42931,
	15.9901 4.45357,
	15.987 4.45963,
	15.9856 4.48389,
	15.987 4.50815,
	15.9977 4.53241,
	16.0052 4.54455,
	16.0052 4.54758,
	16.0098 4.55516,
	16.0189 4.57942,
	16.0219 4.58549,
	16.0219 4.58852,
	16.025 4.59155,
	16.028 4.60368,
	16.028 4.62795,
	16.025 4.63099,
	16.0128 4.6795,
	15.9931 4.72802,
	15.987 4.75229,
	15.9779 4.77655,
	15.9628 4.7993,
	15.9598 4.80385,
	15.9476 4.81447,
	15.9371 4.82204,
	15.9339 4.82507,
	15.9097 4.83417,
	15.8855 4.84024,
	15.8612 4.84024,
	15.849 4.83873,
	15.8369 4.83417,
	15.8339 4.83417,
	15.8308 4.83114,
	15.8249 4.83114,
	15.8187 4.82811,
	15.8126 4.82811,
	15.8096 4.82507,
	15.7975 4.82204,
	15.7914 4.82204,
	15.7672 4.81447,
	15.755 4.80991,
	15.749 4.8084,
	15.7474 4.80537,
	15.7414 4.80537,
	15.7383 4.80233,
	15.7141 4.79172,
	15.702 4.78565,
	15.699 4.78565,
	15.6959 4.78262,
	15.6838 4.77959,
	15.6777 4.77655,
	15.6716 4.77655,
	15.6595 4.77049,
	15.5625 4.76291,
	15.5139 4.75988,
	15.5018 4.75533,
	15.4958 4.75229,
	15.4897 4.74623,
	15.4882 4.73409,
	15.4897 4.72802,
	15.4897 4.72499,
	15.4927 4.72196,
	15.4927 4.71893,
	15.4973 4.71286,
	15.5018 4.70073,
	15.5018 4.69467,
	15.5048 4.6886,
	15.5033 4.67799,
	15.5018 4.67496,
	15.4897 4.67192,
	15.4775 4.67344,
	15.4321 4.70225,
	15.4199 4.70983,
	15.4108 4.72196,
	15.4063 4.72651,
	15.4063 4.72954,
	15.3745 4.77655,
	15.3669 4.78565,
	15.3547 4.79778,
	15.332 4.81294,
	15.3199 4.81901,
	15.3077 4.82204,
	15.2835 4.82204,
	15.2713 4.82053,
	15.2652 4.82053,
	15.2167 4.79778,
	15.2045 4.7902,
	15.1986 4.78868,
	15.1773 4.77352,
	15.1667 4.76746,
	15.1425 4.75078,
	15.1319 4.74471,
	15.0849 4.70831,
	15.0741 4.70073,
	15.062 4.69012,
	15.0559 4.68405,
	15.0529 4.68102,
	15.0529 4.67799,
	15.0484 4.67496,
	15.0288 4.65069,
	14.9968 4.60368,
	14.9893 4.59307,
	14.9893 4.59004,
	14.9757 4.56578,
	14.965 4.54151,
	14.9604 4.51725,
	14.9604 4.49299,
	14.9604 4.48692,
	"/>
</Transform>

<Transform dim="0"
 xcoef=" 0 1 0 0 0 0"
 ycoef=" 0 0 1 0 0 0">
<Contour name="d09shaft" hidden="true" closed="true" simplified="true" border="1 0.501961 0.25098" fill="0.502 1 0.502" mode="11"
 points="10.0504 3.6659,
	10.0667 3.62865,
	10.069 3.61935,
	10.076 3.61236,
	10.1132 3.61701,
	10.1318 3.61935,
	10.1691 3.63563,
	10.2436 3.67521,
	10.318 3.71944,
	10.3925 3.77064,
	10.4298 3.79624,
	10.5043 3.85908,
	10.5228 3.87538,
	10.5275 3.88468,
	10.5346 3.92192,
	10.4601 3.93356,
	10.4227 3.93822,
	10.2739 3.9196,
	10.2366 3.91494,
	10.1621 3.894,
	10.1248 3.88468,
	10.0876 3.87072,
	10.0784 3.86374,
	10.069 3.84512,
	10.0643 3.8358,
	10.0667 3.76132,
	10.0643 3.72408,
	10.055 3.68684,
	10.0504 3.66821,
	"/>
</Transform>

<Transform dim="0"
 xcoef=" 0 1 0 0 0 0"
 ycoef=" 0 0 1 0 0 0">
<Contour name="d09shaft" hidden="true" closed="true" simplified="true" border="1 0.501961 0.25098" fill="0.502 1 0.502" mode="11"
 points="9.69285 5.41789,
	9.71113 5.39004,
	9.74159 5.33433,
	9.76858 5.27863,
	9.78168 5.25076,
	9.78862 5.23684,
	9.79214 5.22987,
	9.81384 5.20202,
	9.82518 5.18808,
	9.82782 5.1846,
	9.85558 5.17155,
	9.85734 5.17068,
	9.91306 5.18982,
	9.94091 5.19941,
	10.0524 5.25512,
	10.0663 5.26208,
	10.0802 5.27426,
	10.1081 5.30126,
	10.1107 5.30474,
	10.0967 5.36044,
	10.0933 5.37438,
	10.0915 5.38134,
	10.0907 5.38482,
	10.0637 5.39961,
	10.0358 5.41267,
	10.008 5.42137,
	10.0054 5.42311,
	9.98617 5.45098,
	9.98011 5.4649,
	9.96183 5.52061,
	9.95401 5.54847,
	9.95313 5.55195,
	9.94785 5.55892,
	9.93485 5.57284,
	9.82342 5.62421,
	9.80954 5.63117,
	9.78168 5.63378,
	9.76771 5.63204,
	9.75379 5.62856,
	9.75031 5.62769,
	9.71809 5.51626,
	9.71461 5.50233,
	9.71287 5.49537,
	9.70068 5.46751,
	9.69633 5.45359,
	9.69372 5.44662,
	9.69285 5.41876,
	"/>
</Transform>

<Transform dim="0"
 xcoef=" 0 1 0 0 0 0"
 ycoef=" 0 0 1 0 0 0">
<Contour name="d09cfa07" hidden="false" closed="false" simplified="false" border="0 1 0" fill="0 1 0" mode="11"
 points="10.3643 5.05053,
	10.3602 5.01656,
	10.348 4.91194,
	10.3547 4.80869,
	10.39 4.67826,
	"/>
</Transform>

<Transform dim="0"
 xcoef=" 0 1 0 0 0 0"
 ycoef=" 0 0 1 0 0 0">
<Contour name="d09c07" hidden="false" closed="true" simplified="true" border="0 0 1" fill="1 0 0" mode="11"
 points="10.3012 4.8612,
	10.3134 4.81772,
	10.3216 4.77425,
	10.3229 4.76338,
	10.331 4.74164,
	10.3339 4.73621,
	10.3339 4.73077,
	10.3406 4.71039,
	10.3419 4.70496,
	10.3556 4.6873,
	10.3718 4.66828,
	10.3759 4.66556,
	10.3773 4.66283,
	10.3881 4.6642,
	10.3935 4.66556,
	10.3963 4.66556,
	10.3991 4.67099,
	10.3991 4.68186,
	10.3854 4.72534,
	10.3828 4.73621,
	10.38 4.74164,
	10.38 4.74708,
	10.3773 4.74979,
	10.3718 4.79327,
	10.3718 4.80414,
	10.3664 4.82587,
	10.3636 4.84761,
	10.3623 4.89109,
	10.3636 4.91283,
	10.3636 4.9237,
	10.3664 4.92913,
	10.3664 4.94001,
	10.3692 4.95088,
	10.3704 4.99435,
	10.3745 5.03782,
	10.3773 5.04326,
	10.3773 5.05412,
	10.3733 5.05957,
	10.3515 5.05957,
	10.3406 5.05821,
	10.3351 5.05684,
	10.3339 5.05412,
	10.3298 5.05277,
	10.3283 5.05684,
	10.3257 5.05141,
	10.3229 5.05006,
	10.3202 5.03919,
	10.3147 5.02831,
	10.304 4.98484,
	10.3012 4.97397,
	10.3012 4.88702,
	10.3012 4.86528,
	10.3012 4.86256,
	"/>
</Transform>

<Transform dim="0"
 xcoef=" 0 1 0 0 0 0"
 ycoef=" 0 0 1 0 0 0">
<Contour name="d09shaft" hidden="true" closed="true" simplified="true" border="1 0.501961 0.25098" fill="0.502 1 0.502" mode="11"
 points="10.3383 4.88063,
	10.3507 4.81375,
	10.3549 4.78031,
	10.3591 4.76359,
	10.3591 4.75523,
	10.3863 4.68834,
	10.3967 4.67162,
	10.4009 4.66325,
	10.405 4.65908,
	10.4386 4.6528,
	10.4719 4.64236,
	10.5179 4.57756,
	10.5325 4.56293,
	10.5409 4.55666,
	10.5492 4.52531,
	10.5807 4.49395,
	10.614 4.47096,
	10.6246 4.45424,
	10.6788 4.38944,
	10.8127 4.31838,
	10.8169 4.31629,
	10.8836 4.33092,
	10.9172 4.33719,
	10.9339 4.34137,
	11.0008 4.37481,
	11.0677 4.40198,
	11.1011 4.41662,
	11.168 4.47305,
	11.1763 4.47933,
	11.2098 4.54621,
	11.2202 4.56293,
	11.2809 4.62981,
	11.3478 4.6967,
	11.3812 4.73015,
	11.3979 4.74686,
	11.4063 4.75523,
	11.49 4.889,
	11.5317 4.95588,
	11.5422 4.97261,
	11.5464 5.00605,
	11.5484 5.02277,
	11.5422 5.05621,
	11.4752 5.08547,
	11.4084 5.10847,
	11.3749 5.11892,
	11.3665 5.12101,
	11.3331 5.11474,
	11.2998 5.1022,
	11.2934 5.09593,
	11.2871 5.07921,
	11.285 5.07085,
	11.26 5.0374,
	11.2537 5.02904,
	11.2516 5.02695,
	11.2202 5.05831,
	11.1868 5.08547,
	11.1701 5.09175,
	11.1617 5.09593,
	11.0948 5.1001,
	11.0614 5.1022,
	11.028 5.09175,
	11.0112 5.08756,
	11.0029 5.08547,
	10.9694 5.10429,
	10.9026 5.10638,
	10.8858 5.10847,
	10.8775 5.10847,
	10.8439 5.12937,
	10.8272 5.14191,
	10.7604 5.17955,
	10.7269 5.17746,
	10.6601 5.15446,
	10.5931 5.14819,
	10.5598 5.14401,
	10.5514 5.14401,
	10.4845 5.11892,
	10.4176 5.08547,
	10.3841 5.06666,
	10.3507 5.05203,
	10.3423 5.03532,
	10.3383 4.90154,
	10.3383 4.88482,
	10.3383 4.88273,
	"/>
</Transform>

<Transform dim="0"
 xcoef=" 0 1 0 0 0 0"
 ycoef=" 0 0 1 0 0 0">
<Contour name="d09sp03" hidden="false" closed="true" simplified="true" border="1 0 0" fill="1 0 0" mode="11"
 points="10.0504 3.6659,
	10.0667 3.62865,
	10.069 3.61935,
	10.076 3.61236,
	10.1132 3.61701,
	10.1318 3.61935,
	10.1691 3.63563,
	10.2436 3.67521,
	10.318 3.71944,
	10.3925 3.77064,
	10.4298 3.79624,
	10.5043 3.85908,
	10.5228 3.87538,
	10.5275 3.88468,
	10.5346 3.92192,
	10.4601 3.93356,
	10.4227 3.93822,
	10.2739 3.9196,
	10.2366 3.91494,
	10.1621 3.894,
	10.1248 3.88468,
	10.0876 3.87072,
	10.0784 3.86374,
	10.069 3.84512,
	10.0643 3.8358,
	10.0667 3.76132,
	10.0643 3.72408,
	10.055 3.68684,
	10.0504 3.66821,
	"/>
</Transform>

<Transform dim="0"
 xcoef=" 0 1 0 0 0 0"
 ycoef=" 0 0 1 0 0 0">
<Contour name="d09sp04" hidden="false" closed="true" simplified="true" border="1 0 0" fill="1 0 0" mode="11"
 points="9.69285 5.41789,
	9.71113 5.39004,
	9.74159 5.33433,
	9.76858 5.27863,
	9.78168 5.25076,
	9.78862 5.23684,
	9.79214 5.22987,
	9.81384 5.20202,
	9.82518 5.18808,
	9.82782 5.1846,
	9.85558 5.17155,
	9.85734 5.17068,
	9.91306 5.18982,
	9.94091 5.19941,
	10.0524 5.25512,
	10.0663 5.26208,
	10.0802 5.27426,
	10.1081 5.30126,
	10.1107 5.30474,
	10.0967 5.36044,
	10.0933 5.37438,
	10.0915 5.38134,
	10.0907 5.38482,
	10.0637 5.39961,
	10.0358 5.41267,
	10.008 5.42137,
	10.0054 5.42311,
	9.98617 5.45098,
	9.98011 5.4649,
	9.96183 5.52061,
	9.95401 5.54847,
	9.95313 5.55195,
	9.94785 5.55892,
	9.93485 5.57284,
	9.82342 5.62421,
	9.80954 5.63117,
	9.78168 5.63378,
	9.76771 5.63204,
	9.75379 5.62856,
	9.75031 5.62769,
	9.71809 5.51626,
	9.71461 5.50233,
	9.71287 5.49537,
	9.70068 5.46751,
	9.69633 5.45359,
	9.69372 5.44662,
	9.69285 5.41876,
	"/>
</Transform>

<Transform dim="0"
 xcoef=" 0 1 0 0 0 0"
 ycoef=" 0 0 1 0 0 0">
<Contour name="d09p07" comment="shaft - " hidden="false" closed="true" simplified="true" border="1 0 0" fill="1 0 0" mode="11"
 points="10.4045 4.89957,
	10.4058 4.89058,
	10.4101 4.88249,
	10.4168 4.87606,
	10.4251 4.87192,
	10.4343 4.87051,
	10.4436 4.87192,
	10.4519 4.87606,
	10.4584 4.88249,
	10.4626 4.89058,
	10.4642 4.89957,
	10.4626 4.90855,
	10.4584 4.91666,
	10.4519 4.92309,
	10.4436 4.92721,
	10.4343 4.92864,
	10.4251 4.92721,
	10.4168 4.92309,
	10.4101 4.91666,
	"/>
</Transform>

<Transform dim="0"
 xcoef=" 0 1 0 0 0 0"
 ycoef=" 0 0 1 0 0 0">
<Image mag="0.00223" contrast="1" brightness="0" red="true" green="true" blue="true"
 src="182____z181.0.tif" />
<Contour name="domain1" hidden="false" closed="true" simplified="false" border="1 0 1" fill="1 0 1" mode="11"
 points="0 0,
	8752 0,
	8752 5074,
	0 5074,
	"/>
</Transform>

<Transform dim="0"
 xcoef=" 0 1 0 0 0 0"
 ycoef=" 0 0 1 0 0 0">
<Contour name="d32serb39" hidden="false" closed="true" simplified="false" border="1 1 0" fill="1 1 0" mode="11"
 points="4.39611 5.61391,
	4.39611 5.60618,
	4.40383 5.60618,
	4.40383 5.59847,
	4.41154 5.59847,
	4.41154 5.60618,
	4.41927 5.60618,
	4.41927 5.61391,
	4.41154 5.61391,
	4.41154 5.62162,
	4.40383 5.62162,
	4.40383 5.61391,
	"/>
</Transform>

<Transform dim="0"
 xcoef=" 0 1 0 0 0 0"
 ycoef=" 0 0 1 0 0 0">
<Contour name="d09endos06_transendo" hidden="false" closed="true" simplified="true" border="1 0.502 0" fill="1 0 0" mode="11"
 points="11.1618 5.01996,
	11.1621 5.01189,
	11.1629 5.00389,
	11.1644 4.99601,
	11.1664 4.98831,
	11.169 4.98086,
	11.172 4.9737,
	11.1756 4.96689,
	11.1797 4.96049,
	11.1842 4.95454,
	11.1891 4.94908,
	11.1944 4.94417,
	11.2001 4.93983,
	11.206 4.93611,
	11.2122 4.93302,
	11.2185 4.93059,
	11.2251 4.92884,
	11.2317 4.92779,
	11.2384 4.92744,
	11.245 4.92779,
	11.2516 4.92884,
	11.2582 4.93059,
	11.2645 4.93302,
	11.2707 4.93611,
	11.2766 4.93983,
	11.2823 4.94417,
	11.2876 4.94908,
	11.2925 4.95454,
	11.297 4.96049,
	11.3011 4.96689,
	11.3047 4.9737,
	11.3077 4.98086,
	11.3103 4.98831,
	11.3123 4.99601,
	11.3138 5.00389,
	11.3146 5.01189,
	11.3149 5.01996,
	11.3146 5.02802,
	11.3138 5.03602,
	11.3123 5.0439,
	11.3103 5.0516,
	11.3077 5.05906,
	11.3047 5.06622,
	11.3011 5.07303,
	11.297 5.07943,
	11.2925 5.08538,
	11.2876 5.09083,
	11.2823 5.09575,
	11.2766 5.10008,
	11.2707 5.10381,
	11.2645 5.1069,
	11.2582 5.10933,
	11.2516 5.11107,
	11.245 5.11213,
	11.2384 5.11248,
	11.2317 5.11213,
	11.2251 5.11107,
	11.2185 5.10933,
	11.2122 5.1069,
	11.206 5.10381,
	11.2001 5.10008,
	11.1944 5.09575,
	11.1891 5.09083,
	11.1842 5.08538,
	11.1797 5.07943,
	11.1756 5.07303,
	11.172 5.06622,
	11.169 5.05906,
	11.1664 5.0516,
	11.1644 5.0439,
	11.1629 5.03602,
	11.1621 5.02802,
	"/>
</Transform>

<Transform dim="0"
 xcoef=" 0 1 0 0 0 0"
 ycoef=" 0 0 1 0 0 0">
<Contour name="d09serb07" hidden="false" closed="true" simplified="false" border="1 1 0" fill="0 1 0" mode="11"
 points="10.4203 4.83898,
	10.4203 4.83375,
	10.4255 4.83375,
	10.4255 4.82853,
	10.4307 4.82853,
	10.4307 4.83375,
	10.436 4.83375,
	10.436 4.83898,
	10.4307 4.83898,
	10.4307 4.8442,
	10.4255 4.8442,
	10.4255 4.83898,
	"/>
</Transform>

<Transform dim="0"
 xcoef=" 0 1 0 0 0 0"
 ycoef=" 0 0 1 0 0 0">
<Contour name="d09ax21b" comment="ddh_traced_2017.01" hidden="false" closed="true" simplified="true" border="1 0.501961 0.752941" fill="1 0.501961 0.752941" mode="11"
 points="11.009 2.44886,
	11.0168 2.42406,
	11.0199 2.41166,
	11.0261 2.40546,
	11.0493 2.39461,
	11.0555 2.38996,
	11.0617 2.38841,
	11.0741 2.37756,
	11.0974 2.36361,
	11.1098 2.35741,
	11.133 2.34036,
	11.1361 2.34036,
	11.1609 2.32487,
	11.1671 2.32332,
	11.1904 2.30937,
	11.2152 2.30627,
	11.24 2.30937,
	11.2462 2.30937,
	11.2709 2.32332,
	11.2802 2.33262,
	11.288 2.34501,
	11.2911 2.34811,
	11.2895 2.37291,
	11.288 2.38531,
	11.274 2.41011,
	11.2709 2.41631,
	11.2647 2.42251,
	11.2616 2.42561,
	11.2586 2.42561,
	11.2338 2.44111,
	11.2276 2.44421,
	11.2152 2.44576,
	11.2028 2.45041,
	11.1997 2.45041,
	11.1966 2.45351,
	11.1904 2.45351,
	11.178 2.45816,
	11.1718 2.46126,
	11.1656 2.46126,
	11.1594 2.46436,
	11.1098 2.46901,
	11.085 2.47211,
	11.0788 2.47366,
	11.054 2.47056,
	11.0416 2.47056,
	11.0183 2.46281,
	11.0121 2.45816,
	11.009 2.45196,
	11.009 2.45041,
	"/>
<Contour name="d09ax21b" comment="ddh_traced_2017.01" hidden="false" closed="true" simplified="true" border="1 0.501961 0.752941" fill="1 0.501961 0.752941" mode="11"
 points="11.3701 2.32952,
	11.381 2.30472,
	11.381 2.30162,
	11.398 2.27837,
	11.4073 2.26907,
	11.4104 2.26287,
	11.4492 2.21482,
	11.4662 2.19002,
	11.474 2.17917,
	11.4972 2.15903,
	11.522 2.14508,
	11.5344 2.13733,
	11.5592 2.12958,
	11.584 2.12648,
	11.6088 2.12648,
	11.6336 2.12958,
	11.6832 2.13113,
	11.6956 2.13268,
	11.7204 2.12958,
	11.7328 2.12803,
	11.7452 2.12958,
	11.7948 2.12648,
	11.8444 2.12958,
	11.8692 2.13423,
	11.9188 2.15283,
	11.9436 2.16058,
	11.956 2.15903,
	11.9622 2.16058,
	11.987 2.15903,
	11.9994 2.15593,
	12.0118 2.15593,
	12.018 2.15283,
	12.0676 2.15593,
	12.08 2.15593,
	12.0924 2.15903,
	12.142 2.16368,
	12.1668 2.16368,
	12.1792 2.16677,
	12.2288 2.17142,
	12.328 2.16987,
	12.3528 2.16677,
	12.3776 2.16987,
	12.4024 2.17607,
	12.4148 2.18072,
	12.421 2.18537,
	12.4458 2.19622,
	12.4706 2.21017,
	12.4814 2.21792,
	12.4923 2.22877,
	12.4985 2.23497,
	12.5047 2.24737,
	12.5031 2.25977,
	12.5 2.26287,
	12.4985 2.26907,
	12.4845 2.29387,
	12.4814 2.31867,
	12.4783 2.33107,
	12.4706 2.34346,
	12.4675 2.34966,
	12.4427 2.37136,
	12.4396 2.37136,
	12.4272 2.37911,
	12.4024 2.38376,
	12.39 2.38531,
	12.3652 2.39616,
	12.3404 2.39926,
	12.328 2.39771,
	12.3156 2.38841,
	12.3094 2.38531,
	12.3032 2.37911,
	12.2908 2.37136,
	12.2799 2.36051,
	12.2567 2.34346,
	12.2505 2.34036,
	12.2489 2.33727,
	12.2458 2.33727,
	12.2396 2.33107,
	12.2272 2.32642,
	12.2241 2.32642,
	12.221 2.32332,
	12.1962 2.31867,
	12.1838 2.31402,
	12.159 2.31247,
	12.1466 2.31247,
	12.1404 2.31402,
	12.128 2.31247,
	12.1157 2.31402,
	12.0909 2.31247,
	12.0661 2.31712,
	12.0537 2.31867,
	12.0289 2.32642,
	12.0041 2.33727,
	11.9793 2.35276,
	11.9669 2.36206,
	11.9498 2.38531,
	11.9421 2.39771,
	11.939 2.40391,
	11.9359 2.40701,
	11.9359 2.41011,
	11.9157 2.43491,
	11.8692 2.47366,
	11.8444 2.48606,
	11.7948 2.50001,
	11.7886 2.50001,
	11.7824 2.50311,
	11.7328 2.5124,
	11.6832 2.51395,
	11.6336 2.51086,
	11.6274 2.51086,
	11.6026 2.50001,
	11.5778 2.48451,
	11.5654 2.47676,
	11.5592 2.47211,
	11.553 2.47056,
	11.5406 2.46281,
	11.5344 2.46281,
	11.522 2.45816,
	11.4972 2.45351,
	11.4941 2.45351,
	11.491 2.45041,
	11.4662 2.44266,
	11.4631 2.43956,
	11.4507 2.43646,
	11.4259 2.42406,
	11.3856 2.37601,
	11.3763 2.36516,
	11.3717 2.35276,
	11.3701 2.34036,
	11.3701 2.33417,
	11.3701 2.33107,
	"/>
</Transform>

<Transform dim="0"
 xcoef=" 0 1 0 0 0 0"
 ycoef=" 0 0 1 0 0 0">
<Contour name="d09ax22" comment="ddh_traced_2017.01" hidden="false" closed="true" simplified="true" border="0.502 1 0.502" fill="0.502 1 0.502" mode="11"
 points="12.8686 2.85556,
	12.8912 2.81302,
	12.8979 2.80238,
	12.9005 2.80105,
	12.9005 2.79839,
	12.9191 2.78377,
	12.9404 2.77579,
	12.9617 2.7718,
	12.9723 2.77048,
	12.9776 2.77048,
	12.9829 2.76782,
	12.9936 2.76649,
	12.9989 2.76649,
	13.0042 2.76383,
	13.0255 2.76117,
	13.0361 2.75851,
	13.0574 2.74921,
	13.0627 2.74788,
	13.0654 2.74788,
	13.076 2.74123,
	13.0973 2.73325,
	13.1026 2.73059,
	13.1239 2.72793,
	13.1345 2.72793,
	13.1398 2.72793,
	13.1451 2.73059,
	13.1664 2.73325,
	13.177 2.73591,
	13.1797 2.73591,
	13.185 2.7399,
	13.1903 2.74123,
	13.201 2.74788,
	13.2063 2.75186,
	13.2129 2.77313,
	13.2089 2.81568,
	13.2023 2.83695,
	13.1983 2.84758,
	13.1957 2.85024,
	13.1957 2.8529,
	13.193 2.85556,
	13.1917 2.86087,
	13.181 2.87151,
	13.1731 2.88082,
	13.1704 2.88613,
	13.1598 2.89411,
	13.1491 2.89943,
	13.1279 2.91405,
	13.1225 2.91804,
	13.1119 2.92203,
	13.1013 2.92867,
	13.0906 2.93266,
	13.0853 2.93399,
	13.0827 2.93665,
	13.0614 2.94197,
	13.0401 2.9433,
	12.9976 2.93931,
	12.9763 2.93399,
	12.955 2.93266,
	12.9338 2.92602,
	12.9231 2.92336,
	12.9019 2.91272,
	12.8912 2.90607,
	12.8766 2.88613,
	12.8739 2.88082,
	12.8739 2.8755,
	12.8713 2.87284,
	12.8699 2.8622,
	12.8686 2.85689,
	"/>
</Transform>

<Transform dim="0"
 xcoef=" 0 1 0 0 0 0"
 ycoef=" 0 0 1 0 0 0">
<Contour name="d09" comment="dch_traced_062019" hidden="false" closed="true" simplified="true" border="1 1 0.501961" fill="1 1 0.501961" mode="11"
 points="10.3434 4.84564,
	10.3481 4.79631,
	10.3604 4.74697,
	10.3712 4.7223,
	10.3851 4.69764,
	10.3897 4.6853,
	10.4005 4.67297,
	10.4066 4.66834,
	10.4313 4.66526,
	10.4436 4.65755,
	10.456 4.65293,
	10.4683 4.64522,
	10.4806 4.63442,
	10.4868 4.62209,
	10.4884 4.60976,
	10.493 4.59742,
	10.5007 4.58509,
	10.5423 4.5373,
	10.5639 4.51263,
	10.5762 4.50029,
	10.5994 4.48179,
	10.6225 4.46021,
	10.6626 4.41087,
	10.6872 4.39083,
	10.6996 4.38312,
	10.7242 4.36154,
	10.772 4.33225,
	10.7967 4.32145,
	10.809 4.31683,
	10.8337 4.31529,
	10.8584 4.31837,
	10.9077 4.33533,
	10.9324 4.34612,
	10.9447 4.35229,
	10.957 4.35537,
	10.9817 4.37233,
	10.994 4.38004,
	11.0187 4.39083,
	11.0249 4.39083,
	11.0742 4.40933,
	11.0865 4.4155,
	11.0927 4.41704,
	11.1174 4.434,
	11.142 4.44788,
	11.1652 4.46946,
	11.1744 4.48179,
	11.1775 4.48488,
	11.1852 4.50955,
	11.1883 4.52188,
	11.2176 4.57121,
	11.2268 4.58355,
	11.2746 4.61592,
	11.2808 4.62209,
	11.2931 4.6298,
	11.3178 4.65138,
	11.3301 4.66063,
	11.3548 4.6853,
	11.3748 4.70843,
	11.3872 4.72076,
	11.4057 4.74543,
	11.4134 4.75776,
	11.418 4.7701,
	11.4211 4.77626,
	11.4211 4.77935,
	11.4242 4.78243,
	11.4242 4.78551,
	11.455 4.83485,
	11.4936 4.88264,
	11.5151 4.90577,
	11.5213 4.91194,
	11.5367 4.9366,
	11.5414 4.94277,
	11.5429 4.94894,
	11.546 4.95202,
	11.5537 4.97669,
	11.5583 5.00136,
	11.5568 5.02602,
	11.5552 5.03836,
	11.5491 5.05069,
	11.5398 5.06302,
	11.5275 5.07382,
	11.5151 5.08152,
	11.4905 5.08615,
	11.4658 5.08769,
	11.4411 5.09232,
	11.4288 5.09694,
	11.4226 5.09848,
	11.4196 5.10157,
	11.3702 5.11698,
	11.3641 5.11853,
	11.3394 5.1139,
	11.3271 5.10928,
	11.3147 5.10773,
	11.3024 5.10157,
	11.2962 5.0954,
	11.2931 5.08923,
	11.2916 5.0769,
	11.2823 5.05223,
	11.2685 5.02756,
	11.2608 5.01523,
	11.2577 5.0029,
	11.2515 4.99056,
	11.2469 4.9844,
	11.2407 4.98131,
	11.2284 4.98285,
	11.2222 4.99519,
	11.2145 5.04452,
	11.2068 5.06919,
	11.1898 5.09386,
	11.1837 5.10003,
	11.159 5.11082,
	11.1467 5.11698,
	11.122 5.12161,
	11.0973 5.11698,
	11.0912 5.11698,
	11.0788 5.10928,
	11.0665 5.09848,
	11.0542 5.09078,
	11.048 5.08615,
	11.0357 5.08461,
	11.011 5.08615,
	10.9987 5.08769,
	10.9925 5.08769,
	10.9678 5.10003,
	10.9432 5.10773,
	10.8938 5.10928,
	10.8692 5.11082,
	10.8198 5.14319,
	10.7967 5.16015,
	10.7844 5.1694,
	10.7782 5.17403,
	10.7535 5.1802,
	10.7289 5.1802,
	10.6795 5.17249,
	10.6302 5.15861,
	10.6055 5.15399,
	10.5809 5.15399,
	10.5315 5.14936,
	10.5069 5.14165,
	10.4822 5.12623,
	10.4329 5.10311,
	10.4082 5.09386,
	10.3959 5.08769,
	10.3835 5.07844,
	10.3666 5.05532,
	10.3573 5.03065,
	10.3527 5.00598,
	10.3481 4.90731,
	10.3434 4.85797,
	10.3434 4.84718,
	"/>
</Transform>

<Transform dim="0"
 xcoef=" 0 1 0 0 0 0"
 ycoef=" 0 0 1 0 0 0">
<Contour name="d32sp39" hidden="false" closed="true" simplified="true" border="1 0 0" fill="1 0 0" mode="11"
 points="4.34331 5.52553,
	4.34563 5.52244,
	4.35799 5.51781,
	4.38272 5.50543,
	4.3889 5.50234,
	4.40125 5.49307,
	4.41363 5.48535,
	4.43835 5.46603,
	4.45071 5.45444,
	4.46076 5.44208,
	4.46539 5.4359,
	4.47544 5.41117,
	4.48007 5.3988,
	4.48084 5.39571,
	4.48084 5.39417,
	4.49089 5.3818,
	4.49708 5.37563,
	4.50325 5.37099,
	4.52643 5.34626,
	4.53262 5.34007,
	4.54498 5.33081,
	4.55116 5.32695,
	4.56121 5.31459,
	4.56739 5.30222,
	4.57202 5.28985,
	4.57511 5.28367,
	4.57821 5.25895,
	4.57976 5.24659,
	4.58516 5.23422,
	4.58902 5.22804,
	4.59058 5.22495,
	4.60293 5.21413,
	4.60602 5.21103,
	4.61297 5.19868,
	4.61684 5.1925,
	4.61916 5.18631,
	4.62612 5.17396,
	4.63693 5.16159,
	4.6408 5.15541,
	4.64621 5.14304,
	4.65007 5.13686,
	4.67248 5.11214,
	4.67788 5.10596,
	4.67866 5.10287,
	4.68329 5.09668,
	4.68561 5.0905,
	4.68793 5.08741,
	4.69103 5.07504,
	4.69025 5.06269,
	4.69103 5.05032,
	4.69256 5.04414,
	4.69025 5.01941,
	4.68947 4.99469,
	4.69025 4.98232,
	4.68947 4.96997,
	4.68947 4.96688,
	4.68716 4.96377,
	4.6802 4.93905,
	4.67788 4.92669,
	4.67711 4.90196,
	4.68252 4.87724,
	4.68406 4.87105,
	4.68484 4.86796,
	4.68947 4.86179,
	4.70185 4.85405,
	4.7142 4.84865,
	4.72657 4.84479,
	4.75129 4.84014,
	4.77602 4.83706,
	4.78838 4.83551,
	4.79456 4.83474,
	4.80692 4.83011,
	4.8131 4.82702,
	4.83784 4.81851,
	4.84402 4.8162,
	4.8471 4.81542,
	4.85328 4.8162,
	4.86565 4.8216,
	4.878 4.82933,
	4.89038 4.83937,
	4.9151 4.86332,
	4.92437 4.8757,
	4.95296 4.92514,
	4.95992 4.93752,
	4.96224 4.94369,
	4.9661 4.94987,
	4.96997 4.96224,
	4.97228 4.97459,
	4.9715 4.98696,
	4.96764 4.99933,
	4.96688 5.00242,
	4.96533 5.00396,
	4.95838 5.02868,
	4.95373 5.04105,
	4.94755 5.05341,
	4.93132 5.07814,
	4.91896 5.08819,
	4.9066 5.09437,
	4.89424 5.09746,
	4.86951 5.099,
	4.86332 5.10209,
	4.85714 5.10363,
	4.85097 5.10673,
	4.8386 5.10749,
	4.83242 5.10749,
	4.82933 5.10596,
	4.81697 5.10518,
	4.8046 5.10673,
	4.79224 5.11058,
	4.78606 5.11368,
	4.77988 5.11832,
	4.77524 5.1245,
	4.76984 5.13686,
	4.76674 5.14304,
	4.75669 5.15541,
	4.74434 5.16468,
	4.73197 5.17087,
	4.71962 5.18091,
	4.71729 5.18399,
	4.71497 5.20873,
	4.7142 5.23345,
	4.71189 5.24581,
	4.71033 5.25199,
	4.70338 5.26437,
	4.69798 5.27054,
	4.67248 5.31999,
	4.66784 5.32617,
	4.66628 5.32772,
	4.66398 5.3339,
	4.65547 5.34626,
	4.64851 5.35863,
	4.64621 5.36482,
	4.62921 5.38954,
	4.62225 5.40189,
	4.61221 5.42662,
	4.60988 5.43281,
	4.60602 5.43899,
	4.6037 5.44517,
	4.59984 5.45134,
	4.57743 5.47608,
	4.55271 5.50003,
	4.54035 5.51239,
	4.51561 5.53016,
	4.49166 5.55335,
	4.4878 5.55953,
	4.48471 5.56261,
	4.4708 5.58735,
	4.46771 5.59352,
	4.4623 5.5997,
	4.44994 5.60666,
	4.44375 5.61208,
	4.44066 5.61517,
	4.43912 5.61825,
	4.43758 5.61284,
	4.43835 5.60048,
	4.43835 5.59431,
	4.4314 5.56957,
	4.42598 5.55721,
	4.41749 5.54484,
	4.41131 5.53944,
	4.40821 5.53635,
	4.39586 5.53016,
	4.38968 5.52707,
	4.38348 5.52553,
	4.35876 5.52476,
	4.35258 5.52476,
	4.3464 5.5263,
	4.34485 5.52707,
	4.34331 5.5263,
	"/>
</Transform>

</Section>