<?xml version="1.0"?>
<!DOCTYPE Section SYSTEM "section.dtd">

<Section index="109" thickness="0.047" alignLocked="true">
<Transform dim="0"
 xcoef=" 0 1 0 0 0 0"
 ycoef=" 0 0 1 0 0 0">
<Image mag="0.002066" contrast="1.77081" brightness="-0.18" red="true" green="true" blue="true"
 src="110____z5.383.jpg" />
<Contour name="domain1" hidden="false" closed="true" simplified="false" border="1 0 1" fill="1 0 1" mode="11"
 points="0 0,
	17608 0,
	17608 16967,
	0 16967,
	"/>
</Transform>

<Transform dim="0"
 xcoef=" 0 1 0 0 0 0"
 ycoef=" 0 0 1 0 0 0">
<Contour name="D04" hidden="false" closed="true" simplified="true" border="0 0 1" fill="0 0 1" mode="11"
 points="18.2818 27.5135,
	18.222 27.5051,
	18.1681 27.4809,
	18.1253 27.4431,
	18.0883 27.3427,
	18.0977 27.2899,
	18.1253 27.2423,
	18.1681 27.2045,
	18.222 27.1803,
	18.2818 27.172,
	18.3416 27.1803,
	18.3957 27.2045,
	18.4384 27.2423,
	18.4659 27.2899,
	18.4754 27.3427,
	18.4659 27.3954,
	18.4384 27.4431,
	18.3957 27.4809,
	18.3416 27.5051,
	"/>
</Transform>

<Transform dim="0"
 xcoef=" 0 1 0 0 0 0"
 ycoef=" 0 0 1 0 0 0">
<Contour name="D13" hidden="false" closed="true" simplified="true" border="0 0 1" fill="0 0 1" mode="11"
 points="20.6236 20.8844,
	20.5638 20.8766,
	20.5098 20.854,
	20.467 20.8187,
	20.43 20.725,
	20.4395 20.6757,
	20.467 20.6313,
	20.5098 20.596,
	20.5638 20.5734,
	20.6236 20.5656,
	20.6834 20.5734,
	20.7373 20.596,
	20.7801 20.6313,
	20.8077 20.6757,
	20.8171 20.725,
	20.8077 20.7743,
	20.7801 20.8187,
	20.7373 20.854,
	20.6834 20.8766,
	"/>
</Transform>

<Transform dim="0"
 xcoef=" 0 1 0 0 0 0"
 ycoef=" 0 0 1 0 0 0">
<Contour name="D51" hidden="false" closed="true" simplified="true" border="0 0 1" fill="0 0 1" mode="11"
 points="9.47248 23.1496,
	9.41773 23.1419,
	9.36828 23.1196,
	9.329 23.0849,
	9.29516 22.9929,
	9.30379 22.9446,
	9.329 22.9009,
	9.36828 22.8664,
	9.41773 22.8441,
	9.47248 22.8364,
	9.5273 22.8441,
	9.57676 22.8664,
	9.61604 22.9009,
	9.64118 22.9446,
	9.64988 22.9929,
	9.64118 23.0413,
	9.61604 23.0849,
	9.57676 23.1196,
	9.5273 23.1419,
	"/>
</Transform>

<Transform dim="0"
 xcoef=" 0 1 0 0 0 0"
 ycoef=" 0 0 1 0 0 0">
<Contour name="D08" hidden="false" closed="true" simplified="true" border="0 0 1" fill="0 0 1" mode="11"
 points="7.67656 25.4349,
	7.61322 25.4271,
	7.55609 25.4045,
	7.51076 25.3692,
	7.47162 25.2755,
	7.48165 25.2263,
	7.51076 25.1818,
	7.55609 25.1465,
	7.61322 25.1239,
	7.67656 25.1162,
	7.73989 25.1239,
	7.79702 25.1465,
	7.84235 25.1818,
	7.87146 25.2263,
	7.88149 25.2755,
	7.87146 25.3248,
	7.84235 25.3692,
	7.79702 25.4045,
	7.73989 25.4271,
	"/>
</Transform>

<Transform dim="0"
 xcoef=" 0 1 0 0 0 0"
 ycoef=" 0 0 1 0 0 0">
<Contour name="D61" hidden="false" closed="true" simplified="true" border="0 0 1" fill="0 0 1" mode="11"
 points="15.6871 16.7558,
	15.6647 16.7526,
	15.6435 16.7446,
	15.6251 16.732,
	15.6102 16.7158,
	15.5998 16.6966,
	15.5938 16.6649,
	15.5965 16.6435,
	15.6044 16.6234,
	15.6172 16.6055,
	15.6339 16.591,
	15.6538 16.5806,
	15.6758 16.575,
	15.6985 16.5743,
	15.7208 16.5788,
	15.7412 16.588,
	15.759 16.6015,
	15.7727 16.6186,
	15.7819 16.6383,
	15.7859 16.6595,
	15.7846 16.681,
	15.7779 16.7016,
	15.7664 16.7201,
	15.7505 16.7356,
	15.7313 16.747,
	15.7098 16.7539,
	"/>
</Transform>

<Transform dim="0"
 xcoef=" 0 1 0 0 0 0"
 ycoef=" 0 0 1 0 0 0">
<Contour name="D63" hidden="false" closed="true" simplified="true" border="0 0 1" fill="0 0 1" mode="11"
 points="7.09515 16.9873,
	7.08067 16.9848,
	7.06685 16.9791,
	7.05418 16.9703,
	7.04312 16.9589,
	7.03408 16.9451,
	7.02737 16.9295,
	7.02186 16.8953,
	7.02325 16.8779,
	7.02737 16.8611,
	7.03408 16.8455,
	7.04312 16.8317,
	7.05418 16.8203,
	7.06685 16.8114,
	7.08067 16.8057,
	7.09515 16.8032,
	7.10977 16.8041,
	7.12399 16.8082,
	7.1373 16.8156,
	7.14922 16.8257,
	7.15932 16.8383,
	7.16722 16.853,
	7.17266 16.8694,
	7.17543 16.8865,
	7.17543 16.904,
	7.17266 16.9213,
	7.16722 16.9375,
	7.15932 16.9522,
	7.14922 16.9649,
	7.1373 16.9751,
	7.12399 16.9823,
	7.10977 16.9865,
	"/>
</Transform>

<Transform dim="0"
 xcoef=" 0 1 0 0 0 0"
 ycoef=" 0 0 1 0 0 0">
<Contour name="D26" hidden="false" closed="true" simplified="true" border="0 0 1" fill="0 0 1" mode="11"
 points="15.6413 29.2322,
	15.5745 29.2244,
	15.5142 29.2018,
	15.4663 29.1665,
	15.4251 29.0728,
	15.4356 29.0235,
	15.4663 28.9791,
	15.5142 28.9438,
	15.5745 28.9212,
	15.6413 28.9134,
	15.7082 28.9212,
	15.7685 28.9438,
	15.8164 28.9791,
	15.847 29.0235,
	15.8577 29.0728,
	15.847 29.1221,
	15.8164 29.1665,
	15.7685 29.2018,
	15.7082 29.2244,
	"/>
</Transform>

<Transform dim="0"
 xcoef=" 0 1 0 0 0 0"
 ycoef=" 0 0 1 0 0 0">
<Contour name="D16" hidden="false" closed="true" simplified="true" border="1 0 0" fill="1 0 0" mode="11"
 points="21.3805 25.5096,
	21.3278 25.5018,
	21.2802 25.4791,
	21.2424 25.4438,
	21.2097 25.3502,
	21.2181 25.301,
	21.2424 25.2565,
	21.2802 25.2213,
	21.3278 25.1986,
	21.3805 25.1908,
	21.4333 25.1986,
	21.4809 25.2213,
	21.5187 25.2565,
	21.5429 25.301,
	21.5513 25.3502,
	21.5429 25.3995,
	21.5187 25.4438,
	21.4809 25.4791,
	21.4333 25.5018,
	"/>
</Transform>

<Transform dim="0"
 xcoef=" 0 1 0 0 0 0"
 ycoef=" 0 0 1 0 0 0">
<Contour name="d04sp02" hidden="false" closed="true" simplified="true" border="1 0 0" fill="1 0 0" mode="11"
 points="19.6235 25.4921,
	19.6165 25.4912,
	19.6099 25.4886,
	19.6082 25.4877,
	19.6073 25.4877,
	19.6064 25.4869,
	19.6029 25.486,
	19.6012 25.4842,
	19.6003 25.4842,
	19.5985 25.4829,
	19.5981 25.482,
	19.5963 25.4816,
	19.595 25.4803,
	19.5941 25.4803,
	19.5875 25.4755,
	19.5861 25.4746,
	19.5848 25.4728,
	19.5831 25.472,
	19.5783 25.4658,
	19.5756 25.4623,
	19.5743 25.4553,
	19.5739 25.4483,
	19.5726 25.4448,
	19.5721 25.4412,
	19.5712 25.4394,
	19.5699 25.4254,
	19.5699 25.4219,
	19.5699 25.4201,
	19.5699 25.4197,
	19.5726 25.4127,
	19.5734 25.4122,
	19.5734 25.4114,
	19.58 25.4048,
	19.5818 25.4035,
	19.5826 25.4035,
	19.5831 25.4026,
	19.5848 25.4022,
	19.5853 25.4013,
	19.5918 25.3987,
	19.5972 25.3987,
	19.6007 25.4,
	19.6033 25.4017,
	19.6099 25.4052,
	19.6117 25.4061,
	19.6134 25.4061,
	19.6204 25.4092,
	19.6226 25.4109,
	19.6244 25.4114,
	19.6314 25.4162,
	19.6327 25.4166,
	19.6455 25.4263,
	19.6482 25.4289,
	19.6503 25.4324,
	19.6517 25.4342,
	19.6534 25.4412,
	19.6539 25.4553,
	19.6539 25.4623,
	19.6517 25.4693,
	19.6503 25.4728,
	19.6499 25.4746,
	19.6486 25.4763,
	19.6482 25.4781,
	19.6429 25.4842,
	19.6397 25.4873,
	19.6371 25.4895,
	19.6305 25.4917,
	"/>
</Transform>

<Transform dim="0"
 xcoef=" 0 1 0 0 0 0"
 ycoef=" 0 0 1 0 0 0">
<Contour name="d51" hidden="false" closed="true" simplified="true" border="0 0 0" fill="0 0 0" mode="11"
 points="9.3428 23.4891,
	9.33353 23.4879,
	9.315 23.4798,
	9.30573 23.4763,
	9.29646 23.4705,
	9.29183 23.4693,
	9.25477 23.4439,
	9.23624 23.4288,
	9.2177 23.4114,
	9.21192 23.4022,
	9.20612 23.3837,
	9.2038 23.3743,
	9.2038 23.3697,
	9.19685 23.3512,
	9.19569 23.342,
	9.18875 23.3234,
	9.18759 23.3141,
	9.18064 23.2956,
	9.17137 23.2585,
	9.16789 23.2401,
	9.16442 23.2307,
	9.16326 23.2215,
	9.15052 23.1844,
	9.14589 23.1751,
	9.14473 23.1705,
	9.13893 23.1624,
	9.13662 23.1532,
	9.12388 23.1357,
	9.12157 23.1311,
	9.11693 23.1276,
	9.11461 23.123,
	9.10534 23.1138,
	9.08682 23.1022,
	9.07755 23.0987,
	9.07639 23.0964,
	9.07175 23.0964,
	9.06365 23.0905,
	9.05902 23.0894,
	9.05554 23.0859,
	9.05439 23.0778,
	9.05439 23.0767,
	9.05786 23.0674,
	9.06481 23.0582,
	9.08219 23.0211,
	9.08913 23.0026,
	9.09377 22.984,
	9.09608 22.9794,
	9.0984 22.9423,
	9.0984 22.9053,
	9.10419 22.8311,
	9.10651 22.794,
	9.10651 22.7755,
	9.1123 22.7385,
	9.11693 22.72,
	9.12041 22.7107,
	9.12272 22.6921,
	9.12504 22.6875,
	9.1262 22.6783,
	9.13315 22.6597,
	9.13547 22.6504,
	9.14589 22.6319,
	9.14705 22.6273,
	9.14705 22.625,
	9.16558 22.6087,
	9.17021 22.6064,
	9.17485 22.6018,
	9.17716 22.5995,
	9.19569 22.5937,
	9.20496 22.5891,
	9.22349 22.5833,
	9.23276 22.5821,
	9.23739 22.581,
	9.23971 22.581,
	9.24203 22.5786,
	9.31615 22.5763,
	9.33469 22.5729,
	9.34396 22.5682,
	9.36249 22.5624,
	9.36712 22.5589,
	9.37639 22.5554,
	9.38566 22.5497,
	9.38797 22.5497,
	9.39029 22.5473,
	9.40882 22.5427,
	9.42735 22.5416,
	9.46442 22.5358,
	9.48295 22.5346,
	9.52002 22.5254,
	9.52929 22.5208,
	9.53392 22.5183,
	9.54319 22.5172,
	9.56172 22.5103,
	9.59878 22.5022,
	9.61731 22.5022,
	9.62658 22.5056,
	9.63585 22.5114,
	9.65438 22.5183,
	9.66365 22.5219,
	9.66828 22.5242,
	9.67291 22.5242,
	9.67755 22.5265,
	9.68218 22.5265,
	9.71924 22.5392,
	9.75631 22.5554,
	9.77484 22.5612,
	9.77715 22.5612,
	9.78179 22.5647,
	9.79105 22.5671,
	9.80032 22.5729,
	9.80496 22.5752,
	9.80728 22.5752,
	9.82465 22.5925,
	9.82697 22.6018,
	9.81886 22.6204,
	9.81538 22.625,
	9.80959 22.6435,
	9.80843 22.662,
	9.80959 22.6667,
	9.82233 22.6852,
	9.82812 22.6944,
	9.83044 22.6991,
	9.83044 22.7014,
	9.83391 22.706,
	9.83391 22.7153,
	9.83391 22.72,
	9.82233 22.7385,
	9.81422 22.757,
	9.80843 22.7755,
	9.80728 22.794,
	9.80728 22.8033,
	9.82001 22.8404,
	9.82233 22.8496,
	9.82233 22.8542,
	9.82697 22.8636,
	9.82928 22.8728,
	9.83044 22.9099,
	9.83044 22.9284,
	9.83044 22.9377,
	9.82233 22.9748,
	9.82118 22.984,
	9.82001 22.9886,
	9.8177 22.9909,
	9.81654 23.0003,
	9.81422 23.0049,
	9.81307 23.0142,
	9.80728 23.0327,
	9.80264 23.0419,
	9.80149 23.0466,
	9.78642 23.064,
	9.76905 23.0778,
	9.75979 23.0871,
	9.75746 23.0917,
	9.76442 23.1103,
	9.76673 23.1149,
	9.77136 23.1195,
	9.77369 23.1219,
	9.77484 23.1403,
	9.77369 23.1589,
	9.77253 23.1682,
	9.77021 23.1705,
	9.76905 23.1751,
	9.75515 23.1937,
	9.75052 23.1972,
	9.7401 23.2157,
	9.72504 23.2528,
	9.70882 23.2713,
	9.70072 23.2805,
	9.69839 23.2828,
	9.69608 23.2828,
	9.65901 23.3141,
	9.64048 23.3326,
	9.62195 23.3489,
	9.61268 23.357,
	9.59415 23.3674,
	9.57561 23.3755,
	9.56635 23.3801,
	9.54782 23.3848,
	9.53855 23.3883,
	9.52929 23.3895,
	9.51075 23.3999,
	9.4957 23.4184,
	9.48643 23.4276,
	9.47716 23.4312,
	9.47484 23.4312,
	9.47253 23.4335,
	9.46789 23.4335,
	9.45863 23.437,
	9.44936 23.4381,
	9.44705 23.4404,
	9.42851 23.4439,
	9.42388 23.4439,
	9.41461 23.4497,
	9.39724 23.4659,
	9.38913 23.4751,
	9.3706 23.4844,
	9.35207 23.4879,
	"/>
</Transform>

<Transform dim="0"
 xcoef=" 0 1 0 0 0 0"
 ycoef=" 0 0 1 0 0 0">
<Contour name="d04" hidden="false" closed="true" simplified="true" border="0 0 0" fill="0 0 0" mode="11"
 points="18.4499 27.9012,
	18.3624 27.8971,
	18.3404 27.8944,
	18.3186 27.8944,
	18.3077 27.893,
	18.2857 27.8847,
	18.2748 27.882,
	18.2694 27.882,
	18.268 27.8793,
	18.246 27.8752,
	18.2242 27.8684,
	18.2133 27.8643,
	18.2106 27.8643,
	18.2009 27.8575,
	18.1954 27.8534,
	18.19 27.852,
	18.1845 27.8465,
	18.1627 27.8396,
	18.1517 27.841,
	18.1462 27.841,
	18.1353 27.8452,
	18.1298 27.8465,
	18.1271 27.8493,
	18.1244 27.8493,
	18.1216 27.852,
	18.1107 27.8561,
	18.108 27.8561,
	18.1052 27.8588,
	18.1024 27.8588,
	18.097 27.8643,
	18.0915 27.8656,
	18.0861 27.8697,
	18.0833 27.8697,
	18.0628 27.8834,
	18.0615 27.8861,
	18.0559 27.8875,
	18.045 27.8944,
	18.0341 27.8985,
	18.0122 27.8999,
	17.9903 27.8985,
	17.9685 27.8875,
	17.9575 27.8834,
	17.9137 27.8752,
	17.9082 27.8725,
	17.9028 27.8725,
	17.8973 27.8697,
	17.8918 27.8697,
	17.8823 27.8656,
	17.8768 27.8643,
	17.8617 27.8493,
	17.8617 27.8465,
	17.859 27.8452,
	17.8549 27.8341,
	17.8535 27.8287,
	17.8535 27.826,
	17.8508 27.8232,
	17.8453 27.8014,
	17.8412 27.7904,
	17.8371 27.7685,
	17.8358 27.7248,
	17.8358 27.7193,
	17.8358 27.7179,
	17.8412 27.707,
	17.8412 27.7016,
	17.8562 27.6796,
	17.8644 27.6701,
	17.8659 27.6646,
	17.87 27.6591,
	17.8714 27.655,
	17.8782 27.644,
	17.8823 27.6386,
	17.8891 27.6181,
	17.8932 27.6072,
	17.8932 27.5634,
	17.8891 27.5196,
	17.8891 27.5142,
	17.8823 27.4922,
	17.8782 27.4813,
	17.8741 27.4595,
	17.8741 27.4375,
	17.8768 27.4157,
	17.8836 27.3937,
	17.885 27.3828,
	17.885 27.3774,
	17.8891 27.3664,
	17.8905 27.3445,
	17.8946 27.3227,
	17.8946 27.3172,
	17.9 27.3062,
	17.9028 27.2953,
	17.9192 27.2748,
	17.9247 27.2693,
	17.9261 27.2638,
	17.9302 27.2597,
	17.937 27.2392,
	17.937 27.2337,
	17.9438 27.2132,
	17.9452 27.2077,
	17.9479 27.205,
	17.9479 27.1995,
	17.9506 27.1982,
	17.952 27.1927,
	17.9547 27.1913,
	17.9547 27.1886,
	17.9644 27.1804,
	17.978 27.1598,
	17.978 27.1571,
	17.9848 27.1476,
	17.9889 27.1435,
	17.9903 27.138,
	17.9971 27.1271,
	18.0067 27.1065,
	18.0095 27.0956,
	18.0136 27.0901,
	18.015 27.0792,
	18.0286 27.0354,
	18.0327 27.03,
	18.0327 27.0271,
	18.0368 27.0244,
	18.0464 27.0149,
	18.0656 27.0012,
	18.0751 26.993,
	18.0956 26.9821,
	18.1011 26.9807,
	18.1038 26.9779,
	18.1257 26.9724,
	18.1312 26.9724,
	18.1367 26.9697,
	18.1476 26.9684,
	18.153 26.9656,
	18.1559 26.9656,
	18.1613 26.9615,
	18.1818 26.9547,
	18.2023 26.9438,
	18.2133 26.937,
	18.2297 26.9232,
	18.2392 26.9164,
	18.2406 26.9137,
	18.2433 26.9137,
	18.2488 26.9082,
	18.2584 26.9014,
	18.2666 26.9014,
	18.2775 26.8932,
	18.2857 26.8836,
	18.2871 26.8781,
	18.2898 26.8767,
	18.3036 26.8329,
	18.3036 26.8302,
	18.3131 26.822,
	18.3172 26.8179,
	18.3227 26.8165,
	18.3281 26.8125,
	18.3336 26.8111,
	18.3363 26.8111,
	18.3418 26.807,
	18.3474 26.8056,
	18.3501 26.8056,
	18.3528 26.8029,
	18.3747 26.7988,
	18.4184 26.7974,
	18.4403 26.8002,
	18.4622 26.807,
	18.4731 26.8097,
	18.4786 26.8125,
	18.4895 26.8125,
	18.5005 26.8165,
	18.5114 26.8179,
	18.5169 26.822,
	18.5278 26.8247,
	18.5457 26.8398,
	18.5484 26.8398,
	18.5498 26.8426,
	18.5607 26.8426,
	18.5634 26.8453,
	18.5852 26.8521,
	18.5963 26.8562,
	18.6004 26.8603,
	18.6031 26.8603,
	18.6086 26.8644,
	18.614 26.8658,
	18.6236 26.8726,
	18.6263 26.8781,
	18.6318 26.8781,
	18.6414 26.885,
	18.6469 26.8891,
	18.6523 26.8891,
	18.6742 26.8959,
	18.6769 26.8959,
	18.6825 26.9,
	18.6934 26.9027,
	18.6988 26.9068,
	18.7043 26.9082,
	18.7139 26.9164,
	18.7166 26.9191,
	18.7193 26.9191,
	18.7261 26.9287,
	18.7275 26.9314,
	18.7331 26.9329,
	18.7508 26.9506,
	18.7576 26.9602,
	18.7782 26.9752,
	18.7973 26.9848,
	18.8014 26.9889,
	18.8069 26.9903,
	18.8123 26.9944,
	18.8178 26.9958,
	18.8261 27.0026,
	18.8288 27.0026,
	18.8698 27.0341,
	18.8876 27.0532,
	18.8876 27.0559,
	18.8917 27.06,
	18.8958 27.0709,
	18.8972 27.1147,
	18.8999 27.1257,
	18.8999 27.1366,
	18.904 27.1585,
	18.9053 27.1694,
	18.9122 27.1913,
	18.9149 27.1968,
	18.9149 27.1995,
	18.9176 27.2023,
	18.9327 27.246,
	18.9355 27.257,
	18.9382 27.2597,
	18.9409 27.2707,
	18.9409 27.2762,
	18.945 27.2871,
	18.9478 27.3089,
	18.9464 27.3309,
	18.9423 27.3418,
	18.9382 27.3637,
	18.9382 27.3746,
	18.9409 27.3801,
	18.9409 27.3856,
	18.945 27.3965,
	18.9464 27.4019,
	18.9464 27.4047,
	18.9491 27.406,
	18.9573 27.428,
	18.9587 27.4334,
	18.9614 27.4362,
	18.9655 27.458,
	18.9669 27.4799,
	18.9765 27.5237,
	18.9833 27.5675,
	18.9874 27.5893,
	18.9902 27.6331,
	18.9902 27.655,
	18.9888 27.666,
	18.9847 27.6769,
	18.9847 27.6796,
	18.9546 27.722,
	18.9382 27.7398,
	18.9355 27.7452,
	18.93 27.7508,
	18.9286 27.7562,
	18.9204 27.7672,
	18.9176 27.7713,
	18.9176 27.774,
	18.9149 27.7754,
	18.9149 27.7781,
	18.8985 27.7987,
	18.889 27.8068,
	18.8821 27.815,
	18.8767 27.8191,
	18.8739 27.8232,
	18.8711 27.8232,
	18.867 27.8287,
	18.8643 27.8287,
	18.8602 27.8341,
	18.8575 27.8341,
	18.8465 27.841,
	18.8411 27.8423,
	18.8356 27.8465,
	18.8302 27.8465,
	18.8192 27.8506,
	18.7973 27.8534,
	18.7098 27.8506,
	18.6879 27.8479,
	18.6441 27.8479,
	18.6004 27.852,
	18.5566 27.8643,
	18.5346 27.8766,
	18.5292 27.8779,
	18.5237 27.882,
	18.521 27.882,
	18.5155 27.8861,
	18.4718 27.8985,
	"/>
</Transform>

<Transform dim="0"
 xcoef=" 0 1 0 0 0 0"
 ycoef=" 0 0 1 0 0 0">
<Contour name="d51sp03" hidden="false" closed="true" simplified="true" border="1 0 0" fill="1 0 0" mode="11"
 points="9.73582 25.1785,
	9.71798 25.1707,
	9.71352 25.1673,
	9.70238 25.1494,
	9.69681 25.1405,
	9.69569 25.1361,
	9.689 25.1272,
	9.689 25.125,
	9.68343 25.1172,
	9.68119 25.115,
	9.68119 25.1127,
	9.67674 25.1094,
	9.67116 25.1004,
	9.66336 25.0937,
	9.6589 25.0926,
	9.64998 25.087,
	9.64775 25.087,
	9.64663 25.0848,
	9.63771 25.0826,
	9.63325 25.0804,
	9.62434 25.0793,
	9.61542 25.0737,
	9.61096 25.0692,
	9.60985 25.0648,
	9.60762 25.0626,
	9.60762 25.0602,
	9.60428 25.0558,
	9.60316 25.0513,
	9.59981 25.048,
	9.59981 25.0458,
	9.59758 25.0447,
	9.5909 25.028,
	9.58755 25.0191,
	9.58755 25.0012,
	9.58866 24.9923,
	9.59201 24.9834,
	9.59201 24.9812,
	9.59536 24.9767,
	9.59536 24.9745,
	9.59758 24.9723,
	9.59758 24.97,
	9.60428 24.961,
	9.6065 24.9566,
	9.61096 24.9521,
	9.61431 24.9432,
	9.61654 24.9388,
	9.61876 24.9377,
	9.61876 24.9332,
	9.62546 24.9243,
	9.63438 24.9064,
	9.63771 24.8975,
	9.63771 24.8797,
	9.63438 24.8618,
	9.62768 24.844,
	9.62322 24.8262,
	9.621 24.7905,
	9.621 24.7861,
	9.61876 24.7816,
	9.61765 24.7727,
	9.61096 24.7548,
	9.61096 24.7526,
	9.60873 24.7504,
	9.60873 24.7481,
	9.60316 24.7404,
	9.60316 24.7381,
	9.58755 24.7202,
	9.58531 24.7158,
	9.58086 24.7113,
	9.57974 24.7069,
	9.5764 24.7024,
	9.57528 24.698,
	9.57306 24.6958,
	9.57194 24.6869,
	9.5686 24.678,
	9.5686 24.6734,
	9.56525 24.6645,
	9.55856 24.5932,
	9.55633 24.5843,
	9.55187 24.5753,
	9.54853 24.5709,
	9.54853 24.5686,
	9.53626 24.5531,
	9.52623 24.5353,
	9.52066 24.5263,
	9.51731 24.5229,
	9.51731 24.5207,
	9.49279 24.4873,
	9.4861 24.4794,
	9.48164 24.4761,
	9.47941 24.4728,
	9.4705 24.4672,
	9.45266 24.4605,
	9.43593 24.4505,
	9.43259 24.4483,
	9.43036 24.4483,
	9.42256 24.4416,
	9.4181 24.4405,
	9.40918 24.4348,
	9.40806 24.4326,
	9.39023 24.4248,
	9.38577 24.4237,
	9.38353 24.4215,
	9.37908 24.4204,
	9.37462 24.417,
	9.37016 24.4159,
	9.36124 24.4092,
	9.35901 24.4092,
	9.35232 24.4015,
	9.35009 24.4015,
	9.34229 24.3926,
	9.33894 24.388,
	9.33894 24.3858,
	9.33672 24.3836,
	9.33672 24.3813,
	9.33002 24.3735,
	9.32668 24.3646,
	9.31553 24.348,
	9.3133 24.3435,
	9.31107 24.3413,
	9.31107 24.339,
	9.30661 24.3356,
	9.3055 24.3312,
	9.29324 24.3167,
	9.291 24.3123,
	9.291 24.31,
	9.28654 24.3056,
	9.26537 24.2743,
	9.26091 24.2699,
	9.25867 24.2654,
	9.25645 24.2643,
	9.25645 24.2621,
	9.25199 24.2588,
	9.25199 24.2565,
	9.2453 24.2499,
	9.23972 24.2409,
	9.23972 24.232,
	9.23861 24.2275,
	9.23861 24.2264,
	9.23861 24.2253,
	9.24195 24.2208,
	9.2453 24.2119,
	9.24641 24.2075,
	9.24975 24.203,
	9.25199 24.2008,
	9.2531 24.1963,
	9.26202 24.1907,
	9.26648 24.1885,
	9.2687 24.1885,
	9.27094 24.1862,
	9.30661 24.1851,
	9.34229 24.1885,
	9.34675 24.1885,
	9.35455 24.194,
	9.37239 24.2019,
	9.3735 24.2041,
	9.37796 24.2053,
	9.38688 24.2119,
	9.38911 24.2119,
	9.39134 24.2142,
	9.39356 24.2142,
	9.40918 24.2264,
	9.4181 24.232,
	9.43593 24.2353,
	9.47161 24.2353,
	9.48944 24.2364,
	9.52512 24.2442,
	9.54296 24.2499,
	9.55187 24.251,
	9.56079 24.2543,
	9.59647 24.2588,
	9.61431 24.2654,
	9.61876 24.2665,
	9.621 24.2665,
	9.62322 24.2688,
	9.62768 24.2699,
	9.63214 24.2732,
	9.6366 24.2743,
	9.65221 24.2866,
	9.6589 24.2921,
	9.66001 24.2945,
	9.66225 24.2945,
	9.67674 24.3067,
	9.70573 24.3367,
	9.72133 24.3535,
	9.72356 24.358,
	9.7269 24.3602,
	9.73025 24.3646,
	9.73025 24.3669,
	9.73471 24.3691,
	9.73805 24.3735,
	9.73917 24.3758,
	9.74363 24.3769,
	9.74808 24.3813,
	9.76592 24.3892,
	9.78376 24.3992,
	9.79045 24.4048,
	9.80048 24.4215,
	9.80494 24.4304,
	9.80829 24.4348,
	9.82278 24.4694,
	9.82389 24.4739,
	9.82835 24.4783,
	9.83281 24.4862,
	9.83616 24.4895,
	9.83616 24.4918,
	9.8395 24.4962,
	9.84062 24.5007,
	9.84284 24.5029,
	9.85511 24.5364,
	9.85511 24.5408,
	9.85734 24.5453,
	9.85734 24.5475,
	9.85957 24.5486,
	9.86291 24.5575,
	9.86291 24.562,
	9.86514 24.5664,
	9.87629 24.6378,
	9.8774 24.6734,
	9.87629 24.6913,
	9.87294 24.7091,
	9.87072 24.7136,
	9.86737 24.7315,
	9.86403 24.7404,
	9.86291 24.7761,
	9.86626 24.8474,
	9.86737 24.9188,
	9.86737 24.9277,
	9.87072 24.9366,
	9.87294 24.9388,
	9.8774 24.9566,
	9.87629 24.9745,
	9.87629 24.9767,
	9.87406 24.9789,
	9.87072 24.9878,
	9.85957 25.0056,
	9.85622 25.0101,
	9.85399 25.0191,
	9.85176 25.0235,
	9.85176 25.0258,
	9.8473 25.0302,
	9.8473 25.0324,
	9.82167 25.067,
	9.81832 25.0715,
	9.81609 25.0726,
	9.81609 25.0748,
	9.80717 25.0804,
	9.79825 25.0837,
	9.78041 25.0837,
	9.77149 25.0815,
	9.75366 25.0815,
	9.74586 25.0882,
	9.74028 25.0971,
	9.73917 25.106,
	9.75366 25.1417,
	9.75589 25.1506,
	9.75589 25.1596,
	9.75589 25.164,
	9.75366 25.1685,
	9.75366 25.1707,
	9.74474 25.1774,
	"/>
</Transform>

<Transform dim="0"
 xcoef=" 0 1 0 0 0 0"
 ycoef=" 0 0 1 0 0 0">
<Contour name="d13" hidden="false" closed="true" simplified="true" border="0 0 0" fill="0 0 0" mode="11"
 points="20.2953 21.3332,
	20.2833 21.3302,
	20.2607 21.3136,
	20.2502 21.3061,
	20.2457 21.3016,
	20.2427 21.3016,
	20.2397 21.2971,
	20.2277 21.2851,
	20.2217 21.2806,
	20.2187 21.2746,
	20.2156 21.2731,
	20.2141 21.261,
	20.2217 21.2369,
	20.2232 21.2249,
	20.2262 21.2188,
	20.2292 21.1948,
	20.2307 21.1828,
	20.2322 21.1768,
	20.2352 21.1737,
	20.2427 21.1497,
	20.2472 21.1256,
	20.2472 21.1015,
	20.2457 21.0895,
	20.2367 21.0654,
	20.2307 21.0414,
	20.2217 21.0173,
	20.2217 21.0113,
	20.2126 20.9873,
	20.2096 20.9752,
	20.2065 20.9737,
	20.2065 20.9707,
	20.202 20.9647,
	20.2005 20.9586,
	20.2005 20.9556,
	20.193 20.9451,
	20.1885 20.933,
	20.1885 20.93,
	20.1855 20.9285,
	20.1855 20.9225,
	20.1825 20.921,
	20.181 20.909,
	20.178 20.903,
	20.172 20.8549,
	20.1705 20.8308,
	20.1705 20.8188,
	20.1629 20.7947,
	20.1584 20.7706,
	20.1569 20.7466,
	20.1569 20.7405,
	20.1569 20.739,
	20.1629 20.7375,
	20.1644 20.7345,
	20.1705 20.7345,
	20.1765 20.7315,
	20.1885 20.7315,
	20.2126 20.724,
	20.2292 20.7045,
	20.2397 20.6819,
	20.2457 20.6699,
	20.2487 20.6639,
	20.2487 20.6609,
	20.2517 20.6578,
	20.2562 20.6337,
	20.2547 20.5856,
	20.2547 20.5616,
	20.2532 20.5495,
	20.2427 20.5255,
	20.2277 20.5013,
	20.2217 20.4953,
	20.2217 20.4923,
	20.2065 20.4683,
	20.205 20.4623,
	20.202 20.4593,
	20.202 20.4532,
	20.199 20.4502,
	20.1915 20.4262,
	20.187 20.3781,
	20.187 20.3661,
	20.19 20.3539,
	20.19 20.3479,
	20.1975 20.3359,
	20.202 20.3329,
	20.2126 20.3224,
	20.2352 20.3088,
	20.2472 20.3013,
	20.2532 20.2998,
	20.2562 20.2953,
	20.2803 20.2803,
	20.2803 20.2773,
	20.3028 20.2607,
	20.3239 20.2487,
	20.3479 20.2487,
	20.36 20.2472,
	20.3631 20.2472,
	20.3691 20.2427,
	20.3721 20.2397,
	20.3721 20.2367,
	20.3781 20.2322,
	20.3916 20.2111,
	20.3916 20.208,
	20.4066 20.19,
	20.4157 20.1795,
	20.4202 20.1765,
	20.4232 20.1765,
	20.4352 20.1689,
	20.4472 20.1644,
	20.4502 20.1644,
	20.4532 20.1614,
	20.4653 20.1569,
	20.4743 20.1569,
	20.4773 20.1539,
	20.4893 20.1509,
	20.4953 20.1494,
	20.4983 20.1464,
	20.5465 20.1314,
	20.5586 20.1284,
	20.5646 20.1254,
	20.5676 20.1254,
	20.5706 20.1224,
	20.5736 20.1224,
	20.5781 20.1178,
	20.5811 20.1178,
	20.5901 20.1073,
	20.6142 20.0878,
	20.6262 20.0803,
	20.6322 20.0788,
	20.6442 20.0712,
	20.6503 20.0697,
	20.6533 20.0667,
	20.6759 20.0576,
	20.6789 20.0576,
	20.6819 20.0546,
	20.73 20.0411,
	20.7541 20.0381,
	20.7781 20.0381,
	20.8022 20.0441,
	20.8082 20.0471,
	20.8173 20.0471,
	20.8203 20.0501,
	20.8444 20.0561,
	20.8474 20.0592,
	20.8594 20.0607,
	20.8834 20.0682,
	20.8955 20.0727,
	20.9015 20.0727,
	20.9045 20.0758,
	20.9075 20.0758,
	20.909 20.0788,
	20.915 20.0788,
	20.9391 20.0893,
	20.9451 20.0923,
	20.9481 20.0923,
	20.9541 20.0983,
	20.9647 20.1058,
	20.9752 20.1178,
	20.9812 20.1299,
	20.9827 20.1359,
	20.9903 20.1464,
	20.9903 20.1494,
	20.9948 20.1539,
	20.9948 20.1569,
	20.9978 20.1584,
	20.9978 20.1614,
	21.0068 20.1735,
	21.0068 20.1765,
	21.0113 20.1825,
	21.0143 20.1855,
	21.0143 20.1915,
	21.0173 20.1975,
	21.0173 20.2005,
	21.0203 20.2035,
	21.0218 20.2156,
	21.0263 20.2277,
	21.0293 20.2758,
	21.0293 20.2998,
	21.0188 20.3239,
	21.0008 20.3449,
	20.9948 20.3509,
	20.9948 20.3539,
	20.9873 20.3646,
	20.9827 20.3706,
	20.9737 20.3946,
	20.9586 20.4187,
	20.9556 20.4217,
	20.9466 20.4457,
	20.9421 20.4578,
	20.9391 20.4623,
	20.9391 20.4653,
	20.9361 20.4683,
	20.9345 20.4743,
	20.9345 20.4773,
	20.93 20.4833,
	20.9255 20.4953,
	20.9225 20.5013,
	20.921 20.5255,
	20.9361 20.5736,
	20.9436 20.6217,
	20.9481 20.6457,
	20.9496 20.6518,
	20.9541 20.6578,
	20.9752 20.7045,
	20.9752 20.7105,
	20.9797 20.7165,
	20.9812 20.7225,
	20.9858 20.7285,
	20.9873 20.7345,
	20.9918 20.7405,
	20.9918 20.7435,
	20.9948 20.7451,
	20.9948 20.7511,
	20.9978 20.7541,
	20.9978 20.7571,
	21.0008 20.7601,
	21.0038 20.7721,
	21.0068 20.7781,
	21.0083 20.7901,
	21.0113 20.7962,
	21.0113 20.7992,
	21.0143 20.8022,
	21.0173 20.8143,
	21.0158 20.8263,
	21.0023 20.8489,
	20.9948 20.8579,
	20.9948 20.8609,
	20.9767 20.8804,
	20.9541 20.903,
	20.9451 20.915,
	20.9376 20.924,
	20.9285 20.9361,
	20.9225 20.9481,
	20.9195 20.9541,
	20.9165 20.9556,
	20.9165 20.9586,
	20.9105 20.9647,
	20.8955 20.9888,
	20.8895 20.9948,
	20.8759 21.0173,
	20.8594 21.0399,
	20.8519 21.0489,
	20.8414 21.0594,
	20.8323 21.0669,
	20.8203 21.0774,
	20.7962 21.0865,
	20.7901 21.0895,
	20.7871 21.0925,
	20.7751 21.094,
	20.7631 21.0985,
	20.7601 21.0985,
	20.7541 21.103,
	20.7511 21.103,
	20.7481 21.106,
	20.7 21.1151,
	20.6939 21.1181,
	20.6879 21.1181,
	20.6654 21.1332,
	20.6548 21.1422,
	20.6337 21.1542,
	20.6277 21.1572,
	20.6247 21.1572,
	20.6187 21.1632,
	20.6127 21.1662,
	20.5931 21.1903,
	20.5901 21.1963,
	20.5841 21.2023,
	20.5766 21.2113,
	20.5646 21.2188,
	20.5616 21.2218,
	20.5495 21.2264,
	20.5465 21.2264,
	20.5435 21.2294,
	20.5375 21.2294,
	20.5255 21.2339,
	20.5195 21.2354,
	20.509 21.2444,
	20.5043 21.2489,
	20.4983 21.2504,
	20.4968 21.2534,
	20.4938 21.2534,
	20.4818 21.261,
	20.4758 21.2625,
	20.4698 21.267,
	20.4668 21.267,
	20.4547 21.2746,
	20.4487 21.2761,
	20.4457 21.2791,
	20.3976 21.2956,
	20.3916 21.3001,
	20.3434 21.3181,
	20.3404 21.3212,
	20.3314 21.3212,
	20.3254 21.3257,
	20.3013 21.3302,
	"/>
</Transform>

<Transform dim="0"
 xcoef=" 0 1 0 0 0 0"
 ycoef=" 0 0 1 0 0 0">
<Contour name="d51c03" hidden="false" closed="true" simplified="true" border="0 0 1" fill="0 0 1" mode="11"
 points="9.61755 24.9024,
	9.61007 24.9006,
	9.60632 24.9006,
	9.59602 24.8884,
	9.59414 24.881,
	9.59414 24.8772,
	9.59227 24.8753,
	9.59041 24.8603,
	9.58198 24.8304,
	9.58104 24.8229,
	9.56418 24.7629,
	9.56137 24.748,
	9.56044 24.718,
	9.56044 24.7105,
	9.56044 24.7068,
	9.56044 24.7058,
	9.56044 24.7049,
	9.56137 24.6974,
	9.57261 24.6834,
	9.58666 24.673,
	9.58946 24.6712,
	9.60444 24.6702,
	9.61194 24.6712,
	9.61943 24.674,
	9.62317 24.6758,
	9.62411 24.6778,
	9.62785 24.6787,
	9.63066 24.6825,
	9.63348 24.6843,
	9.63816 24.6909,
	9.64096 24.6927,
	9.64284 24.6965,
	9.64564 24.6984,
	9.65875 24.7265,
	9.65969 24.7302,
	9.66156 24.7321,
	9.66156 24.7358,
	9.66812 24.7498,
	9.66812 24.7536,
	9.67373 24.7685,
	9.67748 24.7985,
	9.67748 24.8584,
	9.67748 24.8659,
	9.67467 24.8735,
	9.67467 24.8884,
	9.67373 24.8959,
	9.66998 24.8987,
	9.655 24.9015,
	9.62505 24.9024,
	"/>
</Transform>

<Transform dim="0"
 xcoef=" 0 1 0 0 0 0"
 ycoef=" 0 0 1 0 0 0">
<Contour name="d51c03" hidden="false" closed="true" simplified="true" border="0 0 1" fill="0 0 1" mode="11"
 points="9.54827 24.6469,
	9.54078 24.6459,
	9.53516 24.6459,
	9.53141 24.6385,
	9.52767 24.6234,
	9.5258 24.6159,
	9.52205 24.6085,
	9.52205 24.6047,
	9.51831 24.5972,
	9.51175 24.5682,
	9.51175 24.5532,
	9.51175 24.5514,
	9.51175 24.5504,
	9.5155 24.543,
	9.5258 24.5298,
	9.53329 24.5223,
	9.53703 24.5204,
	9.55201 24.5195,
	9.5595 24.5204,
	9.57448 24.5307,
	9.58572 24.5458,
	9.58946 24.5523,
	9.59134 24.5598,
	9.59321 24.5607,
	9.59976 24.5907,
	9.59976 24.6057,
	9.59976 24.6131,
	9.59789 24.6169,
	9.59789 24.6187,
	9.59602 24.6206,
	9.59509 24.6243,
	9.58853 24.63,
	9.57448 24.6385,
	9.57261 24.6403,
	9.56887 24.6403,
	9.55389 24.6459,
	9.55014 24.6459,
	"/>
</Transform>

<Transform dim="0"
 xcoef=" 0 1 0 0 0 0"
 ycoef=" 0 0 1 0 0 0">
<Contour name="d04sp06" hidden="false" closed="true" simplified="true" border="1 0 0" fill="1 0 0" mode="11"
 points="18.6929 25.7711,
	18.6884 25.7705,
	18.6861 25.7699,
	18.6839 25.7683,
	18.6828 25.7683,
	18.6793 25.7643,
	18.6793 25.7632,
	18.677 25.7609,
	18.6765 25.7587,
	18.6731 25.7553,
	18.6697 25.7508,
	18.668 25.7497,
	18.6596 25.7407,
	18.6574 25.7379,
	18.6574 25.7368,
	18.6545 25.7328,
	18.6523 25.7305,
	18.6523 25.7294,
	18.6495 25.7249,
	18.6478 25.7226,
	18.6472 25.7204,
	18.6456 25.7176,
	18.6444 25.7131,
	18.6427 25.7108,
	18.6399 25.7018,
	18.6366 25.694,
	18.6338 25.685,
	18.6325 25.6804,
	18.6314 25.6798,
	18.6258 25.6618,
	18.623 25.6528,
	18.6224 25.6506,
	18.6224 25.6495,
	18.6213 25.6483,
	18.6207 25.6438,
	18.619 25.6393,
	18.6174 25.6302,
	18.6157 25.6257,
	18.6134 25.5898,
	18.6134 25.5717,
	18.6134 25.5694,
	18.6134 25.5683,
	18.6134 25.5678,
	18.6185 25.5498,
	18.6196 25.5453,
	18.6207 25.543,
	18.6213 25.5384,
	18.6224 25.5373,
	18.6235 25.5328,
	18.6235 25.5317,
	18.6247 25.5306,
	18.6258 25.5261,
	18.6275 25.5244,
	18.628 25.5221,
	18.6388 25.5053,
	18.6405 25.5036,
	18.6405 25.5025,
	18.6427 25.5002,
	18.6427 25.4991,
	18.6456 25.4946,
	18.6467 25.4922,
	18.6478 25.4911,
	18.6489 25.4866,
	18.6501 25.4844,
	18.6506 25.4664,
	18.6484 25.4484,
	18.6472 25.4123,
	18.6472 25.3942,
	18.6484 25.3852,
	18.6545 25.3673,
	18.6551 25.365,
	18.6624 25.3566,
	18.6669 25.3526,
	18.6714 25.3498,
	18.6737 25.3486,
	18.6748 25.3475,
	18.677 25.3475,
	18.6776 25.3464,
	18.6867 25.3436,
	18.6957 25.343,
	18.6979 25.343,
	18.7064 25.3498,
	18.7075 25.3504,
	18.7075 25.3515,
	18.7092 25.3526,
	18.712 25.3566,
	18.7142 25.3588,
	18.717 25.3628,
	18.7176 25.365,
	18.7193 25.3673,
	18.7193 25.3695,
	18.7232 25.3779,
	18.7232 25.3791,
	18.7243 25.3796,
	18.7243 25.3819,
	18.7288 25.3903,
	18.7346 25.3983,
	18.7368 25.4,
	18.7368 25.4011,
	18.7379 25.4011,
	18.7419 25.4045,
	18.743 25.4045,
	18.7447 25.4061,
	18.7458 25.4061,
	18.7531 25.4123,
	18.757 25.4157,
	18.7582 25.4157,
	18.766 25.423,
	18.77 25.4258,
	18.7711 25.4275,
	18.775 25.4314,
	18.7756 25.4337,
	18.7813 25.4416,
	18.7836 25.4456,
	18.7852 25.4478,
	18.7858 25.4501,
	18.7892 25.4546,
	18.7903 25.4557,
	18.7909 25.458,
	18.792 25.4585,
	18.7926 25.4608,
	18.7976 25.4681,
	18.7976 25.4692,
	18.8004 25.4737,
	18.8027 25.4754,
	18.8032 25.4776,
	18.806 25.4821,
	18.8072 25.4832,
	18.8072 25.4844,
	18.81 25.4889,
	18.8117 25.4911,
	18.8122 25.4935,
	18.8134 25.4946,
	18.8134 25.4957,
	18.8145 25.4968,
	18.8156 25.5013,
	18.8167 25.5019,
	18.8195 25.5103,
	18.8218 25.5148,
	18.8218 25.5171,
	18.8235 25.5216,
	18.8246 25.5238,
	18.8264 25.5328,
	18.8275 25.5373,
	18.8275 25.5384,
	18.8286 25.5396,
	18.8286 25.5419,
	18.8298 25.5441,
	18.8298 25.5464,
	18.8314 25.5509,
	18.8326 25.5689,
	18.8331 25.5779,
	18.8314 25.596,
	18.8303 25.6319,
	18.8314 25.668,
	18.832 25.6861,
	18.832 25.6951,
	18.8309 25.6996,
	18.8292 25.7018,
	18.8292 25.703,
	18.824 25.7114,
	18.8212 25.7153,
	18.8173 25.7193,
	18.8145 25.7237,
	18.8072 25.7311,
	18.7993 25.7368,
	18.7954 25.7385,
	18.7869 25.7435,
	18.7847 25.7446,
	18.7836 25.7446,
	18.7824 25.7458,
	18.7733 25.7486,
	18.7688 25.7491,
	18.7644 25.7508,
	18.7599 25.7514,
	18.7554 25.7531,
	18.7509 25.7536,
	18.7475 25.757,
	18.7458 25.7587,
	18.7447 25.7587,
	18.7424 25.7609,
	18.7402 25.7615,
	18.7379 25.7632,
	18.7357 25.7638,
	18.7334 25.7654,
	18.7312 25.766,
	18.7301 25.766,
	18.7288 25.7671,
	18.7198 25.7694,
	18.7019 25.7711,
	"/>
</Transform>

<Transform dim="0"
 xcoef=" 0 1 0 0 0 0"
 ycoef=" 0 0 1 0 0 0">
<Contour name="d13sp08" hidden="false" closed="true" simplified="true" border="1 0 0" fill="1 0 0" mode="11"
 points="21.4016 19.1323,
	21.3915 19.1283,
	21.3869 19.125,
	21.3849 19.1223,
	21.3835 19.1209,
	21.3829 19.1101,
	21.3849 19.0995,
	21.3855 19.0888,
	21.3835 19.0834,
	21.3835 19.0821,
	21.3815 19.0807,
	21.3768 19.0761,
	21.3742 19.0734,
	21.3702 19.07,
	21.3674 19.068,
	21.366 19.066,
	21.3647 19.066,
	21.36 19.0619,
	21.3547 19.0592,
	21.3493 19.0552,
	21.3467 19.0539,
	21.3426 19.0492,
	21.3406 19.0465,
	21.3393 19.0412,
	21.3393 19.0365,
	21.3393 19.0359,
	21.34 19.0305,
	21.3426 19.0252,
	21.3426 19.0225,
	21.344 19.0211,
	21.3467 19.0104,
	21.3473 19.0077,
	21.3487 19.0063,
	21.3487 19.0037,
	21.3487 19.0023,
	21.35 19.001,
	21.3527 18.9903,
	21.3547 18.985,
	21.3547 18.9823,
	21.358 18.9716,
	21.36 18.9661,
	21.3607 18.9608,
	21.3674 18.9394,
	21.3688 18.9367,
	21.3695 18.9314,
	21.3835 18.8892,
	21.3849 18.8838,
	21.3862 18.8811,
	21.3862 18.8785,
	21.3862 18.8771,
	21.3875 18.8758,
	21.3875 18.873,
	21.3949 18.8516,
	21.3956 18.8463,
	21.3982 18.8409,
	21.3982 18.8396,
	21.4022 18.8343,
	21.4123 18.8255,
	21.4164 18.8208,
	21.4211 18.8175,
	21.4211 18.8161,
	21.4237 18.8134,
	21.4271 18.8081,
	21.4277 18.8054,
	21.4297 18.8027,
	21.4338 18.7921,
	21.4358 18.7867,
	21.4371 18.784,
	21.4384 18.7834,
	21.4404 18.778,
	21.4418 18.7766,
	21.4418 18.7752,
	21.4458 18.7706,
	21.4471 18.7679,
	21.4498 18.7659,
	21.4571 18.7565,
	21.4618 18.7525,
	21.4625 18.7512,
	21.4653 18.7505,
	21.4753 18.7432,
	21.4806 18.7398,
	21.4833 18.7371,
	21.488 18.7338,
	21.498 18.7243,
	21.502 18.719,
	21.508 18.7096,
	21.508 18.7083,
	21.5101 18.7056,
	21.5115 18.7043,
	21.5122 18.7016,
	21.5142 18.6996,
	21.5142 18.6983,
	21.5168 18.6956,
	21.5168 18.6943,
	21.5215 18.6903,
	21.5229 18.6882,
	21.5335 18.6822,
	21.5389 18.6815,
	21.5416 18.6815,
	21.5469 18.6795,
	21.5576 18.6788,
	21.5631 18.6775,
	21.5657 18.6754,
	21.5704 18.6734,
	21.5751 18.6701,
	21.5824 18.6614,
	21.5858 18.6561,
	21.5931 18.6474,
	21.5971 18.6434,
	21.5985 18.6414,
	21.6038 18.636,
	21.6079 18.6319,
	21.6093 18.6319,
	21.6119 18.6292,
	21.6253 18.6292,
	21.628 18.6306,
	21.6287 18.6319,
	21.63 18.6319,
	21.6347 18.636,
	21.6367 18.638,
	21.6373 18.6407,
	21.6414 18.6454,
	21.6434 18.6474,
	21.6434 18.6487,
	21.646 18.65,
	21.6474 18.6527,
	21.6575 18.6601,
	21.6622 18.6627,
	21.6635 18.6641,
	21.6662 18.6648,
	21.6762 18.6708,
	21.6809 18.6748,
	21.6829 18.6761,
	21.6869 18.6808,
	21.6896 18.6862,
	21.6909 18.729,
	21.6882 18.7505,
	21.6862 18.7612,
	21.6822 18.7719,
	21.6762 18.7827,
	21.6749 18.784,
	21.6749 18.7854,
	21.6722 18.788,
	21.6702 18.7934,
	21.6695 18.7961,
	21.6662 18.8014,
	21.6622 18.8121,
	21.6602 18.8175,
	21.6602 18.8228,
	21.6635 18.8336,
	21.6649 18.8389,
	21.6649 18.8496,
	21.6635 18.8603,
	21.6615 18.8657,
	21.6608 18.871,
	21.6595 18.8737,
	21.6582 18.8751,
	21.6568 18.8805,
	21.6514 18.8912,
	21.6447 18.9019,
	21.6347 18.9106,
	21.6333 18.9119,
	21.6307 18.9126,
	21.6253 18.9159,
	21.6226 18.9166,
	21.6213 18.9179,
	21.6113 18.9227,
	21.6099 18.924,
	21.6086 18.924,
	21.5978 18.93,
	21.5925 18.9341,
	21.5878 18.9367,
	21.5864 18.9381,
	21.5851 18.9381,
	21.5764 18.9481,
	21.5724 18.9588,
	21.5671 18.9803,
	21.5604 19.0017,
	21.5589 19.003,
	21.5583 19.0057,
	21.5583 19.007,
	21.5563 19.0097,
	21.5543 19.015,
	21.5529 19.0178,
	21.5529 19.0191,
	21.5509 19.0218,
	21.5503 19.0245,
	21.5482 19.0272,
	21.5476 19.0298,
	21.5416 19.0392,
	21.5322 19.0492,
	21.5282 19.0539,
	21.5175 19.0626,
	21.5122 19.066,
	21.5094 19.0674,
	21.508 19.0687,
	21.5054 19.0694,
	21.5034 19.072,
	21.4927 19.0767,
	21.49 19.0774,
	21.4873 19.0794,
	21.486 19.0807,
	21.4833 19.0807,
	21.4806 19.0827,
	21.4753 19.0847,
	21.4726 19.0861,
	21.4713 19.0861,
	21.4673 19.0901,
	21.4653 19.0921,
	21.4638 19.0921,
	21.4545 19.0995,
	21.4471 19.1068,
	21.4458 19.1068,
	21.4438 19.1095,
	21.4384 19.1128,
	21.4364 19.1156,
	21.4351 19.1156,
	21.4257 19.1236,
	21.4217 19.127,
	21.4204 19.127,
	21.4149 19.1303,
	21.4096 19.1323,
	"/>
</Transform>

<Transform dim="0"
 xcoef=" 0 1 0 0 0 0"
 ycoef=" 0 0 1 0 0 0">
<Contour name="d13sp08" hidden="false" closed="true" simplified="true" border="1 0 0" fill="1 0 0" mode="11"
 points="21.6978 18.3188,
	21.6851 18.3148,
	21.6803 18.31,
	21.674 18.3077,
	21.6732 18.3061,
	21.6716 18.3061,
	21.6661 18.2997,
	21.6621 18.2933,
	21.6597 18.2909,
	21.6549 18.2782,
	21.6525 18.2719,
	21.6509 18.2464,
	21.6501 18.2337,
	21.635 18.1828,
	21.6303 18.1702,
	21.6287 18.167,
	21.6287 18.1638,
	21.6255 18.1575,
	21.6176 18.132,
	21.6128 18.1193,
	21.6097 18.1066,
	21.6081 18.1033,
	21.6081 18.1002,
	21.604 18.0875,
	21.6016 18.0811,
	21.5969 18.0557,
	21.5953 18.0048,
	21.5953 18.004,
	21.5953 18.0032,
	21.5985 17.9905,
	21.6008 17.9842,
	21.6016 17.981,
	21.604 17.9794,
	21.6048 17.9762,
	21.6136 17.9636,
	21.6239 17.9539,
	21.6303 17.9492,
	21.643 17.9452,
	21.6461 17.9444,
	21.6525 17.9405,
	21.6541 17.9389,
	21.6557 17.9389,
	21.6645 17.9286,
	21.6685 17.923,
	21.674 17.9183,
	21.6772 17.9151,
	21.6803 17.9134,
	21.6819 17.9118,
	21.6946 17.9078,
	21.7074 17.9071,
	21.7138 17.9055,
	21.7264 17.9055,
	21.7391 17.9078,
	21.7455 17.9094,
	21.7486 17.911,
	21.7551 17.9118,
	21.7678 17.9167,
	21.7741 17.919,
	21.7805 17.923,
	21.7821 17.9246,
	21.7852 17.9254,
	21.7979 17.9341,
	21.8091 17.9436,
	21.8091 17.9452,
	21.8139 17.9508,
	21.8163 17.9532,
	21.8186 17.9587,
	21.8266 17.9707,
	21.8274 17.9739,
	21.8297 17.977,
	21.8305 17.9802,
	21.8385 17.9913,
	21.8552 18.0168,
	21.856 18.02,
	21.8576 18.0208,
	21.8576 18.0239,
	21.8592 18.0271,
	21.8608 18.0287,
	21.8616 18.0319,
	21.8639 18.035,
	21.8687 18.0477,
	21.8687 18.0509,
	21.8711 18.0572,
	21.8711 18.0605,
	21.8735 18.0669,
	21.8735 18.0684,
	21.875 18.07,
	21.875 18.0732,
	21.8782 18.0772,
	21.8806 18.0827,
	21.8814 18.0859,
	21.8854 18.0922,
	21.8869 18.0986,
	21.8869 18.1018,
	21.8885 18.1049,
	21.8901 18.1304,
	21.8885 18.1431,
	21.8854 18.1559,
	21.8846 18.1591,
	21.8822 18.1622,
	21.8814 18.1654,
	21.8758 18.1717,
	21.8719 18.1757,
	21.8679 18.1813,
	21.8679 18.1828,
	21.8624 18.1892,
	21.8592 18.1939,
	21.8576 18.1955,
	21.8576 18.1987,
	21.856 18.2019,
	21.856 18.2036,
	21.8544 18.2051,
	21.852 18.2305,
	21.8536 18.2369,
	21.8536 18.2496,
	21.8536 18.256,
	21.8497 18.2687,
	21.8489 18.2719,
	21.8472 18.2734,
	21.844 18.2861,
	21.844 18.2989,
	21.844 18.3053,
	21.8408 18.3116,
	21.8353 18.3156,
	21.8226 18.318,
	21.8099 18.318,
	21.8036 18.3172,
	21.8004 18.3156,
	21.7749 18.3116,
	21.7494 18.31,
	21.7439 18.3108,
	21.7407 18.3124,
	21.7391 18.3124,
	21.736 18.3148,
	21.7233 18.318,
	"/>
</Transform>

<Transform dim="0"
 xcoef=" 0 1 0 0 0 0"
 ycoef=" 0 0 1 0 0 0">
<Contour name="d04sp10" hidden="false" closed="true" simplified="true" border="1 0 0" fill="1 0 0" mode="11"
 points="19.1818 28.7513,
	19.1746 28.7495,
	19.16 28.7495,
	19.1527 28.7486,
	19.1491 28.7486,
	19.1418 28.7459,
	19.1391 28.7431,
	19.1373 28.7359,
	19.1373 28.7214,
	19.1373 28.7141,
	19.1373 28.7132,
	19.1373 28.7123,
	19.1391 28.705,
	19.1391 28.7013,
	19.1391 28.6995,
	19.1418 28.6959,
	19.1436 28.6886,
	19.1436 28.6868,
	19.1454 28.685,
	19.1454 28.6832,
	19.1473 28.6814,
	19.1473 28.6777,
	19.1518 28.6705,
	19.1545 28.6669,
	19.1554 28.6632,
	19.1581 28.6596,
	19.159 28.6559,
	19.1628 28.6523,
	19.1637 28.6486,
	19.1737 28.635,
	19.1854 28.625,
	19.1891 28.6223,
	19.1927 28.6223,
	19.2 28.6196,
	19.2072 28.6205,
	19.2109 28.6223,
	19.2173 28.6287,
	19.22 28.6314,
	19.2209 28.635,
	19.2227 28.6359,
	19.2236 28.6396,
	19.2282 28.6459,
	19.2309 28.6605,
	19.2318 28.6895,
	19.2318 28.6968,
	19.2273 28.7114,
	19.2255 28.715,
	19.2255 28.7168,
	19.2236 28.7178,
	19.2236 28.7214,
	19.2218 28.7232,
	19.2218 28.725,
	19.22 28.7259,
	19.22 28.7295,
	19.2155 28.7368,
	19.2137 28.7377,
	19.2137 28.7395,
	19.2072 28.7459,
	19.2036 28.7486,
	19.1891 28.7513,
	"/>
</Transform>

<Transform dim="0"
 xcoef=" 0 1 0 0 0 0"
 ycoef=" 0 0 1 0 0 0">
<Contour name="d04sp10" hidden="false" closed="true" simplified="true" border="1 0 0" fill="1 0 0" mode="11"
 points="18.8829 27.911,
	18.8614 27.909,
	18.8561 27.907,
	18.8534 27.907,
	18.8527 27.9057,
	18.8501 27.9057,
	18.8494 27.9043,
	18.844 27.903,
	18.8427 27.903,
	18.8407 27.901,
	18.838 27.9003,
	18.8367 27.9003,
	18.834 27.8983,
	18.8327 27.8983,
	18.8293 27.895,
	18.828 27.895,
	18.8225 27.8916,
	18.8205 27.8895,
	18.8192 27.8895,
	18.8165 27.8868,
	18.8152 27.8868,
	18.8098 27.8815,
	18.8045 27.8775,
	18.8031 27.8748,
	18.8004 27.8734,
	18.8004 27.8721,
	18.7991 27.8721,
	18.7951 27.8674,
	18.7944 27.8661,
	18.7931 27.8661,
	18.7911 27.8634,
	18.7864 27.8601,
	18.7837 27.8587,
	18.7824 27.8574,
	18.781 27.8574,
	18.779 27.8547,
	18.7777 27.8547,
	18.7729 27.8507,
	18.7716 27.8507,
	18.7696 27.8487,
	18.7689 27.848,
	18.7742 27.8467,
	18.8172 27.8433,
	18.8198 27.8433,
	18.8307 27.8386,
	18.8333 27.8379,
	18.836 27.8359,
	18.838 27.8352,
	18.8407 27.8332,
	18.846 27.8312,
	18.8507 27.8272,
	18.8547 27.8252,
	18.8561 27.8238,
	18.8588 27.8232,
	18.8641 27.8198,
	18.8654 27.8185,
	18.8668 27.8185,
	18.8688 27.8158,
	18.887 27.8031,
	18.889 27.8011,
	18.8903 27.8004,
	18.8903 27.7991,
	18.8977 27.791,
	18.9003 27.7883,
	18.9151 27.7675,
	18.9191 27.7622,
	18.9191 27.7608,
	18.9212 27.7582,
	18.9225 27.7568,
	18.9245 27.7521,
	18.9259 27.7495,
	18.9272 27.7501,
	18.9292 27.7555,
	18.9292 27.7582,
	18.9305 27.7608,
	18.9305 27.7622,
	18.9319 27.7635,
	18.9339 27.7742,
	18.9352 27.7756,
	18.9359 27.7971,
	18.9352 27.8078,
	18.9352 27.8131,
	18.9332 27.8238,
	18.9326 27.8292,
	18.9292 27.8399,
	18.9285 27.8453,
	18.9252 27.8561,
	18.9232 27.8614,
	18.9232 27.8627,
	18.9212 27.8654,
	18.9191 27.8708,
	18.9177 27.8721,
	18.9157 27.8775,
	18.9124 27.8821,
	18.911 27.8842,
	18.911 27.8855,
	18.909 27.8875,
	18.909 27.8888,
	18.9057 27.8943,
	18.9044 27.895,
	18.9044 27.8963,
	18.8957 27.905,
	18.891 27.9083,
	18.8883 27.9097,
	18.8856 27.9097,
	"/>
</Transform>

<Transform dim="0"
 xcoef=" 0 1 0 0 0 0"
 ycoef=" 0 0 1 0 0 0">
<Contour name="d13sp06" hidden="false" closed="true" simplified="true" border="1 0 0" fill="1 0 0" mode="11"
 points="20.779 19.5265,
	20.7723 19.5257,
	20.7655 19.5223,
	20.7621 19.5206,
	20.7494 19.5079,
	20.7494 19.5062,
	20.7461 19.5028,
	20.7452 19.4994,
	20.7426 19.496,
	20.74 19.4824,
	20.7384 19.4757,
	20.7384 19.4689,
	20.7299 19.4417,
	20.7257 19.4282,
	20.724 19.4248,
	20.7231 19.418,
	20.7206 19.4113,
	20.7197 19.3841,
	20.7197 19.3706,
	20.724 19.3434,
	20.7274 19.3299,
	20.7299 19.3231,
	20.7307 19.3197,
	20.7367 19.313,
	20.7503 19.3062,
	20.7638 19.2968,
	20.7706 19.29,
	20.774 19.2867,
	20.7757 19.2833,
	20.7875 19.2706,
	20.7935 19.2655,
	20.7935 19.2638,
	20.7969 19.2613,
	20.7986 19.2579,
	20.802 19.2553,
	20.8087 19.2417,
	20.8138 19.2282,
	20.818 19.201,
	20.8189 19.1468,
	20.818 19.0926,
	20.8138 19.0791,
	20.8121 19.0774,
	20.8113 19.074,
	20.8011 19.0604,
	20.8003 19.057,
	20.7969 19.0544,
	20.7969 19.0528,
	20.7935 19.0494,
	20.7909 19.0426,
	20.752 18.9884,
	20.7417 18.9757,
	20.7282 18.9663,
	20.7214 18.9621,
	20.7121 18.9485,
	20.7045 18.935,
	20.7003 18.9214,
	20.7003 18.9188,
	20.7003 18.918,
	20.7011 18.9112,
	20.7071 18.8977,
	20.7206 18.8901,
	20.7478 18.885,
	20.7613 18.8833,
	20.8155 18.8688,
	20.8427 18.8646,
	20.8697 18.8587,
	20.8765 18.8561,
	20.8799 18.8561,
	20.907 18.8435,
	20.9206 18.835,
	20.9223 18.835,
	20.929 18.8291,
	20.9553 18.8171,
	20.9816 18.8078,
	20.985 18.8078,
	20.9918 18.8053,
	21.0189 18.8011,
	21.0325 18.8002,
	21.046 18.8028,
	21.0596 18.8095,
	21.0723 18.8197,
	21.0748 18.8231,
	21.079 18.8367,
	21.0825 18.8638,
	21.0817 18.8774,
	21.079 18.8909,
	21.0782 18.8943,
	21.0765 18.896,
	21.0756 18.9028,
	21.0731 18.9061,
	21.0537 18.9604,
	21.0503 18.9671,
	21.0503 18.9706,
	21.0469 18.9774,
	21.0469 18.9808,
	21.0367 19.0078,
	21.0325 19.0146,
	21.0299 19.0215,
	21.0121 19.0485,
	21.0104 19.0519,
	21.007 19.0553,
	21.0028 19.0612,
	20.9969 19.0681,
	20.9935 19.0715,
	20.9918 19.0731,
	20.991 19.0765,
	20.9833 19.0901,
	20.9816 19.0934,
	20.9807 19.107,
	20.9842 19.1206,
	20.9859 19.1274,
	20.9876 19.1308,
	20.9884 19.1375,
	20.9901 19.1409,
	20.9918 19.1544,
	20.991 19.1816,
	20.9884 19.1951,
	20.979 19.2223,
	20.9714 19.2358,
	20.9537 19.263,
	20.9435 19.2757,
	20.9316 19.2884,
	20.9273 19.2951,
	20.9265 19.2985,
	20.9282 19.3053,
	20.9393 19.3316,
	20.9401 19.3384,
	20.9384 19.3451,
	20.9367 19.3485,
	20.9367 19.3519,
	20.9231 19.379,
	20.9054 19.4062,
	20.9003 19.413,
	20.8977 19.4164,
	20.8961 19.418,
	20.8961 19.4197,
	20.8927 19.4231,
	20.8901 19.4299,
	20.8884 19.4316,
	20.8875 19.435,
	20.8858 19.4367,
	20.8841 19.4434,
	20.8807 19.4503,
	20.8799 19.4537,
	20.8706 19.4672,
	20.8664 19.474,
	20.863 19.4765,
	20.863 19.4782,
	20.8562 19.485,
	20.8461 19.4986,
	20.8333 19.5096,
	20.8197 19.5172,
	20.8062 19.5231,
	20.7927 19.5257,
	"/>
</Transform>

<Transform dim="0"
 xcoef=" 0 1 0 0 0 0"
 ycoef=" 0 0 1 0 0 0">
<Contour name="d04sp08" hidden="false" closed="true" simplified="true" border="1 0 0" fill="1 0 0" mode="11"
 points="18.0577 26.8244,
	18.0548 26.824,
	18.0489 26.8214,
	18.0437 26.8173,
	18.0426 26.8166,
	18.0411 26.8151,
	18.0407 26.8144,
	18.04 26.8144,
	18.0351 26.8096,
	18.0344 26.8088,
	18.0344 26.8081,
	18.0318 26.8062,
	18.0318 26.8055,
	18.027 26.7999,
	18.0229 26.7944,
	18.0218 26.7929,
	18.0214 26.7914,
	18.0177 26.7857,
	18.0166 26.7843,
	18.0166 26.7835,
	18.0148 26.7806,
	18.0137 26.7791,
	18.0103 26.7672,
	18.0091 26.7554,
	18.0087 26.7435,
	18.0087 26.7405,
	18.0087 26.739,
	18.0087 26.7386,
	18.0099 26.7327,
	18.0103 26.7297,
	18.0122 26.7241,
	18.0129 26.7234,
	18.0133 26.7219,
	18.0166 26.7167,
	18.0181 26.7156,
	18.0181 26.7149,
	18.0192 26.7134,
	18.02 26.713,
	18.02 26.7123,
	18.0211 26.7116,
	18.0225 26.7101,
	18.0244 26.7075,
	18.0251 26.7064,
	18.0303 26.7019,
	18.0314 26.7012,
	18.0329 26.6997,
	18.0381 26.6964,
	18.0437 26.6938,
	18.0496 26.6919,
	18.0555 26.6914,
	18.0586 26.6914,
	18.0615 26.6927,
	18.063 26.693,
	18.0638 26.693,
	18.0645 26.6938,
	18.0653 26.6938,
	18.066 26.6945,
	18.069 26.6953,
	18.0745 26.6982,
	18.0764 26.6997,
	18.0778 26.7001,
	18.083 26.7038,
	18.0838 26.7045,
	18.0845 26.7045,
	18.0897 26.7086,
	18.0953 26.7134,
	18.0975 26.716,
	18.0975 26.7167,
	18.1008 26.7227,
	18.1008 26.7234,
	18.1027 26.7264,
	18.1053 26.7323,
	18.1087 26.7443,
	18.1091 26.7472,
	18.1098 26.7487,
	18.1106 26.7546,
	18.1102 26.7783,
	18.1091 26.7843,
	18.1072 26.7903,
	18.1065 26.7933,
	18.1056 26.7936,
	18.1056 26.7951,
	18.1049 26.7958,
	18.1049 26.7966,
	18.1042 26.797,
	18.103 26.7996,
	18.1012 26.8025,
	18.0964 26.8066,
	18.0949 26.8073,
	18.0941 26.8081,
	18.0882 26.8096,
	18.0823 26.8096,
	18.0793 26.8099,
	18.0764 26.811,
	18.0749 26.8114,
	18.0723 26.817,
	18.0704 26.8196,
	18.0697 26.821,
	18.0667 26.8229,
	18.0608 26.824,
	"/>
</Transform>

<Transform dim="0"
 xcoef=" 0 1 0 0 0 0"
 ycoef=" 0 0 1 0 0 0">
<Contour name="d61sp10" hidden="false" closed="true" simplified="true" border="1 0 0" fill="1 0 0" mode="11"
 points="15.1196 18.5299,
	15.1158 18.528,
	15.1121 18.528,
	15.1017 18.5148,
	15.0922 18.4997,
	15.0808 18.4873,
	15.0685 18.4731,
	15.0685 18.4712,
	15.0629 18.4656,
	15.06 18.4618,
	15.06 18.4599,
	15.0516 18.4458,
	15.0516 18.4439,
	15.0497 18.442,
	15.0393 18.4117,
	15.0374 18.4079,
	15.0374 18.406,
	15.0288 18.3908,
	15.026 18.388,
	15.025 18.3842,
	15.0231 18.3823,
	15.0231 18.3804,
	15.0203 18.3766,
	15.0203 18.3748,
	15.0118 18.3606,
	15.0052 18.3454,
	15.0024 18.3378,
	15.0005 18.3341,
	15.0005 18.3303,
	14.9986 18.3284,
	14.9976 18.3209,
	14.9948 18.3133,
	14.9948 18.3095,
	14.9929 18.3057,
	14.992 18.2905,
	14.992 18.283,
	14.992 18.2792,
	14.992 18.2783,
	14.9958 18.2632,
	14.9976 18.2594,
	15.0005 18.1988,
	15.0033 18.1912,
	15.0033 18.1874,
	15.009 18.1723,
	15.009 18.1705,
	15.0109 18.1686,
	15.0175 18.1534,
	15.0203 18.1505,
	15.0231 18.143,
	15.0231 18.1411,
	15.0279 18.1345,
	15.0297 18.1307,
	15.0316 18.1288,
	15.0374 18.1137,
	15.0374 18.1099,
	15.0402 18.1023,
	15.0431 18.0721,
	15.0431 18.0569,
	15.0431 18.0531,
	15.0487 18.038,
	15.0497 18.0342,
	15.0516 18.0323,
	15.0525 18.0286,
	15.0544 18.0267,
	15.0544 18.0248,
	15.0638 18.0096,
	15.0638 18.0077,
	15.0657 18.0058,
	15.0667 18.002,
	15.0685 18.0001,
	15.0685 17.9964,
	15.0714 17.9926,
	15.0714 17.9888,
	15.0742 17.985,
	15.0808 17.9699,
	15.0808 17.968,
	15.0827 17.9661,
	15.0875 17.9509,
	15.0894 17.9472,
	15.0894 17.9453,
	15.0913 17.9443,
	15.0913 17.9406,
	15.0932 17.9387,
	15.0941 17.9311,
	15.0998 17.916,
	15.1026 17.9121,
	15.1036 17.9084,
	15.1055 17.9074,
	15.1055 17.9055,
	15.1111 17.8989,
	15.1111 17.897,
	15.1168 17.8904,
	15.1168 17.8885,
	15.1225 17.881,
	15.13 17.8659,
	15.1499 17.8365,
	15.1509 17.8327,
	15.1565 17.8252,
	15.1594 17.8214,
	15.1594 17.8195,
	15.1688 17.8043,
	15.1716 17.8005,
	15.1735 17.7996,
	15.1735 17.7977,
	15.1878 17.7854,
	15.1916 17.7826,
	15.1935 17.7826,
	15.1963 17.7798,
	15.2001 17.7788,
	15.201 17.7769,
	15.2161 17.7741,
	15.2171 17.7722,
	15.2246 17.7713,
	15.2323 17.7684,
	15.2474 17.7665,
	15.2549 17.7617,
	15.2587 17.7599,
	15.2662 17.7532,
	15.271 17.7485,
	15.2729 17.7485,
	15.2805 17.7429,
	15.2843 17.74,
	15.2862 17.74,
	15.2899 17.7372,
	15.2937 17.7363,
	15.2956 17.7344,
	15.3107 17.7334,
	15.3259 17.7344,
	15.3335 17.7353,
	15.3372 17.7372,
	15.3448 17.7372,
	15.3599 17.7419,
	15.3902 17.7599,
	15.4025 17.7732,
	15.4091 17.7883,
	15.4138 17.8034,
	15.4138 17.8072,
	15.4375 17.8309,
	15.4422 17.8375,
	15.4422 17.8394,
	15.4479 17.846,
	15.4479 17.8478,
	15.4583 17.862,
	15.4611 17.8659,
	15.4621 17.8697,
	15.4649 17.8734,
	15.4649 17.8753,
	15.4677 17.8791,
	15.4706 17.8867,
	15.4716 17.8904,
	15.4801 17.9046,
	15.4886 17.9349,
	15.4886 17.9368,
	15.4905 17.9387,
	15.4914 17.9424,
	15.4914 17.9443,
	15.4933 17.9462,
	15.4942 17.95,
	15.4942 17.9519,
	15.4961 17.9538,
	15.4971 17.9576,
	15.499 17.9594,
	15.499 17.9613,
	15.5084 17.9756,
	15.5131 17.9831,
	15.5189 17.9888,
	15.5217 17.9926,
	15.5217 17.9945,
	15.5274 18.0011,
	15.5302 18.0086,
	15.5331 18.0125,
	15.5368 18.0276,
	15.5387 18.0427,
	15.5387 18.0579,
	15.5349 18.073,
	15.5331 18.0768,
	15.5331 18.0787,
	15.5227 18.0928,
	15.516 18.0995,
	15.5084 18.1042,
	15.4933 18.1099,
	15.4895 18.1118,
	15.4876 18.1118,
	15.4858 18.1137,
	15.4782 18.1165,
	15.4763 18.1165,
	15.4754 18.1184,
	15.4716 18.1194,
	15.4677 18.1222,
	15.4611 18.125,
	15.4573 18.1279,
	15.4536 18.1288,
	15.4526 18.1307,
	15.4488 18.1317,
	15.4469 18.1335,
	15.4451 18.1335,
	15.4413 18.1364,
	15.4394 18.1364,
	15.4328 18.142,
	15.4309 18.142,
	15.4166 18.1515,
	15.4157 18.1534,
	15.4138 18.1534,
	15.4063 18.1591,
	15.4025 18.1601,
	15.4015 18.162,
	15.3996 18.162,
	15.3723 18.1818,
	15.3486 18.2045,
	15.3372 18.2178,
	15.3239 18.2319,
	15.3183 18.2385,
	15.3164 18.2414,
	15.3041 18.2556,
	15.2937 18.2698,
	15.289 18.2754,
	15.289 18.2773,
	15.2805 18.2924,
	15.27 18.3227,
	15.2691 18.3265,
	15.2606 18.3416,
	15.2577 18.3493,
	15.2568 18.353,
	15.2549 18.3549,
	15.253 18.3625,
	15.2511 18.3663,
	15.2492 18.3672,
	15.2492 18.371,
	15.2464 18.3748,
	15.2455 18.3785,
	15.2436 18.3804,
	15.2436 18.3842,
	15.2379 18.3994,
	15.2351 18.4145,
	15.2341 18.4296,
	15.2323 18.4372,
	15.2323 18.4448,
	15.2246 18.475,
	15.2237 18.4788,
	15.2237 18.4807,
	15.2218 18.4826,
	15.2171 18.4978,
	15.2123 18.5053,
	15.2057 18.511,
	15.2038 18.511,
	15.2029 18.5129,
	15.1991 18.5138,
	15.184 18.5223,
	15.1688 18.528,
	15.1386 18.5299,
	"/>
</Transform>

<Transform dim="0"
 xcoef=" 0 1 0 0 0 0"
 ycoef=" 0 0 1 0 0 0">
<Contour name="d04c08" hidden="false" closed="true" simplified="true" border="0 0 1" fill="0 0 1" mode="11"
 points="18.0178 26.8176,
	18.0151 26.8172,
	18.0137 26.8165,
	18.013 26.8159,
	18.0117 26.8155,
	18.0072 26.8118,
	18.0055 26.8098,
	18.0045 26.8084,
	18.0038 26.8077,
	18.0038 26.8071,
	18.0028 26.8057,
	18.0021 26.8054,
	18.0021 26.8047,
	18.0007 26.8033,
	18.0007 26.8027,
	17.9997 26.8013,
	17.9987 26.7989,
	17.9977 26.7979,
	17.9957 26.7925,
	17.9943 26.787,
	17.9933 26.7843,
	17.9923 26.7789,
	17.9919 26.768,
	17.9919 26.7629,
	17.9919 26.7626,
	17.9933 26.7572,
	17.9953 26.7518,
	17.9967 26.7491,
	17.9974 26.748,
	17.9987 26.7467,
	18.0024 26.7426,
	18.0068 26.7388,
	18.0082 26.7385,
	18.0085 26.7378,
	18.0113 26.7371,
	18.0168 26.7371,
	18.0222 26.7388,
	18.0225 26.7396,
	18.0232 26.7396,
	18.0239 26.7403,
	18.0252 26.7406,
	18.0279 26.7426,
	18.0313 26.748,
	18.0323 26.7494,
	18.0323 26.7501,
	18.0334 26.7514,
	18.0371 26.7623,
	18.0381 26.765,
	18.0384 26.7656,
	18.0381 26.7663,
	18.0398 26.769,
	18.0398 26.7704,
	18.0411 26.7731,
	18.0415 26.7745,
	18.0415 26.7751,
	18.0425 26.7765,
	18.0425 26.7778,
	18.0435 26.7805,
	18.0442 26.7819,
	18.0442 26.7833,
	18.0462 26.7888,
	18.0469 26.7915,
	18.0469 26.7969,
	18.0452 26.8023,
	18.0408 26.8064,
	18.0394 26.8074,
	18.0388 26.8074,
	18.034 26.8111,
	18.0286 26.8145,
	18.0273 26.8155,
	18.0245 26.8165,
	18.0232 26.8172,
	"/>
</Transform>

<Transform dim="0"
 xcoef=" 0 1 0 0 0 0"
 ycoef=" 0 0 1 0 0 0">
<Contour name="d51sp07" hidden="false" closed="true" simplified="true" border="1 0 0" fill="1 0 0" mode="11"
 points="8.85384 22.4571,
	8.84947 22.456,
	8.84838 22.456,
	8.84729 22.4549,
	8.83855 22.4533,
	8.83418 22.4516,
	8.83199 22.4506,
	8.82763 22.45,
	8.82653 22.4489,
	8.82435 22.4484,
	8.82216 22.4467,
	8.82107 22.4467,
	8.81725 22.4435,
	8.81507 22.4424,
	8.81342 22.4402,
	8.81179 22.4391,
	8.80961 22.4369,
	8.8036 22.4288,
	8.79978 22.4249,
	8.79432 22.4178,
	8.79267 22.4161,
	8.7752 22.4161,
	8.76646 22.415,
	8.76209 22.4134,
	8.761 22.4134,
	8.7599 22.4123,
	8.75772 22.4118,
	8.75663 22.4118,
	8.74843 22.4058,
	8.74734 22.4047,
	8.74625 22.4047,
	8.74461 22.403,
	8.74406 22.4009,
	8.74188 22.3992,
	8.74078 22.397,
	8.73969 22.3965,
	8.73969 22.3954,
	8.73697 22.3911,
	8.73478 22.3878,
	8.73423 22.3856,
	8.73314 22.3851,
	8.72986 22.3675,
	8.72986 22.3632,
	8.72986 22.3615,
	8.72986 22.361,
	8.73095 22.3588,
	8.73095 22.3577,
	8.7326 22.3555,
	8.73314 22.3533,
	8.73478 22.3512,
	8.73587 22.3501,
	8.73697 22.3501,
	8.74134 22.3468,
	8.7457 22.3463,
	8.74789 22.3457,
	8.74898 22.3457,
	8.75007 22.3446,
	8.75881 22.3419,
	8.76318 22.3397,
	8.76427 22.3386,
	8.76537 22.3386,
	8.76646 22.3375,
	8.76755 22.3375,
	8.77575 22.3305,
	8.78175 22.3222,
	8.78284 22.32,
	8.78284 22.3113,
	8.77902 22.3026,
	8.77738 22.2982,
	8.77575 22.296,
	8.76919 22.2785,
	8.7681 22.2774,
	8.76701 22.273,
	8.75772 22.2556,
	8.75663 22.255,
	8.75609 22.2529,
	8.75609 22.2518,
	8.75499 22.2507,
	8.75444 22.2485,
	8.75281 22.2463,
	8.75172 22.242,
	8.74953 22.2376,
	8.74843 22.2371,
	8.74789 22.2327,
	8.7468 22.2316,
	8.74188 22.2141,
	8.74134 22.1966,
	8.74188 22.1923,
	8.74352 22.1879,
	8.74352 22.1868,
	8.74461 22.1857,
	8.74515 22.1834,
	8.74789 22.1796,
	8.75117 22.1769,
	8.75281 22.1747,
	8.75499 22.1736,
	8.75718 22.1715,
	8.76155 22.1698,
	8.76264 22.1687,
	8.76373 22.1687,
	8.76592 22.1671,
	8.77466 22.1644,
	8.77575 22.1644,
	8.77684 22.1633,
	8.78558 22.1627,
	8.78995 22.1616,
	8.8249 22.16,
	8.83364 22.1589,
	8.84238 22.1567,
	8.84675 22.1551,
	8.8817 22.1491,
	8.89917 22.1453,
	8.90027 22.1453,
	8.90136 22.1442,
	8.90573 22.1437,
	8.91447 22.1398,
	8.91884 22.1393,
	8.92266 22.1371,
	8.9314 22.1348,
	8.93577 22.1337,
	8.93795 22.1332,
	8.93905 22.1332,
	8.94014 22.1321,
	8.94888 22.131,
	8.95762 22.131,
	8.96199 22.1321,
	8.97017 22.1371,
	8.97182 22.1387,
	8.97236 22.1398,
	8.97454 22.1404,
	8.97618 22.1426,
	8.97837 22.1437,
	8.98165 22.1475,
	8.98274 22.148,
	8.98274 22.1491,
	8.98657 22.1524,
	8.9882 22.1546,
	8.99038 22.1556,
	8.99038 22.1567,
	9.00623 22.1704,
	9.00841 22.1715,
	9.01004 22.1736,
	9.01387 22.1758,
	9.01606 22.178,
	9.01715 22.178,
	9.02534 22.1841,
	9.02698 22.1857,
	9.02807 22.1857,
	9.03244 22.189,
	9.03463 22.1895,
	9.0379 22.1928,
	9.04609 22.1983,
	9.04827 22.2004,
	9.05046 22.2015,
	9.0521 22.2037,
	9.06084 22.2097,
	9.06521 22.2124,
	9.0723 22.2179,
	9.07667 22.2206,
	9.07886 22.2228,
	9.08269 22.2255,
	9.09744 22.2409,
	9.09853 22.2425,
	9.10071 22.2447,
	9.10126 22.2469,
	9.10235 22.2474,
	9.10235 22.2485,
	9.10399 22.2501,
	9.10508 22.2545,
	9.10672 22.2567,
	9.1089 22.2654,
	9.10999 22.2741,
	9.10999 22.2829,
	9.10999 22.2873,
	9.10508 22.3047,
	9.10453 22.3069,
	9.10453 22.308,
	9.10344 22.3091,
	9.10235 22.3135,
	9.10126 22.3156,
	9.10126 22.3167,
	9.09798 22.3211,
	9.09689 22.3233,
	9.08979 22.3321,
	9.08596 22.3364,
	9.08596 22.3375,
	9.08214 22.3419,
	9.08214 22.343,
	9.07941 22.3463,
	9.07286 22.355,
	9.06684 22.3626,
	9.06357 22.3664,
	9.06303 22.3686,
	9.0592 22.373,
	9.05538 22.3812,
	9.05483 22.3987,
	9.05319 22.4074,
	9.05046 22.4161,
	9.04773 22.4199,
	9.04664 22.4221,
	9.03844 22.4277,
	9.03626 22.4277,
	9.03408 22.4288,
	9.02534 22.4293,
	9.02097 22.4293,
	9.01223 22.426,
	9.00786 22.4239,
	9.00568 22.4239,
	9.00349 22.4227,
	8.99912 22.4221,
	8.99694 22.4221,
	8.98875 22.4271,
	8.98657 22.4282,
	8.98492 22.4304,
	8.98274 22.4315,
	8.97509 22.4391,
	8.97072 22.4424,
	8.95325 22.4451,
	8.93577 22.4467,
	8.92703 22.4506,
	8.92266 22.4506,
	8.92048 22.4516,
	8.91611 22.4516,
	8.91174 22.45,
	8.90956 22.4495,
	8.90519 22.4467,
	8.90082 22.4467,
	8.89208 22.4451,
	8.88771 22.4451,
	8.88553 22.4457,
	8.88443 22.4467,
	8.88334 22.4467,
	8.8757 22.4527,
	8.87133 22.4549,
	8.86259 22.4571,
	"/>
</Transform>

<Transform dim="0"
 xcoef=" 0 1 0 0 0 0"
 ycoef=" 0 0 1 0 0 0">
<Contour name="d51c07" hidden="false" closed="true" simplified="true" border="0 0 1" fill="0 0 1" mode="11"
 points="9.08657 22.304,
	9.08146 22.3033,
	9.07891 22.3024,
	9.07445 22.2992,
	9.0719 22.2973,
	9.07126 22.2963,
	9.06999 22.2957,
	9.06552 22.2912,
	9.06489 22.29,
	9.06362 22.289,
	9.06011 22.2839,
	9.0582 22.2817,
	9.0582 22.2811,
	9.05692 22.2798,
	9.05533 22.2771,
	9.05277 22.2752,
	9.05214 22.2743,
	9.05086 22.2736,
	9.0464 22.2689,
	9.04513 22.2679,
	9.04513 22.2673,
	9.04067 22.2628,
	9.03844 22.2606,
	9.03588 22.259,
	9.03525 22.2581,
	9.03301 22.2558,
	9.03142 22.2539,
	9.03015 22.2526,
	9.02696 22.2482,
	9.02505 22.2463,
	9.02441 22.245,
	9.02345 22.2444,
	9.02059 22.2393,
	9.0193 22.2367,
	9.0193 22.2361,
	9.01835 22.2352,
	9.01835 22.2339,
	9.0174 22.2329,
	9.01644 22.2303,
	9.01612 22.2201,
	9.01612 22.2198,
	9.01771 22.2147,
	9.01835 22.2125,
	9.01867 22.2112,
	9.0193 22.2109,
	9.01963 22.2096,
	9.02059 22.2083,
	9.02122 22.2058,
	9.02218 22.2045,
	9.02218 22.2039,
	9.02281 22.2032,
	9.02505 22.1982,
	9.026 22.1956,
	9.02759 22.1931,
	9.02791 22.1918,
	9.02951 22.1893,
	9.03047 22.1867,
	9.03142 22.1854,
	9.03238 22.1832,
	9.03588 22.1787,
	9.04003 22.1742,
	9.04226 22.1726,
	9.04386 22.171,
	9.04513 22.1707,
	9.04735 22.1685,
	9.04959 22.1672,
	9.05086 22.1663,
	9.05596 22.1656,
	9.05852 22.1656,
	9.05979 22.1663,
	9.06106 22.1663,
	9.06233 22.1669,
	9.06298 22.1669,
	9.06425 22.1678,
	9.0668 22.1688,
	9.06743 22.1688,
	9.0684 22.1701,
	9.07254 22.1729,
	9.07318 22.1729,
	9.07796 22.1774,
	9.0786 22.1774,
	9.08274 22.1815,
	9.08752 22.1858,
	9.08975 22.1877,
	9.09038 22.1886,
	9.09262 22.1908,
	9.09389 22.1915,
	9.09453 22.1924,
	9.09899 22.1959,
	9.09963 22.1972,
	9.1009 22.1982,
	9.10155 22.1988,
	9.10155 22.1994,
	9.10282 22.2007,
	9.10633 22.2061,
	9.10824 22.2087,
	9.10855 22.2099,
	9.10919 22.2102,
	9.10919 22.2109,
	9.11015 22.2118,
	9.11046 22.2131,
	9.11206 22.215,
	9.1127 22.2157,
	9.11365 22.2179,
	9.11429 22.2192,
	9.11429 22.2198,
	9.11493 22.2204,
	9.11844 22.2306,
	9.12034 22.2358,
	9.12099 22.2383,
	9.12163 22.2396,
	9.12163 22.2409,
	9.12226 22.2422,
	9.12322 22.2472,
	9.12385 22.2574,
	9.12385 22.2676,
	9.12353 22.2727,
	9.12194 22.2778,
	9.12163 22.279,
	9.11971 22.2817,
	9.11907 22.283,
	9.11461 22.2874,
	9.11334 22.2884,
	9.11334 22.289,
	9.11143 22.2912,
	9.11046 22.2919,
	9.10824 22.2941,
	9.10824 22.2947,
	9.10346 22.2986,
	9.09836 22.3014,
	9.09708 22.302,
	9.09677 22.3027,
	9.09167 22.3036,
	"/>
</Transform>

<Transform dim="0"
 xcoef=" 0 1 0 0 0 0"
 ycoef=" 0 0 1 0 0 0">
<Contour name="d61p09" hidden="false" closed="true" simplified="true" border="1 0 0" fill="1 0 0" mode="11"
 points="15.1778 16.4565,
	15.1586 16.4373,
	15.1778 16.418,
	15.1971 16.4373,
	"/>
</Transform>

<Transform dim="0"
 xcoef=" 0 1 0 0 0 0"
 ycoef=" 0 0 1 0 0 0">
<Contour name="d61sp09" hidden="false" closed="true" simplified="true" border="1 0 0" fill="1 0 0" mode="11"
 points="15.0962 16.4381,
	15.0953 16.4357,
	15.0944 16.4345,
	15.0944 16.4339,
	15.0935 16.4327,
	15.0935 16.4321,
	15.0926 16.4309,
	15.0923 16.4297,
	15.0914 16.4285,
	15.0905 16.426,
	15.0902 16.4248,
	15.0893 16.4236,
	15.0878 16.4189,
	15.0869 16.4165,
	15.086 16.4117,
	15.0857 16.4021,
	15.0857 16.3998,
	15.0857 16.3992,
	15.0857 16.3989,
	15.0869 16.3941,
	15.0872 16.3929,
	15.0872 16.3923,
	15.0878 16.392,
	15.0881 16.3896,
	15.0896 16.3848,
	15.0902 16.3836,
	15.092 16.374,
	15.0935 16.3692,
	15.0935 16.368,
	15.0944 16.3656,
	15.0944 16.3644,
	15.0959 16.3596,
	15.0965 16.3584,
	15.0965 16.3573,
	15.0977 16.3549,
	15.0983 16.3525,
	15.0989 16.3519,
	15.0989 16.3507,
	15.0998 16.3483,
	15.1004 16.348,
	15.1004 16.3474,
	15.101 16.3468,
	15.101 16.3462,
	15.1019 16.3453,
	15.1022 16.3441,
	15.1058 16.3405,
	15.1067 16.3393,
	15.1072 16.3393,
	15.1093 16.3375,
	15.1105 16.3369,
	15.1111 16.3363,
	15.1123 16.336,
	15.1135 16.3352,
	15.1159 16.3349,
	15.1183 16.334,
	15.1243 16.334,
	15.1267 16.3331,
	15.129 16.3328,
	15.1314 16.3319,
	15.1363 16.3312,
	15.1411 16.33,
	15.1459 16.3297,
	15.1507 16.3288,
	15.1602 16.3285,
	15.1698 16.3288,
	15.1722 16.3288,
	15.1745 16.3297,
	15.1763 16.3297,
	15.1766 16.3303,
	15.179 16.3312,
	15.1793 16.3319,
	15.1799 16.3319,
	15.1809 16.3331,
	15.1815 16.3331,
	15.183 16.3349,
	15.1836 16.3355,
	15.1836 16.336,
	15.179 16.3387,
	15.1778 16.339,
	15.1754 16.3405,
	15.1748 16.3411,
	15.1742 16.3411,
	15.173 16.342,
	15.1719 16.3423,
	15.1707 16.3432,
	15.1695 16.3435,
	15.1683 16.3444,
	15.1677 16.3444,
	15.1653 16.3462,
	15.1641 16.3465,
	15.1629 16.3474,
	15.1623 16.3483,
	15.1599 16.3498,
	15.1554 16.3543,
	15.1518 16.3584,
	15.1501 16.3605,
	15.1492 16.3617,
	15.1486 16.3623,
	15.1486 16.3629,
	15.1474 16.3638,
	15.1459 16.3662,
	15.1453 16.3668,
	15.1453 16.3674,
	15.1438 16.3692,
	15.1369 16.3788,
	15.1351 16.3812,
	15.1336 16.383,
	15.1336 16.3836,
	15.1314 16.3857,
	15.1314 16.3863,
	15.1302 16.3869,
	15.1302 16.3875,
	15.1228 16.3956,
	15.1213 16.3977,
	15.1207 16.3986,
	15.1195 16.3995,
	15.1165 16.4039,
	15.1132 16.4078,
	15.1114 16.4096,
	15.1013 16.4288,
	"/>
</Transform>

<Transform dim="0"
 xcoef=" 0 1 0 0 0 0"
 ycoef=" 0 0 1 0 0 0">
<Contour name="d61sp09" hidden="false" closed="true" simplified="true" border="1 0 0" fill="1 0 0" mode="11"
 points="15.0278 16.2377,
	15.0238 16.2362,
	15.0199 16.2356,
	15.0179 16.2356,
	15.0021 16.2302,
	14.9947 16.2267,
	14.9942 16.2257,
	14.9903 16.2247,
	14.9823 16.2203,
	14.9783 16.2183,
	14.9763 16.2178,
	14.9744 16.2163,
	14.9665 16.2139,
	14.9655 16.2129,
	14.9576 16.2094,
	14.9497 16.204,
	14.9487 16.204,
	14.9472 16.202,
	14.9452 16.201,
	14.9413 16.1971,
	14.9377 16.1941,
	14.9323 16.1861,
	14.9308 16.1841,
	14.9303 16.1822,
	14.9288 16.1802,
	14.9269 16.1723,
	14.9259 16.1683,
	14.9259 16.1644,
	14.9259 16.1624,
	14.9259 16.1619,
	14.9283 16.1585,
	14.9283 16.1575,
	14.9357 16.1516,
	14.9397 16.1511,
	14.9418 16.1501,
	14.9497 16.1496,
	14.9576 16.1501,
	14.9615 16.1516,
	14.9625 16.1516,
	14.9699 16.1565,
	14.9739 16.1595,
	14.9778 16.1634,
	14.9842 16.1713,
	14.9867 16.1748,
	14.9877 16.1758,
	14.9877 16.1767,
	14.9927 16.1841,
	14.9947 16.1882,
	14.9982 16.1921,
	14.9992 16.1936,
	15.0031 16.1971,
	15.0051 16.1986,
	15.0056 16.1996,
	15.0066 16.1996,
	15.014 16.205,
	15.015 16.205,
	15.0189 16.2079,
	15.0209 16.2084,
	15.0233 16.2109,
	15.0308 16.2158,
	15.0373 16.2233,
	15.0383 16.2272,
	15.0383 16.2312,
	15.0368 16.2351,
	15.0327 16.2367,
	15.0317 16.2377,
	"/>
</Transform>

<Transform dim="0"
 xcoef=" 0 1 0 0 0 0"
 ycoef=" 0 0 1 0 0 0">
<Contour name="d04p10" hidden="false" closed="true" simplified="true" border="1 0 0" fill="1 0 0" mode="11"
 points="18.8187 27.7812,
	18.8023 27.751,
	18.8353 27.751,
	"/>
</Transform>

<Transform dim="0"
 xcoef=" 0 1 0 0 0 0"
 ycoef=" 0 0 1 0 0 0">
<Contour name="d61c10" hidden="false" closed="true" simplified="true" border="0 0 1" fill="0 0 1" mode="11"
 points="15.2223 18.4808,
	15.2124 18.4802,
	15.2074 18.4789,
	15.1981 18.4727,
	15.1938 18.469,
	15.1894 18.4591,
	15.1832 18.4397,
	15.1788 18.4199,
	15.1769 18.41,
	15.1751 18.405,
	15.172 18.385,
	15.1713 18.3452,
	15.1713 18.3403,
	15.1713 18.3396,
	15.1713 18.339,
	15.1732 18.3291,
	15.1738 18.3192,
	15.1738 18.3142,
	15.1775 18.2943,
	15.1782 18.2893,
	15.1794 18.2868,
	15.1814 18.2769,
	15.1814 18.2756,
	15.1826 18.2744,
	15.1845 18.2694,
	15.1851 18.267,
	15.1863 18.2657,
	15.1876 18.2607,
	15.1931 18.2508,
	15.1938 18.2482,
	15.1969 18.2433,
	15.1987 18.2414,
	15.1987 18.2402,
	15.2012 18.2377,
	15.2155 18.2209,
	15.218 18.2185,
	15.2211 18.2147,
	15.2299 18.2079,
	15.2342 18.2036,
	15.2354 18.2036,
	15.2398 18.1991,
	15.2447 18.1904,
	15.2584 18.1724,
	15.2683 18.1625,
	15.2696 18.1607,
	15.2858 18.1444,
	15.2939 18.1376,
	15.2945 18.1364,
	15.2957 18.1364,
	15.3038 18.1295,
	15.3056 18.1277,
	15.3069 18.1271,
	15.3069 18.1258,
	15.3162 18.1184,
	15.3199 18.1146,
	15.338 18.1015,
	15.343 18.0984,
	15.3467 18.0959,
	15.3665 18.0841,
	15.3715 18.0817,
	15.3815 18.0786,
	15.3828 18.0786,
	15.384 18.0773,
	15.3865 18.0773,
	15.389 18.0761,
	15.3915 18.0761,
	15.3964 18.0742,
	15.3989 18.0742,
	15.4014 18.073,
	15.4039 18.073,
	15.4088 18.0711,
	15.4288 18.0705,
	15.4387 18.0717,
	15.4486 18.0742,
	15.4586 18.0786,
	15.4623 18.0823,
	15.4642 18.0841,
	15.4654 18.0848,
	15.4654 18.0872,
	15.4711 18.0966,
	15.4717 18.099,
	15.4729 18.1003,
	15.476 18.1103,
	15.4773 18.1153,
	15.4779 18.1177,
	15.4779 18.119,
	15.4791 18.1202,
	15.481 18.1302,
	15.4829 18.1345,
	15.4841 18.1444,
	15.4841 18.1545,
	15.4841 18.1557,
	15.4829 18.1569,
	15.4822 18.1594,
	15.4791 18.1644,
	15.4791 18.1656,
	15.4779 18.1662,
	15.4773 18.1687,
	15.4698 18.178,
	15.4654 18.183,
	15.4474 18.1985,
	15.4381 18.2054,
	15.4338 18.2092,
	15.4319 18.2116,
	15.4294 18.2129,
	15.4194 18.2209,
	15.4113 18.2284,
	15.4045 18.2358,
	15.4008 18.2396,
	15.3989 18.2408,
	15.3809 18.257,
	15.3641 18.2725,
	15.3597 18.2775,
	15.3554 18.2812,
	15.3473 18.2905,
	15.343 18.2949,
	15.3399 18.2987,
	15.3392 18.2999,
	15.338 18.2999,
	15.325 18.3185,
	15.3224 18.3216,
	15.3224 18.3229,
	15.3193 18.3272,
	15.3174 18.3297,
	15.3174 18.331,
	15.3143 18.3353,
	15.3125 18.3378,
	15.3087 18.3472,
	15.3081 18.3497,
	15.3063 18.3522,
	15.305 18.3565,
	15.3044 18.359,
	15.3032 18.3602,
	15.297 18.3801,
	15.2932 18.39,
	15.2914 18.3951,
	15.2908 18.3975,
	15.2895 18.3988,
	15.2827 18.4186,
	15.2827 18.4211,
	15.2808 18.4236,
	15.2777 18.4335,
	15.2727 18.4436,
	15.2714 18.4442,
	15.2708 18.4467,
	15.2696 18.4473,
	15.2696 18.4485,
	15.2665 18.4535,
	15.2621 18.4584,
	15.2584 18.4622,
	15.2572 18.4634,
	15.2559 18.4634,
	15.2485 18.4702,
	15.2472 18.4715,
	15.246 18.4715,
	15.2361 18.4783,
	15.2336 18.4789,
	15.2323 18.4802,
	"/>
</Transform>

<Transform dim="0"
 xcoef=" 0 1 0 0 0 0"
 ycoef=" 0 0 1 0 0 0">
<Contour name="d04p11" hidden="false" closed="true" simplified="true" border="1 0 0" fill="1 0 0" mode="11"
 points="18.8683 27.302,
	18.8491 27.2828,
	18.8683 27.2634,
	18.8876 27.2828,
	"/>
</Transform>

<Transform dim="0"
 xcoef=" 0 1 0 0 0 0"
 ycoef=" 0 0 1 0 0 0">
<Contour name="d04c11" hidden="false" closed="true" simplified="true" border="0 0 1" fill="0 0 1" mode="11"
 points="18.9356 27.3197,
	18.9332 27.3191,
	18.932 27.3179,
	18.9272 27.3179,
	18.9224 27.3161,
	18.9199 27.3154,
	18.9187 27.3154,
	18.9175 27.3142,
	18.9163 27.3142,
	18.9151 27.313,
	18.9127 27.3124,
	18.9103 27.31,
	18.9012 27.3034,
	18.8994 27.3022,
	18.8982 27.2998,
	18.8964 27.2986,
	18.8898 27.2896,
	18.888 27.2871,
	18.8874 27.2847,
	18.8856 27.2823,
	18.8838 27.2775,
	18.8826 27.2751,
	18.8826 27.2727,
	18.8814 27.2703,
	18.8814 27.2691,
	18.8802 27.2679,
	18.8802 27.2654,
	18.8778 27.2612,
	18.8748 27.2516,
	18.8729 27.2419,
	18.8723 27.2227,
	18.8723 27.2203,
	18.8723 27.2197,
	18.8723 27.219,
	18.8742 27.2166,
	18.8754 27.1973,
	18.8808 27.1883,
	18.8844 27.1847,
	18.8862 27.1829,
	18.8874 27.1829,
	18.891 27.1793,
	18.8934 27.1787,
	18.8952 27.1763,
	18.9049 27.1715,
	18.9145 27.1684,
	18.9242 27.1678,
	18.9266 27.1684,
	18.9278 27.1684,
	18.9362 27.1745,
	18.9362 27.1757,
	18.9398 27.1799,
	18.9416 27.1823,
	18.9416 27.1835,
	18.9477 27.1925,
	18.9495 27.1943,
	18.9501 27.1967,
	18.9513 27.1979,
	18.9549 27.2076,
	18.9561 27.21,
	18.9561 27.2112,
	18.9573 27.2124,
	18.9573 27.2148,
	18.9585 27.2172,
	18.9597 27.2184,
	18.9621 27.2281,
	18.9645 27.2329,
	18.9675 27.2425,
	18.9687 27.2473,
	18.97 27.2498,
	18.9712 27.2691,
	18.9712 27.2787,
	18.9706 27.2835,
	18.9706 27.2859,
	18.9687 27.2908,
	18.9675 27.292,
	18.9663 27.2968,
	18.9651 27.2974,
	18.9651 27.2986,
	18.9627 27.301,
	18.9567 27.3094,
	18.9519 27.3142,
	18.9507 27.3154,
	18.9495 27.3154,
	18.9452 27.3185,
	18.9404 27.3197,
	"/>
</Transform>

<Transform dim="0"
 xcoef=" 0 1 0 0 0 0"
 ycoef=" 0 0 1 0 0 0">
<Contour name="d61sp11" hidden="false" closed="true" simplified="true" border="1 0 0" fill="1 0 0" mode="11"
 points="16.7242 16.2404,
	16.7187 16.2394,
	16.7174 16.2394,
	16.716 16.2387,
	16.7104 16.2383,
	16.7049 16.2369,
	16.7035 16.2363,
	16.7008 16.2369,
	16.6898 16.2373,
	16.6843 16.2366,
	16.6815 16.2363,
	16.6802 16.2363,
	16.6774 16.2351,
	16.676 16.2344,
	16.6747 16.2344,
	16.6692 16.232,
	16.6663 16.2314,
	16.665 16.2307,
	16.6643 16.2307,
	16.6636 16.23,
	16.6629 16.23,
	16.6601 16.2283,
	16.6595 16.2283,
	16.6581 16.2272,
	16.6526 16.2252,
	16.6512 16.2248,
	16.6509 16.2241,
	16.6454 16.2224,
	16.644 16.2221,
	16.6426 16.221,
	16.6371 16.2193,
	16.6344 16.2183,
	16.6337 16.2176,
	16.6282 16.2159,
	16.6255 16.2145,
	16.6241 16.2142,
	16.6227 16.2132,
	16.62 16.2125,
	16.6193 16.2118,
	16.6178 16.2114,
	16.6171 16.2107,
	16.6116 16.2083,
	16.6103 16.2077,
	16.6099 16.207,
	16.6092 16.207,
	16.6068 16.2053,
	16.6054 16.2042,
	16.6051 16.2035,
	16.6044 16.2035,
	16.6 16.1991,
	16.5979 16.1967,
	16.5972 16.1963,
	16.5972 16.1956,
	16.5934 16.1905,
	16.5924 16.1891,
	16.5921 16.1877,
	16.591 16.1866,
	16.59 16.1839,
	16.59 16.1825,
	16.5893 16.1811,
	16.5883 16.1756,
	16.5883 16.1536,
	16.5883 16.1526,
	16.5883 16.1523,
	16.5893 16.1495,
	16.5893 16.1481,
	16.59 16.1468,
	16.59 16.1454,
	16.5907 16.1447,
	16.591 16.1433,
	16.591 16.1427,
	16.5917 16.142,
	16.5921 16.1391,
	16.5955 16.1281,
	16.5955 16.1274,
	16.5962 16.1271,
	16.5986 16.1216,
	16.6 16.1192,
	16.6003 16.1178,
	16.6027 16.1154,
	16.6041 16.1147,
	16.6048 16.114,
	16.6054 16.114,
	16.6061 16.1134,
	16.6068 16.1134,
	16.6082 16.1123,
	16.6109 16.1113,
	16.6164 16.111,
	16.6275 16.112,
	16.6303 16.1123,
	16.6358 16.114,
	16.6371 16.1144,
	16.6375 16.1151,
	16.6485 16.1168,
	16.6512 16.1175,
	16.6567 16.1178,
	16.6595 16.1185,
	16.6706 16.1182,
	16.6733 16.1175,
	16.6747 16.1175,
	16.6774 16.1165,
	16.6781 16.1165,
	16.6812 16.1147,
	16.6819 16.114,
	16.6833 16.1137,
	16.6884 16.1096,
	16.6898 16.1089,
	16.6905 16.1089,
	16.6929 16.1068,
	16.6942 16.1061,
	16.6949 16.1055,
	16.6956 16.1055,
	16.7011 16.1013,
	16.7059 16.0982,
	16.7111 16.0945,
	16.7135 16.0924,
	16.7187 16.0896,
	16.7201 16.0892,
	16.7208 16.0885,
	16.7235 16.0875,
	16.7242 16.0875,
	16.7249 16.0868,
	16.7359 16.0848,
	16.7469 16.0851,
	16.7483 16.0851,
	16.7496 16.0858,
	16.751 16.0858,
	16.7517 16.0865,
	16.7531 16.0868,
	16.7538 16.0875,
	16.7544 16.0875,
	16.7568 16.0896,
	16.7575 16.0896,
	16.7599 16.0921,
	16.762 16.0938,
	16.7659 16.0989,
	16.7669 16.1003,
	16.7669 16.101,
	16.7738 16.1116,
	16.7758 16.1144,
	16.7772 16.1158,
	16.7844 16.1261,
	16.7858 16.1285,
	16.7896 16.1336,
	16.7896 16.1343,
	16.7913 16.136,
	16.7913 16.1367,
	16.7933 16.1395,
	16.7954 16.1416,
	16.7968 16.144,
	16.7975 16.1444,
	16.7975 16.1451,
	16.7999 16.1475,
	16.8012 16.1499,
	16.8019 16.1505,
	16.8054 16.1615,
	16.8067 16.1725,
	16.8071 16.178,
	16.8071 16.1787,
	16.8064 16.1794,
	16.8064 16.1808,
	16.8054 16.1821,
	16.8043 16.1849,
	16.8026 16.1874,
	16.8002 16.1898,
	16.7999 16.1905,
	16.7971 16.1915,
	16.7964 16.1922,
	16.7951 16.1925,
	16.7923 16.1943,
	16.7916 16.1949,
	16.7909 16.1949,
	16.7903 16.1956,
	16.7896 16.1956,
	16.7885 16.1967,
	16.7879 16.1967,
	16.7872 16.1974,
	16.7865 16.1974,
	16.7851 16.1984,
	16.7844 16.1984,
	16.7841 16.1991,
	16.7834 16.1991,
	16.7727 16.207,
	16.7686 16.2107,
	16.7662 16.2128,
	16.7635 16.2156,
	16.7589 16.2204,
	16.7562 16.2231,
	16.7524 16.2272,
	16.7503 16.2289,
	16.7489 16.23,
	16.7483 16.231,
	16.7455 16.2327,
	16.7448 16.2338,
	16.7393 16.2373,
	16.739 16.238,
	16.7366 16.239,
	16.7352 16.2397,
	16.7297 16.2404,
	"/>
</Transform>

<Transform dim="0"
 xcoef=" 0 1 0 0 0 0"
 ycoef=" 0 0 1 0 0 0">
<Contour name="d61c11" hidden="false" closed="true" simplified="true" border="0 0 1" fill="0 0 1" mode="11"
 points="16.7862 16.1588,
	16.7851 16.158,
	16.7848 16.1574,
	16.7843 16.1574,
	16.7812 16.1533,
	16.7788 16.1489,
	16.7782 16.1467,
	16.7777 16.1456,
	16.7777 16.1412,
	16.7777 16.1406,
	16.7777 16.1404,
	16.7793 16.1381,
	16.7826 16.1348,
	16.7862 16.1306,
	16.7881 16.129,
	16.792 16.1248,
	16.7942 16.1232,
	16.7958 16.1218,
	16.798 16.1215,
	16.8 16.1232,
	16.8011 16.124,
	16.8016 16.1246,
	16.8016 16.1251,
	16.8024 16.1262,
	16.803 16.1268,
	16.8044 16.1312,
	16.8052 16.1334,
	16.8057 16.1345,
	16.8057 16.139,
	16.8055 16.14,
	16.8041 16.1423,
	16.8019 16.1445,
	16.8011 16.1456,
	16.7994 16.147,
	16.7925 16.1549,
	16.7889 16.1582,
	16.7867 16.1588,
	"/>
</Transform>

<Transform dim="0"
 xcoef=" 0 1 0 0 0 0"
 ycoef=" 0 0 1 0 0 0">
<Contour name="d51cfa03" hidden="false" closed="false" simplified="true" border="0 1 0" fill="1 0 0" mode="11"
 points="9.53992 24.5254,
	9.54465 24.5302,
	9.55174 24.5397,
	9.5659 24.5686,
	9.57476 24.5934,
	9.57889 24.6181,
	9.57889 24.6353,
	"/>
</Transform>

<Transform dim="0"
 xcoef=" 0 1 0 0 0 0"
 ycoef=" 0 0 1 0 0 0">
<Contour name="d51cfa03" hidden="false" closed="false" simplified="true" border="0 1 0" fill="1 0 0" mode="11"
 points="9.58811 24.6791,
	9.60746 24.6976,
	9.62448 24.7271,
	9.63377 24.7464,
	9.64306 24.7718,
	9.64306 24.7928,
	9.64227 24.8152,
	9.6446 24.8307,
	9.65079 24.8485,
	9.65543 24.8764,
	9.65311 24.9034,
	"/>
</Transform>

<Transform dim="0"
 xcoef=" 0 1 0 0 0 0"
 ycoef=" 0 0 1 0 0 0">
<Contour name="d04cfa08" hidden="false" closed="false" simplified="true" border="1 0 0" fill="1 0 0" mode="11"
 points="18.0171 26.744,
	18.0228 26.7684,
	18.0293 26.7829,
	18.0432 26.803,
	"/>
</Transform>

<Transform dim="0"
 xcoef=" 0 1 0 0 0 0"
 ycoef=" 0 0 1 0 0 0">
<Contour name="d61cfa10" hidden="false" closed="false" simplified="true" border="0 1 0" fill="1 0 0" mode="11"
 points="15.4707 18.1008,
	15.4684 18.1015,
	15.4302 18.1114,
	15.3801 18.1382,
	15.3479 18.1585,
	15.3157 18.1884,
	15.2752 18.243,
	15.2446 18.2924,
	15.2109 18.3725,
	15.2019 18.41,
	15.2019 18.4698,
	"/>
</Transform>

<Transform dim="0"
 xcoef=" 0 1 0 0 0 0"
 ycoef=" 0 0 1 0 0 0">
<Contour name="d04cfa11" hidden="false" closed="false" simplified="true" border="1 0 0" fill="1 0 0" mode="11"
 points="18.8891 27.1858,
	18.8969 27.2087,
	18.9066 27.237,
	18.9253 27.2798,
	18.9452 27.3147,
	"/>
</Transform>

<Transform dim="0"
 xcoef=" 0 1 0 0 0 0"
 ycoef=" 0 0 1 0 0 0">
<Contour name="d51cfa07" hidden="false" closed="false" simplified="true" border="0 1 0" fill="1 0 0" mode="11"
 points="9.02266 22.2056,
	9.06674 22.239,
	9.08487 22.2624,
	9.09557 22.2823,
	9.09887 22.2942,
	"/>
</Transform>

<Transform dim="0"
 xcoef=" 0 1 0 0 0 0"
 ycoef=" 0 0 1 0 0 0">
<Contour name="mito07" hidden="false" closed="false" simplified="true" border="1 1 0" fill="1 1 0" mode="11"
 points="17.0379 24.7933,
	17.2132 24.6719,
	"/>
</Transform>

<Transform dim="0"
 xcoef=" 0 1 0 0 0 0"
 ycoef=" 0 0 1 0 0 0">
<Contour name="d61cfa11" hidden="false" closed="false" simplified="true" border="0 1 0" fill="1 0 0" mode="11"
 points="16.7839 16.1362,
	16.7925 16.1516,
	"/>
</Transform>

<Transform dim="0"
 xcoef=" 0 1 0 0 0 0"
 ycoef=" 0 0 1 0 0 0">
<Contour name="d63p08" hidden="false" closed="true" simplified="false" border="1 0 0" fill="1 0 0" mode="-13"
 points="6.72902 16.4948,
	6.76004 16.4948,
	6.74453 16.5232,
	"/>
</Transform>

<Transform dim="0"
 xcoef=" 0 1 0 0 0 0"
 ycoef=" 0 0 1 0 0 0">
<Contour name="d63sp08" hidden="false" closed="true" simplified="true" border="1 0 0" fill="1 0 0" mode="11"
 points="6.35486 16.3613,
	6.35645 16.3549,
	6.35724 16.3517,
	6.35963 16.3486,
	6.36202 16.3422,
	6.38032 16.3215,
	6.38986 16.3128,
	6.39464 16.3072,
	6.39623 16.3048,
	6.40657 16.2937,
	6.41055 16.2889,
	6.41612 16.2825,
	6.41691 16.2809,
	6.4185 16.2809,
	6.42248 16.2754,
	6.42566 16.2722,
	6.42725 16.269,
	6.42884 16.269,
	6.42884 16.2674,
	6.43123 16.265,
	6.43282 16.265,
	6.43282 16.2634,
	6.43839 16.2587,
	6.44078 16.2555,
	6.45112 16.2475,
	6.46305 16.2388,
	6.47419 16.2324,
	6.48055 16.2284,
	6.48374 16.226,
	6.48533 16.226,
	6.48771 16.2237,
	6.50044 16.2197,
	6.50681 16.2173,
	6.50999 16.2173,
	6.51158 16.2157,
	6.51476 16.2157,
	6.51795 16.2141,
	6.5434 16.2133,
	6.56886 16.2141,
	6.58159 16.2181,
	6.58795 16.2213,
	6.59034 16.2237,
	6.59193 16.2237,
	6.59671 16.2284,
	6.5983 16.2284,
	6.60943 16.2388,
	6.61421 16.2443,
	6.62137 16.2515,
	6.62296 16.2547,
	6.6333 16.2658,
	6.63648 16.2714,
	6.64603 16.2833,
	6.6516 16.2889,
	6.66433 16.2897,
	6.67626 16.2953,
	6.67785 16.2969,
	6.68103 16.2976,
	6.68183 16.2992,
	6.68342 16.2992,
	6.69456 16.3072,
	6.70092 16.3088,
	6.70729 16.3088,
	6.71365 16.3104,
	6.71683 16.3112,
	6.7224 16.3152,
	6.72479 16.3183,
	6.72479 16.3199,
	6.72956 16.3255,
	6.73115 16.3263,
	6.73115 16.3279,
	6.73911 16.339,
	6.7415 16.3422,
	6.74388 16.3438,
	6.75025 16.3494,
	6.76298 16.3565,
	6.76934 16.3605,
	6.77093 16.3605,
	6.78366 16.3677,
	6.79002 16.37,
	6.79321 16.3708,
	6.7948 16.3724,
	6.79798 16.3724,
	6.81071 16.3764,
	6.81707 16.3788,
	6.8298 16.3804,
	6.85526 16.3812,
	6.86799 16.3828,
	6.87117 16.3844,
	6.87276 16.3852,
	6.87276 16.3868,
	6.8664 16.3907,
	6.85605 16.3987,
	6.84333 16.4074,
	6.81866 16.4226,
	6.81628 16.4249,
	6.81469 16.4249,
	6.81389 16.4265,
	6.8123 16.4265,
	6.80594 16.4305,
	6.80275 16.4329,
	6.80116 16.4329,
	6.79798 16.4353,
	6.79639 16.4353,
	6.79559 16.4369,
	6.794 16.4369,
	6.76854 16.4504,
	6.76536 16.4512,
	6.76218 16.4536,
	6.75661 16.456,
	6.75343 16.4576,
	6.75184 16.4576,
	6.75025 16.4591,
	6.73752 16.4639,
	6.73434 16.4655,
	6.73274 16.4671,
	6.72002 16.4727,
	6.71365 16.4759,
	6.71047 16.4774,
	6.70888 16.4774,
	6.70808 16.479,
	6.69535 16.4838,
	6.68899 16.487,
	6.68581 16.4878,
	6.68262 16.4902,
	6.68103 16.4902,
	6.67944 16.4918,
	6.67626 16.4926,
	6.67467 16.4941,
	6.66194 16.4997,
	6.66035 16.4997,
	6.65717 16.5021,
	6.65558 16.5021,
	6.64921 16.5061,
	6.64603 16.5061,
	6.64285 16.5085,
	6.63966 16.5085,
	6.63648 16.5101,
	6.6333 16.5101,
	6.60784 16.5196,
	6.60466 16.5204,
	6.60307 16.514,
	6.60227 16.5013,
	6.60148 16.4949,
	6.59432 16.4838,
	6.58955 16.4782,
	6.58716 16.4766,
	6.58477 16.4735,
	6.58 16.4695,
	6.57841 16.4695,
	6.57761 16.4679,
	6.57602 16.4679,
	6.57045 16.4639,
	6.55772 16.4583,
	6.54499 16.4544,
	6.54181 16.4536,
	6.53863 16.4512,
	6.51317 16.4432,
	6.50681 16.4408,
	6.50363 16.4408,
	6.50203 16.4393,
	6.49567 16.4393,
	6.48294 16.4361,
	6.47658 16.4345,
	6.47339 16.4329,
	6.47021 16.4329,
	6.46703 16.4313,
	6.4543 16.4289,
	6.45112 16.4289,
	6.44476 16.4265,
	6.43203 16.4249,
	6.4193 16.421,
	6.41612 16.4202,
	6.41452 16.4186,
	6.41134 16.4186,
	6.40816 16.417,
	6.40498 16.417,
	6.40339 16.4154,
	6.39066 16.4122,
	6.3652 16.4019,
	6.35724 16.3915,
	6.35724 16.3883,
	6.35565 16.3852,
	6.35486 16.3724,
	6.35486 16.3661,
	6.35486 16.3629,
	6.35486 16.3621,
	"/>
</Transform>

<Transform dim="0"
 xcoef=" 0 1 0 0 0 0"
 ycoef=" 0 0 1 0 0 0">
<Contour name="d63sp12" hidden="false" closed="true" simplified="true" border="1 0 0" fill="1 0 0" mode="11"
 points="6.10292 16.7923,
	6.10583 16.7807,
	6.10765 16.7749,
	6.10874 16.769,
	6.10874 16.7676,
	6.11092 16.7618,
	6.11129 16.7603,
	6.11129 16.7596,
	6.1131 16.7567,
	6.11419 16.7556,
	6.11529 16.7527,
	6.11747 16.7498,
	6.11819 16.7487,
	6.12074 16.7458,
	6.12074 16.745,
	6.12256 16.7428,
	6.12401 16.7414,
	6.12801 16.7367,
	6.12801 16.7359,
	6.13638 16.7254,
	6.13892 16.7196,
	6.13929 16.7138,
	6.13929 16.7108,
	6.13711 16.6992,
	6.13638 16.6963,
	6.13638 16.6956,
	6.13565 16.6948,
	6.13529 16.6919,
	6.13529 16.6912,
	6.13456 16.6905,
	6.13456 16.689,
	6.13383 16.6876,
	6.13347 16.6847,
	6.13274 16.6843,
	6.13274 16.6828,
	6.13201 16.6814,
	6.13201 16.6799,
	6.13129 16.6792,
	6.12947 16.6734,
	6.1291 16.6676,
	6.12947 16.6661,
	6.1302 16.6654,
	6.13129 16.6625,
	6.1342 16.6578,
	6.13565 16.6556,
	6.13565 16.6548,
	6.13638 16.6541,
	6.13747 16.6512,
	6.13747 16.6498,
	6.13856 16.6483,
	6.13965 16.6425,
	6.14074 16.6396,
	6.14111 16.6381,
	6.14111 16.6374,
	6.14183 16.6367,
	6.14256 16.6338,
	6.14438 16.6308,
	6.14474 16.6294,
	6.14583 16.6283,
	6.14583 16.6276,
	6.15056 16.6218,
	6.15274 16.6192,
	6.15274 16.6185,
	6.15383 16.617,
	6.15856 16.6134,
	6.16002 16.613,
	6.16074 16.613,
	6.16147 16.6123,
	6.16729 16.6116,
	6.17311 16.6119,
	6.17602 16.6127,
	6.17747 16.6134,
	6.1782 16.6134,
	6.17893 16.6141,
	6.18038 16.6141,
	6.1862 16.6167,
	6.18765 16.617,
	6.18838 16.6178,
	6.18984 16.6178,
	6.19129 16.6188,
	6.19274 16.6188,
	6.19856 16.6214,
	6.20438 16.6225,
	6.21602 16.6225,
	6.21893 16.6225,
	6.22038 16.6228,
	6.2262 16.6225,
	6.22911 16.6221,
	6.24075 16.6236,
	6.2462 16.6254,
	6.24693 16.6261,
	6.24766 16.6261,
	6.25275 16.6308,
	6.25348 16.6308,
	6.25602 16.6327,
	6.2582 16.6352,
	6.26293 16.6388,
	6.26439 16.6396,
	6.26475 16.6403,
	6.26548 16.6403,
	6.26584 16.641,
	6.26657 16.641,
	6.26948 16.6428,
	6.27093 16.6439,
	6.27166 16.6439,
	6.27457 16.6458,
	6.28039 16.6476,
	6.2833 16.649,
	6.28475 16.6494,
	6.28621 16.6505,
	6.28693 16.6512,
	6.28839 16.6516,
	6.29421 16.6556,
	6.29675 16.6574,
	6.30184 16.6632,
	6.30366 16.6661,
	6.30548 16.6719,
	6.30548 16.6836,
	6.30548 16.6865,
	6.30548 16.6879,
	6.30439 16.6908,
	6.30402 16.7025,
	6.30439 16.7039,
	6.30548 16.7054,
	6.30802 16.7112,
	6.30839 16.7127,
	6.31021 16.7156,
	6.31093 16.7163,
	6.31275 16.7221,
	6.31312 16.7279,
	6.31275 16.7338,
	6.31275 16.7352,
	6.31202 16.7367,
	6.31093 16.7425,
	6.30912 16.7483,
	6.30621 16.7538,
	6.30439 16.7563,
	6.30439 16.757,
	6.30221 16.7599,
	6.30184 16.7614,
	6.30002 16.7639,
	6.29857 16.7654,
	6.29784 16.7669,
	6.29711 16.7672,
	6.29711 16.7679,
	6.2953 16.7705,
	6.29421 16.7716,
	6.29421 16.7723,
	6.29311 16.7738,
	6.29239 16.7745,
	6.29239 16.7752,
	6.2913 16.7767,
	6.29057 16.7774,
	6.29057 16.7781,
	6.28984 16.7785,
	6.28984 16.7792,
	6.28875 16.7803,
	6.28875 16.781,
	6.2822 16.7916,
	6.27893 16.7974,
	6.2753 16.8025,
	6.27093 16.8076,
	6.26584 16.8119,
	6.26329 16.8149,
	6.26257 16.8149,
	6.25457 16.8236,
	6.25202 16.8265,
	6.24984 16.8283,
	6.24584 16.833,
	6.24366 16.8352,
	6.24002 16.8407,
	6.23857 16.8436,
	6.23638 16.8465,
	6.23566 16.8479,
	6.22584 16.8578,
	6.22438 16.8589,
	6.22366 16.8589,
	6.2222 16.8603,
	6.21638 16.8632,
	6.21347 16.8647,
	6.21202 16.865,
	6.21129 16.8658,
	6.20547 16.8658,
	6.20256 16.8665,
	6.19093 16.8665,
	6.18511 16.865,
	6.1822 16.8639,
	6.18074 16.8639,
	6.18002 16.8632,
	6.17856 16.8632,
	6.17711 16.8621,
	6.17638 16.8621,
	6.17493 16.861,
	6.17202 16.8599,
	6.17165 16.8592,
	6.16874 16.8585,
	6.16329 16.8545,
	6.16183 16.8534,
	6.16147 16.8527,
	6.16074 16.8527,
	6.15529 16.8479,
	6.14474 16.8399,
	6.14365 16.8392,
	6.1422 16.8378,
	6.13674 16.8345,
	6.13383 16.833,
	6.13201 16.8316,
	6.13129 16.8316,
	6.12547 16.8283,
	6.12474 16.8276,
	6.11929 16.825,
	6.11638 16.8232,
	6.11529 16.8221,
	6.11456 16.8221,
	6.10983 16.817,
	6.10583 16.8119,
	6.10438 16.8094,
	6.10365 16.8065,
	6.10292 16.805,
	6.10292 16.7934,
	6.10292 16.7927,
	"/>
</Transform>

<Transform dim="0"
 xcoef=" 0 1 0 0 0 0"
 ycoef=" 0 0 1 0 0 0">
<Contour name="d63cfa12" hidden="false" closed="false" simplified="false" border="0 1 0" fill="1 0.5 0" mode="11"
 points="6.28478 16.7719,
	6.24331 16.8207,
	"/>
</Transform>

<Transform dim="0"
 xcoef=" 0 1 0 0 0 0"
 ycoef=" 0 0 1 0 0 0">
<Contour name="d63c12" hidden="false" closed="true" simplified="true" border="0 0 1" fill="0 0 1" mode="11"
 points="6.22815 16.8015,
	6.22896 16.7983,
	6.23302 16.7918,
	6.23546 16.7893,
	6.23668 16.7877,
	6.23912 16.7857,
	6.244 16.7804,
	6.24482 16.7804,
	6.24563 16.7792,
	6.25213 16.7755,
	6.25539 16.7739,
	6.25864 16.7714,
	6.26027 16.771,
	6.26067 16.7702,
	6.26149 16.7702,
	6.26474 16.7682,
	6.26636 16.7678,
	6.26718 16.767,
	6.26799 16.767,
	6.2688 16.7661,
	6.26962 16.7661,
	6.27084 16.7649,
	6.27165 16.7649,
	6.27246 16.7641,
	6.27572 16.7637,
	6.27897 16.7641,
	6.28222 16.7661,
	6.2871 16.7702,
	6.28873 16.7714,
	6.28954 16.7722,
	6.29035 16.7722,
	6.29686 16.7763,
	6.29727 16.7771,
	6.29889 16.7775,
	6.30499 16.7824,
	6.30621 16.784,
	6.30662 16.7857,
	6.30784 16.7873,
	6.30865 16.7905,
	6.30865 16.797,
	6.30865 16.8003,
	6.30865 16.8019,
	6.30743 16.8052,
	6.30662 16.8068,
	6.30662 16.8076,
	6.30458 16.8109,
	6.30174 16.8141,
	6.30174 16.8149,
	6.29605 16.8214,
	6.2932 16.8239,
	6.29117 16.8267,
	6.28995 16.8275,
	6.28873 16.8292,
	6.28791 16.8292,
	6.27612 16.8385,
	6.27368 16.8401,
	6.26718 16.843,
	6.26636 16.8438,
	6.26311 16.8438,
	6.26149 16.8434,
	6.26067 16.8426,
	6.25783 16.8418,
	6.25498 16.8389,
	6.25376 16.8373,
	6.25254 16.8365,
	6.24969 16.8336,
	6.24766 16.8312,
	6.23546 16.819,
	6.23302 16.8157,
	6.23221 16.8153,
	6.23221 16.8145,
	6.23018 16.8117,
	6.23018 16.8109,
	6.22896 16.8096,
	6.22815 16.8064,
	6.22815 16.8031,
	6.22815 16.8019,
	"/>
</Transform>

<Transform dim="0"
 xcoef=" 0 1 0 0 0 0"
 ycoef=" 0 0 1 0 0 0">
<Contour name="mito07_php2016" hidden="false" closed="false" simplified="true" border="1 0.501961 0" fill="1 0 0" mode="11"
 points="17.0979 24.8797,
	17.2647 24.7553,
	"/>
</Transform>

</Section>