<?xml version="1.0"?>
<!DOCTYPE Section SYSTEM "section.dtd">

<Section index="69" thickness="0.047" alignLocked="true">
<Transform dim="0"
 xcoef=" 0 1 0 0 0 0"
 ycoef=" 0 0 1 0 0 0">
<Image mag="0.002066" contrast="1.14434" brightness="-0.15" red="true" green="true" blue="true"
 src="070____z3.407.jpg" />
<Contour name="domain1" hidden="false" closed="true" simplified="false" border="1 0 1" fill="1 0 1" mode="11"
 points="0 0,
	17608 0,
	17608 16967,
	0 16967,
	"/>
</Transform>

<Transform dim="0"
 xcoef=" 0 1 0 0 0 0"
 ycoef=" 0 0 1 0 0 0">
<Contour name="D04" hidden="false" closed="true" simplified="true" border="0 0 1" fill="0 0 1" mode="11"
 points="18.5023 27.7239,
	18.4424 27.7156,
	18.3885 27.6913,
	18.3458 27.6536,
	18.3088 27.5531,
	18.3182 27.5003,
	18.3458 27.4527,
	18.3885 27.415,
	18.4424 27.3907,
	18.5023 27.3824,
	18.5621 27.3907,
	18.6161 27.415,
	18.6589 27.4527,
	18.6864 27.5003,
	18.6959 27.5531,
	18.6864 27.6059,
	18.6589 27.6536,
	18.6161 27.6913,
	18.5621 27.7156,
	"/>
</Transform>

<Transform dim="0"
 xcoef=" 0 1 0 0 0 0"
 ycoef=" 0 0 1 0 0 0">
<Contour name="D13" hidden="false" closed="true" simplified="true" border="0 0 1" fill="0 0 1" mode="11"
 points="20.5635 20.3533,
	20.5036 20.3455,
	20.4496 20.3229,
	20.4068 20.2876,
	20.3699 20.1939,
	20.3794 20.1446,
	20.4068 20.1002,
	20.4496 20.0649,
	20.5036 20.0423,
	20.5635 20.0345,
	20.6233 20.0423,
	20.6772 20.0649,
	20.72 20.1002,
	20.7476 20.1446,
	20.757 20.1939,
	20.7476 20.2432,
	20.72 20.2876,
	20.6772 20.3229,
	20.6233 20.3455,
	"/>
</Transform>

<Transform dim="0"
 xcoef=" 0 1 0 0 0 0"
 ycoef=" 0 0 1 0 0 0">
<Contour name="D08" hidden="false" closed="true" simplified="true" border="0 0 1" fill="0 0 1" mode="11"
 points="8.11747 25.3748,
	8.05414 25.367,
	7.99701 25.3443,
	7.95168 25.3091,
	7.91254 25.2154,
	7.92257 25.1662,
	7.95168 25.1217,
	7.99701 25.0864,
	8.05414 25.0638,
	8.11747 25.056,
	8.18081 25.0638,
	8.23794 25.0864,
	8.28327 25.1217,
	8.31238 25.1662,
	8.32241 25.2154,
	8.31238 25.2647,
	8.28327 25.3091,
	8.23794 25.3443,
	8.18081 25.367,
	"/>
</Transform>

<Transform dim="0"
 xcoef=" 0 1 0 0 0 0"
 ycoef=" 0 0 1 0 0 0">
<Contour name="D61" hidden="false" closed="true" simplified="true" border="0 0 1" fill="0 0 1" mode="11"
 points="15.0859 16.1646,
	15.0634 16.1614,
	15.0423 16.1534,
	15.0238 16.1408,
	15.009 16.1245,
	14.9986 16.1054,
	14.9926 16.0737,
	14.9953 16.0523,
	15.0032 16.0321,
	15.0159 16.0143,
	15.0326 15.9998,
	15.0526 15.9893,
	15.0745 15.9837,
	15.0973 15.983,
	15.1195 15.9875,
	15.14 15.9968,
	15.1577 16.0103,
	15.1714 16.0274,
	15.1807 16.0471,
	15.1847 16.0683,
	15.1834 16.0897,
	15.1766 16.1104,
	15.1651 16.1288,
	15.1493 16.1444,
	15.13 16.1558,
	15.1085 16.1627,
	"/>
</Transform>

<Transform dim="0"
 xcoef=" 0 1 0 0 0 0"
 ycoef=" 0 0 1 0 0 0">
<Contour name="D63" hidden="false" closed="true" simplified="true" border="0 0 1" fill="0 0 1" mode="11"
 points="6.78451 19.0015,
	6.77002 18.999,
	6.75621 18.9933,
	6.74353 18.9845,
	6.73248 18.9731,
	6.72343 18.9593,
	6.71672 18.9437,
	6.71121 18.9095,
	6.7126 18.8921,
	6.71672 18.8753,
	6.72343 18.8597,
	6.73248 18.8459,
	6.74353 18.8345,
	6.75621 18.8257,
	6.77002 18.8199,
	6.78451 18.8174,
	6.79913 18.8183,
	6.81335 18.8224,
	6.82665 18.8298,
	6.83857 18.8399,
	6.84867 18.8525,
	6.85658 18.8672,
	6.86202 18.8836,
	6.86478 18.9007,
	6.86478 18.9182,
	6.86202 18.9355,
	6.85658 18.9517,
	6.84867 18.9664,
	6.83857 18.9791,
	6.82665 18.9893,
	6.81335 18.9965,
	6.79913 19.0007,
	"/>
</Transform>

<Transform dim="0"
 xcoef=" 0 1 0 0 0 0"
 ycoef=" 0 0 1 0 0 0">
<Contour name="D26" hidden="false" closed="true" simplified="true" border="0 0 1" fill="0 0 1" mode="11"
 points="15.4108 30.4247,
	15.344 30.4169,
	15.2838 30.3943,
	15.2359 30.359,
	15.1946 30.2653,
	15.2051 30.216,
	15.2359 30.1716,
	15.2838 30.1363,
	15.344 30.1137,
	15.4108 30.1059,
	15.4777 30.1137,
	15.538 30.1363,
	15.5859 30.1716,
	15.6166 30.216,
	15.6272 30.2653,
	15.6166 30.3146,
	15.5859 30.359,
	15.538 30.3943,
	15.4777 30.4169,
	"/>
</Transform>

<Transform dim="0"
 xcoef=" 0 1 0 0 0 0"
 ycoef=" 0 0 1 0 0 0">
<Contour name="D16" hidden="false" closed="true" simplified="true" border="1 0 0" fill="1 0 0" mode="11"
 points="21.4105 24.9885,
	21.3578 24.9807,
	21.3102 24.958,
	21.2725 24.9228,
	21.2398 24.8291,
	21.2482 24.7799,
	21.2725 24.7354,
	21.3102 24.7002,
	21.3578 24.6776,
	21.4105 24.6697,
	21.4633 24.6776,
	21.5109 24.7002,
	21.5487 24.7354,
	21.573 24.7799,
	21.5814 24.8291,
	21.573 24.8784,
	21.5487 24.9228,
	21.5109 24.958,
	21.4633 24.9807,
	"/>
</Transform>

</Section>