<?xml version="1.0"?>
<!DOCTYPE Section SYSTEM "section.dtd">

<Section index="207" thickness="0.047" alignLocked="true">
<Transform dim="0"
 xcoef=" 0 1 0 0 0 0"
 ycoef=" 0 0 1 0 0 0">
<Contour name="D04" hidden="false" closed="true" simplified="true" border="0 0 1" fill="0 0 1" mode="11"
 points="18.9632 27.0525,
	18.9034 27.0442,
	18.8495 27.0199,
	18.8067 26.9822,
	18.7697 26.8817,
	18.7792 26.8289,
	18.8067 26.7813,
	18.8495 26.7436,
	18.9034 26.7193,
	18.9632 26.711,
	19.0231 26.7193,
	19.0771 26.7436,
	19.1199 26.7813,
	19.1473 26.8289,
	19.1568 26.8817,
	19.1473 26.9345,
	19.1199 26.9822,
	19.0771 27.0199,
	19.0231 27.0442,
	"/>
</Transform>

<Transform dim="0"
 xcoef=" 0 1 0 0 0 0"
 ycoef=" 0 0 1 0 0 0">
<Contour name="D13" hidden="false" closed="true" simplified="true" border="0 0 1" fill="0 0 1" mode="11"
 points="21.0244 23.1692,
	20.9646 23.1614,
	20.9106 23.1387,
	20.8678 23.1035,
	20.8308 23.0098,
	20.8404 22.9605,
	20.8678 22.9161,
	20.9106 22.8808,
	20.9646 22.8582,
	21.0244 22.8503,
	21.0843 22.8582,
	21.1382 22.8808,
	21.181 22.9161,
	21.2085 22.9605,
	21.2179 23.0098,
	21.2085 23.0591,
	21.181 23.1035,
	21.1382 23.1387,
	21.0843 23.1614,
	"/>
</Transform>

<Transform dim="0"
 xcoef=" 0 1 0 0 0 0"
 ycoef=" 0 0 1 0 0 0">
<Contour name="D51" hidden="false" closed="true" simplified="true" border="0 0 1" fill="0 0 1" mode="11"
 points="9.37227 22.6285,
	9.31753 22.6208,
	9.26807 22.5985,
	9.22879 22.5638,
	9.19495 22.4719,
	9.20358 22.4236,
	9.22879 22.3799,
	9.26807 22.3453,
	9.31753 22.323,
	9.37227 22.3153,
	9.42709 22.323,
	9.47655 22.3453,
	9.51583 22.3799,
	9.54097 22.4236,
	9.54967 22.4719,
	9.54097 22.5203,
	9.51583 22.5638,
	9.47655 22.5985,
	9.42709 22.6208,
	"/>
</Transform>

<Transform dim="0"
 xcoef=" 0 1 0 0 0 0"
 ycoef=" 0 0 1 0 0 0">
<Contour name="D08" hidden="false" closed="true" simplified="true" border="0 0 1" fill="0 0 1" mode="11"
 points="7.66653 26.1564,
	7.6032 26.1486,
	7.54607 26.126,
	7.50074 26.0907,
	7.4616 25.997,
	7.47163 25.9478,
	7.50074 25.9033,
	7.54607 25.868,
	7.6032 25.8454,
	7.66653 25.8377,
	7.72987 25.8454,
	7.787 25.868,
	7.83233 25.9033,
	7.86144 25.9478,
	7.87147 25.997,
	7.86144 26.0463,
	7.83233 26.0907,
	7.787 26.126,
	7.72987 26.1486,
	"/>
</Transform>

<Transform dim="0"
 xcoef=" 0 1 0 0 0 0"
 ycoef=" 0 0 1 0 0 0">
<Contour name="D61" hidden="false" closed="true" simplified="true" border="0 0 1" fill="0 0 1" mode="11"
 points="18.012 18.4694,
	17.9895 18.4662,
	17.9684 18.4582,
	17.9499 18.4456,
	17.9351 18.4293,
	17.9247 18.4102,
	17.9187 18.3785,
	17.9214 18.3571,
	17.9293 18.3369,
	17.942 18.3191,
	17.9587 18.3046,
	17.9787 18.2941,
	18.0006 18.2885,
	18.0234 18.2878,
	18.0456 18.2923,
	18.0661 18.3016,
	18.0838 18.3151,
	18.0975 18.3322,
	18.1068 18.3519,
	18.1108 18.3731,
	18.1095 18.3946,
	18.1027 18.4152,
	18.0912 18.4336,
	18.0754 18.4492,
	18.0561 18.4606,
	18.0346 18.4675,
	"/>
</Transform>

<Transform dim="0"
 xcoef=" 0 1 0 0 0 0"
 ycoef=" 0 0 1 0 0 0">
<Contour name="D63" hidden="false" closed="true" simplified="true" border="0 0 1" fill="0 0 1" mode="11"
 points="9.29975 15.9552,
	9.28527 15.9527,
	9.27145 15.9469,
	9.25877 15.9381,
	9.24772 15.9267,
	9.23867 15.913,
	9.23197 15.8973,
	9.22646 15.8632,
	9.22785 15.8457,
	9.23197 15.8289,
	9.23867 15.8134,
	9.24772 15.7995,
	9.25877 15.7881,
	9.27145 15.7793,
	9.28527 15.7736,
	9.29975 15.7711,
	9.31437 15.772,
	9.32859 15.7761,
	9.3419 15.7834,
	9.35381 15.7935,
	9.36391 15.8062,
	9.37182 15.8209,
	9.37726 15.8372,
	9.38003 15.8544,
	9.38003 15.8719,
	9.37726 15.8891,
	9.37182 15.9054,
	9.36391 15.9201,
	9.35381 15.9327,
	9.3419 15.9429,
	9.32859 15.9502,
	9.31437 15.9544,
	"/>
</Transform>

<Transform dim="0"
 xcoef=" 0 1 0 0 0 0"
 ycoef=" 0 0 1 0 0 0">
<Contour name="D26" hidden="false" closed="true" simplified="true" border="0 0 1" fill="0 0 1" mode="11"
 points="16.3428 28.15,
	16.2759 28.1422,
	16.2157 28.1195,
	16.1678 28.0843,
	16.1265 27.9906,
	16.137 27.9413,
	16.1678 27.8969,
	16.2157 27.8616,
	16.2759 27.8389,
	16.3428 27.8311,
	16.4096 27.8389,
	16.4699 27.8616,
	16.5178 27.8969,
	16.5485 27.9413,
	16.5591 27.9906,
	16.5485 28.0399,
	16.5178 28.0843,
	16.4699 28.1195,
	16.4096 28.1422,
	"/>
</Transform>

<Transform dim="0"
 xcoef=" 0 1 0 0 0 0"
 ycoef=" 0 0 1 0 0 0">
<Contour name="D16" hidden="false" closed="true" simplified="true" border="1 0 0" fill="1 0 0" mode="11"
 points="22.1421 27.7242,
	22.0894 27.7164,
	22.0418 27.6937,
	22.004 27.6585,
	21.9713 27.5648,
	21.9797 27.5156,
	22.004 27.4711,
	22.0418 27.4359,
	22.0894 27.4133,
	22.1421 27.4054,
	22.1949 27.4133,
	22.2425 27.4359,
	22.2803 27.4711,
	22.3045 27.5156,
	22.3129 27.5648,
	22.3045 27.6141,
	22.2803 27.6585,
	22.2425 27.6937,
	22.1949 27.7164,
	"/>
</Transform>

<Transform dim="0"
 xcoef=" 0 1 0 0 0 0"
 ycoef=" 0 0 1 0 0 0">
<Contour name="d51" hidden="false" closed="true" simplified="true" border="0 0 0" fill="0 0 0" mode="11"
 points="8.9513 22.7755,
	8.95014 22.7732,
	8.94549 22.7732,
	8.94084 22.7697,
	8.92226 22.7639,
	8.90367 22.7511,
	8.89902 22.7499,
	8.88276 22.7372,
	8.87347 22.7314,
	8.86766 22.7267,
	8.86534 22.7267,
	8.83863 22.693,
	8.83282 22.6838,
	8.83282 22.6814,
	8.83049 22.6791,
	8.82817 22.6605,
	8.82817 22.6419,
	8.82817 22.6384,
	8.82817 22.6373,
	8.83049 22.6326,
	8.83165 22.6234,
	8.83747 22.6047,
	8.83863 22.5304,
	8.83398 22.4932,
	8.83049 22.4747,
	8.82933 22.4561,
	8.82933 22.4468,
	8.83514 22.4282,
	8.84211 22.391,
	8.8514 22.3167,
	8.85488 22.2981,
	8.86302 22.2796,
	8.86882 22.2702,
	8.87115 22.269,
	8.87115 22.2667,
	8.87928 22.2586,
	8.88044 22.254,
	8.89206 22.2366,
	8.8967 22.2272,
	8.89902 22.2226,
	8.90367 22.2179,
	8.906 22.2144,
	8.91413 22.2086,
	8.91877 22.204,
	8.93388 22.1936,
	8.9362 22.1901,
	8.94549 22.1843,
	8.95014 22.1796,
	8.95943 22.1738,
	8.96176 22.1715,
	8.9664 22.1703,
	8.98498 22.1587,
	8.98847 22.1552,
	8.99312 22.1541,
	8.99428 22.1517,
	8.9966 22.1517,
	9.01286 22.1367,
	9.021 22.1296,
	9.02448 22.1273,
	9.02796 22.1227,
	9.03029 22.1227,
	9.03726 22.1146,
	9.0419 22.1122,
	9.04655 22.1076,
	9.05584 22.1018,
	9.05933 22.0983,
	9.06398 22.0972,
	9.06862 22.0925,
	9.07094 22.0902,
	9.07327 22.0902,
	9.08256 22.082,
	9.08488 22.0797,
	9.08721 22.0797,
	9.08721 22.0774,
	9.10347 22.0669,
	9.12206 22.0542,
	9.12437 22.0507,
	9.1418 22.039,
	9.14413 22.039,
	9.16039 22.0274,
	9.17897 22.0135,
	9.18827 22.01,
	9.22543 22.0089,
	9.23473 22.0031,
	9.24402 21.9996,
	9.26261 21.9996,
	9.28119 21.9938,
	9.29978 21.981,
	9.30907 21.9752,
	9.31604 21.9705,
	9.32068 21.9682,
	9.32301 21.9682,
	9.33231 21.9624,
	9.33695 21.9601,
	9.3416 21.9601,
	9.34625 21.9578,
	9.38341 21.9543,
	9.402 21.9543,
	9.41129 21.9566,
	9.41594 21.9566,
	9.42058 21.9589,
	9.42988 21.9601,
	9.43917 21.9647,
	9.44149 21.9647,
	9.44614 21.9682,
	9.44846 21.9682,
	9.4566 21.974,
	9.45892 21.9763,
	9.46821 21.9798,
	9.4775 21.9856,
	9.48215 21.9867,
	9.49958 21.9996,
	9.517 22.01,
	9.52629 22.017,
	9.53094 22.0205,
	9.53326 22.0239,
	9.54139 22.0309,
	9.54488 22.0332,
	9.5472 22.0332,
	9.5623 22.0495,
	9.56811 22.0577,
	9.5716 22.0611,
	9.57276 22.0658,
	9.57972 22.0739,
	9.58089 22.0785,
	9.60528 22.1122,
	9.61109 22.1192,
	9.62852 22.1343,
	9.64362 22.146,
	9.65174 22.1517,
	9.65639 22.1552,
	9.66103 22.1564,
	9.67846 22.1691,
	9.6866 22.1761,
	9.69124 22.1796,
	9.69356 22.1796,
	9.69589 22.1843,
	9.71099 22.1971,
	9.72725 22.2121,
	9.75862 22.2366,
	9.77603 22.2493,
	9.79113 22.2655,
	9.80275 22.283,
	9.80507 22.2877,
	9.80856 22.3248,
	9.80856 22.3341,
	9.80275 22.3527,
	9.80043 22.3608,
	9.79927 22.3654,
	9.79578 22.3701,
	9.79462 22.3747,
	9.7923 22.3771,
	9.7923 22.3818,
	9.78997 22.3864,
	9.78765 22.3887,
	9.78765 22.391,
	9.78417 22.3957,
	9.78301 22.4003,
	9.78068 22.4026,
	9.78068 22.405,
	9.77836 22.4061,
	9.77603 22.4154,
	9.76558 22.4329,
	9.75164 22.4514,
	9.75164 22.4537,
	9.74468 22.4619,
	9.7226 22.4956,
	9.71099 22.5118,
	9.70401 22.5212,
	9.7017 22.5246,
	9.69705 22.5293,
	9.69472 22.5328,
	9.6866 22.542,
	9.6866 22.5444,
	9.67846 22.5513,
	9.6773 22.5559,
	9.67033 22.5641,
	9.66801 22.5688,
	9.66336 22.5723,
	9.66219 22.5769,
	9.65407 22.5862,
	9.64826 22.5931,
	9.64826 22.5955,
	9.64594 22.5966,
	9.64594 22.5989,
	9.63315 22.6153,
	9.61574 22.6326,
	9.61109 22.635,
	9.57392 22.6396,
	9.55533 22.6477,
	9.54139 22.664,
	9.53674 22.6675,
	9.53442 22.6698,
	9.52513 22.6733,
	9.52164 22.678,
	9.517 22.6791,
	9.5077 22.6849,
	9.49841 22.6872,
	9.49029 22.6953,
	9.47866 22.714,
	9.47054 22.7221,
	9.46705 22.7256,
	9.45776 22.7267,
	9.44846 22.7302,
	9.41129 22.7372,
	9.3927 22.743,
	9.35554 22.7464,
	9.34625 22.7476,
	9.32766 22.7557,
	9.31837 22.7605,
	9.29978 22.7663,
	9.26261 22.7697,
	9.24402 22.7721,
	9.23473 22.7744,
	9.21615 22.7744,
	9.19756 22.7663,
	9.18827 22.7605,
	9.16968 22.7534,
	9.16039 22.7511,
	9.15109 22.7511,
	9.13251 22.7476,
	9.09533 22.7488,
	9.07675 22.7511,
	9.06746 22.7546,
	9.05817 22.7557,
	9.04888 22.7592,
	9.04423 22.7592,
	9.0419 22.7616,
	9.00473 22.7732,
	8.99543 22.7755,
	"/>
</Transform>

<Transform dim="0"
 xcoef=" 0 1 0 0 0 0"
 ycoef=" 0 0 1 0 0 0">
<Contour name="d04" hidden="false" closed="true" simplified="true" border="0 0 0" fill="0 0 0" mode="11"
 points="18.8968 27.1451,
	18.8679 27.1433,
	18.8102 27.1271,
	18.7814 27.118,
	18.7741 27.1126,
	18.7597 27.1072,
	18.7309 27.0892,
	18.7272 27.0892,
	18.7164 27.0802,
	18.6894 27.0549,
	18.6714 27.0297,
	18.6678 27.026,
	18.6678 27.0224,
	18.657 27.008,
	18.6516 27.0008,
	18.6516 26.9972,
	18.648 26.9936,
	18.648 26.99,
	18.6444 26.9864,
	18.6426 26.9791,
	18.6372 26.9719,
	18.6173 26.9143,
	18.6191 26.8566,
	18.6209 26.8277,
	18.6263 26.7989,
	18.6281 26.7412,
	18.6263 26.7123,
	18.6047 26.5969,
	18.5993 26.568,
	18.5939 26.5104,
	18.5921 26.3949,
	18.5921 26.3913,
	18.5921 26.3895,
	18.5975 26.3751,
	18.5975 26.3679,
	18.6155 26.3426,
	18.6263 26.3282,
	18.6444 26.3047,
	18.657 26.2903,
	18.6803 26.2687,
	18.684 26.2651,
	18.6876 26.2651,
	18.7128 26.2452,
	18.7381 26.2218,
	18.7615 26.1947,
	18.7687 26.1875,
	18.7778 26.1749,
	18.8012 26.1478,
	18.8048 26.1478,
	18.8102 26.1407,
	18.8138 26.1407,
	18.8174 26.1335,
	18.8409 26.1136,
	18.8553 26.1028,
	18.9022 26.0613,
	18.9022 26.0577,
	18.9509 26.0162,
	18.9762 25.9982,
	18.9834 25.9928,
	18.9906 25.991,
	18.9978 25.9856,
	19.0267 25.9766,
	19.0519 25.9531,
	19.0735 25.9261,
	19.0969 25.9026,
	19.1204 25.8828,
	19.1312 25.8737,
	19.1348 25.8737,
	19.142 25.8683,
	19.1709 25.8665,
	19.1853 25.8701,
	19.2214 25.8701,
	19.234 25.8774,
	19.2412 25.8828,
	19.2683 25.8918,
	19.2827 25.8972,
	19.2863 25.8972,
	19.2899 25.9008,
	19.2935 25.9008,
	19.3007 25.9062,
	19.3043 25.9062,
	19.308 25.9098,
	19.3224 25.9152,
	19.335 25.9242,
	19.3512 25.982,
	19.3603 26.0108,
	19.3657 26.0253,
	19.3711 26.0541,
	19.3747 26.0613,
	19.3747 26.0685,
	19.3819 26.083,
	19.3819 26.0866,
	19.3963 26.0992,
	19.4072 26.11,
	19.418 26.1245,
	19.4216 26.1281,
	19.4216 26.1317,
	19.4414 26.1568,
	19.445 26.164,
	19.4487 26.1677,
	19.4487 26.1713,
	19.4684 26.1983,
	19.4756 26.2128,
	19.481 26.22,
	19.4828 26.2272,
	19.4738 26.256,
	19.4559 26.2813,
	19.4487 26.2885,
	19.4396 26.2993,
	19.4342 26.3138,
	19.4306 26.3156,
	19.4216 26.3444,
	19.418 26.3733,
	19.4198 26.3877,
	19.4306 26.4166,
	19.4378 26.431,
	19.4414 26.4454,
	19.445 26.449,
	19.4468 26.4563,
	19.4468 26.4599,
	19.4505 26.4635,
	19.4523 26.4923,
	19.4523 26.5068,
	19.4505 26.514,
	19.4505 26.5176,
	19.4468 26.5194,
	19.4342 26.5463,
	19.427 26.5608,
	19.4216 26.568,
	19.4198 26.5752,
	19.4144 26.5824,
	19.4126 26.5896,
	19.3963 26.6185,
	19.3873 26.6311,
	19.3819 26.6365,
	19.3819 26.6401,
	19.3729 26.6546,
	19.3657 26.6618,
	19.3639 26.669,
	19.3639 26.6726,
	19.3585 26.6798,
	19.3567 26.687,
	19.3386 26.7159,
	19.3278 26.7303,
	19.3278 26.7339,
	19.3188 26.7448,
	19.3043 26.7736,
	19.3025 26.7808,
	19.2971 26.7881,
	19.2953 26.7953,
	19.2863 26.8097,
	19.2809 26.8151,
	19.2809 26.8187,
	19.2701 26.8331,
	19.2647 26.8386,
	19.2629 26.8458,
	19.2376 26.8728,
	19.225 26.8855,
	19.225 26.8891,
	19.216 26.9035,
	19.2106 26.9089,
	19.2087 26.9161,
	19.1997 26.9305,
	19.1943 26.9449,
	19.1727 26.9719,
	19.16 26.9828,
	19.1564 26.9828,
	19.151 26.9882,
	19.1474 26.9882,
	19.1402 26.9936,
	19.133 26.9954,
	19.1059 27.0134,
	19.0933 27.0188,
	19.0645 27.0351,
	19.0573 27.0387,
	19.0537 27.0423,
	19.0501 27.0423,
	19.0429 27.0495,
	19.0393 27.0495,
	19.0122 27.0711,
	18.9996 27.082,
	18.9996 27.0856,
	18.987 27.0982,
	18.9834 27.1036,
	18.9708 27.1162,
	18.9437 27.1325,
	18.9401 27.1361,
	18.9257 27.1415,
	"/>
</Transform>

<Transform dim="0"
 xcoef=" 0 1 0 0 0 0"
 ycoef=" 0 0 1 0 0 0">
<Contour name="d13" hidden="false" closed="true" simplified="true" border="0 0 0" fill="0 0 0" mode="11"
 points="21.12 23.6172,
	21.1124 23.6163,
	21.1086 23.6158,
	21.0934 23.6087,
	21.0857 23.6082,
	21.078 23.6044,
	21.0742 23.6025,
	21.0666 23.6001,
	21.059 23.5934,
	21.0552 23.5896,
	21.0533 23.5877,
	21.0452 23.5729,
	21.0376 23.5662,
	21.0338 23.5629,
	21.0261 23.5605,
	21.0185 23.5591,
	21.0109 23.56,
	21.0071 23.5605,
	20.9994 23.5591,
	20.9933 23.552,
	20.9856 23.5453,
	20.9779 23.541,
	20.9627 23.5344,
	20.9551 23.5315,
	20.9399 23.5282,
	20.938 23.5277,
	20.9346 23.5243,
	20.9193 23.519,
	20.9041 23.5171,
	20.8965 23.5162,
	20.8927 23.5157,
	20.8908 23.5157,
	20.8874 23.519,
	20.8836 23.5195,
	20.8683 23.5291,
	20.8645 23.532,
	20.8626 23.5334,
	20.8321 23.5348,
	20.8283 23.5348,
	20.8207 23.5315,
	20.8178 23.5315,
	20.8154 23.5277,
	20.8116 23.5267,
	20.8097 23.5263,
	20.7945 23.5133,
	20.7868 23.5071,
	20.7792 23.4995,
	20.7716 23.4933,
	20.7692 23.49,
	20.7663 23.49,
	20.7644 23.4862,
	20.7635 23.4843,
	20.763 23.4834,
	20.7592 23.4829,
	20.7473 23.468,
	20.7434 23.4652,
	20.742 23.4633,
	20.742 23.4614,
	20.742 23.4604,
	20.7348 23.4547,
	20.7344 23.4509,
	20.7282 23.4433,
	20.7263 23.4414,
	20.7258 23.4376,
	20.7139 23.4223,
	20.7125 23.4204,
	20.712 23.4166,
	20.7025 23.4013,
	20.6977 23.3937,
	20.6919 23.3861,
	20.691 23.3822,
	20.6905 23.3803,
	20.6834 23.3741,
	20.6824 23.3703,
	20.6819 23.3684,
	20.6753 23.3608,
	20.6658 23.3456,
	20.6634 23.3418,
	20.6624 23.3399,
	20.6591 23.3375,
	20.6586 23.3337,
	20.6476 23.3184,
	20.6457 23.3146,
	20.6329 23.2994,
	20.63 23.2955,
	20.6286 23.2936,
	20.6281 23.2898,
	20.621 23.2821,
	20.6176 23.2783,
	20.6153 23.2707,
	20.6062 23.2555,
	20.6038 23.2517,
	20.6005 23.2484,
	20.5999 23.2445,
	20.5976 23.2407,
	20.5942 23.2373,
	20.5923 23.2354,
	20.5914 23.2335,
	20.5909 23.2297,
	20.5904 23.2278,
	20.5876 23.224,
	20.5861 23.2221,
	20.5852 23.2211,
	20.5847 23.2135,
	20.5814 23.2097,
	20.5728 23.1792,
	20.5685 23.164,
	20.5662 23.1564,
	20.5662 23.1525,
	20.5628 23.1487,
	20.5624 23.141,
	20.5552 23.1258,
	20.5547 23.1182,
	20.5543 23.1144,
	20.5513 23.1068,
	20.5499 23.103,
	20.5489 23.1011,
	20.5475 23.0705,
	20.5475 23.0667,
	20.5475 23.0648,
	20.5475 23.0643,
	20.5508 23.0605,
	20.5605 23.03,
	20.5624 23.0224,
	20.5628 23.0148,
	20.5628 23.0129,
	20.5657 23.0053,
	20.5671 23.0015,
	20.5681 22.9996,
	20.5695 22.9842,
	20.57 22.9766,
	20.5899 22.9156,
	20.5923 22.908,
	20.5937 22.9003,
	20.5942 22.8984,
	20.5961 22.8965,
	20.5971 22.8956,
	20.5976 22.8918,
	20.601 22.8879,
	20.6048 22.8727,
	20.6067 22.8651,
	20.6076 22.8613,
	20.611 22.8575,
	20.6143 22.8422,
	20.6148 22.8403,
	20.6181 22.837,
	20.6252 22.8217,
	20.6286 22.8141,
	20.6371 22.7988,
	20.6419 22.7912,
	20.6443 22.7874,
	20.6466 22.7798,
	20.6643 22.7492,
	20.6734 22.734,
	20.6777 22.7264,
	20.6829 22.7188,
	20.7134 22.7011,
	20.7211 22.6954,
	20.7249 22.6935,
	20.7554 22.684,
	20.763 22.6811,
	20.7668 22.6792,
	20.7687 22.6787,
	20.7725 22.6754,
	20.7744 22.6735,
	20.7782 22.6721,
	20.7801 22.6716,
	20.7955 22.6563,
	20.8031 22.6487,
	20.8097 22.6411,
	20.8131 22.6372,
	20.815 22.6363,
	20.8159 22.6358,
	20.8164 22.632,
	20.8316 22.6225,
	20.8354 22.6196,
	20.8431 22.6187,
	20.8469 22.6187,
	20.8545 22.6168,
	20.8698 22.6115,
	20.8774 22.6091,
	20.8812 22.6072,
	20.8831 22.6062,
	20.8908 22.6058,
	20.8941 22.6024,
	20.8979 22.6019,
	20.9131 22.5901,
	20.9151 22.5882,
	20.916 22.5872,
	20.9198 22.5867,
	20.9208 22.5848,
	20.9212 22.5839,
	20.925 22.5834,
	20.938 22.5682,
	20.9446 22.5605,
	20.948 22.5567,
	20.9632 22.5438,
	20.9708 22.5376,
	21.0013 22.5176,
	21.0319 22.4947,
	21.0357 22.4919,
	21.0433 22.4876,
	21.0471 22.4857,
	21.0509 22.4819,
	21.0528 22.4805,
	21.0566 22.479,
	21.0604 22.4785,
	21.0623 22.4785,
	21.0699 22.4738,
	21.0737 22.4713,
	21.0776 22.4699,
	21.0795 22.4699,
	21.0834 22.4666,
	21.091 22.4647,
	21.0948 22.4637,
	21.0967 22.4632,
	21.1024 22.4561,
	21.1062 22.4551,
	21.1081 22.4547,
	21.109 22.4547,
	21.1243 22.4428,
	21.1262 22.4409,
	21.1301 22.4404,
	21.132 22.4385,
	21.1329 22.4375,
	21.1367 22.4375,
	21.152 22.4261,
	21.1596 22.4203,
	21.1615 22.4189,
	21.1653 22.4184,
	21.1729 22.4141,
	21.1768 22.4118,
	21.1787 22.4103,
	21.1825 22.4099,
	21.1849 22.4065,
	21.2153 22.3923,
	21.2229 22.3875,
	21.2268 22.3846,
	21.2287 22.3832,
	21.2297 22.3823,
	21.2335 22.3818,
	21.2373 22.378,
	21.243 22.3703,
	21.2578 22.355,
	21.2731 22.3413,
	21.2883 22.3264,
	21.2959 22.3197,
	21.2978 22.3183,
	21.3054 22.3207,
	21.3092 22.324,
	21.3135 22.3317,
	21.3255 22.3622,
	21.3312 22.3775,
	21.3341 22.3851,
	21.3355 22.3889,
	21.3364 22.3965,
	21.3369 22.4003,
	21.3355 22.4079,
	21.3149 22.4385,
	21.3126 22.4461,
	21.3102 22.4499,
	21.3083 22.4518,
	21.3064 22.4556,
	21.3021 22.4708,
	21.2997 22.4785,
	21.2988 22.4805,
	21.2992 22.5109,
	21.3002 22.5185,
	21.3007 22.5224,
	21.3035 22.53,
	21.3049 22.5338,
	21.3059 22.5357,
	21.3069 22.5509,
	21.3069 22.5586,
	21.3121 22.5891,
	21.3145 22.6196,
	21.3159 22.6501,
	21.3149 22.6654,
	21.3145 22.673,
	21.3097 22.6882,
	21.3073 22.6959,
	21.3064 22.6997,
	21.3021 22.7073,
	21.2997 22.7112,
	21.2988 22.7131,
	21.2988 22.7169,
	21.2959 22.7207,
	21.2945 22.7226,
	21.2935 22.7235,
	21.2931 22.7273,
	21.2912 22.7283,
	21.2902 22.7288,
	21.2897 22.7326,
	21.2845 22.7402,
	21.2831 22.7478,
	21.2826 22.7497,
	21.2807 22.7507,
	21.2797 22.7511,
	21.2797 22.7549,
	21.2797 22.7568,
	21.2797 22.7578,
	21.2764 22.7617,
	21.2759 22.7693,
	21.2711 22.7845,
	21.2687 22.7921,
	21.2677 22.7959,
	21.2682 22.8113,
	21.2731 22.8265,
	21.2755 22.8341,
	21.2764 22.8379,
	21.2769 22.8455,
	21.2878 22.8761,
	21.2945 22.9066,
	21.2978 22.9218,
	21.2988 22.9256,
	21.2969 23.0477,
	21.2969 23.1087,
	21.2969 23.1239,
	21.2969 23.1315,
	21.2969 23.1353,
	21.2964 23.1372,
	21.2945 23.1391,
	21.2935 23.1401,
	21.2931 23.144,
	21.2902 23.1478,
	21.2835 23.163,
	21.2788 23.1706,
	21.2764 23.1744,
	21.2755 23.182,
	21.275 23.1858,
	21.2745 23.1877,
	21.2764 23.1955,
	21.284 23.2026,
	21.2873 23.2064,
	21.2916 23.2135,
	21.2954 23.2164,
	21.2988 23.2202,
	21.3097 23.2354,
	21.3121 23.2393,
	21.3126 23.2469,
	21.3159 23.2545,
	21.3222 23.3155,
	21.3241 23.3307,
	21.3246 23.3918,
	21.3246 23.4223,
	21.3246 23.4299,
	21.3246 23.4338,
	21.3164 23.4642,
	21.3059 23.4948,
	21.3007 23.51,
	21.2973 23.5176,
	21.2926 23.5252,
	21.2902 23.5291,
	21.2902 23.5329,
	21.2658 23.5634,
	21.2582 23.5686,
	21.2544 23.571,
	21.2525 23.5724,
	21.2449 23.5744,
	21.2373 23.5806,
	21.2354 23.582,
	21.2344 23.583,
	21.2316 23.583,
	21.2292 23.5863,
	21.2254 23.5873,
	21.2234 23.5877,
	21.2196 23.5911,
	21.2158 23.5915,
	21.2134 23.5949,
	21.2096 23.5963,
	21.2077 23.5968,
	21.2039 23.5996,
	21.1887 23.6049,
	21.1734 23.6091,
	21.1429 23.6139,
	21.1276 23.6163,
	"/>
</Transform>

<Transform dim="0"
 xcoef=" 0 1 0 0 0 0"
 ycoef=" 0 0 1 0 0 0">
<Contour name="d61sp37" hidden="false" closed="true" simplified="true" border="1 0 0" fill="1 0 0" mode="11"
 points="19.1081 20.1653,
	19.0867 20.1612,
	19.0759 20.1572,
	19.0706 20.1545,
	19.0679 20.1519,
	19.0651 20.1519,
	19.0557 20.1438,
	19.049 20.1344,
	19.0423 20.1291,
	19.0423 20.1264,
	19.0276 20.1048,
	19.0101 20.0874,
	18.9993 20.0834,
	18.994 20.0821,
	18.9913 20.0821,
	18.9886 20.0794,
	18.9832 20.0794,
	18.9617 20.0699,
	18.9563 20.0686,
	18.9537 20.0659,
	18.9429 20.0619,
	18.9228 20.0498,
	18.9147 20.0431,
	18.908 20.0324,
	18.9053 20.027,
	18.9053 20.0242,
	18.9026 20.0215,
	18.8986 20.0001,
	18.8986 19.9571,
	18.8973 19.9356,
	18.8932 19.9262,
	18.8906 19.9235,
	18.8906 19.9208,
	18.8879 19.9195,
	18.8879 19.9168,
	18.8717 19.8953,
	18.8636 19.8846,
	18.8489 19.8671,
	18.8462 19.8617,
	18.8435 19.859,
	18.8435 19.8564,
	18.8355 19.8456,
	18.8342 19.8403,
	18.8301 19.8349,
	18.8275 19.8241,
	18.8275 19.8026,
	18.8275 19.8013,
	18.8275 19.8,
	18.8301 19.7892,
	18.8301 19.7784,
	18.8342 19.7677,
	18.8342 19.7623,
	18.8382 19.7516,
	18.8409 19.7489,
	18.8502 19.7274,
	18.8569 19.7167,
	18.8569 19.714,
	18.869 19.6925,
	18.8785 19.671,
	18.8852 19.6495,
	18.8879 19.6387,
	18.8879 19.636,
	18.8906 19.6333,
	18.8932 19.6226,
	18.8932 19.6199,
	18.8959 19.6173,
	18.8959 19.6119,
	18.8986 19.6065,
	18.8986 19.6012,
	18.9013 19.5985,
	18.9066 19.5769,
	18.9242 19.5339,
	18.9268 19.5286,
	18.9268 19.5232,
	18.9295 19.5179,
	18.9295 19.5125,
	18.9322 19.5098,
	18.9336 19.4883,
	18.9268 19.4453,
	18.9268 19.4399,
	18.9403 19.4211,
	18.9563 19.401,
	18.9873 19.3647,
	18.9953 19.354,
	18.9993 19.3486,
	19.0007 19.3271,
	18.9967 19.2841,
	18.998 19.2734,
	19.002 19.268,
	19.002 19.2654,
	19.006 19.26,
	19.0087 19.2573,
	19.0087 19.2545,
	19.0168 19.2465,
	19.0222 19.2411,
	19.0289 19.2331,
	19.0289 19.2304,
	19.0329 19.225,
	19.0356 19.2224,
	19.0356 19.2197,
	19.0477 19.2008,
	19.0504 19.1981,
	19.0504 19.1954,
	19.0786 19.1538,
	19.0813 19.1484,
	19.084 19.1471,
	19.0853 19.1417,
	19.088 19.1404,
	19.088 19.1377,
	19.096 19.1297,
	19.1136 19.1095,
	19.1243 19.1028,
	19.1297 19.0987,
	19.135 19.0974,
	19.1364 19.0947,
	19.1417 19.0947,
	19.1633 19.088,
	19.174 19.0853,
	19.1847 19.08,
	19.1901 19.0786,
	19.1954 19.0746,
	19.2062 19.0706,
	19.2157 19.0638,
	19.2183 19.0638,
	19.2197 19.0611,
	19.225 19.0598,
	19.2331 19.0517,
	19.2384 19.0477,
	19.2411 19.0477,
	19.2465 19.0437,
	19.2492 19.041,
	19.2518 19.041,
	19.2707 19.0276,
	19.2814 19.0209,
	19.2868 19.0168,
	19.2895 19.0168,
	19.2935 19.0127,
	19.2948 19.0101,
	19.2975 19.0101,
	19.3083 19.002,
	19.311 18.9993,
	19.3325 18.9926,
	19.3594 18.9926,
	19.3701 18.9967,
	19.3728 18.9967,
	19.3755 18.9993,
	19.3782 18.9993,
	19.3889 19.0074,
	19.3942 19.0101,
	19.3956 19.0127,
	19.3983 19.0127,
	19.401 19.0182,
	19.4037 19.0209,
	19.4051 19.0423,
	19.3969 19.0638,
	19.3929 19.0746,
	19.3916 19.08,
	19.3889 19.0826,
	19.3875 19.088,
	19.3849 19.0907,
	19.3849 19.0934,
	19.3822 19.096,
	19.3782 19.1054,
	19.3755 19.1108,
	19.3755 19.1136,
	19.3621 19.135,
	19.3621 19.1377,
	19.3554 19.1484,
	19.3512 19.1524,
	19.3499 19.1578,
	19.3472 19.1592,
	19.3472 19.1619,
	19.3405 19.1727,
	19.3378 19.178,
	19.3378 19.1807,
	19.3338 19.1861,
	19.3271 19.2075,
	19.3271 19.213,
	19.3231 19.2237,
	19.3191 19.2667,
	19.3177 19.3097,
	19.3191 19.3526,
	19.3231 19.3956,
	19.3244 19.4386,
	19.3218 19.4494,
	19.307 19.4695,
	19.2948 19.4896,
	19.2855 19.5098,
	19.2855 19.5313,
	19.2922 19.5528,
	19.2962 19.5635,
	19.2975 19.5689,
	19.3002 19.5716,
	19.3002 19.5743,
	19.3029 19.5769,
	19.3029 19.5796,
	19.3097 19.589,
	19.3097 19.5917,
	19.3231 19.6119,
	19.3285 19.6226,
	19.3311 19.6333,
	19.3338 19.6387,
	19.3365 19.6603,
	19.3378 19.7032,
	19.3405 19.714,
	19.3419 19.7193,
	19.3445 19.722,
	19.3486 19.7327,
	19.3512 19.7382,
	19.3512 19.7409,
	19.354 19.7436,
	19.3554 19.7489,
	19.3554 19.7516,
	19.358 19.7529,
	19.3594 19.7583,
	19.3621 19.761,
	19.3621 19.7637,
	19.3647 19.7663,
	19.3661 19.7717,
	19.3661 19.7744,
	19.3688 19.7771,
	19.3688 19.7824,
	19.3728 19.7933,
	19.3755 19.7986,
	19.3755 19.804,
	19.3782 19.8067,
	19.3782 19.812,
	19.3822 19.8174,
	19.3822 19.8227,
	19.3889 19.8443,
	19.3942 19.855,
	19.3969 19.8657,
	19.3996 19.8711,
	19.4037 19.9141,
	19.4037 19.9356,
	19.4077 19.9397,
	19.4292 19.9397,
	19.4399 19.941,
	19.4615 19.9504,
	19.4641 19.9504,
	19.4668 19.9531,
	19.4695 19.9531,
	19.4789 19.9598,
	19.4829 19.9651,
	19.4856 19.9665,
	19.4856 19.9773,
	19.4856 19.9827,
	19.4816 19.9934,
	19.4816 19.9961,
	19.4789 19.9988,
	19.4749 20.0095,
	19.4668 20.0202,
	19.4494 20.0364,
	19.4278 20.0511,
	19.4225 20.0552,
	19.4171 20.0565,
	19.3768 20.0794,
	19.3567 20.0901,
	19.3512 20.0914,
	19.3486 20.0941,
	19.3271 20.1008,
	19.3164 20.1035,
	19.311 20.1048,
	19.3083 20.1048,
	19.3057 20.1075,
	19.2627 20.1142,
	19.2304 20.1142,
	19.2197 20.121,
	19.2116 20.1291,
	19.2008 20.1398,
	19.1954 20.1438,
	19.1901 20.1452,
	19.1887 20.1478,
	19.1834 20.1492,
	19.1727 20.1559,
	19.1511 20.1639,
	"/>
</Transform>

<Transform dim="0"
 xcoef=" 0 1 0 0 0 0"
 ycoef=" 0 0 1 0 0 0">
<Contour name="d04sp36" hidden="false" closed="true" simplified="true" border="1 0 0" fill="1 0 0" mode="11"
 points="19.5248 25.6457,
	19.515 25.6438,
	19.5051 25.6402,
	19.5008 25.6377,
	19.499 25.6358,
	19.499 25.6259,
	19.4984 25.6216,
	19.4984 25.621,
	19.5021 25.6112,
	19.5033 25.6063,
	19.5057 25.6014,
	19.5057 25.5989,
	19.5082 25.594,
	19.5082 25.5916,
	19.51 25.5866,
	19.5113 25.5841,
	19.5125 25.5743,
	19.5137 25.5718,
	19.5137 25.5669,
	19.5162 25.5571,
	19.5168 25.5522,
	19.5168 25.5497,
	19.5186 25.5448,
	19.5193 25.5398,
	19.5223 25.53,
	19.5242 25.5251,
	19.5242 25.5226,
	19.5272 25.5128,
	19.5285 25.5103,
	19.5285 25.5091,
	19.5297 25.5079,
	19.5303 25.503,
	19.5321 25.498,
	19.534 25.4881,
	19.5352 25.4488,
	19.5352 25.4464,
	19.5407 25.4365,
	19.5476 25.4279,
	19.5494 25.4229,
	19.5513 25.4205,
	19.5531 25.4156,
	19.555 25.4058,
	19.555 25.386,
	19.5562 25.3762,
	19.5568 25.3737,
	19.558 25.3725,
	19.558 25.3713,
	19.5593 25.37,
	19.5611 25.3651,
	19.5642 25.3602,
	19.5672 25.3572,
	19.5672 25.3559,
	19.5752 25.3498,
	19.5777 25.3485,
	19.5875 25.3485,
	19.5924 25.351,
	19.6023 25.3535,
	19.6072 25.3541,
	19.6109 25.3541,
	19.6128 25.3516,
	19.6128 25.3504,
	19.6158 25.346,
	19.6171 25.3454,
	19.6201 25.3356,
	19.6208 25.3331,
	19.6226 25.3307,
	19.6232 25.3257,
	19.6244 25.3233,
	19.6244 25.3221,
	19.6257 25.3208,
	19.6275 25.3159,
	19.6336 25.3061,
	19.6386 25.3024,
	19.6411 25.3012,
	19.646 25.3006,
	19.6509 25.3024,
	19.6552 25.3055,
	19.6614 25.3153,
	19.662 25.3178,
	19.662 25.319,
	19.6632 25.3196,
	19.6632 25.3208,
	19.6644 25.3221,
	19.6644 25.3245,
	19.6669 25.3294,
	19.6694 25.3392,
	19.6706 25.3417,
	19.6706 25.3429,
	19.6718 25.3442,
	19.6773 25.3639,
	19.6773 25.3664,
	19.6792 25.3688,
	19.6798 25.3737,
	19.6804 25.3762,
	19.6804 25.3774,
	19.6816 25.378,
	19.6822 25.3829,
	19.6829 25.3854,
	19.6841 25.3866,
	19.6841 25.3891,
	19.6853 25.3915,
	19.6853 25.394,
	19.6872 25.399,
	19.6884 25.4088,
	19.6884 25.4482,
	19.6878 25.4679,
	19.6872 25.4777,
	19.6853 25.4875,
	19.6853 25.4925,
	19.681 25.5122,
	19.6779 25.522,
	19.6767 25.5269,
	19.6755 25.5281,
	19.6694 25.5479,
	19.6669 25.5528,
	19.6663 25.5552,
	19.6644 25.5571,
	19.6644 25.5595,
	19.6632 25.562,
	19.662 25.5626,
	19.6614 25.5651,
	19.6601 25.5657,
	19.6601 25.5669,
	19.6589 25.5681,
	19.6583 25.5706,
	19.6522 25.5798,
	19.6485 25.5841,
	19.6485 25.5853,
	19.6417 25.5946,
	19.6349 25.602,
	19.6183 25.6174,
	19.6097 25.6223,
	19.6048 25.6259,
	19.6023 25.6266,
	19.5924 25.6321,
	19.5826 25.6352,
	19.5801 25.6358,
	19.5789 25.6358,
	19.5771 25.6377,
	19.5746 25.6383,
	19.574 25.6396,
	19.5697 25.6414,
	19.5691 25.6426,
	19.5593 25.6457,
	"/>
</Transform>

<Transform dim="0"
 xcoef=" 0 1 0 0 0 0"
 ycoef=" 0 0 1 0 0 0">
<Contour name="d61sp31" hidden="false" closed="true" simplified="true" border="1 0 0" fill="1 0 0" mode="11"
 points="17.6545 17.7358,
	17.6453 17.7341,
	17.643 17.7341,
	17.6385 17.7324,
	17.6339 17.7295,
	17.6327 17.7295,
	17.6282 17.7261,
	17.6258 17.7249,
	17.6252 17.7238,
	17.6161 17.7208,
	17.6115 17.7191,
	17.5938 17.7077,
	17.5921 17.706,
	17.5909 17.706,
	17.5829 17.6991,
	17.5783 17.6951,
	17.5748 17.6917,
	17.5737 17.6911,
	17.5737 17.69,
	17.5703 17.6871,
	17.552 17.6716,
	17.5451 17.6642,
	17.5417 17.6602,
	17.54 17.6585,
	17.54 17.6573,
	17.5371 17.6527,
	17.536 17.6505,
	17.536 17.6493,
	17.5343 17.647,
	17.5331 17.6425,
	17.5331 17.6402,
	17.5303 17.631,
	17.529 17.6265,
	17.5284 17.6172,
	17.5284 17.6126,
	17.5284 17.6104,
	17.5284 17.6098,
	17.5343 17.5915,
	17.54 17.5824,
	17.5434 17.5777,
	17.5451 17.5731,
	17.5508 17.5645,
	17.552 17.564,
	17.552 17.5628,
	17.5531 17.5623,
	17.5548 17.5583,
	17.5605 17.5491,
	17.5628 17.5451,
	17.5663 17.5405,
	17.5714 17.532,
	17.5743 17.5273,
	17.5754 17.525,
	17.5765 17.5244,
	17.5765 17.5233,
	17.5829 17.5147,
	17.5858 17.5107,
	17.5858 17.5096,
	17.5869 17.5084,
	17.5869 17.5073,
	17.5926 17.4999,
	17.5926 17.4987,
	17.5961 17.4947,
	17.5961 17.4936,
	17.5989 17.4896,
	17.6001 17.4884,
	17.6001 17.4873,
	17.6064 17.4781,
	17.6189 17.4615,
	17.6252 17.4523,
	17.6293 17.4478,
	17.6356 17.4398,
	17.6367 17.4381,
	17.6413 17.4334,
	17.6453 17.43,
	17.6476 17.4277,
	17.6516 17.4248,
	17.6533 17.4225,
	17.6602 17.4168,
	17.6687 17.4094,
	17.6733 17.406,
	17.6768 17.4025,
	17.686 17.3957,
	17.6883 17.3951,
	17.6906 17.3934,
	17.6951 17.3917,
	17.6963 17.3905,
	17.6974 17.3905,
	17.6997 17.3888,
	17.7088 17.3859,
	17.7111 17.3847,
	17.7134 17.3847,
	17.718 17.383,
	17.7227 17.3824,
	17.7272 17.3807,
	17.7638 17.3779,
	17.8005 17.3773,
	17.828 17.3773,
	17.8371 17.3784,
	17.8417 17.3796,
	17.844 17.3801,
	17.8463 17.3819,
	17.8503 17.383,
	17.8549 17.3871,
	17.8566 17.3888,
	17.8594 17.398,
	17.8606 17.4025,
	17.8611 17.4117,
	17.8617 17.4162,
	17.8623 17.4185,
	17.8634 17.4191,
	17.8634 17.4214,
	17.867 17.43,
	17.8681 17.4322,
	17.8692 17.4334,
	17.8692 17.4345,
	17.8704 17.4352,
	17.871 17.4375,
	17.8738 17.4403,
	17.8738 17.4415,
	17.887 17.4586,
	17.8887 17.4609,
	17.8921 17.4638,
	17.9007 17.4695,
	17.9052 17.4723,
	17.907 17.4741,
	17.9092 17.4746,
	17.9138 17.4775,
	17.9231 17.4809,
	17.9276 17.4826,
	17.9299 17.4826,
	17.9322 17.4844,
	17.9345 17.4844,
	17.9385 17.4867,
	17.9408 17.4884,
	17.9419 17.4884,
	17.9505 17.4936,
	17.9528 17.4947,
	17.9539 17.4959,
	17.9562 17.4964,
	17.9585 17.4982,
	17.9602 17.4987,
	17.9683 17.5044,
	17.9723 17.5073,
	17.9752 17.5107,
	17.9792 17.5142,
	17.9803 17.5153,
	17.9803 17.5164,
	17.9866 17.5256,
	17.9894 17.5348,
	17.9906 17.544,
	17.9906 17.5485,
	17.9906 17.5508,
	17.9883 17.5554,
	17.9843 17.5594,
	17.9826 17.5611,
	17.9803 17.5617,
	17.9712 17.5668,
	17.9689 17.5674,
	17.9677 17.5674,
	17.9666 17.5685,
	17.9643 17.5685,
	17.9459 17.576,
	17.9448 17.5771,
	17.9425 17.5777,
	17.9396 17.5795,
	17.9351 17.5818,
	17.9328 17.5835,
	17.9305 17.5841,
	17.9213 17.5898,
	17.9191 17.5909,
	17.9179 17.5921,
	17.9168 17.5921,
	17.9127 17.5949,
	17.9115 17.5949,
	17.9024 17.6006,
	17.9012 17.6006,
	17.8995 17.6024,
	17.8984 17.6024,
	17.8892 17.6075,
	17.887 17.6081,
	17.8852 17.6098,
	17.8841 17.6098,
	17.875 17.6149,
	17.8704 17.6172,
	17.8692 17.6172,
	17.8681 17.6184,
	17.8589 17.6212,
	17.8577 17.6224,
	17.8566 17.6224,
	17.8543 17.6241,
	17.8531 17.6241,
	17.8486 17.627,
	17.8463 17.6276,
	17.8451 17.6287,
	17.8429 17.6293,
	17.8417 17.6305,
	17.8394 17.6305,
	17.8349 17.6322,
	17.8337 17.6333,
	17.8291 17.6345,
	17.828 17.6345,
	17.8257 17.6362,
	17.8211 17.6379,
	17.82 17.639,
	17.8176 17.639,
	17.8159 17.6407,
	17.8148 17.6407,
	17.8136 17.6419,
	17.8125 17.6419,
	17.8102 17.6436,
	17.809 17.6436,
	17.8079 17.6447,
	17.8068 17.6447,
	17.7982 17.6505,
	17.797 17.6505,
	17.7879 17.6562,
	17.7833 17.659,
	17.781 17.6607,
	17.7799 17.6607,
	17.7793 17.6619,
	17.7782 17.6619,
	17.7736 17.6653,
	17.7713 17.6665,
	17.7689 17.6687,
	17.7649 17.6716,
	17.7569 17.6791,
	17.7501 17.6871,
	17.7489 17.6871,
	17.7489 17.6883,
	17.7455 17.6917,
	17.7432 17.6928,
	17.7398 17.6968,
	17.7312 17.7043,
	17.722 17.7106,
	17.7174 17.714,
	17.7088 17.7191,
	17.6997 17.7227,
	17.6951 17.7238,
	17.6928 17.7255,
	17.6906 17.7255,
	17.69 17.7267,
	17.6808 17.7295,
	17.6763 17.7312,
	17.6751 17.7312,
	17.674 17.7324,
	17.6716 17.7324,
	17.667 17.7341,
	17.6647 17.7341,
	17.6636 17.7352,
	"/>
</Transform>

<Transform dim="0"
 xcoef=" 0 1 0 0 0 0"
 ycoef=" 0 0 1 0 0 0">
<Contour name="d13sp13" hidden="false" closed="true" simplified="true" border="1 0 0" fill="1 0 0" mode="11"
 points="22.0418 23.6883,
	22.0274 23.6865,
	22.0265 23.6865,
	22.0256 23.6856,
	22.022 23.6851,
	22.0148 23.6824,
	22.0113 23.6811,
	22.0095 23.6802,
	22.0086 23.6802,
	22.0077 23.6793,
	22.0041 23.6784,
	21.9969 23.6753,
	21.9897 23.6704,
	21.9865 23.6685,
	21.9852 23.6671,
	21.9843 23.6671,
	21.9834 23.6662,
	21.9834 23.6653,
	21.9816 23.6649,
	21.9758 23.66,
	21.9727 23.6573,
	21.9713 23.6555,
	21.9704 23.6555,
	21.9678 23.6533,
	21.9633 23.647,
	21.9615 23.6452,
	21.9615 23.6443,
	21.9602 23.6425,
	21.9597 23.6407,
	21.9552 23.6345,
	21.9543 23.6327,
	21.9534 23.6318,
	21.9534 23.6309,
	21.9521 23.6291,
	21.9517 23.6273,
	21.9503 23.6255,
	21.9499 23.6218,
	21.9494 23.6201,
	21.9494 23.6192,
	21.9485 23.6183,
	21.9472 23.6111,
	21.9467 23.5968,
	21.9467 23.5937,
	21.9467 23.5932,
	21.9485 23.5789,
	21.9499 23.5716,
	21.9503 23.5645,
	21.9526 23.5573,
	21.953 23.5555,
	21.953 23.5546,
	21.9539 23.5538,
	21.9552 23.5466,
	21.9575 23.5399,
	21.9575 23.5381,
	21.9588 23.5345,
	21.9597 23.5336,
	21.9602 23.53,
	21.9664 23.5165,
	21.9687 23.5129,
	21.9695 23.5094,
	21.9704 23.5089,
	21.9704 23.508,
	21.9727 23.5044,
	21.974 23.5027,
	21.974 23.5018,
	21.9749 23.5013,
	21.9749 23.5004,
	21.9794 23.4933,
	21.9794 23.4924,
	21.9816 23.4892,
	21.983 23.4879,
	21.9834 23.4861,
	21.9857 23.483,
	21.9865 23.4821,
	21.987 23.4803,
	21.9888 23.4785,
	21.9888 23.4775,
	21.9906 23.4762,
	21.9906 23.4753,
	21.9925 23.4739,
	21.9925 23.473,
	21.9951 23.4695,
	21.9965 23.4681,
	21.9965 23.4672,
	21.9983 23.4654,
	21.9992 23.4641,
	22.0063 23.4574,
	22.0121 23.4516,
	22.0126 23.4507,
	22.0135 23.4507,
	22.0148 23.4489,
	22.0157 23.4489,
	22.0175 23.4475,
	22.0247 23.4449,
	22.039 23.4435,
	22.0427 23.4435,
	22.0498 23.4462,
	22.0516 23.4471,
	22.0534 23.4471,
	22.0606 23.4516,
	22.0632 23.4538,
	22.0641 23.4538,
	22.0673 23.4565,
	22.0695 23.4587,
	22.0704 23.4587,
	22.0762 23.4645,
	22.0811 23.4708,
	22.0834 23.4739,
	22.0847 23.4753,
	22.0847 23.4762,
	22.0861 23.4775,
	22.0875 23.4807,
	22.0888 23.4825,
	22.0915 23.4892,
	22.0929 23.4928,
	22.0942 23.4946,
	22.0969 23.5018,
	22.0982 23.5036,
	22.0996 23.5071,
	22.1005 23.508,
	22.1005 23.5098,
	22.1036 23.517,
	22.1049 23.5206,
	22.1058 23.5214,
	22.1063 23.5232,
	22.1063 23.5241,
	22.1076 23.5259,
	22.1081 23.5278,
	22.1081 23.5287,
	22.109 23.5296,
	22.109 23.5305,
	22.1099 23.5309,
	22.1099 23.5327,
	22.1108 23.5332,
	22.1108 23.5341,
	22.1117 23.535,
	22.1143 23.5421,
	22.1161 23.5457,
	22.1166 23.5475,
	22.1179 23.5493,
	22.1184 23.5511,
	22.1197 23.5524,
	22.1202 23.5542,
	22.1202 23.5551,
	22.1215 23.5569,
	22.1215 23.5578,
	22.1224 23.5587,
	22.1224 23.5596,
	22.1237 23.5609,
	22.1242 23.5627,
	22.1242 23.5636,
	22.1251 23.5645,
	22.1304 23.5785,
	22.1318 23.582,
	22.1318 23.5829,
	22.1327 23.5838,
	22.1336 23.5874,
	22.135 23.5892,
	22.1395 23.6035,
	22.1399 23.6053,
	22.1399 23.6062,
	22.1408 23.6071,
	22.1413 23.6107,
	22.1431 23.6142,
	22.1435 23.6287,
	22.1431 23.6358,
	22.1431 23.6376,
	22.1382 23.6519,
	22.1359 23.6591,
	22.1355 23.6609,
	22.1355 23.6618,
	22.1345 23.6622,
	22.1313 23.6694,
	22.1291 23.6726,
	22.126 23.6762,
	22.1242 23.678,
	22.1179 23.682,
	22.1143 23.6833,
	22.1134 23.6842,
	22.0991 23.686,
	22.0704 23.6865,
	22.0561 23.6883,
	"/>
</Transform>

<Transform dim="0"
 xcoef=" 0 1 0 0 0 0"
 ycoef=" 0 0 1 0 0 0">
<Contour name="d61c37" hidden="false" closed="true" simplified="true" border="0 0 1" fill="0 0 1" mode="11"
 points="19.3434 19.8897,
	19.3343 19.8886,
	19.3298 19.8863,
	19.3253 19.8863,
	19.3071 19.8783,
	19.298 19.8749,
	19.2934 19.8738,
	19.2912 19.8715,
	19.2821 19.8681,
	19.2742 19.8602,
	19.2696 19.8556,
	19.264 19.8488,
	19.2537 19.8306,
	19.2537 19.8261,
	19.2514 19.8238,
	19.2423 19.7875,
	19.2389 19.7693,
	19.2389 19.7648,
	19.2367 19.7636,
	19.2333 19.7455,
	19.2333 19.741,
	19.2299 19.7318,
	19.2242 19.6955,
	19.2231 19.6864,
	19.2208 19.6818,
	19.2208 19.6773,
	19.2185 19.6728,
	19.2185 19.6682,
	19.2151 19.6592,
	19.2151 19.6546,
	19.2129 19.6501,
	19.2129 19.6456,
	19.2071 19.6273,
	19.2014 19.591,
	19.2003 19.5547,
	19.2003 19.5456,
	19.2003 19.5433,
	19.2003 19.5421,
	19.2026 19.524,
	19.2048 19.5149,
	19.2071 19.5104,
	19.2071 19.5059,
	19.2095 19.5013,
	19.2095 19.4967,
	19.2242 19.4604,
	19.2276 19.4559,
	19.2355 19.4388,
	19.2469 19.4218,
	19.2537 19.415,
	19.2708 19.3979,
	19.2742 19.3934,
	19.2764 19.3934,
	19.2844 19.3854,
	19.3025 19.3786,
	19.3207 19.3786,
	19.3389 19.3866,
	19.3479 19.3922,
	19.3537 19.4002,
	19.3582 19.4048,
	19.3605 19.4071,
	19.3662 19.4252,
	19.3684 19.4343,
	19.3684 19.4433,
	19.3718 19.4525,
	19.3764 19.4888,
	19.3786 19.507,
	19.3798 19.5161,
	19.3798 19.5206,
	19.3832 19.5297,
	19.39 19.566,
	19.399 19.6024,
	19.4059 19.6205,
	19.4071 19.6251,
	19.4071 19.6273,
	19.4093 19.6296,
	19.4105 19.6341,
	19.4105 19.6364,
	19.4127 19.6387,
	19.4184 19.6569,
	19.4184 19.6614,
	19.4207 19.666,
	19.4218 19.675,
	19.4241 19.6796,
	19.4263 19.6978,
	19.4263 19.7069,
	19.4286 19.7159,
	19.4297 19.7887,
	19.4263 19.7977,
	19.4229 19.8159,
	19.415 19.8341,
	19.415 19.8364,
	19.4082 19.8454,
	19.4059 19.8454,
	19.4059 19.8477,
	19.3934 19.8647,
	19.39 19.8692,
	19.3866 19.8715,
	19.3866 19.8738,
	19.382 19.8772,
	19.3798 19.8806,
	19.3707 19.8875,
	19.3616 19.8897,
	"/>
</Transform>

<Transform dim="0"
 xcoef=" 0 1 0 0 0 0"
 ycoef=" 0 0 1 0 0 0">
<Contour name="d04sp32" hidden="false" closed="true" simplified="true" border="1 0 0" fill="1 0 0" mode="11"
 points="19.3319 25.9241,
	19.3149 25.9188,
	19.2977 25.9113,
	19.2902 25.9071,
	19.2859 25.906,
	19.2817 25.9028,
	19.2731 25.9017,
	19.2646 25.8985,
	19.2603 25.8975,
	19.2582 25.8975,
	19.2506 25.8921,
	19.2421 25.8889,
	19.2336 25.8836,
	19.225 25.8804,
	19.2229 25.8804,
	19.2218 25.8783,
	19.2175 25.8783,
	19.2089 25.8749,
	19.2004 25.8739,
	19.1833 25.8685,
	19.1801 25.8696,
	19.179 25.8685,
	19.179 25.8675,
	19.1812 25.8632,
	19.1854 25.8611,
	19.1918 25.8536,
	19.194 25.8515,
	19.194 25.8493,
	19.2101 25.8333,
	19.2218 25.8172,
	19.2282 25.8098,
	19.2314 25.8076,
	19.2357 25.8034,
	19.2432 25.7991,
	19.2506 25.7927,
	19.2549 25.7916,
	19.2582 25.7884,
	19.2603 25.7884,
	19.2657 25.782,
	19.2731 25.7744,
	19.2774 25.7702,
	19.2827 25.7627,
	19.2849 25.7584,
	19.287 25.7563,
	19.2881 25.752,
	19.2902 25.751,
	19.2913 25.7467,
	19.2913 25.7446,
	19.2945 25.7403,
	19.2945 25.7382,
	19.2966 25.736,
	19.3106 25.7018,
	19.3117 25.6975,
	19.3149 25.6932,
	19.3287 25.6601,
	19.3309 25.659,
	19.3383 25.643,
	19.3383 25.6409,
	19.3405 25.6398,
	19.3405 25.6377,
	19.3426 25.6366,
	19.3426 25.6344,
	19.3576 25.6205,
	19.3619 25.6162,
	19.364 25.6162,
	19.3662 25.613,
	19.3704 25.6119,
	19.3736 25.6077,
	19.3779 25.6066,
	19.3843 25.5991,
	19.3928 25.5938,
	19.3982 25.5885,
	19.3982 25.5862,
	19.4015 25.5841,
	19.4058 25.5756,
	19.409 25.5585,
	19.4079 25.5414,
	19.4079 25.5371,
	19.4068 25.5349,
	19.4047 25.5349,
	19.4036 25.5328,
	19.4015 25.5328,
	19.3993 25.5307,
	19.395 25.5307,
	19.3939 25.5285,
	19.3854 25.5264,
	19.3811 25.5264,
	19.3726 25.5232,
	19.364 25.5221,
	19.3587 25.5146,
	19.3587 25.5061,
	19.3608 25.4976,
	19.3619 25.4933,
	19.364 25.4911,
	19.364 25.4889,
	19.3662 25.4868,
	19.3662 25.4847,
	19.3694 25.4804,
	19.3726 25.4719,
	19.3747 25.4676,
	19.3747 25.4633,
	19.379 25.4548,
	19.3843 25.4205,
	19.3864 25.4163,
	19.3864 25.412,
	19.3886 25.4099,
	19.3918 25.3927,
	19.395 25.3842,
	19.395 25.382,
	19.3971 25.381,
	19.3982 25.3724,
	19.4003 25.3703,
	19.4026 25.3618,
	19.4026 25.3446,
	19.4026 25.336,
	19.4026 25.3318,
	19.3982 25.3232,
	19.396 25.319,
	19.396 25.3168,
	19.3939 25.3158,
	19.3928 25.3072,
	19.3907 25.3051,
	19.3886 25.2965,
	19.3886 25.2623,
	19.3896 25.2451,
	19.3907 25.2366,
	19.3907 25.2323,
	19.3928 25.2281,
	19.3939 25.2195,
	19.3939 25.2153,
	19.3982 25.2067,
	19.3993 25.1981,
	19.4015 25.197,
	19.4036 25.1885,
	19.4154 25.1725,
	19.4175 25.1693,
	19.425 25.1618,
	19.4346 25.1457,
	19.4378 25.1372,
	19.4399 25.1329,
	19.441 25.1244,
	19.4484 25.1083,
	19.4539 25.0912,
	19.4539 25.089,
	19.456 25.0869,
	19.456 25.0848,
	19.472 25.0688,
	19.4795 25.0624,
	19.488 25.058,
	19.4891 25.0559,
	19.4934 25.0559,
	19.502 25.0516,
	19.5063 25.0516,
	19.5148 25.0484,
	19.5233 25.0484,
	19.5319 25.0516,
	19.5361 25.0527,
	19.5393 25.0559,
	19.5436 25.0569,
	19.5586 25.0688,
	19.5672 25.0762,
	19.5714 25.0794,
	19.5736 25.0826,
	19.5896 25.0944,
	19.5917 25.0987,
	19.594 25.0987,
	19.5993 25.1061,
	19.6036 25.1105,
	19.6078 25.1169,
	19.6142 25.134,
	19.6238 25.1682,
	19.627 25.1767,
	19.6281 25.1842,
	19.6324 25.1928,
	19.6324 25.197,
	19.6324 25.1992,
	19.6345 25.2013,
	19.6377 25.2185,
	19.6398 25.227,
	19.6388 25.2612,
	19.6334 25.2783,
	19.6249 25.2954,
	19.6196 25.304,
	19.6185 25.3072,
	19.6142 25.3115,
	19.6089 25.32,
	19.6025 25.3254,
	19.5853 25.3392,
	19.5704 25.3521,
	19.5682 25.3521,
	19.5544 25.3639,
	19.5512 25.3682,
	19.549 25.3692,
	19.549 25.3714,
	19.5425 25.3788,
	19.5393 25.3831,
	19.534 25.4003,
	19.5319 25.4088,
	19.5297 25.4109,
	19.5287 25.4195,
	19.5223 25.4365,
	19.5201 25.4452,
	19.5159 25.4537,
	19.5148 25.458,
	19.5116 25.4612,
	19.5116 25.4655,
	19.5116 25.4676,
	19.5073 25.4719,
	19.5073 25.474,
	19.502 25.4825,
	19.5009 25.4868,
	19.4988 25.4889,
	19.4977 25.5232,
	19.4955 25.5317,
	19.4934 25.5339,
	19.4934 25.5381,
	19.488 25.5436,
	19.488 25.5457,
	19.4827 25.5532,
	19.4805 25.5574,
	19.4837 25.5745,
	19.4891 25.5917,
	19.4891 25.5938,
	19.4912 25.5949,
	19.4934 25.6034,
	19.4923 25.6119,
	19.4923 25.6162,
	19.488 25.6248,
	19.488 25.6269,
	19.4848 25.6312,
	19.4837 25.6354,
	19.4731 25.6515,
	19.4699 25.6547,
	19.4688 25.659,
	19.4656 25.6622,
	19.4592 25.6793,
	19.456 25.6835,
	19.4549 25.6922,
	19.4517 25.6964,
	19.4496 25.705,
	19.4282 25.7382,
	19.4218 25.7467,
	19.4186 25.7499,
	19.4186 25.752,
	19.4164 25.7531,
	19.4164 25.7552,
	19.4143 25.7563,
	19.4143 25.7584,
	19.4026 25.7755,
	19.3982 25.7841,
	19.396 25.7873,
	19.396 25.7895,
	19.3928 25.7938,
	19.3907 25.7959,
	19.3907 25.798,
	19.3854 25.8066,
	19.3779 25.814,
	19.3672 25.8268,
	19.3598 25.8344,
	19.3566 25.8387,
	19.3511 25.8557,
	19.349 25.8728,
	19.349 25.8815,
	19.3458 25.89,
	19.3447 25.8985,
	19.3447 25.9007,
	19.3415 25.9039,
	19.3383 25.9124,
	19.3351 25.9167,
	19.3341 25.9209,
	19.3341 25.9231,
	"/>
</Transform>

<Transform dim="0"
 xcoef=" 0 1 0 0 0 0"
 ycoef=" 0 0 1 0 0 0">
<Contour name="d13sp14" hidden="false" closed="true" simplified="true" border="1 0 0" fill="1 0 0" mode="11"
 points="21.3821 22.0628,
	21.3748 22.0554,
	21.3748 22.047,
	21.3748 22.0428,
	21.3748 22.0418,
	21.3748 22.0407,
	21.3769 22.0364,
	21.379 22.0354,
	21.38 22.0312,
	21.3863 22.0238,
	21.4021 22.0081,
	21.4073 22.0007,
	21.4105 21.9965,
	21.4136 21.988,
	21.4158 21.9859,
	21.42 21.9524,
	21.4221 21.9187,
	21.4232 21.9019,
	21.4253 21.8977,
	21.4253 21.8955,
	21.4274 21.8944,
	21.4274 21.8923,
	21.4295 21.8902,
	21.4305 21.886,
	21.4337 21.8818,
	21.4347 21.8776,
	21.4368 21.8755,
	21.4379 21.8587,
	21.4347 21.8545,
	21.4326 21.846,
	21.4295 21.8418,
	21.4284 21.825,
	21.4326 21.7913,
	21.4389 21.7577,
	21.4442 21.7408,
	21.4442 21.7366,
	21.4484 21.7282,
	21.4505 21.724,
	21.4505 21.7219,
	21.4526 21.7198,
	21.4526 21.7177,
	21.4578 21.7093,
	21.4737 21.6956,
	21.481 21.6893,
	21.4831 21.6893,
	21.4873 21.6851,
	21.4957 21.6809,
	21.502 21.6756,
	21.5062 21.6735,
	21.5073 21.6714,
	21.5115 21.6704,
	21.5273 21.6588,
	21.5315 21.6567,
	21.5399 21.6493,
	21.5546 21.6398,
	21.5715 21.6283,
	21.5757 21.6251,
	21.5778 21.6251,
	21.5841 21.6199,
	21.6157 21.6009,
	21.6241 21.5977,
	21.6283 21.5977,
	21.6325 21.5956,
	21.6493 21.5935,
	21.6788 21.5935,
	21.6956 21.6009,
	21.7041 21.6061,
	21.7114 21.6146,
	21.7167 21.6209,
	21.7188 21.623,
	21.7188 21.6251,
	21.723 21.6293,
	21.7282 21.6367,
	21.7282 21.6388,
	21.7314 21.643,
	21.7345 21.6514,
	21.7366 21.6683,
	21.7356 21.6851,
	21.7314 21.7019,
	21.7251 21.7188,
	21.723 21.723,
	21.723 21.7251,
	21.7198 21.7293,
	21.7188 21.7335,
	21.7156 21.7377,
	21.7146 21.7419,
	21.7093 21.7503,
	21.7083 21.7546,
	21.7062 21.7556,
	21.7029 21.763,
	21.7008 21.7651,
	21.7008 21.7672,
	21.6945 21.7745,
	21.6914 21.7787,
	21.6914 21.7808,
	21.6872 21.784,
	21.6872 21.7861,
	21.6819 21.7913,
	21.6819 21.7934,
	21.6777 21.7976,
	21.6777 21.7998,
	21.6641 21.8135,
	21.6567 21.8198,
	21.6545 21.8229,
	21.6472 21.8282,
	21.6409 21.8366,
	21.6388 21.8408,
	21.6367 21.8429,
	21.6367 21.845,
	21.6262 21.8598,
	21.6241 21.8629,
	21.6167 21.8713,
	21.6136 21.8745,
	21.6136 21.8766,
	21.5893 21.904,
	21.583 21.9103,
	21.5799 21.9134,
	21.5778 21.9145,
	21.5778 21.9166,
	21.5736 21.9197,
	21.5683 21.926,
	21.5536 21.9397,
	21.5504 21.9418,
	21.542 21.9492,
	21.5389 21.9513,
	21.5368 21.9513,
	21.5231 21.9629,
	21.5094 21.9796,
	21.5052 21.9828,
	21.4936 21.9965,
	21.4905 22.0007,
	21.4842 22.006,
	21.481 22.0102,
	21.4789 22.0102,
	21.4768 22.0123,
	21.4768 22.0144,
	21.4631 22.0249,
	21.4589 22.028,
	21.4547 22.0291,
	21.4473 22.0343,
	21.4431 22.0375,
	21.441 22.0375,
	21.4337 22.0439,
	21.4316 22.0439,
	21.4242 22.0491,
	21.42 22.0512,
	21.4179 22.0512,
	21.4094 22.0565,
	21.4073 22.0565,
	21.4031 22.0596,
	21.3863 22.0628,
	"/>
</Transform>

<Transform dim="0"
 xcoef=" 0 1 0 0 0 0"
 ycoef=" 0 0 1 0 0 0">
<Contour name="d51sp19" hidden="false" closed="true" simplified="true" border="1 0 0" fill="1 0 0" mode="11"
 points="9.69748 21.5766,
	9.69475 21.5753,
	9.69339 21.5753,
	9.68317 21.5678,
	9.67772 21.5644,
	9.67022 21.5541,
	9.66886 21.5514,
	9.66545 21.5296,
	9.66341 21.5187,
	9.66341 21.516,
	9.66136 21.5105,
	9.66136 21.505,
	9.65932 21.4941,
	9.65864 21.4505,
	9.65864 21.4288,
	9.65864 21.424,
	9.65864 21.4233,
	9.66 21.4124,
	9.66 21.4096,
	9.66136 21.409,
	9.66341 21.4035,
	9.66409 21.3981,
	9.66818 21.3872,
	9.66954 21.3818,
	9.67158 21.379,
	9.67363 21.3736,
	9.67431 21.3709,
	9.6784 21.3653,
	9.67908 21.3626,
	9.68521 21.3517,
	9.68726 21.3497,
	9.68794 21.347,
	9.69543 21.3361,
	9.69612 21.3334,
	9.70974 21.3129,
	9.71656 21.3034,
	9.72133 21.2979,
	9.72133 21.2966,
	9.7261 21.2918,
	9.72814 21.2891,
	9.7295 21.2891,
	9.73495 21.2843,
	9.7404 21.2809,
	9.74312 21.2796,
	9.75403 21.2782,
	9.76493 21.2802,
	9.77515 21.2891,
	9.77992 21.2938,
	9.78333 21.2993,
	9.78469 21.302,
	9.78537 21.3074,
	9.78673 21.3095,
	9.78673 21.3122,
	9.78878 21.3176,
	9.79082 21.3279,
	9.79423 21.3388,
	9.79491 21.3415,
	9.79627 21.3429,
	9.79968 21.3538,
	9.79968 21.3551,
	9.80104 21.3565,
	9.80104 21.3592,
	9.80309 21.3619,
	9.8065 21.3838,
	9.8065 21.4056,
	9.80582 21.4165,
	9.80582 21.422,
	9.80445 21.4274,
	9.80309 21.4492,
	9.80173 21.46,
	9.80104 21.4656,
	9.799 21.471,
	9.79832 21.4765,
	9.79832 21.4792,
	9.79491 21.4901,
	9.79287 21.5009,
	9.78946 21.5118,
	9.78878 21.5146,
	9.78878 21.516,
	9.78742 21.5174,
	9.78673 21.5228,
	9.78537 21.5242,
	9.78469 21.5296,
	9.7806 21.5405,
	9.77924 21.5459,
	9.77788 21.5466,
	9.77719 21.5493,
	9.77379 21.5548,
	9.77106 21.5575,
	9.7697 21.5603,
	9.76493 21.5644,
	9.7622 21.5671,
	9.75948 21.5678,
	9.7588 21.5691,
	9.75607 21.5698,
	9.75471 21.5712,
	9.7329 21.5739,
	9.72201 21.5746,
	9.71111 21.5766,
	"/>
</Transform>

<Transform dim="0"
 xcoef=" 0 1 0 0 0 0"
 ycoef=" 0 0 1 0 0 0">
<Contour name="d04p32" hidden="false" closed="true" simplified="true" border="1 0 0" fill="1 0 0" mode="11"
 points="19.236 26.0293,
	19.222 26.0036,
	19.25 26.0036,
	"/>
</Transform>

<Transform dim="0"
 xcoef=" 0 1 0 0 0 0"
 ycoef=" 0 0 1 0 0 0">
<Contour name="d04sp33" hidden="false" closed="true" simplified="true" border="1 0 0" fill="1 0 0" mode="11"
 points="18.0695 25.9848,
	18.0556 25.9822,
	18.0539 25.9805,
	18.0504 25.9796,
	18.0487 25.9796,
	18.0452 25.9771,
	18.0418 25.9762,
	18.0384 25.9727,
	18.0349 25.9727,
	18.0315 25.9701,
	18.0246 25.9683,
	18.0186 25.964,
	18.0117 25.958,
	18.0098 25.9571,
	18.0098 25.9554,
	18.0064 25.9528,
	18.0064 25.9511,
	18.003 25.9494,
	17.9987 25.9434,
	17.9987 25.9417,
	17.9909 25.9287,
	17.9909 25.927,
	17.9883 25.9235,
	17.984 25.9097,
	17.9797 25.9037,
	17.9797 25.902,
	17.978 25.9002,
	17.978 25.8985,
	17.9763 25.8976,
	17.9737 25.8908,
	17.9694 25.8839,
	17.9685 25.8804,
	17.9642 25.8734,
	17.9642 25.8717,
	17.9555 25.8588,
	17.9538 25.8571,
	17.9529 25.8536,
	17.9512 25.8528,
	17.9503 25.8493,
	17.9478 25.845,
	17.9452 25.8381,
	17.9426 25.8347,
	17.94 25.8277,
	17.9392 25.8243,
	17.9392 25.8225,
	17.9374 25.8208,
	17.9366 25.8071,
	17.9366 25.801,
	17.9366 25.8002,
	17.9435 25.7725,
	17.9478 25.7587,
	17.9486 25.7553,
	17.9503 25.7536,
	17.9547 25.7398,
	17.9547 25.7381,
	17.9572 25.7346,
	17.9581 25.7311,
	17.9607 25.7285,
	17.9607 25.7251,
	17.9685 25.7113,
	17.9728 25.7044,
	17.9728 25.7027,
	17.978 25.6967,
	17.9814 25.6906,
	17.9875 25.6846,
	17.9892 25.6811,
	18.0021 25.6724,
	18.016 25.6716,
	18.0298 25.6742,
	18.0315 25.6759,
	18.0349 25.6759,
	18.0366 25.6776,
	18.0435 25.6793,
	18.0504 25.6836,
	18.0521 25.6836,
	18.0556 25.6863,
	18.0626 25.6889,
	18.0651 25.6906,
	18.0669 25.6906,
	18.0738 25.6958,
	18.0755 25.6984,
	18.0772 25.6984,
	18.0832 25.7044,
	18.0858 25.7078,
	18.0867 25.7113,
	18.0893 25.7139,
	18.0979 25.7415,
	18.1013 25.7484,
	18.1022 25.7519,
	18.1022 25.7536,
	18.1039 25.7553,
	18.1039 25.757,
	18.1056 25.7587,
	18.1066 25.7622,
	18.1066 25.7639,
	18.1092 25.7673,
	18.11 25.7708,
	18.1126 25.7742,
	18.1126 25.7777,
	18.1143 25.7794,
	18.1152 25.7829,
	18.1152 25.7847,
	18.1169 25.7864,
	18.1203 25.8002,
	18.1203 25.8019,
	18.1221 25.8036,
	18.1255 25.8174,
	18.1272 25.8191,
	18.1307 25.833,
	18.1315 25.8364,
	18.1315 25.8381,
	18.1333 25.8399,
	18.1393 25.8674,
	18.1419 25.8813,
	18.1427 25.9088,
	18.1419 25.9226,
	18.1393 25.9365,
	18.135 25.9503,
	18.1315 25.9571,
	18.1298 25.9606,
	18.1281 25.9623,
	18.1281 25.964,
	18.1178 25.9771,
	18.1109 25.9814,
	18.097 25.9839,
	"/>
</Transform>

<Transform dim="0"
 xcoef=" 0 1 0 0 0 0"
 ycoef=" 0 0 1 0 0 0">
<Contour name="d61c31" hidden="false" closed="true" simplified="true" border="0 0 1" fill="0 0 1" mode="11"
 points="17.7717 17.7134,
	17.7644 17.7125,
	17.75 17.7089,
	17.7428 17.7066,
	17.741 17.7066,
	17.7405 17.7057,
	17.7369 17.7048,
	17.7333 17.703,
	17.7315 17.7021,
	17.7306 17.7021,
	17.7293 17.7008,
	17.7284 17.7008,
	17.7279 17.6999,
	17.727 17.6999,
	17.7201 17.6953,
	17.717 17.6931,
	17.7147 17.6904,
	17.7129 17.6886,
	17.7111 17.6859,
	17.7102 17.6841,
	17.7093 17.6836,
	17.7093 17.6827,
	17.7084 17.6818,
	17.7071 17.6673,
	17.7071 17.6668,
	17.7071 17.6664,
	17.7075 17.6592,
	17.7084 17.6556,
	17.7093 17.6538,
	17.7093 17.652,
	17.7102 17.6511,
	17.7161 17.6371,
	17.7161 17.6362,
	17.7183 17.6326,
	17.721 17.6299,
	17.721 17.629,
	17.727 17.623,
	17.7284 17.6221,
	17.7315 17.619,
	17.7329 17.6176,
	17.7333 17.6167,
	17.7342 17.6167,
	17.7351 17.6153,
	17.7383 17.6122,
	17.7383 17.6113,
	17.7414 17.6086,
	17.7428 17.6072,
	17.7432 17.6063,
	17.7441 17.6063,
	17.7464 17.6036,
	17.7495 17.6005,
	17.75 17.5996,
	17.7509 17.5996,
	17.7577 17.5955,
	17.7608 17.5937,
	17.7644 17.5906,
	17.7662 17.5892,
	17.7671 17.5892,
	17.7685 17.5878,
	17.7694 17.5878,
	17.7698 17.5869,
	17.7731 17.5856,
	17.7753 17.5842,
	17.7898 17.5756,
	17.7934 17.5738,
	17.7943 17.5729,
	17.7961 17.5724,
	17.7979 17.5711,
	17.7997 17.5706,
	17.8033 17.5684,
	17.8042 17.5684,
	17.8051 17.5675,
	17.806 17.5675,
	17.8132 17.563,
	17.8168 17.5607,
	17.8182 17.5593,
	17.8201 17.5589,
	17.8205 17.558,
	17.8223 17.5575,
	17.8228 17.5566,
	17.8372 17.5521,
	17.8381 17.5512,
	17.8399 17.5512,
	17.8543 17.5463,
	17.8616 17.544,
	17.8689 17.5427,
	17.8707 17.5418,
	17.8725 17.5418,
	17.8869 17.5373,
	17.9013 17.5345,
	17.9049 17.5336,
	17.9112 17.5336,
	17.9186 17.529,
	17.9222 17.5263,
	17.9253 17.5245,
	17.9267 17.5232,
	17.9285 17.5227,
	17.9321 17.5205,
	17.9339 17.5191,
	17.9357 17.5187,
	17.9375 17.5173,
	17.9393 17.5173,
	17.9411 17.5164,
	17.9447 17.516,
	17.9483 17.5146,
	17.9555 17.5142,
	17.9591 17.5133,
	17.9665 17.5133,
	17.9737 17.5142,
	17.9755 17.5142,
	17.9773 17.5151,
	17.9791 17.5151,
	17.9935 17.5209,
	17.9967 17.5236,
	17.998 17.5254,
	17.9989 17.5259,
	17.9989 17.5268,
	18.0003 17.5277,
	18.0025 17.5314,
	18.007 17.5458,
	18.0079 17.553,
	18.0079 17.582,
	18.0079 17.5892,
	18.007 17.5928,
	18.007 17.5946,
	18.0057 17.5982,
	18.0057 17.6,
	18.0048 17.6009,
	18.0043 17.6027,
	18.0043 17.6036,
	18.0034 17.6045,
	18.0034 17.6054,
	18.0007 17.609,
	17.994 17.6144,
	17.9931 17.6144,
	17.9926 17.6153,
	17.9917 17.6153,
	17.9899 17.6167,
	17.989 17.6167,
	17.9858 17.6194,
	17.984 17.6203,
	17.9836 17.6212,
	17.9827 17.6212,
	17.9791 17.6244,
	17.9719 17.6294,
	17.9573 17.6366,
	17.9564 17.6375,
	17.9555 17.6375,
	17.9483 17.6425,
	17.9447 17.6448,
	17.9438 17.6457,
	17.9429 17.6457,
	17.942 17.6466,
	17.9411 17.6466,
	17.9339 17.6506,
	17.9195 17.6565,
	17.9159 17.6583,
	17.915 17.6592,
	17.914 17.6592,
	17.9067 17.6632,
	17.9049 17.6641,
	17.904 17.665,
	17.8896 17.6714,
	17.8824 17.6736,
	17.8788 17.6755,
	17.8779 17.6755,
	17.8761 17.6769,
	17.8752 17.6769,
	17.8743 17.6778,
	17.8725 17.6782,
	17.8716 17.6791,
	17.868 17.68,
	17.8643 17.6818,
	17.8625 17.6823,
	17.8589 17.6845,
	17.8579 17.6845,
	17.8543 17.6868,
	17.8525 17.6872,
	17.8516 17.6881,
	17.8507 17.6881,
	17.8471 17.6904,
	17.8462 17.6904,
	17.8444 17.6917,
	17.8408 17.6926,
	17.8399 17.6935,
	17.8363 17.6949,
	17.8354 17.6949,
	17.8336 17.6962,
	17.83 17.6976,
	17.8291 17.6976,
	17.8286 17.6985,
	17.8268 17.699,
	17.8259 17.6999,
	17.8114 17.7062,
	17.8042 17.7089,
	17.8006 17.7102,
	17.7988 17.7111,
	17.797 17.7111,
	17.7934 17.7125,
	17.7862 17.7134,
	"/>
</Transform>

<Transform dim="0"
 xcoef=" 0 1 0 0 0 0"
 ycoef=" 0 0 1 0 0 0">
<Contour name="d04c32" hidden="false" closed="true" simplified="true" border="0 0 1" fill="0 0 1" mode="11"
 points="19.5835 25.1434,
	19.5761 25.1416,
	19.5724 25.1407,
	19.5714 25.1397,
	19.5696 25.1397,
	19.5677 25.1383,
	19.5668 25.1374,
	19.5659 25.1374,
	19.5649 25.1365,
	19.564 25.1365,
	19.5635 25.1356,
	19.5626 25.1356,
	19.5552 25.1295,
	19.5519 25.1272,
	19.551 25.1253,
	19.5444 25.1188,
	19.5416 25.1156,
	19.5388 25.1114,
	19.5374 25.1095,
	19.5374 25.1085,
	19.536 25.1066,
	19.5356 25.1048,
	19.5314 25.0974,
	19.5305 25.0955,
	19.5305 25.0946,
	19.5295 25.0936,
	19.5286 25.0862,
	19.5286 25.0788,
	19.5286 25.0769,
	19.5286 25.0764,
	19.5305 25.069,
	19.5332 25.062,
	19.5332 25.0611,
	19.5342 25.0601,
	19.5342 25.0592,
	19.5351 25.0587,
	19.5365 25.055,
	19.5393 25.0517,
	19.5393 25.0508,
	19.5411 25.0499,
	19.5439 25.0461,
	19.5473 25.0434,
	19.5487 25.042,
	19.5505 25.0415,
	19.5515 25.0401,
	19.5589 25.0387,
	19.5617 25.0387,
	19.5626 25.0396,
	19.5645 25.0396,
	19.5719 25.0438,
	19.5738 25.0452,
	19.5775 25.0466,
	19.5849 25.0517,
	19.5868 25.0522,
	19.5929 25.0578,
	19.598 25.0625,
	19.6008 25.0662,
	19.6027 25.0695,
	19.6055 25.0732,
	19.6092 25.0802,
	19.6106 25.0839,
	19.6115 25.0913,
	19.611 25.0987,
	19.6078 25.1057,
	19.6069 25.1066,
	19.6069 25.1076,
	19.6045 25.1114,
	19.6017 25.1188,
	19.6008 25.1198,
	19.5999 25.1235,
	19.599 25.1244,
	19.599 25.1263,
	19.5971 25.13,
	19.5971 25.1318,
	19.5962 25.1323,
	19.5948 25.136,
	19.5924 25.1397,
	19.591 25.1416,
	19.5872 25.1434,
	"/>
</Transform>

<Transform dim="0"
 xcoef=" 0 1 0 0 0 0"
 ycoef=" 0 0 1 0 0 0">
<Contour name="d04sp35" hidden="false" closed="true" simplified="true" border="1 0 0" fill="1 0 0" mode="11"
 points="18.8456 27.8356,
	18.8332 27.8349,
	18.8207 27.8325,
	18.8176 27.8302,
	18.8161 27.8302,
	18.8114 27.8263,
	18.806 27.8209,
	18.8045 27.8178,
	18.8037 27.8054,
	18.8037 27.8046,
	18.8037 27.8038,
	18.8052 27.8007,
	18.8052 27.7992,
	18.8068 27.7976,
	18.8091 27.7921,
	18.8122 27.7898,
	18.813 27.7882,
	18.8145 27.7882,
	18.8231 27.7766,
	18.8325 27.7665,
	18.8356 27.7642,
	18.8356 27.7626,
	18.841 27.758,
	18.8433 27.7549,
	18.8487 27.751,
	18.8612 27.751,
	18.8674 27.7518,
	18.8736 27.7564,
	18.876 27.758,
	18.8799 27.7642,
	18.883 27.7766,
	18.8853 27.8015,
	18.8853 27.8077,
	18.8837 27.8139,
	18.8814 27.817,
	18.8814 27.8186,
	18.8705 27.8286,
	18.8581 27.8333,
	"/>
</Transform>

<Transform dim="0"
 xcoef=" 0 1 0 0 0 0"
 ycoef=" 0 0 1 0 0 0">
<Contour name="d61cfa37" hidden="false" closed="false" simplified="true" border="0 1 0" fill="1 0 0" mode="11"
 points="19.3216 19.3968,
	19.3173 19.4026,
	19.3095 19.4148,
	19.2972 19.4326,
	19.2651 19.4706,
	19.258 19.4963,
	19.2573 19.5185,
	19.2608 19.5342,
	19.2708 19.57,
	19.278 19.59,
	19.2922 19.633,
	19.3001 19.6623,
	19.3022 19.6974,
	19.308 19.7338,
	19.3188 19.7718,
	19.338 19.8169,
	19.3603 19.8598,
	19.3753 19.8799,
	"/>
</Transform>

<Transform dim="0"
 xcoef=" 0 1 0 0 0 0"
 ycoef=" 0 0 1 0 0 0">
<Contour name="d61cfa31" hidden="false" closed="false" simplified="true" border="0 1 0" fill="1 0 0" mode="11"
 points="17.9802 17.5241,
	17.9779 17.5264,
	17.9681 17.5323,
	17.9519 17.5421,
	17.9283 17.557,
	17.908 17.5697,
	17.8838 17.5853,
	17.811 17.6216,
	17.7765 17.6402,
	17.7158 17.6689,
	"/>
</Transform>

<Transform dim="0"
 xcoef=" 0 1 0 0 0 0"
 ycoef=" 0 0 1 0 0 0">
<Contour name="d04cfa32" hidden="false" closed="false" simplified="true" border="1 0 0" fill="1 0 0" mode="11"
 points="19.597 25.1223,
	19.5941 25.117,
	19.5862 25.1111,
	19.5774 25.1042,
	19.5637 25.0959,
	19.5506 25.0856,
	19.5334 25.0735,
	"/>
</Transform>

<Transform dim="0"
 xcoef=" 0 1 0 0 0 0"
 ycoef=" 0 0 1 0 0 0">
<Contour name="d63sp31" hidden="false" closed="true" simplified="true" border="1 0 0" fill="1 0 0" mode="11"
 points="8.29743 16.6925,
	8.30001 16.676,
	8.30105 16.6677,
	8.30208 16.6672,
	8.30363 16.6589,
	8.30621 16.6507,
	8.30776 16.6465,
	8.30983 16.6445,
	8.30983 16.6434,
	8.31138 16.6419,
	8.3119 16.6398,
	8.31396 16.6377,
	8.315 16.6362,
	8.31913 16.6331,
	8.3212 16.6321,
	8.32223 16.6321,
	8.32275 16.631,
	8.33101 16.631,
	8.33205 16.631,
	8.3336 16.6326,
	8.3367 16.6408,
	8.33773 16.6429,
	8.33825 16.6594,
	8.3336 16.6925,
	8.33256 16.709,
	8.33256 16.7256,
	8.33256 16.7338,
	8.33153 16.7421,
	8.3305 16.7442,
	8.3305 16.7462,
	8.32688 16.7545,
	8.32636 16.7566,
	8.3243 16.7576,
	8.32016 16.7571,
	8.31603 16.755,
	8.31448 16.754,
	8.31345 16.7519,
	8.30931 16.7488,
	8.30725 16.7468,
	8.30621 16.7452,
	8.30415 16.7431,
	8.30208 16.739,
	8.29846 16.7225,
	8.29743 16.7059,
	8.29743 16.6977,
	8.29743 16.6935,
	8.29743 16.693,
	"/>
</Transform>

<Transform dim="0"
 xcoef=" 0 1 0 0 0 0"
 ycoef=" 0 0 1 0 0 0">
<Contour name="d63sp32" hidden="false" closed="true" simplified="true" border="1 0 0" fill="1 0 0" mode="11"
 points="8.71393 15.3918,
	8.71468 15.3888,
	8.71543 15.3768,
	8.71693 15.3708,
	8.71805 15.3678,
	8.71843 15.3648,
	8.71955 15.3618,
	8.71992 15.3603,
	8.72067 15.3596,
	8.72329 15.3536,
	8.72367 15.3521,
	8.72854 15.3465,
	8.72929 15.3457,
	8.74127 15.3431,
	8.74727 15.3427,
	8.75925 15.3405,
	8.77124 15.3394,
	8.77723 15.3394,
	8.78322 15.3405,
	8.78622 15.3405,
	8.7982 15.3431,
	8.7997 15.3435,
	8.80045 15.3442,
	8.80644 15.3461,
	8.81244 15.3487,
	8.81543 15.3502,
	8.81618 15.351,
	8.81768 15.3513,
	8.81918 15.3525,
	8.81993 15.3525,
	8.82143 15.3536,
	8.82292 15.354,
	8.82367 15.354,
	8.82442 15.3547,
	8.82592 15.3547,
	8.82704 15.3558,
	8.82854 15.3562,
	8.83079 15.3581,
	8.83641 15.3618,
	8.84203 15.3675,
	8.84465 15.3697,
	8.84465 15.3705,
	8.8454 15.3712,
	8.8454 15.372,
	8.84727 15.3749,
	8.84952 15.3809,
	8.84989 15.3869,
	8.84727 15.3989,
	8.84727 15.4019,
	8.84727 15.4034,
	8.8454 15.4094,
	8.84427 15.4154,
	8.84315 15.4184,
	8.84315 15.4191,
	8.8424 15.4199,
	8.8424 15.4214,
	8.8409 15.4244,
	8.84015 15.4259,
	8.84015 15.4266,
	8.83941 15.4274,
	8.83941 15.4289,
	8.83791 15.4319,
	8.83678 15.4334,
	8.83566 15.4364,
	8.83154 15.442,
	8.83154 15.4427,
	8.82929 15.4457,
	8.82892 15.4472,
	8.82779 15.4487,
	8.82704 15.4495,
	8.82592 15.4525,
	8.82255 15.4585,
	8.8218 15.46,
	8.82105 15.4607,
	8.81993 15.4637,
	8.81918 15.4645,
	8.81806 15.4675,
	8.81618 15.4705,
	8.81581 15.472,
	8.81468 15.4735,
	8.81468 15.4742,
	8.81394 15.475,
	8.81319 15.4776,
	8.81281 15.4791,
	8.81094 15.4821,
	8.80982 15.4851,
	8.80907 15.4866,
	8.80907 15.4873,
	8.80794 15.4888,
	8.80682 15.4948,
	8.80532 15.4978,
	8.80495 15.5008,
	8.8042 15.5012,
	8.80307 15.5042,
	8.8027 15.5057,
	8.80083 15.5087,
	8.80008 15.5102,
	8.80008 15.5109,
	8.79596 15.5165,
	8.79334 15.5188,
	8.79034 15.5203,
	8.78922 15.521,
	8.78847 15.521,
	8.78772 15.5218,
	8.78172 15.5236,
	8.77573 15.524,
	8.76974 15.5221,
	8.76412 15.5188,
	8.76262 15.5177,
	8.76187 15.5169,
	8.76037 15.5169,
	8.75738 15.515,
	8.75139 15.5128,
	8.74989 15.5124,
	8.74914 15.5117,
	8.74652 15.5105,
	8.74127 15.5068,
	8.73977 15.506,
	8.73865 15.5045,
	8.73303 15.5004,
	8.73004 15.4978,
	8.72929 15.4967,
	8.72442 15.4918,
	8.72255 15.4888,
	8.72067 15.4869,
	8.72067 15.4862,
	8.71843 15.4836,
	8.71768 15.4806,
	8.71693 15.4798,
	8.71543 15.4738,
	8.71431 15.4618,
	8.71393 15.4139,
	8.71393 15.4019,
	8.71393 15.3959,
	8.71393 15.3929,
	8.71393 15.3922,
	"/>
</Transform>

<Transform dim="0"
 xcoef=" 0 1 0 0 0 0"
 ycoef=" 0 0 1 0 0 0">
<Contour name="d61sah37" hidden="false" closed="true" simplified="false" border="1 0 0" fill="0 1 0" mode="-11"
 points="19.0805 19.9851,
	19.0805 19.9727,
	19.093 19.9727,
	19.093 19.9602,
	19.1055 19.9602,
	19.1055 19.9727,
	19.118 19.9727,
	19.118 19.9851,
	19.1055 19.9851,
	19.1055 19.9976,
	19.093 19.9976,
	19.093 19.9851,
	"/>
</Transform>

<Transform dim="1"
 xcoef=" -0.02 1 0 0 0 0"
 ycoef=" -0.03 0 1 0 0 0">
<Contour name="d63sp33" hidden="false" closed="true" simplified="true" border="1 0 0" fill="1 0 0" mode="11"
 points="8.72707 14.9682,
	8.73231 14.9562,
	8.7338 14.9547,
	8.7353 14.9487,
	8.73605 14.9457,
	8.73754 14.9442,
	8.74203 14.9203,
	8.74278 14.8964,
	8.74278 14.8844,
	8.74652 14.8605,
	8.74652 14.8575,
	8.74801 14.8545,
	8.75325 14.8306,
	8.75325 14.8246,
	8.75624 14.8126,
	8.75923 14.7887,
	8.76073 14.7767,
	8.76148 14.7707,
	8.76372 14.7648,
	8.76821 14.7588,
	8.77045 14.7558,
	8.77643 14.752,
	8.77943 14.7513,
	8.78242 14.749,
	8.7884 14.7468,
	8.79139 14.7461,
	8.79438 14.7438,
	8.79588 14.7408,
	8.79887 14.7386,
	8.80037 14.7363,
	8.8056 14.7311,
	8.81682 14.7244,
	8.82131 14.7199,
	8.8243 14.7191,
	8.82953 14.7146,
	8.83552 14.7131,
	8.83851 14.7109,
	8.85047 14.7072,
	8.85646 14.7049,
	8.86842 14.7042,
	8.87216 14.7079,
	8.87216 14.7094,
	8.87441 14.7124,
	8.87815 14.7244,
	8.88039 14.7483,
	8.88039 14.7722,
	8.88114 14.7842,
	8.88263 14.7902,
	8.88263 14.7932,
	8.88712 14.8051,
	8.88787 14.8081,
	8.89161 14.8134,
	8.89684 14.8179,
	8.89983 14.8179,
	8.90133 14.8179,
	8.90283 14.8164,
	8.90432 14.8164,
	8.90881 14.8119,
	8.91031 14.8089,
	8.91031 14.7849,
	8.91031 14.779,
	8.90806 14.767,
	8.90731 14.755,
	8.90432 14.7431,
	8.90208 14.7371,
	8.90058 14.7363,
	8.89834 14.7244,
	8.89834 14.7184,
	8.89834 14.7154,
	8.89983 14.7124,
	8.90058 14.7064,
	8.90283 14.7004,
	8.90283 14.6989,
	8.90432 14.6974,
	8.90731 14.6855,
	8.91031 14.6795,
	8.91031 14.6765,
	8.9133 14.6705,
	8.9133 14.669,
	8.91554 14.666,
	8.91629 14.663,
	8.93125 14.6414,
	8.93125 14.6399,
	8.94172 14.6294,
	8.94396 14.6271,
	8.96789 14.6234,
	9.01576 14.6204,
	9.03969 14.6204,
	9.05166 14.6219,
	9.06362 14.6256,
	9.0696 14.6279,
	9.0726 14.6279,
	9.07409 14.6294,
	9.08008 14.6309,
	9.08606 14.6339,
	9.09728 14.6436,
	9.10102 14.6488,
	9.1055 14.6608,
	9.10625 14.7565,
	9.1055 14.8044,
	9.10027 14.8283,
	9.09952 14.8343,
	9.09728 14.8403,
	9.09578 14.8523,
	9.09429 14.8582,
	9.09429 14.8612,
	9.09055 14.8732,
	9.0898 14.8792,
	9.08157 14.9031,
	9.07933 14.9091,
	9.07783 14.9098,
	9.07708 14.9128,
	9.07484 14.9151,
	9.07409 14.9181,
	9.0696 14.9241,
	9.06287 14.936,
	9.05988 14.9383,
	9.05614 14.9442,
	9.0539 14.9457,
	9.04717 14.9577,
	9.04343 14.9637,
	9.04119 14.9697,
	9.03894 14.9727,
	9.03894 14.9742,
	9.03745 14.9757,
	9.03745 14.9786,
	9.0352 14.9846,
	9.03445 14.9876,
	9.03296 14.9891,
	9.02922 15.0011,
	9.02847 15.0041,
	9.02698 15.0048,
	9.02473 15.0168,
	9.02473 15.0183,
	9.02324 15.0198,
	9.01875 15.0437,
	9.01576 15.0676,
	9.01052 15.0916,
	9.00903 15.0946,
	9.00903 15.0961,
	9.00678 15.0991,
	9.00603 15.102,
	9.00304 15.1043,
	8.9993 15.1088,
	8.99631 15.1103,
	8.99033 15.1155,
	8.97836 15.1222,
	8.97238 15.1245,
	8.96939 15.1245,
	8.95742 15.1297,
	8.94546 15.1327,
	8.92152 15.1335,
	8.91554 15.1327,
	8.90956 15.1305,
	8.90657 15.1297,
	8.90357 15.1275,
	8.87964 15.1207,
	8.87665 15.1192,
	8.87366 15.1192,
	8.87216 15.1178,
	8.86917 15.1178,
	8.86319 15.1148,
	8.85721 15.114,
	8.84524 15.108,
	8.83926 15.105,
	8.83626 15.1035,
	8.83477 15.1035,
	8.83178 15.1013,
	8.83103 15.0998,
	8.82953 15.0998,
	8.81906 15.0916,
	8.79737 15.0721,
	8.79214 15.0669,
	8.7899 15.0647,
	8.7899 15.0632,
	8.78466 15.0594,
	8.78242 15.0564,
	8.78017 15.0549,
	8.77195 15.0445,
	8.76821 15.0407,
	8.76297 15.0355,
	8.75923 15.0303,
	8.754 15.025,
	8.7525 15.022,
	8.74951 15.0198,
	8.7338 14.9981,
	8.73231 14.9951,
	8.73231 14.9936,
	8.72857 14.9884,
	8.72707 14.9824,
	8.72707 14.9704,
	8.72707 14.9689,
	"/>
</Transform>

<Transform dim="0"
 xcoef=" 0 1 0 0 0 0"
 ycoef=" 0 0 1 0 0 0">
<Image mag="0.002066" contrast="1.65305" brightness="-0.21" red="true" green="true" blue="true"
 src="208____z10.223.jpg" />
<Contour name="domain1" hidden="false" closed="true" simplified="false" border="1 0 1" fill="1 0 1" mode="11"
 points="0 0,
	17608 0,
	17608 16967,
	0 16967,
	"/>
</Transform>

<Transform dim="0"
 xcoef=" 0 1 0 0 0 0"
 ycoef=" 0 0 1 0 0 0">
<Contour name="d63endoh33_endo" hidden="false" closed="true" simplified="true" border="1 0.502 0" fill="1 0 0" mode="11"
 points="8.84826 14.7906,
	8.84959 14.7696,
	8.85355 14.7495,
	8.85997 14.7311,
	8.86856 14.7152,
	8.87897 14.7026,
	8.89076 14.6936,
	8.90343 14.6887,
	8.91644 14.6882,
	8.92925 14.692,
	8.94131 14.6999,
	8.95211 14.7117,
	8.9612 14.7269,
	8.96818 14.7447,
	8.97278 14.7645,
	8.97478 14.7853,
	8.97411 14.8064,
	8.97079 14.8269,
	8.96497 14.8458,
	8.95689 14.8623,
	8.9469 14.8759,
	8.93541 14.8858,
	8.92291 14.8917,
	8.90993 14.8933,
	8.89702 14.8906,
	8.88472 14.8837,
	8.87356 14.8728,
	8.86401 14.8585,
	8.85647 14.8412,
	8.85125 14.8219,
	"/>
</Transform>

</Section>