<?xml version="1.0"?>
<!DOCTYPE Section SYSTEM "section.dtd">

<Section index="15" thickness="0.048" alignLocked="true">
<Transform dim="0"
 xcoef=" 0 1 0 0 0 0"
 ycoef=" 0 0 1 0 0 0">
<Image mag="0.002063" contrast="1.95721" brightness="-0.18" red="true" green="true" blue="true"
 src="016____z0.765.jpg" />
<Contour name="domain1" hidden="false" closed="true" simplified="false" border="1 0 1" fill="1 0 1" mode="11"
 points="0 0,
	17236 0,
	17236 17077,
	0 17077,
	"/>
</Transform>

<Transform dim="0"
 xcoef=" 0 1 0 0 0 0"
 ycoef=" 0 0 1 0 0 0">
<Contour name="D39" hidden="false" closed="true" simplified="true" border="0 0 1" fill="0 0 1" mode="11"
 points="12.1545 29.018,
	12.1031 29.0099,
	12.0568 28.9862,
	12.02 28.9495,
	11.9883 28.8518,
	11.9964 28.8005,
	12.02 28.7542,
	12.0568 28.7174,
	12.1031 28.6938,
	12.1545 28.6857,
	12.2057 28.6938,
	12.2521 28.7174,
	12.2888 28.7542,
	12.3125 28.8005,
	12.3205 28.8518,
	12.3125 28.9032,
	12.2888 28.9495,
	12.2521 28.9862,
	12.2057 29.0099,
	"/>
</Transform>

<Transform dim="0"
 xcoef=" 0 1 0 0 0 0"
 ycoef=" 0 0 1 0 0 0">
<Contour name="D56" hidden="false" closed="true" simplified="true" border="1 0 0" fill="1 0 0" mode="11"
 points="24.1953 23.252,
	24.1521 23.2451,
	24.1131 23.2253,
	24.0821 23.1943,
	24.0554 23.1121,
	24.0623 23.0688,
	24.0821 23.0298,
	24.1131 22.9989,
	24.1521 22.979,
	24.1953 22.9721,
	24.2385 22.979,
	24.2776 22.9989,
	24.3085 23.0298,
	24.3284 23.0688,
	24.3353 23.1121,
	24.3284 23.1553,
	24.3085 23.1943,
	24.2776 23.2253,
	24.2385 23.2451,
	"/>
</Transform>

<Transform dim="0"
 xcoef=" 0 1 0 0 0 0"
 ycoef=" 0 0 1 0 0 0">
<Contour name="D31" hidden="false" closed="true" simplified="true" border="0 0 1" fill="0 0 1" mode="11"
 points="15.7004 18.0827,
	15.6467 18.0738,
	15.5982 18.0476,
	15.5597 18.0069,
	15.5265 17.8986,
	15.5351 17.8418,
	15.5597 17.7905,
	15.5982 17.7497,
	15.6467 17.7235,
	15.7004 17.7145,
	15.7542 17.7235,
	15.8026 17.7497,
	15.8411 17.7905,
	15.8659 17.8418,
	15.8743 17.8986,
	15.8659 17.9555,
	15.8411 18.0069,
	15.8026 18.0476,
	15.7542 18.0738,
	"/>
</Transform>

<Transform dim="0"
 xcoef=" 0 1 0 0 0 0"
 ycoef=" 0 0 1 0 0 0">
<Contour name="D28" hidden="false" closed="true" simplified="true" border="0 0 1" fill="0 0 1" mode="11"
 points="6.50364 24.2659,
	6.455 24.2591,
	6.41112 24.2392,
	6.37629 24.2083,
	6.34623 24.126,
	6.35394 24.0828,
	6.37629 24.0438,
	6.41112 24.0128,
	6.455 23.993,
	6.50364 23.9862,
	6.55228 23.993,
	6.59617 24.0128,
	6.63099 24.0438,
	6.65335 24.0828,
	6.66106 24.126,
	6.65335 24.1692,
	6.63099 24.2083,
	6.59617 24.2392,
	6.55228 24.2591,
	"/>
</Transform>

<Transform dim="0"
 xcoef=" 0 1 0 0 0 0"
 ycoef=" 0 0 1 0 0 0">
<Contour name="D38" hidden="false" closed="true" simplified="true" border="1 0 0" fill="1 0 0" mode="11"
 points="23.2284 22.5322,
	23.177 22.525,
	23.1307 22.5038,
	23.0939 22.4709,
	23.0622 22.3836,
	23.0703 22.3377,
	23.0939 22.2962,
	23.1307 22.2632,
	23.177 22.2422,
	23.2284 22.2348,
	23.2796 22.2422,
	23.326 22.2632,
	23.3627 22.2962,
	23.3864 22.3377,
	23.3945 22.3836,
	23.3864 22.4295,
	23.3627 22.4709,
	23.326 22.5038,
	23.2796 22.525,
	"/>
</Transform>

<Transform dim="0"
 xcoef=" 0 1 0 0 0 0"
 ycoef=" 0 0 1 0 0 0">
<Contour name="D01" hidden="false" closed="true" simplified="true" border="1 1 0" fill="1 1 0" mode="11"
 points="18.0248 26.604,
	17.9742 26.5975,
	17.9286 26.5786,
	17.8923 26.5492,
	17.8611 26.4709,
	17.8692 26.4299,
	17.8923 26.3928,
	17.9286 26.3634,
	17.9742 26.3446,
	18.0248 26.338,
	18.0753 26.3446,
	18.1211 26.3634,
	18.1572 26.3928,
	18.1805 26.4299,
	18.1884 26.4709,
	18.1805 26.512,
	18.1572 26.5492,
	18.1211 26.5786,
	18.0753 26.5975,
	"/>
</Transform>

<Transform dim="0"
 xcoef=" 0 1 0 0 0 0"
 ycoef=" 0 0 1 0 0 0">
<Contour name="D63" hidden="false" closed="true" simplified="true" border="1 0 0" fill="1 0 0" mode="11"
 points="20.7533 26.7904,
	20.7307 26.7877,
	20.7104 26.7797,
	20.6943 26.7673,
	20.6803 26.7344,
	20.6839 26.7171,
	20.6943 26.7015,
	20.7104 26.6891,
	20.7307 26.6811,
	20.7533 26.6784,
	20.7758 26.6811,
	20.7962 26.6891,
	20.8123 26.7015,
	20.8227 26.7171,
	20.8262 26.7344,
	20.8227 26.7517,
	20.8123 26.7673,
	20.7962 26.7797,
	20.7758 26.7877,
	"/>
</Transform>

<Transform dim="0"
 xcoef=" 0 1 0 0 0 0"
 ycoef=" 0 0 1 0 0 0">
<Contour name="d28" hidden="false" closed="true" simplified="true" border="1 1 0" fill="1 1 0" mode="11"
 points="6.73264 24.6974,
	6.7287 24.6934,
	6.68662 24.6802,
	6.64453 24.6737,
	6.63402 24.6698,
	6.61297 24.6658,
	6.60245 24.6645,
	6.59193 24.6606,
	6.54984 24.6527,
	6.46568 24.6513,
	6.4236 24.6435,
	6.41834 24.6409,
	6.40256 24.6409,
	6.3973 24.6382,
	6.39203 24.6382,
	6.38152 24.6342,
	6.37625 24.6342,
	6.371 24.6303,
	6.36179 24.6264,
	6.35389 24.6185,
	6.34864 24.6146,
	6.34732 24.6119,
	6.34469 24.6119,
	6.34075 24.6079,
	6.33023 24.604,
	6.3197 24.5975,
	6.27763 24.583,
	6.25921 24.5712,
	6.2487 24.5619,
	6.24607 24.5593,
	6.24343 24.5593,
	6.20398 24.5252,
	6.18425 24.5107,
	6.16321 24.4922,
	6.15795 24.4896,
	6.15006 24.4791,
	6.14348 24.4581,
	6.14217 24.4527,
	6.13559 24.4423,
	6.13296 24.4383,
	6.11324 24.4238,
	6.10403 24.4173,
	6.09877 24.4147,
	6.09746 24.4121,
	6.09219 24.4106,
	6.07378 24.3936,
	6.0659 24.3844,
	6.06326 24.3831,
	6.06326 24.3804,
	6.058 24.3752,
	6.05275 24.3646,
	6.05275 24.3594,
	6.04617 24.3489,
	6.04485 24.3437,
	6.0409 24.3396,
	6.0409 24.337,
	6.03697 24.3318,
	6.03302 24.3213,
	6.02907 24.316,
	6.02907 24.3107,
	6.02381 24.3003,
	6.02381 24.2949,
	6.01856 24.2845,
	6.01856 24.2792,
	6.01329 24.2686,
	6.00934 24.2476,
	6.00671 24.2371,
	6.0054 24.2319,
	6.00277 24.2292,
	5.99751 24.2082,
	5.99488 24.1976,
	5.99356 24.1924,
	5.99356 24.1898,
	5.99093 24.1872,
	5.99093 24.1818,
	5.98567 24.1727,
	5.98436 24.1674,
	5.97647 24.1582,
	5.97252 24.1542,
	5.97121 24.1503,
	5.95674 24.1306,
	5.94886 24.1095,
	5.94359 24.0991,
	5.94228 24.0937,
	5.94228 24.0911,
	5.93965 24.0898,
	5.93701 24.0687,
	5.94359 24.0477,
	5.94359 24.0266,
	5.93833 24.0057,
	5.93833 23.9951,
	5.93701 23.9912,
	5.93701 23.9899,
	5.93833 23.9847,
	5.94359 23.9793,
	5.94622 23.9767,
	5.95674 23.9767,
	5.96727 23.9793,
	5.97778 23.9847,
	5.98173 23.9886,
	5.98699 23.9899,
	5.9883 23.9925,
	5.99883 23.9938,
	6.00146 23.9938,
	6.00934 23.9847,
	6.01198 23.9819,
	6.01198 23.961,
	6.01066 23.9504,
	6.00146 23.9307,
	5.98699 23.9122,
	5.97778 23.9018,
	5.97252 23.8912,
	5.97252 23.8807,
	5.97252 23.8755,
	5.97778 23.8675,
	5.97778 23.8649,
	5.98436 23.8557,
	5.98436 23.8531,
	5.99225 23.8452,
	5.99883 23.8347,
	6.00934 23.8268,
	6.01198 23.8268,
	6.01329 23.8241,
	6.03434 23.8176,
	6.03959 23.8176,
	6.04222 23.815,
	6.05275 23.8136,
	6.058 23.811,
	6.06853 23.8097,
	6.07904 23.8058,
	6.12113 23.8032,
	6.14217 23.8058,
	6.15269 23.8058,
	6.17373 23.8123,
	6.17899 23.8136,
	6.18162 23.8163,
	6.19215 23.8176,
	6.20266 23.8228,
	6.22371 23.8281,
	6.22634 23.8281,
	6.23029 23.8228,
	6.23029 23.8202,
	6.23817 23.811,
	6.25658 23.7978,
	6.26448 23.79,
	6.27499 23.7834,
	6.28026 23.7794,
	6.28289 23.7768,
	6.28551 23.7768,
	6.30524 23.765,
	6.31576 23.7598,
	6.32102 23.7585,
	6.32497 23.7544,
	6.33023 23.7557,
	6.34075 23.7544,
	6.35127 23.7557,
	6.36179 23.7598,
	6.38283 23.7637,
	6.3881 23.7663,
	6.39861 23.7676,
	6.40913 23.7716,
	6.41439 23.7729,
	6.41702 23.7729,
	6.41834 23.7755,
	6.5025 23.7834,
	6.51302 23.7887,
	6.53143 23.8058,
	6.5367 23.8071,
	6.54064 23.811,
	6.55116 23.8123,
	6.5722 23.811,
	6.58273 23.811,
	6.62481 23.8202,
	6.64585 23.8241,
	6.65637 23.8281,
	6.659 23.8281,
	6.66163 23.8308,
	6.67215 23.8347,
	6.67741 23.8347,
	6.68004 23.8373,
	6.68924 23.8399,
	6.69451 23.8412,
	6.69977 23.8452,
	6.70503 23.8465,
	6.70765 23.8465,
	6.7116 23.8518,
	6.71423 23.8518,
	6.72343 23.8597,
	6.72607 23.8597,
	6.74185 23.8742,
	6.74448 23.8794,
	6.76157 23.8978,
	6.77078 23.907,
	6.77342 23.9096,
	6.77342 23.9122,
	6.77867 23.9163,
	6.77999 23.9215,
	6.78656 23.9281,
	6.78656 23.9307,
	6.79446 23.9399,
	6.80234 23.961,
	6.80629 23.9715,
	6.80761 23.9767,
	6.81156 23.9833,
	6.81286 23.9886,
	6.81286 23.9912,
	6.81681 23.9964,
	6.82076 24.007,
	6.82734 24.0162,
	6.82996 24.0175,
	6.82996 24.0227,
	6.84312 24.0425,
	6.84968 24.053,
	6.85232 24.0543,
	6.85232 24.057,
	6.85495 24.0596,
	6.85495 24.0622,
	6.8589 24.0661,
	6.8589 24.0687,
	6.86416 24.0741,
	6.86546 24.078,
	6.86941 24.0832,
	6.86941 24.0859,
	6.87204 24.0885,
	6.87204 24.0911,
	6.87862 24.1004,
	6.88125 24.103,
	6.88519 24.1135,
	6.88651 24.1188,
	6.88914 24.1214,
	6.89309 24.1319,
	6.89309 24.1371,
	6.89572 24.1397,
	6.90229 24.1608,
	6.9036 24.1818,
	6.90229 24.2029,
	6.89835 24.2135,
	6.89835 24.2187,
	6.89572 24.2239,
	6.89309 24.2266,
	6.89177 24.2371,
	6.88782 24.2476,
	6.88651 24.2582,
	6.88519 24.2634,
	6.88256 24.2647,
	6.88125 24.3068,
	6.88256 24.3489,
	6.88519 24.37,
	6.88782 24.3804,
	6.89046 24.3844,
	6.89046 24.387,
	6.89309 24.3897,
	6.89703 24.3989,
	6.91018 24.4173,
	6.91018 24.4225,
	6.91281 24.4238,
	6.91281 24.4291,
	6.91545 24.4317,
	6.91676 24.4738,
	6.91545 24.4948,
	6.91413 24.5054,
	6.91018 24.5159,
	6.91018 24.5211,
	6.90492 24.5317,
	6.9036 24.5369,
	6.89967 24.5422,
	6.89572 24.5527,
	6.89309 24.5554,
	6.89309 24.558,
	6.89046 24.5606,
	6.88256 24.5817,
	6.88125 24.5869,
	6.87862 24.5895,
	6.87468 24.6001,
	6.87336 24.6053,
	6.86678 24.6146,
	6.86416 24.6198,
	6.86416 24.6224,
	6.86153 24.6251,
	6.86153 24.6277,
	6.8589 24.6303,
	6.85495 24.6409,
	6.85495 24.6435,
	6.85232 24.6448,
	6.85232 24.6474,
	6.84706 24.6513,
	6.84575 24.654,
	6.84048 24.6553,
	6.83785 24.6579,
	6.83259 24.6579,
	6.79051 24.6698,
	6.77999 24.675,
	6.77473 24.6776,
	6.7721 24.6802,
	6.76684 24.6802,
	6.75632 24.6869,
	6.75106 24.6895,
	6.74842 24.6921,
	6.73791 24.6961,
	"/>
</Transform>

<Transform dim="0"
 xcoef=" 0 1 0 0 0 0"
 ycoef=" 0 0 1 0 0 0">
<Contour name="d28sp02" hidden="false" closed="true" simplified="true" border="1 0 0" fill="1 0 0" mode="11"
 points="5.49124 23.2821,
	5.48709 23.2816,
	5.48501 23.2816,
	5.48293 23.2805,
	5.48189 23.2805,
	5.48085 23.2795,
	5.4767 23.279,
	5.46841 23.2764,
	5.46633 23.2754,
	5.46426 23.2754,
	5.46011 23.2738,
	5.45907 23.2738,
	5.45803 23.2727,
	5.45596 23.2727,
	5.44765 23.2691,
	5.4435 23.2676,
	5.44246 23.267,
	5.43416 23.2681,
	5.42587 23.2676,
	5.42172 23.2676,
	5.41342 23.2655,
	5.41133 23.2655,
	5.40718 23.264,
	5.40511 23.264,
	5.38851 23.2587,
	5.37191 23.2525,
	5.37087 23.2525,
	5.36983 23.2515,
	5.36568 23.2505,
	5.36206 23.2484,
	5.35997 23.2479,
	5.35582 23.2452,
	5.35427 23.2432,
	5.35375 23.239,
	5.34856 23.2312,
	5.34701 23.2291,
	5.34701 23.2281,
	5.34597 23.2271,
	5.34597 23.2261,
	5.34441 23.2235,
	5.34286 23.2194,
	5.34026 23.2156,
	5.33974 23.2136,
	5.33819 23.2115,
	5.33508 23.2033,
	5.33404 23.2022,
	5.32937 23.1856,
	5.32937 23.1845,
	5.32833 23.1835,
	5.32678 23.1794,
	5.32626 23.1773,
	5.32469 23.1753,
	5.32262 23.1674,
	5.32107 23.1659,
	5.32107 23.1649,
	5.32003 23.1638,
	5.31951 23.1618,
	5.31796 23.1596,
	5.31796 23.1586,
	5.3164 23.1565,
	5.31588 23.1545,
	5.31381 23.1524,
	5.31017 23.1446,
	5.30757 23.1405,
	5.30654 23.1394,
	5.30654 23.1384,
	5.30342 23.1343,
	5.30135 23.1306,
	5.2998 23.129,
	5.2998 23.128,
	5.2972 23.1254,
	5.29565 23.1239,
	5.29565 23.1228,
	5.29201 23.1197,
	5.29098 23.1192,
	5.29098 23.1182,
	5.28734 23.1155,
	5.28579 23.1135,
	5.28475 23.1135,
	5.27749 23.1063,
	5.27438 23.1031,
	5.27282 23.1015,
	5.27282 23.1005,
	5.26918 23.0974,
	5.26815 23.0953,
	5.26607 23.0938,
	5.25519 23.0787,
	5.25362 23.075,
	5.25259 23.0745,
	5.25259 23.0735,
	5.25103 23.072,
	5.25051 23.0699,
	5.25051 23.0689,
	5.24947 23.0683,
	5.24947 23.0663,
	5.24844 23.0642,
	5.24844 23.06,
	5.24844 23.059,
	5.24844 23.0585,
	5.25155 23.0554,
	5.25362 23.0538,
	5.25777 23.0528,
	5.26607 23.0528,
	5.28268 23.0579,
	5.28683 23.0585,
	5.29098 23.06,
	5.30757 23.0627,
	5.32418 23.0632,
	5.32833 23.0616,
	5.3304 23.0605,
	5.33248 23.0605,
	5.33455 23.059,
	5.33663 23.0585,
	5.34078 23.0559,
	5.34286 23.0554,
	5.34494 23.0538,
	5.35323 23.0512,
	5.35531 23.0502,
	5.35738 23.0502,
	5.35842 23.0492,
	5.37502 23.0466,
	5.38333 23.0466,
	5.39163 23.0492,
	5.39266 23.0492,
	5.39474 23.0512,
	5.39577 23.0523,
	5.39681 23.0523,
	5.40304 23.06,
	5.40511 23.0622,
	5.40563 23.0642,
	5.40667 23.0647,
	5.40667 23.0668,
	5.40822 23.0689,
	5.40875 23.0709,
	5.4103 23.0725,
	5.41133 23.0767,
	5.41237 23.0777,
	5.41237 23.0787,
	5.41342 23.0798,
	5.41393 23.0818,
	5.41653 23.0854,
	5.41757 23.0875,
	5.42119 23.0902,
	5.42327 23.0922,
	5.4243 23.0922,
	5.42845 23.0948,
	5.43001 23.0964,
	5.43105 23.0964,
	5.4461 23.1083,
	5.44921 23.1114,
	5.45077 23.1129,
	5.45181 23.1135,
	5.45181 23.1145,
	5.45803 23.1213,
	5.46062 23.1249,
	5.46218 23.1264,
	5.4627 23.1285,
	5.46529 23.1311,
	5.46582 23.1332,
	5.46737 23.1353,
	5.47048 23.1435,
	5.47204 23.1456,
	5.47204 23.1478,
	5.47412 23.1519,
	5.47619 23.1601,
	5.47826 23.1643,
	5.48085 23.1726,
	5.48138 23.1741,
	5.48397 23.1784,
	5.49175 23.1851,
	5.49486 23.1876,
	5.49797 23.1913,
	5.49901 23.1924,
	5.49901 23.1934,
	5.5011 23.1949,
	5.5011 23.196,
	5.50317 23.198,
	5.50472 23.2022,
	5.50576 23.2033,
	5.50628 23.2053,
	5.50783 23.2074,
	5.51043 23.2156,
	5.51094 23.2178,
	5.51094 23.2188,
	5.51198 23.2194,
	5.51354 23.2276,
	5.51458 23.2318,
	5.51458 23.2484,
	5.51458 23.2525,
	5.51302 23.2566,
	5.51302 23.2587,
	5.51094 23.2629,
	5.50991 23.267,
	5.50524 23.2754,
	5.50524 23.2764,
	5.50317 23.278,
	5.50317 23.279,
	5.49953 23.2816,
	"/>
</Transform>

<Transform dim="0"
 xcoef=" 0 1 0 0 0 0"
 ycoef=" 0 0 1 0 0 0">
<Contour name="d63sp03" hidden="false" closed="true" simplified="true" border="1 0 0" fill="1 0 0" mode="11"
 points="21.4254 26.7104,
	21.4065 26.6747,
	21.3975 26.6569,
	21.3931 26.6479,
	21.3909 26.6435,
	21.3909 26.6412,
	21.3886 26.64,
	21.3886 26.6356,
	21.3786 26.6178,
	21.373 26.6088,
	21.3707 26.6066,
	21.3696 26.6022,
	21.363 26.5943,
	21.3562 26.5888,
	21.3507 26.5798,
	21.3417 26.5743,
	21.3384 26.5708,
	21.3362 26.5708,
	21.3283 26.5642,
	21.3239 26.5631,
	21.3149 26.5575,
	21.3105 26.5575,
	21.3083 26.5552,
	21.238 26.5318,
	21.229 26.5318,
	21.2112 26.5262,
	21.2022 26.524,
	21.1844 26.524,
	21.1665 26.5207,
	21.1576 26.5184,
	21.1564 26.5184,
	21.1553 26.5173,
	21.1732 26.5106,
	21.1911 26.5073,
	21.2625 26.5062,
	21.267 26.5062,
	21.2714 26.5028,
	21.2759 26.5017,
	21.2916 26.4883,
	21.296 26.4838,
	21.3004 26.4827,
	21.3094 26.476,
	21.3272 26.4704,
	21.3316 26.4704,
	21.3406 26.4671,
	21.345 26.4671,
	21.3496 26.4637,
	21.3518 26.4637,
	21.3596 26.4559,
	21.3641 26.447,
	21.3674 26.4425,
	21.3753 26.4246,
	21.3797 26.4158,
	21.3864 26.4068,
	21.3875 26.4024,
	21.3942 26.3945,
	21.3953 26.3901,
	21.402 26.3811,
	21.4043 26.3767,
	21.4087 26.3734,
	21.4098 26.3699,
	21.4377 26.3409,
	21.4444 26.3332,
	21.4612 26.322,
	21.4656 26.3187,
	21.4701 26.3176,
	21.4779 26.3119,
	21.4824 26.3097,
	21.4846 26.3097,
	21.5024 26.2996,
	21.5069 26.2963,
	21.5248 26.293,
	21.5292 26.2908,
	21.5382 26.2896,
	21.5426 26.2874,
	21.614 26.274,
	21.623 26.2717,
	21.6408 26.2717,
	21.6498 26.2706,
	21.6676 26.264,
	21.6855 26.264,
	21.7212 26.2673,
	21.7569 26.2662,
	21.7748 26.2628,
	21.7771 26.2628,
	21.7782 26.2606,
	21.796 26.2561,
	21.8318 26.2528,
	21.8362 26.2528,
	21.8452 26.2483,
	21.8496 26.2472,
	21.8663 26.2338,
	21.883 26.2271,
	21.8876 26.2249,
	21.9054 26.2238,
	21.9232 26.2204,
	21.9411 26.2193,
	21.959 26.2204,
	21.9634 26.2204,
	21.9679 26.2226,
	21.9724 26.2226,
	21.9768 26.2249,
	21.9947 26.2282,
	22.0036 26.2305,
	22.0081 26.2327,
	22.0125 26.2327,
	22.0215 26.2383,
	22.0293 26.2461,
	22.0293 26.2483,
	22.0438 26.2651,
	22.0449 26.2695,
	22.0483 26.2717,
	22.0538 26.2807,
	22.0595 26.2874,
	22.0661 26.2963,
	22.0683 26.2985,
	22.0717 26.3075,
	22.0729 26.3253,
	22.0729 26.3343,
	22.0705 26.3387,
	22.0705 26.3409,
	22.065 26.3499,
	22.0606 26.3543,
	22.0595 26.3589,
	22.0549 26.3622,
	22.0505 26.3677,
	22.0483 26.3677,
	22.0438 26.3711,
	22.0415 26.3722,
	22.0237 26.3699,
	21.988 26.36,
	21.9701 26.3633,
	21.9612 26.3666,
	21.9523 26.3677,
	21.9166 26.3789,
	21.8987 26.3912,
	21.8909 26.399,
	21.8887 26.399,
	21.8797 26.4046,
	21.8441 26.4113,
	21.8083 26.4146,
	21.7725 26.4146,
	21.7547 26.4158,
	21.719 26.4246,
	21.6833 26.4369,
	21.6654 26.4414,
	21.6632 26.4437,
	21.6454 26.4481,
	21.6408 26.4492,
	21.6364 26.4526,
	21.6274 26.4559,
	21.623 26.457,
	21.6208 26.4593,
	21.6118 26.4626,
	21.6074 26.466,
	21.5984 26.4693,
	21.5907 26.476,
	21.5861 26.4771,
	21.5828 26.4805,
	21.5806 26.4805,
	21.5639 26.4928,
	21.5617 26.4928,
	21.5527 26.5006,
	21.5505 26.5006,
	21.536 26.5173,
	21.5315 26.5218,
	21.5292 26.5251,
	21.5125 26.5407,
	21.5092 26.5429,
	21.5047 26.5475,
	21.4969 26.553,
	21.4924 26.5552,
	21.4902 26.5563,
	21.4902 26.5586,
	21.4567 26.582,
	21.4478 26.5866,
	21.4433 26.5899,
	21.4411 26.5921,
	21.4388 26.5921,
	21.4299 26.5987,
	21.4254 26.6022,
	21.421 26.6033,
	21.4154 26.611,
	21.412 26.62,
	21.4109 26.629,
	21.412 26.6468,
	21.412 26.6512,
	21.4143 26.6557,
	21.4143 26.6602,
	21.4165 26.6646,
	21.4221 26.6992,
	21.4266 26.7082,
	"/>
</Transform>

<Transform dim="0"
 xcoef=" 0 1 0 0 0 0"
 ycoef=" 0 0 1 0 0 0">
<Contour name="d28sp03" hidden="false" closed="true" simplified="true" border="1 0 0" fill="1 0 0" mode="11"
 points="7.19487 24.8989,
	7.17916 24.8974,
	7.17131 24.8954,
	7.16737 24.895,
	7.1654 24.8939,
	7.16443 24.8939,
	7.16344 24.8929,
	7.15559 24.8905,
	7.15461 24.8905,
	7.15362 24.8895,
	7.15265 24.8895,
	7.15166 24.8885,
	7.14969 24.8885,
	7.14577 24.8861,
	7.14282 24.8861,
	7.14085 24.8846,
	7.133 24.8841,
	7.12514 24.8822,
	7.12318 24.8822,
	7.1222 24.8812,
	7.10697 24.8757,
	7.10501 24.8748,
	7.10403 24.8748,
	7.10354 24.8738,
	7.10158 24.8733,
	7.10059 24.8733,
	7.09912 24.8714,
	7.09716 24.8714,
	7.09519 24.8699,
	7.09126 24.8684,
	7.0893 24.867,
	7.08734 24.8665,
	7.07996 24.8615,
	7.07604 24.8591,
	7.0726 24.8557,
	7.07064 24.8522,
	7.06917 24.8443,
	7.06917 24.8286,
	7.06818 24.8129,
	7.06769 24.805,
	7.06622 24.7972,
	7.06622 24.7963,
	7.06524 24.7953,
	7.06425 24.7913,
	7.06278 24.7893,
	7.06278 24.7884,
	7.05541 24.783,
	7.05443 24.782,
	7.05345 24.782,
	7.05148 24.78,
	7.05051 24.78,
	7.04952 24.779,
	7.04559 24.7775,
	7.04166 24.7775,
	7.03872 24.7804,
	7.03823 24.7825,
	7.03627 24.7845,
	7.0348 24.7879,
	7.02939 24.7958,
	7.02252 24.8026,
	7.02056 24.8031,
	7.01859 24.8021,
	7.01761 24.8011,
	7.01564 24.8006,
	7.01368 24.7992,
	7.01269 24.7992,
	7.00876 24.7963,
	7.00779 24.7947,
	7.00434 24.7913,
	6.99797 24.7864,
	6.99452 24.783,
	6.98716 24.7785,
	6.97931 24.7731,
	6.97538 24.7707,
	6.9739 24.7692,
	6.97193 24.7692,
	6.96507 24.7643,
	6.96408 24.7643,
	6.96211 24.7628,
	6.95819 24.7613,
	6.95622 24.7608,
	6.95525 24.7608,
	6.95475 24.7599,
	6.95279 24.7599,
	6.95083 24.7584,
	6.94886 24.7579,
	6.94542 24.7545,
	6.94395 24.753,
	6.94395 24.752,
	6.94297 24.7515,
	6.94297 24.7505,
	6.94198 24.7495,
	6.94149 24.7181,
	6.94149 24.7024,
	6.94149 24.6985,
	6.94149 24.698,
	6.94149 24.6975,
	6.94345 24.6896,
	6.94444 24.6857,
	6.9518 24.67,
	6.95426 24.666,
	6.95426 24.6651,
	6.95917 24.6573,
	6.96408 24.6508,
	6.96997 24.644,
	6.97193 24.642,
	6.97292 24.6411,
	6.97488 24.6406,
	6.97586 24.6401,
	6.97586 24.6391,
	6.97784 24.6386,
	6.9798 24.6371,
	6.98078 24.6361,
	6.98176 24.6361,
	6.98569 24.6337,
	6.98863 24.6312,
	6.99256 24.6288,
	6.99551 24.6259,
	6.99649 24.6259,
	6.99845 24.6238,
	7.00582 24.6189,
	7.01221 24.6141,
	7.01614 24.6116,
	7.01711 24.6106,
	7.01907 24.6102,
	7.02006 24.6102,
	7.02203 24.6086,
	7.02595 24.6071,
	7.02988 24.6066,
	7.03774 24.6032,
	7.04166 24.6023,
	7.04265 24.6023,
	7.04313 24.6013,
	7.04707 24.6003,
	7.04805 24.6003,
	7.04904 24.5993,
	7.05689 24.5964,
	7.06082 24.5953,
	7.06475 24.5934,
	7.06671 24.5919,
	7.07064 24.5905,
	7.07161 24.5895,
	7.07555 24.588,
	7.07752 24.5875,
	7.08095 24.5851,
	7.08193 24.5851,
	7.08291 24.5841,
	7.08389 24.5841,
	7.08488 24.5831,
	7.08586 24.5831,
	7.09323 24.5782,
	7.09716 24.5757,
	7.1001 24.5728,
	7.10108 24.5728,
	7.10305 24.5713,
	7.10403 24.5704,
	7.10501 24.5704,
	7.10648 24.5684,
	7.10747 24.5684,
	7.11139 24.5654,
	7.11336 24.5639,
	7.11729 24.5625,
	7.12121 24.562,
	7.12514 24.5625,
	7.12907 24.5639,
	7.13103 24.5644,
	7.133 24.5659,
	7.13496 24.5664,
	7.13889 24.5689,
	7.14085 24.5704,
	7.14282 24.5704,
	7.15068 24.5728,
	7.15854 24.5743,
	7.17425 24.5748,
	7.17621 24.5743,
	7.17817 24.5723,
	7.17964 24.5713,
	7.18309 24.5679,
	7.18407 24.5664,
	7.18799 24.5644,
	7.19585 24.5639,
	7.20371 24.5644,
	7.20764 24.5639,
	7.21157 24.5625,
	7.21353 24.5615,
	7.2155 24.5595,
	7.22237 24.5551,
	7.22237 24.5542,
	7.22335 24.5531,
	7.22433 24.5531,
	7.22629 24.5511,
	7.22974 24.5487,
	7.23367 24.5472,
	7.24152 24.5468,
	7.24545 24.5468,
	7.24741 24.5472,
	7.24888 24.5487,
	7.25281 24.5492,
	7.2533 24.5502,
	7.25723 24.5511,
	7.26116 24.5531,
	7.26312 24.5537,
	7.2646 24.5551,
	7.26657 24.5556,
	7.27393 24.562,
	7.27492 24.5639,
	7.27639 24.5649,
	7.2862 24.5801,
	7.28719 24.5822,
	7.28916 24.5841,
	7.28964 24.5861,
	7.2921 24.59,
	7.2921 24.5909,
	7.29357 24.5929,
	7.29406 24.5948,
	7.29553 24.5969,
	7.29701 24.6008,
	7.29799 24.6027,
	7.29799 24.6037,
	7.29897 24.6047,
	7.30437 24.6204,
	7.30732 24.6283,
	7.30732 24.6293,
	7.3083 24.6302,
	7.30879 24.6341,
	7.31125 24.642,
	7.31272 24.646,
	7.31468 24.6617,
	7.31518 24.6696,
	7.31322 24.701,
	7.31322 24.7167,
	7.31322 24.7206,
	7.31468 24.7285,
	7.31518 24.7442,
	7.31714 24.7599,
	7.31812 24.7678,
	7.31911 24.7697,
	7.3196 24.7736,
	7.32107 24.7775,
	7.32156 24.7815,
	7.32254 24.7835,
	7.32303 24.7874,
	7.32745 24.8031,
	7.32745 24.8188,
	7.32795 24.8267,
	7.32745 24.8306,
	7.32598 24.8345,
	7.32549 24.8385,
	7.32254 24.8463,
	7.32156 24.8502,
	7.32058 24.8507,
	7.32058 24.8517,
	7.31911 24.8537,
	7.31861 24.8557,
	7.31322 24.8635,
	7.30634 24.8709,
	7.29947 24.8762,
	7.2975 24.8777,
	7.29652 24.8777,
	7.28866 24.8822,
	7.28473 24.8836,
	7.28277 24.8846,
	7.28178 24.8846,
	7.27982 24.8861,
	7.27196 24.8885,
	7.26411 24.888,
	7.25625 24.8851,
	7.25233 24.8841,
	7.25036 24.8841,
	7.24643 24.8827,
	7.23857 24.8861,
	7.23464 24.8871,
	7.23071 24.8895,
	7.22974 24.8895,
	7.22924 24.8905,
	7.22728 24.891,
	7.22335 24.8934,
	7.22237 24.8945,
	7.2204 24.895,
	7.21844 24.8964,
	7.21058 24.8984,
	"/>
</Transform>

<Transform dim="0"
 xcoef=" 0 1 0 0 0 0"
 ycoef=" 0 0 1 0 0 0">
<Contour name="d39" hidden="false" closed="true" simplified="true" border="1 1 0" fill="1 1 0" mode="11"
 points="12.5497 29.2777,
	12.5192 29.2749,
	12.5039 29.2721,
	12.4887 29.271,
	12.4735 29.2663,
	12.4583 29.2578,
	12.4564 29.2558,
	12.4526 29.2549,
	12.445 29.2501,
	12.4374 29.2473,
	12.4335 29.2473,
	12.426 29.2445,
	12.4108 29.2425,
	12.3804 29.2445,
	12.3785 29.2464,
	12.3631 29.2492,
	12.3556 29.2511,
	12.3327 29.2511,
	12.3289 29.2501,
	12.3271 29.2501,
	12.3233 29.2473,
	12.3081 29.2425,
	12.2928 29.2349,
	12.2852 29.2302,
	12.2775 29.2273,
	12.27 29.2225,
	12.2557 29.2169,
	12.2519 29.2149,
	12.2214 29.2102,
	12.2062 29.2102,
	12.191 29.2073,
	12.1872 29.2054,
	12.1834 29.2054,
	12.1682 29.1987,
	12.1606 29.1968,
	12.1301 29.1816,
	12.1149 29.1741,
	12.0854 29.1674,
	12.0702 29.1655,
	12.0626 29.1645,
	12.0473 29.1598,
	12.0398 29.154,
	12.0312 29.1388,
	12.0293 29.1369,
	12.0284 29.1332,
	12.016 29.1179,
	12.0094 29.1112,
	12.0064 29.1075,
	11.9989 29.1027,
	11.9912 29.096,
	11.9874 29.0932,
	11.9855 29.0913,
	11.9818 29.0903,
	11.9779 29.0865,
	11.9627 29.0817,
	11.9475 29.0751,
	11.9322 29.0656,
	11.9285 29.0637,
	11.9208 29.0646,
	11.9133 29.0675,
	11.9114 29.0675,
	11.9075 29.0703,
	11.9037 29.0713,
	11.8962 29.0761,
	11.8923 29.0789,
	11.8771 29.0827,
	11.8618 29.0817,
	11.8543 29.0817,
	11.8524 29.0799,
	11.8447 29.078,
	11.8371 29.0713,
	11.8314 29.0646,
	11.8305 29.0609,
	11.8276 29.057,
	11.8267 29.0494,
	11.8239 29.0418,
	11.8219 29.038,
	11.8219 29.0361,
	11.82 29.0342,
	11.819 29.0304,
	11.8086 29.0151,
	11.7933 29.0019,
	11.78 28.9875,
	11.7696 28.9723,
	11.7657 28.9571,
	11.7629 28.9267,
	11.7629 28.9257,
	11.7629 28.9248,
	11.7696 28.9096,
	11.7743 28.8944,
	11.78 28.8639,
	11.782 28.8335,
	11.782 28.8183,
	11.782 28.8144,
	11.7952 28.784,
	11.7982 28.7764,
	11.7991 28.7726,
	11.8038 28.765,
	11.8048 28.7612,
	11.8048 28.7592,
	11.8067 28.7573,
	11.8076 28.7498,
	11.8105 28.7421,
	11.8105 28.7402,
	11.8134 28.7365,
	11.8134 28.7346,
	11.8153 28.7327,
	11.8153 28.7288,
	11.8172 28.7269,
	11.8172 28.725,
	11.819 28.7231,
	11.82 28.7155,
	11.8228 28.7079,
	11.8324 28.6927,
	11.8352 28.6888,
	11.8352 28.6869,
	11.8495 28.6717,
	11.8628 28.6613,
	11.8705 28.6546,
	11.8723 28.6527,
	11.8761 28.6518,
	11.8838 28.6441,
	11.9123 28.6185,
	11.9275 28.6052,
	11.9351 28.5985,
	11.939 28.5947,
	11.9542 28.5852,
	11.9694 28.5786,
	11.9989 28.5718,
	12.0293 28.5681,
	12.0369 28.5681,
	12.0978 28.5557,
	12.1282 28.5529,
	12.1434 28.5529,
	12.1587 28.551,
	12.1663 28.55,
	12.1815 28.5519,
	12.1891 28.5538,
	12.1967 28.5585,
	12.2005 28.5604,
	12.2157 28.5615,
	12.2195 28.5633,
	12.2499 28.5652,
	12.2653 28.5662,
	12.2805 28.5652,
	12.288 28.5643,
	12.3032 28.5595,
	12.3337 28.5538,
	12.3489 28.5452,
	12.3642 28.5386,
	12.3718 28.5348,
	12.3755 28.5328,
	12.4365 28.5319,
	12.4517 28.5319,
	12.4593 28.5328,
	12.4669 28.5367,
	12.4821 28.5481,
	12.4897 28.5529,
	12.4936 28.5529,
	12.4973 28.5547,
	12.5049 28.5547,
	12.5126 28.5566,
	12.5278 28.5576,
	12.5315 28.5585,
	12.5354 28.5576,
	12.5392 28.5547,
	12.5544 28.5557,
	12.5696 28.5585,
	12.5773 28.5585,
	12.5925 28.5633,
	12.5944 28.5633,
	12.5982 28.5662,
	12.6058 28.5671,
	12.6096 28.57,
	12.6248 28.5747,
	12.6286 28.5757,
	12.6362 28.5804,
	12.6667 28.5833,
	12.6819 28.5861,
	12.6857 28.5871,
	12.7009 28.5966,
	12.7028 28.5985,
	12.7066 28.5994,
	12.7133 28.6043,
	12.717 28.6071,
	12.7189 28.6071,
	12.7228 28.6099,
	12.738 28.6147,
	12.7684 28.6156,
	12.7761 28.6137,
	12.7913 28.6137,
	12.8065 28.6156,
	12.8217 28.6156,
	12.8293 28.6165,
	12.8445 28.6223,
	12.8597 28.6251,
	12.8749 28.6337,
	12.8826 28.6394,
	12.8864 28.6413,
	12.8883 28.6451,
	12.8921 28.6471,
	12.894 28.649,
	12.8959 28.649,
	12.9016 28.6565,
	12.9035 28.6565,
	12.9188 28.6689,
	12.9492 28.6832,
	12.953 28.686,
	12.9568 28.6869,
	12.972 28.6965,
	12.9796 28.7022,
	12.9815 28.7022,
	12.9967 28.7155,
	13.0082 28.7307,
	13.0339 28.7612,
	13.0367 28.7641,
	13.0367 28.7659,
	13.0433 28.7726,
	13.0463 28.7764,
	13.0472 28.7802,
	13.0595 28.7945,
	13.0634 28.7964,
	13.0653 28.8001,
	13.0805 28.8097,
	13.0871 28.8174,
	13.0891 28.8174,
	13.1043 28.8316,
	13.1118 28.8382,
	13.1166 28.8459,
	13.1195 28.8534,
	13.1214 28.8572,
	13.1223 28.8724,
	13.1195 28.8877,
	13.1186 28.8953,
	13.1109 28.9105,
	13.0976 28.9257,
	13.0929 28.9334,
	13.09 28.9372,
	13.0891 28.9409,
	13.0871 28.9428,
	13.0871 28.9447,
	13.0805 28.9524,
	13.0776 28.9562,
	13.0624 28.9648,
	13.0548 28.9685,
	13.051 28.9714,
	13.0472 28.9723,
	13.032 28.9828,
	13.0243 28.9875,
	12.9939 29.0019,
	12.9787 29.0085,
	12.9748 29.0085,
	12.9444 29.0209,
	12.9292 29.0266,
	12.9216 29.0304,
	12.914 29.0323,
	12.9102 29.0333,
	12.9025 29.038,
	12.8873 29.0447,
	12.8798 29.0475,
	12.876 29.0504,
	12.8607 29.057,
	12.8569 29.0579,
	12.8531 29.0609,
	12.8493 29.0618,
	12.8341 29.0713,
	12.8265 29.0742,
	12.8113 29.0827,
	12.8036 29.0875,
	12.7998 29.0885,
	12.796 29.0913,
	12.7923 29.0922,
	12.7884 29.0951,
	12.7846 29.096,
	12.777 29.1018,
	12.7618 29.117,
	12.7342 29.1455,
	12.7219 29.1607,
	12.7161 29.1683,
	12.7142 29.1702,
	12.7142 29.1721,
	12.7104 29.175,
	12.7104 29.1769,
	12.6952 29.1912,
	12.6648 29.2149,
	12.6372 29.2445,
	12.622 29.253,
	12.6068 29.2568,
	12.6029 29.2568,
	12.5877 29.2616,
	12.5725 29.2721,
	12.5649 29.2768,
	"/>
</Transform>

<Transform dim="0"
 xcoef=" 0 1 0 0 0 0"
 ycoef=" 0 0 1 0 0 0">
<Contour name="D61" hidden="false" closed="true" simplified="true" border="1 0 0" fill="1 0 0" mode="11"
 points="19.4826 27.9172,
	19.4486 27.9113,
	19.418 27.8939,
	19.3936 27.8668,
	19.3727 27.7948,
	19.378 27.7569,
	19.3936 27.7228,
	19.418 27.6957,
	19.4486 27.6782,
	19.4826 27.6722,
	19.5166 27.6782,
	19.5472 27.6957,
	19.5716 27.7228,
	19.5872 27.7569,
	19.5925 27.7948,
	19.5872 27.8326,
	19.5716 27.8668,
	19.5472 27.8939,
	19.5166 27.9113,
	"/>
</Transform>

<Transform dim="0"
 xcoef=" 0 1 0 0 0 0"
 ycoef=" 0 0 1 0 0 0">
<Contour name="d56p01" hidden="false" closed="true" simplified="true" border="1 0 0" fill="1 0 0" mode="11"
 points="23.5762 23.153,
	23.5614 23.1382,
	23.5762 23.1235,
	23.591 23.1382,
	"/>
</Transform>

<Transform dim="0"
 xcoef=" 0 1 0 0 0 0"
 ycoef=" 0 0 1 0 0 0">
<Contour name="d56sp04" hidden="false" closed="true" simplified="true" border="1 0 0" fill="1 0 0" mode="11"
 points="24.3872 23.9144,
	24.3818 23.9137,
	24.379 23.9129,
	24.3763 23.9109,
	24.3652 23.9075,
	24.3542 23.9027,
	24.3514 23.9006,
	24.3487 23.8999,
	24.3383 23.8923,
	24.3363 23.8902,
	24.3349 23.8902,
	24.3315 23.8855,
	24.3293 23.8833,
	24.3279 23.8826,
	24.3259 23.8717,
	24.3266 23.8606,
	24.3286 23.8495,
	24.33 23.8441,
	24.33 23.833,
	24.3279 23.8219,
	24.3273 23.8192,
	24.3273 23.8178,
	24.3259 23.8165,
	24.3245 23.8109,
	24.3231 23.8081,
	24.319 23.7861,
	24.3183 23.764,
	24.3183 23.7585,
	24.3183 23.7579,
	24.3183 23.7571,
	24.3204 23.7516,
	24.3238 23.7461,
	24.3266 23.7441,
	24.3279 23.7441,
	24.3293 23.7426,
	24.3349 23.7405,
	24.3569 23.7385,
	24.368 23.7392,
	24.3734 23.7405,
	24.3845 23.7412,
	24.4066 23.7378,
	24.4177 23.7364,
	24.4231 23.7364,
	24.4286 23.7385,
	24.439 23.7468,
	24.4501 23.7536,
	24.4555 23.7557,
	24.4583 23.7579,
	24.4639 23.7592,
	24.4659 23.7613,
	24.4673 23.7613,
	24.47 23.7633,
	24.4756 23.7654,
	24.4783 23.7661,
	24.4811 23.7681,
	24.4824 23.7681,
	24.4838 23.7695,
	24.4852 23.7695,
	24.488 23.7717,
	24.4935 23.7737,
	24.4962 23.7744,
	24.499 23.7764,
	24.51 23.7799,
	24.5128 23.7806,
	24.5135 23.7819,
	24.519 23.7833,
	24.5293 23.7923,
	24.5342 23.7971,
	24.5369 23.7991,
	24.539 23.8047,
	24.5397 23.8102,
	24.539 23.8158,
	24.539 23.8185,
	24.539 23.8199,
	24.5376 23.8213,
	24.5363 23.8267,
	24.5335 23.8296,
	24.5322 23.8316,
	24.5273 23.8364,
	24.5177 23.8441,
	24.5128 23.8482,
	24.5094 23.8536,
	24.508 23.855,
	24.5073 23.8579,
	24.5073 23.8592,
	24.5052 23.862,
	24.5052 23.8633,
	24.5039 23.8647,
	24.5017 23.8702,
	24.4997 23.8723,
	24.4997 23.8737,
	24.4983 23.8744,
	24.4976 23.8771,
	24.4935 23.8812,
	24.4914 23.884,
	24.4866 23.8875,
	24.4838 23.8882,
	24.4818 23.8902,
	24.4763 23.8916,
	24.4707 23.895,
	24.4652 23.8964,
	24.4639 23.8978,
	24.4611 23.8985,
	24.4555 23.9027,
	24.4535 23.9047,
	24.4424 23.9095,
	24.4369 23.9102,
	24.4342 23.9116,
	24.4328 23.9116,
	24.4315 23.9129,
	24.4204 23.9144,
	"/>
</Transform>

<Transform dim="0"
 xcoef=" 0 1 0 0 0 0"
 ycoef=" 0 0 1 0 0 0">
<Contour name="d39sp03" hidden="false" closed="true" simplified="true" border="1 0 0" fill="1 0 0" mode="11"
 points="12.9788 30.1279,
	12.9695 30.1273,
	12.9649 30.1262,
	12.9637 30.1262,
	12.9631 30.125,
	12.9607 30.1244,
	12.9584 30.1226,
	12.9573 30.1215,
	12.9561 30.1215,
	12.9475 30.1151,
	12.9382 30.1117,
	12.9335 30.1111,
	12.9288 30.1093,
	12.9242 30.1087,
	12.9231 30.1087,
	12.9219 30.1075,
	12.9172 30.1064,
	12.9149 30.1058,
	12.9138 30.1047,
	12.9115 30.1041,
	12.9103 30.1041,
	12.9027 30.0966,
	12.9016 30.0942,
	12.9004 30.0936,
	12.9004 30.0913,
	12.8993 30.0907,
	12.8929 30.0722,
	12.8918 30.0675,
	12.8912 30.049,
	12.8918 30.0397,
	12.8935 30.0304,
	12.8946 30.0258,
	12.8946 30.0165,
	12.8941 30.0119,
	12.8876 29.9933,
	12.8871 29.9909,
	12.8859 29.9904,
	12.8796 29.9718,
	12.8767 29.9625,
	12.8726 29.944,
	12.8714 29.9253,
	12.8714 29.9242,
	12.8714 29.9236,
	12.8743 29.9144,
	12.8796 29.9051,
	12.8807 29.9028,
	12.8819 29.9016,
	12.8819 29.9005,
	12.8859 29.8963,
	12.8888 29.8923,
	12.8935 29.8888,
	12.8946 29.8871,
	12.8969 29.8865,
	12.8993 29.8848,
	12.9004 29.8837,
	12.9016 29.8837,
	12.9068 29.879,
	12.908 29.879,
	12.9103 29.8767,
	12.919 29.8709,
	12.9208 29.8692,
	12.9219 29.8685,
	12.9219 29.8673,
	12.926 29.8639,
	12.9335 29.8552,
	12.9416 29.8488,
	12.9456 29.8448,
	12.9532 29.8389,
	12.9578 29.8354,
	12.9601 29.8337,
	12.9614 29.8337,
	12.9654 29.8308,
	12.9683 29.8285,
	12.9695 29.8285,
	12.9712 29.8262,
	12.9735 29.8256,
	12.9759 29.8238,
	12.9782 29.8232,
	12.9794 29.8232,
	12.9817 29.8215,
	12.9863 29.8209,
	12.991 29.8192,
	13.0095 29.8175,
	13.0281 29.8186,
	13.0467 29.8215,
	13.0501 29.8215,
	13.0513 29.8227,
	13.0606 29.8244,
	13.0652 29.825,
	13.0675 29.8262,
	13.0721 29.8268,
	13.0768 29.8285,
	13.0815 29.8291,
	13.0838 29.8297,
	13.0843 29.8308,
	13.089 29.8314,
	13.0914 29.8314,
	13.0937 29.8326,
	13.1122 29.8343,
	13.1307 29.8349,
	13.1494 29.8343,
	13.1586 29.8337,
	13.1772 29.8308,
	13.1958 29.8303,
	13.2028 29.8303,
	13.2051 29.8314,
	13.2074 29.8314,
	13.2085 29.8326,
	13.2097 29.8326,
	13.2103 29.8337,
	13.2114 29.8337,
	13.216 29.8383,
	13.2173 29.8395,
	13.2173 29.8407,
	13.2184 29.8419,
	13.2184 29.843,
	13.2202 29.8453,
	13.223 29.854,
	13.2236 29.8564,
	13.2253 29.8587,
	13.2347 29.8639,
	13.237 29.8639,
	13.241 29.8668,
	13.2421 29.8668,
	13.2433 29.8679,
	13.2444 29.8679,
	13.245 29.8692,
	13.2474 29.8692,
	13.2486 29.8703,
	13.2497 29.8703,
	13.2503 29.8715,
	13.2515 29.8715,
	13.2555 29.8749,
	13.2578 29.8767,
	13.259 29.8767,
	13.2602 29.8778,
	13.2602 29.879,
	13.266 29.8877,
	13.2706 29.8894,
	13.2717 29.8894,
	13.2741 29.8912,
	13.2833 29.8917,
	13.2857 29.8917,
	13.295 29.8952,
	13.2973 29.8969,
	13.2984 29.8969,
	13.3002 29.8993,
	13.3013 29.8993,
	13.3049 29.9034,
	13.3077 29.9127,
	13.3083 29.9312,
	13.3077 29.9497,
	13.3066 29.9545,
	13.3054 29.9568,
	13.3054 29.9591,
	13.3031 29.9637,
	13.3031 29.9648,
	13.3002 29.9695,
	13.299 29.9718,
	13.2979 29.973,
	13.2979 29.9741,
	13.295 29.9787,
	13.2932 29.9811,
	13.2927 29.9835,
	13.2862 29.9927,
	13.2816 29.9961,
	13.277 29.998,
	13.2723 29.9985,
	13.2631 30.002,
	13.2584 30.0037,
	13.2538 30.0066,
	13.2497 30.0113,
	13.2486 30.0113,
	13.2474 30.013,
	13.2393 30.0194,
	13.237 30.0217,
	13.2329 30.0246,
	13.2305 30.0264,
	13.2294 30.0264,
	13.2276 30.0281,
	13.2253 30.0287,
	13.223 30.0304,
	13.2045 30.0379,
	13.1952 30.0415,
	13.194 30.0426,
	13.1929 30.0426,
	13.1917 30.0438,
	13.1824 30.0467,
	13.1778 30.049,
	13.1685 30.0513,
	13.1639 30.0524,
	13.1616 30.0536,
	13.1569 30.0542,
	13.1522 30.056,
	13.1476 30.0565,
	13.1383 30.06,
	13.1337 30.0612,
	13.1326 30.0623,
	13.1313 30.0623,
	13.129 30.064,
	13.1244 30.0658,
	13.1221 30.0663,
	13.1209 30.0675,
	13.1198 30.0675,
	13.1186 30.0687,
	13.1175 30.0687,
	13.1128 30.0716,
	13.1035 30.0745,
	13.1023 30.0745,
	13.1011 30.0757,
	13.0965 30.0762,
	13.0942 30.078,
	13.0896 30.0791,
	13.0872 30.0797,
	13.0861 30.0808,
	13.0768 30.0838,
	13.0721 30.0844,
	13.0536 30.0902,
	13.0513 30.0913,
	13.049 30.0913,
	13.0467 30.0925,
	13.0467 30.0936,
	13.0443 30.0959,
	13.0414 30.1001,
	13.0391 30.1018,
	13.0391 30.1029,
	13.0351 30.1064,
	13.0333 30.1093,
	13.0322 30.1093,
	13.0309 30.1117,
	13.0298 30.1117,
	13.0252 30.1146,
	13.0234 30.1163,
	13.0211 30.1169,
	13.0188 30.1186,
	13.0164 30.1192,
	13.0159 30.1203,
	13.0066 30.1244,
	12.988 30.1273,
	"/>
</Transform>

<Transform dim="0"
 xcoef=" 0 1 0 0 0 0"
 ycoef=" 0 0 1 0 0 0">
<Contour name="d56p03" hidden="false" closed="true" simplified="true" border="1 0 0" fill="1 0 0" mode="11"
 points="23.772 22.9441,
	23.7557 22.9278,
	23.772 22.9116,
	23.7882 22.9278,
	"/>
</Transform>

<Transform dim="0"
 xcoef=" 0 1 0 0 0 0"
 ycoef=" 0 0 1 0 0 0">
<Contour name="d63p03" hidden="false" closed="true" simplified="true" border="1 0 0" fill="1 0 0" mode="11"
 points="21.2777 26.6469,
	21.2602 26.6295,
	21.2777 26.612,
	21.2951 26.6295,
	"/>
</Transform>

<Transform dim="0"
 xcoef=" 0 1 0 0 0 0"
 ycoef=" 0 0 1 0 0 0">
<Contour name="d39sp05" hidden="false" closed="true" simplified="true" border="1 0 0" fill="1 0 0" mode="11"
 points="10.5033 29.4666,
	10.4979 29.4633,
	10.4965 29.4619,
	10.4965 29.4606,
	10.4952 29.4599,
	10.4931 29.449,
	10.4931 29.4436,
	10.4931 29.4409,
	10.4931 29.4402,
	10.4931 29.4395,
	10.4965 29.4287,
	10.4979 29.4273,
	10.4985 29.4219,
	10.5006 29.4165,
	10.5033 29.3948,
	10.5046 29.3732,
	10.5067 29.3623,
	10.5073 29.3568,
	10.5073 29.3541,
	10.5087 29.3514,
	10.5087 29.3488,
	10.5128 29.3379,
	10.5134 29.3352,
	10.5155 29.3332,
	10.5162 29.3305,
	10.5338 29.3094,
	10.5351 29.3081,
	10.5351 29.3054,
	10.5399 29.3007,
	10.5446 29.2972,
	10.5534 29.2865,
	10.5609 29.279,
	10.5785 29.2641,
	10.5839 29.26,
	10.588 29.2559,
	10.5981 29.2458,
	10.6158 29.2268,
	10.6191 29.222,
	10.6219 29.2207,
	10.6219 29.2194,
	10.6246 29.218,
	10.6246 29.2167,
	10.632 29.2098,
	10.6334 29.2098,
	10.6354 29.2071,
	10.6401 29.2038,
	10.651 29.2003,
	10.6564 29.1983,
	10.6591 29.1983,
	10.6645 29.1949,
	10.6659 29.1949,
	10.6713 29.1916,
	10.6889 29.1746,
	10.6923 29.1712,
	10.6971 29.1665,
	10.6998 29.1645,
	10.7032 29.1604,
	10.7079 29.157,
	10.7093 29.157,
	10.714 29.1536,
	10.7357 29.1522,
	10.7465 29.1522,
	10.7519 29.1509,
	10.7546 29.1496,
	10.756 29.1496,
	10.7574 29.1482,
	10.7601 29.1475,
	10.7797 29.1313,
	10.7906 29.1251,
	10.796 29.1224,
	10.8068 29.1204,
	10.8177 29.1198,
	10.8285 29.1204,
	10.8495 29.1258,
	10.8712 29.1272,
	10.882 29.1278,
	10.8847 29.1285,
	10.8861 29.1285,
	10.8875 29.1299,
	10.8929 29.1306,
	10.8956 29.132,
	10.8969 29.1333,
	10.8996 29.134,
	10.9091 29.1407,
	10.9105 29.1421,
	10.9132 29.1421,
	10.9186 29.1448,
	10.924 29.1455,
	10.9254 29.1469,
	10.9301 29.1482,
	10.9349 29.1509,
	10.9396 29.1556,
	10.943 29.1611,
	10.943 29.1624,
	10.9491 29.1733,
	10.9525 29.1841,
	10.9545 29.1949,
	10.9545 29.2058,
	10.9525 29.2112,
	10.9518 29.2167,
	10.9505 29.218,
	10.9505 29.2194,
	10.9491 29.2207,
	10.9444 29.2309,
	10.943 29.2336,
	10.943 29.2363,
	10.9417 29.2369,
	10.9383 29.2478,
	10.9369 29.2587,
	10.9362 29.2641,
	10.9362 29.2654,
	10.9349 29.2667,
	10.9329 29.2776,
	10.9329 29.2803,
	10.9315 29.283,
	10.9267 29.3047,
	10.9227 29.3156,
	10.9193 29.321,
	10.9179 29.3237,
	10.9132 29.3285,
	10.9085 29.3318,
	10.9057 29.3332,
	10.9044 29.3345,
	10.9017 29.3345,
	10.8963 29.3365,
	10.8529 29.3419,
	10.8475 29.3434,
	10.8448 29.3434,
	10.8434 29.3447,
	10.8217 29.3494,
	10.7784 29.3488,
	10.7567 29.3494,
	10.7513 29.3508,
	10.7499 29.3521,
	10.7391 29.3548,
	10.7282 29.3589,
	10.7228 29.361,
	10.712 29.3677,
	10.7065 29.3711,
	10.7052 29.3711,
	10.7038 29.3725,
	10.7025 29.3725,
	10.6998 29.3745,
	10.6984 29.3759,
	10.6957 29.3765,
	10.6903 29.3799,
	10.6889 29.3812,
	10.6876 29.3812,
	10.6869 29.3826,
	10.6855 29.3826,
	10.6828 29.3846,
	10.6801 29.3853,
	10.6781 29.3874,
	10.6767 29.3874,
	10.6713 29.3908,
	10.67 29.3908,
	10.6652 29.3941,
	10.6639 29.3941,
	10.6618 29.3961,
	10.6591 29.3968,
	10.6564 29.3988,
	10.6551 29.3988,
	10.6449 29.405,
	10.6422 29.407,
	10.6395 29.4077,
	10.6347 29.4111,
	10.632 29.4124,
	10.6307 29.4137,
	10.6279 29.4145,
	10.6069 29.4273,
	10.6042 29.4287,
	10.6029 29.4287,
	10.5988 29.4328,
	10.5934 29.4361,
	10.592 29.4375,
	10.5907 29.4375,
	10.5805 29.4436,
	10.5751 29.447,
	10.5737 29.447,
	10.5724 29.4484,
	10.567 29.4504,
	10.5656 29.4517,
	10.5629 29.4517,
	10.5602 29.4537,
	10.5588 29.4537,
	10.5575 29.4551,
	10.5358 29.4612,
	10.5304 29.4633,
	10.525 29.4639,
	10.5195 29.4659,
	10.5087 29.4666,
	"/>
</Transform>

<Transform dim="0"
 xcoef=" 0 1 0 0 0 0"
 ycoef=" 0 0 1 0 0 0">
<Contour name="d39c05" hidden="false" closed="true" simplified="true" border="0 0 1" fill="0 0 1" mode="11"
 points="10.7147 29.4023,
	10.7093 29.3995,
	10.7065 29.3995,
	10.7011 29.3968,
	10.6998 29.3968,
	10.6971 29.3948,
	10.6964 29.3935,
	10.695 29.3935,
	10.6896 29.3887,
	10.6869 29.3867,
	10.6794 29.3772,
	10.6761 29.3718,
	10.6747 29.361,
	10.6747 29.3555,
	10.6747 29.3535,
	10.6747 29.3528,
	10.6761 29.3514,
	10.6761 29.3488,
	10.6788 29.3434,
	10.6794 29.3406,
	10.6835 29.3359,
	10.6855 29.3332,
	10.6944 29.3257,
	10.7045 29.3176,
	10.7147 29.3115,
	10.7201 29.3088,
	10.7228 29.3074,
	10.7255 29.3074,
	10.7364 29.3034,
	10.758 29.2986,
	10.7797 29.2972,
	10.8014 29.2972,
	10.8122 29.2979,
	10.8177 29.2979,
	10.8393 29.2932,
	10.861 29.2912,
	10.8827 29.2905,
	10.8881 29.2912,
	10.8908 29.2912,
	10.8935 29.2925,
	10.8963 29.2925,
	10.9017 29.2945,
	10.9044 29.2952,
	10.9098 29.2986,
	10.9118 29.3014,
	10.9146 29.3027,
	10.9186 29.3081,
	10.9207 29.3108,
	10.924 29.3216,
	10.924 29.3243,
	10.9261 29.3298,
	10.9267 29.3514,
	10.9261 29.3568,
	10.924 29.3623,
	10.92 29.367,
	10.9173 29.3697,
	10.9071 29.3752,
	10.8963 29.3786,
	10.8529 29.3846,
	10.8095 29.3867,
	10.7879 29.3881,
	10.7662 29.3914,
	10.7553 29.3941,
	10.7499 29.3955,
	10.7472 29.3968,
	10.7255 29.401,
	10.7201 29.4023,
	"/>
</Transform>

<Transform dim="0"
 xcoef=" 0 1 0 0 0 0"
 ycoef=" 0 0 1 0 0 0">
<Contour name="d63p04" hidden="false" closed="true" simplified="true" border="1 0 0" fill="1 0 0" mode="11"
 points="20.3671 26.6594,
	20.3521 26.632,
	20.382 26.632,
	"/>
</Transform>

<Transform dim="0"
 xcoef=" 0 1 0 0 0 0"
 ycoef=" 0 0 1 0 0 0">
<Contour name="d63sp04" hidden="false" closed="true" simplified="true" border="1 0 0" fill="1 0 0" mode="11"
 points="20.296 26.6938,
	20.2954 26.6914,
	20.2929 26.689,
	20.2917 26.6866,
	20.2893 26.6842,
	20.2863 26.6794,
	20.2845 26.6776,
	20.2839 26.6752,
	20.2797 26.6716,
	20.2785 26.6691,
	20.2743 26.6649,
	20.2713 26.6619,
	20.2713 26.6607,
	20.255 26.6475,
	20.2502 26.6445,
	20.2309 26.6384,
	20.2213 26.6354,
	20.2189 26.6354,
	20.2092 26.6318,
	20.2044 26.6306,
	20.202 26.63,
	20.1996 26.6281,
	20.1948 26.6269,
	20.1936 26.6258,
	20.1888 26.624,
	20.1864 26.6228,
	20.184 26.6228,
	20.1647 26.6162,
	20.1454 26.6119,
	20.143 26.6119,
	20.1406 26.6107,
	20.1358 26.6101,
	20.1262 26.6065,
	20.1213 26.6053,
	20.1165 26.6029,
	20.1153 26.6017,
	20.1129 26.6017,
	20.1123 26.6005,
	20.1075 26.5992,
	20.1063 26.598,
	20.1015 26.5969,
	20.0918 26.5927,
	20.087 26.5897,
	20.0828 26.5806,
	20.0828 26.58,
	20.0864 26.5752,
	20.0882 26.574,
	20.0906 26.5716,
	20.0997 26.5656,
	20.1045 26.5626,
	20.1069 26.562,
	20.1117 26.5584,
	20.1141 26.5584,
	20.1147 26.5572,
	20.1237 26.5529,
	20.1262 26.5523,
	20.1286 26.5499,
	20.131 26.5493,
	20.1322 26.5493,
	20.1334 26.5481,
	20.1381 26.5469,
	20.1406 26.5457,
	20.143 26.5457,
	20.1526 26.542,
	20.1719 26.5391,
	20.1816 26.5391,
	20.1912 26.5408,
	20.196 26.542,
	20.1972 26.542,
	20.1984 26.5433,
	20.1996 26.5433,
	20.202 26.5451,
	20.2068 26.5463,
	20.2092 26.5475,
	20.2189 26.5481,
	20.2574 26.5475,
	20.2767 26.5475,
	20.3152 26.5457,
	20.32 26.5463,
	20.3122 26.5541,
	20.3104 26.5553,
	20.3062 26.5596,
	20.3044 26.5608,
	20.3032 26.5632,
	20.302 26.5638,
	20.3014 26.5662,
	20.2996 26.5686,
	20.299 26.5709,
	20.2978 26.5722,
	20.2972 26.577,
	20.2948 26.5818,
	20.2893 26.6011,
	20.2881 26.6107,
	20.2887 26.63,
	20.2893 26.6396,
	20.2948 26.6782,
	20.296 26.6878,
	20.2966 26.6926,
	"/>
</Transform>

<Transform dim="0"
 xcoef=" 0 1 0 0 0 0"
 ycoef=" 0 0 1 0 0 0">
<Contour name="d39cfa05" hidden="false" closed="false" simplified="true" border="0 1 0" fill="1 0 0" mode="11"
 points="10.9186 29.3123,
	10.8949 29.3137,
	10.8759 29.3164,
	10.8542 29.3198,
	10.8278 29.3259,
	10.8007 29.3286,
	10.775 29.3286,
	10.7499 29.3307,
	10.7241 29.3367,
	10.6842 29.3618,
	"/>
</Transform>

<Transform dim="0"
 xcoef=" 0 1 0 0 0 0"
 ycoef=" 0 0 1 0 0 0">
<Contour name="d39endos01_cp" hidden="false" closed="true" simplified="true" border="1 0.502 0" fill="1 0 0" mode="11"
 points="11.9549 29.0549,
	11.9555 29.0453,
	11.9572 29.0358,
	11.9599 29.0268,
	11.9637 29.0185,
	11.9685 29.0109,
	11.974 29.0043,
	11.9803 28.9989,
	11.9871 28.9947,
	11.9944 28.9918,
	12.0019 28.9904,
	12.0095 28.9904,
	12.017 28.9918,
	12.0242 28.9947,
	12.0311 28.9989,
	12.0374 29.0043,
	12.0429 29.0109,
	12.0477 29.0185,
	12.0514 29.0268,
	12.0542 29.0358,
	12.0559 29.0453,
	12.0565 29.0549,
	12.0559 29.0646,
	12.0542 29.074,
	12.0514 29.083,
	12.0477 29.0914,
	12.0429 29.0989,
	12.0374 29.1055,
	12.0311 29.1109,
	12.0242 29.1151,
	12.017 29.118,
	12.0095 29.1194,
	12.0019 29.1194,
	11.9944 29.118,
	11.9871 29.1151,
	11.9803 29.1109,
	11.974 29.1055,
	11.9685 29.0989,
	11.9637 29.0914,
	11.9599 29.083,
	11.9572 29.074,
	"/>
</Transform>

<Transform dim="0"
 xcoef=" 0 1 0 0 0 0"
 ycoef=" 0 0 1 0 0 0">
<Contour name="d63endos01_possibletransendo" hidden="false" closed="true" simplified="true" border="1 0.502 0" fill="1 0 0" mode="11"
 points="20.3367 26.8075,
	20.3374 26.8016,
	20.3395 26.7959,
	20.3429 26.7903,
	20.3477 26.7851,
	20.3537 26.7803,
	20.3607 26.776,
	20.3688 26.7723,
	20.3777 26.7692,
	20.3872 26.7668,
	20.3972 26.7651,
	20.4076 26.7642,
	20.418 26.7641,
	20.4284 26.7648,
	20.4385 26.7663,
	20.4482 26.7685,
	20.4573 26.7714,
	20.4656 26.775,
	20.4729 26.7792,
	20.4791 26.7839,
	20.4842 26.789,
	20.488 26.7945,
	20.4905 26.8002,
	20.4915 26.806,
	20.4912 26.8118,
	20.4894 26.8176,
	20.4863 26.8232,
	20.4818 26.8285,
	20.4762 26.8334,
	20.4693 26.8379,
	20.4615 26.8418,
	20.4528 26.845,
	20.4435 26.8476,
	20.4335 26.8495,
	20.4233 26.8505,
	20.4128 26.8508,
	20.4024 26.8503,
	20.3922 26.8491,
	20.3824 26.847,
	20.3731 26.8443,
	20.3647 26.8409,
	20.3571 26.8368,
	20.3505 26.8322,
	20.3452 26.8272,
	20.341 26.8218,
	20.3382 26.8162,
	"/>
</Transform>

<Transform dim="0"
 xcoef=" 0 1 0 0 0 0"
 ycoef=" 0 0 1 0 0 0">
<Contour name="d63sern03" hidden="false" closed="true" simplified="false" border="1 1 0" fill="0 1 0" mode="11"
 points="21.4819 26.4155,
	21.4819 26.4042,
	21.4933 26.4042,
	21.4933 26.3929,
	21.5046 26.3929,
	21.5046 26.4042,
	21.5159 26.4042,
	21.5159 26.4155,
	21.5046 26.4155,
	21.5046 26.4268,
	21.4933 26.4268,
	21.4933 26.4155,
	"/>
<Contour name="d63sern03" hidden="false" closed="true" simplified="false" border="1 1 0" fill="0 1 0" mode="11"
 points="21.312 26.7072,
	21.312 26.6959,
	21.3234 26.6959,
	21.3234 26.6846,
	21.3347 26.6846,
	21.3347 26.6959,
	21.346 26.6959,
	21.346 26.7072,
	21.3347 26.7072,
	21.3347 26.7185,
	21.3234 26.7185,
	21.3234 26.7072,
	"/>
</Transform>

<Transform dim="0"
 xcoef=" 0 1 0 0 0 0"
 ycoef=" 0 0 1 0 0 0">
<Contour name="d63sern04" hidden="false" closed="true" simplified="false" border="1 1 0" fill="0 1 0" mode="11"
 points="20.3222 26.6882,
	20.3222 26.6766,
	20.3337 26.6766,
	20.3337 26.6651,
	20.3452 26.6651,
	20.3452 26.6766,
	20.3567 26.6766,
	20.3567 26.6882,
	20.3452 26.6882,
	20.3452 26.6997,
	20.3337 26.6997,
	20.3337 26.6882,
	"/>
</Transform>

<Transform dim="0"
 xcoef=" 0 1 0 0 0 0"
 ycoef=" 0 0 1 0 0 0">
<Contour name="d63" comment="dch_traced_06.2019" hidden="false" closed="true" simplified="true" border="1 1 0" fill="1 1 0" mode="11"
 points="20.278 26.619,
	20.2794 26.6079,
	20.2878 26.5855,
	20.2892 26.5799,
	20.3032 26.5575,
	20.313 26.5463,
	20.3158 26.5435,
	20.3213 26.5421,
	20.3661 26.5155,
	20.3885 26.5015,
	20.3997 26.4959,
	20.4444 26.4638,
	20.4668 26.4498,
	20.478 26.4428,
	20.4836 26.4414,
	20.4892 26.4372,
	20.534 26.4204,
	20.5564 26.4106,
	20.562 26.4064,
	20.5675 26.405,
	20.6123 26.3756,
	20.6235 26.3686,
	20.6683 26.3575,
	20.713 26.3575,
	20.7354 26.3631,
	20.7466 26.3714,
	20.7648 26.3896,
	20.8082 26.4288,
	20.8263 26.4512,
	20.8319 26.4624,
	20.8347 26.4652,
	20.8347 26.468,
	20.8431 26.4792,
	20.8459 26.4848,
	20.8571 26.4945,
	20.8627 26.4973,
	20.9075 26.4973,
	20.9187 26.4973,
	20.941 26.4918,
	20.9522 26.489,
	20.9746 26.4792,
	20.9858 26.4764,
	21.0082 26.4666,
	21.0306 26.468,
	21.053 26.4778,
	21.0641 26.4848,
	21.0865 26.5057,
	21.1089 26.5211,
	21.1145 26.5239,
	21.204 26.5211,
	21.2936 26.5337,
	21.3159 26.5407,
	21.3271 26.5463,
	21.3495 26.5631,
	21.3691 26.5785,
	21.3789 26.5869,
	21.3971 26.6093,
	21.4209 26.654,
	21.4279 26.6764,
	21.4348 26.7212,
	21.439 26.7435,
	21.4376 26.7659,
	21.4334 26.7883,
	21.4265 26.8107,
	21.4013 26.8555,
	21.3957 26.8778,
	21.3985 26.9226,
	21.3985 26.9338,
	21.3957 26.945,
	21.3929 26.9506,
	21.3817 26.959,
	21.3593 26.9688,
	21.3145 26.9786,
	21.2922 26.9828,
	21.2026 26.9828,
	21.1803 26.9828,
	21.1355 26.9786,
	21.046 26.9772,
	21.0236 26.9758,
	20.9788 26.9772,
	20.9564 26.9786,
	20.9341 26.9856,
	20.8893 27.0121,
	20.8669 27.0205,
	20.8221 27.0331,
	20.7998 27.0359,
	20.755 27.0471,
	20.7326 27.0527,
	20.7214 27.0569,
	20.6781 27.0863,
	20.6669 27.0947,
	20.6445 27.1017,
	20.5997 27.11,
	20.555 27.1128,
	20.5102 27.1128,
	20.499 27.1073,
	20.4766 27.0905,
	20.4389 27.0471,
	20.4095 27.0023,
	20.4011 26.9911,
	20.3773 26.9464,
	20.3717 26.924,
	20.3689 26.9128,
	20.3689 26.8904,
	20.3731 26.868,
	20.3731 26.8457,
	20.3731 26.8345,
	20.3675 26.8121,
	20.3493 26.7673,
	20.3367 26.7449,
	20.3297 26.7338,
	20.3269 26.7282,
	20.3213 26.7226,
	20.2962 26.6778,
	20.2822 26.6554,
	20.278 26.633,
	20.278 26.6218,
	20.278 26.6204,
	"/>
</Transform>

</Section>