<?xml version="1.0"?>
<!DOCTYPE Section SYSTEM "section.dtd">

<Section index="155" thickness="0.048" alignLocked="true">
<Transform dim="0"
 xcoef=" 0 1 0 0 0 0"
 ycoef=" 0 0 1 0 0 0">
<Image mag="0.002063" contrast="2.14705" brightness="-0.405" red="true" green="true" blue="true"
 src="156____z7.905.jpg" />
<Contour name="domain1" hidden="false" closed="true" simplified="false" border="1 0 1" fill="1 0 1" mode="11"
 points="0 0,
	17236 0,
	17236 17077,
	0 17077,
	"/>
</Transform>

<Transform dim="0"
 xcoef=" 0 1 0 0 0 0"
 ycoef=" 0 0 1 0 0 0">
<Contour name="D39" hidden="false" closed="true" simplified="true" border="0 0 1" fill="0 0 1" mode="11"
 points="10.7949 28.172,
	10.7435 28.164,
	10.6972 28.1403,
	10.6604 28.1035,
	10.6287 28.0058,
	10.6368 27.9546,
	10.6604 27.9083,
	10.6972 27.8715,
	10.7435 27.8478,
	10.7949 27.8398,
	10.8462 27.8478,
	10.8925 27.8715,
	10.9293 27.9083,
	10.9529 27.9546,
	10.961 28.0058,
	10.9529 28.0572,
	10.9293 28.1035,
	10.8925 28.1403,
	10.8462 28.164,
	"/>
</Transform>

<Transform dim="0"
 xcoef=" 0 1 0 0 0 0"
 ycoef=" 0 0 1 0 0 0">
<Contour name="D56" hidden="false" closed="true" simplified="true" border="1 0 0" fill="1 0 0" mode="11"
 points="23.8327 23.4635,
	23.7895 23.4566,
	23.7506 23.4368,
	23.7195 23.4058,
	23.6929 23.3236,
	23.6997 23.2803,
	23.7195 23.2413,
	23.7506 23.2104,
	23.7895 23.1905,
	23.8327 23.1836,
	23.8759 23.1905,
	23.915 23.2104,
	23.9459 23.2413,
	23.9659 23.2803,
	23.9727 23.3236,
	23.9659 23.3668,
	23.9459 23.4058,
	23.915 23.4368,
	23.8759 23.4566,
	"/>
</Transform>

<Transform dim="0"
 xcoef=" 0 1 0 0 0 0"
 ycoef=" 0 0 1 0 0 0">
<Contour name="D31" hidden="false" closed="true" simplified="true" border="0 0 1" fill="0 0 1" mode="11"
 points="13.4345 20.9731,
	13.3808 20.9641,
	13.3323 20.9379,
	13.2938 20.8972,
	13.2606 20.789,
	13.2691 20.7322,
	13.2938 20.6808,
	13.3323 20.64,
	13.3808 20.6138,
	13.4345 20.6049,
	13.4883 20.6138,
	13.5367 20.64,
	13.5752 20.6808,
	13.5999 20.7322,
	13.6084 20.789,
	13.5999 20.8459,
	13.5752 20.8972,
	13.5367 20.9379,
	13.4883 20.9641,
	"/>
</Transform>

<Transform dim="0"
 xcoef=" 0 1 0 0 0 0"
 ycoef=" 0 0 1 0 0 0">
<Contour name="D28" hidden="false" closed="true" simplified="true" border="0 0 1" fill="0 0 1" mode="11"
 points="7.34959 23.6919,
	7.30095 23.685,
	7.25707 23.6652,
	7.22224 23.6343,
	7.19218 23.552,
	7.19989 23.5088,
	7.22224 23.4697,
	7.25707 23.4388,
	7.30095 23.419,
	7.34959 23.4121,
	7.39823 23.419,
	7.44212 23.4388,
	7.47694 23.4697,
	7.4993 23.5088,
	7.50701 23.552,
	7.4993 23.5952,
	7.47694 23.6343,
	7.44212 23.6652,
	7.39823 23.685,
	"/>
</Transform>

<Transform dim="0"
 xcoef=" 0 1 0 0 0 0"
 ycoef=" 0 0 1 0 0 0">
<Contour name="D38" hidden="false" closed="true" simplified="true" border="1 0 0" fill="1 0 0" mode="11"
 points="22.181 23.5997,
	22.1297 23.5925,
	22.0833 23.5713,
	22.0466 23.5384,
	22.0149 23.4511,
	22.0229 23.4052,
	22.0466 23.3637,
	22.0833 23.3307,
	22.1297 23.3097,
	22.181 23.3023,
	22.2323 23.3097,
	22.2786 23.3307,
	22.3154 23.3637,
	22.339 23.4052,
	22.3471 23.4511,
	22.339 23.497,
	22.3154 23.5384,
	22.2786 23.5713,
	22.2323 23.5925,
	"/>
</Transform>

<Transform dim="0"
 xcoef=" 0 1 0 0 0 0"
 ycoef=" 0 0 1 0 0 0">
<Contour name="D01" hidden="false" closed="true" simplified="true" border="1 1 0" fill="1 1 0" mode="11"
 points="15.7286 26.1306,
	15.6781 26.1242,
	15.6324 26.1053,
	15.5962 26.0759,
	15.565 25.9976,
	15.573 25.9565,
	15.5962 25.9195,
	15.6324 25.8901,
	15.6781 25.8712,
	15.7286 25.8647,
	15.7792 25.8712,
	15.8249 25.8901,
	15.8611 25.9195,
	15.8843 25.9565,
	15.8923 25.9976,
	15.8843 26.0387,
	15.8611 26.0759,
	15.8249 26.1053,
	15.7792 26.1242,
	"/>
</Transform>

<Transform dim="0"
 xcoef=" 0 1 0 0 0 0"
 ycoef=" 0 0 1 0 0 0">
<Contour name="D63" hidden="false" closed="true" simplified="true" border="1 0 0" fill="1 0 0" mode="11"
 points="19.867 26.9515,
	19.8445 26.9488,
	19.8241 26.9408,
	19.808 26.9285,
	19.794 26.8955,
	19.7977 26.8782,
	19.808 26.8626,
	19.8241 26.8502,
	19.8445 26.8423,
	19.867 26.8395,
	19.8896 26.8423,
	19.9099 26.8502,
	19.9261 26.8626,
	19.9364 26.8782,
	19.94 26.8955,
	19.9364 26.9129,
	19.9261 26.9285,
	19.9099 26.9408,
	19.8896 26.9488,
	"/>
</Transform>

<Transform dim="0"
 xcoef=" 0 1 0 0 0 0"
 ycoef=" 0 0 1 0 0 0">
<Contour name="d28" hidden="false" closed="true" simplified="true" border="1 1 0" fill="1 1 0" mode="11"
 points="7.50968 23.8874,
	7.45987 23.8866,
	7.43497 23.8866,
	7.38517 23.8827,
	7.38206 23.8827,
	7.35715 23.8734,
	7.34471 23.8664,
	7.33848 23.864,
	7.33537 23.8625,
	7.33226 23.8625,
	7.32915 23.8594,
	7.31669 23.8554,
	7.31125 23.8516,
	7.30502 23.85,
	7.29879 23.8462,
	7.29257 23.8439,
	7.28946 23.8414,
	7.28791 23.8399,
	7.27545 23.8353,
	7.27234 23.8322,
	7.25989 23.8274,
	7.25367 23.8243,
	7.2521 23.8228,
	7.24588 23.822,
	7.23343 23.8166,
	7.23032 23.8158,
	7.22799 23.8134,
	7.22487 23.8134,
	7.21243 23.808,
	7.2062 23.8057,
	7.20464 23.8057,
	7.19842 23.8011,
	7.18597 23.7955,
	7.16106 23.7808,
	7.14862 23.7723,
	7.14239 23.7683,
	7.13928 23.766,
	7.13617 23.7652,
	7.13305 23.7629,
	7.13227 23.7613,
	7.12916 23.7606,
	7.11671 23.7512,
	7.11049 23.7473,
	7.09959 23.7357,
	7.09414 23.7295,
	7.09103 23.7232,
	7.08247 23.7107,
	7.08247 23.7092,
	7.08013 23.7069,
	7.07936 23.7007,
	7.07936 23.6975,
	7.07236 23.685,
	7.07157 23.6819,
	7.07157 23.6804,
	7.06691 23.6742,
	7.05446 23.6633,
	7.05134 23.661,
	7.04823 23.6602,
	7.04668 23.6602,
	7.04357 23.657,
	7.03112 23.6524,
	7.01866 23.6462,
	7.01244 23.643,
	6.99999 23.6337,
	6.99221 23.6213,
	6.99143 23.6182,
	6.98365 23.6057,
	6.97976 23.5994,
	6.9782 23.5963,
	6.97509 23.5933,
	6.97276 23.5871,
	6.96809 23.5808,
	6.96575 23.5746,
	6.96186 23.5683,
	6.95408 23.5434,
	6.95019 23.531,
	6.94785 23.5186,
	6.94629 23.5123,
	6.94474 23.5092,
	6.94163 23.4843,
	6.94007 23.3847,
	6.94007 23.2851,
	6.94007 23.2726,
	6.94007 23.2664,
	6.93618 23.254,
	6.93385 23.2415,
	6.92996 23.229,
	6.92996 23.226,
	6.92373 23.2135,
	6.91829 23.2081,
	6.91206 23.1956,
	6.90817 23.1894,
	6.90505 23.1862,
	6.90428 23.1832,
	6.89649 23.1707,
	6.89105 23.1582,
	6.88872 23.1521,
	6.88716 23.1513,
	6.88638 23.1264,
	6.88638 23.1248,
	6.88638 23.124,
	6.89027 23.1179,
	6.89183 23.1116,
	6.89261 23.1085,
	6.90117 23.096,
	6.90505 23.0898,
	6.90505 23.0882,
	6.90817 23.0851,
	6.91206 23.0797,
	6.9144 23.0766,
	6.91517 23.075,
	6.9214 23.0726,
	6.92762 23.068,
	6.93073 23.0672,
	6.93229 23.0672,
	6.93541 23.0649,
	6.94163 23.0641,
	6.94474 23.0618,
	6.95719 23.0594,
	6.96964 23.0555,
	6.9712 23.054,
	6.9961 23.0486,
	6.99765 23.047,
	7.02256 23.0446,
	7.04745 23.0446,
	7.07236 23.0392,
	7.07858 23.0377,
	7.10659 23.0377,
	7.1097 23.04,
	7.12216 23.0415,
	7.13461 23.0454,
	7.15951 23.0494,
	7.17196 23.0517,
	7.17507 23.0532,
	7.1813 23.054,
	7.18441 23.054,
	7.18752 23.0563,
	7.19997 23.0586,
	7.21243 23.0594,
	7.26223 23.0563,
	7.28712 23.0586,
	7.31203 23.068,
	7.32447 23.0719,
	7.32759 23.0726,
	7.32915 23.0742,
	7.34159 23.0766,
	7.36649 23.0859,
	7.36883 23.0882,
	7.37505 23.0898,
	7.37816 23.0906,
	7.38128 23.0929,
	7.39373 23.0968,
	7.39684 23.0976,
	7.40307 23.1014,
	7.40618 23.1022,
	7.43108 23.117,
	7.4342 23.1202,
	7.43731 23.1209,
	7.44976 23.131,
	7.4622 23.1388,
	7.46843 23.1419,
	7.47154 23.1442,
	7.484 23.1482,
	7.49022 23.1505,
	7.49333 23.1505,
	7.49644 23.1528,
	7.52135 23.1614,
	7.52446 23.1614,
	7.52757 23.163,
	7.5338 23.1637,
	7.54624 23.1699,
	7.54936 23.1707,
	7.55092 23.1722,
	7.56336 23.1747,
	7.58826 23.1839,
	7.60072 23.1878,
	7.60694 23.1894,
	7.61005 23.1902,
	7.6155 23.1941,
	7.62795 23.1964,
	7.65285 23.2034,
	7.67775 23.2127,
	7.68397 23.2158,
	7.6902 23.2166,
	7.70265 23.2236,
	7.70888 23.2275,
	7.71043 23.229,
	7.71354 23.2298,
	7.71821 23.2353,
	7.76801 23.2524,
	7.78046 23.2571,
	7.80537 23.2688,
	7.83026 23.2835,
	7.8365 23.2874,
	7.83961 23.2898,
	7.84116 23.2914,
	7.84427 23.2921,
	7.8505 23.296,
	7.85672 23.2983,
	7.86295 23.303,
	7.88785 23.3131,
	7.91275 23.3139,
	7.93765 23.31,
	7.9501 23.3108,
	7.95633 23.3108,
	7.96255 23.3123,
	7.96878 23.3123,
	7.975 23.3139,
	7.98122 23.3139,
	7.99367 23.3171,
	7.99678 23.3171,
	8.00302 23.3194,
	8.00924 23.3201,
	8.02169 23.324,
	8.02791 23.3248,
	8.03103 23.3248,
	8.04347 23.3286,
	8.04971 23.3311,
	8.05282 23.3342,
	8.05827 23.3466,
	8.06138 23.3528,
	8.06838 23.3777,
	8.07694 23.4027,
	8.08161 23.415,
	8.08316 23.4213,
	8.08627 23.4275,
	8.08705 23.4399,
	8.08627 23.4524,
	8.08394 23.4649,
	8.08239 23.471,
	8.08394 23.496,
	8.08316 23.5209,
	8.08161 23.5334,
	8.07849 23.5458,
	8.07616 23.552,
	8.07383 23.5645,
	8.06994 23.5769,
	8.06915 23.58,
	8.06682 23.5831,
	8.06604 23.5862,
	8.0637 23.5894,
	8.06138 23.5956,
	8.05904 23.5987,
	8.05827 23.6019,
	8.05593 23.6049,
	8.05593 23.6065,
	8.04503 23.619,
	8.03881 23.6251,
	8.03647 23.6282,
	8.03336 23.6299,
	8.02325 23.6415,
	8.01469 23.6539,
	8.01158 23.6562,
	8.00768 23.6625,
	8.00146 23.6679,
	7.99835 23.6702,
	7.99678 23.6718,
	7.99523 23.6718,
	7.99212 23.675,
	7.96722 23.6882,
	7.95477 23.6952,
	7.95166 23.6975,
	7.9501 23.6975,
	7.94698 23.6998,
	7.94387 23.7007,
	7.94076 23.703,
	7.93765 23.7038,
	7.93142 23.7076,
	7.92831 23.7084,
	7.9252 23.7107,
	7.91898 23.713,
	7.91742 23.713,
	7.91119 23.7178,
	7.90808 23.7186,
	7.89563 23.7278,
	7.8933 23.7302,
	7.89018 23.731,
	7.87774 23.7387,
	7.86528 23.7443,
	7.85906 23.7473,
	7.85594 23.7481,
	7.85283 23.7504,
	7.82794 23.7613,
	7.82638 23.7613,
	7.82326 23.7637,
	7.8217 23.7637,
	7.80925 23.7738,
	7.79681 23.7823,
	7.78436 23.7894,
	7.77814 23.7925,
	7.77501 23.7948,
	7.77346 23.7948,
	7.77035 23.7971,
	7.76724 23.7979,
	7.76413 23.8011,
	7.76102 23.8018,
	7.7579 23.8041,
	7.75479 23.8049,
	7.74856 23.8088,
	7.74545 23.8096,
	7.73922 23.8134,
	7.73611 23.8143,
	7.72989 23.8182,
	7.71744 23.8228,
	7.71121 23.8267,
	7.70965 23.8267,
	7.70421 23.8329,
	7.67931 23.8508,
	7.66685 23.8594,
	7.66063 23.8633,
	7.65441 23.8656,
	7.65129 23.8664,
	7.64974 23.8664,
	7.64351 23.8702,
	7.59371 23.878,
	7.58126 23.8804,
	7.56881 23.8811,
	7.5657 23.8811,
	7.55948 23.8835,
	"/>
</Transform>

<Transform dim="0"
 xcoef=" 0 1 0 0 0 0"
 ycoef=" 0 0 1 0 0 0">
<Contour name="d39" hidden="false" closed="true" simplified="true" border="1 1 0" fill="1 1 0" mode="11"
 points="10.5217 28.4066,
	10.4374 28.4038,
	10.3952 28.3986,
	10.3741 28.3947,
	10.3689 28.3908,
	10.3662 28.388,
	10.3636 28.388,
	10.3557 28.3789,
	10.3478 28.3722,
	10.3385 28.3631,
	10.3333 28.3591,
	10.3333 28.3564,
	10.3293 28.3538,
	10.3003 28.313,
	10.2937 28.3024,
	10.2911 28.2972,
	10.2885 28.2958,
	10.2872 28.2919,
	10.2832 28.2866,
	10.2806 28.284,
	10.2806 28.2814,
	10.2727 28.2721,
	10.2713 28.2669,
	10.2648 28.2563,
	10.2608 28.2457,
	10.2582 28.2247,
	10.2595 28.1825,
	10.2608 28.172,
	10.2648 28.1614,
	10.2661 28.1509,
	10.2674 28.1456,
	10.2674 28.143,
	10.27 28.1404,
	10.2713 28.0982,
	10.2661 28.0889,
	10.2634 28.0837,
	10.2634 28.0811,
	10.2489 28.0613,
	10.2489 28.0586,
	10.241 28.0481,
	10.2358 28.0389,
	10.2318 28.0336,
	10.2305 28.0283,
	10.2252 28.0244,
	10.2252 28.0218,
	10.2213 28.0165,
	10.22 28.0059,
	10.22 28.0033,
	10.22 28.002,
	10.2265 27.9914,
	10.2265 27.9888,
	10.2331 27.9782,
	10.2371 27.973,
	10.2371 27.9704,
	10.2489 27.9506,
	10.2529 27.9466,
	10.2542 27.9414,
	10.2806 27.8992,
	10.2937 27.8781,
	10.2937 27.8755,
	10.299 27.8702,
	10.299 27.8676,
	10.3043 27.8636,
	10.3096 27.8544,
	10.3109 27.8504,
	10.324 27.8307,
	10.3333 27.811,
	10.3399 27.8004,
	10.3412 27.7952,
	10.3438 27.7924,
	10.3464 27.782,
	10.3478 27.7766,
	10.3504 27.774,
	10.353 27.7635,
	10.357 27.7582,
	10.357 27.753,
	10.3662 27.7319,
	10.3689 27.7266,
	10.3689 27.724,
	10.3715 27.7213,
	10.3715 27.7187,
	10.3794 27.7081,
	10.3807 27.7029,
	10.3847 27.6976,
	10.3847 27.6923,
	10.3886 27.6818,
	10.3873 27.6397,
	10.386 27.6185,
	10.386 27.6159,
	10.3952 27.6094,
	10.4057 27.6053,
	10.4268 27.604,
	10.4374 27.604,
	10.4374 27.6014,
	10.4413 27.5975,
	10.4453 27.5869,
	10.4479 27.5843,
	10.4479 27.579,
	10.4519 27.5737,
	10.4545 27.5632,
	10.4598 27.5527,
	10.4611 27.5474,
	10.4703 27.5408,
	10.4756 27.5368,
	10.4861 27.5329,
	10.5072 27.5197,
	10.5178 27.5132,
	10.5217 27.5091,
	10.523 27.5065,
	10.5257 27.5065,
	10.5336 27.496,
	10.5533 27.4801,
	10.5625 27.4749,
	10.5652 27.4723,
	10.5678 27.4723,
	10.5784 27.4643,
	10.5876 27.4591,
	10.6034 27.442,
	10.6113 27.4327,
	10.6218 27.4262,
	10.6324 27.4249,
	10.6535 27.4156,
	10.6587 27.4143,
	10.664 27.4104,
	10.6851 27.4038,
	10.7062 27.4024,
	10.7154 27.3985,
	10.7207 27.3985,
	10.7299 27.3945,
	10.7352 27.3919,
	10.7378 27.3919,
	10.7483 27.3853,
	10.7589 27.3748,
	10.7642 27.3695,
	10.7668 27.3695,
	10.776 27.3629,
	10.78 27.359,
	10.7852 27.3577,
	10.7879 27.355,
	10.7984 27.3523,
	10.8195 27.3537,
	10.83 27.3577,
	10.8353 27.3577,
	10.8564 27.3642,
	10.8669 27.3695,
	10.8722 27.3695,
	10.8933 27.3761,
	10.8959 27.3787,
	10.8986 27.3787,
	10.9012 27.3813,
	10.9117 27.3827,
	10.9328 27.3906,
	10.9539 27.3906,
	10.975 27.3853,
	10.9961 27.3774,
	11.0013 27.3748,
	11.0066 27.3748,
	11.0171 27.3708,
	11.1015 27.3695,
	11.1225 27.3708,
	11.1437 27.3748,
	11.1859 27.388,
	11.1911 27.3919,
	11.1963 27.3919,
	11.2161 27.4104,
	11.2333 27.4288,
	11.2333 27.4314,
	11.2425 27.442,
	11.2451 27.4525,
	11.2504 27.463,
	11.2504 27.4684,
	11.2557 27.4788,
	11.2557 27.4842,
	11.2635 27.5052,
	11.2754 27.5263,
	11.2754 27.529,
	11.278 27.5316,
	11.2793 27.5368,
	11.2833 27.5421,
	11.286 27.5632,
	11.2847 27.5843,
	11.2807 27.5949,
	11.2793 27.6159,
	11.2807 27.6265,
	11.2807 27.6317,
	11.2873 27.6528,
	11.2899 27.6581,
	11.2899 27.6633,
	11.2938 27.6686,
	11.2951 27.6739,
	11.2951 27.6765,
	11.3018 27.6871,
	11.3083 27.7081,
	11.3124 27.7187,
	11.3124 27.724,
	11.3163 27.7345,
	11.3189 27.7398,
	11.3189 27.745,
	11.3228 27.7503,
	11.3254 27.7608,
	11.3347 27.782,
	11.336 27.7924,
	11.3295 27.8136,
	11.3295 27.8162,
	11.3269 27.8188,
	11.3269 27.8214,
	11.3241 27.8241,
	11.3228 27.8294,
	11.3163 27.8399,
	11.3096 27.8465,
	11.307 27.8465,
	11.2912 27.8636,
	11.2741 27.8834,
	11.2662 27.894,
	11.2635 27.8979,
	11.2464 27.915,
	11.2319 27.9347,
	11.2266 27.9401,
	11.2266 27.9427,
	11.2201 27.9533,
	11.2161 27.9637,
	11.2135 27.9664,
	11.2135 27.9691,
	11.2108 27.9717,
	11.2069 27.9928,
	11.2056 28.0033,
	11.2095 28.0139,
	11.2108 28.0191,
	11.2148 28.0244,
	11.2214 28.0455,
	11.2227 28.0508,
	11.2227 28.0534,
	11.2253 28.056,
	11.2306 28.0771,
	11.2333 28.0798,
	11.2333 28.1008,
	11.2333 28.1114,
	11.2293 28.1219,
	11.2266 28.1272,
	11.2266 28.1298,
	11.2214 28.1337,
	11.2214 28.1364,
	11.203 28.1535,
	11.1924 28.1601,
	11.1872 28.1614,
	11.1831 28.1654,
	11.1727 28.1667,
	11.1621 28.1707,
	11.1515 28.172,
	11.1463 28.1746,
	11.1437 28.1746,
	11.141 28.1772,
	11.1357 28.1772,
	11.1305 28.1812,
	11.1199 28.1838,
	11.1173 28.1865,
	11.1067 28.1891,
	11.0857 28.2009,
	11.0791 28.2076,
	11.0764 28.2102,
	11.0738 28.2102,
	11.0646 28.2167,
	11.062 28.2167,
	11.0593 28.2194,
	11.0567 28.2194,
	11.054 28.2221,
	11.0435 28.2234,
	11.0224 28.2299,
	11.0013 28.2339,
	10.9803 28.2353,
	10.9381 28.2418,
	10.9275 28.2431,
	10.9223 28.2457,
	10.917 28.2457,
	10.8748 28.2589,
	10.8327 28.2682,
	10.8116 28.2747,
	10.8011 28.2747,
	10.7905 28.28,
	10.7852 28.28,
	10.7431 28.2932,
	10.7022 28.313,
	10.693 28.3196,
	10.6904 28.3196,
	10.6706 28.3327,
	10.6666 28.3367,
	10.664 28.3367,
	10.6601 28.3419,
	10.6403 28.3564,
	10.6311 28.3631,
	10.6284 28.3657,
	10.6258 28.3657,
	10.6047 28.3776,
	10.5994 28.3802,
	10.5968 28.3828,
	10.5915 28.3841,
	10.5889 28.3841,
	10.585 28.388,
	10.5797 28.3893,
	10.5744 28.3934,
	10.5533 28.4012,
	10.5428 28.4052,
	"/>
</Transform>

<Transform dim="0"
 xcoef=" 0 1 0 0 0 0"
 ycoef=" 0 0 1 0 0 0">
<Contour name="d56" hidden="false" closed="true" simplified="true" border="0 0 0" fill="0 0 0" mode="11"
 points="23.8439 23.7582,
	23.8131 23.7485,
	23.8053 23.7447,
	23.7898 23.7398,
	23.786 23.7379,
	23.7841 23.7379,
	23.7812 23.735,
	23.7735 23.7341,
	23.758 23.7234,
	23.7426 23.7099,
	23.7349 23.7022,
	23.7194 23.6935,
	23.7117 23.6878,
	23.6963 23.679,
	23.6808 23.6684,
	23.6731 23.6655,
	23.6654 23.6607,
	23.65 23.6539,
	23.6479 23.652,
	23.6403 23.6501,
	23.6248 23.6423,
	23.563 23.6163,
	23.5475 23.6095,
	23.5331 23.5969,
	23.5264 23.5912,
	23.5216 23.5834,
	23.508 23.5689,
	23.5012 23.5632,
	23.4887 23.5478,
	23.4839 23.54,
	23.481 23.5323,
	23.4791 23.5013,
	23.4791 23.4937,
	23.4761 23.4859,
	23.4646 23.4705,
	23.4578 23.455,
	23.4549 23.4474,
	23.4424 23.4319,
	23.4134 23.403,
	23.4008 23.3874,
	23.397 23.3846,
	23.3767 23.3537,
	23.3661 23.3382,
	23.3622 23.3344,
	23.3555 23.319,
	23.3516 23.3035,
	23.3487 23.2958,
	23.3468 23.2649,
	23.3448 23.2494,
	23.3342 23.2186,
	23.3275 23.2031,
	23.3275 23.1992,
	23.3227 23.1915,
	23.3207 23.1896,
	23.3197 23.1857,
	23.3197 23.1838,
	23.3178 23.1818,
	23.3168 23.178,
	23.3149 23.1761,
	23.314 23.1722,
	23.3082 23.1645,
	23.3004 23.1577,
	23.2927 23.1529,
	23.2888 23.151,
	23.286 23.1471,
	23.2782 23.1432,
	23.2705 23.1365,
	23.2551 23.1278,
	23.2473 23.123,
	23.2435 23.1201,
	23.2357 23.1182,
	23.2319 23.1152,
	23.2242 23.1123,
	23.2203 23.1114,
	23.2126 23.1056,
	23.2088 23.1047,
	23.1932 23.094,
	23.1797 23.0795,
	23.1652 23.0487,
	23.1547 23.0177,
	23.1479 23.0022,
	23.144 22.9946,
	23.1344 22.9637,
	23.1334 22.9559,
	23.1315 22.9521,
	23.1315 22.9367,
	23.1315 22.9357,
	23.1373 22.9203,
	23.145 22.9048,
	23.1498 22.8971,
	23.1547 22.8816,
	23.1633 22.8662,
	23.1692 22.8584,
	23.1778 22.843,
	23.1913 22.8275,
	23.1991 22.8208,
	23.2145 22.8121,
	23.2222 22.8073,
	23.2242 22.8073,
	23.2261 22.8054,
	23.2338 22.8034,
	23.2377 22.8005,
	23.2396 22.7986,
	23.2435 22.7986,
	23.2513 22.7948,
	23.2551 22.7919,
	23.2589 22.7919,
	23.2744 22.7851,
	23.2821 22.7841,
	23.2898 22.7793,
	23.3207 22.7696,
	23.3361 22.7648,
	23.3439 22.7639,
	23.3477 22.7609,
	23.3631 22.7571,
	23.3709 22.7542,
	23.3748 22.7532,
	23.3757 22.7513,
	23.3796 22.7513,
	23.3873 22.7464,
	23.3951 22.7435,
	23.3989 22.7426,
	23.4056 22.7378,
	23.4211 22.7319,
	23.4288 22.73,
	23.4443 22.7291,
	23.452 22.7281,
	23.4578 22.7281,
	23.4616 22.7252,
	23.4771 22.7252,
	23.4848 22.7262,
	23.5003 22.7233,
	23.508 22.7224,
	23.5698 22.7319,
	23.5852 22.7349,
	23.6084 22.7349,
	23.6123 22.7319,
	23.6199 22.731,
	23.6277 22.7281,
	23.6586 22.7233,
	23.6895 22.7224,
	23.6972 22.7214,
	23.7127 22.7243,
	23.7165 22.7243,
	23.7194 22.7271,
	23.7271 22.7291,
	23.7349 22.7349,
	23.7368 22.7349,
	23.7445 22.7407,
	23.7523 22.7445,
	23.7561 22.7464,
	23.7599 22.7464,
	23.7639 22.7494,
	23.7947 22.7551,
	23.8102 22.7571,
	23.8178 22.759,
	23.8488 22.7599,
	23.8565 22.7609,
	23.8643 22.7648,
	23.8681 22.7658,
	23.87 22.7658,
	23.8738 22.7687,
	23.8893 22.7706,
	23.9047 22.7744,
	23.9087 22.7744,
	23.9163 22.7774,
	23.9318 22.7803,
	23.9472 22.7851,
	23.9627 22.787,
	23.9704 22.7899,
	24.0013 22.7909,
	24.0322 22.7899,
	24.0399 22.7909,
	24.0554 22.7967,
	24.0631 22.8015,
	24.0708 22.8034,
	24.0786 22.8083,
	24.094 22.814,
	24.1094 22.8228,
	24.1133 22.8247,
	24.1152 22.8266,
	24.1191 22.8275,
	24.1201 22.8295,
	24.1239 22.8304,
	24.1278 22.8334,
	24.1316 22.8344,
	24.1355 22.8372,
	24.1374 22.8372,
	24.1451 22.8439,
	24.149 22.8449,
	24.2108 22.8826,
	24.2186 22.8874,
	24.234 22.8999,
	24.2649 22.9212,
	24.2803 22.9308,
	24.2841 22.9338,
	24.2919 22.9367,
	24.3064 22.9463,
	24.3141 22.9531,
	24.318 22.954,
	24.3334 22.9647,
	24.3363 22.9685,
	24.3518 22.9782,
	24.3634 22.9927,
	24.374 23.0235,
	24.3778 23.039,
	24.3778 23.0428,
	24.3855 23.0496,
	24.4009 23.0563,
	24.4087 23.0612,
	24.4164 23.0631,
	24.4203 23.066,
	24.4241 23.067,
	24.4396 23.0767,
	24.4474 23.0815,
	24.455 23.0843,
	24.4628 23.0853,
	24.4676 23.0931,
	24.4744 23.1085,
	24.4763 23.1123,
	24.4773 23.1201,
	24.4792 23.1239,
	24.4801 23.1316,
	24.483 23.1394,
	24.4927 23.2011,
	24.4956 23.2321,
	24.4975 23.2398,
	24.4985 23.2706,
	24.4985 23.2861,
	24.4975 23.2938,
	24.4975 23.2977,
	24.4937 23.3054,
	24.4889 23.3209,
	24.4859 23.3363,
	24.4811 23.3518,
	24.4792 23.3556,
	24.4792 23.3595,
	24.4685 23.375,
	24.4647 23.3788,
	24.4502 23.4097,
	24.4319 23.4714,
	24.427 23.4869,
	24.4251 23.4908,
	24.4251 23.4946,
	24.4213 23.5024,
	24.4184 23.5062,
	24.4164 23.5139,
	24.4068 23.5293,
	24.399 23.5362,
	24.3981 23.54,
	24.3981 23.5419,
	24.3836 23.5573,
	24.3788 23.5651,
	24.3701 23.596,
	24.3662 23.6038,
	24.3518 23.6192,
	24.344 23.6269,
	24.3285 23.6327,
	24.3209 23.6346,
	24.3169 23.6356,
	24.3141 23.6385,
	24.3064 23.6394,
	24.291 23.6462,
	24.2755 23.6598,
	24.26 23.6703,
	24.2523 23.6742,
	24.2369 23.6771,
	24.2214 23.6829,
	24.2137 23.6857,
	24.1982 23.6973,
	24.1906 23.7051,
	24.1761 23.7167,
	24.1605 23.7234,
	24.1567 23.7253,
	24.095 23.7302,
	24.0641 23.7312,
	24.0332 23.7341,
	24.0177 23.7369,
	24.01 23.7398,
	23.9791 23.7408,
	23.9483 23.7398,
	23.9173 23.7427,
	23.9096 23.7438,
	23.9058 23.7466,
	23.8902 23.7514,
	23.8748 23.7582,
	"/>
</Transform>

<Transform dim="0"
 xcoef=" 0 1 0 0 0 0"
 ycoef=" 0 0 1 0 0 0">
<Contour name="d39sp25" hidden="false" closed="true" simplified="true" border="1 0 0" fill="1 0 0" mode="11"
 points="11.6264 28.0614,
	11.6117 28.0596,
	11.6043 28.0587,
	11.597 28.0559,
	11.5905 28.0485,
	11.5869 28.0458,
	11.5823 28.0311,
	11.5795 28.0293,
	11.5704 28.0155,
	11.5675 28.0119,
	11.5666 28.0082,
	11.563 28.0045,
	11.5584 27.9972,
	11.5584 27.9953,
	11.5557 27.9916,
	11.5548 27.9879,
	11.551 27.9843,
	11.5483 27.9769,
	11.5464 27.976,
	11.5464 27.9723,
	11.5428 27.9659,
	11.5428 27.964,
	11.5401 27.9604,
	11.5401 27.9585,
	11.5381 27.9567,
	11.5354 27.9493,
	11.5345 27.9457,
	11.5299 27.9384,
	11.5263 27.9337,
	11.5263 27.9319,
	11.5143 27.9172,
	11.5143 27.9154,
	11.5106 27.9126,
	11.5106 27.9108,
	11.506 27.9043,
	11.5024 27.9016,
	11.5024 27.8997,
	11.4987 27.897,
	11.4987 27.8952,
	11.4922 27.8905,
	11.4867 27.8841,
	11.4831 27.8823,
	11.4784 27.8767,
	11.472 27.8713,
	11.4683 27.8676,
	11.4619 27.863,
	11.4583 27.8593,
	11.4564 27.8593,
	11.4546 27.8557,
	11.4527 27.8557,
	11.4499 27.852,
	11.449 27.8511,
	11.4481 27.852,
	11.4343 27.8373,
	11.4298 27.8317,
	11.4196 27.8179,
	11.4187 27.8143,
	11.416 27.8106,
	11.4133 27.8042,
	11.4113 27.8023,
	11.4068 27.7876,
	11.4049 27.7803,
	11.4031 27.7766,
	11.4031 27.7729,
	11.3995 27.7656,
	11.3995 27.7619,
	11.3957 27.7546,
	11.3912 27.7399,
	11.3912 27.7361,
	11.3893 27.7325,
	11.3875 27.7307,
	11.3866 27.727,
	11.3848 27.7252,
	11.3783 27.7105,
	11.3783 27.7087,
	11.3755 27.7049,
	11.3755 27.7031,
	11.3728 27.6995,
	11.371 27.6976,
	11.3701 27.6939,
	11.3672 27.6902,
	11.3672 27.6884,
	11.3645 27.6848,
	11.3636 27.6811,
	11.3608 27.6774,
	11.359 27.6755,
	11.3581 27.6719,
	11.3563 27.6701,
	11.3554 27.6664,
	11.3525 27.6627,
	11.3516 27.659,
	11.3471 27.6517,
	11.3462 27.648,
	11.3416 27.6407,
	11.3388 27.636,
	11.3296 27.6213,
	11.3278 27.6195,
	11.3278 27.6177,
	11.3186 27.6039,
	11.3177 27.6002,
	11.3158 27.5993,
	11.3103 27.5846,
	11.3084 27.5828,
	11.3039 27.5681,
	11.3039 27.5643,
	11.2993 27.5496,
	11.2993 27.5202,
	11.2974 27.5139,
	11.2956 27.5102,
	11.2956 27.5065,
	11.2919 27.4992,
	11.2919 27.4955,
	11.2874 27.4881,
	11.2874 27.4863,
	11.2846 27.4826,
	11.2818 27.4762,
	11.28 27.4725,
	11.28 27.4689,
	11.2772 27.466,
	11.2754 27.4587,
	11.2745 27.444,
	11.2745 27.4404,
	11.2745 27.4395,
	11.2745 27.4384,
	11.2754 27.4312,
	11.2763 27.4275,
	11.2763 27.4257,
	11.2781 27.4238,
	11.28 27.4165,
	11.28 27.4128,
	11.2827 27.4054,
	11.2855 27.3907,
	11.2947 27.3613,
	11.3048 27.3484,
	11.3122 27.3439,
	11.3195 27.343,
	11.3231 27.3411,
	11.3305 27.3402,
	11.3378 27.3374,
	11.3397 27.3374,
	11.3416 27.3356,
	11.3434 27.3356,
	11.3554 27.3236,
	11.3554 27.3218,
	11.3618 27.3145,
	11.3719 27.3007,
	11.3839 27.2887,
	11.3875 27.2878,
	11.3912 27.2851,
	11.3986 27.2823,
	11.428 27.2813,
	11.4867 27.2823,
	11.5455 27.2813,
	11.6043 27.2777,
	11.6337 27.2759,
	11.6484 27.2759,
	11.6778 27.2786,
	11.6925 27.2768,
	11.7513 27.2759,
	11.7587 27.2759,
	11.7734 27.2804,
	11.7807 27.286,
	11.7835 27.2887,
	11.7881 27.3034,
	11.7908 27.3108,
	11.7908 27.3255,
	11.7899 27.3328,
	11.7881 27.3347,
	11.7789 27.364,
	11.7752 27.3714,
	11.767 27.4008,
	11.7642 27.4302,
	11.7633 27.489,
	11.7633 27.5184,
	11.7614 27.5331,
	11.7578 27.5478,
	11.755 27.5552,
	11.755 27.5589,
	11.7467 27.5883,
	11.744 27.5957,
	11.7431 27.603,
	11.7403 27.6104,
	11.7394 27.6177,
	11.7366 27.6251,
	11.7311 27.6545,
	11.7311 27.6581,
	11.7284 27.6654,
	11.7219 27.6949,
	11.7192 27.7022,
	11.7183 27.7096,
	11.7137 27.7243,
	11.711 27.7316,
	11.711 27.7352,
	11.709 27.7372,
	11.6999 27.7666,
	11.699 27.7739,
	11.6952 27.7813,
	11.6943 27.7886,
	11.6916 27.796,
	11.6907 27.8033,
	11.6879 27.8106,
	11.6843 27.84,
	11.6852 27.8988,
	11.6879 27.9282,
	11.6972 27.942,
	11.6999 27.9493,
	11.7017 27.964,
	11.7017 27.9788,
	11.6999 27.9935,
	11.6963 28.0008,
	11.6916 28.0155,
	11.6879 28.0229,
	11.6852 28.0376,
	11.6796 28.0514,
	11.6796 28.0532,
	11.6732 28.0587,
	11.6705 28.0614,
	"/>
</Transform>

<Transform dim="0"
 xcoef=" 0 1 0 0 0 0"
 ycoef=" 0 0 1 0 0 0">
<Contour name="d28sp19" hidden="false" closed="true" simplified="true" border="1 0 0" fill="1 0 0" mode="11"
 points="8.49168 23.8305,
	8.46464 23.8297,
	8.45112 23.8245,
	8.44521 23.822,
	8.44183 23.8195,
	8.43507 23.817,
	8.42999 23.8135,
	8.42746 23.811,
	8.42577 23.811,
	8.41986 23.8068,
	8.40718 23.8018,
	8.40549 23.8001,
	8.39873 23.7991,
	8.39704 23.7991,
	8.39535 23.7975,
	8.38859 23.7975,
	8.36155 23.7924,
	8.34888 23.7882,
	8.34211 23.7856,
	8.33874 23.7856,
	8.33197 23.7823,
	8.3286 23.7814,
	8.32691 23.7814,
	8.32352 23.7789,
	8.32015 23.7781,
	8.31846 23.7781,
	8.3117 23.773,
	8.30578 23.7696,
	8.3024 23.7671,
	8.30071 23.7671,
	8.2948 23.7629,
	8.29226 23.7604,
	8.28888 23.7604,
	8.27621 23.7527,
	8.27283 23.751,
	8.27113 23.751,
	8.25931 23.7435,
	8.25762 23.7417,
	8.25424 23.7409,
	8.24157 23.7316,
	8.23565 23.7273,
	8.23143 23.7206,
	8.22635 23.6936,
	8.2255 23.6665,
	8.2255 23.664,
	8.2255 23.6632,
	8.22973 23.6496,
	8.22973 23.6463,
	8.23227 23.6428,
	8.23396 23.6361,
	8.24325 23.6226,
	8.26776 23.6023,
	8.26945 23.6006,
	8.27113 23.6006,
	8.27452 23.5972,
	8.27621 23.5972,
	8.28297 23.5922,
	8.28551 23.5897,
	8.29142 23.5871,
	8.2948 23.5862,
	8.30156 23.582,
	8.30494 23.5795,
	8.31846 23.5753,
	8.33197 23.5745,
	8.33874 23.5736,
	8.34211 23.5736,
	8.3455 23.5753,
	8.35901 23.5778,
	8.37254 23.5829,
	8.42662 23.5947,
	8.43338 23.5972,
	8.44013 23.5981,
	8.44352 23.5989,
	8.44521 23.6006,
	8.45197 23.6015,
	8.46548 23.6057,
	8.46717 23.6057,
	8.46886 23.6074,
	8.47562 23.6082,
	8.47732 23.6099,
	8.48407 23.6116,
	8.48746 23.6116,
	8.49421 23.6141,
	8.4976 23.6159,
	8.52464 23.6209,
	8.5314 23.6234,
	8.53478 23.6243,
	8.53562 23.6259,
	8.54914 23.6276,
	8.55168 23.6302,
	8.55844 23.6302,
	8.56519 23.6319,
	8.56858 23.6336,
	8.57195 23.6336,
	8.57533 23.6353,
	8.57872 23.6353,
	8.58548 23.6378,
	8.59223 23.6386,
	8.59899 23.6411,
	8.60238 23.6411,
	8.62942 23.6496,
	8.6328 23.6505,
	8.63448 23.6522,
	8.63786 23.6522,
	8.65138 23.6563,
	8.67589 23.6742,
	8.68856 23.6826,
	8.69448 23.6859,
	8.69786 23.6885,
	8.69955 23.6885,
	8.70039 23.6902,
	8.70209 23.6902,
	8.71476 23.7012,
	8.71476 23.7046,
	8.71729 23.7071,
	8.71814 23.7138,
	8.71983 23.7156,
	8.72236 23.7291,
	8.72236 23.7425,
	8.71645 23.7561,
	8.71476 23.7578,
	8.71476 23.7595,
	8.71138 23.7629,
	8.70209 23.7747,
	8.69617 23.7789,
	8.69448 23.7814,
	8.68772 23.7856,
	8.68434 23.7891,
	8.67251 23.7966,
	8.66997 23.7991,
	8.6666 23.8001,
	8.66321 23.8026,
	8.66152 23.8043,
	8.65815 23.8051,
	8.65476 23.8076,
	8.64208 23.8118,
	8.62857 23.8135,
	8.61505 23.8135,
	8.60153 23.8153,
	8.54745 23.8161,
	8.52041 23.8203,
	8.50689 23.8262,
	8.5052 23.8279,
	"/>
</Transform>

<Transform dim="0"
 xcoef=" 0 1 0 0 0 0"
 ycoef=" 0 0 1 0 0 0">
<Contour name="d38sp13" hidden="false" closed="true" simplified="true" border="1 0 0" fill="1 0 0" mode="11"
 points="23.1778 23.9942,
	23.1705 23.9924,
	23.1668 23.9896,
	23.1631 23.9887,
	23.1567 23.9822,
	23.1549 23.9813,
	23.1549 23.9795,
	23.1015 23.9308,
	23.0941 23.9261,
	23.0904 23.9243,
	23.0867 23.9243,
	23.072 23.9197,
	23.0131 23.9215,
	22.9984 23.9206,
	22.9837 23.9179,
	22.9799 23.9151,
	22.9763 23.9142,
	22.9726 23.9114,
	22.969 23.9105,
	22.9661 23.9077,
	22.9625 23.9068,
	22.9606 23.905,
	22.957 23.9041,
	22.9533 23.9013,
	22.9514 23.8985,
	22.9496 23.8985,
	22.9358 23.8847,
	22.9294 23.8774,
	22.9276 23.8737,
	22.9238 23.8719,
	22.922 23.8681,
	22.9101 23.8561,
	22.9036 23.8497,
	22.9036 23.8479,
	22.8907 23.835,
	22.8852 23.8323,
	22.8825 23.8286,
	22.8787 23.8276,
	22.8723 23.823,
	22.8714 23.8212,
	22.8678 23.8203,
	22.8613 23.8148,
	22.8594 23.8148,
	22.8456 23.8065,
	22.842 23.8028,
	22.8282 23.7945,
	22.8244 23.7918,
	22.8097 23.7863,
	22.8024 23.7825,
	22.7876 23.778,
	22.7858 23.778,
	22.784 23.7761,
	22.7693 23.7734,
	22.7619 23.7696,
	22.7582 23.7696,
	22.7564 23.7678,
	22.7417 23.7632,
	22.7342 23.7623,
	22.7269 23.7596,
	22.725 23.7596,
	22.7232 23.7578,
	22.7085 23.754,
	22.7011 23.7503,
	22.6984 23.7503,
	22.6975 23.7494,
	22.7269 23.7301,
	22.7417 23.72,
	22.7453 23.7191,
	22.7471 23.7191,
	22.7508 23.7163,
	22.7546 23.7154,
	22.7564 23.7154,
	22.7628 23.7098,
	22.7664 23.7089,
	22.7693 23.7062,
	22.7711 23.7062,
	22.772 23.7044,
	22.7793 23.7016,
	22.7831 23.6979,
	22.7895 23.6951,
	22.7969 23.6905,
	22.7996 23.6896,
	22.8024 23.6869,
	22.8088 23.6841,
	22.8116 23.6831,
	22.8254 23.674,
	22.8327 23.6702,
	22.8392 23.6648,
	22.8411 23.6648,
	22.8484 23.6574,
	22.852 23.6537,
	22.8539 23.6519,
	22.8558 23.6519,
	22.8594 23.6455,
	22.8622 23.6435,
	22.8667 23.6362,
	22.8696 23.6326,
	22.8714 23.6317,
	22.8723 23.6279,
	22.8778 23.6206,
	22.8778 23.6188,
	22.8805 23.6151,
	22.8815 23.6114,
	22.8834 23.6104,
	22.8843 23.581,
	22.8805 23.5516,
	22.8732 23.5221,
	22.8696 23.5074,
	22.8678 23.5037,
	22.8678 23.5,
	22.8678 23.4982,
	22.8696 23.4972,
	22.8843 23.5056,
	22.8916 23.5101,
	22.8944 23.5138,
	22.8963 23.5138,
	22.9091 23.5249,
	22.9128 23.5285,
	22.9276 23.5387,
	22.9349 23.5452,
	22.9376 23.5488,
	22.9395 23.5488,
	22.9543 23.5617,
	22.9579 23.5654,
	22.9597 23.5681,
	22.9661 23.5746,
	22.969 23.5773,
	22.9699 23.581,
	22.9726 23.5828,
	22.979 23.5966,
	22.9837 23.6114,
	22.9828 23.6408,
	22.9819 23.6446,
	22.9819 23.6464,
	22.9799 23.6482,
	22.9799 23.6519,
	22.9781 23.6555,
	22.9754 23.685,
	22.9763 23.6924,
	22.9809 23.6988,
	22.9809 23.7007,
	22.9864 23.7062,
	22.9864 23.708,
	22.9883 23.7098,
	22.991 23.7173,
	22.9928 23.7191,
	22.9928 23.7264,
	22.991 23.7338,
	22.991 23.7356,
	22.9892 23.7375,
	22.9883 23.7411,
	22.9883 23.743,
	22.9864 23.744,
	22.9864 23.7458,
	22.9819 23.7531,
	22.979 23.7567,
	22.979 23.7587,
	22.9772 23.7596,
	22.9763 23.7669,
	22.9781 23.7706,
	22.9781 23.7743,
	22.9809 23.778,
	22.9809 23.7798,
	22.9828 23.7816,
	22.9837 23.7853,
	22.9855 23.7872,
	22.9874 23.7872,
	22.991 23.7909,
	22.9984 23.7936,
	23.0095 23.7936,
	23.0168 23.7899,
	23.0204 23.789,
	23.0214 23.7872,
	23.0288 23.7844,
	23.0426 23.7743,
	23.0481 23.7696,
	23.0517 23.7678,
	23.0664 23.7687,
	23.0675 23.7706,
	23.0739 23.7734,
	23.0775 23.7761,
	23.0793 23.7798,
	23.0858 23.7872,
	23.0904 23.8019,
	23.0922 23.8092,
	23.0922 23.8129,
	23.0922 23.8148,
	23.0941 23.8166,
	23.0969 23.824,
	23.1015 23.8314,
	23.1079 23.8378,
	23.1116 23.8396,
	23.1125 23.8414,
	23.1144 23.8414,
	23.1263 23.8516,
	23.1336 23.8543,
	23.1484 23.8534,
	23.1558 23.8516,
	23.1594 23.8507,
	23.1668 23.8461,
	23.1705 23.8452,
	23.1778 23.8405,
	23.1787 23.8387,
	23.1861 23.8359,
	23.1898 23.8332,
	23.1934 23.8323,
	23.2009 23.8276,
	23.2303 23.8212,
	23.2377 23.8194,
	23.245 23.8194,
	23.2597 23.8276,
	23.2597 23.8295,
	23.2616 23.8305,
	23.2634 23.8378,
	23.2662 23.8414,
	23.2662 23.8561,
	23.2652 23.8635,
	23.2607 23.8783,
	23.2579 23.8857,
	23.2552 23.8893,
	23.2552 23.8912,
	23.2533 23.8921,
	23.2533 23.8957,
	23.2487 23.9031,
	23.2469 23.905,
	23.2459 23.9086,
	23.2294 23.9381,
	23.2276 23.9417,
	23.2276 23.9437,
	23.2257 23.9455,
	23.2248 23.9491,
	23.222 23.9528,
	23.2192 23.9602,
	23.211 23.9749,
	23.1999 23.9869,
	23.1981 23.9887,
	23.1963 23.9887,
	23.1925 23.9915,
	"/>
</Transform>

<Transform dim="0"
 xcoef=" 0 1 0 0 0 0"
 ycoef=" 0 0 1 0 0 0">
<Contour name="d38p13" hidden="false" closed="true" simplified="true" border="1 0 0" fill="1 0 0" mode="11"
 points="22.7672 23.622,
	22.7496 23.6044,
	22.7672 23.5868,
	22.7849 23.6044,
	"/>
</Transform>

<Transform dim="0"
 xcoef=" 0 1 0 0 0 0"
 ycoef=" 0 0 1 0 0 0">
<Contour name="d56p19" hidden="false" closed="true" simplified="true" border="1 0 0" fill="1 0 0" mode="11"
 points="24.149 22.9836,
	24.1328 22.9675,
	24.149 22.9513,
	24.1651 22.9675,
	"/>
</Transform>

<Transform dim="0"
 xcoef=" 0 1 0 0 0 0"
 ycoef=" 0 0 1 0 0 0">
<Contour name="d56p18" hidden="false" closed="true" simplified="true" border="1 0 0" fill="1 0 0" mode="11"
 points="23.3259 22.9269,
	23.3083 22.8946,
	23.3436 22.8946,
	"/>
</Transform>

<Transform dim="0"
 xcoef=" 0 1 0 0 0 0"
 ycoef=" 0 0 1 0 0 0">
<Contour name="d56sp19" hidden="false" closed="true" simplified="true" border="1 0 0" fill="1 0 0" mode="11"
 points="24.3281 22.9652,
	24.3101 22.9572,
	24.3034 22.9511,
	24.2954 22.946,
	24.291 22.9432,
	24.2904 22.9421,
	24.2893 22.9421,
	24.2875 22.9404,
	24.287 22.9393,
	24.2858 22.9393,
	24.2847 22.9381,
	24.2836 22.9381,
	24.2825 22.937,
	24.2825 22.9359,
	24.2747 22.9313,
	24.2577 22.919,
	24.2555 22.9184,
	24.2538 22.9162,
	24.2493 22.9134,
	24.2459 22.9106,
	24.2436 22.9094,
	24.2414 22.9072,
	24.2325 22.9021,
	24.2245 22.8971,
	24.2155 22.8909,
	24.2144 22.8909,
	24.2121 22.8891,
	24.211 22.888,
	24.2099 22.888,
	24.2088 22.8869,
	24.2077 22.8869,
	24.2031 22.8835,
	24.2009 22.883,
	24.197 22.8796,
	24.1885 22.8745,
	24.1879 22.8734,
	24.1868 22.8734,
	24.1784 22.8678,
	24.1739 22.8656,
	24.1722 22.8644,
	24.1716 22.8633,
	24.1677 22.8617,
	24.1666 22.8604,
	24.1655 22.8604,
	24.1649 22.8593,
	24.1627 22.8588,
	24.1621 22.8576,
	24.161 22.8576,
	24.1592 22.856,
	24.157 22.8554,
	24.1536 22.8521,
	24.1457 22.8475,
	24.1412 22.8447,
	24.1396 22.8436,
	24.1385 22.8436,
	24.1373 22.8425,
	24.1351 22.8419,
	24.1329 22.8402,
	24.1283 22.8385,
	24.1238 22.8358,
	24.1216 22.8352,
	24.1199 22.8335,
	24.1188 22.8335,
	24.1165 22.8317,
	24.1142 22.8312,
	24.1053 22.8256,
	24.0968 22.8222,
	24.0946 22.8206,
	24.0901 22.8188,
	24.0889 22.8188,
	24.0878 22.8177,
	24.0839 22.816,
	24.0816 22.8154,
	24.0794 22.8138,
	24.0783 22.8138,
	24.0772 22.8126,
	24.0681 22.8093,
	24.067 22.8093,
	24.0664 22.8082,
	24.062 22.8076,
	24.0607 22.8065,
	24.0585 22.8065,
	24.0574 22.8054,
	24.0529 22.8042,
	24.0507 22.8036,
	24.0496 22.8036,
	24.049 22.8025,
	24.04 22.7997,
	24.0377 22.798,
	24.0333 22.7963,
	24.0287 22.7958,
	24.0242 22.7935,
	24.0198 22.793,
	24.0192 22.7924,
	24.0192 22.7919,
	24.0214 22.7913,
	24.0226 22.7908,
	24.0226 22.7895,
	24.027 22.7873,
	24.0293 22.7867,
	24.0383 22.7817,
	24.0394 22.7806,
	24.0405 22.7806,
	24.0416 22.7795,
	24.0461 22.7778,
	24.0485 22.776,
	24.0529 22.7749,
	24.0568 22.7721,
	24.0614 22.771,
	24.0703 22.7665,
	24.0748 22.7637,
	24.076 22.7637,
	24.0799 22.7603,
	24.0822 22.7597,
	24.0861 22.7564,
	24.0883 22.7558,
	24.0907 22.7536,
	24.0951 22.7508,
	24.0974 22.7491,
	24.0979 22.7479,
	24.0996 22.7473,
	24.103 22.7445,
	24.112 22.7389,
	24.1142 22.7367,
	24.1227 22.7305,
	24.13 22.7232,
	24.1316 22.721,
	24.1329 22.7204,
	24.1329 22.7192,
	24.1345 22.7175,
	24.1357 22.7175,
	24.1418 22.7108,
	24.1497 22.7051,
	24.1677 22.6951,
	24.1699 22.6928,
	24.1722 22.6923,
	24.1727 22.6912,
	24.1744 22.6905,
	24.1767 22.6888,
	24.179 22.6883,
	24.1874 22.6827,
	24.1947 22.6776,
	24.1986 22.6742,
	24.1998 22.6725,
	24.2038 22.668,
	24.2077 22.6647,
	24.2077 22.6636,
	24.2144 22.6568,
	24.2155 22.6557,
	24.2155 22.6545,
	24.2166 22.6534,
	24.219 22.6529,
	24.219 22.6517,
	24.2206 22.6495,
	24.2217 22.6495,
	24.2229 22.6477,
	24.2273 22.6438,
	24.2312 22.641,
	24.2312 22.6399,
	24.2353 22.6366,
	24.2375 22.6342,
	24.2414 22.6314,
	24.2425 22.6314,
	24.2448 22.6298,
	24.2471 22.6298,
	24.256 22.6258,
	24.2606 22.6253,
	24.2695 22.6225,
	24.2875 22.619,
	24.3056 22.6174,
	24.3145 22.6179,
	24.3191 22.6196,
	24.323 22.6225,
	24.3292 22.6298,
	24.3303 22.6298,
	24.3371 22.6377,
	24.3404 22.6421,
	24.3421 22.6444,
	24.3461 22.6534,
	24.3489 22.6624,
	24.3495 22.6804,
	24.3495 22.6894,
	24.3495 22.6917,
	24.3484 22.6939,
	24.3484 22.6984,
	24.3467 22.7029,
	24.3467 22.7075,
	24.3456 22.7097,
	24.3456 22.7119,
	24.3404 22.7299,
	24.3393 22.731,
	24.3388 22.7356,
	24.3354 22.7445,
	24.3349 22.7468,
	24.3349 22.7479,
	24.3337 22.7491,
	24.3321 22.7536,
	24.3308 22.7547,
	24.3308 22.7569,
	24.3281 22.7608,
	24.3264 22.7654,
	24.3258 22.7676,
	24.3241 22.7699,
	24.3241 22.771,
	24.323 22.7721,
	24.3191 22.7806,
	24.3186 22.7828,
	24.3168 22.7851,
	24.3162 22.7873,
	24.3151 22.7884,
	24.3151 22.7908,
	24.3117 22.7997,
	24.3095 22.8177,
	24.3101 22.8537,
	24.3117 22.8897,
	24.3168 22.9078,
	24.3202 22.9167,
	24.3219 22.9258,
	24.323 22.9437,
	24.3247 22.9528,
	24.3275 22.9618,
	24.3286 22.964,
	"/>
</Transform>

<Transform dim="0"
 xcoef=" 0 1 0 0 0 0"
 ycoef=" 0 0 1 0 0 0">
<Contour name="d38p14" hidden="false" closed="true" simplified="true" border="1 0 0" fill="1 0 0" mode="11"
 points="21.5399 23.6525,
	21.5246 23.6246,
	21.5551 23.6246,
	"/>
</Transform>

<Transform dim="0"
 xcoef=" 0 1 0 0 0 0"
 ycoef=" 0 0 1 0 0 0">
<Contour name="d38sp14" hidden="false" closed="true" simplified="true" border="1 0 0" fill="1 0 0" mode="11"
 points="21.2092 23.8556,
	21.1955 23.8547,
	21.1818 23.8522,
	21.175 23.8513,
	21.1477 23.8437,
	21.134 23.8429,
	21.1067 23.8446,
	21.0998 23.8446,
	21.087 23.8394,
	21.0836 23.8377,
	21.0819 23.8351,
	21.0759 23.83,
	21.0742 23.8274,
	21.0725 23.8265,
	21.0716 23.8232,
	21.0665 23.8181,
	21.064 23.8147,
	21.0631 23.8112,
	21.0605 23.8086,
	21.0588 23.8078,
	21.058 23.8044,
	21.0529 23.7975,
	21.052 23.7941,
	21.0468 23.7882,
	21.046 23.7847,
	21.0417 23.7779,
	21.0392 23.771,
	21.0392 23.7676,
	21.0367 23.7608,
	21.0358 23.7472,
	21.0358 23.7463,
	21.0358 23.7455,
	21.0417 23.7318,
	21.046 23.7258,
	21.0486 23.719,
	21.0512 23.7156,
	21.052 23.7129,
	21.0571 23.7079,
	21.0588 23.7045,
	21.0613 23.7028,
	21.0674 23.6959,
	21.0733 23.6908,
	21.0785 23.6839,
	21.0861 23.6711,
	21.0904 23.6643,
	21.0922 23.6609,
	21.0939 23.6601,
	21.0947 23.6566,
	21.1015 23.6506,
	21.1084 23.6464,
	21.1221 23.6429,
	21.128 23.6412,
	21.1314 23.6353,
	21.134 23.6319,
	21.1459 23.6241,
	21.1596 23.6216,
	21.1665 23.6174,
	21.169 23.6157,
	21.1716 23.6122,
	21.1716 23.6105,
	21.1758 23.6054,
	21.1776 23.6037,
	21.1776 23.602,
	21.181 23.5993,
	21.1827 23.5985,
	21.1827 23.5968,
	21.1861 23.5943,
	21.1878 23.5943,
	21.1938 23.59,
	21.2075 23.5857,
	21.2212 23.5831,
	21.2485 23.5814,
	21.2622 23.5823,
	21.2758 23.5857,
	21.2792 23.5857,
	21.2809 23.5875,
	21.2946 23.59,
	21.3014 23.5909,
	21.3083 23.5934,
	21.3356 23.596,
	21.3493 23.596,
	21.3766 23.59,
	21.38 23.5883,
	21.3937 23.5857,
	21.4073 23.5806,
	21.4141 23.5763,
	21.4167 23.5755,
	21.4295 23.5635,
	21.4364 23.5566,
	21.4406 23.5515,
	21.4467 23.5456,
	21.4484 23.5421,
	21.4518 23.5396,
	21.4534 23.5362,
	21.4568 23.5328,
	21.4603 23.5268,
	21.4629 23.5234,
	21.4646 23.5242,
	21.4646 23.5379,
	21.4629 23.5515,
	21.4637 23.6062,
	21.4663 23.6199,
	21.4671 23.6267,
	21.4697 23.6336,
	21.4697 23.6353,
	21.4714 23.637,
	21.4731 23.6438,
	21.4765 23.6506,
	21.4774 23.654,
	21.4816 23.6601,
	21.4842 23.6626,
	21.485 23.666,
	21.4962 23.6797,
	21.5226 23.7019,
	21.5243 23.7019,
	21.5311 23.7079,
	21.5346 23.7087,
	21.5406 23.7138,
	21.544 23.7147,
	21.5456 23.7164,
	21.5491 23.7173,
	21.5525 23.7198,
	21.5542 23.7198,
	21.5679 23.7275,
	21.5696 23.7293,
	21.5713 23.7293,
	21.5748 23.7318,
	21.5782 23.7327,
	21.5918 23.7411,
	21.6183 23.7514,
	21.6148 23.7531,
	21.6098 23.7531,
	21.6089 23.7548,
	21.5952 23.7565,
	21.5679 23.754,
	21.5542 23.7514,
	21.5269 23.7514,
	21.5132 23.7531,
	21.4585 23.754,
	21.4449 23.7565,
	21.4381 23.7574,
	21.4244 23.7617,
	21.4227 23.7617,
	21.421 23.7634,
	21.4073 23.7693,
	21.4048 23.772,
	21.403 23.772,
	21.3971 23.7771,
	21.3945 23.7804,
	21.3911 23.7821,
	21.3851 23.7882,
	21.3826 23.7899,
	21.3826 23.7916,
	21.3706 23.8027,
	21.368 23.8052,
	21.3655 23.8061,
	21.3621 23.8095,
	21.3356 23.8257,
	21.3219 23.8317,
	21.2946 23.8411,
	21.2929 23.8411,
	21.2912 23.8429,
	21.2775 23.8471,
	21.2502 23.853,
	21.2433 23.853,
	21.2365 23.8547,
	"/>
</Transform>

<Transform dim="0"
 xcoef=" 0 1 0 0 0 0"
 ycoef=" 0 0 1 0 0 0">
<Contour name="d39c25" hidden="false" closed="true" simplified="true" border="0 0 1" fill="0 0 1" mode="11"
 points="11.6749 27.8411,
	11.6667 27.838,
	11.6627 27.837,
	11.6606 27.837,
	11.6566 27.8329,
	11.6515 27.8248,
	11.6515 27.8228,
	11.6494 27.8207,
	11.6464 27.7557,
	11.6464 27.7394,
	11.6464 27.7312,
	11.6464 27.7272,
	11.6464 27.7252,
	11.6464 27.7242,
	11.6504 27.6916,
	11.6536 27.6835,
	11.6546 27.6753,
	11.6566 27.6733,
	11.6617 27.657,
	11.6647 27.6489,
	11.6678 27.6448,
	11.6678 27.6428,
	11.6708 27.6388,
	11.6729 27.6306,
	11.6729 27.6286,
	11.6759 27.6245,
	11.6759 27.6204,
	11.6799 27.6123,
	11.6851 27.5971,
	11.6851 27.5929,
	11.6952 27.5604,
	11.6983 27.5524,
	11.6993 27.5442,
	11.7023 27.536,
	11.7033 27.5279,
	11.7084 27.5117,
	11.7115 27.5045,
	11.7115 27.5005,
	11.7156 27.4923,
	11.7156 27.4903,
	11.7226 27.4832,
	11.7308 27.4801,
	11.7471 27.4791,
	11.7552 27.4791,
	11.7633 27.4822,
	11.7715 27.4832,
	11.7796 27.4883,
	11.7837 27.4893,
	11.7857 27.4893,
	11.7867 27.4913,
	11.7908 27.4923,
	11.806 27.5055,
	11.8101 27.5096,
	11.8101 27.5137,
	11.8132 27.5218,
	11.8142 27.5544,
	11.8132 27.5706,
	11.807 27.6031,
	11.803 27.6194,
	11.802 27.6276,
	11.7969 27.6438,
	11.7938 27.652,
	11.7928 27.6601,
	11.7877 27.6763,
	11.7847 27.6845,
	11.7837 27.6926,
	11.7786 27.7089,
	11.7765 27.713,
	11.7755 27.7211,
	11.7705 27.7374,
	11.7674 27.7455,
	11.7663 27.7537,
	11.7643 27.7557,
	11.7643 27.7597,
	11.7593 27.776,
	11.7572 27.7801,
	11.7572 27.7841,
	11.7521 27.8004,
	11.74 27.8156,
	11.7258 27.8289,
	11.7236 27.8289,
	11.7156 27.8339,
	11.6993 27.8401,
	11.6831 27.8411,
	"/>
</Transform>

<Transform dim="0"
 xcoef=" 0 1 0 0 0 0"
 ycoef=" 0 0 1 0 0 0">
<Contour name="d28c19" hidden="false" closed="true" simplified="true" border="0 0 1" fill="0 0 1" mode="11"
 points="8.53108 23.6975,
	8.51186 23.6951,
	8.49263 23.6897,
	8.48783 23.6891,
	8.48663 23.6879,
	8.46741 23.6819,
	8.46501 23.6801,
	8.4602 23.6783,
	8.45059 23.6716,
	8.44819 23.6705,
	8.44698 23.6693,
	8.44218 23.6681,
	8.44098 23.6681,
	8.43978 23.6669,
	8.43016 23.6639,
	8.42596 23.6627,
	8.42536 23.6615,
	8.42295 23.6615,
	8.42115 23.6603,
	8.41995 23.6603,
	8.41936 23.6591,
	8.41454 23.6585,
	8.41335 23.6572,
	8.41215 23.6572,
	8.41094 23.656,
	8.40854 23.656,
	8.40613 23.6542,
	8.40374 23.6536,
	8.39953 23.6507,
	8.39713 23.6495,
	8.39592 23.6483,
	8.39472 23.6483,
	8.38571 23.6404,
	8.38091 23.6363,
	8.37971 23.6339,
	8.3755 23.629,
	8.37009 23.6195,
	8.3683 23.6146,
	8.36709 23.6122,
	8.3665 23.593,
	8.3665 23.5882,
	8.3665 23.5857,
	8.3665 23.5852,
	8.3713 23.566,
	8.3749 23.5563,
	8.3749 23.5539,
	8.3761 23.5527,
	8.3761 23.5515,
	8.37791 23.5498,
	8.37791 23.5486,
	8.38271 23.5456,
	8.38512 23.5456,
	8.38992 23.5437,
	8.40915 23.5431,
	8.41875 23.5437,
	8.42356 23.5444,
	8.42596 23.5456,
	8.44518 23.5492,
	8.4644 23.5539,
	8.46921 23.5557,
	8.47401 23.5563,
	8.47642 23.5575,
	8.47883 23.5575,
	8.48002 23.5588,
	8.48483 23.5594,
	8.48723 23.56,
	8.48843 23.5612,
	8.49084 23.5612,
	8.49564 23.563,
	8.50045 23.5636,
	8.50165 23.5648,
	8.51126 23.5672,
	8.52087 23.5707,
	8.52568 23.5726,
	8.52687 23.5726,
	8.52928 23.5744,
	8.53169 23.5744,
	8.5509 23.581,
	8.55571 23.5828,
	8.55692 23.5828,
	8.55751 23.584,
	8.56232 23.5846,
	8.60076 23.5984,
	8.60257 23.6002,
	8.60376 23.6002,
	8.60797 23.6044,
	8.61098 23.6086,
	8.61398 23.6183,
	8.61518 23.6206,
	8.61638 23.6398,
	8.61578 23.6591,
	8.61398 23.6639,
	8.61338 23.6663,
	8.60557 23.6753,
	8.60376 23.6771,
	8.60257 23.6771,
	8.60137 23.6795,
	8.60016 23.6795,
	8.59836 23.6819,
	8.58995 23.6874,
	8.58755 23.6885,
	8.58634 23.6897,
	8.57674 23.6933,
	8.57193 23.6951,
	8.56232 23.6963,
	8.55992 23.6975,
	"/>
</Transform>

<Transform dim="0"
 xcoef=" 0 1 0 0 0 0"
 ycoef=" 0 0 1 0 0 0">
<Contour name="d56sp18" hidden="false" closed="true" simplified="true" border="1 0 0" fill="1 0 0" mode="11"
 points="23.1335 22.9394,
	23.1326 22.936,
	23.1335 22.9325,
	23.1309 22.9187,
	23.1309 22.905,
	23.1266 22.8774,
	23.1205 22.8636,
	23.1188 22.8601,
	23.1188 22.8584,
	23.1163 22.8558,
	23.1137 22.8498,
	23.1094 22.8437,
	23.1094 22.842,
	23.0982 22.8282,
	23.0965 22.8248,
	23.0947 22.8239,
	23.0947 22.8222,
	23.0921 22.8197,
	23.0912 22.8161,
	23.0887 22.8136,
	23.0887 22.8119,
	23.0861 22.8084,
	23.0853 22.8049,
	23.0853 22.8032,
	23.0835 22.8015,
	23.0835 22.7981,
	23.0818 22.7964,
	23.0818 22.7929,
	23.08 22.7894,
	23.0766 22.7618,
	23.0757 22.748,
	23.0757 22.7446,
	23.0757 22.7429,
	23.0757 22.742,
	23.0792 22.7283,
	23.0792 22.7248,
	23.0844 22.711,
	23.0956 22.6559,
	23.099 22.6421,
	23.1008 22.6412,
	23.105 22.6274,
	23.1059 22.624,
	23.1085 22.6206,
	23.1094 22.6171,
	23.112 22.6145,
	23.1146 22.6077,
	23.1154 22.6007,
	23.1171 22.5973,
	23.118 22.5903,
	23.1205 22.5835,
	23.1231 22.5697,
	23.1275 22.5559,
	23.1275 22.5525,
	23.1335 22.5387,
	23.136 22.5318,
	23.1379 22.5309,
	23.1379 22.5292,
	23.1396 22.5283,
	23.1404 22.5249,
	23.1525 22.5128,
	23.1585 22.5077,
	23.1619 22.5068,
	23.1636 22.5068,
	23.1706 22.5025,
	23.1774 22.5008,
	23.1809 22.5008,
	23.1835 22.4982,
	23.1869 22.4982,
	23.1886 22.4965,
	23.2024 22.4904,
	23.2094 22.4887,
	23.2369 22.4887,
	23.2507 22.4912,
	23.2576 22.4939,
	23.2644 22.4948,
	23.292 22.5042,
	23.3058 22.5086,
	23.3128 22.512,
	23.3162 22.5137,
	23.3223 22.5206,
	23.3283 22.5258,
	23.3283 22.5275,
	23.3378 22.5396,
	23.3403 22.5421,
	23.3412 22.5455,
	23.3463 22.5525,
	23.3463 22.5542,
	23.3507 22.5611,
	23.3524 22.568,
	23.3533 22.5714,
	23.3533 22.5731,
	23.355 22.5748,
	23.3558 22.5886,
	23.3558 22.5956,
	23.3584 22.6024,
	23.3593 22.6059,
	23.3696 22.6188,
	23.3782 22.6309,
	23.3826 22.637,
	23.3947 22.6481,
	23.4006 22.6542,
	23.4024 22.6576,
	23.4058 22.6593,
	23.4066 22.6627,
	23.411 22.6688,
	23.4127 22.6722,
	23.4136 22.6792,
	23.4136 22.6809,
	23.4153 22.6826,
	23.4196 22.6964,
	23.4213 22.6998,
	23.4231 22.7015,
	23.4239 22.705,
	23.4282 22.7119,
	23.4299 22.7119,
	23.4342 22.7179,
	23.4463 22.7291,
	23.4524 22.7334,
	23.4541 22.7352,
	23.4532 22.7369,
	23.4257 22.7378,
	23.4187 22.7378,
	23.4049 22.742,
	23.3981 22.7438,
	23.3964 22.7438,
	23.3894 22.748,
	23.3756 22.7533,
	23.3688 22.7558,
	23.3671 22.7558,
	23.3654 22.7576,
	23.3584 22.7584,
	23.3576 22.7601,
	23.3541 22.7601,
	23.3266 22.7696,
	23.3196 22.7731,
	23.3128 22.7748,
	23.3111 22.7748,
	23.3075 22.7774,
	23.2938 22.7817,
	23.2869 22.786,
	23.28 22.7877,
	23.2791 22.7894,
	23.2722 22.7921,
	23.2688 22.7929,
	23.2671 22.7929,
	23.2636 22.7955,
	23.2619 22.7955,
	23.2585 22.7981,
	23.2309 22.8101,
	23.2274 22.811,
	23.2249 22.8136,
	23.2232 22.8136,
	23.2214 22.8153,
	23.2145 22.8179,
	23.2016 22.8265,
	23.1895 22.8369,
	23.1878 22.8394,
	23.1844 22.8412,
	23.1827 22.8446,
	23.1818 22.8463,
	23.18 22.8463,
	23.1774 22.8498,
	23.1766 22.8532,
	23.1748 22.8549,
	23.1748 22.8567,
	23.1723 22.8592,
	23.1663 22.873,
	23.1645 22.88,
	23.1619 22.8834,
	23.1611 22.8868,
	23.1593 22.8885,
	23.1593 22.8903,
	23.1438 22.917,
	23.1379 22.9307,
	23.1343 22.9377,
	"/>
</Transform>

<Transform dim="0"
 xcoef=" 0 1 0 0 0 0"
 ycoef=" 0 0 1 0 0 0">
<Contour name="d63sp28" hidden="false" closed="true" simplified="true" border="1 0 0" fill="1 0 0" mode="11"
 points="19.9307 28.2271,
	19.919 28.2263,
	19.9132 28.2227,
	19.9118 28.2227,
	19.9102 28.2213,
	19.9073 28.2205,
	19.9044 28.2176,
	19.903 28.2176,
	19.9023 28.2161,
	19.8994 28.2154,
	19.8884 28.2067,
	19.8833 28.203,
	19.8796 28.2001,
	19.8782 28.2001,
	19.8775 28.1986,
	19.876 28.1986,
	19.8738 28.1957,
	19.8724 28.1957,
	19.8629 28.1855,
	19.8564 28.1753,
	19.8549 28.1738,
	19.8549 28.171,
	19.8527 28.1681,
	19.8505 28.1622,
	19.8498 28.1564,
	19.8498 28.1542,
	19.8498 28.1535,
	19.8549 28.1418,
	19.8557 28.1389,
	19.86 28.133,
	19.86 28.1316,
	19.8695 28.1207,
	19.8717 28.1177,
	19.8746 28.1163,
	19.8796 28.1112,
	19.8811 28.1083,
	19.8906 28.1003,
	19.8913 28.0974,
	19.8942 28.0952,
	19.8972 28.0893,
	19.8972 28.0879,
	19.8986 28.0872,
	19.8986 28.0857,
	19.9001 28.0843,
	19.9052 28.0726,
	19.9059 28.0697,
	19.9059 28.0683,
	19.908 28.0654,
	19.908 28.0639,
	19.9102 28.0609,
	19.9139 28.0492,
	19.9161 28.0377,
	19.9154 27.991,
	19.9154 27.9677,
	19.9147 27.9561,
	19.9147 27.9503,
	19.9102 27.9269,
	19.9008 27.9036,
	19.9008 27.9007,
	19.8994 27.8978,
	19.8972 27.8861,
	19.8964 27.8744,
	19.8986 27.8628,
	19.9001 27.857,
	19.9001 27.8336,
	19.8964 27.822,
	19.8942 27.8162,
	19.8906 27.8104,
	19.8855 27.7987,
	19.8848 27.7958,
	19.8833 27.7944,
	19.8796 27.7827,
	19.8717 27.7717,
	19.8665 27.7601,
	19.8629 27.7484,
	19.8607 27.7426,
	19.8586 27.7309,
	19.8564 27.7251,
	19.8549 27.7221,
	19.8519 27.6989,
	19.8519 27.6872,
	19.8549 27.6755,
	19.8549 27.6727,
	19.86 27.661,
	19.8607 27.6581,
	19.8622 27.6566,
	19.8622 27.6552,
	19.8643 27.6523,
	19.8651 27.6493,
	19.8672 27.6471,
	19.868 27.6442,
	19.8717 27.6392,
	19.8811 27.629,
	19.8862 27.6239,
	19.8891 27.6223,
	19.8913 27.6194,
	19.9023 27.6122,
	19.9125 27.6034,
	19.9183 27.6005,
	19.9212 27.5998,
	19.9219 27.5984,
	19.9336 27.5955,
	19.9452 27.5948,
	19.9481 27.5948,
	19.9591 27.6042,
	19.9634 27.6093,
	19.9641 27.6122,
	19.9686 27.6173,
	19.9715 27.6232,
	19.9729 27.6239,
	19.9736 27.6297,
	19.9773 27.6414,
	19.978 27.653,
	19.978 27.6588,
	19.9744 27.6822,
	19.9744 27.7054,
	19.9744 27.7171,
	19.9839 27.7637,
	19.9839 27.7667,
	19.9889 27.7782,
	19.9911 27.7841,
	19.9933 27.7856,
	19.997 27.7906,
	20.0071 27.7987,
	20.0093 27.8016,
	20.0123 27.803,
	20.0181 27.8082,
	20.0202 27.8104,
	20.021 27.8118,
	20.0224 27.8118,
	20.0283 27.8169,
	20.0298 27.8198,
	20.0348 27.8249,
	20.0393 27.8278,
	20.04 27.8307,
	20.0429 27.8336,
	20.0465 27.8381,
	20.0516 27.8424,
	20.0545 27.8453,
	20.056 27.8475,
	20.0654 27.8563,
	20.0749 27.8635,
	20.0945 27.8832,
	20.0997 27.8883,
	20.1055 27.8919,
	20.1164 27.8963,
	20.1398 27.9007,
	20.1514 27.9021,
	20.1544 27.9036,
	20.1659 27.9057,
	20.1893 27.9138,
	20.1922 27.9138,
	20.1936 27.9152,
	20.2053 27.9189,
	20.217 27.924,
	20.2227 27.9269,
	20.225 27.9291,
	20.2279 27.9298,
	20.2381 27.9393,
	20.2439 27.9444,
	20.2592 27.9648,
	20.2621 27.9677,
	20.2657 27.9728,
	20.2752 27.983,
	20.2752 27.9845,
	20.2781 27.9866,
	20.2818 27.9924,
	20.2818 27.994,
	20.284 27.9969,
	20.2855 28.0201,
	20.2876 28.026,
	20.2884 28.0289,
	20.2905 28.0318,
	20.2912 28.0347,
	20.2941 28.037,
	20.295 28.0398,
	20.2979 28.0427,
	20.3029 28.0544,
	20.3051 28.0602,
	20.3051 28.0719,
	20.3051 28.0777,
	20.2979 28.101,
	20.2941 28.1069,
	20.2884 28.112,
	20.2826 28.1141,
	20.2796 28.1156,
	20.2563 28.1163,
	20.2447 28.1141,
	20.2432 28.1141,
	20.2425 28.1127,
	20.2396 28.1127,
	20.2337 28.1105,
	20.222 28.1091,
	20.2105 28.1061,
	20.1988 28.1053,
	20.1754 28.1098,
	20.1638 28.1141,
	20.158 28.1149,
	20.1463 28.1192,
	20.1405 28.1199,
	20.1288 28.1244,
	20.1172 28.1316,
	20.115 28.1345,
	20.1099 28.1368,
	20.0982 28.1447,
	20.0873 28.1513,
	20.0844 28.1542,
	20.0792 28.1564,
	20.0574 28.1702,
	20.0516 28.1738,
	20.0501 28.1753,
	20.0487 28.1753,
	20.0472 28.1767,
	20.0458 28.1767,
	20.0421 28.1805,
	20.0393 28.1812,
	20.0363 28.1834,
	20.0348 28.1834,
	20.0319 28.1855,
	20.0202 28.1899,
	20.0145 28.1921,
	20.013 28.1921,
	20.0116 28.1936,
	20.0057 28.1957,
	20.0028 28.1957,
	19.997 28.1986,
	19.994 28.1994,
	19.9926 28.2008,
	19.9897 28.2008,
	19.9882 28.2023,
	19.9765 28.206,
	19.9751 28.206,
	19.9722 28.2081,
	19.9708 28.2081,
	19.9686 28.2103,
	19.9656 28.211,
	19.9598 28.2147,
	19.9584 28.2147,
	19.9569 28.2161,
	19.951 28.2183,
	19.9481 28.2197,
	19.9474 28.2213,
	19.9445 28.222,
	19.9431 28.222,
	19.9423 28.2234,
	"/>
</Transform>

<Transform dim="0"
 xcoef=" 0 1 0 0 0 0"
 ycoef=" 0 0 1 0 0 0">
<Contour name="d28sp21" hidden="false" closed="true" simplified="true" border="1 0 0" fill="1 0 0" mode="11"
 points="6.36677 24.5279,
	6.33171 24.5274,
	6.32295 24.5269,
	6.30541 24.5219,
	6.30158 24.5202,
	6.30049 24.5202,
	6.29829 24.5186,
	6.29008 24.5148,
	6.28789 24.5132,
	6.28679 24.5132,
	6.2857 24.5121,
	6.2846 24.5121,
	6.28405 24.511,
	6.28186 24.511,
	6.27967 24.5098,
	6.27858 24.5087,
	6.27638 24.5082,
	6.27419 24.5065,
	6.272 24.506,
	6.26981 24.5038,
	6.26872 24.5038,
	6.26488 24.5,
	6.26268 24.4978,
	6.2605 24.4939,
	6.2594 24.4934,
	6.25886 24.4912,
	6.25392 24.483,
	6.25118 24.4748,
	6.24954 24.466,
	6.24954 24.4573,
	6.24954 24.4528,
	6.24954 24.4523,
	6.25064 24.4479,
	6.25064 24.4458,
	6.25064 24.4447,
	6.25228 24.4425,
	6.25338 24.438,
	6.25556 24.4342,
	6.2616 24.4261,
	6.26872 24.4195,
	6.272 24.4167,
	6.27474 24.4129,
	6.27693 24.4113,
	6.27748 24.4101,
	6.27858 24.4101,
	6.28515 24.403,
	6.28624 24.4025,
	6.28624 24.4014,
	6.29391 24.3953,
	6.29555 24.3937,
	6.29665 24.3937,
	6.29775 24.3921,
	6.30541 24.3866,
	6.30925 24.3839,
	6.31035 24.3839,
	6.31801 24.3778,
	6.32021 24.3762,
	6.3213 24.3762,
	6.33007 24.3713,
	6.33445 24.3697,
	6.33883 24.3697,
	6.34321 24.3707,
	6.34431 24.3718,
	6.35307 24.3746,
	6.35526 24.3767,
	6.36348 24.3805,
	6.36457 24.3816,
	6.36677 24.3816,
	6.36896 24.3828,
	6.3695 24.3839,
	6.3717 24.3839,
	6.37279 24.385,
	6.38156 24.3872,
	6.38375 24.3872,
	6.38594 24.3882,
	6.3947 24.3888,
	6.39908 24.3888,
	6.40346 24.3899,
	6.40784 24.3921,
	6.41388 24.3998,
	6.41552 24.4014,
	6.41552 24.4025,
	6.41771 24.4047,
	6.4188 24.4068,
	6.4188 24.4079,
	6.42154 24.4113,
	6.42264 24.4135,
	6.42264 24.4146,
	6.42538 24.4184,
	6.42648 24.4205,
	6.42757 24.4216,
	6.42757 24.4238,
	6.42922 24.4261,
	6.43579 24.4436,
	6.43743 24.4523,
	6.43852 24.4546,
	6.43907 24.4633,
	6.43907 24.4676,
	6.43907 24.4699,
	6.43634 24.4786,
	6.43469 24.483,
	6.43414 24.4852,
	6.4325 24.4874,
	6.43195 24.4896,
	6.43031 24.4918,
	6.42976 24.4934,
	6.42648 24.4978,
	6.42428 24.5016,
	6.41771 24.5098,
	6.41662 24.5115,
	6.41278 24.5153,
	6.41004 24.5181,
	6.4084 24.5186,
	6.4062 24.5202,
	6.39744 24.523,
	6.39306 24.5246,
	6.38868 24.5252,
	6.3843 24.5269,
	"/>
</Transform>

<Transform dim="0"
 xcoef=" 0 1 0 0 0 0"
 ycoef=" 0 0 1 0 0 0">
<Contour name="d63c28" hidden="false" closed="true" simplified="true" border="0 0 1" fill="0 0 1" mode="11"
 points="20.0329 28.2142,
	20.0281 28.2124,
	20.0197 28.2064,
	20.0155 28.2033,
	20.0155 28.2021,
	20.0077 28.1938,
	20.0047 28.1889,
	20.0029 28.1866,
	19.9994 28.1769,
	19.9982 28.1674,
	19.9982 28.1481,
	19.9982 28.1386,
	19.9982 28.138,
	19.9994 28.1284,
	20.0005 28.1236,
	20.0029 28.1188,
	20.0035 28.1164,
	20.0065 28.1116,
	20.0089 28.1092,
	20.0101 28.1074,
	20.0126 28.1062,
	20.0131 28.105,
	20.0143 28.105,
	20.0161 28.1026,
	20.0258 28.0984,
	20.0353 28.0954,
	20.0365 28.0954,
	20.0377 28.0942,
	20.0425 28.0942,
	20.0449 28.0937,
	20.0461 28.0925,
	20.0473 28.0925,
	20.0491 28.0906,
	20.0539 28.0888,
	20.0587 28.0858,
	20.0635 28.084,
	20.0659 28.084,
	20.067 28.0828,
	20.0719 28.0816,
	20.0743 28.0816,
	20.0767 28.0804,
	20.0791 28.0804,
	20.0887 28.0774,
	20.0983 28.0756,
	20.1175 28.069,
	20.1199 28.069,
	20.1216 28.0672,
	20.1409 28.0643,
	20.1601 28.0624,
	20.1697 28.0636,
	20.1745 28.0655,
	20.1756 28.0655,
	20.1768 28.0667,
	20.181 28.0684,
	20.1835 28.069,
	20.1877 28.0726,
	20.193 28.0816,
	20.1961 28.0912,
	20.1979 28.1008,
	20.1991 28.102,
	20.2009 28.1116,
	20.2009 28.1212,
	20.2009 28.1236,
	20.2009 28.1248,
	20.1997 28.1254,
	20.1979 28.1302,
	20.1973 28.1326,
	20.1936 28.1374,
	20.1924 28.1392,
	20.1877 28.1422,
	20.1829 28.1464,
	20.1786 28.1494,
	20.1762 28.1506,
	20.175 28.1524,
	20.1666 28.159,
	20.1636 28.1608,
	20.1636 28.1619,
	20.1553 28.1686,
	20.1516 28.1722,
	20.1498 28.1734,
	20.1492 28.1746,
	20.1469 28.1751,
	20.1445 28.1775,
	20.1354 28.1824,
	20.1307 28.1842,
	20.1295 28.1854,
	20.1271 28.186,
	20.1253 28.1878,
	20.1228 28.1878,
	20.1205 28.1895,
	20.1181 28.1901,
	20.1157 28.192,
	20.1133 28.192,
	20.1084 28.195,
	20.1037 28.1962,
	20.0989 28.1992,
	20.0797 28.2064,
	20.0785 28.2076,
	20.0689 28.21,
	20.0641 28.2118,
	20.0449 28.2142,
	"/>
</Transform>

<Transform dim="0"
 xcoef=" 0 1 0 0 0 0"
 ycoef=" 0 0 1 0 0 0">
<Contour name="d39sp29" hidden="false" closed="true" simplified="true" border="1 0 0" fill="1 0 0" mode="11"
 points="9.62671 28.4761,
	9.60314 28.4709,
	9.60019 28.4709,
	9.58913 28.4657,
	9.57734 28.4591,
	9.57218 28.4561,
	9.56702 28.4517,
	9.5626 28.4458,
	9.55965 28.4429,
	9.55596 28.4385,
	9.55523 28.4355,
	9.55081 28.4311,
	9.54639 28.4201,
	9.54492 28.4185,
	9.54197 28.4068,
	9.5405 28.395,
	9.5405 28.3921,
	9.5405 28.3913,
	9.5405 28.3905,
	9.5427 28.3847,
	9.54492 28.3728,
	9.54639 28.367,
	9.54639 28.3655,
	9.55007 28.3596,
	9.56039 28.3515,
	9.57218 28.3478,
	9.57808 28.3478,
	9.58987 28.3456,
	9.60461 28.3456,
	9.60756 28.3478,
	9.61345 28.3486,
	9.61492 28.3501,
	9.62082 28.3515,
	9.62377 28.3537,
	9.62671 28.3545,
	9.62966 28.3574,
	9.64146 28.3648,
	9.64366 28.367,
	9.64514 28.367,
	9.65619 28.3766,
	9.66651 28.3839,
	9.67609 28.3943,
	9.67978 28.4061,
	9.68198 28.4119,
	9.68125 28.4237,
	9.67756 28.4355,
	9.67609 28.437,
	9.67535 28.4399,
	9.67314 28.4429,
	9.6724 28.4458,
	9.66503 28.4576,
	9.66136 28.4628,
	9.65619 28.4679,
	9.65325 28.4709,
	9.64735 28.4738,
	9.6444 28.4738,
	9.6385 28.4761,
	"/>
</Transform>

<Transform dim="0"
 xcoef=" 0 1 0 0 0 0"
 ycoef=" 0 0 1 0 0 0">
<Contour name="d56c19" hidden="false" closed="true" simplified="true" border="0 0 1" fill="0 0 1" mode="11"
 points="24.2976 22.8795,
	24.2931 22.8784,
	24.2909 22.8778,
	24.2897 22.8778,
	24.2885 22.8767,
	24.2863 22.8767,
	24.2818 22.8738,
	24.2784 22.8693,
	24.2767 22.867,
	24.275 22.8625,
	24.2745 22.8602,
	24.2745 22.8591,
	24.2732 22.8579,
	24.2721 22.8489,
	24.2721 22.8399,
	24.2721 22.8393,
	24.2721 22.8387,
	24.275 22.8206,
	24.2767 22.8161,
	24.2784 22.8071,
	24.2795 22.8059,
	24.2795 22.8047,
	24.2835 22.8008,
	24.3015 22.8002,
	24.3106 22.8008,
	24.3197 22.8025,
	24.3242 22.8042,
	24.3281 22.8082,
	24.3322 22.8172,
	24.3333 22.8263,
	24.3339 22.8625,
	24.3333 22.8715,
	24.3304 22.8743,
	24.3293 22.8743,
	24.327 22.8761,
	24.3225 22.8767,
	24.3203 22.8778,
	24.3021 22.8789,
	"/>
</Transform>

<Transform dim="0"
 xcoef=" 0 1 0 0 0 0"
 ycoef=" 0 0 1 0 0 0">
<Contour name="d38san14" hidden="false" closed="true" simplified="true" border="1 0 0" fill="1 0 0" mode="11"
 points="21.4042 23.7118,
	21.4042 23.699,
	21.3914 23.699,
	21.3914 23.6862,
	21.4042 23.6862,
	21.4042 23.6735,
	21.4169 23.6735,
	21.4169 23.6862,
	21.4297 23.6862,
	21.4297 23.699,
	21.4169 23.699,
	21.4169 23.7118,
	"/>
</Transform>

<Transform dim="0"
 xcoef=" 0 1 0 0 0 0"
 ycoef=" 0 0 1 0 0 0">
<Contour name="mito08" hidden="false" closed="false" simplified="true" border="1 0 0" fill="1 0 0" mode="11"
 points="22.4873 19.0945,
	22.3462 18.878,
	"/>
</Transform>

<Transform dim="0"
 xcoef=" 0 1 0 0 0 0"
 ycoef=" 0 0 1 0 0 0">
<Contour name="d39cfa25" hidden="false" closed="false" simplified="true" border="0 1 0" fill="1 0 0" mode="11"
 points="11.7469 27.489,
	11.7408 27.5195,
	11.7367 27.5449,
	11.7306 27.5784,
	11.7224 27.612,
	11.7143 27.6425,
	11.7031 27.6842,
	11.6909 27.7279,
	11.6777 27.7716,
	11.6676 27.8326,
	"/>
</Transform>

<Transform dim="0"
 xcoef=" 0 1 0 0 0 0"
 ycoef=" 0 0 1 0 0 0">
<Contour name="d28cfa19" hidden="false" closed="false" simplified="true" border="0 1 0" fill="1 0 0" mode="11"
 points="8.60717 23.6662,
	8.56914 23.6611,
	8.52605 23.6501,
	8.4593 23.6273,
	8.36719 23.6011,
	"/>
</Transform>

<Transform dim="0"
 xcoef=" 0 1 0 0 0 0"
 ycoef=" 0 0 1 0 0 0">
<Contour name="d63cfa28" hidden="false" closed="false" simplified="true" border="0 1 0" fill="1 0 0" mode="11"
 points="20.1878 28.0897,
	20.1834 28.0902,
	20.168 28.0931,
	20.1476 28.0965,
	20.1229 28.1004,
	20.1016 28.1091,
	20.0735 28.1255,
	20.0445 28.1468,
	20.0096 28.173,
	"/>
</Transform>

<Transform dim="0"
 xcoef=" 0 1 0 0 0 0"
 ycoef=" 0 0 1 0 0 0">
<Contour name="d56cfa19" hidden="false" closed="false" simplified="true" border="1 0 0" fill="1 0 0" mode="11"
 points="24.2983 22.8009,
	24.2961 22.8084,
	24.2978 22.8757,
	"/>
</Transform>

<Transform dim="0"
 xcoef=" 0 1 0 0 0 0"
 ycoef=" 0 0 1 0 0 0">
<Contour name="d28rh19" hidden="false" closed="true" simplified="false" border="0 0 1" fill="1 0 1" mode="11"
 points="8.40701 23.7246,
	8.40701 23.7216,
	8.40998 23.7186,
	8.41296 23.7186,
	8.41594 23.7216,
	8.41594 23.7246,
	8.41296 23.7275,
	8.40998 23.7275,
	"/>
<Contour name="d28rh19" hidden="false" closed="true" simplified="false" border="0 0 1" fill="1 0 1" mode="11"
 points="8.33185 23.7335,
	8.33185 23.7305,
	8.33482 23.7275,
	8.3378 23.7275,
	8.34078 23.7305,
	8.34078 23.7335,
	8.3378 23.7365,
	8.33482 23.7365,
	"/>
</Transform>

<Transform dim="0"
 xcoef=" 0 1 0 0 0 0"
 ycoef=" 0 0 1 0 0 0">
<Contour name="d39rs07" hidden="false" closed="true" simplified="false" border="0 0 1" fill="1 0 1" mode="11"
 points="10.6385 28.24,
	10.6385 28.2365,
	10.642 28.233,
	10.6455 28.233,
	10.649 28.2365,
	10.649 28.24,
	10.6455 28.2435,
	10.642 28.2435,
	"/>
<Contour name="d39rs07" hidden="false" closed="true" simplified="false" border="0 0 1" fill="1 0 1" mode="11"
 points="10.6184 28.2663,
	10.6184 28.2628,
	10.6219 28.2593,
	10.6254 28.2593,
	10.6289 28.2628,
	10.6289 28.2663,
	10.6254 28.2698,
	10.6219 28.2698,
	"/>
<Contour name="d39rs07" hidden="false" closed="true" simplified="false" border="0 0 1" fill="1 0 1" mode="11"
 points="10.5711 28.268,
	10.5711 28.2645,
	10.5746 28.261,
	10.5781 28.261,
	10.5816 28.2645,
	10.5816 28.268,
	10.5781 28.2715,
	10.5746 28.2715,
	"/>
</Transform>

<Transform dim="0"
 xcoef=" 0 1 0 0 0 0"
 ycoef=" 0 0 1 0 0 0">
<Contour name="mito08_php2016" hidden="false" closed="false" simplified="true" border="1 0.501961 0.25098" fill="1 0 0" mode="11"
 points="22.3271 18.8926,
	22.4478 19.1082,
	"/>
</Transform>

<Transform dim="0"
 xcoef=" 0 1 0 0 0 0"
 ycoef=" 0 0 1 0 0 0">
<Contour name="d63" comment="dch_traced_06.2019" hidden="false" closed="true" simplified="true" border="1 1 0" fill="1 1 0" mode="11"
 points="19.2637 26.7832,
	19.2731 26.7618,
	19.3065 26.7189,
	19.3427 26.6761,
	19.3855 26.648,
	19.4069 26.636,
	19.4497 26.6065,
	19.4925 26.5744,
	19.5139 26.565,
	19.5354 26.553,
	19.5461 26.5476,
	19.5487 26.5476,
	19.5916 26.5209,
	19.6023 26.5128,
	19.613 26.5021,
	19.6277 26.4807,
	19.6344 26.47,
	19.6531 26.4513,
	19.6625 26.4433,
	19.7053 26.4259,
	19.791 26.3964,
	19.8124 26.3857,
	19.8231 26.379,
	19.8445 26.371,
	19.8659 26.367,
	19.8873 26.3603,
	19.9301 26.3576,
	19.9515 26.3616,
	19.9944 26.379,
	19.997 26.379,
	19.9997 26.3817,
	20.0425 26.4004,
	20.064 26.4098,
	20.0854 26.4165,
	20.1068 26.4205,
	20.1496 26.4406,
	20.171 26.454,
	20.1924 26.47,
	20.2125 26.4821,
	20.2178 26.4847,
	20.2205 26.4874,
	20.2633 26.5035,
	20.2741 26.5102,
	20.2955 26.5182,
	20.3062 26.5209,
	20.3169 26.5276,
	20.3262 26.5369,
	20.3383 26.5583,
	20.349 26.6012,
	20.3557 26.6868,
	20.3597 26.7082,
	20.3717 26.751,
	20.3758 26.7725,
	20.3744 26.7939,
	20.3717 26.8046,
	20.361 26.826,
	20.3584 26.8313,
	20.3584 26.834,
	20.3517 26.8447,
	20.3517 26.8554,
	20.361 26.8768,
	20.3664 26.8875,
	20.3651 26.8982,
	20.3651 26.9036,
	20.357 26.925,
	20.3543 26.9304,
	20.357 26.9518,
	20.361 26.9625,
	20.361 26.9839,
	20.3584 26.9946,
	20.3356 27.0374,
	20.3289 27.0481,
	20.3088 27.0695,
	20.2901 27.0856,
	20.2473 27.1137,
	20.2259 27.1338,
	20.2125 27.1552,
	20.1938 27.198,
	20.1871 27.2087,
	20.1697 27.2301,
	20.159 27.2408,
	20.1483 27.2475,
	20.1054 27.2556,
	20.084 27.2596,
	20.0787 27.2609,
	20.0573 27.2743,
	20.0359 27.2823,
	20.0251 27.285,
	20.0144 27.285,
	20.0091 27.2877,
	19.9877 27.2903,
	19.9663 27.2903,
	19.9449 27.2877,
	19.9341 27.2863,
	19.9127 27.277,
	19.902 27.2703,
	19.8913 27.2609,
	19.8873 27.2582,
	19.8686 27.2382,
	19.8257 27.202,
	19.815 27.194,
	19.7722 27.1739,
	19.7615 27.1712,
	19.7521 27.1659,
	19.7307 27.1619,
	19.6879 27.1485,
	19.6665 27.1391,
	19.6237 27.1137,
	19.613 27.1057,
	19.5929 27.0856,
	19.5835 27.0749,
	19.5688 27.0535,
	19.5621 27.0428,
	19.5528 27.0321,
	19.5407 27.0107,
	19.5354 27,
	19.526 26.9892,
	19.4965 26.9464,
	19.4792 26.925,
	19.4591 26.9063,
	19.4484 26.8969,
	19.4069 26.8688,
	19.3641 26.8514,
	19.3534 26.8501,
	19.348 26.8474,
	19.3052 26.8447,
	19.2998 26.8434,
	19.2784 26.8287,
	19.2704 26.818,
	19.2664 26.8126,
	19.2637 26.8019,
	19.2637 26.7912,
	19.2637 26.7858,
	19.2637 26.7845,
	"/>
</Transform>

</Section>