<?xml version="1.0"?>
<!DOCTYPE Section SYSTEM "section.dtd">

<Section index="195" thickness="0.048" alignLocked="true">
<Transform dim="0"
 xcoef=" 0 1 0 0 0 0"
 ycoef=" 0 0 1 0 0 0">
<Image mag="0.002063" contrast="1.69071" brightness="-0.195" red="true" green="true" blue="true"
 src="196____z9.945.jpg" />
<Contour name="domain1" hidden="false" closed="true" simplified="false" border="1 0 1" fill="1 0 1" mode="11"
 points="0 0,
	17236 0,
	17236 17077,
	0 17077,
	"/>
</Transform>

<Transform dim="0"
 xcoef=" 0 1 0 0 0 0"
 ycoef=" 0 0 1 0 0 0">
<Contour name="D39" hidden="false" closed="true" simplified="true" border="0 0 1" fill="0 0 1" mode="11"
 points="10.6035 28.0008,
	10.5522 27.9928,
	10.5058 27.9691,
	10.4691 27.9323,
	10.4374 27.8346,
	10.4455 27.7834,
	10.4691 27.7371,
	10.5058 27.7003,
	10.5522 27.6766,
	10.6035 27.6686,
	10.6549 27.6766,
	10.7012 27.7003,
	10.7379 27.7371,
	10.7615 27.7834,
	10.7697 27.8346,
	10.7615 27.886,
	10.7379 27.9323,
	10.7012 27.9691,
	10.6549 27.9928,
	"/>
</Transform>

<Transform dim="0"
 xcoef=" 0 1 0 0 0 0"
 ycoef=" 0 0 1 0 0 0">
<Contour name="D56" hidden="false" closed="true" simplified="true" border="1 0 0" fill="1 0 0" mode="11"
 points="23.8227 23.4635,
	23.7795 23.4566,
	23.7405 23.4368,
	23.7095 23.4058,
	23.6828 23.3236,
	23.6896 23.2803,
	23.7095 23.2413,
	23.7405 23.2104,
	23.7795 23.1905,
	23.8227 23.1836,
	23.8659 23.1905,
	23.905 23.2104,
	23.9359 23.2413,
	23.9558 23.2803,
	23.9627 23.3236,
	23.9558 23.3668,
	23.9359 23.4058,
	23.905 23.4368,
	23.8659 23.4566,
	"/>
</Transform>

<Transform dim="0"
 xcoef=" 0 1 0 0 0 0"
 ycoef=" 0 0 1 0 0 0">
<Contour name="D31" hidden="false" closed="true" simplified="true" border="0 0 1" fill="0 0 1" mode="11"
 points="13.2029 21.678,
	13.1492 21.6691,
	13.1006 21.6429,
	13.0622 21.6022,
	13.0289 21.4939,
	13.0375 21.4371,
	13.0622 21.3858,
	13.1006 21.345,
	13.1492 21.3188,
	13.2029 21.3098,
	13.2566 21.3188,
	13.3051 21.345,
	13.3435 21.3858,
	13.3683 21.4371,
	13.3768 21.4939,
	13.3683 21.5508,
	13.3435 21.6022,
	13.3051 21.6429,
	13.2566 21.6691,
	"/>
</Transform>

<Transform dim="0"
 xcoef=" 0 1 0 0 0 0"
 ycoef=" 0 0 1 0 0 0">
<Contour name="D28" hidden="false" closed="true" simplified="true" border="0 0 1" fill="0 0 1" mode="11"
 points="7.8632 23.5308,
	7.81456 23.5239,
	7.77068 23.5041,
	7.73586 23.4732,
	7.7058 23.3909,
	7.7135 23.3477,
	7.73586 23.3086,
	7.77068 23.2777,
	7.81456 23.2578,
	7.8632 23.251,
	7.91185 23.2578,
	7.95574 23.2777,
	7.99055 23.3086,
	8.01292 23.3477,
	8.02062 23.3909,
	8.01292 23.4341,
	7.99055 23.4732,
	7.95574 23.5041,
	7.91185 23.5239,
	"/>
</Transform>

<Transform dim="0"
 xcoef=" 0 1 0 0 0 0"
 ycoef=" 0 0 1 0 0 0">
<Contour name="D38" hidden="false" closed="true" simplified="true" border="1 0 0" fill="1 0 0" mode="11"
 points="21.9695 23.6904,
	21.9182 23.6831,
	21.8718 23.662,
	21.8351 23.629,
	21.8034 23.5417,
	21.8114 23.4958,
	21.8351 23.4543,
	21.8718 23.4214,
	21.9182 23.4003,
	21.9695 23.393,
	22.0208 23.4003,
	22.0671 23.4214,
	22.1039 23.4543,
	22.1275 23.4958,
	22.1356 23.5417,
	22.1275 23.5877,
	22.1039 23.629,
	22.0671 23.662,
	22.0208 23.6831,
	"/>
</Transform>

<Transform dim="0"
 xcoef=" 0 1 0 0 0 0"
 ycoef=" 0 0 1 0 0 0">
<Contour name="D01" hidden="false" closed="true" simplified="true" border="1 1 0" fill="1 1 0" mode="11"
 points="15.2352 26.2213,
	15.1846 26.2148,
	15.139 26.1959,
	15.1027 26.1665,
	15.0715 26.0883,
	15.0796 26.0472,
	15.1027 26.0101,
	15.139 25.9807,
	15.1846 25.9619,
	15.2352 25.9553,
	15.2857 25.9619,
	15.3314 25.9807,
	15.3676 26.0101,
	15.3908 26.0472,
	15.3988 26.0883,
	15.3908 26.1293,
	15.3676 26.1665,
	15.3314 26.1959,
	15.2857 26.2148,
	"/>
</Transform>

<Transform dim="0"
 xcoef=" 0 1 0 0 0 0"
 ycoef=" 0 0 1 0 0 0">
<Contour name="D63" hidden="false" closed="true" simplified="true" border="1 0 0" fill="1 0 0" mode="11"
 points="19.867 26.8407,
	19.8445 26.838,
	19.8241 26.8301,
	19.808 26.8177,
	19.794 26.7848,
	19.7977 26.7674,
	19.808 26.7518,
	19.8241 26.7394,
	19.8445 26.7315,
	19.867 26.7288,
	19.8896 26.7315,
	19.9099 26.7394,
	19.9261 26.7518,
	19.9364 26.7674,
	19.94 26.7848,
	19.9364 26.8021,
	19.9261 26.8177,
	19.9099 26.8301,
	19.8896 26.838,
	"/>
</Transform>

<Transform dim="0"
 xcoef=" 0 1 0 0 0 0"
 ycoef=" 0 0 1 0 0 0">
<Contour name="d39" hidden="false" closed="true" simplified="true" border="1 1 0" fill="1 1 0" mode="11"
 points="10.5755 28.6272,
	10.5648 28.6258,
	10.5433 28.6178,
	10.5326 28.6111,
	10.5299 28.6111,
	10.5192 28.6044,
	10.5152 28.6003,
	10.5125 28.6003,
	10.4924 28.5869,
	10.483 28.5803,
	10.4776 28.5789,
	10.4749 28.5763,
	10.4722 28.5763,
	10.4695 28.5735,
	10.4669 28.5735,
	10.4642 28.5708,
	10.4534 28.5668,
	10.4481 28.5655,
	10.4266 28.5534,
	10.4052 28.5467,
	10.3944 28.5413,
	10.373 28.54,
	10.33 28.5306,
	10.2871 28.5239,
	10.2334 28.5239,
	10.2281 28.5212,
	10.2227 28.5212,
	10.22 28.5185,
	10.2093 28.5171,
	10.1664 28.5037,
	10.1234 28.4971,
	10.102 28.4957,
	10.0805 28.4917,
	10.0698 28.4876,
	10.0684 28.477,
	10.0658 28.4716,
	10.0658 28.4608,
	10.0631 28.4501,
	10.0631 28.4394,
	10.0604 28.4286,
	10.0604 28.4233,
	10.0577 28.4206,
	10.055 28.3348,
	10.055 28.2919,
	10.055 28.2811,
	10.055 28.2798,
	10.055 28.2784,
	10.0617 28.2569,
	10.0658 28.2475,
	10.0725 28.2369,
	10.0778 28.2153,
	10.0805 28.2127,
	10.0805 28.2019,
	10.0832 28.1966,
	10.0845 28.1751,
	10.0805 28.1644,
	10.0805 28.159,
	10.0738 28.1376,
	10.0698 28.1161,
	10.0698 28.0947,
	10.0698 28.0919,
	10.0725 28.0892,
	10.0792 28.0678,
	10.0805 28.0624,
	10.0805 28.0597,
	10.0953 28.0396,
	10.102 28.0289,
	10.1033 28.0236,
	10.106 28.0208,
	10.1127 27.9994,
	10.1127 27.9941,
	10.1154 27.9886,
	10.1154 27.9833,
	10.1208 27.9725,
	10.1221 27.9618,
	10.1261 27.9565,
	10.1261 27.9511,
	10.1369 27.9296,
	10.1409 27.9243,
	10.1436 27.9215,
	10.1436 27.9189,
	10.1489 27.9162,
	10.1637 27.8974,
	10.1677 27.8934,
	10.1677 27.8907,
	10.1972 27.8504,
	10.2106 27.829,
	10.2133 27.8263,
	10.2147 27.8156,
	10.2173 27.8129,
	10.2227 27.7914,
	10.2254 27.7861,
	10.2267 27.7753,
	10.2308 27.77,
	10.2348 27.7485,
	10.2361 27.7056,
	10.2375 27.6841,
	10.2469 27.6412,
	10.2495 27.6305,
	10.2495 27.6278,
	10.2536 27.6224,
	10.2549 27.617,
	10.2549 27.6144,
	10.2616 27.605,
	10.2656 27.5996,
	10.267 27.597,
	10.2884 27.5902,
	10.2992 27.5862,
	10.3045 27.5849,
	10.3099 27.5809,
	10.3153 27.5794,
	10.3193 27.5755,
	10.33 27.5728,
	10.3354 27.5715,
	10.3381 27.5688,
	10.381 27.5594,
	10.3864 27.5567,
	10.4132 27.5567,
	10.4239 27.5607,
	10.4669 27.5688,
	10.4695 27.5715,
	10.5125 27.5822,
	10.5326 27.5862,
	10.5541 27.5929,
	10.5755 27.597,
	10.5863 27.601,
	10.5889 27.6036,
	10.5997 27.605,
	10.6426 27.6197,
	10.6533 27.621,
	10.6641 27.6251,
	10.6855 27.6291,
	10.6909 27.6318,
	10.6963 27.6318,
	10.707 27.6358,
	10.7124 27.6386,
	10.7231 27.6399,
	10.7338 27.6439,
	10.7445 27.6452,
	10.7459 27.6479,
	10.7674 27.6533,
	10.8103 27.6681,
	10.8318 27.6801,
	10.8425 27.6855,
	10.8532 27.6935,
	10.8613 27.7002,
	10.8666 27.7016,
	10.872 27.7056,
	10.8733 27.7082,
	10.876 27.7082,
	10.88 27.7137,
	10.8827 27.7137,
	10.8881 27.719,
	10.8921 27.7216,
	10.9028 27.7324,
	10.9082 27.7378,
	10.9176 27.7445,
	10.9203 27.7472,
	10.9203 27.7498,
	10.9257 27.7539,
	10.9283 27.7539,
	10.9471 27.7713,
	10.9578 27.7821,
	10.9726 27.8008,
	10.978 27.8075,
	10.978 27.8103,
	10.9927 27.8303,
	11.0008 27.8398,
	11.0008 27.8424,
	11.0061 27.8478,
	11.0196 27.8693,
	11.0263 27.8786,
	11.0303 27.884,
	11.0424 27.9269,
	11.0464 27.9484,
	11.0477 27.9913,
	11.0477 28.002,
	11.0477 28.0075,
	11.0544 28.0289,
	11.0598 28.0396,
	11.0759 28.0544,
	11.0826 28.0651,
	11.0826 28.0678,
	11.0853 28.0705,
	11.0853 28.0919,
	11.088 28.0933,
	11.088 28.1147,
	11.088 28.1255,
	11.088 28.1308,
	11.0786 28.1523,
	11.0732 28.1737,
	11.0732 28.1953,
	11.0732 28.2006,
	11.0759 28.2032,
	11.0772 28.214,
	11.0786 28.2193,
	11.0812 28.2221,
	11.0839 28.2328,
	11.0839 28.2382,
	11.0867 28.2435,
	11.088 28.265,
	11.088 28.2757,
	11.0799 28.2972,
	11.0678 28.3173,
	11.0652 28.3227,
	11.0652 28.328,
	11.0652 28.3307,
	11.0571 28.3414,
	11.0517 28.3522,
	11.0437 28.363,
	11.037 28.3844,
	11.033 28.3951,
	11.0249 28.4059,
	11.0048 28.4179,
	10.9619 28.4273,
	10.9404 28.4313,
	10.8546 28.4367,
	10.8331 28.4381,
	10.7902 28.446,
	10.7687 28.4515,
	10.758 28.4541,
	10.7526 28.4541,
	10.7311 28.4608,
	10.7204 28.4649,
	10.703 28.4823,
	10.6989 28.4876,
	10.6989 28.4984,
	10.6922 28.5413,
	10.6909 28.5467,
	10.6882 28.5481,
	10.6815 28.5695,
	10.6775 28.5803,
	10.6761 28.5856,
	10.6681 28.5937,
	10.6574 28.595,
	10.6547 28.5977,
	10.6345 28.6044,
	10.6238 28.6111,
	10.6184 28.6124,
	10.6077 28.6192,
	10.5863 28.6258,
	"/>
</Transform>

<Transform dim="0"
 xcoef=" 0 1 0 0 0 0"
 ycoef=" 0 0 1 0 0 0">
<Contour name="d56" hidden="false" closed="true" simplified="true" border="0 0 0" fill="0 0 0" mode="11"
 points="24.0079 23.7964,
	23.9984 23.7952,
	23.9794 23.7882,
	23.9699 23.7822,
	23.9604 23.7786,
	23.9426 23.7668,
	23.9379 23.7656,
	23.9188 23.7525,
	23.9094 23.749,
	23.8998 23.7418,
	23.8809 23.7324,
	23.8714 23.7252,
	23.8524 23.7158,
	23.8346 23.7027,
	23.8156 23.686,
	23.8061 23.6789,
	23.8013 23.6742,
	23.7824 23.6647,
	23.7455 23.6504,
	23.7408 23.6481,
	23.7325 23.6386,
	23.7301 23.6362,
	23.7301 23.6338,
	23.7277 23.6315,
	23.7266 23.622,
	23.7194 23.603,
	23.7159 23.5935,
	23.7123 23.5888,
	23.7111 23.5839,
	23.6922 23.5662,
	23.6874 23.565,
	23.6779 23.5578,
	23.6731 23.5566,
	23.6352 23.5341,
	23.6257 23.5306,
	23.621 23.5306,
	23.6161 23.5281,
	23.6114 23.5281,
	23.5925 23.5222,
	23.5734 23.5115,
	23.5687 23.508,
	23.5699 23.4985,
	23.5758 23.489,
	23.5781 23.4866,
	23.5781 23.4842,
	23.5865 23.476,
	23.5925 23.4664,
	23.5948 23.4641,
	23.596 23.4451,
	23.5925 23.4356,
	23.59 23.4332,
	23.5877 23.4332,
	23.5794 23.4237,
	23.5699 23.4178,
	23.5615 23.4095,
	23.5533 23.4036,
	23.5485 23.4024,
	23.5295 23.3882,
	23.5224 23.3786,
	23.5188 23.3739,
	23.5129 23.3549,
	23.5117 23.3169,
	23.5105 23.3074,
	23.5105 23.3027,
	23.5082 23.2979,
	23.507 23.2884,
	23.5057 23.2836,
	23.5034 23.2813,
	23.5022 23.2717,
	23.4891 23.2528,
	23.4868 23.2504,
	23.4856 23.2457,
	23.4821 23.2409,
	23.4797 23.2315,
	23.4821 23.2124,
	23.4844 23.2101,
	23.4844 23.1911,
	23.4832 23.1816,
	23.4809 23.1769,
	23.4797 23.1578,
	23.4785 23.1484,
	23.4785 23.1447,
	23.4785 23.1435,
	23.4821 23.1341,
	23.4939 23.1151,
	23.5319 23.0807,
	23.5342 23.0807,
	23.5378 23.076,
	23.5568 23.0629,
	23.564 23.0569,
	23.5734 23.051,
	23.5758 23.0487,
	23.5781 23.0487,
	23.5865 23.0403,
	23.5912 23.0391,
	23.6102 23.0249,
	23.6292 23.0071,
	23.6458 22.9892,
	23.6553 22.9798,
	23.6779 22.9418,
	23.685 22.9322,
	23.6885 22.9228,
	23.6922 22.918,
	23.6945 22.9156,
	23.6945 22.9133,
	23.7028 22.9038,
	23.704 22.899,
	23.7182 22.8801,
	23.7207 22.8753,
	23.7384 22.8563,
	23.7479 22.8492,
	23.7527 22.8468,
	23.7539 22.8444,
	23.7586 22.8432,
	23.7609 22.8409,
	23.7658 22.8397,
	23.7847 22.8266,
	23.8227 22.8124,
	23.8417 22.8053,
	23.8607 22.7946,
	23.8631 22.7923,
	23.8678 22.7911,
	23.8868 22.7768,
	23.8891 22.7744,
	23.8987 22.7708,
	23.9034 22.7673,
	23.9129 22.7661,
	23.9201 22.7661,
	23.9248 22.7697,
	23.9438 22.7732,
	23.9628 22.7744,
	24.0007 22.772,
	24.0198 22.7708,
	24.0388 22.7732,
	24.0483 22.7744,
	24.0506 22.7744,
	24.0554 22.778,
	24.0743 22.7816,
	24.0934 22.7874,
	24.0981 22.7874,
	24.1028 22.7911,
	24.1123 22.7946,
	24.1408 22.7946,
	24.1503 22.7982,
	24.1551 22.7982,
	24.174 22.8065,
	24.1931 22.8089,
	24.2358 22.8089,
	24.2548 22.8171,
	24.2595 22.8196,
	24.269 22.8278,
	24.2844 22.8456,
	24.2928 22.8551,
	24.3117 22.8682,
	24.3213 22.8717,
	24.326 22.8729,
	24.3284 22.8729,
	24.3307 22.8753,
	24.3498 22.8789,
	24.3592 22.8824,
	24.3675 22.8883,
	24.3723 22.8895,
	24.3794 22.899,
	24.3984 22.9156,
	24.4032 22.9193,
	24.4056 22.924,
	24.4233 22.9394,
	24.4388 22.9584,
	24.4471 22.9667,
	24.4471 22.9691,
	24.4518 22.9738,
	24.4649 22.9929,
	24.4803 23.0118,
	24.4993 23.0296,
	24.5088 23.0391,
	24.5278 23.0534,
	24.5468 23.07,
	24.5658 23.0807,
	24.5741 23.0878,
	24.5789 23.0902,
	24.5836 23.0949,
	24.5884 23.0961,
	24.6263 23.1246,
	24.6311 23.1258,
	24.6501 23.1412,
	24.6881 23.1661,
	24.7071 23.1757,
	24.7439 23.2017,
	24.7533 23.2065,
	24.7628 23.2136,
	24.7676 23.2172,
	24.7806 23.2551,
	24.783 23.2647,
	24.7853 23.2694,
	24.789 23.2884,
	24.7878 23.3074,
	24.7853 23.3169,
	24.7724 23.3359,
	24.7676 23.3383,
	24.7628 23.343,
	24.7605 23.343,
	24.7557 23.3478,
	24.7462 23.3537,
	24.7284 23.3715,
	24.7189 23.3774,
	24.7141 23.381,
	24.6987 23.419,
	24.6975 23.4237,
	24.6916 23.4332,
	24.6916 23.438,
	24.6856 23.4475,
	24.6786 23.4664,
	24.675 23.476,
	24.6714 23.4807,
	24.669 23.4902,
	24.6536 23.508,
	24.6442 23.5139,
	24.6062 23.5258,
	24.6013 23.5281,
	24.599 23.5281,
	24.5943 23.533,
	24.5919 23.533,
	24.5896 23.5353,
	24.5872 23.5353,
	24.5777 23.5436,
	24.5397 23.5638,
	24.5016 23.5899,
	24.4981 23.5946,
	24.4957 23.5946,
	24.4862 23.603,
	24.4673 23.6148,
	24.4649 23.6172,
	24.4554 23.6208,
	24.4507 23.6243,
	24.4459 23.6255,
	24.4364 23.6327,
	24.4317 23.6327,
	24.4126 23.6421,
	24.4079 23.6446,
	24.4056 23.6446,
	24.4032 23.6469,
	24.3984 23.6481,
	24.3806 23.6612,
	24.3759 23.6623,
	24.3664 23.6694,
	24.3568 23.673,
	24.3379 23.6836,
	24.3284 23.6896,
	24.3236 23.6908,
	24.3141 23.6967,
	24.3094 23.7004,
	24.2904 23.7062,
	24.2809 23.7121,
	24.2762 23.7133,
	24.2737 23.7133,
	24.2714 23.7158,
	24.2667 23.717,
	24.2477 23.73,
	24.2286 23.7466,
	24.2192 23.7549,
	24.2097 23.7597,
	24.2002 23.7668,
	24.1978 23.7668,
	24.1931 23.7703,
	24.174 23.7739,
	24.1646 23.7763,
	24.1598 23.7798,
	24.1503 23.781,
	24.1313 23.7882,
	24.1123 23.7929,
	24.0934 23.7952,
	24.0554 23.7941,
	24.0364 23.7929,
	24.0269 23.7964,
	"/>
</Transform>

<Transform dim="0"
 xcoef=" 0 1 0 0 0 0"
 ycoef=" 0 0 1 0 0 0">
<Contour name="d63sp36" hidden="false" closed="true" simplified="true" border="1 0 0" fill="1 0 0" mode="11"
 points="19.5764 27.0465,
	19.5479 27.0456,
	19.5408 27.0439,
	19.5372 27.0421,
	19.5337 27.0421,
	19.5275 27.0367,
	19.5203 27.0331,
	19.5168 27.0296,
	19.5132 27.0287,
	19.4999 27.0189,
	19.4883 27.0091,
	19.4856 27.0055,
	19.4722 26.9966,
	19.4686 26.993,
	19.4561 26.9832,
	19.4446 26.9717,
	19.4348 26.9592,
	19.4304 26.952,
	19.4304 26.9503,
	19.4258 26.9432,
	19.4232 26.936,
	19.4214 26.9325,
	19.4214 26.9182,
	19.4214 26.9173,
	19.4214 26.9165,
	19.4232 26.9147,
	19.425 26.9075,
	19.4276 26.9049,
	19.4276 26.9031,
	19.4357 26.8897,
	19.4374 26.8888,
	19.4383 26.8853,
	19.4401 26.8834,
	19.4401 26.8817,
	19.4428 26.8781,
	19.4437 26.8746,
	19.4526 26.8603,
	19.4598 26.854,
	19.4668 26.8496,
	19.4704 26.847,
	19.4775 26.847,
	19.4846 26.8452,
	19.4883 26.8434,
	19.4953 26.8434,
	19.5025 26.8416,
	19.531 26.8407,
	19.5453 26.8398,
	19.5524 26.8389,
	19.5595 26.8362,
	19.5613 26.8362,
	19.5631 26.8345,
	19.5666 26.8345,
	19.5702 26.8327,
	19.572 26.8336,
	19.572 26.8621,
	19.572 26.8763,
	19.5738 26.8834,
	19.5738 26.8906,
	19.5773 26.9049,
	19.5782 26.9119,
	19.5872 26.9404,
	19.5898 26.9476,
	19.5916 26.9512,
	19.5916 26.9529,
	19.5942 26.9557,
	19.5951 26.9592,
	19.605 26.9735,
	19.6103 26.9797,
	19.613 26.9832,
	19.6148 26.9851,
	19.6157 26.9886,
	19.629 27.0011,
	19.6308 27.0029,
	19.6326 27.0029,
	19.6379 27.0091,
	19.6397 27.0091,
	19.6459 27.0154,
	19.6477 27.0154,
	19.653 27.0207,
	19.6567 27.0224,
	19.6637 27.0287,
	19.6673 27.0314,
	19.669 27.0331,
	19.6405 27.0412,
	19.6263 27.0421,
	19.6192 27.0439,
	19.5907 27.0447,
	"/>
</Transform>

<Transform dim="0"
 xcoef=" 0 1 0 0 0 0"
 ycoef=" 0 0 1 0 0 0">
<Contour name="d63sp34" hidden="false" closed="true" simplified="true" border="1 0 0" fill="1 0 0" mode="11"
 points="20.9953 27.0845,
	20.9938 27.0838,
	20.9908 27.0838,
	20.9851 27.0819,
	20.9822 27.0808,
	20.9814 27.0801,
	20.9807 27.0801,
	20.98 27.0794,
	20.9793 27.0794,
	20.9763 27.0776,
	20.9734 27.0765,
	20.9727 27.0758,
	20.972 27.0758,
	20.9705 27.0747,
	20.9647 27.0736,
	20.9531 27.0733,
	20.9472 27.0733,
	20.9443 27.0718,
	20.9429 27.0714,
	20.9418 27.0704,
	20.941 27.0704,
	20.9396 27.0693,
	20.9382 27.0689,
	20.9371 27.0674,
	20.9319 27.0641,
	20.9312 27.0634,
	20.9258 27.0612,
	20.9229 27.0594,
	20.9199 27.0583,
	20.9141 27.0546,
	20.9112 27.0528,
	20.9091 27.0507,
	20.9083 27.0492,
	20.9069 27.0481,
	20.9062 27.0467,
	20.9014 27.0413,
	20.8978 27.0361,
	20.8956 27.0332,
	20.8952 27.0318,
	20.8938 27.0303,
	20.8912 27.0244,
	20.8901 27.0216,
	20.8893 27.0201,
	20.8886 27.0143,
	20.8886 27.0027,
	20.8886 27.0016,
	20.8886 27.0012,
	20.8901 26.9953,
	20.8908 26.9939,
	20.8912 26.991,
	20.8952 26.9793,
	20.896 26.9786,
	20.8963 26.9757,
	20.8963 26.975,
	20.8974 26.9736,
	20.8992 26.9677,
	20.9006 26.9648,
	20.9014 26.9634,
	20.9014 26.9619,
	20.9039 26.9561,
	20.9057 26.9503,
	20.9065 26.9488,
	20.9069 26.9459,
	20.9087 26.94,
	20.9094 26.9343,
	20.9094 26.9226,
	20.9098 26.9168,
	20.9116 26.9109,
	20.9116 26.9095,
	20.9127 26.908,
	20.913 26.9066,
	20.9152 26.9037,
	20.9166 26.9026,
	20.9174 26.9012,
	20.9184 26.9005,
	20.9192 26.899,
	20.9243 26.8942,
	20.9254 26.8931,
	20.9269 26.8928,
	20.9283 26.8917,
	20.929 26.8917,
	20.9305 26.8906,
	20.9421 26.8877,
	20.945 26.8866,
	20.9567 26.8848,
	20.9625 26.8833,
	20.964 26.8826,
	20.9669 26.8822,
	20.9683 26.8815,
	20.9698 26.8815,
	20.9756 26.8793,
	20.9814 26.8779,
	20.9872 26.8757,
	20.9887 26.875,
	20.9945 26.8739,
	21.0062 26.8703,
	21.0077 26.8698,
	21.0084 26.8698,
	21.0091 26.8691,
	21.0149 26.8666,
	21.0204 26.863,
	21.0233 26.8611,
	21.0262 26.8604,
	21.0291 26.8604,
	21.0342 26.8644,
	21.0371 26.8666,
	21.0382 26.8673,
	21.0396 26.8687,
	21.0396 26.8695,
	21.0443 26.875,
	21.0484 26.8804,
	21.0502 26.8829,
	21.0527 26.8855,
	21.0535 26.887,
	21.0549 26.8881,
	21.0556 26.8895,
	21.0582 26.8921,
	21.0603 26.8935,
	21.0626 26.8957,
	21.068 26.9008,
	21.0695 26.9019,
	21.0702 26.903,
	21.0756 26.9073,
	21.0763 26.908,
	21.0772 26.908,
	21.0797 26.9099,
	21.0808 26.9106,
	21.0862 26.9157,
	21.0869 26.9157,
	21.0883 26.9172,
	21.091 26.9186,
	21.0931 26.9208,
	21.0946 26.9212,
	21.0957 26.9226,
	21.0986 26.9244,
	21.0993 26.9251,
	21.1 26.9251,
	21.1059 26.9299,
	21.1099 26.9346,
	21.1135 26.9404,
	21.1149 26.9434,
	21.1153 26.9448,
	21.116 26.9456,
	21.1178 26.9688,
	21.1174 26.9804,
	21.1167 26.9863,
	21.116 26.9878,
	21.116 26.9906,
	21.1128 27.0023,
	21.1109 27.0081,
	21.1106 27.0095,
	21.1106 27.0103,
	21.1088 27.0132,
	21.1081 27.0147,
	21.1081 27.0154,
	21.1043 27.0208,
	21.0996 27.0267,
	21.0971 27.0292,
	21.096 27.03,
	21.0939 27.0325,
	21.0931 27.0325,
	21.0931 27.0332,
	21.0873 27.0368,
	21.0844 27.0386,
	21.0829 27.039,
	21.0815 27.0401,
	21.0808 27.0401,
	21.0793 27.0413,
	21.0779 27.0416,
	21.0756 27.0438,
	21.0727 27.0449,
	21.072 27.0456,
	21.0603 27.0503,
	21.0574 27.0514,
	21.0458 27.0528,
	21.04 27.0539,
	21.0283 27.058,
	21.0269 27.0583,
	21.0262 27.0591,
	21.0233 27.0601,
	21.0208 27.0627,
	21.017 27.0681,
	21.0149 27.074,
	21.0142 27.0743,
	21.0138 27.0758,
	21.0123 27.0772,
	21.0116 27.0779,
	21.0116 27.0787,
	21.0091 27.0812,
	21.0066 27.083,
	21.0054 27.0842,
	20.9996 27.0845,
	"/>
</Transform>

<Transform dim="0"
 xcoef=" 0 1 0 0 0 0"
 ycoef=" 0 0 1 0 0 0">
<Contour name="d39sp35" hidden="false" closed="true" simplified="true" border="1 0 0" fill="1 0 0" mode="11"
 points="10.0723 28.4854,
	10.0578 28.4827,
	10.0433 28.4773,
	10.036 28.4745,
	10.0342 28.4727,
	10.0197 28.4673,
	10.0125 28.4646,
	10.0052 28.46,
	9.99165 28.4546,
	9.98802 28.4537,
	9.9844 28.451,
	9.96991 28.4464,
	9.96267 28.4437,
	9.96085 28.4419,
	9.9536 28.4392,
	9.94999 28.4374,
	9.94636 28.4374,
	9.94364 28.4347,
	9.9364 28.4328,
	9.92191 28.4256,
	9.90742 28.4211,
	9.9056 28.4193,
	9.89835 28.4174,
	9.89474 28.4165,
	9.89293 28.4147,
	9.86394 28.4066,
	9.86213 28.4066,
	9.86032 28.4047,
	9.84582 28.3993,
	9.81684 28.3966,
	9.80959 28.3984,
	9.80779 28.3984,
	9.80597 28.4002,
	9.79872 28.402,
	9.79511 28.402,
	9.78786 28.4057,
	9.75887 28.4084,
	9.74438 28.4057,
	9.72989 28.4011,
	9.7009 28.3966,
	9.67192 28.3948,
	9.62844 28.3948,
	9.62482 28.3957,
	9.61848 28.402,
	9.61667 28.4038,
	9.61577 28.4075,
	9.61033 28.4138,
	9.60309 28.4174,
	9.59585 28.4183,
	9.58859 28.4211,
	9.55961 28.4238,
	9.55237 28.4238,
	9.54512 28.4211,
	9.53878 28.4147,
	9.53697 28.4129,
	9.53244 28.3984,
	9.53153 28.384,
	9.53153 28.3813,
	9.53153 28.3804,
	9.53425 28.3731,
	9.53697 28.3686,
	9.53788 28.365,
	9.54512 28.3577,
	9.55146 28.3532,
	9.55417 28.3496,
	9.55598 28.3496,
	9.56595 28.3369,
	9.57591 28.3224,
	9.58225 28.3088,
	9.59765 28.2807,
	9.60037 28.2734,
	9.6049 28.2662,
	9.60671 28.2653,
	9.60762 28.2616,
	9.60762 28.2598,
	9.61577 28.2454,
	9.61577 28.2436,
	9.61848 28.2409,
	9.61939 28.2373,
	9.62482 28.23,
	9.62754 28.2264,
	9.62844 28.2228,
	9.63841 28.2092,
	9.65019 28.1974,
	9.65562 28.191,
	9.66105 28.1865,
	9.66468 28.1829,
	9.66739 28.1811,
	9.67101 28.1774,
	9.67826 28.1738,
	9.68188 28.172,
	9.68369 28.1702,
	9.69819 28.1648,
	9.71268 28.1629,
	9.71993 28.1611,
	9.75615 28.1611,
	9.75978 28.162,
	9.76159 28.162,
	9.7625 28.1639,
	9.76612 28.1639,
	9.77336 28.1675,
	9.78061 28.1693,
	9.78786 28.1729,
	9.7942 28.1747,
	9.80144 28.1784,
	9.80325 28.1784,
	9.81684 28.1865,
	9.82408 28.1892,
	9.82589 28.191,
	9.82952 28.191,
	9.83314 28.1929,
	9.83496 28.1929,
	9.83857 28.1956,
	9.8422 28.1965,
	9.85488 28.211,
	9.8576 28.2155,
	9.86213 28.2219,
	9.86665 28.2364,
	9.86937 28.2653,
	9.87209 28.2725,
	9.87662 28.2798,
	9.88386 28.287,
	9.89021 28.2906,
	9.89293 28.2934,
	9.89926 28.2961,
	9.90289 28.2997,
	9.9047 28.2997,
	9.90832 28.3033,
	9.91466 28.307,
	9.91647 28.3106,
	9.91828 28.3106,
	9.9201 28.3133,
	9.93459 28.3224,
	9.9364 28.3224,
	9.94002 28.326,
	9.94364 28.3269,
	9.94727 28.3296,
	9.95451 28.3305,
	9.95813 28.3323,
	9.98712 28.3342,
	10.0016 28.3332,
	10.0089 28.3314,
	10.0233 28.3251,
	10.027 28.3224,
	10.0306 28.3215,
	10.0433 28.3115,
	10.0469 28.3106,
	10.0532 28.3051,
	10.0569 28.3033,
	10.0605 28.2997,
	10.0623 28.2988,
	10.0641 28.2997,
	10.0641 28.3577,
	10.0641 28.3867,
	10.0704 28.4446,
	10.0723 28.4591,
	10.0732 28.4628,
	10.075 28.4646,
	10.0759 28.4791,
	10.0759 28.4827,
	10.0759 28.4845,
	"/>
</Transform>

<Transform dim="0"
 xcoef=" 0 1 0 0 0 0"
 ycoef=" 0 0 1 0 0 0">
<Contour name="d28p26" hidden="false" closed="true" simplified="true" border="1 0 0" fill="1 0 0" mode="11"
 points="8.01789 22.9277,
	8.00091 22.8965,
	8.03488 22.8965,
	"/>
</Transform>

<Transform dim="0"
 xcoef=" 0 1 0 0 0 0"
 ycoef=" 0 0 1 0 0 0">
<Contour name="d28_INC" hidden="false" closed="true" simplified="true" border="1 0 0" fill="1 0 0" mode="11"
 points="7.93808 22.9313,
	7.95288 22.9106,
	7.93808 22.8899,
	7.94695 22.8899,
	7.95879 22.9077,
	7.97062 22.8899,
	7.9795 22.8899,
	7.96471 22.9106,
	7.9795 22.9313,
	7.97062 22.9313,
	7.95879 22.9136,
	7.94695 22.9313,
	"/>
</Transform>

<Transform dim="0"
 xcoef=" 0 1 0 0 0 0"
 ycoef=" 0 0 1 0 0 0">
<Contour name="d63p36" hidden="false" closed="true" simplified="true" border="1 0 0" fill="1 0 0" mode="11"
 points="19.6568 26.9309,
	19.6402 26.9006,
	19.6734 26.9006,
	"/>
</Transform>

<Transform dim="0"
 xcoef=" 0 1 0 0 0 0"
 ycoef=" 0 0 1 0 0 0">
<Contour name="d39p35" hidden="false" closed="true" simplified="true" border="1 0 0" fill="1 0 0" mode="11"
 points="10.136 28.4139,
	10.1201 28.398,
	10.136 28.3821,
	10.1519 28.398,
	"/>
</Transform>

<Transform dim="0"
 xcoef=" 0 1 0 0 0 0"
 ycoef=" 0 0 1 0 0 0">
<Contour name="d39endob35_cb" hidden="false" closed="true" simplified="true" border="1 0.501961 0" fill="0 1 0" mode="11"
 points="10.1357 28.4184,
	10.1361 28.4127,
	10.1373 28.4071,
	10.1393 28.4015,
	10.142 28.3962,
	10.1455 28.3909,
	10.1497 28.386,
	10.1546 28.3812,
	10.1601 28.3768,
	10.1662 28.3728,
	10.1728 28.3691,
	10.18 28.3658,
	10.1875 28.363,
	10.1954 28.3606,
	10.2037 28.3587,
	10.2121 28.3573,
	10.2207 28.3564,
	10.2294 28.356,
	10.2382 28.3561,
	10.2468 28.3568,
	10.2554 28.3579,
	10.2637 28.3596,
	10.2718 28.3617,
	10.2796 28.3643,
	10.2869 28.3674,
	10.2938 28.3709,
	10.3002 28.3748,
	10.306 28.379,
	10.3112 28.3836,
	10.3157 28.3884,
	10.3196 28.3935,
	10.3227 28.3988,
	10.3251 28.4043,
	10.3266 28.4099,
	10.3274 28.4155,
	10.3274 28.4212,
	10.3266 28.4269,
	10.3251 28.4325,
	10.3227 28.4379,
	10.3196 28.4433,
	10.3157 28.4484,
	10.3112 28.4532,
	10.306 28.4578,
	10.3002 28.462,
	10.2938 28.4659,
	10.2869 28.4694,
	10.2796 28.4724,
	10.2718 28.4751,
	10.2637 28.4772,
	10.2554 28.4789,
	10.2468 28.48,
	10.2382 28.4807,
	10.2294 28.4808,
	10.2207 28.4804,
	10.2121 28.4795,
	10.2037 28.4781,
	10.1954 28.4762,
	10.1875 28.4738,
	10.18 28.471,
	10.1728 28.4677,
	10.1662 28.464,
	10.1601 28.4599,
	10.1546 28.4555,
	10.1497 28.4508,
	10.1455 28.4458,
	10.142 28.4406,
	10.1393 28.4352,
	10.1373 28.4297,
	"/>
</Transform>

<Transform dim="0"
 xcoef=" 0 1 0 0 0 0"
 ycoef=" 0 0 1 0 0 0">
<Contour name="d63serb36" hidden="false" closed="true" simplified="false" border="1 1 0" fill="0 1 0" mode="11"
 points="19.6976 27.0024,
	19.6976 26.9944,
	19.7056 26.9944,
	19.7056 26.9865,
	19.7136 26.9865,
	19.7136 26.9944,
	19.7216 26.9944,
	19.7216 27.0024,
	19.7136 27.0024,
	19.7136 27.0104,
	19.7056 27.0104,
	19.7056 27.0024,
	"/>
</Transform>

<Transform dim="0"
 xcoef=" 0 1 0 0 0 0"
 ycoef=" 0 0 1 0 0 0">
<Contour name="d63" comment="dch_traced_06.2019" hidden="false" closed="true" simplified="true" border="1 1 0" fill="1 1 0" mode="11"
 points="19.5501 26.5931,
	19.5541 26.5717,
	19.5554 26.561,
	19.5635 26.5396,
	19.5862 26.4968,
	19.6009 26.4754,
	19.621 26.4566,
	19.6264 26.4513,
	19.6692 26.4232,
	19.6906 26.4125,
	19.7013 26.4085,
	19.7227 26.4044,
	19.7441 26.3978,
	19.7655 26.3937,
	19.7869 26.387,
	19.8084 26.383,
	19.8298 26.383,
	19.8351 26.383,
	19.8405 26.3804,
	19.8431 26.3777,
	19.8539 26.3763,
	19.8753 26.3804,
	19.886 26.387,
	19.89 26.3924,
	19.8927 26.3951,
	19.8967 26.4165,
	19.898 26.4272,
	19.9007 26.4325,
	19.9034 26.4352,
	19.906 26.4352,
	19.9087 26.4379,
	19.9194 26.4406,
	19.9408 26.4392,
	19.9515 26.4325,
	19.973 26.4138,
	19.9837 26.4071,
	20.0265 26.4085,
	20.1121 26.4259,
	20.155 26.4366,
	20.1764 26.4392,
	20.1978 26.4459,
	20.2085 26.4486,
	20.2299 26.4593,
	20.2406 26.4673,
	20.2834 26.4928,
	20.2941 26.5021,
	20.3155 26.5169,
	20.3262 26.5235,
	20.3289 26.5235,
	20.3503 26.5356,
	20.3557 26.5396,
	20.3985 26.5583,
	20.4413 26.5717,
	20.444 26.5744,
	20.4654 26.5838,
	20.5069 26.6172,
	20.5283 26.6346,
	20.539 26.6453,
	20.5417 26.6493,
	20.5604 26.6708,
	20.5765 26.6922,
	20.5832 26.7029,
	20.5859 26.7055,
	20.5859 26.7082,
	20.5899 26.7136,
	20.6046 26.7564,
	20.6086 26.7778,
	20.6099 26.8206,
	20.6166 26.8635,
	20.618 26.8742,
	20.622 26.8849,
	20.6233 26.9277,
	20.622 26.9491,
	20.618 26.9705,
	20.6126 26.9812,
	20.6126 26.9839,
	20.6006 27.0053,
	20.5832 27.0267,
	20.5417 27.0682,
	20.531 27.0762,
	20.5203 27.0869,
	20.5163 27.0923,
	20.5056 27.099,
	20.5002 27.103,
	20.4788 27.1097,
	20.4681 27.111,
	20.4467 27.107,
	20.436 27.0976,
	20.436 27.0869,
	20.44 27.0762,
	20.44 27.0548,
	20.4373 27.0495,
	20.4159 27.0347,
	20.3731 27.0147,
	20.3517 27.0026,
	20.3303 26.9933,
	20.3249 26.9906,
	20.2821 26.9866,
	20.2607 26.9852,
	20.2178 26.9879,
	20.1964 26.9892,
	20.1857 26.9892,
	20.1429 27.0013,
	20.1215 27.0053,
	20.1108 27.0053,
	20.068 27.0147,
	20.0573 27.0174,
	20.0466 27.0174,
	20.0251 27.024,
	20.0144 27.0294,
	20.0037 27.0374,
	19.9823 27.0468,
	19.9609 27.0508,
	19.9181 27.0508,
	19.8753 27.0575,
	19.8539 27.0669,
	19.8324 27.0709,
	19.8217 27.0722,
	19.8003 27.0709,
	19.7575 27.0615,
	19.7147 27.0548,
	19.704 27.0508,
	19.6933 27.0495,
	19.6719 27.0414,
	19.629 27.02,
	19.609 27,
	19.6036 26.9946,
	19.5902 26.9732,
	19.5795 26.9518,
	19.5715 26.9304,
	19.5675 26.909,
	19.5661 26.8661,
	19.5661 26.8447,
	19.5688 26.8233,
	19.5742 26.8019,
	19.5768 26.7912,
	19.5795 26.7858,
	19.5782 26.7644,
	19.5755 26.7537,
	19.5648 26.7323,
	19.5621 26.7216,
	19.5581 26.6788,
	19.5501 26.636,
	19.5501 26.5945,
	"/>
</Transform>

</Section>