<?xml version="1.0"?>
<!DOCTYPE Section SYSTEM "section.dtd">

<Section index="47" thickness="0.048" alignLocked="true">
<Transform dim="0"
 xcoef=" 0 1 0 0 0 0"
 ycoef=" 0 0 1 0 0 0">
<Image mag="0.002063" contrast="2.05507" brightness="-0.195" red="true" green="true" blue="true"
 src="048____z2.397.jpg" />
<Contour name="domain1" hidden="false" closed="true" simplified="false" border="1 0 1" fill="1 0 1" mode="11"
 points="0 0,
	17236 0,
	17236 17077,
	0 17077,
	"/>
</Transform>

<Transform dim="0"
 xcoef=" 0 1 0 0 0 0"
 ycoef=" 0 0 1 0 0 0">
<Contour name="D39" hidden="false" closed="true" simplified="true" border="0 0 1" fill="0 0 1" mode="11"
 points="11.5804 28.6453,
	11.5291 28.6373,
	11.4828 28.6136,
	11.446 28.5769,
	11.4143 28.4792,
	11.4223 28.4279,
	11.446 28.3816,
	11.4828 28.3448,
	11.5291 28.3212,
	11.5804 28.3131,
	11.6317 28.3212,
	11.678 28.3448,
	11.7148 28.3816,
	11.7384 28.4279,
	11.7465 28.4792,
	11.7384 28.5305,
	11.7148 28.5769,
	11.678 28.6136,
	11.6317 28.6373,
	"/>
</Transform>

<Transform dim="0"
 xcoef=" 0 1 0 0 0 0"
 ycoef=" 0 0 1 0 0 0">
<Contour name="D56" hidden="false" closed="true" simplified="true" border="1 0 0" fill="1 0 0" mode="11"
 points="24.2356 23.1311,
	24.1924 23.1243,
	24.1534 23.1045,
	24.1224 23.0734,
	24.0957 22.9913,
	24.1025 22.948,
	24.1224 22.909,
	24.1534 22.8781,
	24.1924 22.8581,
	24.2356 22.8513,
	24.2788 22.8581,
	24.3179 22.8781,
	24.3488 22.909,
	24.3687 22.948,
	24.3756 22.9913,
	24.3687 23.0345,
	24.3488 23.0734,
	24.3179 23.1045,
	24.2788 23.1243,
	"/>
</Transform>

<Transform dim="0"
 xcoef=" 0 1 0 0 0 0"
 ycoef=" 0 0 1 0 0 0">
<Contour name="D31" hidden="false" closed="true" simplified="true" border="0 0 1" fill="0 0 1" mode="11"
 points="14.8142 19.0294,
	14.7605 19.0204,
	14.712 18.9942,
	14.6735 18.9536,
	14.6403 18.8453,
	14.6488 18.7885,
	14.6735 18.7371,
	14.712 18.6963,
	14.7605 18.6702,
	14.8142 18.6612,
	14.868 18.6702,
	14.9164 18.6963,
	14.9549 18.7371,
	14.9797 18.7885,
	14.9881 18.8453,
	14.9797 18.9022,
	14.9549 18.9536,
	14.9164 18.9942,
	14.868 19.0204,
	"/>
</Transform>

<Transform dim="0"
 xcoef=" 0 1 0 0 0 0"
 ycoef=" 0 0 1 0 0 0">
<Contour name="D28" hidden="false" closed="true" simplified="true" border="0 0 1" fill="0 0 1" mode="11"
 points="6.58421 23.9235,
	6.53556 23.9167,
	6.49168 23.8968,
	6.45686 23.8659,
	6.4268 23.7836,
	6.4345 23.7404,
	6.45686 23.7014,
	6.49168 23.6704,
	6.53556 23.6506,
	6.58421 23.6438,
	6.63285 23.6506,
	6.67674 23.6704,
	6.71155 23.7014,
	6.73392 23.7404,
	6.74162 23.7836,
	6.73392 23.8268,
	6.71155 23.8659,
	6.67674 23.8968,
	6.63285 23.9167,
	"/>
</Transform>

<Transform dim="0"
 xcoef=" 0 1 0 0 0 0"
 ycoef=" 0 0 1 0 0 0">
<Contour name="D38" hidden="false" closed="true" simplified="true" border="1 0 0" fill="1 0 0" mode="11"
 points="23.0471 22.6934,
	22.9958 22.6861,
	22.9494 22.665,
	22.9127 22.632,
	22.8809 22.5447,
	22.889 22.4988,
	22.9127 22.4573,
	22.9494 22.4244,
	22.9958 22.4033,
	23.0471 22.396,
	23.0984 22.4033,
	23.1447 22.4244,
	23.1815 22.4573,
	23.2051 22.4988,
	23.2132 22.5447,
	23.2051 22.5906,
	23.1815 22.632,
	23.1447 22.665,
	23.0984 22.6861,
	"/>
</Transform>

<Transform dim="0"
 xcoef=" 0 1 0 0 0 0"
 ycoef=" 0 0 1 0 0 0">
<Contour name="D01" hidden="false" closed="true" simplified="true" border="1 1 0" fill="1 1 0" mode="11"
 points="17.4105 26.2314,
	17.3599 26.2249,
	17.3143 26.206,
	17.278 26.1766,
	17.2468 26.0983,
	17.2549 26.0572,
	17.278 26.0202,
	17.3143 25.9908,
	17.3599 25.9719,
	17.4105 25.9654,
	17.461 25.9719,
	17.5067 25.9908,
	17.5429 26.0202,
	17.5662 26.0572,
	17.5741 26.0983,
	17.5662 26.1394,
	17.5429 26.1766,
	17.5067 26.206,
	17.461 26.2249,
	"/>
</Transform>

<Transform dim="0"
 xcoef=" 0 1 0 0 0 0"
 ycoef=" 0 0 1 0 0 0">
<Contour name="D63" hidden="false" closed="true" simplified="true" border="1 0 0" fill="1 0 0" mode="11"
 points="20.5519 26.9918,
	20.5293 26.9891,
	20.509 26.9811,
	20.4928 26.9687,
	20.4788 26.9358,
	20.4825 26.9185,
	20.4928 26.9029,
	20.509 26.8905,
	20.5293 26.8825,
	20.5519 26.8798,
	20.5744 26.8825,
	20.5948 26.8905,
	20.6109 26.9029,
	20.6212 26.9185,
	20.6248 26.9358,
	20.6212 26.9531,
	20.6109 26.9687,
	20.5948 26.9811,
	20.5744 26.9891,
	"/>
</Transform>

<Transform dim="0"
 xcoef=" 0 1 0 0 0 0"
 ycoef=" 0 0 1 0 0 0">
<Contour name="d28" hidden="false" closed="true" simplified="true" border="0 0 0" fill="0 0 0" mode="11"
 points="6.57323 24.5453,
	6.56284 24.544,
	6.54206 24.5297,
	6.53816 24.5258,
	6.53946 24.5205,
	6.54854 24.5101,
	6.55244 24.5063,
	6.55374 24.5011,
	6.55374 24.4985,
	6.55634 24.4958,
	6.55764 24.4855,
	6.55894 24.4803,
	6.55764 24.4751,
	6.54984 24.466,
	6.54595 24.4608,
	6.54076 24.4608,
	6.53816 24.4582,
	6.51738 24.4557,
	6.51218 24.4557,
	6.5031 24.4621,
	6.4927 24.466,
	6.48751 24.47,
	6.48231 24.4712,
	6.46153 24.4829,
	6.45114 24.4868,
	6.44205 24.4933,
	6.43166 24.4972,
	6.42777 24.4946,
	6.40699 24.4958,
	6.3862 24.492,
	6.38101 24.4881,
	6.37581 24.4868,
	6.37062 24.4829,
	6.36543 24.4816,
	6.34594 24.4673,
	6.33686 24.4608,
	6.33426 24.4608,
	6.33296 24.4582,
	6.33036 24.4582,
	6.31997 24.4517,
	6.30957 24.4491,
	6.29919 24.444,
	6.29659 24.444,
	6.2914 24.4401,
	6.27191 24.4323,
	6.26672 24.4284,
	6.26153 24.4271,
	6.22256 24.4037,
	6.21347 24.3958,
	6.21087 24.3958,
	6.20697 24.3907,
	6.19529 24.3504,
	6.19399 24.3297,
	6.19399 24.3193,
	6.19789 24.3088,
	6.19919 24.3037,
	6.21087 24.2855,
	6.21866 24.2777,
	6.23425 24.257,
	6.24334 24.2491,
	6.24204 24.2387,
	6.23814 24.2284,
	6.22516 24.2088,
	6.21736 24.2011,
	6.20957 24.1907,
	6.19399 24.1738,
	6.18749 24.1647,
	6.18749 24.1621,
	6.1849 24.1608,
	6.1849 24.1582,
	6.181 24.153,
	6.16801 24.1114,
	6.16801 24.1063,
	6.16542 24.105,
	6.16412 24.0946,
	6.16022 24.0842,
	6.15892 24.079,
	6.15503 24.0764,
	6.15373 24.0712,
	6.15113 24.0686,
	6.15113 24.066,
	6.14723 24.0608,
	6.14333 24.0517,
	6.13684 24.0427,
	6.13294 24.0335,
	6.13035 24.031,
	6.12905 24.0257,
	6.12516 24.0205,
	6.12516 24.0101,
	6.12516 24.005,
	6.13294 23.9958,
	6.13294 23.9933,
	6.13944 23.9828,
	6.14204 23.9777,
	6.14723 23.9725,
	6.14723 23.9698,
	6.15243 23.9647,
	6.15892 23.9556,
	6.16282 23.9517,
	6.16412 23.9465,
	6.16931 23.944,
	6.1758 23.9335,
	6.1758 23.931,
	6.1797 23.9257,
	6.181 23.9154,
	6.1823 23.9141,
	6.181 23.9088,
	6.1771 23.9037,
	6.1758 23.8984,
	6.1719 23.8933,
	6.17061 23.8881,
	6.16801 23.8855,
	6.16801 23.8828,
	6.16022 23.8725,
	6.15632 23.8634,
	6.15373 23.8621,
	6.15373 23.8595,
	6.13424 23.8427,
	6.11346 23.8297,
	6.10307 23.8218,
	6.09659 23.8114,
	6.09139 23.7907,
	6.09139 23.7868,
	6.09139 23.7854,
	6.09529 23.7803,
	6.09659 23.7751,
	6.10047 23.7698,
	6.10957 23.7491,
	6.11606 23.7283,
	6.11996 23.7075,
	6.11996 23.6868,
	6.12386 23.6777,
	6.12386 23.6725,
	6.13554 23.6543,
	6.14204 23.644,
	6.14204 23.6413,
	6.14593 23.6361,
	6.14723 23.6322,
	6.15632 23.6244,
	6.16152 23.6193,
	6.16412 23.6193,
	6.1823 23.6075,
	6.20307 23.6011,
	6.21087 23.5945,
	6.21736 23.5738,
	6.21866 23.553,
	6.21866 23.5426,
	6.21477 23.5218,
	6.21477 23.501,
	6.21866 23.4907,
	6.22516 23.4803,
	6.23295 23.4724,
	6.23814 23.4698,
	6.23944 23.4673,
	6.24853 23.4634,
	6.25373 23.4621,
	6.25893 23.4581,
	6.30049 23.4452,
	6.31087 23.4426,
	6.31217 23.44,
	6.32256 23.4387,
	6.33686 23.4193,
	6.34594 23.4127,
	6.36673 23.4063,
	6.40828 23.405,
	6.44984 23.4114,
	6.47063 23.4153,
	6.51218 23.4193,
	6.51738 23.4218,
	6.52777 23.4231,
	6.54854 23.4296,
	6.55374 23.4335,
	6.55894 23.4348,
	6.56803 23.4413,
	6.57193 23.4452,
	6.57713 23.4465,
	6.58751 23.453,
	6.5953 23.4595,
	6.6057 23.466,
	6.61348 23.4724,
	6.61608 23.4724,
	6.62387 23.479,
	6.62517 23.4816,
	6.62777 23.4816,
	6.63167 23.4854,
	6.63427 23.4867,
	6.63427 23.4894,
	6.63687 23.4894,
	6.65504 23.5063,
	6.65764 23.5114,
	6.67453 23.5257,
	6.67843 23.5283,
	6.68881 23.5374,
	6.69011 23.54,
	6.69531 23.5413,
	6.69791 23.5465,
	6.7031 23.5478,
	6.7122 23.5543,
	6.7135 23.5568,
	6.73297 23.5647,
	6.73687 23.566,
	6.74077 23.5698,
	6.74467 23.5711,
	6.76284 23.5854,
	6.77324 23.5945,
	6.77843 23.5984,
	6.78103 23.6024,
	6.79141 23.6088,
	6.79141 23.6114,
	6.80051 23.6205,
	6.8044 23.6257,
	6.807 23.627,
	6.807 23.6297,
	6.8122 23.6348,
	6.8174 23.644,
	6.82648 23.6543,
	6.83947 23.6738,
	6.84207 23.6764,
	6.84467 23.6868,
	6.84727 23.692,
	6.84857 23.7751,
	6.84857 23.7854,
	6.85116 23.7958,
	6.85375 23.8011,
	6.85375 23.8063,
	6.85895 23.8154,
	6.85895 23.8205,
	6.86804 23.8284,
	6.87064 23.8322,
	6.87973 23.84,
	6.88623 23.8504,
	6.88882 23.8556,
	6.89142 23.8582,
	6.89921 23.879,
	6.89921 23.8841,
	6.90571 23.905,
	6.9096 23.9257,
	6.9109 23.9465,
	6.9109 23.957,
	6.9174 23.9777,
	6.92648 23.9984,
	6.93948 24.018,
	6.94727 24.0257,
	6.95507 24.0361,
	6.96155 24.044,
	6.97194 24.0517,
	6.97584 24.0556,
	6.97584 24.0582,
	6.98494 24.0673,
	6.99142 24.0751,
	6.99402 24.0777,
	6.99402 24.0803,
	7.01091 24.0998,
	7.0174 24.1088,
	7.02 24.1128,
	7.0226 24.1141,
	7.0226 24.1167,
	7.03558 24.1335,
	7.04468 24.1517,
	7.06675 24.2348,
	7.06805 24.2764,
	7.06935 24.2816,
	7.07195 24.2842,
	7.07065 24.305,
	7.06805 24.3101,
	7.06805 24.3128,
	7.06415 24.318,
	7.06155 24.3193,
	7.06155 24.3218,
	7.05637 24.3258,
	7.05637 24.3284,
	7.03948 24.3452,
	7.03428 24.3478,
	7.03038 24.353,
	7.02779 24.353,
	7.02779 24.3557,
	7.0226 24.3595,
	7.0226 24.3621,
	7.00571 24.3803,
	6.99792 24.3907,
	6.98104 24.405,
	6.96155 24.418,
	6.95765 24.4205,
	6.95507 24.4205,
	6.94987 24.4244,
	6.90831 24.4335,
	6.89791 24.4374,
	6.89272 24.4374,
	6.87194 24.4465,
	6.86155 24.4491,
	6.85635 24.4517,
	6.85375 24.4517,
	6.85246 24.4544,
	6.83168 24.4582,
	6.82128 24.4608,
	6.77973 24.4608,
	6.73817 24.47,
	6.71738 24.4725,
	6.67583 24.4712,
	6.65504 24.4687,
	6.64466 24.4687,
	6.63427 24.4738,
	6.63037 24.4777,
	6.62907 24.4829,
	6.62517 24.4881,
	6.62128 24.4985,
	6.61738 24.5024,
	6.61348 24.5128,
	6.61219 24.5231,
	6.61089 24.5284,
	6.6018 24.5361,
	6.5992 24.5387,
	6.58881 24.5414,
	6.58361 24.544,
	"/>
</Transform>

<Transform dim="0"
 xcoef=" 0 1 0 0 0 0"
 ycoef=" 0 0 1 0 0 0">
<Contour name="d39" hidden="false" closed="true" simplified="true" border="0 0.501961 0" fill="0 0 0" mode="11"
 points="11.3869 28.9533,
	11.3655 28.9433,
	11.3626 28.9433,
	11.354 28.9362,
	11.3427 28.929,
	11.334 28.9247,
	11.3226 28.9205,
	11.2998 28.9177,
	11.2884 28.9177,
	11.2826 28.9161,
	11.2727 28.9076,
	11.2683 28.9034,
	11.2683 28.9004,
	11.2612 28.8891,
	11.2569 28.8833,
	11.2483 28.8605,
	11.2441 28.8491,
	11.2383 28.8034,
	11.2369 28.7576,
	11.2369 28.7348,
	11.2369 28.7233,
	11.2355 28.7177,
	11.2355 28.7147,
	11.2326 28.7119,
	11.2254 28.689,
	11.2226 28.6876,
	11.2212 28.6819,
	11.2183 28.6791,
	11.2169 28.6733,
	11.2083 28.6634,
	11.2041 28.6519,
	11.1998 28.6461,
	11.1983 28.6405,
	11.194 28.6348,
	11.184 28.6133,
	11.1797 28.6019,
	11.1755 28.5962,
	11.1755 28.5905,
	11.1727 28.5876,
	11.1697 28.5762,
	11.1669 28.5704,
	11.1669 28.5676,
	11.164 28.5648,
	11.1626 28.5533,
	11.1584 28.5419,
	11.1554 28.5191,
	11.1554 28.4962,
	11.1554 28.4948,
	11.1554 28.4933,
	11.157 28.4819,
	11.164 28.459,
	11.1683 28.4476,
	11.1755 28.4376,
	11.1855 28.4276,
	11.1955 28.4205,
	11.2012 28.4147,
	11.2112 28.4076,
	11.224 28.3948,
	11.2383 28.3761,
	11.2483 28.3662,
	11.2555 28.3562,
	11.2555 28.3533,
	11.264 28.3433,
	11.264 28.3405,
	11.2712 28.329,
	11.2741 28.3276,
	11.2783 28.3161,
	11.2812 28.3147,
	11.2812 28.3091,
	11.2855 28.2976,
	11.2884 28.2747,
	11.2954 28.2519,
	11.3055 28.2304,
	11.3112 28.2205,
	11.3198 28.2105,
	11.3412 28.1962,
	11.3526 28.189,
	11.3555 28.189,
	11.3669 28.1819,
	11.3727 28.1791,
	11.3783 28.1791,
	11.3841 28.1747,
	11.3954 28.1719,
	11.4012 28.169,
	11.4041 28.169,
	11.4069 28.1662,
	11.4512 28.1519,
	11.4626 28.1476,
	11.4683 28.1476,
	11.5141 28.129,
	11.5255 28.1233,
	11.5312 28.1233,
	11.5427 28.1176,
	11.5655 28.1147,
	11.5884 28.1162,
	11.6112 28.1233,
	11.6226 28.1276,
	11.6284 28.129,
	11.6312 28.1319,
	11.6769 28.1405,
	11.7226 28.1419,
	11.7684 28.1405,
	11.7912 28.139,
	11.8141 28.1419,
	11.8155 28.1447,
	11.8269 28.1476,
	11.8384 28.1533,
	11.8441 28.1548,
	11.8555 28.1618,
	11.8584 28.1618,
	11.8626 28.1662,
	11.8684 28.1676,
	11.8741 28.1719,
	11.8797 28.1719,
	11.8912 28.1775,
	11.9026 28.1805,
	11.9083 28.1833,
	11.9998 28.1862,
	12.0226 28.189,
	12.034 28.1904,
	12.0569 28.1976,
	12.0612 28.2004,
	12.064 28.2004,
	12.0755 28.2091,
	12.0783 28.2091,
	12.0869 28.2161,
	12.0955 28.2262,
	12.1012 28.229,
	12.1012 28.2319,
	12.1112 28.2405,
	12.1312 28.2618,
	12.1326 28.2676,
	12.1355 28.269,
	12.1497 28.3147,
	12.1569 28.3262,
	12.164 28.3333,
	12.1869 28.3405,
	12.1984 28.3433,
	12.2012 28.3461,
	12.2069 28.3461,
	12.2183 28.3505,
	12.2412 28.3519,
	12.2469 28.3519,
	12.2583 28.3461,
	12.2926 28.3461,
	12.304 28.3519,
	12.3098 28.3547,
	12.3127 28.3576,
	12.3155 28.3576,
	12.3255 28.3662,
	12.3326 28.3761,
	12.3354 28.3776,
	12.337 28.3833,
	12.3412 28.389,
	12.3483 28.4105,
	12.3527 28.4562,
	12.3527 28.5019,
	12.3455 28.5248,
	12.3426 28.5362,
	12.3426 28.539,
	12.3354 28.5505,
	12.334 28.5562,
	12.3312 28.559,
	12.3227 28.5819,
	12.3098 28.6048,
	12.3055 28.6105,
	12.3055 28.6133,
	12.2984 28.6219,
	12.2926 28.6334,
	12.2812 28.6447,
	12.2684 28.6533,
	12.2626 28.6576,
	12.2598 28.6576,
	12.2141 28.689,
	12.1912 28.7004,
	12.1855 28.7019,
	12.1827 28.7019,
	12.1798 28.7048,
	12.1569 28.7119,
	12.1455 28.7177,
	12.134 28.7205,
	12.1284 28.7205,
	12.1169 28.7247,
	12.0941 28.729,
	12.0712 28.7362,
	12.0598 28.7447,
	12.0497 28.7491,
	12.004 28.7576,
	11.9984 28.7576,
	11.9926 28.7605,
	11.9898 28.7605,
	11.9869 28.7634,
	11.9841 28.7634,
	11.9755 28.7719,
	11.9684 28.7948,
	11.964 28.8004,
	11.9626 28.8062,
	11.9541 28.8133,
	11.9426 28.8205,
	11.9369 28.8247,
	11.9269 28.829,
	11.9241 28.8319,
	11.9183 28.8334,
	11.9127 28.8376,
	11.9083 28.839,
	11.8883 28.8547,
	11.8769 28.8619,
	11.8654 28.8633,
	11.7755 28.8933,
	11.7698 28.8933,
	11.724 28.9076,
	11.7127 28.9119,
	11.7069 28.9119,
	11.6954 28.9161,
	11.6041 28.9304,
	11.5812 28.9304,
	11.5584 28.9334,
	11.5355 28.9404,
	11.4898 28.9447,
	11.4441 28.9519,
	11.3984 28.9533,
	"/>
</Transform>

<Transform dim="0"
 xcoef=" 0 1 0 0 0 0"
 ycoef=" 0 0 1 0 0 0">
<Contour name="D61" hidden="false" closed="true" simplified="true" border="1 0 0" fill="1 0 0" mode="11"
 points="19.8049 29.0955,
	19.7709 29.0896,
	19.7402 29.0721,
	19.7159 29.0451,
	19.6949 28.973,
	19.7003 28.9352,
	19.7159 28.901,
	19.7402 28.8739,
	19.7709 28.8565,
	19.8049 28.8505,
	19.8388 28.8565,
	19.8695 28.8739,
	19.8938 28.901,
	19.9094 28.9352,
	19.9148 28.973,
	19.9094 29.0109,
	19.8938 29.0451,
	19.8695 29.0721,
	19.8388 29.0896,
	"/>
</Transform>

<Transform dim="0"
 xcoef=" 0 1 0 0 0 0"
 ycoef=" 0 0 1 0 0 0">
<Contour name="d56" hidden="false" closed="true" simplified="true" border="0 0 0" fill="0 0 0" mode="11"
 points="24.353 23.4566,
	24.3158 23.4531,
	24.2973 23.4474,
	24.2961 23.445,
	24.2868 23.4426,
	24.2683 23.4346,
	24.2589 23.4323,
	24.2543 23.4299,
	24.252 23.4299,
	24.2474 23.4264,
	24.2102 23.4159,
	24.1917 23.4125,
	24.1545 23.4102,
	24.1359 23.4067,
	24.1173 23.3985,
	24.1127 23.3962,
	24.0941 23.3951,
	24.0848 23.3939,
	24.0802 23.3928,
	24.0708 23.3869,
	24.0662 23.3846,
	24.0569 23.3834,
	24.0523 23.3823,
	24.0464 23.3765,
	24.0418 23.3754,
	24.0233 23.3603,
	24.0047 23.351,
	23.9954 23.3475,
	23.9861 23.3416,
	23.9815 23.3405,
	23.9721 23.3347,
	23.9629 23.3312,
	23.9605 23.3312,
	23.9594 23.3288,
	23.9547 23.3277,
	23.9524 23.3254,
	23.9339 23.3196,
	23.9152 23.3114,
	23.8978 23.301,
	23.8793 23.2929,
	23.87 23.2847,
	23.8606 23.279,
	23.8572 23.2743,
	23.8526 23.2719,
	23.8526 23.2696,
	23.8444 23.2639,
	23.8352 23.2557,
	23.8339 23.2511,
	23.8305 23.2465,
	23.8282 23.2372,
	23.7991 23.2,
	23.791 23.1907,
	23.7887 23.1907,
	23.7817 23.1826,
	23.7632 23.1675,
	23.7539 23.1617,
	23.7376 23.1431,
	23.7283 23.1245,
	23.7214 23.106,
	23.7178 23.0966,
	23.697 23.0594,
	23.6842 23.0409,
	23.6796 23.0363,
	23.6772 23.0316,
	23.6679 23.0235,
	23.6633 23.0189,
	23.6517 23.0002,
	23.6458 22.991,
	23.6401 22.9538,
	23.6378 22.9353,
	23.633 22.9166,
	23.6307 22.912,
	23.6296 22.9027,
	23.6227 22.8841,
	23.6191 22.8656,
	23.6191 22.8563,
	23.6191 22.8551,
	23.6191 22.8539,
	23.6307 22.8167,
	23.6366 22.7982,
	23.6378 22.761,
	23.6378 22.7425,
	23.6389 22.7331,
	23.6563 22.6972,
	23.6621 22.6879,
	23.6621 22.6856,
	23.6656 22.6809,
	23.6668 22.6762,
	23.6911 22.6391,
	23.7202 22.6031,
	23.7329 22.5845,
	23.7353 22.5834,
	23.7353 22.5811,
	23.7445 22.5718,
	23.7596 22.5544,
	23.7596 22.5521,
	23.7771 22.5334,
	23.8037 22.4963,
	23.8165 22.4777,
	23.8201 22.4684,
	23.8259 22.4591,
	23.8293 22.4499,
	23.8316 22.4452,
	23.8328 22.4359,
	23.8259 22.4173,
	23.8235 22.4081,
	23.8212 22.3709,
	23.8201 22.3523,
	23.8201 22.343,
	23.8177 22.3337,
	23.8165 22.2966,
	23.8165 22.2919,
	23.8188 22.2873,
	23.8235 22.285,
	23.8316 22.2768,
	23.8409 22.2733,
	23.8456 22.2733,
	23.8503 22.271,
	23.9246 22.2699,
	23.9339 22.2722,
	23.9385 22.2722,
	23.957 22.2779,
	23.9756 22.2861,
	23.9849 22.2907,
	23.9942 22.2977,
	23.9977 22.3012,
	24.0023 22.3023,
	24.0198 22.3174,
	24.0221 22.3197,
	24.0233 22.3186,
	24.0313 22.3268,
	24.05 22.3395,
	24.0685 22.3499,
	24.0732 22.3523,
	24.0918 22.3558,
	24.0964 22.3581,
	24.115 22.3604,
	24.1336 22.3663,
	24.1428 22.3674,
	24.1615 22.3743,
	24.1707 22.379,
	24.2079 22.386,
	24.2265 22.3917,
	24.245 22.3953,
	24.2543 22.3964,
	24.2729 22.3953,
	24.2822 22.3964,
	24.3008 22.4022,
	24.3194 22.4127,
	24.3286 22.4185,
	24.3461 22.4347,
	24.3647 22.4452,
	24.3821 22.4626,
	24.3891 22.4707,
	24.3891 22.473,
	24.425 22.5079,
	24.4332 22.5172,
	24.439 22.5265,
	24.4471 22.5358,
	24.4506 22.5404,
	24.4517 22.545,
	24.4599 22.5544,
	24.4611 22.559,
	24.4762 22.5775,
	24.4842 22.5868,
	24.4901 22.5962,
	24.4947 22.6008,
	24.4959 22.6054,
	24.504 22.6147,
	24.5052 22.6193,
	24.5086 22.624,
	24.5098 22.6287,
	24.5133 22.6333,
	24.5203 22.6519,
	24.5214 22.6611,
	24.5249 22.6705,
	24.5308 22.6798,
	24.5308 22.6821,
	24.5458 22.6995,
	24.5539 22.7088,
	24.5574 22.7134,
	24.5574 22.7157,
	24.5621 22.718,
	24.5632 22.7228,
	24.5783 22.7413,
	24.5957 22.7598,
	24.6143 22.7761,
	24.6236 22.7843,
	24.6282 22.7854,
	24.6306 22.79,
	24.6492 22.8017,
	24.6585 22.8075,
	24.677 22.8144,
	24.6956 22.8249,
	24.7141 22.84,
	24.7305 22.8586,
	24.742 22.8772,
	24.742 22.8795,
	24.7467 22.8841,
	24.749 22.8864,
	24.749 22.8887,
	24.7513 22.8911,
	24.7548 22.9282,
	24.7584 22.9376,
	24.7607 22.9422,
	24.7607 22.9445,
	24.7781 22.9631,
	24.7827 22.9677,
	24.785 22.9701,
	24.785 22.9724,
	24.7931 22.9805,
	24.7989 22.9899,
	24.8025 22.9945,
	24.8025 22.9968,
	24.8094 23.0061,
	24.8128 23.0153,
	24.8233 23.034,
	24.8338 23.0711,
	24.8396 23.0897,
	24.8477 23.1268,
	24.8512 23.164,
	24.85 23.2011,
	24.8477 23.2104,
	24.8454 23.215,
	24.8443 23.2244,
	24.8361 23.2429,
	24.8373 23.2452,
	24.8303 23.2639,
	24.821 23.2824,
	24.8199 23.287,
	24.8153 23.2894,
	24.8059 23.308,
	24.8001 23.3173,
	24.7838 23.3359,
	24.7746 23.3439,
	24.7559 23.3556,
	24.7513 23.3567,
	24.7467 23.3603,
	24.7444 23.3603,
	24.7258 23.373,
	24.7246 23.3754,
	24.7154 23.3777,
	24.713 23.3777,
	24.7038 23.3834,
	24.6851 23.3869,
	24.6666 23.3928,
	24.5923 23.4032,
	24.518 23.409,
	24.4993 23.4125,
	24.4901 23.4148,
	24.4529 23.4323,
	24.4436 23.4357,
	24.439 23.4369,
	24.4344 23.4403,
	24.432 23.4403,
	24.4273 23.4438,
	24.4088 23.4497,
	24.3995 23.4531,
	24.3948 23.4531,
	24.3902 23.4554,
	"/>
</Transform>

<Transform dim="0"
 xcoef=" 0 1 0 0 0 0"
 ycoef=" 0 0 1 0 0 0">
<Contour name="d28sp06" hidden="false" closed="true" simplified="true" border="1 0 0" fill="1 0 0" mode="11"
 points="7.35521 24.1171,
	7.34561 24.1159,
	7.34082 24.1147,
	7.33961 24.1136,
	7.33721 24.113,
	7.32762 24.1136,
	7.31802 24.113,
	7.31322 24.113,
	7.30841 24.1111,
	7.30362 24.1105,
	7.29881 24.1087,
	7.29642 24.1081,
	7.29522 24.1069,
	7.29402 24.1069,
	7.28502 24.1003,
	7.28382 24.1003,
	7.27721 24.0919,
	7.27662 24.0895,
	7.27002 24.0811,
	7.26942 24.0787,
	7.26341 24.0704,
	7.26161 24.0679,
	7.25982 24.0637,
	7.25802 24.0613,
	7.25682 24.0601,
	7.25621 24.0577,
	7.25382 24.0553,
	7.25382 24.0541,
	7.25082 24.0493,
	7.24901 24.0469,
	7.24901 24.0457,
	7.24722 24.0433,
	7.24601 24.0422,
	7.24542 24.0397,
	7.24362 24.0373,
	7.24302 24.0349,
	7.24181 24.0343,
	7.24181 24.0331,
	7.23822 24.0295,
	7.23641 24.0247,
	7.23341 24.0199,
	7.23341 24.0187,
	7.23162 24.0163,
	7.23041 24.0151,
	7.22682 24.0055,
	7.22621 23.9959,
	7.22621 23.9935,
	7.22621 23.9929,
	7.22621 23.9923,
	7.22802 23.9875,
	7.22802 23.9852,
	7.23461 23.9659,
	7.23702 23.9617,
	7.24481 23.9551,
	7.25442 23.9515,
	7.25921 23.9509,
	7.26402 23.9491,
	7.26642 23.9479,
	7.26881 23.9479,
	7.27002 23.9467,
	7.27242 23.9467,
	7.27721 23.9449,
	7.28682 23.9437,
	7.32522 23.9432,
	7.33482 23.9437,
	7.34441 23.9455,
	7.35401 23.9461,
	7.36361 23.9485,
	7.36841 23.9509,
	7.37801 23.9533,
	7.38281 23.9551,
	7.38521 23.9557,
	7.38641 23.9557,
	7.38882 23.9576,
	7.39002 23.9576,
	7.39121 23.9587,
	7.39361 23.9593,
	7.39481 23.9593,
	7.39722 23.9611,
	7.39961 23.9617,
	7.40442 23.9647,
	7.40621 23.9665,
	7.40862 23.9671,
	7.41702 23.9737,
	7.42181 23.9773,
	7.43142 23.9869,
	7.43621 23.9917,
	7.44221 24.0007,
	7.44521 24.0055,
	7.44581 24.0103,
	7.44761 24.0151,
	7.44761 24.0343,
	7.44461 24.0439,
	7.44041 24.0535,
	7.42781 24.071,
	7.42422 24.0751,
	7.42181 24.0769,
	7.41882 24.0811,
	7.41041 24.0889,
	7.40621 24.0919,
	7.40322 24.0937,
	7.40201 24.0949,
	7.40081 24.0949,
	7.39661 24.0979,
	7.39541 24.0997,
	7.39061 24.1027,
	7.38821 24.1039,
	7.38701 24.1051,
	7.38582 24.1051,
	7.38401 24.1075,
	7.38162 24.1087,
	7.38042 24.1111,
	7.37622 24.1136,
	7.37442 24.1153,
	7.36482 24.1171,
	"/>
</Transform>

<Transform dim="0"
 xcoef=" 0 1 0 0 0 0"
 ycoef=" 0 0 1 0 0 0">
<Contour name="d56sp10" hidden="false" closed="true" simplified="true" border="1 0 0" fill="1 0 0" mode="11"
 points="24.9109 22.4833,
	24.9067 22.4815,
	24.9055 22.4815,
	24.9031 22.4797,
	24.9007 22.4791,
	24.9001 22.4778,
	24.8976 22.4772,
	24.8953 22.4754,
	24.8905 22.4736,
	24.8881 22.4724,
	24.8869 22.4712,
	24.882 22.4694,
	24.8778 22.4664,
	24.8766 22.4664,
	24.8742 22.464,
	24.8566 22.4525,
	24.8524 22.4482,
	24.8506 22.4464,
	24.85 22.4452,
	24.8476 22.4446,
	24.8464 22.4446,
	24.8374 22.4386,
	24.835 22.4368,
	24.8253 22.4326,
	24.8229 22.432,
	24.8181 22.429,
	24.8132 22.4272,
	24.8084 22.4242,
	24.806 22.4236,
	24.7963 22.4175,
	24.7945 22.4157,
	24.7921 22.4157,
	24.788 22.4127,
	24.7813 22.4036,
	24.7813 22.4024,
	24.7801 22.4012,
	24.7801 22.3988,
	24.7783 22.394,
	24.7765 22.3843,
	24.7747 22.3796,
	24.7716 22.3602,
	24.7716 22.3409,
	24.7716 22.3385,
	24.7716 22.3373,
	24.7716 22.3367,
	24.7741 22.3271,
	24.7753 22.3223,
	24.7759 22.3198,
	24.7759 22.3186,
	24.7771 22.3174,
	24.7825 22.2787,
	24.7831 22.2692,
	24.7868 22.2498,
	24.7868 22.245,
	24.7897 22.2353,
	24.7909 22.2305,
	24.7909 22.2293,
	24.7921 22.2281,
	24.7927 22.2257,
	24.7987 22.2161,
	24.7999 22.2137,
	24.7999 22.2125,
	24.806 22.2034,
	24.8078 22.201,
	24.8096 22.1962,
	24.8114 22.1937,
	24.8175 22.1744,
	24.8187 22.172,
	24.8187 22.1708,
	24.8205 22.1684,
	24.8217 22.1636,
	24.8229 22.1612,
	24.8241 22.16,
	24.8253 22.1552,
	24.8283 22.1503,
	24.829 22.1479,
	24.8332 22.1431,
	24.8332 22.1419,
	24.841 22.1334,
	24.844 22.1286,
	24.8458 22.1262,
	24.8464 22.1238,
	24.85 22.1195,
	24.8512 22.1147,
	24.8524 22.1129,
	24.8524 22.1118,
	24.8536 22.1112,
	24.8548 22.1063,
	24.8585 22.1021,
	24.8585 22.0997,
	24.8615 22.0949,
	24.8633 22.09,
	24.8651 22.0876,
	24.8651 22.0864,
	24.8669 22.084,
	24.8675 22.0816,
	24.8711 22.0767,
	24.873 22.0719,
	24.8748 22.0695,
	24.8754 22.0671,
	24.8766 22.0659,
	24.8766 22.0646,
	24.8826 22.0569,
	24.8857 22.0527,
	24.8881 22.0508,
	24.8893 22.049,
	24.8941 22.046,
	24.8965 22.0448,
	24.9061 22.043,
	24.9254 22.0436,
	24.9351 22.0454,
	24.9399 22.0472,
	24.9405 22.0484,
	24.943 22.0484,
	24.9448 22.0496,
	24.946 22.0496,
	24.9466 22.0508,
	24.949 22.0514,
	24.9508 22.0533,
	24.9519 22.0533,
	24.9537 22.0551,
	24.9555 22.0557,
	24.9574 22.0581,
	24.9592 22.0592,
	24.9628 22.0634,
	24.9652 22.0652,
	24.9664 22.0677,
	24.9713 22.0719,
	24.9894 22.0846,
	24.9918 22.0852,
	25.0092 22.0985,
	25.0134 22.1021,
	25.0159 22.1045,
	25.0159 22.1057,
	25.0183 22.1075,
	25.0243 22.1153,
	25.0249 22.1177,
	25.0322 22.1274,
	25.0376 22.1371,
	25.0388 22.1383,
	25.0388 22.1395,
	25.0419 22.1437,
	25.0491 22.163,
	25.0497 22.1678,
	25.0515 22.1726,
	25.0521 22.1774,
	25.0551 22.1871,
	25.0593 22.1968,
	25.0629 22.2004,
	25.072 22.207,
	25.0744 22.2083,
	25.0756 22.2083,
	25.0768 22.2095,
	25.078 22.2095,
	25.0804 22.2119,
	25.0828 22.2125,
	25.084 22.2143,
	25.0865 22.2167,
	25.0895 22.2214,
	25.0907 22.2239,
	25.0907 22.2335,
	25.0877 22.2432,
	25.0865 22.248,
	25.0859 22.2492,
	25.0883 22.2541,
	25.0907 22.2559,
	25.0907 22.2571,
	25.0925 22.2583,
	25.0998 22.2674,
	25.1004 22.2698,
	25.1034 22.2745,
	25.1046 22.2757,
	25.1046 22.2781,
	25.1058 22.2806,
	25.1058 22.2818,
	25.107 22.283,
	25.1088 22.2878,
	25.1088 22.2902,
	25.11 22.2926,
	25.1112 22.3023,
	25.1106 22.312,
	25.1088 22.3168,
	25.1064 22.3192,
	25.1052 22.3216,
	25.0961 22.3306,
	25.0877 22.3373,
	25.0859 22.3397,
	25.0859 22.3409,
	25.0847 22.3421,
	25.0847 22.3433,
	25.0834 22.3445,
	25.0834 22.3469,
	25.0822 22.3481,
	25.0792 22.3578,
	25.0774 22.3626,
	25.0762 22.3651,
	25.075 22.3663,
	25.075 22.3687,
	25.072 22.3735,
	25.0708 22.3747,
	25.0701 22.3771,
	25.0576 22.3952,
	25.0497 22.4036,
	25.0497 22.4048,
	25.0455 22.4079,
	25.0431 22.4103,
	25.0419 22.4103,
	25.0376 22.4133,
	25.0352 22.4157,
	25.0328 22.4163,
	25.028 22.4193,
	25.0231 22.4205,
	25.0134 22.4248,
	25.0045 22.4308,
	25.0033 22.4308,
	25.0015 22.4326,
	25.0003 22.4326,
	24.9954 22.4368,
	24.9942 22.4368,
	24.9894 22.441,
	24.987 22.4416,
	24.9827 22.4452,
	24.9779 22.4476,
	24.9761 22.4494,
	24.9737 22.4501,
	24.9652 22.4567,
	24.9604 22.4597,
	24.9574 22.4615,
	24.9393 22.4736,
	24.9369 22.4748,
	24.9357 22.4748,
	24.9315 22.4778,
	24.9291 22.4791,
	24.9278 22.4791,
	24.9254 22.4809,
	24.923 22.4815,
	24.9206 22.4833,
	"/>
</Transform>

<Transform dim="0"
 xcoef=" 0 1 0 0 0 0"
 ycoef=" 0 0 1 0 0 0">
<Contour name="d39sp07" hidden="false" closed="true" simplified="true" border="1 0 0" fill="1 0 0" mode="11"
 points="11.5963 29.3734,
	11.5939 29.3722,
	11.5927 29.3722,
	11.592 29.3709,
	11.5908 29.3709,
	11.5902 29.3697,
	11.5853 29.3678,
	11.5829 29.3666,
	11.5779 29.366,
	11.5681 29.363,
	11.5631 29.3617,
	11.5607 29.3617,
	11.5583 29.3605,
	11.5385 29.3561,
	11.5287 29.3543,
	11.5237 29.3537,
	11.514 29.3506,
	11.509 29.35,
	11.5065 29.3494,
	11.5053 29.3494,
	11.5041 29.3482,
	11.4992 29.3476,
	11.4893 29.3445,
	11.4845 29.3426,
	11.4807 29.3426,
	11.4801 29.3414,
	11.4752 29.3402,
	11.4653 29.3353,
	11.461 29.3322,
	11.4568 29.3304,
	11.4524 29.3272,
	11.4493 29.3229,
	11.4493 29.3181,
	11.4493 29.3156,
	11.4493 29.315,
	11.4493 29.3143,
	11.4506 29.3119,
	11.4506 29.307,
	11.4524 29.3021,
	11.453 29.2971,
	11.453 29.2946,
	11.4549 29.2904,
	11.4549 29.2879,
	11.4562 29.2854,
	11.4562 29.2829,
	11.4598 29.2732,
	11.4616 29.2682,
	11.4671 29.2584,
	11.4703 29.254,
	11.4715 29.2534,
	11.4715 29.2522,
	11.4789 29.2429,
	11.4863 29.2362,
	11.4875 29.235,
	11.4887 29.235,
	11.4936 29.2319,
	11.4961 29.2307,
	11.4967 29.2295,
	11.5017 29.2276,
	11.5041 29.227,
	11.5059 29.2251,
	11.5108 29.2239,
	11.5134 29.2227,
	11.5146 29.2227,
	11.5152 29.2215,
	11.5201 29.2208,
	11.5398 29.214,
	11.5496 29.2122,
	11.5595 29.2116,
	11.5644 29.2116,
	11.5693 29.2134,
	11.5742 29.2166,
	11.5767 29.2178,
	11.5773 29.219,
	11.5797 29.2196,
	11.589 29.2257,
	11.5939 29.2282,
	11.5951 29.2295,
	11.5976 29.2301,
	11.6068 29.2356,
	11.608 29.2356,
	11.6105 29.2374,
	11.613 29.2381,
	11.6179 29.2411,
	11.6191 29.2411,
	11.6216 29.2429,
	11.624 29.2429,
	11.6339 29.2461,
	11.6363 29.2473,
	11.6561 29.2498,
	11.661 29.251,
	11.6659 29.251,
	11.6757 29.2534,
	11.6806 29.2534,
	11.6856 29.2546,
	11.6868 29.2559,
	11.6967 29.2596,
	11.7059 29.2651,
	11.7077 29.267,
	11.7089 29.267,
	11.7182 29.2738,
	11.7231 29.2762,
	11.725 29.2774,
	11.7262 29.2774,
	11.7274 29.2787,
	11.7287 29.2787,
	11.7372 29.2848,
	11.7384 29.2848,
	11.7428 29.2885,
	11.7459 29.2916,
	11.7459 29.2928,
	11.7471 29.294,
	11.7501 29.3039,
	11.752 29.3137,
	11.7526 29.3334,
	11.7526 29.3383,
	11.7501 29.3476,
	11.7459 29.3519,
	11.7366 29.3555,
	11.717 29.3561,
	11.7071 29.3561,
	11.7046 29.3575,
	11.6948 29.3587,
	11.685 29.3623,
	11.6825 29.3642,
	11.6727 29.3672,
	11.6628 29.3691,
	11.6431 29.3691,
	11.6333 29.3684,
	11.6136 29.3722,
	11.6038 29.3734,
	"/>
</Transform>

<Transform dim="0"
 xcoef=" 0 1 0 0 0 0"
 ycoef=" 0 0 1 0 0 0">
<Contour name="d63sp15" hidden="false" closed="true" simplified="true" border="1 0 0" fill="1 0 0" mode="11"
 points="20.5819 28.0564,
	20.5764 28.0553,
	20.571 28.053,
	20.5683 28.052,
	20.5676 28.052,
	20.5662 28.0509,
	20.5649 28.0506,
	20.5641 28.0506,
	20.559 28.0471,
	20.5563 28.0454,
	20.5546 28.0434,
	20.5523 28.0414,
	20.5516 28.04,
	20.5495 28.0383,
	20.5495 28.0377,
	20.5488 28.037,
	20.5488 28.0363,
	20.5481 28.0363,
	20.5447 28.0311,
	20.543 28.0284,
	20.5424 28.0281,
	20.542 28.0267,
	20.5403 28.0247,
	20.539 28.022,
	20.538 28.0205,
	20.5376 28.0192,
	20.5358 28.0165,
	20.5352 28.0151,
	20.5352 28.0138,
	20.5341 28.0111,
	20.5335 28.0097,
	20.5325 27.9988,
	20.5314 27.9934,
	20.5304 27.9906,
	20.5304 27.9892,
	20.5281 27.9838,
	20.5264 27.9814,
	20.5257 27.9801,
	20.5257 27.9794,
	20.5219 27.9746,
	20.5209 27.9722,
	20.5195 27.9715,
	20.5161 27.9665,
	20.5158 27.9651,
	20.5144 27.9636,
	20.5134 27.9609,
	20.5114 27.9582,
	20.5114 27.9576,
	20.5094 27.9549,
	20.5087 27.9521,
	20.508 27.9515,
	20.5042 27.9405,
	20.5032 27.935,
	20.5021 27.9323,
	20.5018 27.9296,
	20.5008 27.9269,
	20.5008 27.9242,
	20.4984 27.9133,
	20.4974 27.9079,
	20.4957 27.886,
	20.4912 27.8642,
	20.4899 27.8588,
	20.4892 27.8478,
	20.4892 27.8373,
	20.4892 27.837,
	20.4899 27.8315,
	20.4902 27.8288,
	20.4922 27.8237,
	20.4922 27.8224,
	20.4947 27.8168,
	20.4964 27.8141,
	20.4971 27.8135,
	20.4974 27.8121,
	20.4988 27.8108,
	20.5005 27.8087,
	20.5055 27.8049,
	20.511 27.8029,
	20.5165 27.8019,
	20.5219 27.8015,
	20.5247 27.8015,
	20.5274 27.8022,
	20.5287 27.8032,
	20.5294 27.8032,
	20.5318 27.8049,
	20.5331 27.8063,
	20.5386 27.8094,
	20.5413 27.8111,
	20.5427 27.8114,
	20.5454 27.8131,
	20.5509 27.8152,
	20.5523 27.8152,
	20.5536 27.8158,
	20.5972 27.8168,
	20.6026 27.8172,
	20.6053 27.8182,
	20.6082 27.8185,
	20.6136 27.8202,
	20.6186 27.8227,
	20.6193 27.8234,
	20.6207 27.8237,
	20.6258 27.8271,
	20.6282 27.8288,
	20.6299 27.8315,
	20.6316 27.8335,
	20.6371 27.8387,
	20.6418 27.8424,
	20.6442 27.8448,
	20.6449 27.8448,
	20.6476 27.8472,
	20.6504 27.8488,
	20.6518 27.8495,
	20.6524 27.8495,
	20.6531 27.8502,
	20.6585 27.852,
	20.6639 27.8523,
	20.6694 27.852,
	20.6722 27.8517,
	20.6735 27.8517,
	20.6762 27.8506,
	20.6776 27.8502,
	20.6782 27.8495,
	20.6838 27.8485,
	20.6892 27.8482,
	20.6947 27.8492,
	20.696 27.8495,
	20.7011 27.8527,
	20.7038 27.8544,
	20.7048 27.8554,
	20.7062 27.8608,
	20.7062 27.8663,
	20.7062 27.8677,
	20.7052 27.8704,
	20.7018 27.8758,
	20.7004 27.8768,
	20.6998 27.8781,
	20.6987 27.8788,
	20.697 27.8816,
	20.6954 27.887,
	20.6943 27.8897,
	20.6937 27.9007,
	20.694 27.9116,
	20.6943 27.917,
	20.6933 27.9225,
	20.6933 27.9239,
	20.6905 27.9293,
	20.6888 27.932,
	20.6885 27.9333,
	20.6875 27.9347,
	20.6858 27.9402,
	20.6848 27.9456,
	20.6844 27.9483,
	20.6868 27.9538,
	20.6875 27.9552,
	20.6881 27.9555,
	20.6885 27.9569,
	20.6909 27.9596,
	20.6933 27.9616,
	20.6947 27.962,
	20.6954 27.962,
	20.6977 27.964,
	20.6981 27.9749,
	20.6957 27.9804,
	20.695 27.9831,
	20.694 27.9845,
	20.6922 27.9899,
	20.6909 27.9926,
	20.6909 27.9934,
	20.6895 27.9947,
	20.6895 27.9954,
	20.6858 28.0005,
	20.681 28.0049,
	20.6797 28.0056,
	20.6765 28.008,
	20.6742 28.0097,
	20.6694 28.0141,
	20.6664 28.0195,
	20.6647 28.0213,
	20.6647 28.022,
	20.6609 28.0274,
	20.6609 28.0281,
	20.6538 28.0377,
	20.6496 28.0421,
	20.6469 28.0437,
	20.6456 28.0444,
	20.6449 28.0451,
	20.6395 28.0461,
	20.634 28.0465,
	20.6313 28.0468,
	20.6289 28.0485,
	20.6275 28.0488,
	20.6269 28.0495,
	20.6159 28.0526,
	20.6132 28.053,
	20.6119 28.0537,
	20.6064 28.0547,
	20.6037 28.0553,
	20.6009 28.0553,
	20.5982 28.056,
	20.5873 28.0564,
	"/>
</Transform>

<Transform dim="0"
 xcoef=" 0 1 0 0 0 0"
 ycoef=" 0 0 1 0 0 0">
<Contour name="d63sp11" hidden="false" closed="true" simplified="true" border="1 0 0" fill="1 0 0" mode="11"
 points="20.7447 25.9691,
	20.7331 25.9677,
	20.7102 25.9627,
	20.6987 25.9605,
	20.6958 25.9583,
	20.6929 25.9576,
	20.6914 25.9561,
	20.6886 25.9554,
	20.6828 25.9511,
	20.6756 25.9403,
	20.6735 25.9375,
	20.672 25.9368,
	20.672 25.9353,
	20.6656 25.9238,
	20.6612 25.9181,
	20.6569 25.9137,
	20.6541 25.9123,
	20.6526 25.9123,
	20.6425 25.9029,
	20.639 25.8972,
	20.6368 25.895,
	20.636 25.8922,
	20.6282 25.8821,
	20.6267 25.8814,
	20.6267 25.8799,
	20.6216 25.8741,
	20.6181 25.8698,
	20.6102 25.859,
	20.6065 25.8547,
	20.603 25.849,
	20.6008 25.8432,
	20.5987 25.8404,
	20.5972 25.8346,
	20.5972 25.8231,
	20.5987 25.8116,
	20.6015 25.8001,
	20.6015 25.7771,
	20.6015 25.7656,
	20.6015 25.7598,
	20.5951 25.7368,
	20.5951 25.7354,
	20.5937 25.7347,
	20.5893 25.7238,
	20.5879 25.721,
	20.5864 25.7196,
	20.5864 25.7166,
	20.585 25.7138,
	20.5843 25.7022,
	20.5864 25.6908,
	20.5871 25.6793,
	20.5864 25.6735,
	20.5814 25.662,
	20.5778 25.6505,
	20.5763 25.6447,
	20.5763 25.639,
	20.5742 25.6274,
	20.5742 25.6159,
	20.5742 25.6152,
	20.5742 25.6145,
	20.5763 25.6088,
	20.5763 25.6059,
	20.5814 25.5944,
	20.5857 25.5886,
	20.5871 25.5857,
	20.5921 25.5814,
	20.598 25.5793,
	20.6095 25.5771,
	20.6209 25.5735,
	20.6267 25.5728,
	20.6296 25.5713,
	20.631 25.5713,
	20.6339 25.5692,
	20.6397 25.567,
	20.6454 25.5635,
	20.6468 25.5635,
	20.6526 25.5591,
	20.6555 25.5577,
	20.6584 25.5548,
	20.6612 25.5534,
	20.6626 25.5534,
	20.6677 25.5491,
	20.6706 25.5484,
	20.6735 25.5454,
	20.6843 25.5383,
	20.6871 25.5376,
	20.7088 25.5225,
	20.718 25.5117,
	20.7188 25.5088,
	20.7224 25.5051,
	20.7224 25.5037,
	20.7303 25.493,
	20.7324 25.4923,
	20.7382 25.4886,
	20.7498 25.485,
	20.7612 25.4843,
	20.767 25.485,
	20.7727 25.4872,
	20.7785 25.4879,
	20.7842 25.4916,
	20.7871 25.493,
	20.7885 25.493,
	20.7914 25.4958,
	20.7972 25.498,
	20.7986 25.498,
	20.8043 25.5016,
	20.8159 25.5067,
	20.8274 25.5102,
	20.8331 25.5117,
	20.8446 25.5124,
	20.8562 25.5109,
	20.8619 25.5088,
	20.8677 25.5081,
	20.8734 25.5059,
	20.8849 25.5051,
	20.908 25.5059,
	20.9309 25.5088,
	20.9425 25.5131,
	20.9482 25.5174,
	20.9597 25.5218,
	20.9655 25.5232,
	20.9684 25.5232,
	20.9799 25.5282,
	20.9856 25.5318,
	20.9863 25.5332,
	20.9892 25.534,
	20.9979 25.5433,
	21.0007 25.5461,
	21.0022 25.5484,
	21.005 25.5498,
	21.0087 25.5548,
	21.0144 25.5605,
	21.0187 25.5663,
	21.0209 25.5692,
	21.0209 25.5706,
	21.0252 25.5749,
	21.0259 25.5779,
	21.0281 25.5807,
	21.0281 25.5821,
	21.0302 25.5836,
	21.0309 25.5864,
	21.0346 25.59,
	21.0346 25.5915,
	21.0367 25.5937,
	21.0375 25.5965,
	21.0446 25.6081,
	21.046 25.6138,
	21.046 25.6166,
	21.0475 25.6196,
	21.0483 25.6425,
	21.0483 25.6454,
	21.0511 25.6512,
	21.0511 25.6541,
	21.0561 25.6656,
	21.0568 25.6685,
	21.059 25.6713,
	21.0597 25.6742,
	21.0611 25.6756,
	21.0611 25.6814,
	21.0655 25.7045,
	21.0662 25.7159,
	21.0669 25.7189,
	21.0684 25.7203,
	21.0684 25.7231,
	21.0712 25.7288,
	21.0734 25.7404,
	21.0727 25.7461,
	21.0712 25.749,
	21.0712 25.7505,
	21.0698 25.7519,
	21.0691 25.7548,
	21.0669 25.7576,
	21.0648 25.7634,
	21.0611 25.7691,
	21.0611 25.7706,
	21.0568 25.7749,
	21.0547 25.7807,
	21.0475 25.7915,
	21.046 25.7943,
	21.046 25.7958,
	21.0417 25.8015,
	21.041 25.8044,
	21.0367 25.8094,
	21.0302 25.821,
	21.0259 25.8267,
	21.0259 25.8281,
	21.0209 25.8339,
	21.0209 25.8354,
	21.0123 25.8461,
	21.0014 25.8569,
	20.9899 25.862,
	20.9871 25.862,
	20.9813 25.8648,
	20.9755 25.8691,
	20.967 25.8792,
	20.9619 25.8849,
	20.9597 25.8878,
	20.9583 25.8885,
	20.9583 25.89,
	20.9554 25.8922,
	20.9519 25.8965,
	20.9403 25.9066,
	20.9382 25.9094,
	20.936 25.9108,
	20.9281 25.9202,
	20.9231 25.9252,
	20.9201 25.9274,
	20.8741 25.9295,
	20.8713 25.9302,
	20.8698 25.9302,
	20.867 25.9325,
	20.8612 25.9332,
	20.8505 25.9418,
	20.8461 25.9476,
	20.8425 25.9519,
	20.8368 25.9547,
	20.8253 25.9554,
	20.8137 25.9547,
	20.8022 25.9554,
	20.7907 25.9576,
	20.7677 25.9648,
	20.7562 25.9684,
	"/>
</Transform>

<Transform dim="0"
 xcoef=" 0 1 0 0 0 0"
 ycoef=" 0 0 1 0 0 0">
<Contour name="d38sp03" hidden="false" closed="true" simplified="true" border="1 0 0" fill="1 0 0" mode="11"
 points="24.103 22.2475,
	24.0911 22.2472,
	24.079 22.246,
	24.0775 22.2453,
	24.0715 22.2442,
	24.0685 22.2442,
	24.0625 22.2423,
	24.0609 22.2416,
	24.0579 22.2412,
	24.055 22.2397,
	24.052 22.2389,
	24.0505 22.2389,
	24.0444 22.2367,
	24.0414 22.2359,
	24.0399 22.2351,
	24.0384 22.2351,
	24.0377 22.2344,
	24.0347 22.2336,
	24.0332 22.2329,
	24.0324 22.2321,
	24.0268 22.2299,
	24.0238 22.2288,
	24.0223 22.2284,
	24.0219 22.2277,
	24.0189 22.2265,
	24.0181 22.2258,
	24.0166 22.2258,
	24.0162 22.225,
	24.0132 22.2239,
	24.0117 22.2232,
	24.0102 22.2232,
	24.0087 22.222,
	24.008 22.222,
	24.0072 22.2212,
	24.0012 22.2193,
	23.9997 22.2182,
	23.9876 22.2149,
	23.9854 22.2149,
	23.9847 22.2141,
	23.9832 22.2141,
	23.9772 22.2122,
	23.9741 22.2111,
	23.9711 22.2108,
	23.9704 22.21,
	23.9674 22.21,
	23.9613 22.2073,
	23.9598 22.2073,
	23.9538 22.2047,
	23.9524 22.2043,
	23.9512 22.2032,
	23.9392 22.2024,
	23.9331 22.2017,
	23.9271 22.2002,
	23.9242 22.1995,
	23.9181 22.1961,
	23.9166 22.1946,
	23.9158 22.193,
	23.9151 22.1923,
	23.9147 22.1908,
	23.914 22.19,
	23.914 22.1885,
	23.9132 22.187,
	23.9129 22.1811,
	23.9129 22.1803,
	23.9129 22.1799,
	23.914 22.1769,
	23.9177 22.1716,
	23.9208 22.1687,
	23.9264 22.1644,
	23.9271 22.1644,
	23.932 22.1592,
	23.934 22.157,
	23.9347 22.154,
	23.9347 22.142,
	23.934 22.139,
	23.9327 22.1149,
	23.9327 22.1089,
	23.9327 22.1058,
	23.9343 22.0998,
	23.9351 22.0984,
	23.9351 22.0969,
	23.9362 22.0957,
	23.9366 22.0941,
	23.9403 22.0885,
	23.9418 22.0871,
	23.9425 22.0859,
	23.9455 22.083,
	23.9505 22.0784,
	23.9531 22.0765,
	23.9546 22.0754,
	23.9561 22.075,
	23.9568 22.0743,
	23.9576 22.0743,
	23.9583 22.0735,
	23.9613 22.0728,
	23.9674 22.0728,
	23.9704 22.0731,
	23.9734 22.0743,
	23.9741 22.075,
	23.9772 22.0758,
	23.9798 22.0776,
	23.9813 22.078,
	23.9817 22.0787,
	23.9873 22.0811,
	23.9888 22.0818,
	23.9895 22.0826,
	23.9911 22.083,
	23.9941 22.0848,
	23.9948 22.0856,
	24.0001 22.0882,
	24.0015 22.0889,
	24.0023 22.0897,
	24.0038 22.09,
	24.0046 22.0908,
	24.0106 22.093,
	24.0121 22.0934,
	24.0151 22.0954,
	24.0158 22.0961,
	24.0189 22.0969,
	24.0219 22.0984,
	24.0249 22.0991,
	24.0264 22.1002,
	24.0294 22.1013,
	24.0324 22.1017,
	24.0332 22.1025,
	24.0451 22.1058,
	24.0482 22.1066,
	24.0497 22.1066,
	24.0557 22.1093,
	24.0587 22.1097,
	24.0648 22.1119,
	24.0662 22.1123,
	24.067 22.1123,
	24.0677 22.113,
	24.0707 22.1138,
	24.0722 22.1145,
	24.0745 22.1145,
	24.0753 22.1153,
	24.0813 22.1171,
	24.0933 22.1194,
	24.0993 22.1205,
	24.1054 22.1223,
	24.1084 22.1232,
	24.1098 22.1243,
	24.1128 22.1254,
	24.1154 22.1273,
	24.1169 22.128,
	24.1185 22.1295,
	24.1215 22.1314,
	24.1226 22.1329,
	24.1241 22.1333,
	24.1264 22.1355,
	24.1294 22.1363,
	24.1312 22.1382,
	24.1328 22.1386,
	24.1339 22.1401,
	24.1354 22.1408,
	24.1403 22.1461,
	24.1433 22.1521,
	24.1444 22.1551,
	24.1444 22.1566,
	24.1451 22.157,
	24.1459 22.163,
	24.1459 22.175,
	24.1459 22.1811,
	24.1459 22.1841,
	24.1436 22.1961,
	24.1418 22.2021,
	24.141 22.2051,
	24.1407 22.2065,
	24.1407 22.2073,
	24.1399 22.208,
	24.138 22.2141,
	24.1354 22.2201,
	24.1332 22.2232,
	24.1328 22.2247,
	24.1312 22.2258,
	24.1275 22.231,
	24.1173 22.2412,
	24.1143 22.2431,
	24.1128 22.2442,
	24.1121 22.2442,
	24.1091 22.2464,
	"/>
</Transform>

<Transform dim="0"
 xcoef=" 0 1 0 0 0 0"
 ycoef=" 0 0 1 0 0 0">
<Contour name="d38p04" hidden="false" closed="true" simplified="true" border="1 0 0" fill="1 0 0" mode="11"
 points="22.7527 22.1677,
	22.7386 22.1417,
	22.7669 22.1417,
	"/>
</Transform>

<Transform dim="0"
 xcoef=" 0 1 0 0 0 0"
 ycoef=" 0 0 1 0 0 0">
<Contour name="d38sp04" hidden="false" closed="true" simplified="true" border="1 0 0" fill="1 0 0" mode="11"
 points="22.6452 22.1771,
	22.6407 22.1749,
	22.639 22.1732,
	22.6367 22.1727,
	22.6284 22.1666,
	22.6273 22.1655,
	22.625 22.1648,
	22.6227 22.1626,
	22.6216 22.1626,
	22.6194 22.1609,
	22.6172 22.1604,
	22.6161 22.1592,
	22.6149 22.1592,
	22.6127 22.1576,
	22.6037 22.1559,
	22.5858 22.1553,
	22.5813 22.1548,
	22.5768 22.1531,
	22.5746 22.1531,
	22.5662 22.148,
	22.5617 22.1447,
	22.5544 22.1386,
	22.5511 22.1346,
	22.5494 22.1335,
	22.5416 22.1251,
	22.5382 22.1211,
	22.5371 22.1189,
	22.5348 22.1172,
	22.5326 22.1133,
	22.5258 22.1043,
	22.5225 22.0999,
	22.5192 22.0966,
	22.5186 22.0943,
	22.5102 22.0859,
	22.509 22.0842,
	22.4945 22.0691,
	22.4923 22.0669,
	22.4912 22.0663,
	22.4912 22.0651,
	22.4895 22.0629,
	22.4873 22.0623,
	22.4845 22.0584,
	22.4833 22.0573,
	22.4833 22.0562,
	22.476 22.0478,
	22.4738 22.045,
	22.4738 22.0439,
	22.4716 22.0422,
	22.471 22.04,
	22.4687 22.0389,
	22.4687 22.0378,
	22.462 22.0293,
	22.4598 22.0265,
	22.4593 22.0243,
	22.457 22.022,
	22.4542 22.0175,
	22.4542 22.0164,
	22.4514 22.0125,
	22.4491 22.0103,
	22.448 22.0092,
	22.448 22.008,
	22.4447 22.0047,
	22.4363 21.9963,
	22.4318 21.9923,
	22.4274 21.9895,
	22.4228 21.9879,
	22.4211 21.9873,
	22.4206 21.9862,
	22.4184 21.9862,
	22.4094 21.9829,
	22.4049 21.9812,
	22.4021 21.9805,
	22.401 21.9794,
	22.3999 21.9794,
	22.3954 21.9767,
	22.3909 21.9755,
	22.3887 21.9739,
	22.3842 21.9722,
	22.3797 21.9689,
	22.3786 21.9689,
	22.3702 21.9627,
	22.3662 21.9582,
	22.3635 21.9538,
	22.3612 21.9448,
	22.3607 21.9089,
	22.3607 21.891,
	22.3607 21.8826,
	22.3607 21.8821,
	22.3635 21.8775,
	22.3646 21.8775,
	22.3668 21.8753,
	22.3747 21.8697,
	22.3791 21.8657,
	22.3814 21.8641,
	22.3825 21.8619,
	22.3848 21.8602,
	22.3854 21.8585,
	22.3876 21.8574,
	22.3887 21.8557,
	22.3959 21.8484,
	22.4038 21.8423,
	22.4049 21.8423,
	22.4128 21.8366,
	22.4172 21.8339,
	22.4195 21.8333,
	22.4239 21.8305,
	22.4285 21.8294,
	22.4329 21.8272,
	22.4508 21.8232,
	22.4598 21.8221,
	22.4687 21.8199,
	22.4867 21.8176,
	22.5225 21.8165,
	22.5315 21.8171,
	22.5359 21.8187,
	22.5382 21.8187,
	22.5466 21.8261,
	22.5538 21.8327,
	22.5612 21.8406,
	22.569 21.8495,
	22.5724 21.8535,
	22.5746 21.8563,
	22.5746 21.8574,
	22.5768 21.8585,
	22.5842 21.8663,
	22.5881 21.8703,
	22.5919 21.8731,
	22.5931 21.8731,
	22.5976 21.8764,
	22.5982 21.8775,
	22.5993 21.8775,
	22.6082 21.8837,
	22.6104 21.8854,
	22.6127 21.886,
	22.6306 21.8977,
	22.6323 21.8989,
	22.634 21.9011,
	22.6362 21.9016,
	22.6378 21.9039,
	22.6418 21.9066,
	22.6463 21.9106,
	22.6474 21.9123,
	22.6513 21.9151,
	22.6653 21.9302,
	22.6687 21.9341,
	22.6693 21.9363,
	22.6754 21.9442,
	22.6776 21.9481,
	22.681 21.952,
	22.6827 21.9538,
	22.6827 21.9549,
	22.6889 21.9627,
	22.6922 21.966,
	22.6922 21.9672,
	22.6961 21.9711,
	22.6973 21.9733,
	22.6984 21.9739,
	22.699 21.9755,
	22.7067 21.9834,
	22.7106 21.9862,
	22.7119 21.9873,
	22.7207 21.9907,
	22.7386 21.994,
	22.7476 21.9963,
	22.7521 21.9974,
	22.7544 21.998,
	22.755 21.9991,
	22.7594 21.9997,
	22.7639 22.0024,
	22.7661 22.003,
	22.7706 22.0063,
	22.7729 22.008,
	22.774 22.0092,
	22.765 22.0137,
	22.7605 22.0148,
	22.7594 22.0148,
	22.7583 22.0159,
	22.7561 22.0159,
	22.7381 22.0209,
	22.7292 22.0238,
	22.7246 22.0243,
	22.7157 22.0277,
	22.7135 22.0277,
	22.7045 22.0316,
	22.7023 22.0321,
	22.6978 22.0354,
	22.6966 22.0354,
	22.6944 22.0378,
	22.6922 22.0389,
	22.6894 22.0422,
	22.6855 22.0467,
	22.6844 22.0472,
	22.6844 22.0483,
	22.6804 22.0523,
	22.6793 22.0546,
	22.6771 22.0568,
	22.6749 22.0612,
	22.6737 22.0634,
	22.6726 22.0646,
	22.6721 22.0669,
	22.6687 22.0713,
	22.6687 22.0736,
	22.6647 22.0826,
	22.6608 22.1005,
	22.6581 22.1183,
	22.657 22.1229,
	22.657 22.1273,
	22.6496 22.1631,
	22.6474 22.1721,
	22.6463 22.1766,
	"/>
</Transform>

<Transform dim="0"
 xcoef=" 0 1 0 0 0 0"
 ycoef=" 0 0 1 0 0 0">
<Contour name="d28endos11_whorl" hidden="false" closed="true" simplified="true" border="1 0.502 0" fill="1 0 0" mode="11"
 points="6.03468 23.919,
	6.03528 23.9103,
	6.0371 23.9016,
	6.04011 23.8931,
	6.0443 23.8847,
	6.04963 23.8766,
	6.05607 23.8688,
	6.06357 23.8613,
	6.07208 23.8543,
	6.08154 23.8477,
	6.09189 23.8416,
	6.10305 23.836,
	6.11494 23.831,
	6.12748 23.8267,
	6.14059 23.8229,
	6.15416 23.8199,
	6.16811 23.8176,
	6.18233 23.8159,
	6.19674 23.815,
	6.21122 23.8148,
	6.22567 23.8154,
	6.24 23.8166,
	6.2541 23.8186,
	6.26787 23.8213,
	6.28122 23.8247,
	6.29405 23.8288,
	6.30628 23.8334,
	6.31782 23.8387,
	6.32858 23.8445,
	6.33849 23.8509,
	6.34749 23.8577,
	6.3555 23.865,
	6.36248 23.8727,
	6.36837 23.8806,
	6.37313 23.8889,
	6.37673 23.8973,
	6.37915 23.9059,
	6.38036 23.9146,
	6.38036 23.9233,
	6.37915 23.932,
	6.37673 23.9406,
	6.37313 23.9491,
	6.36837 23.9573,
	6.36248 23.9653,
	6.3555 23.9729,
	6.34749 23.9802,
	6.33849 23.987,
	6.32858 23.9934,
	6.31782 23.9992,
	6.30628 24.0045,
	6.29405 24.0092,
	6.28122 24.0132,
	6.26787 24.0166,
	6.2541 24.0193,
	6.24 24.0213,
	6.22567 24.0226,
	6.21122 24.0231,
	6.19674 24.0229,
	6.18233 24.022,
	6.16811 24.0204,
	6.15416 24.018,
	6.14059 24.015,
	6.12748 24.0113,
	6.11494 24.0069,
	6.10305 24.0019,
	6.09189 23.9964,
	6.08154 23.9903,
	6.07208 23.9837,
	6.06357 23.9766,
	6.05607 23.9692,
	6.04963 23.9613,
	6.0443 23.9532,
	6.04011 23.9449,
	6.0371 23.9363,
	"/>
</Transform>

<Transform dim="0"
 xcoef=" 0 1 0 0 0 0"
 ycoef=" 0 0 1 0 0 0">
<Contour name="d63sp07" hidden="false" closed="true" simplified="true" border="1 0 0" fill="1 0 0" mode="11"
 points="21.0875 27.63,
	21.0908 27.6212,
	21.0919 27.619,
	21.0919 27.6168,
	21.0958 27.6079,
	21.0969 27.6068,
	21.0969 27.6057,
	21.1024 27.598,
	21.1035 27.5975,
	21.1035 27.5964,
	21.1068 27.5936,
	21.1107 27.5897,
	21.1167 27.5831,
	21.125 27.5765,
	21.1289 27.5726,
	21.1305 27.571,
	21.1316 27.571,
	21.1349 27.5677,
	21.1371 27.5671,
	21.1377 27.566,
	21.1388 27.566,
	21.141 27.5638,
	21.1487 27.5589,
	21.1498 27.5589,
	21.1509 27.5577,
	21.1531 27.5572,
	21.1542 27.5572,
	21.1553 27.5561,
	21.1575 27.5555,
	21.1586 27.5544,
	21.1631 27.5533,
	21.1653 27.5522,
	21.1664 27.5511,
	21.1686 27.5511,
	21.173 27.5495,
	21.1752 27.5495,
	21.1774 27.5484,
	21.1862 27.5478,
	21.1906 27.5478,
	21.1928 27.5478,
	21.195 27.5489,
	21.1972 27.5489,
	21.1995 27.55,
	21.2006 27.55,
	21.2011 27.5511,
	21.2055 27.5517,
	21.2099 27.5533,
	21.2121 27.5539,
	21.2132 27.555,
	21.2221 27.5577,
	21.2243 27.5583,
	21.2254 27.5594,
	21.2276 27.5594,
	21.2298 27.5611,
	21.232 27.5611,
	21.2342 27.5627,
	21.2519 27.5655,
	21.2563 27.566,
	21.2585 27.566,
	21.2607 27.5671,
	21.2695 27.5671,
	21.2739 27.5688,
	21.2761 27.5693,
	21.2772 27.5693,
	21.2778 27.5704,
	21.28 27.571,
	21.2822 27.5726,
	21.2833 27.5726,
	21.2877 27.5754,
	21.2965 27.5787,
	21.3054 27.5798,
	21.3059 27.5809,
	21.3103 27.5815,
	21.3114 27.5826,
	21.3158 27.5831,
	21.318 27.5842,
	21.3225 27.5848,
	21.3401 27.5908,
	21.3489 27.5925,
	21.3666 27.5936,
	21.3754 27.5942,
	21.3798 27.5947,
	21.382 27.5958,
	21.3842 27.5958,
	21.3886 27.5975,
	21.3897 27.5975,
	21.3919 27.5991,
	21.3942 27.5997,
	21.3953 27.6008,
	21.3975 27.6013,
	21.3997 27.603,
	21.4008 27.603,
	21.4052 27.6057,
	21.4063 27.6057,
	21.4085 27.6074,
	21.4107 27.6074,
	21.4267 27.6135,
	21.4306 27.6146,
	21.4311 27.6157,
	21.4399 27.6173,
	21.4443 27.6179,
	21.4466 27.619,
	21.451 27.6195,
	21.4554 27.6212,
	21.4576 27.6223,
	21.4587 27.6223,
	21.4598 27.6234,
	21.4642 27.625,
	21.4648 27.6261,
	21.4659 27.6261,
	21.4664 27.6272,
	21.4675 27.6272,
	21.4681 27.6283,
	21.4703 27.6289,
	21.4719 27.6306,
	21.4741 27.6311,
	21.4752 27.6322,
	21.4841 27.635,
	21.4885 27.6361,
	21.4896 27.6372,
	21.494 27.6377,
	21.4962 27.6388,
	21.5138 27.6405,
	21.5315 27.6405,
	21.5403 27.6405,
	21.5447 27.6421,
	21.5491 27.6421,
	21.5513 27.6432,
	21.5558 27.6438,
	21.5646 27.6471,
	21.5668 27.6471,
	21.5679 27.6482,
	21.5767 27.651,
	21.5778 27.651,
	21.5784 27.6521,
	21.5822 27.6537,
	21.5993 27.6647,
	21.6015 27.6653,
	21.6021 27.6664,
	21.6032 27.6664,
	21.6054 27.6681,
	21.6071 27.6686,
	21.6153 27.6752,
	21.6164 27.6752,
	21.6253 27.6818,
	21.6269 27.6835,
	21.628 27.6835,
	21.6319 27.6874,
	21.6357 27.6901,
	21.6374 27.6923,
	21.639 27.6934,
	21.6468 27.7017,
	21.6506 27.7056,
	21.6534 27.7094,
	21.655 27.7111,
	21.6556 27.7133,
	21.6589 27.7177,
	21.66 27.7188,
	21.66 27.7199,
	21.6633 27.7238,
	21.6633 27.7249,
	21.6754 27.742,
	21.6804 27.7497,
	21.6815 27.7502,
	21.6815 27.7513,
	21.6942 27.7684,
	21.6964 27.7723,
	21.708 27.7883,
	21.708 27.7894,
	21.7113 27.7933,
	21.713 27.7949,
	21.713 27.796,
	21.7163 27.7999,
	21.7168 27.8021,
	21.7185 27.8043,
	21.7196 27.8054,
	21.7196 27.8065,
	21.7229 27.8104,
	21.7229 27.8115,
	21.724 27.812,
	21.7278 27.8197,
	21.73 27.8241,
	21.7312 27.8264,
	21.7312 27.8286,
	21.7345 27.8374,
	21.7356 27.8418,
	21.7361 27.8594,
	21.7328 27.8683,
	21.7323 27.8705,
	21.7312 27.8716,
	21.7312 27.8727,
	21.7278 27.8765,
	21.7262 27.8782,
	21.7262 27.8793,
	21.7196 27.887,
	21.7174 27.8887,
	21.7163 27.8903,
	21.7141 27.8914,
	21.7124 27.8936,
	21.708 27.8964,
	21.7058 27.8981,
	21.7047 27.8981,
	21.7025 27.8997,
	21.7014 27.8997,
	21.6992 27.9014,
	21.6947 27.9025,
	21.6925 27.903,
	21.6903 27.9047,
	21.6859 27.9052,
	21.6848 27.9052,
	21.6837 27.9063,
	21.6661 27.9085,
	21.6572 27.9091,
	21.6396 27.908,
	21.6352 27.908,
	21.6264 27.9063,
	21.6175 27.9063,
	21.6087 27.9047,
	21.5911 27.9041,
	21.5866 27.903,
	21.5778 27.903,
	21.5734 27.903,
	21.569 27.9019,
	21.5513 27.9008,
	21.5469 27.8997,
	21.5293 27.8981,
	21.5271 27.8981,
	21.5249 27.897,
	21.5205 27.8964,
	21.5183 27.8964,
	21.5138 27.8947,
	21.5116 27.8947,
	21.5094 27.8931,
	21.505 27.8931,
	21.4962 27.8898,
	21.4785 27.8848,
	21.4741 27.8843,
	21.4719 27.8832,
	21.4697 27.8832,
	21.4686 27.8821,
	21.4642 27.8815,
	21.4636 27.8804,
	21.4592 27.8793,
	21.457 27.8782,
	21.4548 27.8782,
	21.4532 27.8765,
	21.451 27.8765,
	21.4493 27.8749,
	21.4488 27.8572,
	21.4493 27.8484,
	21.4488 27.8396,
	21.4488 27.8385,
	21.4477 27.8374,
	21.4466 27.833,
	21.4454 27.8319,
	21.4454 27.8308,
	21.4333 27.8159,
	21.425 27.8098,
	21.4239 27.8087,
	21.4217 27.8082,
	21.4206 27.807,
	21.4184 27.807,
	21.4173 27.8059,
	21.3997 27.8065,
	21.3908 27.807,
	21.382 27.8087,
	21.3776 27.8104,
	21.3754 27.8104,
	21.3666 27.8131,
	21.3644 27.8137,
	21.3638 27.8148,
	21.3616 27.8153,
	21.3539 27.8208,
	21.3495 27.8241,
	21.3467 27.8269,
	21.3456 27.8269,
	21.3412 27.8302,
	21.3324 27.8341,
	21.3302 27.8352,
	21.3125 27.8368,
	21.3081 27.8368,
	21.3059 27.8363,
	21.3054 27.8352,
	21.3009 27.8346,
	21.2921 27.8313,
	21.291 27.8313,
	21.2899 27.8302,
	21.2811 27.8269,
	21.2789 27.8253,
	21.2767 27.8247,
	21.2756 27.8236,
	21.2745 27.8236,
	21.2706 27.8208,
	21.269 27.8197,
	21.2656 27.8153,
	21.264 27.8065,
	21.2612 27.7982,
	21.2596 27.7944,
	21.2585 27.7927,
	21.2574 27.7922,
	21.2574 27.7911,
	21.2502 27.7833,
	21.2502 27.7822,
	21.243 27.7756,
	21.2348 27.7679,
	21.2309 27.7651,
	21.2292 27.7635,
	21.2281 27.7635,
	21.2204 27.7552,
	21.2166 27.7513,
	21.2105 27.7436,
	21.2044 27.7376,
	21.2033 27.7376,
	21.1995 27.7348,
	21.1978 27.7342,
	21.1961 27.7326,
	21.179 27.7271,
	21.1702 27.7243,
	21.168 27.7243,
	21.1669 27.7232,
	21.1625 27.7227,
	21.1537 27.7194,
	21.1493 27.7188,
	21.1449 27.7171,
	21.1426 27.7171,
	21.1415 27.716,
	21.1371 27.7144,
	21.1349 27.7138,
	21.1338 27.7138,
	21.1327 27.7127,
	21.1283 27.7111,
	21.1261 27.7094,
	21.1239 27.7089,
	21.1217 27.7072,
	21.1206 27.7061,
	21.1162 27.7045,
	21.1118 27.7012,
	21.1107 27.7012,
	21.1068 27.6973,
	21.1062 27.6951,
	21.1051 27.694,
	21.1051 27.6918,
	21.1035 27.6896,
	21.1035 27.6885,
	21.1018 27.6863,
	21.0952 27.6686,
	21.0947 27.6664,
	21.0947 27.6653,
	21.0936 27.6642,
	21.0936 27.662,
	21.0919 27.6576,
	21.0919 27.6554,
	21.0908 27.6548,
	21.0902 27.6504,
	21.0886 27.646,
	21.0875 27.6372,
	21.0875 27.6328,
	21.0875 27.6306,
	"/>
</Transform>

<Transform dim="0"
 xcoef=" 0 1 0 0 0 0"
 ycoef=" 0 0 1 0 0 0">
<Contour name="d63endoh11_te" hidden="false" closed="true" simplified="true" border="1 0.502 0" fill="1 0 0" mode="11"
 points="20.7439 25.8085,
	20.7448 25.8018,
	20.7473 25.7951,
	20.7515 25.7888,
	20.7573 25.7828,
	20.7645 25.7772,
	20.7731 25.7722,
	20.7828 25.7678,
	20.7936 25.7642,
	20.8052 25.7614,
	20.8173 25.7594,
	20.8299 25.7583,
	20.8427 25.758,
	20.8554 25.7587,
	20.8678 25.7603,
	20.8797 25.7627,
	20.8909 25.7659,
	20.9012 25.7699,
	20.9104 25.7746,
	20.9183 25.7799,
	20.9248 25.7857,
	20.9298 25.7919,
	20.9331 25.7984,
	20.9348 25.8051,
	20.9348 25.8118,
	20.9331 25.8185,
	20.9298 25.825,
	20.9248 25.8312,
	20.9183 25.837,
	20.9104 25.8423,
	20.9012 25.847,
	20.8909 25.851,
	20.8797 25.8543,
	20.8678 25.8567,
	20.8554 25.8582,
	20.8427 25.8589,
	20.8299 25.8587,
	20.8173 25.8576,
	20.8052 25.8556,
	20.7936 25.8527,
	20.7828 25.8491,
	20.7731 25.8448,
	20.7645 25.8398,
	20.7573 25.8342,
	20.7515 25.8282,
	20.7473 25.8218,
	"/>
</Transform>

</Section>