<?xml version="1.0"?>
<!DOCTYPE Section SYSTEM "section.dtd">

<Section index="148" thickness="0.048" alignLocked="true">
<Transform dim="0"
 xcoef=" 0 1 0 0 0 0"
 ycoef=" 0 0 1 0 0 0">
<Image mag="0.002063" contrast="1.71842" brightness="-0.165" red="true" green="true" blue="true"
 src="149____z7.548.jpg" />
<Contour name="domain1" hidden="false" closed="true" simplified="false" border="1 0 1" fill="1 0 1" mode="11"
 points="0 0,
	17236 0,
	17236 17077,
	0 17077,
	"/>
</Transform>

<Transform dim="0"
 xcoef=" 0 1 0 0 0 0"
 ycoef=" 0 0 1 0 0 0">
<Contour name="D39" hidden="false" closed="true" simplified="true" border="0 0 1" fill="0 0 1" mode="11"
 points="10.9459 28.3734,
	10.8946 28.3654,
	10.8483 28.3417,
	10.8115 28.3049,
	10.7798 28.2073,
	10.7879 28.156,
	10.8115 28.1097,
	10.8483 28.0729,
	10.8946 28.0492,
	10.9459 28.0412,
	10.9973 28.0492,
	11.0436 28.0729,
	11.0803 28.1097,
	11.104 28.156,
	11.112 28.2073,
	11.104 28.2586,
	11.0803 28.3049,
	11.0436 28.3417,
	10.9973 28.3654,
	"/>
</Transform>

<Transform dim="0"
 xcoef=" 0 1 0 0 0 0"
 ycoef=" 0 0 1 0 0 0">
<Contour name="D56" hidden="false" closed="true" simplified="true" border="1 0 0" fill="1 0 0" mode="11"
 points="23.7421 23.5642,
	23.6989 23.5573,
	23.6599 23.5375,
	23.6289 23.5065,
	23.6022 23.4243,
	23.6091 23.381,
	23.6289 23.342,
	23.6599 23.3111,
	23.6989 23.2912,
	23.7421 23.2843,
	23.7853 23.2912,
	23.8244 23.3111,
	23.8553 23.342,
	23.8752 23.381,
	23.8821 23.4243,
	23.8752 23.4675,
	23.8553 23.5065,
	23.8244 23.5375,
	23.7853 23.5573,
	"/>
</Transform>

<Transform dim="0"
 xcoef=" 0 1 0 0 0 0"
 ycoef=" 0 0 1 0 0 0">
<Contour name="D31" hidden="false" closed="true" simplified="true" border="0 0 1" fill="0 0 1" mode="11"
 points="13.4345 20.9731,
	13.3808 20.9641,
	13.3323 20.9379,
	13.2938 20.8972,
	13.2606 20.789,
	13.2691 20.7322,
	13.2938 20.6808,
	13.3323 20.64,
	13.3808 20.6138,
	13.4345 20.6049,
	13.4883 20.6138,
	13.5367 20.64,
	13.5752 20.6808,
	13.5999 20.7322,
	13.6084 20.789,
	13.5999 20.8459,
	13.5752 20.8972,
	13.5367 20.9379,
	13.4883 20.9641,
	"/>
</Transform>

<Transform dim="0"
 xcoef=" 0 1 0 0 0 0"
 ycoef=" 0 0 1 0 0 0">
<Contour name="D28" hidden="false" closed="true" simplified="true" border="0 0 1" fill="0 0 1" mode="11"
 points="7.34959 23.6919,
	7.30095 23.685,
	7.25707 23.6652,
	7.22224 23.6343,
	7.19218 23.552,
	7.19989 23.5088,
	7.22224 23.4697,
	7.25707 23.4388,
	7.30095 23.419,
	7.34959 23.4121,
	7.39823 23.419,
	7.44212 23.4388,
	7.47694 23.4697,
	7.4993 23.5088,
	7.50701 23.552,
	7.4993 23.5952,
	7.47694 23.6343,
	7.44212 23.6652,
	7.39823 23.685,
	"/>
</Transform>

<Transform dim="0"
 xcoef=" 0 1 0 0 0 0"
 ycoef=" 0 0 1 0 0 0">
<Contour name="D38" hidden="false" closed="true" simplified="true" border="1 0 0" fill="1 0 0" mode="11"
 points="22.0904 23.7004,
	22.039 23.6932,
	21.9927 23.6721,
	21.9559 23.6391,
	21.9242 23.5518,
	21.9323 23.5059,
	21.9559 23.4644,
	21.9927 23.4315,
	22.039 23.4104,
	22.0904 23.4031,
	22.1416 23.4104,
	22.188 23.4315,
	22.2247 23.4644,
	22.2484 23.5059,
	22.2564 23.5518,
	22.2484 23.5977,
	22.2247 23.6391,
	22.188 23.6721,
	22.1416 23.6932,
	"/>
</Transform>

<Transform dim="0"
 xcoef=" 0 1 0 0 0 0"
 ycoef=" 0 0 1 0 0 0">
<Contour name="D01" hidden="false" closed="true" simplified="true" border="1 1 0" fill="1 1 0" mode="11"
 points="15.7286 26.1306,
	15.6781 26.1242,
	15.6324 26.1053,
	15.5962 26.0759,
	15.565 25.9976,
	15.573 25.9565,
	15.5962 25.9195,
	15.6324 25.8901,
	15.6781 25.8712,
	15.7286 25.8647,
	15.7792 25.8712,
	15.8249 25.8901,
	15.8611 25.9195,
	15.8843 25.9565,
	15.8923 25.9976,
	15.8843 26.0387,
	15.8611 26.0759,
	15.8249 26.1053,
	15.7792 26.1242,
	"/>
</Transform>

<Transform dim="0"
 xcoef=" 0 1 0 0 0 0"
 ycoef=" 0 0 1 0 0 0">
<Contour name="D63" hidden="false" closed="true" simplified="true" border="1 0 0" fill="1 0 0" mode="11"
 points="19.867 26.9515,
	19.8445 26.9488,
	19.8241 26.9408,
	19.808 26.9285,
	19.794 26.8955,
	19.7977 26.8782,
	19.808 26.8626,
	19.8241 26.8502,
	19.8445 26.8423,
	19.867 26.8395,
	19.8896 26.8423,
	19.9099 26.8502,
	19.9261 26.8626,
	19.9364 26.8782,
	19.94 26.8955,
	19.9364 26.9129,
	19.9261 26.9285,
	19.9099 26.9408,
	19.8896 26.9488,
	"/>
</Transform>

<Transform dim="0"
 xcoef=" 0 1 0 0 0 0"
 ycoef=" 0 0 1 0 0 0">
<Contour name="d28" hidden="false" closed="true" simplified="true" border="1 1 0" fill="1 1 0" mode="11"
 points="7.4398 24.0116,
	7.4144 24.0053,
	7.40805 24.0053,
	7.38265 23.9942,
	7.36995 23.991,
	7.34457 23.9894,
	7.31917 23.9847,
	7.29377 23.9767,
	7.28742 23.9736,
	7.28425 23.9736,
	7.28108 23.9704,
	7.26838 23.9672,
	7.25568 23.9593,
	7.24298 23.956,
	7.23981 23.9529,
	7.23664 23.9529,
	7.22552 23.945,
	7.21917 23.9434,
	7.20647 23.9323,
	7.19854 23.9196,
	7.19377 23.9132,
	7.18584 23.8879,
	7.16838 23.864,
	7.14299 23.8561,
	7.13029 23.8513,
	7.12393 23.8466,
	7.11759 23.8466,
	7.09219 23.8259,
	7.04934 23.7752,
	7.0287 23.7498,
	7.0176 23.7243,
	7.01442 23.718,
	7.01283 23.6672,
	7.00013 23.6418,
	6.9922 23.6292,
	6.98902 23.6038,
	6.98902 23.5974,
	6.99696 23.5719,
	7.00172 23.5212,
	7.00172 23.4704,
	7.00172 23.4577,
	6.9922 23.4323,
	6.98585 23.4196,
	6.96839 23.3942,
	6.95728 23.3815,
	6.95252 23.3752,
	6.95093 23.3688,
	6.93188 23.3434,
	6.92554 23.3371,
	6.92554 23.3339,
	6.91918 23.3275,
	6.91918 23.3244,
	6.91601 23.3212,
	6.91601 23.3181,
	6.90807 23.3054,
	6.9049 23.2927,
	6.9049 23.2895,
	6.9049 23.2878,
	6.91601 23.2752,
	6.94141 23.2609,
	6.96522 23.2371,
	6.97632 23.226,
	6.98902 23.2181,
	7.03981 23.2133,
	7.1414 23.2117,
	7.19219 23.2117,
	7.24298 23.2197,
	7.34457 23.2244,
	7.35726 23.226,
	7.36995 23.2307,
	7.42075 23.2402,
	7.43345 23.2418,
	7.44615 23.2466,
	7.45884 23.2482,
	7.48424 23.2561,
	7.53504 23.2641,
	7.58582 23.2847,
	7.59217 23.2847,
	7.61757 23.2942,
	7.63027 23.2958,
	7.63661 23.299,
	7.66201 23.3021,
	7.67471 23.3069,
	7.7255 23.3148,
	7.7382 23.3148,
	7.75089 23.3212,
	7.76359 23.3244,
	7.81438 23.3545,
	7.82074 23.3561,
	7.82708 23.3609,
	7.85248 23.372,
	7.86518 23.3784,
	7.87629 23.3895,
	7.89057 23.4132,
	7.9112 23.4625,
	7.92232 23.4879,
	7.92549 23.4942,
	7.93184 23.5005,
	7.93501 23.5069,
	7.94136 23.5101,
	7.94454 23.5132,
	7.95724 23.5165,
	7.96994 23.5228,
	7.97311 23.5228,
	7.97945 23.5275,
	7.98581 23.5275,
	7.99215 23.5323,
	7.99851 23.5339,
	8.01121 23.5418,
	8.01755 23.5434,
	8.02072 23.5418,
	8.07152 23.5577,
	8.09691 23.5704,
	8.10326 23.5736,
	8.12548 23.5989,
	8.14135 23.6244,
	8.14452 23.6371,
	8.15088 23.6498,
	8.15405 23.6625,
	8.15405 23.6879,
	8.15088 23.7132,
	8.13977 23.7386,
	8.13183 23.764,
	8.13183 23.7768,
	8.14294 23.8022,
	8.14612 23.8085,
	8.14612 23.8339,
	8.14135 23.8593,
	8.13977 23.872,
	8.13342 23.8846,
	8.12231 23.8958,
	8.07152 23.9132,
	8.05564 23.937,
	8.04295 23.9497,
	8.03025 23.956,
	8.02389 23.9577,
	8.02072 23.9609,
	8.01755 23.9609,
	8.01438 23.964,
	8.00802 23.964,
	7.98263 23.972,
	7.96994 23.9736,
	7.96358 23.9767,
	7.862 23.9815,
	7.81121 23.9815,
	7.78581 23.9847,
	7.68424 23.9847,
	7.63344 23.9958,
	7.58265 23.9973,
	7.56995 23.999,
	7.56678 24.0022,
	7.54138 24.0069,
	7.52868 24.01,
	7.47789 24.0116,
	"/>
</Transform>

<Transform dim="0"
 xcoef=" 0 1 0 0 0 0"
 ycoef=" 0 0 1 0 0 0">
<Contour name="d39" hidden="false" closed="true" simplified="true" border="1 1 0" fill="1 1 0" mode="11"
 points="10.4968 28.3883,
	10.4935 28.3851,
	10.4673 28.3752,
	10.4543 28.3736,
	10.402 28.3524,
	10.3775 28.3426,
	10.3709 28.341,
	10.3676 28.3377,
	10.3562 28.3327,
	10.3497 28.3311,
	10.3268 28.3115,
	10.3251 28.2592,
	10.3268 28.233,
	10.3251 28.207,
	10.3219 28.1939,
	10.317 28.184,
	10.3121 28.171,
	10.3088 28.1448,
	10.3088 28.1186,
	10.3088 28.1138,
	10.3088 28.1121,
	10.3153 28.086,
	10.3186 28.0827,
	10.3219 28.0696,
	10.3251 28.068,
	10.3268 28.0614,
	10.3644 28.0141,
	10.3709 28.0076,
	10.3775 27.9961,
	10.3824 27.9895,
	10.384 27.983,
	10.3889 27.9764,
	10.3889 27.9699,
	10.3922 27.9633,
	10.3954 27.9617,
	10.4003 27.9486,
	10.4118 27.9389,
	10.4183 27.9339,
	10.4249 27.9323,
	10.4363 27.9192,
	10.4461 27.893,
	10.4461 27.8801,
	10.451 27.867,
	10.4543 27.8408,
	10.4575 27.8277,
	10.4575 27.8211,
	10.4641 27.8082,
	10.4673 27.8016,
	10.4673 27.7951,
	10.4706 27.7885,
	10.4755 27.7623,
	10.4804 27.7492,
	10.4886 27.7361,
	10.5098 27.7166,
	10.5197 27.7051,
	10.5229 27.7019,
	10.5229 27.6986,
	10.5425 27.6773,
	10.5458 27.6708,
	10.5703 27.6529,
	10.5965 27.6414,
	10.5997 27.6414,
	10.6063 27.6364,
	10.6128 27.6348,
	10.6194 27.6299,
	10.6324 27.6251,
	10.639 27.6217,
	10.6651 27.6201,
	10.6913 27.6235,
	10.7174 27.6217,
	10.7305 27.6169,
	10.8351 27.6005,
	10.8613 27.6005,
	10.8678 27.6038,
	10.894 27.607,
	10.9332 27.607,
	10.9855 27.6217,
	10.9986 27.6283,
	11.0247 27.6364,
	11.0378 27.6398,
	11.1425 27.643,
	11.1947 27.6447,
	11.247 27.6235,
	11.2732 27.6217,
	11.2764 27.6217,
	11.3238 27.6529,
	11.3369 27.6594,
	11.3401 27.6594,
	11.3419 27.6626,
	11.3484 27.6642,
	11.3549 27.6692,
	11.3679 27.6741,
	11.3729 27.6789,
	11.3761 27.6789,
	11.3794 27.6823,
	11.3826 27.6823,
	11.3844 27.6855,
	11.3909 27.6855,
	11.3925 27.6888,
	11.4039 27.692,
	11.4138 27.7002,
	11.417 27.7002,
	11.4382 27.7182,
	11.4416 27.7248,
	11.4448 27.728,
	11.4481 27.7411,
	11.4481 27.7542,
	11.4529 27.7673,
	11.4546 27.7738,
	11.4546 27.777,
	11.4644 27.7901,
	11.4694 27.7951,
	11.471 27.8016,
	11.4889 27.8261,
	11.4906 27.8326,
	11.4971 27.8376,
	11.4988 27.8441,
	11.5167 27.867,
	11.5248 27.8801,
	11.5266 27.8866,
	11.5314 27.893,
	11.5396 27.9192,
	11.5413 27.9323,
	11.5396 27.9454,
	11.5314 27.9568,
	11.52 27.9699,
	11.5101 27.9798,
	11.4971 27.9879,
	11.4889 27.9993,
	11.4823 28.0026,
	11.4823 28.0058,
	11.4758 28.0108,
	11.4676 28.0205,
	11.4464 28.0467,
	11.4366 28.0598,
	11.4333 28.0664,
	11.3909 28.1154,
	11.3844 28.122,
	11.3844 28.1252,
	11.3614 28.1498,
	11.3401 28.171,
	11.3222 28.1923,
	11.3141 28.2036,
	11.2895 28.2265,
	11.2829 28.233,
	11.2569 28.238,
	11.2045 28.2429,
	11.1914 28.2461,
	11.185 28.2461,
	11.1784 28.2495,
	11.1653 28.2625,
	11.1407 28.2821,
	11.1277 28.287,
	11.1016 28.2886,
	11.0754 28.287,
	11.0623 28.2902,
	11.0362 28.3017,
	11.0329 28.305,
	11.0264 28.3067,
	11.0002 28.323,
	10.9871 28.3295,
	10.9806 28.3327,
	10.9741 28.3327,
	10.9708 28.3361,
	10.9577 28.341,
	10.9512 28.341,
	10.9381 28.3474,
	10.9316 28.3474,
	10.9185 28.354,
	10.9119 28.3557,
	10.9087 28.3557,
	10.9054 28.3589,
	10.8008 28.3818,
	10.7485 28.3802,
	10.7354 28.3802,
	10.7223 28.377,
	10.67 28.3752,
	10.657 28.3752,
	10.6308 28.3818,
	10.6047 28.3835,
	10.5916 28.3835,
	10.5654 28.3883,
	"/>
</Transform>

<Transform dim="0"
 xcoef=" 0 1 0 0 0 0"
 ycoef=" 0 0 1 0 0 0">
<Contour name="d56" hidden="false" closed="true" simplified="true" border="0 0 0" fill="0 0 0" mode="11"
 points="23.9175 23.7606,
	23.9003 23.7551,
	23.883 23.7477,
	23.8744 23.7422,
	23.8571 23.7271,
	23.8399 23.7142,
	23.8356 23.7109,
	23.8183 23.7056,
	23.8097 23.7024,
	23.8053 23.7024,
	23.7968 23.6969,
	23.7946 23.6969,
	23.7774 23.6808,
	23.7698 23.6722,
	23.7611 23.6667,
	23.759 23.6646,
	23.7568 23.6646,
	23.7558 23.6625,
	23.7536 23.6625,
	23.7515 23.6582,
	23.7471 23.6559,
	23.7428 23.6516,
	23.7396 23.6495,
	23.7277 23.6323,
	23.7245 23.6279,
	23.7234 23.6236,
	23.7073 23.6064,
	23.6986 23.6009,
	23.6642 23.5934,
	23.6468 23.5881,
	23.6425 23.5881,
	23.6253 23.5762,
	23.6091 23.56,
	23.6048 23.5556,
	23.593 23.5406,
	23.593 23.5384,
	23.5756 23.5265,
	23.5412 23.5169,
	23.5325 23.5136,
	23.5282 23.5114,
	23.511 23.5082,
	23.4938 23.5006,
	23.4851 23.4974,
	23.4808 23.4931,
	23.4635 23.4823,
	23.4462 23.4694,
	23.442 23.4683,
	23.4333 23.4619,
	23.4247 23.4575,
	23.3902 23.4306,
	23.374 23.4144,
	23.3568 23.4003,
	23.3525 23.3982,
	23.3481 23.3939,
	23.3438 23.3918,
	23.3277 23.3756,
	23.3104 23.3627,
	23.2943 23.3465,
	23.2856 23.34,
	23.2769 23.3314,
	23.2726 23.327,
	23.2705 23.3227,
	23.2662 23.3185,
	23.264 23.3141,
	23.2478 23.2968,
	23.2252 23.2624,
	23.2208 23.2537,
	23.2176 23.2494,
	23.2155 23.2408,
	23.2101 23.2322,
	23.195 23.1976,
	23.1885 23.1804,
	23.1874 23.1717,
	23.18 23.1545,
	23.1777 23.1502,
	23.1734 23.1156,
	23.1724 23.0984,
	23.1713 23.0898,
	23.1713 23.0855,
	23.1713 23.0844,
	23.1713 23.0833,
	23.18 23.0489,
	23.181 23.0315,
	23.1842 23.0143,
	23.1864 22.9453,
	23.1874 22.9108,
	23.1885 22.9021,
	23.1961 22.8849,
	23.1972 22.8806,
	23.2047 22.8719,
	23.2091 22.8698,
	23.2101 22.8677,
	23.2144 22.8666,
	23.2231 22.8611,
	23.2403 22.8569,
	23.2489 22.8536,
	23.2533 22.8536,
	23.2618 22.8494,
	23.2791 22.845,
	23.2877 22.8439,
	23.3223 22.8343,
	23.3395 22.831,
	23.3568 22.8224,
	23.3654 22.8148,
	23.3827 22.8052,
	23.3859 22.8018,
	23.4031 22.7976,
	23.4721 22.8008,
	23.4894 22.8018,
	23.5239 22.7997,
	23.5756 22.7997,
	23.5843 22.8008,
	23.593 22.804,
	23.6102 22.8062,
	23.6274 22.8116,
	23.6361 22.8137,
	23.6404 22.8159,
	23.6576 22.818,
	23.7267 22.8202,
	23.7439 22.8235,
	23.7611 22.8299,
	23.7957 22.8353,
	23.8302 22.8343,
	23.8992 22.8385,
	23.9164 22.8396,
	23.951 22.8364,
	23.9855 22.8407,
	24.02 22.8428,
	24.0286 22.845,
	24.033 22.846,
	24.0502 22.8601,
	24.0664 22.8774,
	24.0782 22.8946,
	24.0836 22.9032,
	24.0901 22.9205,
	24.0944 22.9291,
	24.0965 22.9335,
	24.0965 22.9356,
	24.1008 22.9388,
	24.1182 22.9399,
	24.1526 22.9388,
	24.1699 22.9378,
	24.2044 22.941,
	24.213 22.9442,
	24.2217 22.9453,
	24.2238 22.9453,
	24.2281 22.9486,
	24.2368 22.9507,
	24.2389 22.9529,
	24.2432 22.9529,
	24.2777 22.9712,
	24.2863 22.9754,
	24.295 22.982,
	24.2993 22.983,
	24.3165 22.9949,
	24.3511 23.0111,
	24.3597 23.0143,
	24.364 23.0154,
	24.3812 23.0294,
	24.3845 23.0338,
	24.3855 23.0381,
	24.3953 23.0553,
	24.4017 23.0725,
	24.405 23.0898,
	24.4071 23.0984,
	24.4071 23.1027,
	24.4104 23.1114,
	24.4104 23.1156,
	24.4136 23.1243,
	24.4136 23.1286,
	24.4222 23.1458,
	24.4363 23.1632,
	24.4481 23.1804,
	24.4513 23.1891,
	24.4535 23.2063,
	24.4535 23.2235,
	24.4513 23.2408,
	24.4513 23.2494,
	24.4513 23.2537,
	24.4492 23.258,
	24.4492 23.2624,
	24.4471 23.2667,
	24.446 23.2753,
	24.4427 23.2839,
	24.432 23.3011,
	24.4255 23.3098,
	24.4169 23.3185,
	24.4039 23.3357,
	24.4006 23.3443,
	24.3996 23.3616,
	24.4071 23.3961,
	24.4125 23.4133,
	24.4136 23.422,
	24.4082 23.4564,
	24.4006 23.491,
	24.391 23.5255,
	24.3855 23.5427,
	24.3834 23.5449,
	24.3812 23.5535,
	24.3759 23.5622,
	24.3726 23.5707,
	24.3704 23.5751,
	24.3683 23.5773,
	24.3672 23.5815,
	24.3553 23.5988,
	24.3392 23.6161,
	24.3317 23.6247,
	24.3144 23.6366,
	24.2971 23.6506,
	24.282 23.6667,
	24.2734 23.6743,
	24.2712 23.6786,
	24.254 23.6937,
	24.2453 23.7013,
	24.2281 23.7099,
	24.2109 23.7207,
	24.1936 23.7293,
	24.1591 23.739,
	24.1246 23.7434,
	24.0556 23.7444,
	24.0211 23.7444,
	23.9865 23.7477,
	23.9521 23.7551,
	23.9478 23.7574,
	23.9391 23.7585,
	23.9348 23.7606,
	"/>
</Transform>

<Transform dim="0"
 xcoef=" 0 1 0 0 0 0"
 ycoef=" 0 0 1 0 0 0">
<Contour name="d38" hidden="false" closed="true" simplified="true" border="0 0 0" fill="0 0 0" mode="11"
 points="22.1237 23.9809,
	22.1148 23.9798,
	22.1058 23.9764,
	22.1024 23.972,
	22.0979 23.9696,
	22.0844 23.9528,
	22.0822 23.9439,
	22.0799 23.9393,
	22.0788 23.9304,
	22.0799 23.9124,
	22.0878 23.8765,
	22.1002 23.8417,
	22.1024 23.8395,
	22.1035 23.8306,
	22.1069 23.8215,
	22.1102 23.8171,
	22.1102 23.8125,
	22.1125 23.8114,
	22.1136 23.807,
	22.117 23.8025,
	22.1204 23.7935,
	22.1226 23.7913,
	22.1226 23.789,
	22.1259 23.7845,
	22.2573 23.4972,
	22.2898 23.4254,
	22.2943 23.4165,
	22.2965 23.413,
	22.2876 23.413,
	22.283 23.4119,
	22.2819 23.4075,
	22.2775 23.4052,
	22.2719 23.3962,
	22.2573 23.3794,
	22.2505 23.3704,
	22.2461 23.3659,
	22.2337 23.348,
	22.2247 23.339,
	22.2135 23.3211,
	22.2056 23.312,
	22.2012 23.3076,
	22.1506 23.2358,
	22.1259 23.1998,
	22.1136 23.1819,
	22.1035 23.1639,
	22.0799 23.128,
	22.0609 23.0921,
	22.0541 23.0741,
	22.0497 23.0652,
	22.0474 23.0562,
	22.0474 23.0382,
	22.0474 23.0371,
	22.0474 23.036,
	22.0508 23.0327,
	22.0867 23.0327,
	22.1047 23.0338,
	22.1136 23.0349,
	22.1316 23.0405,
	22.1405 23.0416,
	22.1451 23.0438,
	22.1495 23.0438,
	22.154 23.046,
	22.1562 23.046,
	22.1585 23.0484,
	22.1675 23.0495,
	22.1765 23.0528,
	22.2123 23.0562,
	22.2304 23.0573,
	22.2483 23.0618,
	22.2528 23.0652,
	22.2708 23.073,
	22.2752 23.0741,
	22.3089 23.0944,
	22.3268 23.0999,
	22.3358 23.1045,
	22.3448 23.1067,
	22.3537 23.1112,
	22.3718 23.1145,
	22.3807 23.1167,
	22.4166 23.1134,
	22.4256 23.1112,
	22.4301 23.1112,
	22.4335 23.1089,
	22.4514 23.1112,
	22.4559 23.1112,
	22.4739 23.1213,
	22.4896 23.1348,
	22.494 23.1359,
	22.5008 23.1415,
	22.5097 23.1471,
	22.5132 23.1505,
	22.5311 23.156,
	22.549 23.1594,
	22.567 23.1594,
	22.576 23.1617,
	22.585 23.1662,
	22.5895 23.1673,
	22.5939 23.1706,
	22.5961 23.1706,
	22.6007 23.1752,
	22.6052 23.1763,
	22.6231 23.1874,
	22.6546 23.2155,
	22.6613 23.2223,
	22.6635 23.2267,
	22.6714 23.2324,
	22.6781 23.2413,
	22.6927 23.2559,
	22.6972 23.2616,
	22.6995 23.2616,
	22.714 23.2762,
	22.7185 23.2795,
	22.7207 23.2829,
	22.7253 23.2862,
	22.7275 23.2897,
	22.7567 23.3188,
	22.7634 23.3255,
	22.7667 23.33,
	22.7993 23.3558,
	22.8173 23.3682,
	22.8217 23.3715,
	22.8263 23.3726,
	22.8307 23.3761,
	22.8397 23.3794,
	22.8577 23.3827,
	22.8745 23.3906,
	22.8824 23.3951,
	22.8891 23.403,
	22.8902 23.4209,
	22.8891 23.4298,
	22.8835 23.4479,
	22.8812 23.4568,
	22.8767 23.4658,
	22.8734 23.4837,
	22.8745 23.5197,
	22.8767 23.5286,
	22.8767 23.5376,
	22.8723 23.5555,
	22.8655 23.5634,
	22.8487 23.578,
	22.8409 23.5858,
	22.8385 23.5858,
	22.8228 23.5982,
	22.8049 23.6094,
	22.7971 23.6139,
	22.7925 23.6173,
	22.7881 23.6185,
	22.7859 23.6207,
	22.7836 23.6207,
	22.7802 23.624,
	22.7757 23.6251,
	22.7713 23.6285,
	22.769 23.6285,
	22.7667 23.6308,
	22.7645 23.6308,
	22.7634 23.633,
	22.7589 23.633,
	22.7556 23.6364,
	22.7532 23.6364,
	22.7488 23.6397,
	22.7443 23.6408,
	22.7095 23.66,
	22.7006 23.6656,
	22.6938 23.67,
	22.6916 23.6723,
	22.6871 23.6735,
	22.6692 23.6846,
	22.6602 23.6903,
	22.6557 23.6914,
	22.6388 23.7026,
	22.6299 23.7071,
	22.6209 23.7138,
	22.6186 23.7138,
	22.6131 23.7194,
	22.6107 23.7194,
	22.5939 23.734,
	22.5647 23.7621,
	22.558 23.7699,
	22.5524 23.7756,
	22.549 23.78,
	22.5479 23.7822,
	22.5457 23.7822,
	22.5333 23.7979,
	22.5187 23.8136,
	22.5143 23.8149,
	22.5121 23.8193,
	22.5097 23.8193,
	22.5086 23.8215,
	22.5064 23.8215,
	22.4974 23.8271,
	22.4951 23.8294,
	22.4783 23.8372,
	22.4739 23.8372,
	22.4716 23.8395,
	22.4671 23.8406,
	22.4649 23.8429,
	22.4559 23.8451,
	22.4536 23.8451,
	22.4447 23.8507,
	22.4425 23.8507,
	22.4401 23.8529,
	22.4312 23.8541,
	22.4222 23.8586,
	22.4133 23.8608,
	22.3953 23.8686,
	22.3908 23.8698,
	22.3886 23.8698,
	22.3864 23.8721,
	22.3818 23.8732,
	22.3773 23.8765,
	22.3729 23.8765,
	22.3683 23.8799,
	22.3504 23.8867,
	22.3459 23.89,
	22.3369 23.8934,
	22.3325 23.8945,
	22.328 23.8978,
	22.3257 23.8978,
	22.3201 23.9013,
	22.3111 23.9057,
	22.3089 23.9057,
	22.3078 23.9079,
	22.3033 23.9091,
	22.2987 23.9136,
	22.2965 23.9136,
	22.2943 23.9158,
	22.2854 23.9192,
	22.2819 23.9225,
	22.2775 23.9236,
	22.2685 23.9293,
	22.2595 23.9315,
	22.2573 23.9338,
	22.255 23.9338,
	22.2528 23.936,
	22.2438 23.9393,
	22.2348 23.9405,
	22.1641 23.9709,
	22.1597 23.9709,
	22.1416 23.9787,
	"/>
</Transform>

<Transform dim="0"
 xcoef=" 0 1 0 0 0 0"
 ycoef=" 0 0 1 0 0 0">
<Contour name="d39sp26" hidden="false" closed="true" simplified="true" border="1 0 0" fill="1 0 0" mode="11"
 points="11.4443 27.7442,
	11.43 27.7274,
	11.4263 27.7237,
	11.4243 27.7223,
	11.4218 27.7198,
	11.4181 27.7167,
	11.4131 27.7124,
	11.4056 27.7049,
	11.4012 27.7005,
	11.3988 27.6987,
	11.3974 27.6974,
	11.3962 27.6974,
	11.3918 27.6936,
	11.3906 27.6924,
	11.3894 27.6924,
	11.3844 27.688,
	11.3744 27.6824,
	11.3719 27.6812,
	11.3707 27.6812,
	11.3694 27.6799,
	11.365 27.6786,
	11.3625 27.678,
	11.3613 27.678,
	11.36 27.6768,
	11.3551 27.6761,
	11.3525 27.6749,
	11.3512 27.6749,
	11.3506 27.6737,
	11.3407 27.6718,
	11.3307 27.6681,
	11.3282 27.6668,
	11.327 27.6668,
	11.325 27.6649,
	11.3225 27.6643,
	11.3207 27.6624,
	11.3157 27.6605,
	11.3113 27.6574,
	11.3094 27.6556,
	11.3082 27.6556,
	11.2982 27.6487,
	11.2957 27.648,
	11.2932 27.6462,
	11.2907 27.6456,
	11.2882 27.6437,
	11.287 27.6437,
	11.2845 27.6418,
	11.2832 27.6406,
	11.2819 27.6406,
	11.2801 27.6387,
	11.2751 27.6368,
	11.2701 27.6337,
	11.2657 27.6318,
	11.2638 27.63,
	11.2614 27.6293,
	11.2564 27.6262,
	11.2544 27.6244,
	11.2538 27.6238,
	11.2538 27.623,
	11.257 27.6206,
	11.2583 27.6206,
	11.2626 27.6175,
	11.2651 27.6156,
	11.2676 27.615,
	11.2701 27.6131,
	11.2726 27.6125,
	11.2751 27.6106,
	11.2776 27.61,
	11.2788 27.61,
	11.2813 27.6081,
	11.2913 27.6056,
	11.2938 27.6043,
	11.2989 27.6037,
	11.3038 27.6019,
	11.3063 27.6019,
	11.3113 27.5994,
	11.3138 27.5988,
	11.3151 27.5988,
	11.3163 27.5975,
	11.3213 27.5963,
	11.3225 27.5963,
	11.325 27.5943,
	11.3301 27.5931,
	11.335 27.5906,
	11.3375 27.5906,
	11.3475 27.5869,
	11.3575 27.5844,
	11.3775 27.5825,
	11.3974 27.5825,
	11.4074 27.5832,
	11.4099 27.5844,
	11.4125 27.5844,
	11.4224 27.5881,
	11.4269 27.5906,
	11.4281 27.5906,
	11.4331 27.595,
	11.4362 27.5994,
	11.4406 27.6087,
	11.4419 27.6137,
	11.4419 27.615,
	11.4431 27.6156,
	11.4437 27.6256,
	11.4437 27.6306,
	11.4437 27.6331,
	11.4419 27.6355,
	11.4406 27.6406,
	11.4399 27.6431,
	11.4387 27.6437,
	11.438 27.6487,
	11.4374 27.6511,
	11.4362 27.6525,
	11.4349 27.6724,
	11.4387 27.7124,
	11.4393 27.7223,
	11.4412 27.7323,
	11.445 27.7424,
	"/>
</Transform>

<Transform dim="0"
 xcoef=" 0 1 0 0 0 0"
 ycoef=" 0 0 1 0 0 0">
<Contour name="d28sp16" hidden="false" closed="true" simplified="true" border="1 0 0" fill="1 0 0" mode="11"
 points="7.29957 22.6608,
	7.29032 22.6603,
	7.2857 22.6591,
	7.28339 22.658,
	7.27876 22.6574,
	7.27414 22.6557,
	7.26952 22.6551,
	7.26721 22.6545,
	7.26605 22.6534,
	7.25681 22.6522,
	7.25219 22.6505,
	7.24756 22.6505,
	7.22906 22.6464,
	7.22676 22.6452,
	7.22213 22.6447,
	7.21751 22.643,
	7.21289 22.6424,
	7.20826 22.6407,
	7.20363 22.6401,
	7.19439 22.6372,
	7.19323 22.6372,
	7.19208 22.6361,
	7.18746 22.6349,
	7.1863 22.6337,
	7.18225 22.6325,
	7.17995 22.6319,
	7.17879 22.6319,
	7.1782 22.6308,
	7.17358 22.6297,
	7.17128 22.6279,
	7.16896 22.6274,
	7.16087 22.6216,
	7.15972 22.6205,
	7.15856 22.6205,
	7.15568 22.6175,
	7.15336 22.6175,
	7.14874 22.6146,
	7.14642 22.6129,
	7.14238 22.6112,
	7.13776 22.6077,
	7.12966 22.6025,
	7.12736 22.6008,
	7.1262 22.5996,
	7.12388 22.599,
	7.12042 22.595,
	7.11637 22.5922,
	7.11637 22.5909,
	7.11291 22.5875,
	7.11117 22.5852,
	7.10944 22.584,
	7.10828 22.5817,
	7.09961 22.5724,
	7.08517 22.5569,
	7.0817 22.5534,
	7.07939 22.5517,
	7.07304 22.5447,
	7.06899 22.5407,
	7.06667 22.539,
	7.0661 22.5378,
	7.06494 22.5378,
	7.06321 22.5355,
	7.05453 22.5314,
	7.04991 22.5308,
	7.04529 22.5291,
	7.04124 22.5257,
	7.03836 22.5211,
	7.03662 22.5187,
	7.03604 22.5095,
	7.03604 22.5054,
	7.03604 22.5048,
	7.03836 22.4956,
	7.04124 22.4771,
	7.04183 22.4748,
	7.04298 22.4736,
	7.04356 22.469,
	7.04529 22.4644,
	7.04645 22.462,
	7.04702 22.4575,
	7.04818 22.4563,
	7.04875 22.4517,
	7.05396 22.4424,
	7.05396 22.4413,
	7.05569 22.439,
	7.05627 22.4367,
	7.06263 22.4274,
	7.06378 22.4257,
	7.0661 22.4234,
	7.0661 22.4222,
	7.07361 22.4147,
	7.08285 22.4089,
	7.08401 22.4089,
	7.0869 22.406,
	7.08806 22.406,
	7.09268 22.4031,
	7.09442 22.4014,
	7.09672 22.4008,
	7.11348 22.3881,
	7.12215 22.3818,
	7.12677 22.3789,
	7.1314 22.3771,
	7.13371 22.3759,
	7.1522 22.3742,
	7.1707 22.3759,
	7.18919 22.3765,
	7.19844 22.3765,
	7.20306 22.3771,
	7.20538 22.3771,
	7.21462 22.3731,
	7.23138 22.3603,
	7.23311 22.3586,
	7.23427 22.3586,
	7.236 22.3563,
	7.24525 22.3506,
	7.24698 22.3488,
	7.24929 22.3482,
	7.25333 22.3453,
	7.25565 22.3436,
	7.26489 22.3402,
	7.28339 22.3373,
	7.30189 22.3355,
	7.32038 22.3349,
	7.35737 22.3361,
	7.36199 22.3361,
	7.37123 22.339,
	7.3799 22.3442,
	7.38164 22.3459,
	7.38278 22.3465,
	7.38278 22.3476,
	7.38453 22.3488,
	7.38799 22.3535,
	7.3955 22.3609,
	7.39955 22.3656,
	7.40707 22.3719,
	7.4111 22.3759,
	7.41515 22.3789,
	7.42209 22.3864,
	7.42556 22.3892,
	7.43248 22.3968,
	7.43596 22.4014,
	7.43826 22.4025,
	7.43826 22.4037,
	7.44116 22.4066,
	7.44289 22.4089,
	7.44289 22.4101,
	7.44694 22.4147,
	7.45272 22.4228,
	7.4585 22.432,
	7.45965 22.4326,
	7.45965 22.4337,
	7.4608 22.4343,
	7.46139 22.4361,
	7.46312 22.4384,
	7.46312 22.4396,
	7.46601 22.4442,
	7.46832 22.447,
	7.4689 22.4493,
	7.47179 22.454,
	7.47294 22.4563,
	7.4741 22.4575,
	7.4741 22.4586,
	7.47583 22.4609,
	7.47583 22.462,
	7.47699 22.4632,
	7.47699 22.4644,
	7.47815 22.465,
	7.47872 22.4696,
	7.48219 22.4783,
	7.48334 22.4795,
	7.48393 22.484,
	7.48566 22.4886,
	7.48739 22.4979,
	7.48855 22.5164,
	7.48855 22.5349,
	7.48739 22.5441,
	7.48566 22.5487,
	7.48507 22.5511,
	7.47756 22.5586,
	7.47525 22.5603,
	7.45676 22.5667,
	7.45214 22.5679,
	7.44983 22.5679,
	7.4452 22.5701,
	7.44289 22.5707,
	7.43826 22.5736,
	7.43191 22.5823,
	7.42845 22.5916,
	7.42671 22.6008,
	7.42556 22.6054,
	7.42497 22.6146,
	7.42209 22.6239,
	7.41515 22.6325,
	7.40648 22.6412,
	7.40475 22.643,
	7.40359 22.643,
	7.39897 22.6464,
	7.39781 22.6464,
	7.39666 22.6475,
	7.38742 22.6505,
	7.37816 22.6522,
	7.35967 22.654,
	7.35505 22.6551,
	7.3458 22.6557,
	7.33656 22.6574,
	7.31806 22.6585,
	7.30881 22.6603,
	"/>
</Transform>

<Transform dim="0"
 xcoef=" 0 1 0 0 0 0"
 ycoef=" 0 0 1 0 0 0">
<Contour name="d39sp25" hidden="false" closed="true" simplified="true" border="1 0 0" fill="1 0 0" mode="11"
 points="11.646 27.9696,
	11.6358 27.9652,
	11.6333 27.9646,
	11.6302 27.9614,
	11.6302 27.9601,
	11.627 27.957,
	11.6264 27.9545,
	11.6231 27.9493,
	11.6219 27.9468,
	11.6194 27.9443,
	11.6169 27.9399,
	11.6162 27.9374,
	11.6098 27.9272,
	11.6023 27.9177,
	11.5979 27.9127,
	11.5934 27.9089,
	11.5915 27.9069,
	11.5903 27.9069,
	11.5884 27.9044,
	11.5871 27.9044,
	11.5769 27.8975,
	11.5725 27.8937,
	11.5674 27.8886,
	11.5643 27.8842,
	11.5643 27.8829,
	11.5611 27.8784,
	11.5592 27.8765,
	11.5586 27.874,
	11.5555 27.8696,
	11.5535 27.8683,
	11.5529 27.8658,
	11.5434 27.8563,
	11.5389 27.8525,
	11.5364 27.8506,
	11.5358 27.8493,
	11.5345 27.8493,
	11.5257 27.8405,
	11.5225 27.836,
	11.5181 27.8322,
	11.5035 27.8126,
	11.5035 27.8114,
	11.4965 27.8018,
	11.4952 27.8012,
	11.4946 27.7987,
	11.4927 27.7968,
	11.4927 27.7955,
	11.4902 27.7929,
	11.4902 27.7917,
	11.4883 27.7892,
	11.4871 27.7885,
	11.4871 27.7873,
	11.4846 27.7848,
	11.4846 27.7835,
	11.4775 27.7733,
	11.475 27.7689,
	11.4738 27.7664,
	11.4738 27.7651,
	11.4706 27.76,
	11.4694 27.755,
	11.468 27.7537,
	11.4674 27.7486,
	11.4661 27.7461,
	11.4655 27.7359,
	11.4649 27.7309,
	11.4649 27.7284,
	11.4649 27.7278,
	11.4649 27.7271,
	11.4655 27.7246,
	11.4655 27.7234,
	11.4674 27.7207,
	11.4687 27.7195,
	11.4687 27.7182,
	11.4738 27.7138,
	11.4756 27.7113,
	11.4794 27.7081,
	11.4807 27.7081,
	11.4819 27.7056,
	11.4833 27.7043,
	11.4833 27.703,
	11.4846 27.7018,
	11.4846 27.6612,
	11.4813 27.641,
	11.4756 27.6207,
	11.4731 27.6106,
	11.4712 27.6055,
	11.4706 27.5955,
	11.4725 27.5903,
	11.4725 27.5891,
	11.4738 27.5878,
	11.4769 27.5776,
	11.4788 27.5726,
	11.4852 27.5625,
	11.4896 27.5574,
	11.4979 27.5498,
	11.5029 27.5466,
	11.5054 27.546,
	11.5073 27.5441,
	11.5174 27.5404,
	11.5225 27.5385,
	11.5276 27.5352,
	11.5326 27.5333,
	11.5352 27.5327,
	11.5377 27.5308,
	11.5428 27.5296,
	11.5478 27.527,
	11.5529 27.5258,
	11.5555 27.5245,
	11.558 27.5245,
	11.563 27.5219,
	11.5655 27.5213,
	11.5668 27.5213,
	11.5681 27.52,
	11.5884 27.5144,
	11.5985 27.5112,
	11.6086 27.5092,
	11.6112 27.508,
	11.6213 27.5061,
	11.6416 27.4998,
	11.6466 27.4992,
	11.6516 27.4973,
	11.6618 27.4967,
	11.672 27.4973,
	11.6821 27.5011,
	11.6872 27.503,
	11.6897 27.5036,
	11.6922 27.5055,
	11.7023 27.5092,
	11.7074 27.5119,
	11.7125 27.5156,
	11.715 27.5163,
	11.7169 27.5181,
	11.7219 27.52,
	11.7238 27.5219,
	11.7264 27.5225,
	11.7283 27.5245,
	11.7308 27.5252,
	11.7327 27.527,
	11.7352 27.5277,
	11.7365 27.5289,
	11.7378 27.5289,
	11.7384 27.5302,
	11.741 27.5308,
	11.7435 27.5327,
	11.746 27.5333,
	11.7556 27.5397,
	11.7568 27.5397,
	11.7662 27.5466,
	11.7689 27.5485,
	11.7789 27.5517,
	11.7992 27.5562,
	11.8043 27.5574,
	11.8055 27.5574,
	11.808 27.5593,
	11.8107 27.5599,
	11.8119 27.5599,
	11.8132 27.5612,
	11.8144 27.5612,
	11.8163 27.5631,
	11.8176 27.5631,
	11.8372 27.5758,
	11.8423 27.5789,
	11.8461 27.5821,
	11.8556 27.5891,
	11.8638 27.598,
	11.8702 27.6074,
	11.872 27.61,
	11.8727 27.6125,
	11.8783 27.622,
	11.8783 27.6233,
	11.8796 27.6246,
	11.881 27.6296,
	11.8822 27.6498,
	11.8822 27.66,
	11.881 27.6701,
	11.8771 27.6803,
	11.8752 27.6853,
	11.8746 27.6879,
	11.8746 27.6891,
	11.8733 27.6904,
	11.8702 27.7005,
	11.867 27.7056,
	11.8663 27.7081,
	11.8644 27.7107,
	11.8644 27.7119,
	11.8581 27.7207,
	11.8505 27.729,
	11.841 27.7386,
	11.8385 27.7398,
	11.8303 27.7492,
	11.8277 27.7537,
	11.8259 27.7563,
	11.824 27.7664,
	11.8246 27.7765,
	11.8315 27.7968,
	11.8334 27.7993,
	11.834 27.8018,
	11.8398 27.812,
	11.8429 27.822,
	11.8448 27.8272,
	11.8448 27.8322,
	11.8448 27.8347,
	11.8429 27.8373,
	11.8423 27.8399,
	11.8398 27.8424,
	11.8398 27.8436,
	11.8359 27.8487,
	11.834 27.8506,
	11.834 27.8519,
	11.8315 27.8538,
	11.8252 27.8632,
	11.8107 27.8823,
	11.8049 27.8923,
	11.8043 27.895,
	11.8018 27.8975,
	11.7986 27.9025,
	11.7941 27.9069,
	11.7872 27.9152,
	11.7796 27.9247,
	11.7733 27.9348,
	11.7695 27.9399,
	11.765 27.943,
	11.7637 27.9443,
	11.7625 27.9443,
	11.7618 27.9456,
	11.7568 27.9456,
	11.7365 27.9513,
	11.7163 27.9513,
	11.7061 27.9507,
	11.7011 27.9501,
	11.6986 27.9493,
	11.6961 27.9501,
	11.6947 27.9501,
	11.6934 27.9513,
	11.689 27.9532,
	11.6865 27.9538,
	11.6814 27.957,
	11.6789 27.9595,
	11.6776 27.9595,
	11.6732 27.9626,
	11.6707 27.9646,
	11.6694 27.9646,
	11.6688 27.9659,
	11.6637 27.9678,
	11.6587 27.9684,
	11.6561 27.9696,
	"/>
</Transform>

<Transform dim="0"
 xcoef=" 0 1 0 0 0 0"
 ycoef=" 0 0 1 0 0 0">
<Contour name="d39sp27" hidden="false" closed="true" simplified="true" border="1 0 0" fill="1 0 0" mode="11"
 points="11.0241 29.3935,
	11.0156 29.3914,
	11.0113 29.3903,
	11.0071 29.3872,
	11.0049 29.3872,
	10.9964 29.3807,
	10.9932 29.3786,
	10.9815 29.3637,
	10.974 29.3573,
	10.9719 29.3551,
	10.9698 29.3551,
	10.9666 29.3509,
	10.9581 29.3456,
	10.9559 29.3456,
	10.9517 29.3423,
	10.9442 29.3391,
	10.9421 29.3391,
	10.9399 29.337,
	10.9058 29.336,
	10.8888 29.337,
	10.8803 29.3391,
	10.876 29.3412,
	10.8717 29.3412,
	10.8547 29.3466,
	10.8525 29.3466,
	10.8504 29.3488,
	10.8419 29.3498,
	10.8334 29.353,
	10.8312 29.3551,
	10.8227 29.3562,
	10.8206 29.3584,
	10.812 29.3594,
	10.795 29.3647,
	10.7929 29.3668,
	10.7758 29.3711,
	10.7715 29.3733,
	10.763 29.3744,
	10.7545 29.3775,
	10.746 29.3786,
	10.7374 29.3818,
	10.7033 29.3872,
	10.6351 29.3914,
	10.6266 29.3924,
	10.6181 29.3914,
	10.6138 29.3893,
	10.6127 29.3872,
	10.6106 29.3872,
	10.6085 29.3849,
	10.5999 29.3828,
	10.5957 29.3818,
	10.5914 29.3786,
	10.5829 29.3754,
	10.5669 29.3647,
	10.5605 29.3594,
	10.5467 29.3456,
	10.5349 29.3317,
	10.5285 29.3253,
	10.5189 29.3082,
	10.5157 29.2997,
	10.5126 29.2826,
	10.5126 29.2656,
	10.5126 29.257,
	10.5243 29.1889,
	10.5296 29.1547,
	10.5296 29.1463,
	10.5317 29.1377,
	10.5328 29.1207,
	10.5349 29.1164,
	10.5349 29.1079,
	10.5392 29.0908,
	10.5392 29.0865,
	10.5424 29.0823,
	10.5435 29.0738,
	10.5435 29.0695,
	10.5456 29.0652,
	10.5456 29.0631,
	10.5477 29.061,
	10.5488 29.0524,
	10.552 29.0439,
	10.553 29.0396,
	10.553 29.0375,
	10.5552 29.0354,
	10.5573 29.0269,
	10.5594 29.0247,
	10.5626 29.0163,
	10.5626 29.0119,
	10.5648 29.0077,
	10.5658 28.9735,
	10.5648 28.9565,
	10.5626 28.948,
	10.5626 28.9437,
	10.5605 28.9395,
	10.5584 28.9374,
	10.553 28.9214,
	10.5488 28.9139,
	10.5435 28.9086,
	10.5435 28.9065,
	10.5211 28.8756,
	10.5211 28.8734,
	10.5168 28.8691,
	10.5147 28.8607,
	10.5126 28.8584,
	10.5094 28.85,
	10.5094 28.8479,
	10.5072 28.8457,
	10.5062 28.8372,
	10.504 28.8361,
	10.504 28.834,
	10.5019 28.8319,
	10.4998 28.8233,
	10.4976 28.8212,
	10.4923 28.8042,
	10.488 28.7956,
	10.488 28.7914,
	10.4848 28.7881,
	10.4731 28.7551,
	10.472 28.7509,
	10.4699 28.7487,
	10.4561 28.6805,
	10.4518 28.6463,
	10.4518 28.6379,
	10.4475 28.6208,
	10.4465 28.5867,
	10.4465 28.5782,
	10.4465 28.5761,
	10.4465 28.5749,
	10.4475 28.5707,
	10.455 28.5633,
	10.4635 28.5612,
	10.4976 28.5622,
	10.5147 28.5622,
	10.5232 28.56,
	10.5445 28.56,
	10.553 28.5665,
	10.5552 28.5686,
	10.5563 28.5771,
	10.5584 28.5793,
	10.5594 28.5877,
	10.5648 28.6037,
	10.5658 28.608,
	10.5658 28.6102,
	10.569 28.6144,
	10.569 28.6187,
	10.5722 28.623,
	10.5786 28.64,
	10.5808 28.6421,
	10.5808 28.6463,
	10.5829 28.6475,
	10.5936 28.6805,
	10.5967 28.689,
	10.5967 28.6912,
	10.5989 28.6933,
	10.5989 28.6954,
	10.601 28.6975,
	10.6031 28.7146,
	10.6031 28.7487,
	10.6053 28.7572,
	10.6149 28.7742,
	10.6202 28.7817,
	10.6245 28.787,
	10.6245 28.7893,
	10.6309 28.7945,
	10.6404 28.8116,
	10.6436 28.8286,
	10.6404 28.8628,
	10.6394 28.931,
	10.6426 28.9651,
	10.6468 28.9821,
	10.649 28.9907,
	10.6511 28.9928,
	10.6522 29.0013,
	10.6532 29.0056,
	10.6554 29.0077,
	10.6628 29.0247,
	10.666 29.029,
	10.6671 29.0333,
	10.6703 29.0375,
	10.6714 29.0418,
	10.6767 29.0503,
	10.6799 29.0546,
	10.6809 29.0589,
	10.6927 29.0738,
	10.698 29.0823,
	10.7023 29.0855,
	10.7076 29.094,
	10.7108 29.0961,
	10.7214 29.11,
	10.7353 29.1228,
	10.7385 29.1249,
	10.747 29.1324,
	10.7577 29.1463,
	10.763 29.1547,
	10.7747 29.1686,
	10.7747 29.1707,
	10.7822 29.1782,
	10.7854 29.1814,
	10.7865 29.1835,
	10.7886 29.1835,
	10.7918 29.1868,
	10.7939 29.1868,
	10.7971 29.191,
	10.7993 29.191,
	10.8056 29.1974,
	10.8099 29.2006,
	10.811 29.2028,
	10.8131 29.2028,
	10.8259 29.2166,
	10.8419 29.2283,
	10.8461 29.2326,
	10.8483 29.2326,
	10.8653 29.2443,
	10.8728 29.2496,
	10.876 29.2528,
	10.8781 29.2528,
	10.892 29.2688,
	10.8952 29.2709,
	10.8984 29.2752,
	10.8984 29.2773,
	10.9112 29.2901,
	10.9144 29.2923,
	10.9208 29.2997,
	10.9282 29.304,
	10.9293 29.3061,
	10.9335 29.3072,
	10.9421 29.3125,
	10.9463 29.3157,
	10.9506 29.3168,
	10.9549 29.32,
	10.9719 29.3263,
	10.9804 29.3296,
	10.9847 29.3296,
	10.989 29.3317,
	10.9932 29.3317,
	10.9975 29.3338,
	11.0018 29.3338,
	11.0103 29.3381,
	11.0188 29.3402,
	11.0231 29.3435,
	11.0391 29.3509,
	11.0401 29.353,
	11.0423 29.353,
	11.0486 29.3616,
	11.0518 29.37,
	11.0518 29.3786,
	11.0518 29.3807,
	11.0486 29.3849,
	11.0465 29.3872,
	11.0444 29.3872,
	11.0412 29.3903,
	"/>
</Transform>

<Transform dim="0"
 xcoef=" 0 1 0 0 0 0"
 ycoef=" 0 0 1 0 0 0">
<Contour name="d28sp20" hidden="false" closed="true" simplified="true" border="1 0 0" fill="1 0 0" mode="11"
 points="7.48111 24.8136,
	7.47689 24.8131,
	7.47478 24.812,
	7.47056 24.812,
	7.46634 24.811,
	7.4579 24.811,
	7.44946 24.8094,
	7.43311 24.8025,
	7.4252 24.7967,
	7.42098 24.794,
	7.41887 24.7924,
	7.41782 24.7914,
	7.41676 24.7914,
	7.40991 24.7841,
	7.40621 24.7803,
	7.4041 24.7787,
	7.4041 24.7777,
	7.39039 24.7645,
	7.38986 24.7624,
	7.38723 24.7592,
	7.38459 24.755,
	7.38301 24.753,
	7.38301 24.7518,
	7.38143 24.7502,
	7.38089 24.7481,
	7.37615 24.7403,
	7.37615 24.7392,
	7.37509 24.7382,
	7.37193 24.7297,
	7.3714 24.7276,
	7.37035 24.7266,
	7.36982 24.7223,
	7.36718 24.7139,
	7.36613 24.7097,
	7.36507 24.7075,
	7.36401 24.6907,
	7.36401 24.6738,
	7.36401 24.6653,
	7.36296 24.6569,
	7.36296 24.6527,
	7.36191 24.6485,
	7.36085 24.6464,
	7.36085 24.6443,
	7.35979 24.6422,
	7.35979 24.6411,
	7.35875 24.6401,
	7.35769 24.6358,
	7.35557 24.6316,
	7.35399 24.6295,
	7.35399 24.6285,
	7.35083 24.6258,
	7.34661 24.6221,
	7.3387 24.6168,
	7.33765 24.6168,
	7.33395 24.6132,
	7.33185 24.6126,
	7.33079 24.6116,
	7.31391 24.6047,
	7.30969 24.6026,
	7.30759 24.6015,
	7.30653 24.6015,
	7.30547 24.6005,
	7.30177 24.5994,
	7.29967 24.5974,
	7.29597 24.5946,
	7.29493 24.5946,
	7.29175 24.591,
	7.28753 24.5878,
	7.28227 24.5799,
	7.28068 24.5783,
	7.28068 24.5772,
	7.27909 24.5752,
	7.27909 24.571,
	7.27909 24.5694,
	7.27909 24.5689,
	7.28173 24.5604,
	7.28279 24.5593,
	7.28331 24.5552,
	7.28437 24.5541,
	7.28437 24.5531,
	7.28543 24.5519,
	7.28701 24.5477,
	7.28753 24.5461,
	7.29017 24.542,
	7.29175 24.5399,
	7.29334 24.5356,
	7.29439 24.5335,
	7.29439 24.5324,
	7.29597 24.5303,
	7.29651 24.5282,
	7.29915 24.524,
	7.29967 24.5219,
	7.30125 24.5198,
	7.30283 24.5156,
	7.30337 24.5135,
	7.30441 24.513,
	7.30441 24.5119,
	7.30599 24.5097,
	7.30917 24.5019,
	7.31127 24.4977,
	7.31285 24.496,
	7.31285 24.4949,
	7.31549 24.4908,
	7.31761 24.4876,
	7.32287 24.4797,
	7.33131 24.4749,
	7.33975 24.4739,
	7.37351 24.4734,
	7.39039 24.4739,
	7.39883 24.4749,
	7.43258 24.4744,
	7.46634 24.4749,
	7.47478 24.4755,
	7.48322 24.477,
	7.48533 24.477,
	7.49377 24.4797,
	7.5022 24.4834,
	7.50642 24.4845,
	7.50748 24.4845,
	7.50801 24.4855,
	7.51223 24.4871,
	7.51434 24.4887,
	7.51803 24.4902,
	7.52014 24.4913,
	7.5212 24.4913,
	7.5233 24.4929,
	7.54018 24.4998,
	7.54388 24.5019,
	7.54598 24.5024,
	7.5502 24.505,
	7.55232 24.5066,
	7.55654 24.5081,
	7.55706 24.5092,
	7.55918 24.5097,
	7.56286 24.5135,
	7.56498 24.514,
	7.57288 24.5198,
	7.57658 24.5229,
	7.57868 24.5234,
	7.58238 24.5261,
	7.59082 24.533,
	7.59768 24.5409,
	7.60084 24.5441,
	7.60664 24.5524,
	7.60822 24.5541,
	7.60875 24.5562,
	7.61033 24.5578,
	7.61086 24.5599,
	7.61297 24.562,
	7.6135 24.5641,
	7.61508 24.5662,
	7.6156 24.5683,
	7.61666 24.5689,
	7.61666 24.5699,
	7.61772 24.571,
	7.61824 24.5731,
	7.61982 24.5752,
	7.62036 24.5772,
	7.62194 24.5793,
	7.62246 24.5815,
	7.62404 24.5836,
	7.62721 24.592,
	7.62721 24.5931,
	7.6288 24.5946,
	7.62932 24.5968,
	7.62932 24.5979,
	7.63038 24.5989,
	7.63407 24.6158,
	7.63565 24.6243,
	7.63723 24.658,
	7.63723 24.6664,
	7.6367 24.6707,
	7.63354 24.679,
	7.63354 24.6812,
	7.63248 24.6823,
	7.63248 24.6833,
	7.63143 24.6844,
	7.6309 24.6865,
	7.62826 24.6907,
	7.62668 24.6922,
	7.62668 24.6933,
	7.62036 24.7012,
	7.61244 24.7091,
	7.60875 24.7123,
	7.60506 24.7144,
	7.60084 24.7181,
	7.59926 24.7191,
	7.59873 24.7202,
	7.59768 24.7202,
	7.59662 24.7223,
	7.5924 24.725,
	7.5887 24.7287,
	7.58712 24.7297,
	7.58026 24.737,
	7.57446 24.7445,
	7.56866 24.753,
	7.5655 24.7571,
	7.55864 24.7634,
	7.55442 24.766,
	7.55232 24.7672,
	7.55126 24.7682,
	7.5502 24.7682,
	7.5481 24.7703,
	7.54388 24.7709,
	7.54176 24.7714,
	7.53966 24.773,
	7.5386 24.773,
	7.53069 24.7787,
	7.527 24.7814,
	7.51908 24.7888,
	7.51698 24.7903,
	7.51644 24.7914,
	7.5154 24.7914,
	7.51381 24.7935,
	7.51276 24.7935,
	7.51118 24.7957,
	7.50379 24.8009,
	7.5022 24.8025,
	7.50115 24.8025,
	7.49746 24.8056,
	7.49588 24.8072,
	7.49377 24.8077,
	7.48955 24.8104,
	"/>
</Transform>

<Transform dim="0"
 xcoef=" 0 1 0 0 0 0"
 ycoef=" 0 0 1 0 0 0">
<Contour name="d39c27" hidden="false" closed="true" simplified="true" border="0 0 1" fill="0 0 1" mode="11"
 points="10.6815 29.4317,
	10.6721 29.43,
	10.6674 29.4288,
	10.6662 29.4276,
	10.6615 29.4276,
	10.6522 29.4241,
	10.6475 29.4217,
	10.6463 29.42,
	10.644 29.4194,
	10.6405 29.4153,
	10.6381 29.4106,
	10.6381 29.4094,
	10.6369 29.4088,
	10.6364 29.4042,
	10.6334 29.3948,
	10.6317 29.3901,
	10.6311 29.3714,
	10.6311 29.3708,
	10.6311 29.3702,
	10.634 29.3609,
	10.6346 29.3585,
	10.6381 29.3544,
	10.6428 29.3503,
	10.6516 29.3439,
	10.6563 29.3415,
	10.6586 29.3397,
	10.661 29.3392,
	10.6627 29.3374,
	10.6651 29.3368,
	10.6674 29.3351,
	10.6721 29.3339,
	10.6744 29.3322,
	10.6768 29.3316,
	10.6791 29.3298,
	10.6838 29.328,
	10.6885 29.3274,
	10.6978 29.3245,
	10.7072 29.3239,
	10.7166 29.3222,
	10.7189 29.3222,
	10.7213 29.321,
	10.74 29.3187,
	10.7587 29.3175,
	10.7681 29.3175,
	10.7775 29.3187,
	10.7798 29.3199,
	10.7845 29.3204,
	10.7939 29.3245,
	10.7962 29.3251,
	10.7997 29.3286,
	10.8038 29.3333,
	10.8079 29.3426,
	10.8091 29.3474,
	10.8103 29.3486,
	10.8126 29.3673,
	10.8132 29.3767,
	10.8126 29.3861,
	10.8126 29.3884,
	10.8115 29.3907,
	10.8103 29.3919,
	10.8097 29.3942,
	10.8068 29.3983,
	10.8027 29.4019,
	10.8015 29.4042,
	10.7927 29.41,
	10.7915 29.4112,
	10.7904 29.4112,
	10.7886 29.4129,
	10.7874 29.4129,
	10.7833 29.4159,
	10.781 29.4171,
	10.7798 29.4171,
	10.7793 29.4183,
	10.7705 29.4217,
	10.7681 29.4223,
	10.767 29.4223,
	10.7658 29.4235,
	10.7564 29.4258,
	10.7377 29.4281,
	10.7283 29.4288,
	10.7236 29.43,
	10.6861 29.4317,
	"/>
</Transform>

<Transform dim="0"
 xcoef=" 0 1 0 0 0 0"
 ycoef=" 0 0 1 0 0 0">
<Contour name="d28c16" hidden="false" closed="true" simplified="true" border="0 0 1" fill="0 0 1" mode="11"
 points="7.3105 22.6974,
	7.3004 22.6967,
	7.29536 22.6964,
	7.28526 22.6946,
	7.28274 22.6939,
	7.28021 22.6939,
	7.27769 22.6933,
	7.27643 22.6927,
	7.27391 22.6924,
	7.27138 22.6914,
	7.27012 22.691,
	7.26949 22.691,
	7.26886 22.6904,
	7.26633 22.6898,
	7.26381 22.6885,
	7.26129 22.6879,
	7.26002 22.6872,
	7.25876 22.6872,
	7.25624 22.686,
	7.25119 22.6844,
	7.24993 22.6835,
	7.24741 22.6825,
	7.24709 22.6819,
	7.24647 22.6819,
	7.24583 22.6813,
	7.2452 22.6813,
	7.24015 22.6778,
	7.2392 22.6775,
	7.237 22.6756,
	7.23636 22.6756,
	7.23574 22.6749,
	7.23511 22.6749,
	7.23068 22.6712,
	7.22942 22.6705,
	7.22564 22.6662,
	7.21901 22.657,
	7.21775 22.6548,
	7.21712 22.6542,
	7.21681 22.6529,
	7.21555 22.6517,
	7.21523 22.6504,
	7.21429 22.6495,
	7.21397 22.6481,
	7.21302 22.6472,
	7.21302 22.6465,
	7.21207 22.6456,
	7.21207 22.645,
	7.2105 22.6425,
	7.20987 22.64,
	7.20892 22.6387,
	7.20861 22.6362,
	7.20797 22.6359,
	7.20797 22.6353,
	7.20734 22.6349,
	7.20639 22.6323,
	7.20608 22.6298,
	7.20545 22.6295,
	7.20545 22.6283,
	7.20482 22.6276,
	7.20388 22.6226,
	7.20324 22.6214,
	7.20229 22.6113,
	7.20229 22.6066,
	7.20229 22.6062,
	7.20419 22.6011,
	7.20482 22.5986,
	7.20482 22.598,
	7.20577 22.5967,
	7.20608 22.5955,
	7.20703 22.5946,
	7.20734 22.5933,
	7.20861 22.592,
	7.20987 22.5894,
	7.21365 22.5844,
	7.21429 22.5841,
	7.21429 22.5835,
	7.21839 22.5794,
	7.22028 22.5771,
	7.22091 22.5771,
	7.22185 22.5762,
	7.22312 22.5759,
	7.22438 22.5746,
	7.22659 22.5731,
	7.22784 22.5727,
	7.22817 22.5721,
	7.23068 22.5712,
	7.23132 22.5705,
	7.23258 22.5702,
	7.23385 22.5693,
	7.23636 22.5684,
	7.237 22.5677,
	7.23762 22.5677,
	7.23826 22.5671,
	7.23889 22.5671,
	7.24015 22.5662,
	7.24141 22.5659,
	7.24268 22.5649,
	7.24394 22.5646,
	7.24457 22.564,
	7.24709 22.5637,
	7.24741 22.5629,
	7.25719 22.5611,
	7.26728 22.5601,
	7.28747 22.5595,
	7.30766 22.5595,
	7.31776 22.5604,
	7.3228 22.5607,
	7.32532 22.5604,
	7.32595 22.5598,
	7.33605 22.5592,
	7.3411 22.5579,
	7.35119 22.5564,
	7.35372 22.556,
	7.35498 22.5554,
	7.3575 22.5554,
	7.3676 22.5535,
	7.37264 22.5532,
	7.38273 22.5513,
	7.40545 22.5513,
	7.40797 22.552,
	7.40924 22.5526,
	7.41112 22.5526,
	7.41176 22.5532,
	7.41429 22.5538,
	7.41554 22.5538,
	7.41618 22.5545,
	7.4187 22.5554,
	7.42374 22.5582,
	7.42596 22.5598,
	7.42658 22.5607,
	7.42785 22.562,
	7.42816 22.5632,
	7.42942 22.5643,
	7.42942 22.5649,
	7.43006 22.5652,
	7.43006 22.5659,
	7.431 22.5668,
	7.431 22.5674,
	7.43257 22.5696,
	7.43352 22.5705,
	7.43384 22.5731,
	7.4351 22.5756,
	7.43541 22.5782,
	7.43636 22.5807,
	7.43636 22.5819,
	7.43794 22.5866,
	7.4392 22.5967,
	7.43952 22.6169,
	7.4392 22.6371,
	7.4392 22.6396,
	7.43858 22.6422,
	7.43794 22.6434,
	7.43731 22.6484,
	7.43636 22.651,
	7.43605 22.6535,
	7.43226 22.6633,
	7.4288 22.6684,
	7.42532 22.6727,
	7.42312 22.6749,
	7.42122 22.6765,
	7.4187 22.6788,
	7.41618 22.6804,
	7.41491 22.6813,
	7.40986 22.6832,
	7.40735 22.6844,
	7.40482 22.6851,
	7.40418 22.6857,
	7.40167 22.686,
	7.39914 22.6869,
	7.39662 22.6872,
	7.3963 22.6879,
	7.39378 22.6885,
	7.39251 22.6885,
	7.38999 22.6894,
	7.38747 22.6898,
	7.38621 22.6904,
	7.36602 22.6939,
	7.36097 22.6942,
	7.35088 22.6958,
	7.34078 22.6967,
	7.33069 22.6967,
	7.3206 22.6974,
	"/>
</Transform>

<Transform dim="0"
 xcoef=" 0 1 0 0 0 0"
 ycoef=" 0 0 1 0 0 0">
<Contour name="d28cfa16" hidden="false" closed="true" simplified="true" border="0 1 0" fill="0 1 0" mode="11"
 points="7.29807 22.6584,
	7.2883 22.6581,
	7.28342 22.6575,
	7.27853 22.6563,
	7.27608 22.656,
	7.27486 22.6557,
	7.27425 22.6557,
	7.27365 22.6551,
	7.25411 22.6508,
	7.25166 22.6505,
	7.24922 22.6496,
	7.24678 22.6493,
	7.24189 22.6477,
	7.23946 22.6468,
	7.23824 22.6462,
	7.23762 22.6462,
	7.23701 22.6456,
	7.23457 22.6449,
	7.2251 22.6404,
	7.22267 22.6392,
	7.22083 22.6377,
	7.22022 22.6377,
	7.21809 22.6362,
	7.21809 22.6356,
	7.21625 22.6336,
	7.21564 22.633,
	7.21564 22.6324,
	7.21442 22.6315,
	7.2129 22.6291,
	7.21259 22.6279,
	7.21167 22.627,
	7.21075 22.6221,
	7.21075 22.6199,
	7.21075 22.6196,
	7.21259 22.6147,
	7.2129 22.6135,
	7.21412 22.6126,
	7.21412 22.612,
	7.21625 22.6096,
	7.21992 22.6059,
	7.22236 22.6043,
	7.2248 22.6034,
	7.22541 22.6028,
	7.22664 22.6025,
	7.22785 22.6016,
	7.23029 22.6007,
	7.23152 22.6001,
	7.23396 22.5998,
	7.23884 22.598,
	7.24342 22.5968,
	7.24586 22.5961,
	7.24709 22.5961,
	7.24953 22.5952,
	7.25441 22.5949,
	7.25686 22.594,
	7.2593 22.594,
	7.26906 22.5922,
	7.27151 22.5922,
	7.2764 22.5912,
	7.29593 22.5891,
	7.3057 22.587,
	7.31547 22.5839,
	7.31607 22.5839,
	7.31669 22.5833,
	7.31913 22.583,
	7.32157 22.5821,
	7.32646 22.5815,
	7.346 22.5818,
	7.35576 22.5818,
	7.36553 22.5803,
	7.36675 22.5803,
	7.36919 22.5791,
	7.37042 22.5791,
	7.3753 22.5772,
	7.37774 22.5762,
	7.37896 22.5762,
	7.37957 22.5756,
	7.38446 22.5741,
	7.3869 22.5735,
	7.39667 22.5735,
	7.39789 22.5738,
	7.39849 22.5738,
	7.39911 22.5744,
	7.40033 22.5744,
	7.40521 22.5762,
	7.40583 22.5762,
	7.40704 22.5772,
	7.40826 22.5775,
	7.41071 22.5791,
	7.41193 22.5797,
	7.41224 22.5803,
	7.41285 22.5803,
	7.41743 22.5839,
	7.41956 22.5854,
	7.42109 22.5876,
	7.422 22.59,
	7.42231 22.5949,
	7.42231 22.5974,
	7.42231 22.5986,
	7.4217 22.5992,
	7.42018 22.604,
	7.41865 22.6138,
	7.41803 22.6163,
	7.41773 22.6175,
	7.41713 22.6181,
	7.41713 22.6193,
	7.41468 22.6236,
	7.41315 22.6261,
	7.41224 22.627,
	7.41193 22.6282,
	7.4101 22.63,
	7.40858 22.6324,
	7.40796 22.6324,
	7.40796 22.633,
	7.40674 22.6339,
	7.40521 22.6362,
	7.40308 22.6383,
	7.40124 22.6398,
	7.39667 22.6431,
	7.39544 22.6434,
	7.39422 22.6443,
	7.38964 22.6465,
	7.38904 22.6471,
	7.38842 22.6471,
	7.38599 22.6486,
	7.38476 22.6496,
	7.38415 22.6496,
	7.38354 22.6502,
	7.37865 22.652,
	7.37377 22.6529,
	7.364 22.6535,
	7.35423 22.6535,
	7.34446 22.6544,
	7.33958 22.6551,
	7.33714 22.6551,
	7.32737 22.6566,
	7.30784 22.6578,
	"/>
</Transform>

<Transform dim="0"
 xcoef=" 0 1 0 0 0 0"
 ycoef=" 0 0 1 0 0 0">
<Contour name="d28sp19" hidden="false" closed="true" simplified="true" border="1 0 0" fill="1 0 0" mode="11"
 points="8.44822 23.7604,
	8.44078 23.76,
	8.43706 23.7595,
	8.43613 23.7595,
	8.43521 23.7586,
	8.43149 23.7581,
	8.42963 23.7576,
	8.4287 23.7566,
	8.42127 23.7543,
	8.41941 23.7539,
	8.41569 23.7515,
	8.41384 23.7511,
	8.4064 23.746,
	8.40454 23.7451,
	8.40408 23.7442,
	8.40222 23.7437,
	8.40083 23.7422,
	8.39989 23.7422,
	8.39292 23.7371,
	8.39199 23.7362,
	8.39107 23.7362,
	8.38921 23.7344,
	8.38735 23.7335,
	8.3841 23.7302,
	8.38131 23.7278,
	8.38038 23.7274,
	8.38038 23.7264,
	8.37898 23.7255,
	8.37388 23.7186,
	8.37201 23.7167,
	8.37201 23.7158,
	8.36691 23.7093,
	8.36505 23.7056,
	8.36412 23.7037,
	8.36412 23.7019,
	8.36319 23.701,
	8.36179 23.6935,
	8.36133 23.6638,
	8.36133 23.6619,
	8.36133 23.6614,
	8.36227 23.661,
	8.36273 23.6572,
	8.36319 23.6553,
	8.36412 23.6544,
	8.36598 23.6475,
	8.3683 23.6438,
	8.36876 23.6419,
	8.37295 23.6345,
	8.37434 23.6336,
	8.3748 23.6317,
	8.3762 23.6303,
	8.3762 23.6293,
	8.37806 23.6279,
	8.38038 23.6247,
	8.38643 23.6196,
	8.39292 23.6155,
	8.39665 23.6131,
	8.3985 23.6121,
	8.39943 23.6121,
	8.40129 23.6108,
	8.40872 23.6085,
	8.41616 23.6075,
	8.41987 23.6061,
	8.4273 23.6048,
	8.43475 23.6043,
	8.44218 23.6029,
	8.45704 23.6015,
	8.48678 23.6005,
	8.50165 23.6011,
	8.50536 23.6011,
	8.50908 23.6025,
	8.51279 23.6029,
	8.52024 23.6061,
	8.52116 23.6061,
	8.52209 23.608,
	8.52952 23.6131,
	8.53557 23.6187,
	8.53649 23.6205,
	8.53974 23.6233,
	8.54207 23.6265,
	8.543 23.6265,
	8.54625 23.6303,
	8.54718 23.6322,
	8.55043 23.6354,
	8.55555 23.6423,
	8.55647 23.6428,
	8.55694 23.6447,
	8.55786 23.6452,
	8.55786 23.6461,
	8.56298 23.6535,
	8.56298 23.6544,
	8.56437 23.6558,
	8.56669 23.6633,
	8.56762 23.6707,
	8.56762 23.6782,
	8.56623 23.6855,
	8.56112 23.7004,
	8.56112 23.7014,
	8.56019 23.7023,
	8.56019 23.7042,
	8.55647 23.7111,
	8.55601 23.713,
	8.55414 23.7143,
	8.55368 23.7163,
	8.54904 23.7237,
	8.54811 23.7241,
	8.54811 23.7251,
	8.54579 23.7288,
	8.54253 23.7321,
	8.54021 23.7348,
	8.53695 23.7381,
	8.53092 23.7427,
	8.52952 23.7442,
	8.5286 23.7442,
	8.52534 23.7469,
	8.52442 23.7469,
	8.52116 23.7497,
	8.5193 23.7502,
	8.51884 23.7511,
	8.51791 23.7511,
	8.51698 23.752,
	8.51326 23.7534,
	8.51141 23.7543,
	8.49654 23.7571,
	8.4891 23.7581,
	8.47423 23.7581,
	8.4668 23.7586,
	8.46308 23.76,
	"/>
</Transform>

<Transform dim="0"
 xcoef=" 0 1 0 0 0 0"
 ycoef=" 0 0 1 0 0 0">
<Contour name="d39cfa27" hidden="false" closed="false" simplified="true" border="0 1 0" fill="1 0 0" mode="11"
 points="10.6349 29.3754,
	10.6478 29.3725,
	10.6694 29.3671,
	10.6929 29.3625,
	10.7151 29.359,
	10.7438 29.3548,
	10.7731 29.3478,
	10.8041 29.3396,
	"/>
</Transform>

<Transform dim="0"
 xcoef=" 0 1 0 0 0 0"
 ycoef=" 0 0 1 0 0 0">
<Contour name="d28cfa16" hidden="false" closed="false" simplified="true" border="0 1 0" fill="1 0 0" mode="11"
 points="7.42455 22.5747,
	7.42363 22.5738,
	7.41814 22.5708,
	7.40196 22.565,
	7.387 22.5641,
	7.37113 22.5657,
	7.35648 22.5693,
	7.33968 22.5708,
	7.31344 22.5738,
	7.27955 22.5794,
	7.24078 22.5852,
	7.21055 22.6034,
	"/>
</Transform>

<Transform dim="0"
 xcoef=" 0 1 0 0 0 0"
 ycoef=" 0 0 1 0 0 0">
<Contour name="d39sah25" hidden="false" closed="true" simplified="false" border="1 0 0" fill="0 1 0" mode="-11"
 points="11.6788 27.6659,
	11.6788 27.654,
	11.6907 27.654,
	11.6907 27.6421,
	11.7026 27.6421,
	11.7026 27.654,
	11.7145 27.654,
	11.7145 27.6659,
	11.7026 27.6659,
	11.7026 27.6778,
	11.6907 27.6778,
	11.6907 27.6659,
	"/>
</Transform>

<Transform dim="0"
 xcoef=" 0 1 0 0 0 0"
 ycoef=" 0 0 1 0 0 0">
<Contour name="d39spinule27" hidden="false" closed="true" simplified="true" border="0 0 0" fill="0 0 1" mode="11"
 points="10.8596 29.3358,
	10.8598 29.3292,
	10.8605 29.3227,
	10.8617 29.3162,
	10.8633 29.3098,
	10.8653 29.3035,
	10.8678 29.2974,
	10.8707 29.2913,
	10.874 29.2855,
	10.8777 29.2799,
	10.8818 29.2745,
	10.8863 29.2694,
	10.8911 29.2645,
	10.8962 29.2599,
	10.9017 29.2556,
	10.9074 29.2517,
	10.9134 29.2481,
	10.9197 29.2448,
	10.9262 29.2419,
	10.9328 29.2394,
	10.9396 29.2373,
	10.9466 29.2356,
	10.9536 29.2343,
	10.9608 29.2334,
	10.9679 29.233,
	10.9751 29.2329,
	10.9823 29.2333,
	10.9895 29.234,
	10.9965 29.2352,
	11.0035 29.2369,
	11.0104 29.2389,
	11.0171 29.2413,
	11.0236 29.244,
	11.0299 29.2472,
	11.036 29.2507,
	11.0418 29.2546,
	11.0473 29.2588,
	11.0525 29.2633,
	11.0575 29.2681,
	11.062 29.2732,
	11.0662 29.2785,
	11.07 29.2841,
	11.0734 29.2899,
	11.0764 29.2958,
	11.079 29.302,
	11.0812 29.3082,
	11.0829 29.3146,
	11.0841 29.3211,
	11.0849 29.3276,
	11.0853 29.3341,
	11.0852 29.3407,
	11.0846 29.3473,
	11.0836 29.3537,
	11.0821 29.3602,
	11.0801 29.3665,
	11.0778 29.3727,
	11.075 29.3787,
	11.0718 29.3846,
	11.0682 29.3903,
	11.0642 29.3957,
	11.0598 29.401,
	11.055 29.4059,
	11.05 29.4106,
	11.0446 29.4149,
	11.0389 29.419,
	11.033 29.4226,
	11.0268 29.426,
	11.0204 29.429,
	11.0137 29.4316,
	11.007 29.4338,
	11 29.4356,
	10.993 29.437,
	10.9859 29.438,
	10.9787 29.4385,
	10.9715 29.4387,
	10.9643 29.4384,
	10.9572 29.4378,
	10.9501 29.4367,
	10.9431 29.4352,
	10.9362 29.4333,
	10.9295 29.4309,
	10.9229 29.4283,
	10.9165 29.4252,
	10.9104 29.4218,
	10.9045 29.418,
	10.8989 29.4139,
	10.8936 29.4094,
	10.8886 29.4047,
	10.884 29.3997,
	10.8797 29.3944,
	10.8758 29.3889,
	10.8723 29.3832,
	10.8692 29.3772,
	10.8665 29.3712,
	10.8642 29.3649,
	10.8624 29.3586,
	10.861 29.3521,
	10.8601 29.3456,
	"/>
</Transform>

<Transform dim="0"
 xcoef=" 0 1 0 0 0 0"
 ycoef=" 0 0 1 0 0 0">
<Contour name="d39endoh27" hidden="false" closed="true" simplified="true" border="1 0.502 0" fill="1 0 0" mode="11"
 points="10.6345 29.1913,
	10.635 29.1833,
	10.6363 29.1754,
	10.6385 29.1678,
	10.6416 29.1606,
	10.6454 29.1541,
	10.6499 29.1482,
	10.655 29.1432,
	10.6607 29.1391,
	10.6667 29.136,
	10.673 29.1339,
	10.6795 29.1329,
	10.6861 29.1331,
	10.6926 29.1343,
	10.6988 29.1367,
	10.7048 29.14,
	10.7103 29.1444,
	10.7153 29.1496,
	10.7196 29.1557,
	10.7233 29.1624,
	10.7261 29.1697,
	10.7281 29.1773,
	10.7292 29.1853,
	10.7295 29.1933,
	10.7288 29.2014,
	10.7272 29.2092,
	10.7248 29.2167,
	10.7216 29.2237,
	10.7176 29.2301,
	10.7129 29.2357,
	10.7076 29.2405,
	10.7019 29.2444,
	10.6957 29.2473,
	10.6894 29.2491,
	10.6828 29.2498,
	10.6763 29.2493,
	10.6698 29.2478,
	10.6636 29.2452,
	10.6578 29.2416,
	10.6524 29.237,
	10.6476 29.2316,
	10.6434 29.2253,
	10.64 29.2185,
	10.6373 29.2111,
	10.6355 29.2033,
	"/>
</Transform>

<Transform dim="1"
 xcoef=" 0.06 1 0 0 0 0"
 ycoef=" 0.02 0 1 0 0 0">
<Contour name="d39p26" hidden="false" closed="true" simplified="true" border="1 0 0" fill="1 0 0" mode="11"
 points="11.359 27.7772,
	11.3429 27.7477,
	11.375 27.7477,
	"/>
</Transform>

<Transform dim="0"
 xcoef=" 0 1 0 0 0 0"
 ycoef=" 0 0 1 0 0 0">
<Contour name="d63" comment="dch_traced_06.2019" hidden="false" closed="true" simplified="true" border="1 1 0" fill="1 1 0" mode="11"
 points="19.2696 26.764,
	19.2882 26.7144,
	19.296 26.702,
	19.2991 26.6958,
	19.3487 26.6694,
	19.3611 26.6679,
	19.3673 26.6679,
	19.3921 26.6803,
	19.4045 26.6865,
	19.4061 26.688,
	19.4309 26.6694,
	19.4542 26.6462,
	19.4743 26.6213,
	19.4852 26.6105,
	19.51 26.5934,
	19.5596 26.5546,
	19.5845 26.536,
	19.6341 26.5035,
	19.6589 26.4849,
	19.6822 26.4616,
	19.6946 26.4538,
	19.707 26.4492,
	19.7318 26.4538,
	19.7566 26.4662,
	19.7628 26.4693,
	19.7876 26.4709,
	19.8 26.4662,
	19.8249 26.4507,
	19.9241 26.412,
	19.9489 26.3995,
	19.9986 26.384,
	20.011 26.3825,
	20.0234 26.384,
	20.0482 26.3949,
	20.0978 26.4383,
	20.1227 26.46,
	20.1723 26.4926,
	20.1847 26.5035,
	20.2095 26.5174,
	20.2157 26.5221,
	20.2405 26.5298,
	20.2529 26.5376,
	20.256 26.5376,
	20.2684 26.5453,
	20.2809 26.55,
	20.3057 26.5671,
	20.3274 26.5919,
	20.3382 26.6043,
	20.3522 26.6291,
	20.3522 26.6322,
	20.3569 26.6384,
	20.3569 26.6415,
	20.3615 26.6477,
	20.3662 26.6725,
	20.3693 26.7222,
	20.3677 26.747,
	20.3584 26.7966,
	20.3569 26.8959,
	20.3522 26.9207,
	20.3522 26.9455,
	20.3615 26.9951,
	20.3615 27.0199,
	20.3584 27.0324,
	20.3569 27.0386,
	20.3476 27.051,
	20.3227 27.0711,
	20.2979 27.0866,
	20.2855 27.0928,
	20.2731 27.1037,
	20.2483 27.1177,
	20.2235 27.127,
	20.1738 27.1363,
	20.1242 27.1533,
	20.1118 27.1595,
	20.0125 27.2355,
	19.9629 27.2666,
	19.9505 27.2712,
	19.9443 27.2712,
	19.9195 27.2805,
	19.8947 27.2821,
	19.845 27.279,
	19.7458 27.265,
	19.7209 27.2635,
	19.6713 27.2526,
	19.6465 27.2386,
	19.6217 27.22,
	19.6093 27.2107,
	19.5612 27.1611,
	19.5364 27.1363,
	19.524 27.1239,
	19.5147 27.1115,
	19.5023 27.099,
	19.4526 27.0603,
	19.4294 27.0355,
	19.4154 27.0106,
	19.4107 26.961,
	19.4092 26.9486,
	19.3968 26.9362,
	19.3859 26.9284,
	19.3751 26.9036,
	19.3673 26.8912,
	19.3549 26.8804,
	19.3301 26.8633,
	19.3053 26.8431,
	19.2882 26.8183,
	19.2805 26.8059,
	19.2712 26.7811,
	19.2696 26.7687,
	19.2696 26.7656,
	"/>
</Transform>

</Section>