<?xml version="1.0"?>
<!DOCTYPE Section SYSTEM "section.dtd">

<Section index="186" thickness="0.048" alignLocked="true">
<Transform dim="0"
 xcoef=" 0 1 0 0 0 0"
 ycoef=" 0 0 1 0 0 0">
<Image mag="0.002063" contrast="2.26571" brightness="-0.465" red="true" green="true" blue="true"
 src="187____z9.486.jpg" />
<Contour name="domain1" hidden="false" closed="true" simplified="false" border="1 0 1" fill="1 0 1" mode="11"
 points="0 0,
	17236 0,
	17236 17077,
	0 17077,
	"/>
</Transform>

<Transform dim="0"
 xcoef=" 0 1 0 0 0 0"
 ycoef=" 0 0 1 0 0 0">
<Contour name="D39" hidden="false" closed="true" simplified="true" border="0 0 1" fill="0 0 1" mode="11"
 points="10.7848 27.9404,
	10.7334 27.9323,
	10.6871 27.9087,
	10.6504 27.8719,
	10.6186 27.7742,
	10.6268 27.723,
	10.6504 27.6766,
	10.6871 27.6399,
	10.7334 27.6162,
	10.7848 27.6081,
	10.8361 27.6162,
	10.8824 27.6399,
	10.9192 27.6766,
	10.9428 27.723,
	10.9509 27.7742,
	10.9428 27.8256,
	10.9192 27.8719,
	10.8824 27.9087,
	10.8361 27.9323,
	"/>
</Transform>

<Transform dim="0"
 xcoef=" 0 1 0 0 0 0"
 ycoef=" 0 0 1 0 0 0">
<Contour name="D56" hidden="false" closed="true" simplified="true" border="1 0 0" fill="1 0 0" mode="11"
 points="23.8227 23.4635,
	23.7795 23.4566,
	23.7405 23.4368,
	23.7095 23.4058,
	23.6828 23.3236,
	23.6896 23.2803,
	23.7095 23.2413,
	23.7405 23.2104,
	23.7795 23.1905,
	23.8227 23.1836,
	23.8659 23.1905,
	23.905 23.2104,
	23.9359 23.2413,
	23.9558 23.2803,
	23.9627 23.3236,
	23.9558 23.3668,
	23.9359 23.4058,
	23.905 23.4368,
	23.8659 23.4566,
	"/>
</Transform>

<Transform dim="0"
 xcoef=" 0 1 0 0 0 0"
 ycoef=" 0 0 1 0 0 0">
<Contour name="D31" hidden="false" closed="true" simplified="true" border="0 0 1" fill="0 0 1" mode="11"
 points="13.2331 21.3155,
	13.1794 21.3065,
	13.1308 21.2803,
	13.0924 21.2396,
	13.0591 21.1314,
	13.0677 21.0746,
	13.0924 21.0232,
	13.1308 20.9824,
	13.1794 20.9562,
	13.2331 20.9473,
	13.2868 20.9562,
	13.3353 20.9824,
	13.3738 21.0232,
	13.3985 21.0746,
	13.407 21.1314,
	13.3985 21.1883,
	13.3738 21.2396,
	13.3353 21.2803,
	13.2868 21.3065,
	"/>
</Transform>

<Transform dim="0"
 xcoef=" 0 1 0 0 0 0"
 ycoef=" 0 0 1 0 0 0">
<Contour name="D28" hidden="false" closed="true" simplified="true" border="0 0 1" fill="0 0 1" mode="11"
 points="7.8632 23.5308,
	7.81456 23.5239,
	7.77068 23.5041,
	7.73586 23.4732,
	7.7058 23.3909,
	7.7135 23.3477,
	7.73586 23.3086,
	7.77068 23.2777,
	7.81456 23.2578,
	7.8632 23.251,
	7.91185 23.2578,
	7.95574 23.2777,
	7.99055 23.3086,
	8.01292 23.3477,
	8.02062 23.3909,
	8.01292 23.4341,
	7.99055 23.4732,
	7.95574 23.5041,
	7.91185 23.5239,
	"/>
</Transform>

<Transform dim="0"
 xcoef=" 0 1 0 0 0 0"
 ycoef=" 0 0 1 0 0 0">
<Contour name="D38" hidden="false" closed="true" simplified="true" border="1 0 0" fill="1 0 0" mode="11"
 points="22.171 23.5997,
	22.1196 23.5925,
	22.0733 23.5713,
	22.0365 23.5384,
	22.0048 23.4511,
	22.0128 23.4052,
	22.0365 23.3637,
	22.0733 23.3307,
	22.1196 23.3097,
	22.171 23.3023,
	22.2222 23.3097,
	22.2685 23.3307,
	22.3053 23.3637,
	22.329 23.4052,
	22.337 23.4511,
	22.329 23.497,
	22.3053 23.5384,
	22.2685 23.5713,
	22.2222 23.5925,
	"/>
</Transform>

<Transform dim="0"
 xcoef=" 0 1 0 0 0 0"
 ycoef=" 0 0 1 0 0 0">
<Contour name="D01" hidden="false" closed="true" simplified="true" border="1 1 0" fill="1 1 0" mode="11"
 points="15.2855 26.0098,
	15.235 26.0034,
	15.1893 25.9844,
	15.1531 25.955,
	15.1219 25.8768,
	15.1299 25.8357,
	15.1531 25.7986,
	15.1893 25.7692,
	15.235 25.7504,
	15.2855 25.7438,
	15.3361 25.7504,
	15.3818 25.7692,
	15.4179 25.7986,
	15.4412 25.8357,
	15.4492 25.8768,
	15.4412 25.9179,
	15.4179 25.955,
	15.3818 25.9844,
	15.3361 26.0034,
	"/>
</Transform>

<Transform dim="0"
 xcoef=" 0 1 0 0 0 0"
 ycoef=" 0 0 1 0 0 0">
<Contour name="D63" hidden="false" closed="true" simplified="true" border="1 0 0" fill="1 0 0" mode="11"
 points="19.867 26.8407,
	19.8445 26.838,
	19.8241 26.8301,
	19.808 26.8177,
	19.794 26.7848,
	19.7977 26.7674,
	19.808 26.7518,
	19.8241 26.7394,
	19.8445 26.7315,
	19.867 26.7288,
	19.8896 26.7315,
	19.9099 26.7394,
	19.9261 26.7518,
	19.9364 26.7674,
	19.94 26.7848,
	19.9364 26.8021,
	19.9261 26.8177,
	19.9099 26.8301,
	19.8896 26.838,
	"/>
</Transform>

<Transform dim="0"
 xcoef=" 0 1 0 0 0 0"
 ycoef=" 0 0 1 0 0 0">
<Contour name="d28" hidden="false" closed="true" simplified="true" border="1 1 0" fill="1 1 0" mode="11"
 points="8.07634 23.6978,
	8.05207 23.6963,
	8.03994 23.6948,
	8.02781 23.6902,
	8.02326 23.6841,
	7.99899 23.6705,
	7.95046 23.6523,
	7.93832 23.6478,
	7.93225 23.6448,
	7.88372 23.6371,
	7.83518 23.6326,
	7.81698 23.6326,
	7.79271 23.6174,
	7.76844 23.6068,
	7.75631 23.6023,
	7.75327 23.5992,
	7.74115 23.5962,
	7.6926 23.5704,
	7.66833 23.5567,
	7.6198 23.5447,
	7.60767 23.5415,
	7.6016 23.54,
	7.57733 23.5447,
	7.57126 23.5477,
	7.5652 23.5477,
	7.55306 23.5522,
	7.52879 23.5552,
	7.48026 23.5537,
	7.43172 23.5462,
	7.40746 23.54,
	7.39532 23.5355,
	7.38925 23.5325,
	7.37712 23.531,
	7.35285 23.5234,
	7.32858 23.5219,
	7.31645 23.5219,
	7.31039 23.5204,
	7.29825 23.5127,
	7.27398 23.5022,
	7.27095 23.4991,
	7.26487 23.4976,
	7.25426 23.4869,
	7.24971 23.4824,
	7.2482 23.4764,
	7.22999 23.4521,
	7.21634 23.4293,
	7.20573 23.4051,
	7.19815 23.3929,
	7.18752 23.3808,
	7.18298 23.3686,
	7.1754 23.3565,
	7.1754 23.3505,
	7.1754 23.349,
	7.17994 23.3428,
	7.19207 23.3383,
	7.21634 23.3368,
	7.22241 23.3353,
	7.22848 23.3292,
	7.23454 23.3171,
	7.23758 23.311,
	7.23758 23.2989,
	7.22696 23.2504,
	7.23151 23.2382,
	7.23909 23.2261,
	7.24365 23.129,
	7.24668 23.1168,
	7.2482 23.1108,
	7.24517 23.0987,
	7.23303 23.0744,
	7.22545 23.0623,
	7.22241 23.0502,
	7.2209 23.044,
	7.22393 23.0319,
	7.22696 23.0259,
	7.22696 23.0229,
	7.23454 23.0107,
	7.24365 22.9864,
	7.2482 22.9759,
	7.25578 22.9637,
	7.26792 22.9576,
	7.28005 22.9471,
	7.28764 22.9349,
	7.29522 22.9106,
	7.29976 22.9046,
	7.31039 22.9015,
	7.32252 22.9015,
	7.34678 22.8909,
	7.37105 22.8833,
	7.39532 22.8727,
	7.41959 22.8681,
	7.46812 22.8636,
	7.4924 22.859,
	7.51666 22.8575,
	7.5652 22.8438,
	7.58947 22.8393,
	7.61373 22.8287,
	7.638 22.815,
	7.66227 22.8044,
	7.67441 22.7999,
	7.72294 22.7953,
	7.74721 22.7953,
	7.77148 22.8014,
	7.78361 22.8044,
	7.79574 22.8105,
	7.82001 22.818,
	7.86855 22.8469,
	7.88069 22.8575,
	7.88675 22.8636,
	7.93528 22.8818,
	7.95955 22.8863,
	7.96563 22.8863,
	7.98989 22.8773,
	8.00202 22.8757,
	8.00809 22.8742,
	8.01113 22.8727,
	8.05966 22.8939,
	8.08393 22.9,
	8.1082 22.9091,
	8.12033 22.9151,
	8.13247 22.9243,
	8.15067 22.9486,
	8.1628 22.9606,
	8.17039 22.9713,
	8.18252 22.9804,
	8.19465 22.9864,
	8.20072 22.9879,
	8.20678 22.9925,
	8.23105 23.0016,
	8.24319 23.0077,
	8.26746 23.0274,
	8.28566 23.0517,
	8.28869 23.0547,
	8.28869 23.0577,
	8.30385 23.082,
	8.30841 23.0941,
	8.30993 23.1184,
	8.31751 23.1305,
	8.36301 23.1699,
	8.37515 23.1776,
	8.38728 23.1821,
	8.39031 23.1851,
	8.40245 23.1881,
	8.42672 23.1988,
	8.43884 23.2034,
	8.44492 23.2049,
	8.44795 23.2079,
	8.46008 23.2124,
	8.46615 23.2169,
	8.49042 23.2216,
	8.50255 23.2154,
	8.50862 23.2124,
	8.51469 23.2139,
	8.51772 23.2169,
	8.54199 23.2246,
	8.55412 23.2322,
	8.57839 23.2549,
	8.59355 23.2792,
	8.5981 23.2913,
	8.5981 23.2943,
	8.60266 23.2989,
	8.60418 23.311,
	8.61176 23.3353,
	8.61631 23.3596,
	8.61327 23.4081,
	8.61176 23.4141,
	8.60569 23.4203,
	8.60266 23.4233,
	8.59659 23.4233,
	8.59052 23.4263,
	8.57839 23.4278,
	8.57232 23.4278,
	8.56019 23.4354,
	8.54957 23.4461,
	8.54047 23.4703,
	8.53744 23.4945,
	8.53138 23.5188,
	8.51469 23.543,
	8.49194 23.5673,
	8.46767 23.5886,
	8.46464 23.5947,
	8.45856 23.5977,
	8.43884 23.622,
	8.42823 23.6341,
	8.41609 23.6416,
	8.41609 23.6448,
	8.39183 23.6629,
	8.36756 23.6736,
	8.34329 23.6766,
	8.33116 23.6781,
	8.30689 23.6856,
	8.29476 23.6887,
	8.27049 23.6902,
	8.25835 23.6902,
	8.24622 23.6872,
	8.19769 23.6856,
	8.10061 23.6902,
	"/>
</Transform>

<Transform dim="0"
 xcoef=" 0 1 0 0 0 0"
 ycoef=" 0 0 1 0 0 0">
<Contour name="d39" hidden="false" closed="true" simplified="true" border="1 1 0" fill="1 1 0" mode="11"
 points="10.937 28.4735,
	10.9314 28.4721,
	10.9259 28.468,
	10.9037 28.461,
	10.8593 28.4527,
	10.8371 28.4444,
	10.8316 28.4416,
	10.8288 28.4416,
	10.8261 28.4389,
	10.815 28.4347,
	10.8122 28.4347,
	10.8094 28.4319,
	10.8039 28.4319,
	10.7817 28.4222,
	10.7789 28.4195,
	10.7678 28.418,
	10.7456 28.4111,
	10.7401 28.4084,
	10.7345 28.4084,
	10.729 28.4056,
	10.7262 28.4056,
	10.7234 28.4028,
	10.7013 28.3959,
	10.6805 28.382,
	10.6708 28.3736,
	10.6652 28.3695,
	10.6624 28.3654,
	10.6597 28.3654,
	10.6389 28.3473,
	10.6361 28.3473,
	10.6167 28.3307,
	10.5959 28.3182,
	10.5848 28.314,
	10.5626 28.3113,
	10.5515 28.3113,
	10.5293 28.3029,
	10.5182 28.3002,
	10.3851 28.3002,
	10.363 28.2988,
	10.3519 28.2988,
	10.3075 28.2863,
	10.2881 28.278,
	10.2867 28.2752,
	10.2812 28.2752,
	10.259 28.2656,
	10.2368 28.2586,
	10.2312 28.2572,
	10.2285 28.2572,
	10.2257 28.2544,
	10.2146 28.2517,
	10.2091 28.2517,
	10.2077 28.2489,
	10.2049 28.2489,
	10.2021 28.2461,
	10.1994 28.2461,
	10.1896 28.2392,
	10.1702 28.2295,
	10.1591 28.2226,
	10.155 28.2212,
	10.1536 28.2183,
	10.1508 28.2183,
	10.1481 28.2156,
	10.1453 28.2156,
	10.1342 28.2073,
	10.1286 28.2031,
	10.1231 28.2017,
	10.1175 28.1976,
	10.112 28.1962,
	10.1078 28.1921,
	10.1023 28.1906,
	10.0857 28.1699,
	10.0815 28.1644,
	10.0815 28.1615,
	10.076 28.1574,
	10.069 28.1476,
	10.069 28.1449,
	10.0649 28.1394,
	10.0579 28.1171,
	10.0579 28.0964,
	10.0579 28.095,
	10.076 28.0798,
	10.087 28.0687,
	10.0967 28.0464,
	10.0967 28.0409,
	10.0995 28.0382,
	10.0995 28.0271,
	10.1037 28.0159,
	10.1078 27.9938,
	10.1092 27.9882,
	10.1092 27.9855,
	10.112 27.9827,
	10.1134 27.9716,
	10.1175 27.9605,
	10.1175 27.9577,
	10.1203 27.955,
	10.1259 27.9327,
	10.1259 27.93,
	10.1286 27.9272,
	10.1314 27.9161,
	10.1356 27.912,
	10.1453 27.8898,
	10.1481 27.8884,
	10.1494 27.8829,
	10.1536 27.8786,
	10.155 27.8731,
	10.1605 27.8676,
	10.1758 27.8468,
	10.1786 27.8454,
	10.1786 27.8426,
	10.1966 27.8204,
	10.2035 27.8108,
	10.2063 27.8094,
	10.2146 27.7872,
	10.2188 27.783,
	10.2229 27.7719,
	10.2299 27.7608,
	10.2451 27.7165,
	10.2507 27.6942,
	10.2548 27.6832,
	10.2576 27.661,
	10.2604 27.6555,
	10.2631 27.6333,
	10.2687 27.6111,
	10.2687 27.6055,
	10.2728 27.5944,
	10.2742 27.5889,
	10.2742 27.5861,
	10.2825 27.5764,
	10.2881 27.5709,
	10.2964 27.5653,
	10.3075 27.5584,
	10.313 27.5543,
	10.3172 27.5445,
	10.3186 27.539,
	10.3172 27.5334,
	10.3103 27.5223,
	10.3047 27.5002,
	10.3047 27.478,
	10.3061 27.4724,
	10.3103 27.4669,
	10.3103 27.4641,
	10.3269 27.4433,
	10.3311 27.4392,
	10.3338 27.4377,
	10.3338 27.435,
	10.3394 27.4322,
	10.3422 27.4267,
	10.3463 27.4253,
	10.3643 27.4059,
	10.3782 27.3879,
	10.3824 27.3837,
	10.3824 27.3781,
	10.3851 27.3768,
	10.3851 27.374,
	10.3921 27.3643,
	10.3962 27.3601,
	10.4184 27.356,
	10.4295 27.3574,
	10.4337 27.3601,
	10.4364 27.3601,
	10.4392 27.3656,
	10.4448 27.3699,
	10.4559 27.374,
	10.4614 27.3726,
	10.4836 27.3754,
	10.528 27.3768,
	10.5723 27.3837,
	10.5751 27.3837,
	10.5779 27.3865,
	10.5806 27.3865,
	10.5834 27.3892,
	10.5945 27.392,
	10.6056 27.3976,
	10.6278 27.4142,
	10.6306 27.4142,
	10.6333 27.4197,
	10.6361 27.4211,
	10.6361 27.424,
	10.643 27.4336,
	10.6472 27.4433,
	10.6555 27.4558,
	10.6569 27.4586,
	10.6597 27.4586,
	10.6611 27.4613,
	10.6721 27.4655,
	10.6777 27.4683,
	10.6832 27.4683,
	10.6888 27.4711,
	10.6902 27.4738,
	10.6957 27.4738,
	10.6985 27.4766,
	10.7082 27.4793,
	10.7193 27.4849,
	10.7248 27.4863,
	10.7304 27.4904,
	10.7415 27.4918,
	10.7442 27.4946,
	10.747 27.4946,
	10.7484 27.4974,
	10.7567 27.4974,
	10.7581 27.5002,
	10.7609 27.5002,
	10.7706 27.5084,
	10.7747 27.5099,
	10.7845 27.5196,
	10.7928 27.5252,
	10.7942 27.5279,
	10.7969 27.5279,
	10.7997 27.5307,
	10.7997 27.5334,
	10.8094 27.5418,
	10.8191 27.5529,
	10.8441 27.5973,
	10.8482 27.6014,
	10.851 27.6,
	10.8552 27.6041,
	10.8579 27.6041,
	10.8787 27.6166,
	10.9009 27.6264,
	10.9065 27.6277,
	10.9092 27.6305,
	10.9203 27.6333,
	10.9245 27.6346,
	10.9425 27.6499,
	10.9495 27.6569,
	10.9495 27.6596,
	10.9675 27.679,
	10.9675 27.6818,
	10.9716 27.6846,
	10.9772 27.6901,
	10.9883 27.6971,
	11.0063 27.7165,
	11.0188 27.7373,
	11.0216 27.7428,
	11.0216 27.7456,
	11.034 27.7649,
	11.041 27.7761,
	11.0451 27.7817,
	11.0479 27.7927,
	11.0507 27.7942,
	11.0548 27.8052,
	11.0576 27.8108,
	11.0576 27.8163,
	11.0631 27.8274,
	11.0659 27.8385,
	11.0687 27.8413,
	11.0715 27.8524,
	11.0839 27.8745,
	11.0895 27.8856,
	11.0895 27.8884,
	11.0936 27.894,
	11.095 27.8995,
	11.0992 27.9036,
	11.1006 27.9092,
	11.1048 27.9134,
	11.1061 27.9189,
	11.1103 27.9245,
	11.1116 27.93,
	11.1145 27.9314,
	11.1186 27.9411,
	11.1214 27.9466,
	11.1241 27.9494,
	11.1255 27.955,
	11.1297 27.9605,
	11.1311 27.9661,
	11.1352 27.9716,
	11.1366 27.9771,
	11.1407 27.9827,
	11.1422 28.0048,
	11.1422 28.0159,
	11.1422 28.0215,
	11.1366 28.0326,
	11.1352 28.0437,
	11.1297 28.0548,
	11.1284 28.0991,
	11.1297 28.1879,
	11.1297 28.2101,
	11.1269 28.2212,
	11.1255 28.2267,
	11.1214 28.2322,
	11.1186 28.2351,
	11.1145 28.2461,
	11.113 28.2904,
	11.1172 28.3127,
	11.1241 28.3349,
	11.1284 28.3459,
	11.1325 28.3681,
	11.1325 28.4125,
	11.1325 28.4347,
	11.1297 28.4457,
	11.1255 28.45,
	11.1034 28.4555,
	11.0146 28.4555,
	10.9924 28.4625,
	10.9703 28.4721,
	10.9481 28.4735,
	"/>
</Transform>

<Transform dim="0"
 xcoef=" 0 1 0 0 0 0"
 ycoef=" 0 0 1 0 0 0">
<Contour name="d56" hidden="false" closed="true" simplified="true" border="0 0 0" fill="0 0 0" mode="11"
 points="24.0484 23.869,
	24.0393 23.8668,
	24.0348 23.8656,
	24.0324 23.8634,
	24.0279 23.8623,
	24.0189 23.8554,
	24.0098 23.8521,
	24.0053 23.8487,
	23.9872 23.8418,
	23.9782 23.8373,
	23.9736 23.8362,
	23.9566 23.8238,
	23.9544 23.8238,
	23.9363 23.8135,
	23.9181 23.8079,
	23.9136 23.8068,
	23.9113 23.8045,
	23.9069 23.8045,
	23.8887 23.7966,
	23.8797 23.7943,
	23.8717 23.7876,
	23.8672 23.7865,
	23.8491 23.774,
	23.8309 23.766,
	23.8264 23.7627,
	23.8084 23.7558,
	23.7993 23.7524,
	23.7925 23.7479,
	23.7743 23.7366,
	23.7698 23.7355,
	23.7676 23.7332,
	23.7653 23.7332,
	23.7483 23.7219,
	23.7313 23.7049,
	23.7235 23.697,
	23.7144 23.6925,
	23.7099 23.6913,
	23.7076 23.6891,
	23.6985 23.6868,
	23.6804 23.6744,
	23.6725 23.6653,
	23.66 23.6472,
	23.6533 23.6381,
	23.6453 23.6325,
	23.6272 23.6302,
	23.5909 23.6223,
	23.5729 23.6143,
	23.565 23.6087,
	23.5559 23.6053,
	23.5514 23.6031,
	23.5423 23.6031,
	23.5242 23.5962,
	23.5196 23.594,
	23.5106 23.586,
	23.4982 23.5679,
	23.4948 23.5589,
	23.4937 23.5498,
	23.4902 23.5407,
	23.4913 23.5318,
	23.4913 23.5272,
	23.4948 23.5182,
	23.4959 23.5091,
	23.4948 23.5,
	23.4902 23.491,
	23.4721 23.4853,
	23.4676 23.483,
	23.4597 23.474,
	23.4552 23.4706,
	23.454 23.4661,
	23.4472 23.457,
	23.428 23.4208,
	23.4224 23.4117,
	23.4133 23.4027,
	23.4088 23.3992,
	23.4053 23.3903,
	23.4042 23.3812,
	23.4077 23.3767,
	23.4077 23.3404,
	23.4053 23.3042,
	23.3941 23.286,
	23.3906 23.2771,
	23.385 23.268,
	23.3794 23.2499,
	23.377 23.2136,
	23.377 23.1955,
	23.377 23.1876,
	23.377 23.1864,
	23.3816 23.1683,
	23.385 23.1593,
	23.3928 23.1503,
	23.4008 23.1434,
	23.4042 23.1389,
	23.4133 23.1333,
	23.4155 23.131,
	23.4178 23.131,
	23.4483 23.0948,
	23.4846 23.0642,
	23.488 23.0596,
	23.4891 23.0551,
	23.4948 23.0461,
	23.4971 23.0371,
	23.5095 23.019,
	23.5185 23.011,
	23.5367 22.9997,
	23.5548 22.9929,
	23.5729 22.9816,
	23.5909 22.9669,
	23.6 22.9611,
	23.6181 22.9453,
	23.6272 22.9397,
	23.6317 22.9352,
	23.6499 22.9239,
	23.6589 22.9181,
	23.677 22.9012,
	23.6952 22.8865,
	23.7132 22.874,
	23.7177 22.8695,
	23.7223 22.8684,
	23.7291 22.8604,
	23.7325 22.8559,
	23.7415 22.8503,
	23.746 22.8457,
	23.7642 22.8401,
	23.7732 22.8378,
	23.7823 22.8321,
	23.7846 22.8299,
	23.7868 22.8299,
	23.7959 22.822,
	23.8321 22.8118,
	23.8503 22.8084,
	23.8592 22.8073,
	23.8638 22.8049,
	23.9 22.8062,
	23.9724 22.8265,
	23.977 22.8265,
	23.9815 22.8287,
	23.9996 22.8321,
	24.0177 22.8378,
	24.054 22.8423,
	24.0902 22.8423,
	24.1264 22.8446,
	24.1445 22.8457,
	24.1627 22.8492,
	24.1808 22.8559,
	24.1886 22.8628,
	24.2068 22.8718,
	24.2113 22.8729,
	24.2136 22.8751,
	24.286 22.8978,
	24.2906 22.8989,
	24.2951 22.9023,
	24.3042 22.9058,
	24.3392 22.9272,
	24.3437 22.9284,
	24.3483 22.9317,
	24.3506 22.9317,
	24.3867 22.9533,
	24.4049 22.9646,
	24.4139 22.9702,
	24.423 22.9782,
	24.4411 22.9907,
	24.4457 22.994,
	24.4502 22.9952,
	24.4683 23.0088,
	24.4716 23.0121,
	24.474 23.0121,
	24.483 23.019,
	24.4921 23.0223,
	24.5282 23.0461,
	24.5328 23.0506,
	24.5418 23.0551,
	24.56 23.0699,
	24.5781 23.0868,
	24.586 23.0959,
	24.5951 23.1027,
	24.5984 23.1072,
	24.603 23.1095,
	24.6053 23.1095,
	24.6234 23.1253,
	24.6414 23.1434,
	24.646 23.148,
	24.6505 23.157,
	24.6573 23.1638,
	24.6573 23.1661,
	24.6664 23.1752,
	24.6891 23.2102,
	24.7015 23.2283,
	24.706 23.2374,
	24.7094 23.2419,
	24.7105 23.2465,
	24.7139 23.251,
	24.7139 23.2532,
	24.7275 23.2713,
	24.7321 23.2804,
	24.7399 23.2884,
	24.7422 23.2929,
	24.7468 23.2974,
	24.7479 23.3019,
	24.7535 23.311,
	24.7604 23.3291,
	24.7604 23.3653,
	24.7604 23.3744,
	24.7558 23.3925,
	24.7558 23.397,
	24.749 23.4061,
	24.7309 23.423,
	24.7218 23.4287,
	24.7038 23.4333,
	24.6313 23.4389,
	24.6267 23.4389,
	24.6222 23.4411,
	24.6041 23.4434,
	24.586 23.4514,
	24.569 23.4649,
	24.5532 23.4808,
	24.5475 23.4899,
	24.543 23.4921,
	24.5271 23.5102,
	24.5215 23.5193,
	24.5181 23.5238,
	24.517 23.5283,
	24.5102 23.5374,
	24.5068 23.5465,
	24.5011 23.5555,
	24.4999 23.5601,
	24.4966 23.5646,
	24.4932 23.5736,
	24.4909 23.5781,
	24.4909 23.5804,
	24.4841 23.5895,
	24.474 23.6076,
	24.4716 23.6121,
	24.4671 23.6167,
	24.4547 23.6347,
	24.44 23.6528,
	24.4309 23.6619,
	24.3947 23.6856,
	24.3766 23.6981,
	24.3731 23.7016,
	24.3687 23.7027,
	24.3642 23.7061,
	24.3597 23.7072,
	24.3506 23.7139,
	24.3461 23.7163,
	24.3415 23.7208,
	24.3325 23.7219,
	24.3279 23.7253,
	24.2917 23.7377,
	24.2826 23.7411,
	24.2735 23.7468,
	24.269 23.7468,
	24.2645 23.7502,
	24.2623 23.7502,
	24.2577 23.7536,
	24.2487 23.7569,
	24.2396 23.7627,
	24.2351 23.766,
	24.2329 23.7683,
	24.2305 23.7683,
	24.2215 23.7762,
	24.1864 23.7977,
	24.1774 23.8023,
	24.1728 23.8045,
	24.1705 23.8045,
	24.1661 23.8079,
	24.157 23.8113,
	24.1208 23.8362,
	24.1117 23.8418,
	24.1072 23.8453,
	24.0709 23.8611,
	24.0619 23.8656,
	24.0573 23.8679,
	"/>
</Transform>

<Transform dim="0"
 xcoef=" 0 1 0 0 0 0"
 ycoef=" 0 0 1 0 0 0">
<Contour name="d39sp32" hidden="false" closed="true" simplified="true" border="1 0 0" fill="1 0 0" mode="11"
 points="10.9954 28.8564,
	10.9889 28.8548,
	10.9824 28.8516,
	10.9792 28.8508,
	10.9776 28.8508,
	10.9768 28.8492,
	10.9751 28.8492,
	10.9687 28.845,
	10.9654 28.8442,
	10.963 28.8418,
	10.9614 28.8418,
	10.9549 28.837,
	10.9533 28.837,
	10.9476 28.833,
	10.9444 28.8297,
	10.9427 28.8297,
	10.9363 28.824,
	10.9314 28.8184,
	10.9241 28.8063,
	10.9225 28.803,
	10.9209 28.8013,
	10.9168 28.7884,
	10.916 28.7763,
	10.916 28.7755,
	10.9176 28.7722,
	10.9184 28.7657,
	10.9168 28.7592,
	10.9176 28.7463,
	10.9176 28.7446,
	10.9274 28.735,
	10.933 28.7228,
	10.9346 28.7196,
	10.9346 28.718,
	10.9395 28.7115,
	10.9452 28.7066,
	10.9573 28.6993,
	10.9703 28.6945,
	10.9768 28.6921,
	10.9897 28.6905,
	10.9962 28.6905,
	11.0027 28.6921,
	11.0059 28.6937,
	11.0075 28.6953,
	11.0091 28.6953,
	11.0108 28.6969,
	11.0124 28.6969,
	11.0245 28.7066,
	11.0278 28.7091,
	11.0294 28.7091,
	11.0326 28.7115,
	11.0351 28.7123,
	11.0415 28.7163,
	11.048 28.7171,
	11.0513 28.718,
	11.0529 28.7196,
	11.0658 28.7196,
	11.0788 28.7139,
	11.0918 28.7115,
	11.0982 28.7099,
	11.1177 28.7099,
	11.1307 28.7123,
	11.1323 28.7123,
	11.1339 28.7139,
	11.1371 28.7147,
	11.1403 28.7171,
	11.142 28.7236,
	11.1411 28.7366,
	11.1403 28.743,
	11.1379 28.7496,
	11.1363 28.7528,
	11.1363 28.756,
	11.1347 28.7592,
	11.1331 28.7609,
	11.1323 28.7641,
	11.1299 28.7674,
	11.129 28.7706,
	11.1265 28.773,
	11.1257 28.7763,
	11.1185 28.7893,
	11.1095 28.8021,
	11.1063 28.8079,
	11.1047 28.8087,
	11.1039 28.8119,
	11.0999 28.8184,
	11.0982 28.8192,
	11.0974 28.8224,
	11.0901 28.8338,
	11.0885 28.8338,
	11.0861 28.837,
	11.0836 28.8386,
	11.0828 28.8402,
	11.0796 28.841,
	11.0764 28.8434,
	11.0634 28.8476,
	11.0569 28.8508,
	11.031 28.8532,
	11.0245 28.8532,
	11.0213 28.8548,
	11.0083 28.8564,
	"/>
</Transform>

<Transform dim="0"
 xcoef=" 0 1 0 0 0 0"
 ycoef=" 0 0 1 0 0 0">
<Contour name="d63sp36" hidden="false" closed="true" simplified="true" border="1 0 0" fill="1 0 0" mode="11"
 points="19.0236 27.2677,
	18.9803 27.259,
	18.9369 27.2549,
	18.9315 27.2549,
	18.9206 27.2528,
	18.8989 27.2522,
	18.8935 27.2522,
	18.8826 27.2501,
	18.8812 27.2488,
	18.8759 27.2474,
	18.8731 27.2468,
	18.8677 27.2414,
	18.8657 27.2359,
	18.8636 27.2251,
	18.8616 27.2196,
	18.8568 27.2156,
	18.8514 27.2129,
	18.8507 27.2116,
	18.8412 27.2074,
	18.8358 27.2047,
	18.825 27.2027,
	18.8236 27.2014,
	18.8019 27.198,
	18.7965 27.1959,
	18.7938 27.1952,
	18.7924 27.1952,
	18.7911 27.1938,
	18.7897 27.1938,
	18.7843 27.1905,
	18.7829 27.1905,
	18.7775 27.1871,
	18.7762 27.1858,
	18.7714 27.1837,
	18.766 27.1803,
	18.7633 27.1789,
	18.7613 27.1762,
	18.7599 27.1762,
	18.7551 27.1715,
	18.7531 27.1688,
	18.7511 27.158,
	18.7511 27.1525,
	18.7511 27.1518,
	18.7558 27.141,
	18.7578 27.1389,
	18.7578 27.1362,
	18.7673 27.1146,
	18.7693 27.1119,
	18.7742 27.101,
	18.7742 27.0997,
	18.7755 27.099,
	18.7775 27.0935,
	18.7809 27.0881,
	18.7816 27.0854,
	18.7876 27.0752,
	18.7911 27.0705,
	18.7918 27.0677,
	18.7978 27.0569,
	18.7998 27.0549,
	18.8005 27.0521,
	18.808 27.042,
	18.8107 27.0372,
	18.8202 27.0278,
	18.8229 27.0264,
	18.825 27.0236,
	18.829 27.0209,
	18.8303 27.0196,
	18.8412 27.0162,
	18.8467 27.0149,
	18.848 27.0135,
	18.8534 27.0135,
	18.8588 27.0122,
	18.8806 27.0101,
	18.924 27.004,
	18.9267 27.004,
	18.9484 26.9965,
	18.9538 26.9938,
	18.9551 26.9938,
	18.9606 26.9904,
	18.9714 26.9857,
	18.9823 26.9829,
	18.9836 26.9829,
	18.9843 26.9816,
	18.9856 26.9816,
	18.987 26.9802,
	18.9898 26.9802,
	18.9952 26.9762,
	18.9979 26.9755,
	19.0006 26.9735,
	19.0108 26.9694,
	19.0134 26.9687,
	19.0148 26.9673,
	19.0257 26.9647,
	19.0312 26.962,
	19.0365 26.9613,
	19.0419 26.9593,
	19.0474 26.9586,
	19.0501 26.9572,
	19.061 26.9559,
	19.0637 26.9545,
	19.0745 26.9524,
	19.0962 26.9518,
	19.1071 26.9518,
	19.1125 26.9524,
	19.1152 26.9538,
	19.1179 26.9538,
	19.1287 26.9572,
	19.1342 26.9606,
	19.1558 26.968,
	19.1572 26.9694,
	19.1627 26.9708,
	19.164 26.9722,
	19.1654 26.9722,
	19.1681 26.9742,
	19.1694 26.9755,
	19.1749 26.9775,
	19.1762 26.9775,
	19.1769 26.9789,
	19.1783 26.9789,
	19.1796 26.9802,
	19.181 26.9802,
	19.1837 26.9829,
	19.1885 26.9851,
	19.2094 26.9986,
	19.2203 27.006,
	19.2257 27.0094,
	19.2339 27.0189,
	19.2386 27.0236,
	19.2386 27.025,
	19.2413 27.0278,
	19.2468 27.0385,
	19.2481 27.0413,
	19.2488 27.0467,
	19.2508 27.0521,
	19.2535 27.0955,
	19.2535 27.101,
	19.2624 27.1444,
	19.2624 27.1498,
	19.2624 27.1525,
	19.259 27.1573,
	19.2569 27.1627,
	19.2535 27.1681,
	19.2515 27.1789,
	19.2481 27.1898,
	19.2468 27.1952,
	19.2461 27.198,
	19.2461 27.1993,
	19.2441 27.202,
	19.2426 27.2074,
	19.2399 27.2129,
	19.2386 27.2142,
	19.2386 27.2156,
	19.2366 27.2183,
	19.2352 27.219,
	19.2352 27.2203,
	19.2339 27.221,
	19.2339 27.2223,
	19.2292 27.2278,
	19.2244 27.2319,
	19.2237 27.2332,
	19.221 27.2339,
	19.2183 27.2366,
	19.2074 27.2441,
	19.2027 27.2474,
	19.1999 27.2488,
	19.1986 27.2501,
	19.1959 27.2508,
	19.1945 27.2522,
	19.1918 27.2522,
	19.1864 27.2556,
	19.1756 27.2597,
	19.1647 27.2617,
	19.143 27.2617,
	19.1322 27.259,
	19.1267 27.257,
	19.105 27.257,
	19.0833 27.2583,
	19.0725 27.2617,
	19.0508 27.2657,
	19.0399 27.2677,
	"/>
</Transform>

<Transform dim="0"
 xcoef=" 0 1 0 0 0 0"
 ycoef=" 0 0 1 0 0 0">
<Contour name="d56sp25" hidden="false" closed="true" simplified="true" border="1 0 0" fill="1 0 0" mode="11"
 points="24.0339 24.1607,
	24.0286 24.1588,
	24.026 24.1575,
	24.0161 24.1482,
	24.0115 24.1443,
	23.9964 24.1239,
	23.9931 24.1187,
	23.9905 24.1161,
	23.9846 24.1055,
	23.9813 24.1003,
	23.9793 24.095,
	23.9774 24.0924,
	23.976 24.0872,
	23.9734 24.0819,
	23.9714 24.0609,
	23.9721 24.0556,
	23.9721 24.053,
	23.9734 24.0517,
	23.9767 24.0411,
	23.9774 24.0359,
	23.9813 24.0254,
	23.9833 24.0149,
	23.9839 23.9939,
	23.9839 23.9833,
	23.9872 23.9624,
	23.9918 23.9413,
	23.9931 23.9309,
	23.9931 23.9203,
	23.9931 23.9151,
	23.9905 23.9098,
	23.9905 23.9072,
	23.9859 23.8967,
	23.9859 23.894,
	23.9839 23.8888,
	23.982 23.8783,
	23.9807 23.8573,
	23.98 23.8468,
	23.9774 23.8415,
	23.9747 23.831,
	23.9721 23.8257,
	23.9714 23.8231,
	23.9714 23.8225,
	23.9714 23.8218,
	23.9727 23.8212,
	23.978 23.8238,
	23.9807 23.8257,
	23.982 23.8257,
	23.9826 23.827,
	23.9852 23.8277,
	23.9898 23.8317,
	23.9912 23.8317,
	24.0003 23.8389,
	24.0029 23.8408,
	24.0043 23.8408,
	24.0069 23.8435,
	24.0161 23.85,
	24.0188 23.8507,
	24.024 23.8546,
	24.0345 23.8586,
	24.0397 23.8599,
	24.0424 23.8619,
	24.0529 23.8638,
	24.0634 23.8632,
	24.0739 23.858,
	24.0943 23.8448,
	24.1034 23.8382,
	24.1081 23.8356,
	24.1107 23.833,
	24.131 23.8198,
	24.1415 23.8126,
	24.1469 23.8093,
	24.1475 23.8087,
	24.1482 23.8113,
	24.1469 23.8166,
	24.1415 23.8264,
	24.135 23.8369,
	24.1344 23.8395,
	24.1324 23.8421,
	24.1324 23.8435,
	24.1303 23.8461,
	24.1297 23.8487,
	24.1264 23.854,
	24.1245 23.8593,
	24.1232 23.8606,
	24.1232 23.8619,
	24.1212 23.8645,
	24.1206 23.8671,
	24.1172 23.8724,
	24.1152 23.8776,
	24.112 23.8822,
	24.1087 23.8927,
	24.1068 23.9033,
	24.1087 23.9085,
	24.1087 23.9098,
	24.1107 23.9118,
	24.1113 23.9145,
	24.1146 23.919,
	24.1159 23.9197,
	24.1166 23.9223,
	24.1166 23.9236,
	24.118 23.9242,
	24.118 23.9453,
	24.118 23.9557,
	24.1159 23.9663,
	24.1159 23.9716,
	24.1139 23.982,
	24.1126 23.9874,
	24.1126 24.0083,
	24.1126 24.0189,
	24.1107 24.0398,
	24.1087 24.0504,
	24.1055 24.0609,
	24.1034 24.0661,
	24.1021 24.0687,
	24.1021 24.0714,
	24.0975 24.0819,
	24.0969 24.0846,
	24.0969 24.0859,
	24.0956 24.0865,
	24.0956 24.0891,
	24.0943 24.0917,
	24.0943 24.0931,
	24.093 24.0944,
	24.0896 24.1042,
	24.0877 24.1095,
	24.087 24.1121,
	24.0857 24.1135,
	24.0772 24.1344,
	24.0753 24.1364,
	24.0745 24.139,
	24.0745 24.1403,
	24.0706 24.145,
	24.0693 24.1476,
	24.0667 24.1502,
	24.0654 24.1521,
	24.0601 24.1555,
	24.0496 24.1594,
	24.0391 24.1607,
	"/>
</Transform>

<Transform dim="0"
 xcoef=" 0 1 0 0 0 0"
 ycoef=" 0 0 1 0 0 0">
<Contour name="d39sp31" hidden="false" closed="true" simplified="true" border="1 0 0" fill="1 0 0" mode="11"
 points="11.3953 28.2446,
	11.3879 28.2442,
	11.3803 28.2428,
	11.3728 28.2386,
	11.3666 28.2324,
	11.3648 28.2305,
	11.3629 28.2301,
	11.3615 28.2287,
	11.3601 28.2282,
	11.3525 28.2235,
	11.3493 28.2212,
	11.3483 28.2203,
	11.3474 28.2203,
	11.3455 28.2183,
	11.3446 28.2183,
	11.337 28.2136,
	11.3333 28.2113,
	11.3319 28.2099,
	11.33 28.2094,
	11.3234 28.2037,
	11.3224 28.2037,
	11.3164 28.1976,
	11.3136 28.1944,
	11.3136 28.1934,
	11.3093 28.1859,
	11.3069 28.1784,
	11.3055 28.1764,
	11.3055 28.1746,
	11.3046 28.1727,
	11.3037 28.1717,
	11.3037 28.1699,
	11.2975 28.1548,
	11.2942 28.1473,
	11.2933 28.1435,
	11.2933 28.1417,
	11.2919 28.1379,
	11.2914 28.1361,
	11.2914 28.1351,
	11.2905 28.1341,
	11.2872 28.119,
	11.2858 28.1116,
	11.2853 28.104,
	11.2839 28.0965,
	11.2824 28.0664,
	11.2824 28.0514,
	11.2824 28.0438,
	11.2824 28.0434,
	11.2824 28.0429,
	11.2834 28.0354,
	11.2853 28.0278,
	11.2863 28.0241,
	11.2872 28.0222,
	11.2872 28.0203,
	11.2891 28.0165,
	11.2896 28.0147,
	11.2896 28.0137,
	11.2905 28.0133,
	11.2914 28.0095,
	11.2952 28.0024,
	11.2975 27.9992,
	11.2981 27.9973,
	11.2995 27.9954,
	11.2999 27.9935,
	11.3023 27.9902,
	11.3037 27.9883,
	11.3037 27.9874,
	11.306 27.9836,
	11.3093 27.9799,
	11.3111 27.9765,
	11.314 27.9733,
	11.3206 27.9681,
	11.3243 27.9653,
	11.3281 27.9634,
	11.3286 27.9624,
	11.3295 27.9624,
	11.3333 27.9601,
	11.3352 27.9582,
	11.3361 27.9582,
	11.3437 27.9536,
	11.3474 27.9522,
	11.3493 27.9508,
	11.3525 27.9492,
	11.3564 27.9469,
	11.3573 27.946,
	11.3582 27.946,
	11.3643 27.9399,
	11.3695 27.9328,
	11.3709 27.9314,
	11.3709 27.9305,
	11.3742 27.9267,
	11.3803 27.9206,
	11.3874 27.9154,
	11.3949 27.9131,
	11.3987 27.9117,
	11.4137 27.9108,
	11.4739 27.9103,
	11.489 27.9122,
	11.4964 27.915,
	11.5003 27.9168,
	11.5007 27.9178,
	11.5026 27.9182,
	11.504 27.9196,
	11.5059 27.9201,
	11.5087 27.923,
	11.5125 27.9253,
	11.5242 27.939,
	11.5271 27.9422,
	11.5327 27.9474,
	11.5403 27.9517,
	11.5421 27.9522,
	11.5496 27.9564,
	11.5515 27.9578,
	11.5534 27.9582,
	11.5553 27.9596,
	11.5563 27.9606,
	11.5572 27.9606,
	11.5591 27.9624,
	11.5628 27.9649,
	11.5642 27.9667,
	11.5651 27.9672,
	11.5656 27.9686,
	11.5713 27.9756,
	11.5713 27.9775,
	11.5722 27.9785,
	11.5727 27.9804,
	11.5736 27.9813,
	11.5746 27.985,
	11.5755 27.9869,
	11.576 27.9906,
	11.5764 27.9925,
	11.5774 27.9935,
	11.5778 27.9973,
	11.5792 28.001,
	11.5797 28.0086,
	11.5816 28.0161,
	11.5831 28.0311,
	11.5835 28.0612,
	11.5826 28.0762,
	11.5797 28.0913,
	11.5797 28.0951,
	11.5788 28.097,
	11.5764 28.112,
	11.575 28.1195,
	11.5741 28.1233,
	11.5736 28.1252,
	11.5736 28.1261,
	11.5727 28.1271,
	11.5713 28.1308,
	11.5713 28.1327,
	11.5704 28.1336,
	11.567 28.1412,
	11.5642 28.1449,
	11.5633 28.1454,
	11.5633 28.1463,
	11.5515 28.159,
	11.5374 28.1713,
	11.5308 28.1764,
	11.5271 28.1793,
	11.5251 28.1812,
	11.5219 28.1835,
	11.5186 28.1849,
	11.5177 28.1859,
	11.5167 28.1859,
	11.5153 28.1877,
	11.5135 28.1882,
	11.5059 28.193,
	11.5049 28.1939,
	11.504 28.1939,
	11.4964 28.1981,
	11.4932 28.2,
	11.4913 28.2009,
	11.4908 28.2018,
	11.489 28.2023,
	11.4871 28.2037,
	11.4852 28.2042,
	11.4702 28.2127,
	11.4688 28.2141,
	11.4678 28.2141,
	11.4607 28.2188,
	11.4575 28.2203,
	11.4541 28.2226,
	11.4522 28.2235,
	11.4513 28.2245,
	11.4494 28.2249,
	11.4457 28.2273,
	11.4448 28.2282,
	11.4429 28.2287,
	11.4391 28.231,
	11.4372 28.2324,
	11.4353 28.2329,
	11.4335 28.2344,
	11.4316 28.2348,
	11.4279 28.2372,
	11.4269 28.2372,
	11.4265 28.2381,
	11.4245 28.2386,
	11.4236 28.2386,
	11.4222 28.24,
	11.4184 28.2414,
	11.4165 28.2418,
	11.4161 28.2428,
	11.4142 28.2428,
	11.4104 28.2442,
	"/>
</Transform>

<Transform dim="0"
 xcoef=" 0 1 0 0 0 0"
 ycoef=" 0 0 1 0 0 0">
<Contour name="d63c36" hidden="false" closed="true" simplified="true" border="0 0 1" fill="0 0 1" mode="11"
 points="19.0907 27.2931,
	19.0819 27.2915,
	19.0776 27.291,
	19.0688 27.2877,
	19.0666 27.2866,
	19.0655 27.2855,
	19.0644 27.2855,
	19.0633 27.2844,
	19.0612 27.2839,
	19.0567 27.2811,
	19.0535 27.2778,
	19.0524 27.2762,
	19.0502 27.274,
	19.0502 27.2729,
	19.0464 27.2686,
	19.0436 27.2641,
	19.0403 27.2554,
	19.0398 27.2466,
	19.0398 27.2461,
	19.0398 27.2455,
	19.0408 27.2434,
	19.0408 27.2412,
	19.0436 27.2324,
	19.0464 27.2286,
	19.0507 27.2253,
	19.0551 27.2236,
	19.0727 27.222,
	19.0902 27.2225,
	19.0989 27.2225,
	19.1165 27.2253,
	19.1252 27.227,
	19.1296 27.227,
	19.1318 27.2275,
	19.1329 27.2286,
	19.135 27.2291,
	19.1383 27.2378,
	19.1378 27.2554,
	19.1318 27.2729,
	19.1312 27.2751,
	19.129 27.2773,
	19.1235 27.2855,
	19.1214 27.2877,
	19.117 27.2899,
	19.0994 27.2931,
	"/>
</Transform>

<Transform dim="0"
 xcoef=" 0 1 0 0 0 0"
 ycoef=" 0 0 1 0 0 0">
<Contour name="d28sp25" hidden="false" closed="true" simplified="true" border="1 0 0" fill="1 0 0" mode="11"
 points="7.09907 23.9039,
	7.09582 23.9023,
	7.08934 23.9015,
	7.08285 23.899,
	7.07961 23.8982,
	7.07799 23.8982,
	7.0715 23.8942,
	7.06907 23.8917,
	7.06582 23.8909,
	7.0642 23.8909,
	7.05366 23.8804,
	7.04799 23.8747,
	7.04555 23.8731,
	7.04393 23.8698,
	7.0334 23.8601,
	7.03096 23.8577,
	7.03015 23.856,
	7.02853 23.856,
	7.02205 23.8512,
	7.0188 23.8488,
	7.01718 23.8488,
	7.00502 23.8406,
	6.99934 23.8366,
	6.99447 23.831,
	6.99205 23.8293,
	6.99042 23.826,
	6.98474 23.8204,
	6.98232 23.8172,
	6.97745 23.813,
	6.97502 23.8114,
	6.96447 23.801,
	6.95799 23.7952,
	6.95312 23.7888,
	6.94988 23.7855,
	6.94826 23.7823,
	6.94664 23.7814,
	6.94339 23.7685,
	6.94259 23.7166,
	6.94259 23.7101,
	6.94259 23.7069,
	6.94097 23.7037,
	6.94097 23.702,
	6.93934 23.7004,
	6.93853 23.6939,
	6.93529 23.6875,
	6.93529 23.6841,
	6.93042 23.6712,
	6.92474 23.6453,
	6.92069 23.6323,
	6.91501 23.6193,
	6.9061 23.5934,
	6.90366 23.5869,
	6.90204 23.5836,
	6.90042 23.582,
	6.89961 23.5788,
	6.89718 23.5756,
	6.89637 23.5722,
	6.89231 23.5658,
	6.88826 23.5528,
	6.88826 23.5512,
	6.88826 23.5504,
	6.88989 23.5472,
	6.88989 23.5439,
	6.89393 23.5382,
	6.90042 23.5342,
	6.91259 23.5293,
	6.91421 23.5293,
	6.91826 23.5268,
	6.92069 23.5244,
	6.92312 23.5196,
	6.92474 23.5131,
	6.92474 23.5115,
	6.92636 23.5098,
	6.92636 23.5082,
	6.92799 23.5066,
	6.92799 23.505,
	6.93366 23.5009,
	6.94664 23.4969,
	6.97259 23.4977,
	6.98556 23.4993,
	6.9888 23.4993,
	6.99042 23.5009,
	6.99367 23.5018,
	6.99529 23.5018,
	6.99691 23.5034,
	7.02285 23.5074,
	7.03582 23.5098,
	7.04799 23.5139,
	7.05123 23.5139,
	7.05447 23.5155,
	7.08042 23.5196,
	7.09339 23.5212,
	7.09987 23.5228,
	7.10961 23.5228,
	7.11204 23.5204,
	7.11366 23.5204,
	7.11934 23.5155,
	7.12096 23.5155,
	7.12177 23.5139,
	7.12501 23.5131,
	7.12745 23.5106,
	7.14042 23.5115,
	7.1469 23.5139,
	7.15015 23.5147,
	7.15339 23.5172,
	7.16636 23.5204,
	7.1696 23.5212,
	7.19474 23.5131,
	7.20123 23.5106,
	7.20447 23.5098,
	7.20771 23.5074,
	7.20933 23.5066,
	7.21096 23.5001,
	7.20933 23.4742,
	7.20933 23.4483,
	7.21177 23.4417,
	7.22068 23.4295,
	7.22393 23.4279,
	7.22555 23.4279,
	7.22717 23.4263,
	7.22879 23.4263,
	7.23203 23.4329,
	7.23366 23.4361,
	7.23528 23.4369,
	7.23609 23.4401,
	7.24177 23.4441,
	7.2442 23.4507,
	7.24582 23.4515,
	7.24582 23.4531,
	7.24988 23.4571,
	7.24988 23.4587,
	7.25312 23.462,
	7.25393 23.4653,
	7.25799 23.4709,
	7.26041 23.4734,
	7.26041 23.475,
	7.26528 23.4815,
	7.2669 23.4831,
	7.2669 23.4847,
	7.27014 23.4863,
	7.2742 23.4928,
	7.28637 23.5026,
	7.31231 23.5098,
	7.31555 23.5106,
	7.31636 23.5123,
	7.31798 23.5123,
	7.32204 23.5188,
	7.32284 23.5204,
	7.32204 23.522,
	7.30907 23.5228,
	7.30258 23.5244,
	7.21826 23.5244,
	7.21501 23.526,
	7.21177 23.526,
	7.20529 23.5302,
	7.20123 23.535,
	7.19798 23.5414,
	7.19636 23.5544,
	7.19474 23.561,
	7.19312 23.5626,
	7.1923 23.5658,
	7.1923 23.5674,
	7.18826 23.5739,
	7.18663 23.5747,
	7.18663 23.5764,
	7.18339 23.5796,
	7.17528 23.5909,
	7.17285 23.5926,
	7.17042 23.5958,
	7.1688 23.5974,
	7.1688 23.599,
	7.16556 23.6015,
	7.15826 23.6128,
	7.15826 23.6144,
	7.15663 23.6161,
	7.15663 23.6177,
	7.15501 23.6193,
	7.15501 23.6225,
	7.15096 23.6282,
	7.15015 23.6315,
	7.14771 23.6347,
	7.13636 23.6583,
	7.13636 23.6599,
	7.13474 23.6607,
	7.13069 23.6737,
	7.12988 23.6867,
	7.12663 23.6995,
	7.12663 23.7255,
	7.12745 23.7385,
	7.12988 23.7515,
	7.13069 23.758,
	7.13312 23.7644,
	7.13474 23.7904,
	7.13393 23.8422,
	7.13555 23.8682,
	7.13555 23.8812,
	7.13555 23.8844,
	7.13312 23.8909,
	7.12745 23.8966,
	7.12177 23.9007,
	7.11853 23.9023,
	7.1169 23.9023,
	7.11528 23.9039,
	"/>
</Transform>

<Transform dim="0"
 xcoef=" 0 1 0 0 0 0"
 ycoef=" 0 0 1 0 0 0">
<Contour name="d39sp33" hidden="false" closed="true" simplified="true" border="1 0 0" fill="1 0 0" mode="11"
 points="10.7077 27.2382,
	10.6821 27.2374,
	10.6757 27.2358,
	10.6637 27.2302,
	10.6581 27.2245,
	10.6557 27.2214,
	10.6549 27.1957,
	10.6549 27.183,
	10.6549 27.1765,
	10.6549 27.1742,
	10.6549 27.1734,
	10.6589 27.1221,
	10.6605 27.0964,
	10.6677 27.0453,
	10.6733 27.0196,
	10.6765 27.0068,
	10.6789 27.0004,
	10.6805 26.9972,
	10.6805 26.994,
	10.6821 26.9924,
	10.6829 26.986,
	10.6909 26.9604,
	10.6957 26.9476,
	10.6965 26.9444,
	10.7013 26.9387,
	10.7013 26.9371,
	10.7077 26.9316,
	10.7093 26.93,
	10.7221 26.93,
	10.7286 26.9324,
	10.735 26.9324,
	10.7414 26.9308,
	10.7542 26.9227,
	10.7574 26.9203,
	10.7606 26.9195,
	10.7614 26.9179,
	10.763 26.9179,
	10.7662 26.9156,
	10.7726 26.9148,
	10.7758 26.914,
	10.7886 26.9164,
	10.8142 26.9284,
	10.827 26.9347,
	10.8334 26.9387,
	10.8398 26.9412,
	10.8431 26.9436,
	10.8687 26.9507,
	10.8719 26.9515,
	10.8735 26.9515,
	10.8751 26.9531,
	10.8879 26.9556,
	10.9391 26.958,
	10.9648 26.9572,
	10.9904 26.9531,
	11.0032 26.9507,
	11.016 26.9499,
	11.0224 26.9484,
	11.0288 26.9444,
	11.0416 26.9387,
	11.0448 26.9379,
	11.0464 26.9363,
	11.0496 26.9355,
	11.0528 26.9331,
	11.0544 26.9331,
	11.0664 26.9203,
	11.0704 26.914,
	11.0936 26.8899,
	11.0984 26.8835,
	11.1041 26.8787,
	11.1153 26.8659,
	11.1209 26.8603,
	11.1225 26.8603,
	11.1249 26.8571,
	11.1264 26.8571,
	11.1297 26.8538,
	11.1361 26.8499,
	11.1393 26.8491,
	11.1425 26.8467,
	11.1489 26.8451,
	11.1745 26.8459,
	11.1874 26.8483,
	11.213 26.8554,
	11.2194 26.8571,
	11.2226 26.8579,
	11.2346 26.8683,
	11.2386 26.8747,
	11.2393 26.9004,
	11.2393 26.9132,
	11.2362 26.9387,
	11.2346 26.9515,
	11.2306 26.9644,
	11.229 26.9708,
	11.2249 26.9772,
	11.2241 26.9804,
	11.2226 26.9819,
	11.2218 26.9852,
	11.2194 26.9884,
	11.2186 26.9916,
	11.2097 27.0044,
	11.2081 27.0076,
	11.2121 27.0204,
	11.213 27.0332,
	11.2138 27.0396,
	11.2121 27.0524,
	11.2073 27.0652,
	11.205 27.0717,
	11.2026 27.0749,
	11.2002 27.0812,
	11.1977 27.0845,
	11.1969 27.0877,
	11.1945 27.0909,
	11.1937 27.0941,
	11.1913 27.0973,
	11.1905 27.1005,
	11.1858 27.1069,
	11.1841 27.1085,
	11.1841 27.1101,
	11.1738 27.1229,
	11.1609 27.1349,
	11.1545 27.1397,
	11.1289 27.1501,
	11.1161 27.1533,
	11.0905 27.1566,
	11.084 27.1574,
	11.0712 27.1613,
	11.0648 27.1645,
	11.052 27.1686,
	11.0264 27.1734,
	11.0008 27.1765,
	10.9495 27.1757,
	10.9239 27.1734,
	10.9207 27.1734,
	10.9079 27.1773,
	10.8823 27.1813,
	10.8759 27.1813,
	10.8631 27.1838,
	10.8375 27.1854,
	10.8118 27.1894,
	10.8054 27.1894,
	10.799 27.191,
	10.7926 27.191,
	10.7862 27.1933,
	10.7798 27.1982,
	10.7766 27.199,
	10.7518 27.2206,
	10.7462 27.2254,
	10.7446 27.2254,
	10.7382 27.2302,
	10.7366 27.2302,
	10.7334 27.2326,
	10.7205 27.2366,
	"/>
</Transform>

<Transform dim="0"
 xcoef=" 0 1 0 0 0 0"
 ycoef=" 0 0 1 0 0 0">
<Contour name="d28c25" hidden="false" closed="true" simplified="true" border="0 0 1" fill="0 0 1" mode="11"
 points="6.92542 23.7713,
	6.92478 23.7706,
	6.92416 23.7706,
	6.92163 23.7691,
	6.92068 23.7684,
	6.91847 23.7662,
	6.91532 23.7622,
	6.91342 23.7597,
	6.91121 23.7549,
	6.91026 23.7524,
	6.91026 23.7511,
	6.90837 23.7461,
	6.90742 23.7436,
	6.90742 23.7422,
	6.90553 23.7372,
	6.90458 23.7347,
	6.90458 23.7334,
	6.90269 23.7283,
	6.90205 23.7258,
	6.90142 23.7246,
	6.90142 23.7239,
	6.90079 23.7233,
	6.90016 23.7208,
	6.89985 23.7195,
	6.89985 23.7189,
	6.89921 23.7183,
	6.89889 23.7158,
	6.89827 23.7155,
	6.89763 23.7129,
	6.897 23.7116,
	6.897 23.711,
	6.89637 23.7104,
	6.89605 23.7078,
	6.8951 23.7056,
	6.89132 23.6854,
	6.88942 23.6652,
	6.88848 23.6551,
	6.88816 23.6349,
	6.88816 23.6337,
	6.88816 23.633,
	6.88816 23.6327,
	6.88974 23.6276,
	6.89006 23.6251,
	6.89163 23.6201,
	6.89384 23.6151,
	6.89384 23.6143,
	6.89448 23.614,
	6.89543 23.6115,
	6.89637 23.6103,
	6.897 23.6096,
	6.89763 23.6096,
	6.89827 23.6084,
	6.90079 23.6059,
	6.90142 23.6059,
	6.90236 23.6046,
	6.90363 23.6043,
	6.90458 23.6034,
	6.90711 23.6024,
	6.90963 23.6008,
	6.91026 23.6008,
	6.91089 23.6001,
	6.91595 23.5983,
	6.91847 23.597,
	6.91974 23.5967,
	6.92005 23.5961,
	6.92258 23.5957,
	6.92384 23.5948,
	6.93395 23.5951,
	6.93899 23.5961,
	6.94152 23.597,
	6.94215 23.5976,
	6.94341 23.5976,
	6.94815 23.6004,
	6.95036 23.6021,
	6.951 23.6027,
	6.95162 23.6027,
	6.95351 23.6052,
	6.95447 23.6065,
	6.95447 23.6071,
	6.95604 23.6087,
	6.95604 23.6093,
	6.95762 23.6112,
	6.96015 23.6163,
	6.96141 23.6188,
	6.96141 23.6195,
	6.96204 23.6201,
	6.96204 23.6207,
	6.96268 23.621,
	6.96299 23.6235,
	6.96363 23.6242,
	6.96425 23.6267,
	6.96552 23.6292,
	6.96615 23.6318,
	6.96678 23.633,
	6.96678 23.6343,
	6.96741 23.6349,
	6.97057 23.6451,
	6.9712 23.6476,
	6.97247 23.6501,
	6.97247 23.6526,
	6.98099 23.6728,
	6.98257 23.6779,
	6.98415 23.698,
	6.98415 23.7183,
	6.98415 23.7233,
	6.9832 23.7334,
	6.9832 23.7385,
	6.98193 23.7486,
	6.98068 23.7536,
	6.98004 23.7561,
	6.97909 23.7575,
	6.97909 23.7587,
	6.97815 23.7597,
	6.97784 23.7609,
	6.97625 23.7634,
	6.97404 23.7653,
	6.97278 23.7666,
	6.97152 23.7669,
	6.97025 23.7678,
	6.96772 23.7688,
	6.96646 23.7691,
	6.96583 23.7691,
	6.96521 23.7697,
	6.96015 23.7706,
	6.93994 23.7706,
	6.92984 23.7713,
	"/>
</Transform>

<Transform dim="0"
 xcoef=" 0 1 0 0 0 0"
 ycoef=" 0 0 1 0 0 0">
<Contour name="d63p34" hidden="false" closed="true" simplified="true" border="1 0 0" fill="1 0 0" mode="11"
 points="20.516 26.8399,
	20.4995 26.8097,
	20.5325 26.8097,
	"/>
</Transform>

<Transform dim="0"
 xcoef=" 0 1 0 0 0 0"
 ycoef=" 0 0 1 0 0 0">
<Contour name="d63sp34" hidden="false" closed="true" simplified="true" border="1 0 0" fill="1 0 0" mode="11"
 points="20.924 26.9792,
	20.9103 26.9788,
	20.9069 26.9784,
	20.8999 26.9762,
	20.8931 26.9754,
	20.8862 26.9754,
	20.8828 26.975,
	20.8759 26.972,
	20.8742 26.9711,
	20.8725 26.9711,
	20.8657 26.9664,
	20.8588 26.9608,
	20.8554 26.9578,
	20.8545 26.957,
	20.8537 26.957,
	20.8399 26.9458,
	20.8365 26.9433,
	20.8296 26.9393,
	20.8279 26.9389,
	20.8211 26.9342,
	20.8074 26.9287,
	20.8005 26.9265,
	20.7971 26.9248,
	20.7937 26.9243,
	20.7919 26.9239,
	20.785 26.9201,
	20.7781 26.9175,
	20.7713 26.9158,
	20.7645 26.9128,
	20.7508 26.9085,
	20.7473 26.9068,
	20.7456 26.9059,
	20.7422 26.9055,
	20.7352 26.9029,
	20.7216 26.8991,
	20.6942 26.8943,
	20.6804 26.893,
	20.6735 26.8926,
	20.6701 26.8922,
	20.6684 26.8913,
	20.6547 26.8905,
	20.641 26.8884,
	20.6272 26.8875,
	20.6135 26.8854,
	20.6118 26.8854,
	20.6084 26.8841,
	20.5947 26.8841,
	20.5878 26.8845,
	20.5844 26.8845,
	20.5775 26.8871,
	20.5706 26.8884,
	20.5569 26.893,
	20.55 26.8952,
	20.5432 26.8982,
	20.5398 26.8991,
	20.5364 26.9008,
	20.5346 26.9017,
	20.5337 26.9025,
	20.532 26.9029,
	20.5286 26.9055,
	20.5269 26.9063,
	20.5248 26.9098,
	20.5231 26.9098,
	20.5231 26.9093,
	20.5227 26.9089,
	20.5359 26.8952,
	20.5428 26.8884,
	20.5462 26.885,
	20.5487 26.8814,
	20.5514 26.8746,
	20.5535 26.8712,
	20.5565 26.8677,
	20.5633 26.854,
	20.566 26.8472,
	20.5668 26.8438,
	20.5677 26.8421,
	20.5681 26.8386,
	20.5732 26.8248,
	20.5753 26.818,
	20.5766 26.8111,
	20.5787 26.8043,
	20.5793 26.7974,
	20.5801 26.794,
	20.5801 26.7872,
	20.5787 26.7735,
	20.5762 26.7665,
	20.5753 26.7648,
	20.5749 26.7614,
	20.5745 26.7597,
	20.5706 26.7528,
	20.5702 26.7511,
	20.5681 26.7477,
	20.5668 26.7443,
	20.5625 26.7374,
	20.5607 26.734,
	20.5599 26.7323,
	20.5544 26.7258,
	20.5518 26.7224,
	20.5504 26.7207,
	20.5496 26.7198,
	20.5492 26.7181,
	20.5483 26.7177,
	20.5487 26.7164,
	20.5496 26.716,
	20.5531 26.7177,
	20.5548 26.7194,
	20.5565 26.7194,
	20.5702 26.7279,
	20.5839 26.7374,
	20.5903 26.7434,
	20.592 26.7447,
	20.5938 26.7451,
	20.6076 26.7567,
	20.6105 26.7597,
	20.6122 26.7606,
	20.6131 26.7623,
	20.6191 26.7687,
	20.626 26.7756,
	20.6324 26.7811,
	20.6358 26.7832,
	20.6495 26.7872,
	20.6564 26.7889,
	20.6598 26.7893,
	20.6667 26.7889,
	20.6701 26.7885,
	20.6769 26.7889,
	20.6907 26.7919,
	20.6976 26.7936,
	20.6993 26.7948,
	20.7061 26.7961,
	20.7096 26.7965,
	20.7105 26.7965,
	20.7117 26.7978,
	20.7185 26.7992,
	20.7202 26.7996,
	20.7238 26.8018,
	20.7375 26.806,
	20.7409 26.8073,
	20.7426 26.8086,
	20.7494 26.8107,
	20.7563 26.812,
	20.77 26.812,
	20.7838 26.8094,
	20.7872 26.8081,
	20.7889 26.8077,
	20.7897 26.8077,
	20.7914 26.8064,
	20.7932 26.8064,
	20.8 26.8035,
	20.8034 26.8026,
	20.8104 26.7988,
	20.8172 26.7957,
	20.8207 26.7936,
	20.8343 26.7889,
	20.8412 26.7876,
	20.848 26.7845,
	20.8618 26.7815,
	20.8755 26.7811,
	20.8824 26.7811,
	20.8961 26.7837,
	20.9098 26.7872,
	20.9132 26.7885,
	20.915 26.7885,
	20.9167 26.7893,
	20.9184 26.7893,
	20.9219 26.7906,
	20.9236 26.7919,
	20.9244 26.7919,
	20.9278 26.7948,
	20.9287 26.7948,
	20.9321 26.7982,
	20.9416 26.8115,
	20.9441 26.8151,
	20.9454 26.8185,
	20.9475 26.8219,
	20.9574 26.8493,
	20.9595 26.8562,
	20.9608 26.8596,
	20.9608 26.8613,
	20.9621 26.863,
	20.9639 26.87,
	20.9647 26.8734,
	20.9652 26.8751,
	20.9664 26.8768,
	20.9682 26.8836,
	20.9686 26.8854,
	20.9686 26.8862,
	20.9694 26.8867,
	20.9707 26.8935,
	20.9707 26.9072,
	20.9686 26.9209,
	20.9673 26.9243,
	20.9664 26.9252,
	20.9656 26.9287,
	20.9617 26.9355,
	20.9595 26.9389,
	20.9591 26.9406,
	20.9553 26.9475,
	20.9523 26.9543,
	20.9484 26.9612,
	20.9479 26.9629,
	20.9454 26.9664,
	20.9445 26.9681,
	20.9411 26.9716,
	20.9343 26.9762,
	20.9308 26.9784,
	"/>
</Transform>

<Transform dim="0"
 xcoef=" 0 1 0 0 0 0"
 ycoef=" 0 0 1 0 0 0">
<Contour name="d39c33" hidden="false" closed="true" simplified="true" border="0 0 1" fill="0 0 1" mode="11"
 points="10.9607 27.0364,
	10.9479 27.0348,
	10.9414 27.0332,
	10.9382 27.0316,
	10.9318 27.0308,
	10.9254 27.0276,
	10.9206 27.0276,
	10.9173 27.0251,
	10.8916 27.0227,
	10.8852 27.0212,
	10.8788 27.0212,
	10.8531 27.014,
	10.841 27.0091,
	10.8346 27.0051,
	10.8338 27.0035,
	10.8322 27.0035,
	10.829 27.0003,
	10.8274 27.0003,
	10.8057 26.9826,
	10.8009 26.9762,
	10.7984 26.9738,
	10.7984 26.9722,
	10.7896 26.9609,
	10.7832 26.9481,
	10.7816 26.9417,
	10.7816 26.9288,
	10.7816 26.9272,
	10.7816 26.9263,
	10.7856 26.9136,
	10.7864 26.9103,
	10.7888 26.9071,
	10.7944 26.895,
	10.7984 26.8894,
	10.8041 26.8846,
	10.8105 26.8821,
	10.8169 26.8813,
	10.8298 26.8837,
	10.8362 26.8854,
	10.837 26.887,
	10.8434 26.8878,
	10.8555 26.8926,
	10.8619 26.895,
	10.8651 26.8958,
	10.8667 26.8974,
	10.8924 26.9047,
	10.9181 26.9087,
	10.9439 26.9111,
	10.9567 26.9087,
	10.9631 26.9071,
	10.9663 26.9063,
	10.968 26.9047,
	10.9712 26.9039,
	10.9728 26.9039,
	10.9856 26.8958,
	10.9921 26.8926,
	10.9953 26.8902,
	11.0081 26.8862,
	11.0146 26.8846,
	11.0274 26.8846,
	11.0531 26.8918,
	11.0539 26.8934,
	11.0603 26.895,
	11.0716 26.9039,
	11.0796 26.9159,
	11.0844 26.9288,
	11.0853 26.9417,
	11.082 26.9544,
	11.0764 26.9673,
	11.074 26.9738,
	11.0724 26.9754,
	11.0716 26.9786,
	11.0676 26.9843,
	11.0652 26.9867,
	11.0652 26.9882,
	11.0563 26.9987,
	11.0451 27.0091,
	11.0411 27.0115,
	11.0411 27.0132,
	11.0379 27.0148,
	11.0338 27.0188,
	11.0218 27.0251,
	11.0186 27.0276,
	11.0121 27.0284,
	10.9993 27.0324,
	10.9736 27.0364,
	"/>
</Transform>

<Transform dim="0"
 xcoef=" 0 1 0 0 0 0"
 ycoef=" 0 0 1 0 0 0">
<Contour name="d56p25" hidden="false" closed="true" simplified="true" border="1 0 0" fill="1 0 0" mode="11"
 points="24.0575 23.7587,
	24.0414 23.7424,
	24.0575 23.7262,
	24.0737 23.7424,
	"/>
</Transform>

<Transform dim="0"
 xcoef=" 0 1 0 0 0 0"
 ycoef=" 0 0 1 0 0 0">
<Contour name="d28p25" hidden="false" closed="true" simplified="true" border="1 0 0" fill="1 0 0" mode="11"
 points="7.31854 23.4528,
	7.30096 23.4353,
	7.31854 23.4177,
	7.33613 23.4353,
	"/>
</Transform>

<Transform dim="0"
 xcoef=" 0 1 0 0 0 0"
 ycoef=" 0 0 1 0 0 0">
<Contour name="d63cfa36" hidden="false" closed="false" simplified="true" border="0 1 0" fill="1 0 0" mode="11"
 points="19.0482 27.2582,
	19.0909 27.245,
	19.1368 27.2456,
	"/>
</Transform>

<Transform dim="0"
 xcoef=" 0 1 0 0 0 0"
 ycoef=" 0 0 1 0 0 0">
<Contour name="d28cfa25" hidden="false" closed="false" simplified="true" border="0 1 0" fill="1 0 0" mode="11"
 points="6.92615 23.5982,
	6.93385 23.6218,
	6.94111 23.6418,
	6.94837 23.6615,
	6.95521 23.6828,
	6.96248 23.7064,
	6.96589 23.7359,
	6.97016 23.7653,
	"/>
</Transform>

<Transform dim="0"
 xcoef=" 0 1 0 0 0 0"
 ycoef=" 0 0 1 0 0 0">
<Contour name="d39cfa33" hidden="false" closed="false" simplified="true" border="0 1 0" fill="1 0 0" mode="11"
 points="10.7872 26.9359,
	10.7888 26.9367,
	10.8025 26.9432,
	10.8177 26.9504,
	10.8418 26.9625,
	10.8756 26.9729,
	10.9141 26.9801,
	10.9527 26.9825,
	11.0017 26.9809,
	11.029 26.9745,
	11.078 26.9359,
	"/>
</Transform>

<Transform dim="0"
 xcoef=" 0 1 0 0 0 0"
 ycoef=" 0 0 1 0 0 0">
<Contour name="d28endos08_mvb" hidden="false" closed="true" simplified="true" border="1 0.502 0" fill="1 0 0" mode="11"
 points="7.31692 23.0897,
	7.31711 23.0823,
	7.31767 23.075,
	7.3186 23.0676,
	7.31989 23.0603,
	7.32155 23.0531,
	7.32358 23.0459,
	7.32596 23.0389,
	7.3287 23.0319,
	7.33178 23.0251,
	7.33521 23.0184,
	7.33896 23.0119,
	7.34305 23.0055,
	7.34745 22.9993,
	7.35216 22.9933,
	7.35716 22.9874,
	7.36246 22.9818,
	7.36803 22.9765,
	7.37386 22.9713,
	7.37995 22.9665,
	7.38627 22.9618,
	7.39283 22.9575,
	7.39959 22.9534,
	7.40656 22.9496,
	7.4137 22.9461,
	7.42102 22.9429,
	7.42849 22.94,
	7.43609 22.9375,
	7.44382 22.9352,
	7.45165 22.9333,
	7.45958 22.9317,
	7.46757 22.9304,
	7.47562 22.9295,
	7.4837 22.9289,
	7.49181 22.9287,
	7.49993 22.9287,
	7.50803 22.9292,
	7.5161 22.9299,
	7.52412 22.931,
	7.53208 22.9325,
	7.53996 22.9342,
	7.54774 22.9363,
	7.55541 22.9387,
	7.56295 22.9414,
	7.57034 22.9445,
	7.57758 22.9478,
	7.58463 22.9515,
	7.5915 22.9554,
	7.59816 22.9596,
	7.6046 22.9641,
	7.61081 22.9689,
	7.61677 22.9739,
	7.62248 22.9791,
	7.62791 22.9846,
	7.63306 22.9903,
	7.63792 22.9962,
	7.64248 23.0024,
	7.64672 23.0086,
	7.65064 23.0151,
	7.65423 23.0217,
	7.65749 23.0285,
	7.6604 23.0354,
	7.66296 23.0424,
	7.66516 23.0495,
	7.66701 23.0567,
	7.66849 23.064,
	7.6696 23.0713,
	7.67034 23.0786,
	7.67071 23.086,
	7.67071 23.0934,
	7.67034 23.1008,
	7.6696 23.1081,
	7.66849 23.1154,
	7.66701 23.1227,
	7.66516 23.1299,
	7.66296 23.137,
	7.6604 23.144,
	7.65749 23.1509,
	7.65423 23.1577,
	7.65064 23.1643,
	7.64672 23.1708,
	7.64248 23.1771,
	7.63792 23.1832,
	7.63306 23.1891,
	7.62791 23.1948,
	7.62248 23.2003,
	7.61677 23.2055,
	7.61081 23.2105,
	7.6046 23.2153,
	7.59816 23.2198,
	7.5915 23.224,
	7.58463 23.2279,
	7.57758 23.2316,
	7.57034 23.2349,
	7.56295 23.238,
	7.55541 23.2407,
	7.54774 23.2431,
	7.53996 23.2452,
	7.53208 23.2469,
	7.52412 23.2484,
	7.5161 23.2495,
	7.50803 23.2502,
	7.49993 23.2507,
	7.49181 23.2507,
	7.4837 23.2505,
	7.47562 23.2499,
	7.46757 23.249,
	7.45958 23.2477,
	7.45165 23.2461,
	7.44382 23.2442,
	7.43609 23.2419,
	7.42849 23.2394,
	7.42102 23.2365,
	7.4137 23.2333,
	7.40656 23.2298,
	7.39959 23.226,
	7.39283 23.2219,
	7.38627 23.2176,
	7.37995 23.2129,
	7.37386 23.2081,
	7.36803 23.2029,
	7.36246 23.1976,
	7.35716 23.192,
	7.35216 23.1861,
	7.34745 23.1801,
	7.34305 23.1739,
	7.33896 23.1675,
	7.33521 23.161,
	7.33178 23.1543,
	7.3287 23.1475,
	7.32596 23.1405,
	7.32358 23.1335,
	7.32155 23.1263,
	7.31989 23.1191,
	7.3186 23.1118,
	7.31767 23.1045,
	"/>
</Transform>

<Transform dim="0"
 xcoef=" 0 1 0 0 0 0"
 ycoef=" 0 0 1 0 0 0">
<Contour name="d28endob25_cv" hidden="false" closed="true" simplified="true" border="1 0.502 0" fill="1 0 0" mode="11"
 points="7.24461 23.3698,
	7.24492 23.3654,
	7.24583 23.3611,
	7.24734 23.3569,
	7.24942 23.3528,
	7.25206 23.349,
	7.25521 23.3454,
	7.25885 23.3421,
	7.26293 23.3391,
	7.26739 23.3365,
	7.27219 23.3343,
	7.27726 23.3325,
	7.28255 23.3312,
	7.28799 23.3304,
	7.29351 23.33,
	7.29904 23.3301,
	7.30453 23.3308,
	7.3099 23.3318,
	7.31509 23.3334,
	7.32003 23.3353,
	7.32467 23.3377,
	7.32894 23.3405,
	7.33281 23.3437,
	7.33621 23.3471,
	7.33911 23.3509,
	7.34147 23.3548,
	7.34327 23.359,
	7.34448 23.3633,
	7.34509 23.3676,
	7.34509 23.372,
	7.34448 23.3764,
	7.34327 23.3806,
	7.34147 23.3848,
	7.33911 23.3888,
	7.33621 23.3925,
	7.33281 23.396,
	7.32894 23.3991,
	7.32467 23.4019,
	7.32003 23.4043,
	7.31509 23.4063,
	7.3099 23.4078,
	7.30453 23.4089,
	7.29904 23.4095,
	7.29351 23.4096,
	7.28799 23.4092,
	7.28255 23.4084,
	7.27726 23.4071,
	7.27219 23.4053,
	7.26739 23.4031,
	7.26293 23.4005,
	7.25885 23.3976,
	7.25521 23.3943,
	7.25206 23.3907,
	7.24942 23.3868,
	7.24734 23.3827,
	7.24583 23.3785,
	"/>
</Transform>

<Transform dim="0"
 xcoef=" 0 1 0 0 0 0"
 ycoef=" 0 0 1 0 0 0">
<Contour name="d28endoh25_lv" hidden="false" closed="true" simplified="true" border="1 0.502 0" fill="1 0 0" mode="11"
 points="6.98982 23.5859,
	6.98989 23.583,
	6.99011 23.5801,
	6.99048 23.5772,
	6.99098 23.5744,
	6.99164 23.5715,
	6.99243 23.5687,
	6.99337 23.566,
	6.99445 23.5633,
	6.99566 23.5606,
	6.997 23.558,
	6.99848 23.5554,
	7.00009 23.5529,
	7.00182 23.5505,
	7.00367 23.5481,
	7.00564 23.5458,
	7.00772 23.5436,
	7.00991 23.5415,
	7.01221 23.5395,
	7.0146 23.5376,
	7.01709 23.5358,
	7.01967 23.5341,
	7.02234 23.5324,
	7.02508 23.5309,
	7.0279 23.5296,
	7.03078 23.5283,
	7.03373 23.5271,
	7.03673 23.5261,
	7.03977 23.5252,
	7.04287 23.5244,
	7.04599 23.5238,
	7.04915 23.5233,
	7.05233 23.5229,
	7.05553 23.5226,
	7.05874 23.5225,
	7.06195 23.5225,
	7.06516 23.5226,
	7.06835 23.5229,
	7.07153 23.5233,
	7.07469 23.5238,
	7.07782 23.5244,
	7.08091 23.5252,
	7.08396 23.5261,
	7.08696 23.5271,
	7.08991 23.5283,
	7.09279 23.5296,
	7.09561 23.5309,
	7.09835 23.5324,
	7.10101 23.5341,
	7.10359 23.5358,
	7.10608 23.5376,
	7.10848 23.5395,
	7.11078 23.5415,
	7.11297 23.5436,
	7.11505 23.5458,
	7.11702 23.5481,
	7.11887 23.5505,
	7.1206 23.5529,
	7.12221 23.5554,
	7.12368 23.558,
	7.12503 23.5606,
	7.12624 23.5633,
	7.12732 23.566,
	7.12825 23.5687,
	7.12905 23.5715,
	7.1297 23.5744,
	7.13021 23.5772,
	7.13058 23.5801,
	7.13079 23.583,
	7.13087 23.5859,
	7.13079 23.5887,
	7.13058 23.5916,
	7.13021 23.5945,
	7.1297 23.5973,
	7.12905 23.6002,
	7.12825 23.603,
	7.12732 23.6057,
	7.12624 23.6084,
	7.12503 23.6111,
	7.12368 23.6137,
	7.12221 23.6163,
	7.1206 23.6188,
	7.11887 23.6212,
	7.11702 23.6236,
	7.11505 23.6259,
	7.11297 23.6281,
	7.11078 23.6302,
	7.10848 23.6322,
	7.10608 23.6341,
	7.10359 23.6359,
	7.10101 23.6376,
	7.09835 23.6393,
	7.09561 23.6408,
	7.09279 23.6421,
	7.08991 23.6434,
	7.08696 23.6446,
	7.08396 23.6456,
	7.08091 23.6465,
	7.07782 23.6473,
	7.07469 23.6479,
	7.07153 23.6484,
	7.06835 23.6488,
	7.06516 23.6491,
	7.06195 23.6492,
	7.05874 23.6492,
	7.05553 23.6491,
	7.05233 23.6488,
	7.04915 23.6484,
	7.04599 23.6479,
	7.04287 23.6473,
	7.03977 23.6465,
	7.03673 23.6456,
	7.03373 23.6446,
	7.03078 23.6434,
	7.0279 23.6421,
	7.02508 23.6408,
	7.02234 23.6393,
	7.01967 23.6376,
	7.01709 23.6359,
	7.0146 23.6341,
	7.01221 23.6322,
	7.00991 23.6302,
	7.00772 23.6281,
	7.00564 23.6259,
	7.00367 23.6236,
	7.00182 23.6212,
	7.00009 23.6188,
	6.99848 23.6163,
	6.997 23.6137,
	6.99566 23.6111,
	6.99445 23.6084,
	6.99337 23.6057,
	6.99243 23.603,
	6.99164 23.6002,
	6.99098 23.5973,
	6.99048 23.5945,
	6.99011 23.5916,
	6.98989 23.5887,
	"/>
</Transform>

<Transform dim="0"
 xcoef=" 0 1 0 0 0 0"
 ycoef=" 0 0 1 0 0 0">
<Contour name="d39endoh33_av" hidden="false" closed="true" simplified="true" border="1 0.501961 0" fill="0 1 0" mode="11"
 points="10.6829 27.1222,
	10.6832 27.1176,
	10.6839 27.113,
	10.6852 27.1085,
	10.6869 27.104,
	10.6891 27.0997,
	10.6917 27.0955,
	10.6948 27.0914,
	10.6983 27.0876,
	10.7022 27.084,
	10.7065 27.0806,
	10.7112 27.0774,
	10.7161 27.0746,
	10.7214 27.072,
	10.7269 27.0698,
	10.7327 27.0678,
	10.7386 27.0662,
	10.7447 27.065,
	10.7509 27.0641,
	10.7572 27.0635,
	10.7635 27.0633,
	10.7698 27.0635,
	10.7761 27.0641,
	10.7823 27.065,
	10.7884 27.0662,
	10.7944 27.0678,
	10.8001 27.0698,
	10.8056 27.072,
	10.8109 27.0746,
	10.8158 27.0774,
	10.8205 27.0806,
	10.8248 27.084,
	10.8287 27.0876,
	10.8322 27.0914,
	10.8353 27.0955,
	10.838 27.0997,
	10.8402 27.104,
	10.8419 27.1085,
	10.8431 27.113,
	10.8438 27.1176,
	10.8441 27.1222,
	10.8438 27.1268,
	10.8431 27.1314,
	10.8419 27.136,
	10.8402 27.1404,
	10.838 27.1447,
	10.8353 27.1489,
	10.8322 27.153,
	10.8287 27.1568,
	10.8248 27.1604,
	10.8205 27.1638,
	10.8158 27.167,
	10.8109 27.1698,
	10.8056 27.1724,
	10.8001 27.1747,
	10.7944 27.1766,
	10.7884 27.1782,
	10.7823 27.1795,
	10.7761 27.1804,
	10.7698 27.1809,
	10.7635 27.1811,
	10.7572 27.1809,
	10.7509 27.1804,
	10.7447 27.1795,
	10.7386 27.1782,
	10.7327 27.1766,
	10.7269 27.1747,
	10.7214 27.1724,
	10.7161 27.1698,
	10.7112 27.167,
	10.7065 27.1638,
	10.7022 27.1604,
	10.6983 27.1568,
	10.6948 27.153,
	10.6917 27.1489,
	10.6891 27.1447,
	10.6869 27.1404,
	10.6852 27.136,
	10.6839 27.1314,
	"/>
</Transform>

<Transform dim="0"
 xcoef=" 0 1 0 0 0 0"
 ycoef=" 0 0 1 0 0 0">
<Contour name="d39sab34" hidden="false" closed="true" simplified="false" border="1 0 0" fill="0 1 0" mode="-11"
 points="10.2014 28.1262,
	10.2014 28.1161,
	10.2116 28.1161,
	10.2116 28.1059,
	10.2218 28.1059,
	10.2218 28.1161,
	10.2319 28.1161,
	10.2319 28.1262,
	10.2218 28.1262,
	10.2218 28.1364,
	10.2116 28.1364,
	10.2116 28.1262,
	"/>
</Transform>

<Transform dim="0"
 xcoef=" 0 1 0 0 0 0"
 ycoef=" 0 0 1 0 0 0">
<Contour name="d39_Interest_04possiblePR" hidden="false" closed="true" simplified="true" border="0 0 0" fill="0 0 1" mode="11"
 points="10.8423 28.3558,
	10.8424 28.3508,
	10.843 28.3459,
	10.8439 28.341,
	10.8451 28.3361,
	10.8467 28.3314,
	10.8486 28.3267,
	10.8508 28.3223,
	10.8534 28.3179,
	10.8562 28.3138,
	10.8594 28.3099,
	10.8628 28.3062,
	10.8664 28.3027,
	10.8703 28.2995,
	10.8745 28.2966,
	10.8788 28.2939,
	10.8833 28.2916,
	10.888 28.2896,
	10.8927 28.2878,
	10.8976 28.2865,
	10.9026 28.2854,
	10.9077 28.2847,
	10.9128 28.2844,
	10.9179 28.2844,
	10.923 28.2847,
	10.928 28.2854,
	10.933 28.2865,
	10.9379 28.2878,
	10.9427 28.2896,
	10.9473 28.2916,
	10.9518 28.2939,
	10.9562 28.2966,
	10.9603 28.2995,
	10.9642 28.3027,
	10.9679 28.3062,
	10.9713 28.3099,
	10.9744 28.3138,
	10.9773 28.3179,
	10.9798 28.3223,
	10.9821 28.3267,
	10.984 28.3314,
	10.9855 28.3361,
	10.9868 28.341,
	10.9877 28.3459,
	10.9882 28.3508,
	10.9884 28.3558,
	10.9882 28.3608,
	10.9877 28.3658,
	10.9868 28.3707,
	10.9855 28.3755,
	10.984 28.3803,
	10.9821 28.3849,
	10.9798 28.3894,
	10.9773 28.3937,
	10.9744 28.3978,
	10.9713 28.4017,
	10.9679 28.4055,
	10.9642 28.4089,
	10.9603 28.4121,
	10.9562 28.4151,
	10.9518 28.4177,
	10.9473 28.42,
	10.9427 28.4221,
	10.9379 28.4238,
	10.933 28.4252,
	10.928 28.4262,
	10.923 28.4269,
	10.9179 28.4272,
	10.9128 28.4272,
	10.9077 28.4269,
	10.9026 28.4262,
	10.8976 28.4252,
	10.8927 28.4238,
	10.888 28.4221,
	10.8833 28.42,
	10.8788 28.4177,
	10.8745 28.4151,
	10.8703 28.4121,
	10.8664 28.4089,
	10.8628 28.4055,
	10.8594 28.4017,
	10.8562 28.3978,
	10.8534 28.3937,
	10.8508 28.3894,
	10.8486 28.3849,
	10.8467 28.3803,
	10.8451 28.3755,
	10.8439 28.3707,
	10.843 28.3658,
	"/>
</Transform>

<Transform dim="0"
 xcoef=" 0 1 0 0 0 0"
 ycoef=" 0 0 1 0 0 0">
<Contour name="d63endos14_whorl" hidden="false" closed="true" simplified="true" border="1 0.502 0" fill="1 0 0" mode="11"
 points="20.074 26.9942,
	20.0742 26.9879,
	20.0747 26.9816,
	20.0756 26.9753,
	20.0768 26.969,
	20.0784 26.9628,
	20.0804 26.9567,
	20.0827 26.9506,
	20.0853 26.9446,
	20.0883 26.9388,
	20.0916 26.933,
	20.0952 26.9274,
	20.0991 26.9219,
	20.1033 26.9166,
	20.1079 26.9114,
	20.1127 26.9064,
	20.1178 26.9016,
	20.1231 26.8969,
	20.1287 26.8925,
	20.1346 26.8883,
	20.1407 26.8843,
	20.147 26.8805,
	20.1535 26.877,
	20.1602 26.8737,
	20.1671 26.8706,
	20.1742 26.8679,
	20.1814 26.8653,
	20.1887 26.8631,
	20.1961 26.8611,
	20.2037 26.8594,
	20.2114 26.858,
	20.2191 26.8568,
	20.2268 26.8559,
	20.2347 26.8554,
	20.2425 26.8551,
	20.2504 26.8551,
	20.2582 26.8554,
	20.266 26.8559,
	20.2738 26.8568,
	20.2815 26.858,
	20.2892 26.8594,
	20.2967 26.8611,
	20.3042 26.8631,
	20.3115 26.8653,
	20.3187 26.8679,
	20.3258 26.8706,
	20.3327 26.8737,
	20.3394 26.877,
	20.3459 26.8805,
	20.3522 26.8843,
	20.3583 26.8883,
	20.3641 26.8925,
	20.3697 26.8969,
	20.3751 26.9016,
	20.3802 26.9064,
	20.385 26.9114,
	20.3895 26.9166,
	20.3938 26.9219,
	20.3977 26.9274,
	20.4013 26.933,
	20.4046 26.9388,
	20.4076 26.9446,
	20.4102 26.9506,
	20.4125 26.9567,
	20.4144 26.9628,
	20.416 26.969,
	20.4173 26.9753,
	20.4182 26.9816,
	20.4187 26.9879,
	20.4189 26.9942,
	20.4187 27.0005,
	20.4182 27.0069,
	20.4173 27.0132,
	20.416 27.0194,
	20.4144 27.0256,
	20.4125 27.0318,
	20.4102 27.0378,
	20.4076 27.0438,
	20.4046 27.0496,
	20.4013 27.0554,
	20.3977 27.061,
	20.3938 27.0665,
	20.3895 27.0718,
	20.385 27.077,
	20.3802 27.082,
	20.3751 27.0869,
	20.3697 27.0915,
	20.3641 27.0959,
	20.3583 27.1001,
	20.3522 27.1041,
	20.3459 27.1079,
	20.3394 27.1114,
	20.3327 27.1147,
	20.3258 27.1178,
	20.3187 27.1206,
	20.3115 27.1231,
	20.3042 27.1253,
	20.2967 27.1273,
	20.2892 27.129,
	20.2815 27.1305,
	20.2738 27.1316,
	20.266 27.1325,
	20.2582 27.133,
	20.2504 27.1333,
	20.2425 27.1333,
	20.2347 27.133,
	20.2268 27.1325,
	20.2191 27.1316,
	20.2114 27.1305,
	20.2037 27.129,
	20.1961 27.1273,
	20.1887 27.1253,
	20.1814 27.1231,
	20.1742 27.1206,
	20.1671 27.1178,
	20.1602 27.1147,
	20.1535 27.1114,
	20.147 27.1079,
	20.1407 27.1041,
	20.1346 27.1001,
	20.1287 27.0959,
	20.1231 27.0915,
	20.1178 27.0869,
	20.1127 27.082,
	20.1079 27.077,
	20.1033 27.0718,
	20.0991 27.0665,
	20.0952 27.061,
	20.0916 27.0554,
	20.0883 27.0496,
	20.0853 27.0438,
	20.0827 27.0378,
	20.0804 27.0318,
	20.0784 27.0256,
	20.0768 27.0194,
	20.0756 27.0132,
	20.0747 27.0069,
	20.0742 27.0005,
	"/>
</Transform>

<Transform dim="0"
 xcoef=" 0 1 0 0 0 0"
 ycoef=" 0 0 1 0 0 0">
<Contour name="d63serb34" hidden="false" closed="true" simplified="false" border="1 1 0" fill="0 1 0" mode="11"
 points="20.4867 26.7796,
	20.4867 26.7722,
	20.4941 26.7722,
	20.4941 26.7648,
	20.5015 26.7648,
	20.5015 26.7722,
	20.5089 26.7722,
	20.5089 26.7796,
	20.5015 26.7796,
	20.5015 26.787,
	20.4941 26.787,
	20.4941 26.7796,
	"/>
</Transform>

<Transform dim="0"
 xcoef=" 0 1 0 0 0 0"
 ycoef=" 0 0 1 0 0 0">
<Contour name="d63rh36" hidden="false" closed="true" simplified="false" border="0 0 1" fill="1 0 1" mode="11"
 points="18.9775 27.0387,
	18.9775 27.0347,
	18.9815 27.0307,
	18.9855 27.0307,
	18.9895 27.0347,
	18.9895 27.0387,
	18.9855 27.0427,
	18.9815 27.0427,
	"/>
</Transform>

<Transform dim="0"
 xcoef=" 0 1 0 0 0 0"
 ycoef=" 0 0 1 0 0 0">
<Contour name="d28serb25" hidden="false" closed="true" simplified="true" border="1 1 0" fill="1 1 0" mode="11"
 points="7.32922 23.4865,
	7.32922 23.4745,
	7.31707 23.4745,
	7.31707 23.4623,
	7.32922 23.4623,
	7.32922 23.4502,
	7.34135 23.4502,
	7.34135 23.4623,
	7.35349 23.4623,
	7.35349 23.4745,
	7.34135 23.4745,
	7.34135 23.4865,
	"/>
</Transform>

<Transform dim="0"
 xcoef=" 0 1 0 0 0 0"
 ycoef=" 0 0 1 0 0 0">
<Contour name="d63" comment="dch_traced_06.2019" hidden="false" closed="true" simplified="true" border="1 1 0" fill="1 1 0" mode="11"
 points="19.3667 26.5851,
	19.3748 26.5637,
	19.3801 26.553,
	19.3815 26.5476,
	19.3935 26.5262,
	19.3962 26.5209,
	19.3989 26.5182,
	19.3989 26.5155,
	19.4243 26.4727,
	19.431 26.462,
	19.4403 26.4513,
	19.443 26.4459,
	19.4631 26.4259,
	19.4845 26.4165,
	19.4952 26.4098,
	19.5059 26.4058,
	19.5487 26.4031,
	19.5594 26.4018,
	19.5648 26.3991,
	19.5862 26.3964,
	19.6076 26.3911,
	19.613 26.3911,
	19.6183 26.3884,
	19.6611 26.3844,
	19.704 26.3844,
	19.7147 26.3844,
	19.7361 26.3897,
	19.7575 26.3978,
	19.7629 26.4018,
	19.7843 26.4085,
	19.8057 26.4125,
	19.8164 26.4165,
	19.8592 26.4152,
	19.902 26.4165,
	19.9449 26.4259,
	19.9663 26.4312,
	19.9877 26.4339,
	20.0305 26.4312,
	20.0733 26.4325,
	20.0947 26.4352,
	20.1161 26.4459,
	20.1268 26.4526,
	20.1376 26.4566,
	20.1804 26.4633,
	20.1911 26.466,
	20.2018 26.466,
	20.2125 26.4687,
	20.2339 26.4794,
	20.2553 26.4941,
	20.266 26.5021,
	20.2767 26.5075,
	20.2981 26.5249,
	20.3196 26.5396,
	20.341 26.5517,
	20.361 26.5704,
	20.3784 26.5905,
	20.3891 26.6012,
	20.3918 26.6052,
	20.4106 26.6266,
	20.432 26.644,
	20.4734 26.6734,
	20.4828 26.6828,
	20.5243 26.7096,
	20.5457 26.7243,
	20.5551 26.7323,
	20.5644 26.743,
	20.5752 26.7644,
	20.5805 26.7858,
	20.5805 26.8073,
	20.5725 26.8501,
	20.5711 26.8554,
	20.5685 26.8581,
	20.5591 26.8795,
	20.5537 26.8902,
	20.5363 26.9116,
	20.4935 26.9357,
	20.4828 26.9451,
	20.4694 26.9665,
	20.4681 26.9719,
	20.4654 26.9745,
	20.4641 26.9799,
	20.452 27.0013,
	20.4427 27.0227,
	20.44 27.0254,
	20.4387 27.0307,
	20.4239 27.0521,
	20.4039 27.0695,
	20.3932 27.0762,
	20.3878 27.0802,
	20.3851 27.0829,
	20.3744 27.0869,
	20.3637 27.0936,
	20.3423 27.1017,
	20.3316 27.107,
	20.3209 27.1084,
	20.3102 27.107,
	20.3048 27.1057,
	20.2941 27.0963,
	20.2901 27.091,
	20.2861 27.0802,
	20.2888 27.0374,
	20.2901 27.0267,
	20.2901 27.0214,
	20.2941 27.0107,
	20.3062 26.9892,
	20.3155 26.9678,
	20.3303 26.9464,
	20.3356 26.9357,
	20.3343 26.9143,
	20.3276 26.9036,
	20.3222 26.9023,
	20.3196 26.9049,
	20.3169 26.9049,
	20.3062 26.913,
	20.2941 26.9344,
	20.2874 26.9451,
	20.2781 26.9558,
	20.2674 26.9625,
	20.2245 26.9772,
	20.2138 26.9812,
	20.2085 26.9826,
	20.1657 27.0107,
	20.155 27.0174,
	20.1442 27.0267,
	20.1228 27.0414,
	20.1014 27.0535,
	20.0961 27.0548,
	20.0907 27.0588,
	20.088 27.0588,
	20.0854 27.0615,
	20.0827 27.0615,
	20.072 27.0682,
	20.0613 27.0695,
	20.0399 27.0762,
	20.0292 27.0789,
	19.9863 27.0802,
	19.9007 27.0789,
	19.8793 27.0802,
	19.8686 27.0816,
	19.8632 27.0843,
	19.8579 27.0843,
	19.8525 27.0869,
	19.8472 27.0869,
	19.8365 27.091,
	19.815 27.0923,
	19.7722 27.0829,
	19.7294 27.0709,
	19.7187 27.0669,
	19.7133 27.0655,
	19.6919 27.0508,
	19.6812 27.0455,
	19.6705 27.0374,
	19.6491 27.0254,
	19.6063 27.008,
	19.5849 26.9959,
	19.5795 26.9933,
	19.5701 26.9826,
	19.5675 26.9719,
	19.5675 26.9504,
	19.5661 26.9397,
	19.5621 26.929,
	19.5541 26.9183,
	19.5487 26.913,
	19.5273 26.9009,
	19.5166 26.8982,
	19.4952 26.8875,
	19.4845 26.8795,
	19.4765 26.8688,
	19.4671 26.8474,
	19.4604 26.8046,
	19.4564 26.7832,
	19.4497 26.7618,
	19.4444 26.751,
	19.4082 26.7082,
	19.3989 26.6975,
	19.3855 26.6761,
	19.3788 26.6654,
	19.3788 26.6627,
	19.3761 26.66,
	19.3681 26.6386,
	19.3667 26.5958,
	19.3667 26.5864,
	"/>
</Transform>

</Section>