<?xml version="1.0"?>
<!DOCTYPE Section SYSTEM "section.dtd">

<Section index="21" thickness="0.048" alignLocked="true">
<Transform dim="0"
 xcoef=" 0 1 0 0 0 0"
 ycoef=" 0 0 1 0 0 0">
<Image mag="0.002063" contrast="1.95721" brightness="-0.18" red="true" green="true" blue="true"
 src="022____z1.071.jpg" />
<Contour name="domain1" hidden="false" closed="true" simplified="false" border="1 0 1" fill="1 0 1" mode="11"
 points="0 0,
	17236 0,
	17236 17077,
	0 17077,
	"/>
</Transform>

<Transform dim="0"
 xcoef=" 0 1 0 0 0 0"
 ycoef=" 0 0 1 0 0 0">
<Contour name="D39" hidden="false" closed="true" simplified="true" border="0 0 1" fill="0 0 1" mode="11"
 points="12.1544 29.018,
	12.1031 29.0099,
	12.0568 28.9862,
	12.02 28.9495,
	11.9883 28.8518,
	11.9964 28.8005,
	12.02 28.7542,
	12.0568 28.7174,
	12.1031 28.6938,
	12.1544 28.6857,
	12.2057 28.6938,
	12.2521 28.7174,
	12.2888 28.7542,
	12.3125 28.8005,
	12.3205 28.8518,
	12.3125 28.9032,
	12.2888 28.9495,
	12.2521 28.9862,
	12.2057 29.0099,
	"/>
</Transform>

<Transform dim="0"
 xcoef=" 0 1 0 0 0 0"
 ycoef=" 0 0 1 0 0 0">
<Contour name="D56" hidden="false" closed="true" simplified="true" border="1 0 0" fill="1 0 0" mode="11"
 points="24.1953 23.252,
	24.1521 23.2451,
	24.1131 23.2253,
	24.0821 23.1943,
	24.0554 23.1121,
	24.0623 23.0688,
	24.0821 23.0298,
	24.1131 22.9989,
	24.1521 22.979,
	24.1953 22.9721,
	24.2385 22.979,
	24.2776 22.9989,
	24.3085 23.0298,
	24.3284 23.0688,
	24.3353 23.1121,
	24.3284 23.1553,
	24.3085 23.1943,
	24.2776 23.2253,
	24.2385 23.2451,
	"/>
</Transform>

<Transform dim="0"
 xcoef=" 0 1 0 0 0 0"
 ycoef=" 0 0 1 0 0 0">
<Contour name="D31" hidden="false" closed="true" simplified="true" border="0 0 1" fill="0 0 1" mode="11"
 points="15.499 18.2841,
	15.4453 18.2752,
	15.3968 18.249,
	15.3583 18.2083,
	15.3251 18.1,
	15.3336 18.0432,
	15.3583 17.9919,
	15.3968 17.9511,
	15.4453 17.9249,
	15.499 17.916,
	15.5528 17.9249,
	15.6012 17.9511,
	15.6397 17.9919,
	15.6645 18.0432,
	15.6729 18.1,
	15.6645 18.157,
	15.6397 18.2083,
	15.6012 18.249,
	15.5528 18.2752,
	"/>
</Transform>

<Transform dim="0"
 xcoef=" 0 1 0 0 0 0"
 ycoef=" 0 0 1 0 0 0">
<Contour name="D28" hidden="false" closed="true" simplified="true" border="0 0 1" fill="0 0 1" mode="11"
 points="6.53385 24.0544,
	6.48521 24.0476,
	6.44133 24.0278,
	6.40651 23.9968,
	6.37644 23.9146,
	6.38415 23.8714,
	6.40651 23.8323,
	6.44133 23.8014,
	6.48521 23.7815,
	6.53385 23.7747,
	6.58249 23.7815,
	6.62638 23.8014,
	6.6612 23.8323,
	6.68356 23.8714,
	6.69127 23.9146,
	6.68356 23.9578,
	6.6612 23.9968,
	6.62638 24.0278,
	6.58249 24.0476,
	"/>
</Transform>

<Transform dim="0"
 xcoef=" 0 1 0 0 0 0"
 ycoef=" 0 0 1 0 0 0">
<Contour name="D38" hidden="false" closed="true" simplified="true" border="1 0 0" fill="1 0 0" mode="11"
 points="23.2284 22.5322,
	23.177 22.525,
	23.1307 22.5038,
	23.0939 22.4709,
	23.0622 22.3836,
	23.0703 22.3377,
	23.0939 22.2962,
	23.1307 22.2632,
	23.177 22.2422,
	23.2284 22.2348,
	23.2796 22.2422,
	23.326 22.2632,
	23.3627 22.2962,
	23.3864 22.3377,
	23.3945 22.3836,
	23.3864 22.4295,
	23.3627 22.4709,
	23.326 22.5038,
	23.2796 22.525,
	"/>
</Transform>

<Transform dim="0"
 xcoef=" 0 1 0 0 0 0"
 ycoef=" 0 0 1 0 0 0">
<Contour name="D01" hidden="false" closed="true" simplified="true" border="1 1 0" fill="1 1 0" mode="11"
 points="17.9845 26.4428,
	17.9339 26.4364,
	17.8883 26.4175,
	17.8521 26.3881,
	17.8208 26.3098,
	17.8289 26.2687,
	17.8521 26.2317,
	17.8883 26.2023,
	17.9339 26.1834,
	17.9845 26.1769,
	18.0351 26.1834,
	18.0808 26.2023,
	18.1169 26.2317,
	18.1402 26.2687,
	18.1481 26.3098,
	18.1402 26.3509,
	18.1169 26.3881,
	18.0808 26.4175,
	18.0351 26.4364,
	"/>
</Transform>

<Transform dim="0"
 xcoef=" 0 1 0 0 0 0"
 ycoef=" 0 0 1 0 0 0">
<Contour name="D63" hidden="false" closed="true" simplified="true" border="1 0 0" fill="1 0 0" mode="11"
 points="20.7533 26.7904,
	20.7307 26.7877,
	20.7104 26.7797,
	20.6943 26.7673,
	20.6803 26.7344,
	20.6839 26.7171,
	20.6943 26.7015,
	20.7104 26.6891,
	20.7307 26.6811,
	20.7533 26.6784,
	20.7758 26.6811,
	20.7962 26.6891,
	20.8123 26.7015,
	20.8227 26.7171,
	20.8262 26.7344,
	20.8227 26.7517,
	20.8123 26.7673,
	20.7962 26.7797,
	20.7758 26.7877,
	"/>
</Transform>

<Transform dim="0"
 xcoef=" 0 1 0 0 0 0"
 ycoef=" 0 0 1 0 0 0">
<Contour name="d28" hidden="false" closed="true" simplified="true" border="1 1 0" fill="1 1 0" mode="11"
 points="6.55402 24.6783,
	6.54465 24.6771,
	6.53995 24.6771,
	6.53526 24.6736,
	6.52588 24.6725,
	6.5071 24.6619,
	6.50241 24.6584,
	6.49772 24.6572,
	6.49303 24.6537,
	6.49069 24.6537,
	6.48834 24.6513,
	6.48599 24.6513,
	6.48365 24.649,
	6.47896 24.6478,
	6.47661 24.6478,
	6.47192 24.6443,
	6.45314 24.6384,
	6.44376 24.6337,
	6.425 24.6326,
	6.42382 24.6302,
	6.41912 24.6302,
	6.40975 24.6267,
	6.4074 24.6267,
	6.40271 24.6231,
	6.39802 24.622,
	6.39567 24.622,
	6.37808 24.6091,
	6.36869 24.6044,
	6.36165 24.5986,
	6.34406 24.5868,
	6.33936 24.5833,
	6.33467 24.5822,
	6.32646 24.5751,
	6.32294 24.5716,
	6.31824 24.5704,
	6.31238 24.5633,
	6.29479 24.5493,
	6.28657 24.5411,
	6.27836 24.5352,
	6.27132 24.527,
	6.25725 24.5141,
	6.25022 24.5059,
	6.24318 24.5,
	6.23965 24.4953,
	6.2373 24.4953,
	6.23379 24.4906,
	6.23144 24.4906,
	6.22324 24.4848,
	6.22089 24.48,
	6.20329 24.4696,
	6.19391 24.4636,
	6.18922 24.4601,
	6.18687 24.4601,
	6.18218 24.4555,
	6.17865 24.453,
	6.16928 24.4449,
	6.16928 24.4426,
	6.16575 24.4402,
	6.1634 24.4308,
	6.1634 24.3932,
	6.1634 24.3839,
	6.15989 24.3745,
	6.1552 24.371,
	6.15402 24.3687,
	6.15167 24.3687,
	6.13526 24.3558,
	6.13408 24.3533,
	6.13173 24.3533,
	6.12704 24.3487,
	6.12469 24.3487,
	6.11532 24.3405,
	6.11414 24.3381,
	6.11179 24.3381,
	6.10828 24.3334,
	6.10593 24.3334,
	6.09771 24.3252,
	6.09302 24.3217,
	6.09302 24.3194,
	6.08716 24.3099,
	6.08364 24.3053,
	6.07543 24.2865,
	6.07308 24.2842,
	6.07308 24.2818,
	6.0637 24.2725,
	6.05549 24.2654,
	6.05314 24.2619,
	6.03789 24.2466,
	6.02264 24.2291,
	6.00974 24.2114,
	6.00622 24.2079,
	6.00622 24.2056,
	5.99332 24.188,
	5.98745 24.1786,
	5.98628 24.1739,
	5.98042 24.1645,
	5.98042 24.1599,
	5.97689 24.1552,
	5.97689 24.1504,
	5.97338 24.1411,
	5.97103 24.1387,
	5.96634 24.1012,
	5.96634 24.0636,
	5.96516 24.0449,
	5.96399 24.0355,
	5.96165 24.0308,
	5.96165 24.0214,
	5.96047 24.0167,
	5.95812 24.0144,
	5.95344 23.9956,
	5.95109 23.9863,
	5.94991 23.9487,
	5.94991 23.944,
	5.94991 23.9429,
	5.94991 23.9416,
	5.95344 23.9229,
	5.95578 23.9134,
	5.95578 23.9111,
	5.96399 23.903,
	5.9722 23.897,
	5.97689 23.8935,
	5.98628 23.8924,
	5.98745 23.8901,
	6.00622 23.8889,
	6.01091 23.8889,
	6.01561 23.8866,
	6.01795 23.8866,
	6.0203 23.8841,
	6.02968 23.8818,
	6.03789 23.8771,
	6.04375 23.8689,
	6.04728 23.8596,
	6.04728 23.8407,
	6.04728 23.8314,
	6.04728 23.8291,
	6.04962 23.8267,
	6.04962 23.8243,
	6.05314 23.8197,
	6.05432 23.815,
	6.06252 23.8091,
	6.0637 23.8068,
	6.06604 23.8068,
	6.07543 23.7985,
	6.07895 23.7962,
	6.08834 23.7869,
	6.10124 23.7703,
	6.1071 23.7622,
	6.10945 23.7575,
	6.11766 23.7481,
	6.12704 23.741,
	6.12939 23.7375,
	6.13408 23.734,
	6.13643 23.7317,
	6.14112 23.7305,
	6.14346 23.7305,
	6.14816 23.7269,
	6.15754 23.7246,
	6.15989 23.7246,
	6.16458 23.7211,
	6.16928 23.72,
	6.17279 23.7165,
	6.19156 23.7094,
	6.26663 23.7036,
	6.2854 23.7036,
	6.30418 23.7012,
	6.31355 23.7,
	6.31824 23.7,
	6.32763 23.6953,
	6.36516 23.693,
	6.44024 23.6918,
	6.47778 23.6906,
	6.48716 23.6895,
	6.49655 23.6859,
	6.53408 23.6847,
	6.54347 23.6847,
	6.56224 23.6918,
	6.57163 23.6976,
	6.58922 23.7036,
	6.59861 23.707,
	6.60798 23.7082,
	6.60916 23.7105,
	6.6467 23.714,
	6.66547 23.7153,
	6.703 23.7235,
	6.71239 23.7258,
	6.71708 23.7269,
	6.72177 23.7258,
	6.74054 23.7317,
	6.74288 23.7317,
	6.74992 23.7387,
	6.75579 23.7481,
	6.76165 23.7657,
	6.76518 23.7751,
	6.76518 23.7938,
	6.77104 23.8126,
	6.78159 23.8302,
	6.78629 23.8396,
	6.78981 23.8584,
	6.79333 23.8677,
	6.7945 23.8725,
	6.7945 23.8748,
	6.79684 23.876,
	6.79802 23.8854,
	6.80388 23.903,
	6.80623 23.9076,
	6.80741 23.9264,
	6.81092 23.9452,
	6.8121 23.9639,
	6.81561 23.9827,
	6.81561 23.9921,
	6.81914 24.0108,
	6.81914 24.0156,
	6.82148 24.0167,
	6.82851 24.0542,
	6.82969 24.0918,
	6.83321 24.1105,
	6.83321 24.113,
	6.83555 24.1141,
	6.83673 24.1188,
	6.83673 24.1211,
	6.83908 24.1234,
	6.84611 24.1423,
	6.84845 24.1446,
	6.84963 24.1493,
	6.85198 24.1516,
	6.85784 24.1704,
	6.86371 24.2455,
	6.86253 24.3205,
	6.86137 24.3299,
	6.86019 24.3346,
	6.86019 24.3369,
	6.85784 24.3393,
	6.85667 24.344,
	6.8508 24.3533,
	6.84377 24.3722,
	6.84259 24.4096,
	6.84259 24.4285,
	6.84259 24.4378,
	6.8379 24.4566,
	6.83439 24.466,
	6.83321 24.4754,
	6.83204 24.48,
	6.82969 24.4825,
	6.82265 24.5199,
	6.82031 24.5387,
	6.81092 24.5762,
	6.80506 24.595,
	6.80154 24.6044,
	6.80037 24.6091,
	6.79684 24.6138,
	6.79567 24.6185,
	6.79216 24.6231,
	6.79216 24.6256,
	6.77808 24.6431,
	6.76283 24.6561,
	6.76049 24.6584,
	6.75814 24.6584,
	6.7511 24.6642,
	6.74171 24.6678,
	6.70418 24.6713,
	6.66664 24.6725,
	6.6291 24.676,
	"/>
</Transform>

<Transform dim="0"
 xcoef=" 0 1 0 0 0 0"
 ycoef=" 0 0 1 0 0 0">
<Contour name="d28sp02" hidden="false" closed="true" simplified="true" border="1 0 0" fill="1 0 0" mode="11"
 points="5.34253 22.921,
	5.29658 22.9189,
	5.2851 22.9181,
	5.2736 22.9145,
	5.26786 22.9138,
	5.26642 22.9124,
	5.26068 22.9117,
	5.25493 22.9088,
	5.25279 22.9067,
	5.24776 22.9053,
	5.24488 22.903,
	5.24201 22.9023,
	5.23268 22.8959,
	5.23053 22.8945,
	5.22909 22.8945,
	5.22478 22.8909,
	5.22191 22.8894,
	5.21976 22.8865,
	5.21689 22.8858,
	5.21545 22.8837,
	5.21258 22.8822,
	5.21186 22.8808,
	5.21042 22.8808,
	5.20612 22.8773,
	5.20037 22.8729,
	5.19463 22.87,
	5.18529 22.865,
	5.16232 22.8629,
	5.15658 22.8622,
	5.14509 22.8585,
	5.14222 22.8571,
	5.14078 22.8557,
	5.13791 22.855,
	5.13504 22.8528,
	5.1336 22.8528,
	5.12786 22.8478,
	5.12355 22.8434,
	5.12283 22.8406,
	5.11924 22.8342,
	5.11924 22.8312,
	5.11781 22.8284,
	5.11709 22.8055,
	5.11924 22.7594,
	5.11924 22.7479,
	5.12212 22.725,
	5.12355 22.702,
	5.12355 22.6791,
	5.12283 22.6733,
	5.12283 22.6704,
	5.1135 22.6489,
	5.10703 22.6374,
	5.10703 22.6346,
	5.1056 22.6316,
	5.1056 22.6302,
	5.10416 22.6288,
	5.10201 22.6059,
	5.10201 22.6036,
	5.10201 22.6029,
	5.10632 22.58,
	5.10776 22.5742,
	5.10776 22.5728,
	5.10919 22.5714,
	5.10991 22.5656,
	5.11134 22.5649,
	5.1135 22.5598,
	5.11421 22.557,
	5.11852 22.5513,
	5.11996 22.5483,
	5.12499 22.5441,
	5.13001 22.5384,
	5.13288 22.5362,
	5.13432 22.5362,
	5.13647 22.534,
	5.13791 22.534,
	5.13862 22.5326,
	5.14438 22.5311,
	5.14725 22.5304,
	5.14796 22.529,
	5.17093 22.5211,
	5.18242 22.5189,
	5.20539 22.5182,
	5.21689 22.5182,
	5.21976 22.5196,
	5.26571 22.5211,
	5.28868 22.5189,
	5.33463 22.5189,
	5.35761 22.5196,
	5.3691 22.5211,
	5.37484 22.5211,
	5.39781 22.529,
	5.40356 22.5304,
	5.40643 22.5318,
	5.40787 22.5333,
	5.41074 22.534,
	5.41217 22.534,
	5.41504 22.5362,
	5.41792 22.5369,
	5.42079 22.5391,
	5.42653 22.5412,
	5.4294 22.5433,
	5.43084 22.5433,
	5.43658 22.5483,
	5.43945 22.5492,
	5.44376 22.5527,
	5.44663 22.5541,
	5.44736 22.5556,
	5.44879 22.5556,
	5.45812 22.5635,
	5.46315 22.5678,
	5.46602 22.5699,
	5.4732 22.5793,
	5.47391 22.5821,
	5.47391 22.5836,
	5.47535 22.585,
	5.47535 22.5864,
	5.47894 22.59,
	5.47966 22.5929,
	5.48182 22.5951,
	5.48253 22.5979,
	5.48396 22.5994,
	5.49114 22.6217,
	5.49474 22.6331,
	5.49761 22.6389,
	5.49833 22.6446,
	5.50048 22.6504,
	5.50264 22.6618,
	5.50408 22.6848,
	5.50408 22.7307,
	5.50408 22.7537,
	5.50551 22.7767,
	5.50551 22.7997,
	5.50264 22.8112,
	5.49761 22.8227,
	5.49546 22.8248,
	5.49546 22.8262,
	5.49402 22.8269,
	5.49402 22.8284,
	5.49114 22.8305,
	5.49114 22.8319,
	5.48182 22.8413,
	5.47607 22.8463,
	5.47248 22.8507,
	5.46746 22.8557,
	5.46315 22.8592,
	5.45238 22.8679,
	5.433 22.883,
	5.42797 22.8865,
	5.42653 22.8865,
	5.41719 22.893,
	5.41432 22.8959,
	5.41001 22.8995,
	5.40714 22.9002,
	5.39709 22.9074,
	5.38561 22.9131,
	5.37412 22.9174,
	5.36838 22.9189,
	5.36694 22.9189,
	5.3655 22.9203,
	"/>
</Transform>

<Transform dim="0"
 xcoef=" 0 1 0 0 0 0"
 ycoef=" 0 0 1 0 0 0">
<Contour name="d39" hidden="false" closed="true" simplified="true" border="1 1 0" fill="1 1 0" mode="11"
 points="12.2716 29.2966,
	12.2399 29.2937,
	12.224 29.2937,
	12.1922 29.2887,
	12.1606 29.2887,
	12.0972 29.2817,
	12.0892 29.2808,
	12.0734 29.2739,
	12.0655 29.2689,
	12.0585 29.262,
	12.0536 29.254,
	12.0505 29.251,
	12.0495 29.2471,
	12.0476 29.2451,
	12.0476 29.2431,
	12.0456 29.2411,
	12.0456 29.2372,
	12.0427 29.2332,
	12.0407 29.2253,
	12.0337 29.2094,
	12.0317 29.2015,
	12.0139 29.1698,
	11.9852 29.14,
	11.9693 29.1302,
	11.9614 29.1272,
	11.9535 29.1262,
	11.9514 29.1242,
	11.9475 29.1242,
	11.9436 29.1222,
	11.9356 29.1212,
	11.9198 29.1163,
	11.9178 29.1163,
	11.9158 29.1143,
	11.9078 29.1123,
	11.8771 29.0974,
	11.8613 29.0925,
	11.8296 29.0865,
	11.8138 29.0836,
	11.7979 29.0836,
	11.7821 29.0886,
	11.7741 29.0915,
	11.7583 29.0935,
	11.7424 29.0925,
	11.7266 29.0876,
	11.7107 29.0796,
	11.7067 29.0777,
	11.6909 29.0628,
	11.684 29.0548,
	11.6651 29.0241,
	11.6621 29.0162,
	11.6562 29.0083,
	11.6543 29.0043,
	11.6383 28.9905,
	11.6304 28.9845,
	11.6265 28.9815,
	11.6225 28.9805,
	11.6076 28.9676,
	11.6017 28.9617,
	11.5978 28.9538,
	11.5957 28.9518,
	11.5947 28.9479,
	11.5947 28.9459,
	11.5927 28.9438,
	11.5908 28.928,
	11.5908 28.9121,
	11.5908 28.9043,
	11.5908 28.9002,
	11.5908 28.8992,
	11.5908 28.8983,
	11.5957 28.8824,
	11.6066 28.8666,
	11.6107 28.8626,
	11.6116 28.8586,
	11.6275 28.8458,
	11.6354 28.8408,
	11.6394 28.8388,
	11.6473 28.8378,
	11.6552 28.8349,
	11.6592 28.8329,
	11.667 28.8319,
	11.675 28.8289,
	11.682 28.824,
	11.6879 28.817,
	11.7028 28.8032,
	11.7186 28.7942,
	11.7345 28.7893,
	11.7424 28.7863,
	11.7553 28.7714,
	11.7612 28.7635,
	11.7692 28.7566,
	11.785 28.7467,
	11.7949 28.7319,
	11.7989 28.7239,
	11.8009 28.7199,
	11.8087 28.712,
	11.8167 28.7061,
	11.8207 28.702,
	11.8286 28.6991,
	11.8603 28.6783,
	11.8762 28.6704,
	11.8831 28.6654,
	11.899 28.6604,
	11.9624 28.6506,
	11.9782 28.6456,
	11.994 28.6377,
	12.0258 28.6287,
	12.0417 28.6258,
	12.0575 28.6189,
	12.0655 28.6158,
	12.0714 28.6119,
	12.0753 28.608,
	12.0912 28.599,
	12.123 28.5902,
	12.1388 28.5871,
	12.2022 28.5871,
	12.2339 28.5782,
	12.2497 28.5742,
	12.3132 28.5732,
	12.329 28.5742,
	12.337 28.5752,
	12.3687 28.5841,
	12.4004 28.599,
	12.4083 28.601,
	12.4123 28.601,
	12.4142 28.602,
	12.4212 28.598,
	12.4291 28.5961,
	12.4449 28.597,
	12.4569 28.597,
	12.4608 28.5951,
	12.4648 28.5911,
	12.4965 28.5752,
	12.5124 28.5722,
	12.5282 28.5732,
	12.544 28.5782,
	12.5599 28.5812,
	12.5757 28.5812,
	12.6075 28.5851,
	12.6234 28.5881,
	12.6312 28.5902,
	12.6353 28.5902,
	12.6431 28.5931,
	12.659 28.5951,
	12.6748 28.5951,
	12.6907 28.597,
	12.6986 28.598,
	12.7066 28.602,
	12.7125 28.602,
	12.7205 28.607,
	12.7244 28.607,
	12.7403 28.6148,
	12.7482 28.6199,
	12.7561 28.6228,
	12.7641 28.6277,
	12.768 28.6287,
	12.7759 28.6357,
	12.778 28.6377,
	12.7799 28.6377,
	12.7839 28.6406,
	12.7878 28.6416,
	12.7958 28.6466,
	12.8116 28.6516,
	12.8155 28.6545,
	12.8196 28.6545,
	12.8275 28.6594,
	12.8591 28.6694,
	12.875 28.6754,
	12.879 28.6764,
	12.883 28.6793,
	12.8869 28.6803,
	12.8899 28.6842,
	12.8919 28.6842,
	12.8998 28.6902,
	12.9058 28.6981,
	12.9127 28.7139,
	12.9137 28.718,
	12.9424 28.7477,
	12.9582 28.7585,
	12.9662 28.7645,
	12.9682 28.7665,
	12.9721 28.7675,
	12.988 28.7784,
	12.9959 28.7833,
	13.0118 28.7893,
	13.0276 28.7982,
	13.0435 28.8121,
	13.0524 28.8279,
	13.0573 28.8359,
	13.0573 28.8378,
	13.0604 28.8418,
	13.0614 28.8576,
	13.0614 28.8656,
	13.0604 28.8695,
	13.0573 28.8735,
	13.0563 28.8814,
	13.0534 28.8854,
	13.0504 28.8933,
	13.0485 28.8953,
	13.0475 28.8992,
	13.0326 28.9151,
	13.0286 28.9181,
	13.0266 28.9181,
	13.0237 28.9221,
	13.0217 28.9221,
	13.0059 28.9359,
	12.9979 28.9419,
	12.9959 28.9438,
	12.994 28.9438,
	12.99 28.9479,
	12.9582 28.9567,
	12.9504 28.9587,
	12.9484 28.9607,
	12.9325 28.9657,
	12.9008 28.9825,
	12.8849 28.9895,
	12.8691 28.9983,
	12.8611 29.0034,
	12.8572 29.0073,
	12.8493 29.0122,
	12.8413 29.0152,
	12.8335 29.0202,
	12.8017 29.0311,
	12.77 29.0439,
	12.7541 29.0519,
	12.7462 29.0558,
	12.7303 29.0667,
	12.7264 29.0707,
	12.7105 29.0806,
	12.7086 29.0806,
	12.7045 29.0845,
	12.6729 29.1054,
	12.657 29.1163,
	12.6412 29.1291,
	12.6253 29.14,
	12.5936 29.1678,
	12.5788 29.1827,
	12.5747 29.1846,
	12.5589 29.1995,
	12.551 29.2065,
	12.545 29.2124,
	12.5372 29.2194,
	12.5213 29.2292,
	12.4895 29.2431,
	12.4737 29.251,
	12.4578 29.2569,
	12.4539 29.2569,
	12.4381 29.2649,
	12.4301 29.2708,
	12.4142 29.2739,
	12.4063 29.2749,
	12.3984 29.2778,
	12.3349 29.2907,
	12.3032 29.2956,
	"/>
</Transform>

<Transform dim="0"
 xcoef=" 0 1 0 0 0 0"
 ycoef=" 0 0 1 0 0 0">
<Contour name="D61" hidden="false" closed="true" simplified="true" border="1 0 0" fill="1 0 0" mode="11"
 points="19.4826 28.0683,
	19.4486 28.0623,
	19.418 28.0449,
	19.3936 28.0178,
	19.3727 27.9458,
	19.378 27.908,
	19.3936 27.8738,
	19.418 27.8467,
	19.4486 27.8293,
	19.4826 27.8233,
	19.5166 27.8293,
	19.5472 27.8467,
	19.5716 27.8738,
	19.5872 27.908,
	19.5925 27.9458,
	19.5872 27.9837,
	19.5716 28.0178,
	19.5472 28.0449,
	19.5166 28.0623,
	"/>
</Transform>

<Transform dim="0"
 xcoef=" 0 1 0 0 0 0"
 ycoef=" 0 0 1 0 0 0">
<Contour name="d39sp03" hidden="false" closed="true" simplified="true" border="1 0 0" fill="1 0 0" mode="11"
 points="12.9382 30.1535,
	12.9288 30.1528,
	12.9265 30.1528,
	12.9242 30.1516,
	12.9231 30.1516,
	12.9149 30.1453,
	12.912 30.1413,
	12.9115 30.139,
	12.9086 30.1348,
	12.9045 30.1256,
	12.9016 30.1163,
	12.9004 30.0978,
	12.9004 30.0936,
	12.9004 30.093,
	12.9016 30.0884,
	12.9016 30.0838,
	12.904 30.0745,
	12.9051 30.0699,
	12.9051 30.0687,
	12.9063 30.0675,
	12.9068 30.0629,
	12.9074 30.0606,
	12.9086 30.0594,
	12.9091 30.0571,
	12.9091 30.056,
	12.9109 30.0536,
	12.912 30.049,
	12.9143 30.0444,
	12.9143 30.0432,
	12.9172 30.0385,
	12.919 30.0362,
	12.9196 30.0339,
	12.9213 30.0316,
	12.9231 30.027,
	12.9242 30.0264,
	12.9248 30.024,
	12.9265 30.0217,
	12.9271 30.0194,
	12.9288 30.0171,
	12.9294 30.0148,
	12.9306 30.0136,
	12.9306 30.0125,
	12.9317 30.0119,
	12.9317 30.0106,
	12.933 30.0095,
	12.933 30.0083,
	12.9347 30.006,
	12.9347 30.0049,
	12.9358 30.0037,
	12.9358 30.0026,
	12.937 30.002,
	12.9405 29.9927,
	12.941 29.9904,
	12.9422 29.9892,
	12.9451 29.9799,
	12.9469 29.9782,
	12.9504 29.969,
	12.9521 29.9642,
	12.9527 29.9619,
	12.9538 29.9608,
	12.955 29.9562,
	12.9561 29.9556,
	12.9596 29.9469,
	12.9607 29.9446,
	12.962 29.9434,
	12.9626 29.9411,
	12.9677 29.9324,
	12.9695 29.9306,
	12.9695 29.9295,
	12.9706 29.9283,
	12.9706 29.9272,
	12.9735 29.923,
	12.9746 29.9219,
	12.9746 29.9207,
	12.9782 29.9161,
	12.9799 29.9138,
	12.9799 29.9127,
	12.9828 29.908,
	12.9845 29.9062,
	12.9851 29.9039,
	12.9973 29.8865,
	13.0025 29.8784,
	13.0089 29.8709,
	13.017 29.8616,
	13.0206 29.8581,
	13.0252 29.8547,
	13.0328 29.8482,
	13.0339 29.8471,
	13.0351 29.8471,
	13.0385 29.8436,
	13.0403 29.843,
	13.0426 29.8413,
	13.0473 29.8395,
	13.0484 29.8383,
	13.0576 29.8354,
	13.0763 29.8326,
	13.0855 29.8314,
	13.1041 29.8314,
	13.1133 29.832,
	13.1313 29.8366,
	13.1406 29.8389,
	13.1418 29.8401,
	13.1465 29.8407,
	13.1511 29.8425,
	13.1517 29.8436,
	13.1563 29.8442,
	13.1656 29.8476,
	13.1679 29.8488,
	13.1702 29.8488,
	13.1725 29.8505,
	13.1749 29.8511,
	13.1761 29.8511,
	13.1772 29.8523,
	13.1818 29.8534,
	13.1841 29.854,
	13.187 29.857,
	13.1883 29.857,
	13.1969 29.8627,
	13.1981 29.8639,
	13.1992 29.8639,
	13.2015 29.8662,
	13.2033 29.8673,
	13.2074 29.8715,
	13.2097 29.8761,
	13.2097 29.8784,
	13.2108 29.8795,
	13.2108 29.8888,
	13.208 29.8982,
	13.2074 29.9005,
	13.2074 29.9016,
	13.2062 29.9028,
	13.2062 29.9039,
	13.2051 29.9051,
	13.2039 29.9097,
	13.1992 29.9184,
	13.1992 29.9196,
	13.1963 29.9236,
	13.1946 29.926,
	13.1946 29.9272,
	13.1917 29.9318,
	13.19 29.9335,
	13.1894 29.9358,
	13.187 29.9381,
	13.1853 29.9423,
	13.1801 29.9515,
	13.1772 29.9562,
	13.1766 29.9585,
	13.1737 29.9631,
	13.1737 29.9642,
	13.1719 29.9666,
	13.1702 29.9707,
	13.1691 29.973,
	13.1691 29.9741,
	13.1673 29.9764,
	13.1656 29.9811,
	13.1644 29.9835,
	13.1644 29.9846,
	13.1528 30.0031,
	13.1459 30.0119,
	13.1418 30.0153,
	13.1395 30.0171,
	13.1389 30.0182,
	13.1377 30.0182,
	13.136 30.0205,
	13.132 30.0234,
	13.1232 30.031,
	13.1156 30.0385,
	13.107 30.0455,
	13.103 30.0484,
	13.1006 30.0501,
	13.0914 30.0536,
	13.089 30.0536,
	13.0797 30.0571,
	13.0704 30.0594,
	13.0612 30.0635,
	13.0599 30.0635,
	13.0553 30.0669,
	13.053 30.0687,
	13.0519 30.0687,
	13.0473 30.0716,
	13.0426 30.0734,
	13.0414 30.0734,
	13.0403 30.0745,
	13.0379 30.0745,
	13.0333 30.0762,
	13.0286 30.0768,
	13.024 30.0791,
	13.0164 30.0884,
	13.0089 30.0959,
	13.0049 30.1001,
	13.0019 30.1035,
	12.9933 30.1105,
	12.9857 30.1174,
	12.9677 30.1308,
	12.9596 30.1371,
	12.9578 30.139,
	12.9567 30.139,
	12.9555 30.1407,
	12.9462 30.1482,
	12.9439 30.1493,
	12.9428 30.1516,
	"/>
</Transform>

<Transform dim="0"
 xcoef=" 0 1 0 0 0 0"
 ycoef=" 0 0 1 0 0 0">
<Contour name="d39sp05" hidden="false" closed="true" simplified="true" border="1 0 0" fill="1 0 0" mode="11"
 points="10.8189 29.3003,
	10.8165 29.2978,
	10.8132 29.297,
	10.8028 29.2882,
	10.7907 29.2777,
	10.7867 29.2721,
	10.7826 29.268,
	10.7826 29.2664,
	10.7786 29.26,
	10.7762 29.2535,
	10.7754 29.2406,
	10.7754 29.2342,
	10.7754 29.231,
	10.7754 29.2302,
	10.7754 29.2294,
	10.7842 29.2173,
	10.7899 29.214,
	10.7915 29.2124,
	10.7931 29.2124,
	10.7995 29.2076,
	10.8036 29.2029,
	10.8068 29.2004,
	10.8108 29.194,
	10.8108 29.1924,
	10.8132 29.1892,
	10.8156 29.1827,
	10.8165 29.1795,
	10.8181 29.1779,
	10.8205 29.1521,
	10.8181 29.1392,
	10.8173 29.1328,
	10.8132 29.1199,
	10.8108 29.107,
	10.81 29.0812,
	10.8108 29.0683,
	10.8116 29.0619,
	10.814 29.0554,
	10.8148 29.049,
	10.8229 29.0232,
	10.831 29.0111,
	10.835 29.0055,
	10.835 29.0039,
	10.8382 29.0014,
	10.8422 28.995,
	10.8454 28.9918,
	10.8454 28.9902,
	10.8503 28.9853,
	10.8559 28.9789,
	10.8591 28.9757,
	10.8696 28.9676,
	10.8761 28.9628,
	10.8777 28.9612,
	10.8793 28.9612,
	10.8825 28.9579,
	10.8841 28.9579,
	10.8906 28.9539,
	10.8938 28.9515,
	10.897 28.9507,
	10.8994 28.9475,
	10.9115 28.9434,
	10.9179 28.9418,
	10.9195 28.9402,
	10.9324 28.9378,
	10.9582 28.9305,
	10.9646 28.9297,
	10.9679 28.9281,
	10.9808 28.9265,
	11.0065 28.9265,
	11.0098 28.9273,
	11.0114 28.9289,
	11.0178 28.9305,
	11.0299 28.9394,
	11.0323 28.9426,
	11.0347 28.9442,
	11.0508 28.9676,
	11.0557 28.9741,
	11.0573 28.9773,
	11.0605 28.9797,
	11.0613 28.9829,
	11.0653 28.9886,
	11.0669 28.9902,
	11.0669 28.9918,
	11.0742 29.0031,
	11.0742 29.0047,
	11.0766 29.0079,
	11.0814 29.0208,
	11.0814 29.024,
	11.083 29.0256,
	11.0847 29.0385,
	11.0838 29.0514,
	11.0838 29.0546,
	11.0822 29.0578,
	11.0814 29.0643,
	11.0814 29.0675,
	11.0766 29.0804,
	11.0758 29.0836,
	11.071 29.0893,
	11.071 29.0909,
	11.0661 29.0965,
	11.0597 29.1022,
	11.0573 29.1038,
	11.0516 29.1102,
	11.046 29.115,
	11.0444 29.1167,
	11.0428 29.1167,
	11.0428 29.1183,
	11.0299 29.1287,
	11.0194 29.1368,
	10.9953 29.1586,
	10.9526 29.2004,
	10.9502 29.2029,
	10.9485 29.2037,
	10.9485 29.2052,
	10.9469 29.2068,
	10.9453 29.2068,
	10.9357 29.2173,
	10.9308 29.2229,
	10.9276 29.2253,
	10.9276 29.2269,
	10.9075 29.2479,
	10.8962 29.2576,
	10.8954 29.2592,
	10.8938 29.2592,
	10.8922 29.2624,
	10.8889 29.2632,
	10.8833 29.2688,
	10.8801 29.2704,
	10.8785 29.2729,
	10.8752 29.2753,
	10.8744 29.2769,
	10.8728 29.2769,
	10.8624 29.2866,
	10.8511 29.2938,
	10.8479 29.2954,
	10.8463 29.297,
	10.8446 29.297,
	10.843 29.2986,
	10.8366 29.3003,
	"/>
</Transform>

<Transform dim="0"
 xcoef=" 0 1 0 0 0 0"
 ycoef=" 0 0 1 0 0 0">
<Contour name="d63sp04" hidden="false" closed="true" simplified="true" border="1 0 0" fill="1 0 0" mode="11"
 points="19.9765 26.4164,
	19.967 26.4089,
	19.9501 26.3919,
	19.9474 26.3899,
	19.9454 26.3865,
	19.944 26.3865,
	19.9338 26.3777,
	19.923 26.3702,
	19.9135 26.3628,
	19.9087 26.3588,
	19.906 26.358,
	19.9033 26.3553,
	19.8986 26.3519,
	19.8884 26.3417,
	19.8857 26.3404,
	19.8851 26.3391,
	19.8823 26.3384,
	19.8722 26.3316,
	19.8667 26.3295,
	19.8613 26.3262,
	19.8511 26.3215,
	19.8484 26.3215,
	19.843 26.3181,
	19.8389 26.3133,
	19.8389 26.3119,
	19.8376 26.3113,
	19.8369 26.3059,
	19.8362 26.3032,
	19.8362 26.3018,
	19.8362 26.3011,
	19.8382 26.2984,
	19.8382 26.297,
	19.841 26.295,
	19.843 26.2903,
	19.8444 26.2876,
	19.8471 26.2848,
	19.8478 26.2821,
	19.8553 26.2713,
	19.86 26.2665,
	19.8654 26.2639,
	19.8695 26.2598,
	19.8715 26.2543,
	19.8708 26.2435,
	19.8708 26.2408,
	19.868 26.2354,
	19.8674 26.2299,
	19.866 26.2272,
	19.866 26.2245,
	19.8613 26.2136,
	19.858 26.2029,
	19.8566 26.2014,
	19.8566 26.1987,
	19.8538 26.1934,
	19.8518 26.1907,
	19.8498 26.1852,
	19.8491 26.1825,
	19.8478 26.1811,
	19.8444 26.1703,
	19.841 26.1486,
	19.841 26.1378,
	19.841 26.1351,
	19.8424 26.1324,
	19.8424 26.1296,
	19.8518 26.1208,
	19.8525 26.1195,
	19.8553 26.1188,
	19.86 26.1147,
	19.8613 26.1147,
	19.8627 26.112,
	19.8654 26.11,
	19.866 26.0883,
	19.866 26.0775,
	19.866 26.072,
	19.866 26.0693,
	19.8708 26.0584,
	19.8742 26.0537,
	19.8756 26.0524,
	19.8762 26.0497,
	19.8782 26.047,
	19.8789 26.0442,
	19.8803 26.0429,
	19.8823 26.0321,
	19.8831 26.0212,
	19.8823 26.0104,
	19.8803 25.9995,
	19.8776 25.9941,
	19.8742 25.9724,
	19.8762 25.9616,
	19.8831 25.9514,
	19.8864 25.9459,
	19.8898 25.9426,
	19.8905 25.9399,
	19.9013 25.9338,
	19.9067 25.9297,
	19.9176 25.9256,
	19.923 25.9243,
	19.9284 25.9216,
	19.9311 25.9202,
	19.9352 25.9202,
	19.9365 25.9189,
	19.9474 25.9154,
	19.9501 25.9154,
	19.9528 25.9141,
	19.9745 25.9134,
	19.9961 25.9154,
	20.0016 25.9154,
	20.007 25.9168,
	20.0097 25.9168,
	20.0125 25.9182,
	20.0138 25.9182,
	20.0152 25.9196,
	20.0261 25.9229,
	20.0274 25.9229,
	20.0287 25.9243,
	20.0314 25.925,
	20.0328 25.925,
	20.0423 25.9325,
	20.0463 25.9365,
	20.0531 25.9467,
	20.0572 25.9507,
	20.0572 25.9534,
	20.0613 25.9581,
	20.0626 25.9609,
	20.0653 25.9636,
	20.0666 25.965,
	20.0674 25.9677,
	20.0701 25.9697,
	20.0714 25.971,
	20.0714 25.9724,
	20.0748 25.9765,
	20.0788 25.9819,
	20.0809 25.9846,
	20.0809 25.9859,
	20.0837 25.9887,
	20.0904 25.9988,
	20.0904 26.0002,
	20.0944 26.0056,
	20.0951 26.0083,
	20.0986 26.0137,
	20.0999 26.0192,
	20.1013 26.0219,
	20.1013 26.0328,
	20.0999 26.0355,
	20.0999 26.0381,
	20.0979 26.0435,
	20.0959 26.0463,
	20.0911 26.068,
	20.0904 26.1113,
	20.0904 26.1331,
	20.0911 26.1384,
	20.0924 26.1411,
	20.0924 26.1425,
	20.0938 26.1438,
	20.0965 26.1547,
	20.0972 26.1656,
	20.0951 26.171,
	20.0904 26.1927,
	20.0897 26.1981,
	20.0884 26.1994,
	20.0877 26.2049,
	20.0809 26.2265,
	20.0728 26.2483,
	20.0619 26.2699,
	20.0599 26.2754,
	20.0586 26.2781,
	20.0586 26.2794,
	20.0572 26.2808,
	20.0559 26.2862,
	20.0545 26.289,
	20.0545 26.2903,
	20.0531 26.2916,
	20.0457 26.3126,
	20.0457 26.314,
	20.0443 26.3153,
	20.043 26.3208,
	20.0368 26.331,
	20.0335 26.3357,
	20.0328 26.3384,
	20.0294 26.3431,
	20.0281 26.3486,
	20.0246 26.354,
	20.0199 26.3648,
	20.0172 26.3702,
	20.0152 26.373,
	20.0145 26.3757,
	20.0112 26.3804,
	20.009 26.3851,
	20.0057 26.3906,
	20.0036 26.3933,
	20.0036 26.3946,
	20.001 26.3973,
	19.9935 26.4069,
	19.9887 26.4109,
	19.986 26.4129,
	19.9847 26.4143,
	19.9792 26.4164,
	"/>
</Transform>

<Transform dim="0"
 xcoef=" 0 1 0 0 0 0"
 ycoef=" 0 0 1 0 0 0">
<Contour name="d39c03" hidden="false" closed="true" simplified="true" border="0 0 1" fill="0 0 1" mode="11"
 points="13.1221 30.0583,
	13.1181 30.0554,
	13.1156 30.0536,
	13.1145 30.0536,
	13.1128 30.0513,
	13.1087 30.0484,
	13.1076 30.0467,
	13.1035 30.0426,
	13.1006 30.0379,
	13.0988 30.0287,
	13.0988 30.024,
	13.0988 30.0217,
	13.0988 30.0205,
	13.0988 30.02,
	13.1064 30.0014,
	13.1156 29.9829,
	13.1162 29.9805,
	13.1181 29.9787,
	13.1181 29.9776,
	13.1302 29.9608,
	13.1331 29.9568,
	13.1331 29.9556,
	13.1354 29.9532,
	13.1354 29.952,
	13.1372 29.9497,
	13.1383 29.9492,
	13.1383 29.948,
	13.1447 29.9393,
	13.1459 29.9387,
	13.1476 29.9347,
	13.154 29.926,
	13.1557 29.9236,
	13.1557 29.9225,
	13.158 29.9207,
	13.158 29.9196,
	13.1725 29.9016,
	13.1801 29.894,
	13.1824 29.8917,
	13.1917 29.8888,
	13.1963 29.8888,
	13.1986 29.8894,
	13.1992 29.8906,
	13.2015 29.8912,
	13.2103 29.8976,
	13.2184 29.9051,
	13.2213 29.9091,
	13.2225 29.9114,
	13.2236 29.9127,
	13.2236 29.9138,
	13.2248 29.915,
	13.2253 29.9242,
	13.2253 29.9289,
	13.2225 29.9381,
	13.2207 29.9428,
	13.2196 29.9451,
	13.2196 29.9474,
	13.216 29.9562,
	13.2131 29.9608,
	13.2131 29.9619,
	13.2074 29.9713,
	13.2074 29.9724,
	13.2045 29.977,
	13.2039 29.9793,
	13.1923 29.998,
	13.1923 29.9991,
	13.1894 30.0026,
	13.1864 30.0072,
	13.1847 30.0089,
	13.1847 30.0101,
	13.1812 30.0148,
	13.1795 30.0165,
	13.1795 30.0176,
	13.1725 30.0258,
	13.1691 30.0293,
	13.1667 30.031,
	13.1667 30.0322,
	13.1627 30.0356,
	13.1616 30.0379,
	13.158 30.0409,
	13.1545 30.0449,
	13.1499 30.0484,
	13.1476 30.0507,
	13.1383 30.056,
	13.129 30.0577,
	13.1244 30.0583,
	"/>
</Transform>

<Transform dim="0"
 xcoef=" 0 1 0 0 0 0"
 ycoef=" 0 0 1 0 0 0">
<Contour name="d56" hidden="false" closed="true" simplified="true" border="0 0 0" fill="0 0 0" mode="11"
 points="24.2487 23.6351,
	24.2344 23.6313,
	24.2193 23.6246,
	24.205 23.6151,
	24.1974 23.6104,
	24.1679 23.598,
	24.1527 23.5943,
	24.1451 23.5914,
	24.1413 23.5886,
	24.1376 23.5876,
	24.1357 23.5857,
	24.1318 23.5847,
	24.128 23.5819,
	24.1128 23.5772,
	24.0825 23.5582,
	24.0768 23.5506,
	24.0748 23.5429,
	24.0748 23.5392,
	24.0682 23.524,
	24.0682 23.5202,
	24.0663 23.5164,
	24.0626 23.5135,
	24.0331 23.505,
	24.0178 23.4992,
	24.0103 23.4964,
	23.9961 23.4869,
	23.9809 23.4803,
	23.9732 23.4793,
	23.9125 23.4594,
	23.9048 23.4556,
	23.8896 23.4509,
	23.8744 23.4423,
	23.8669 23.4385,
	23.8631 23.4357,
	23.8611 23.4338,
	23.8536 23.431,
	23.8498 23.428,
	23.8478 23.4261,
	23.8441 23.4252,
	23.8289 23.4128,
	23.8232 23.4072,
	23.808 23.3976,
	23.7947 23.3834,
	23.7909 23.3796,
	23.789 23.3759,
	23.7634 23.3455,
	23.7511 23.3302,
	23.7368 23.3159,
	23.7292 23.3103,
	23.7254 23.3084,
	23.7244 23.3065,
	23.7226 23.3065,
	23.7074 23.296,
	23.7054 23.2942,
	23.7016 23.2932,
	23.6722 23.2752,
	23.6646 23.2685,
	23.6617 23.2647,
	23.6598 23.2638,
	23.6589 23.26,
	23.6542 23.2524,
	23.6513 23.2486,
	23.6465 23.2334,
	23.6427 23.2295,
	23.6418 23.2258,
	23.6399 23.2239,
	23.639 23.2201,
	23.6266 23.2059,
	23.5972 23.184,
	23.5905 23.1802,
	23.5753 23.1669,
	23.5468 23.1365,
	23.5468 23.1346,
	23.543 23.1318,
	23.543 23.1279,
	23.5374 23.1204,
	23.5364 23.1165,
	23.5335 23.1127,
	23.5307 23.0976,
	23.5307 23.091,
	23.5307 23.09,
	23.5364 23.0747,
	23.5421 23.0672,
	23.5497 23.052,
	23.5544 23.0443,
	23.5573 23.0406,
	23.5573 23.0387,
	23.5696 23.0244,
	23.5801 23.0093,
	23.5848 23.0016,
	23.5886 22.9978,
	23.5905 22.9941,
	23.6057 22.9817,
	23.6143 22.9665,
	23.6247 22.9523,
	23.6399 22.9437,
	23.6475 22.939,
	23.6589 22.9238,
	23.6637 22.9161,
	23.6656 22.9124,
	23.6722 22.9048,
	23.675 22.901,
	23.676 22.8972,
	23.6798 22.8934,
	23.6827 22.8915,
	23.6883 22.8839,
	23.6922 22.8801,
	23.7074 22.8725,
	23.7111 22.8725,
	23.7263 22.8659,
	23.7415 22.8563,
	23.7567 22.8411,
	23.7861 22.8241,
	23.8013 22.8155,
	23.8165 22.8051,
	23.8317 22.7965,
	23.8394 22.7918,
	23.8545 22.7794,
	23.8564 22.7794,
	23.8641 22.7737,
	23.8944 22.7594,
	23.902 22.7566,
	23.9059 22.7557,
	23.9134 22.751,
	23.9211 22.748,
	23.9248 22.7461,
	23.9286 22.7461,
	23.9324 22.7433,
	23.9466 22.7377,
	23.9771 22.7291,
	23.9846 22.7262,
	23.9884 22.7262,
	24.0036 22.7215,
	24.0341 22.7195,
	24.0568 22.7195,
	24.072 22.7253,
	24.1024 22.7319,
	24.1328 22.7348,
	24.1632 22.7443,
	24.1784 22.7461,
	24.186 22.7461,
	24.2011 22.751,
	24.2088 22.7528,
	24.2163 22.7585,
	24.2202 22.7604,
	24.223 22.7643,
	24.2306 22.769,
	24.2344 22.7718,
	24.2496 22.7727,
	24.2648 22.7718,
	24.28 22.769,
	24.2952 22.7643,
	24.299 22.7624,
	24.3104 22.7624,
	24.3142 22.7652,
	24.3218 22.7661,
	24.337 22.7718,
	24.3445 22.7746,
	24.3465 22.7766,
	24.3617 22.7804,
	24.3693 22.7832,
	24.3844 22.786,
	24.3863 22.786,
	24.4006 22.7946,
	24.4082 22.7984,
	24.412 22.8003,
	24.4139 22.8003,
	24.4291 22.8098,
	24.4367 22.8136,
	24.4519 22.8288,
	24.4652 22.844,
	24.4727 22.8488,
	24.5032 22.8535,
	24.5184 22.8563,
	24.5222 22.8563,
	24.526 22.8582,
	24.5278 22.8582,
	24.5297 22.8601,
	24.5374 22.861,
	24.5677 22.8725,
	24.5981 22.8773,
	24.6058 22.8782,
	24.6095 22.8782,
	24.6172 22.881,
	24.6324 22.8829,
	24.6476 22.8886,
	24.6627 22.8962,
	24.6665 22.8972,
	24.6742 22.9028,
	24.6817 22.9067,
	24.6836 22.9067,
	24.6912 22.9114,
	24.7064 22.9238,
	24.714 22.9285,
	24.716 22.9285,
	24.7235 22.9343,
	24.7311 22.938,
	24.7615 22.9598,
	24.79 22.9864,
	24.8043 23.0016,
	24.8166 23.0168,
	24.8213 23.032,
	24.8299 23.0928,
	24.8318 23.1004,
	24.8327 23.1043,
	24.8327 23.1061,
	24.8356 23.1099,
	24.8337 23.1707,
	24.8327 23.1859,
	24.8318 23.1935,
	24.8309 23.1973,
	24.8279 23.201,
	24.8251 23.2087,
	24.8223 23.2125,
	24.7919 23.2258,
	24.7843 23.2295,
	24.7691 23.2438,
	24.7454 23.2743,
	24.7321 23.2885,
	24.7321 23.2904,
	24.7074 23.3208,
	24.7017 23.3283,
	24.6864 23.3426,
	24.677 23.3577,
	24.6742 23.3616,
	24.6742 23.3654,
	24.6693 23.3729,
	24.6675 23.3806,
	24.6656 23.3825,
	24.6618 23.3976,
	24.656 23.4128,
	24.6276 23.4432,
	24.621 23.4509,
	24.6191 23.4509,
	24.6124 23.4584,
	24.6086 23.4604,
	24.5934 23.4746,
	24.5792 23.4869,
	24.5725 23.4926,
	24.5706 23.4926,
	24.564 23.4992,
	24.5563 23.5041,
	24.5488 23.5116,
	24.5411 23.5164,
	24.5374 23.5193,
	24.5336 23.5202,
	24.526 23.5259,
	24.4956 23.5401,
	24.4918 23.5401,
	24.4614 23.5582,
	24.4547 23.5639,
	24.451 23.5667,
	24.4491 23.5686,
	24.4491 23.5705,
	24.4424 23.5781,
	24.4386 23.58,
	24.4082 23.5866,
	24.3778 23.5952,
	24.3702 23.5971,
	24.3664 23.5971,
	24.3627 23.5999,
	24.3475 23.6038,
	24.3398 23.6047,
	24.3246 23.6094,
	24.3209 23.6094,
	24.3132 23.6123,
	24.3094 23.6132,
	24.3057 23.6161,
	24.298 23.618,
	24.2943 23.6209,
	24.2866 23.6227,
	24.2714 23.6304,
	24.2639 23.6342,
	"/>
</Transform>

<Transform dim="0"
 xcoef=" 0 1 0 0 0 0"
 ycoef=" 0 0 1 0 0 0">
<Contour name="d38p01" hidden="false" closed="true" simplified="true" border="1 0 0" fill="1 0 0" mode="11"
 points="23.1697 21.9898,
	23.1536 21.9737,
	23.1697 21.9576,
	23.1858 21.9737,
	"/>
</Transform>

<Transform dim="0"
 xcoef=" 0 1 0 0 0 0"
 ycoef=" 0 0 1 0 0 0">
<Contour name="d63sp06" hidden="false" closed="true" simplified="true" border="1 0 0" fill="1 0 0" mode="11"
 points="21.4095 26.4913,
	21.4016 26.4903,
	21.3976 26.4888,
	21.3957 26.4878,
	21.3918 26.4843,
	21.3913 26.4833,
	21.3903 26.4833,
	21.3868 26.4799,
	21.3843 26.4774,
	21.3843 26.4765,
	21.3824 26.4745,
	21.3799 26.4666,
	21.3765 26.4508,
	21.3749 26.4488,
	21.371 26.4469,
	21.37 26.4459,
	21.3661 26.4449,
	21.3622 26.4428,
	21.3612 26.4428,
	21.3601 26.4419,
	21.3562 26.4404,
	21.3542 26.4394,
	21.3537 26.4384,
	21.3527 26.4384,
	21.3523 26.4374,
	21.3513 26.4374,
	21.3498 26.4355,
	21.3483 26.4345,
	21.3428 26.4266,
	21.3399 26.4187,
	21.3384 26.4113,
	21.336 26.4034,
	21.3345 26.3955,
	21.334 26.3876,
	21.334 26.3836,
	21.3324 26.3758,
	21.331 26.3718,
	21.3305 26.3698,
	21.3295 26.3688,
	21.3285 26.3649,
	21.3285 26.3639,
	21.3275 26.3629,
	21.3275 26.362,
	21.3261 26.3595,
	21.3246 26.3516,
	21.3241 26.3436,
	21.3241 26.3426,
	21.3241 26.3422,
	21.3271 26.3343,
	21.328 26.3333,
	21.3305 26.3254,
	21.334 26.3175,
	21.3355 26.3155,
	21.336 26.3135,
	21.3414 26.3067,
	21.3448 26.3037,
	21.3606 26.2968,
	21.3646 26.2958,
	21.3666 26.2958,
	21.3705 26.2933,
	21.3744 26.2923,
	21.3765 26.2919,
	21.3775 26.2909,
	21.3814 26.2894,
	21.3893 26.2879,
	21.3972 26.2854,
	21.4051 26.2839,
	21.409 26.2839,
	21.4406 26.279,
	21.4564 26.2766,
	21.4722 26.2751,
	21.4762 26.2741,
	21.484 26.2736,
	21.4998 26.2706,
	21.5077 26.2681,
	21.5087 26.2681,
	21.5097 26.2672,
	21.5107 26.2672,
	21.5146 26.2647,
	21.5156 26.2647,
	21.5191 26.2623,
	21.523 26.2608,
	21.527 26.2577,
	21.5289 26.2568,
	21.5359 26.2504,
	21.5374 26.2484,
	21.5378 26.2474,
	21.5388 26.2474,
	21.5437 26.24,
	21.5492 26.2336,
	21.5526 26.2296,
	21.5536 26.2286,
	21.5541 26.2267,
	21.5571 26.2227,
	21.5575 26.2208,
	21.5601 26.2169,
	21.5606 26.2148,
	21.5621 26.2128,
	21.5635 26.2089,
	21.564 26.207,
	21.5655 26.205,
	21.5655 26.204,
	21.5674 26.2021,
	21.5684 26.2,
	21.5719 26.1966,
	21.5793 26.1922,
	21.5872 26.1892,
	21.5951 26.1892,
	21.6109 26.1922,
	21.6128 26.1922,
	21.6208 26.1951,
	21.6286 26.1961,
	21.6361 26.2005,
	21.6434 26.206,
	21.6474 26.2099,
	21.6528 26.2174,
	21.6592 26.2247,
	21.6647 26.2312,
	21.6676 26.2351,
	21.6686 26.2356,
	21.6691 26.2375,
	21.6711 26.2395,
	21.6746 26.2474,
	21.6756 26.2514,
	21.6756 26.2553,
	21.6766 26.2593,
	21.6766 26.2632,
	21.6766 26.2652,
	21.6751 26.2691,
	21.6746 26.2711,
	21.6721 26.2746,
	21.6721 26.2756,
	21.6662 26.2829,
	21.6652 26.2834,
	21.6637 26.2874,
	21.6632 26.2914,
	21.6632 26.2933,
	21.6662 26.3012,
	21.6672 26.3032,
	21.6681 26.3037,
	21.6686 26.3057,
	21.6761 26.3106,
	21.678 26.3121,
	21.679 26.313,
	21.68 26.313,
	21.6873 26.3185,
	21.6894 26.32,
	21.6904 26.32,
	21.6923 26.3215,
	21.6948 26.3249,
	21.6953 26.3288,
	21.6948 26.3309,
	21.6933 26.3323,
	21.6928 26.3343,
	21.6894 26.3382,
	21.6889 26.3402,
	21.6869 26.3422,
	21.6859 26.3431,
	21.6859 26.3442,
	21.6829 26.3476,
	21.681 26.3496,
	21.68 26.3516,
	21.679 26.3525,
	21.679 26.3545,
	21.6736 26.3703,
	21.6711 26.3743,
	21.6672 26.3777,
	21.6647 26.3797,
	21.6627 26.3797,
	21.6608 26.3807,
	21.6528 26.3822,
	21.6489 26.3822,
	21.6449 26.3831,
	21.6429 26.3836,
	21.641 26.3856,
	21.6331 26.3911,
	21.6291 26.394,
	21.6227 26.4004,
	21.6193 26.4044,
	21.6169 26.4083,
	21.6163 26.4103,
	21.6133 26.4142,
	21.6133 26.4153,
	21.6104 26.4192,
	21.6084 26.4231,
	21.6074 26.4251,
	21.6065 26.4261,
	21.606 26.428,
	21.6045 26.4301,
	21.6045 26.4311,
	21.603 26.433,
	21.603 26.434,
	21.5966 26.4404,
	21.5926 26.4433,
	21.5907 26.4454,
	21.5749 26.4498,
	21.567 26.4522,
	21.5512 26.4547,
	21.5196 26.4562,
	21.5156 26.4567,
	21.5136 26.4567,
	21.5058 26.4592,
	21.5038 26.4602,
	21.5018 26.4622,
	21.5003 26.4631,
	21.487 26.4765,
	21.4835 26.4799,
	21.4796 26.4823,
	21.4717 26.4858,
	21.4638 26.4864,
	21.4559 26.4858,
	21.448 26.4833,
	21.4401 26.4833,
	21.4323 26.4858,
	21.4282 26.4869,
	21.4263 26.4873,
	21.4253 26.4883,
	21.4214 26.4898,
	21.4134 26.4908,
	"/>
</Transform>

<Transform dim="0"
 xcoef=" 0 1 0 0 0 0"
 ycoef=" 0 0 1 0 0 0">
<Contour name="d63c06" hidden="false" closed="true" simplified="true" border="0 0 1" fill="0 0 1" mode="11"
 points="21.4626 26.3308,
	21.4555 26.3304,
	21.452 26.3304,
	21.4486 26.3294,
	21.4206 26.329,
	21.4066 26.3286,
	21.3995 26.3273,
	21.3978 26.3273,
	21.3969 26.3264,
	21.39 26.3247,
	21.3829 26.3207,
	21.3795 26.3181,
	21.3786 26.3173,
	21.3786 26.3164,
	21.3769 26.3155,
	21.3746 26.3124,
	21.3737 26.3107,
	21.3729 26.3098,
	21.372 26.3028,
	21.3711 26.2993,
	21.3707 26.2713,
	21.3707 26.2704,
	21.3707 26.27,
	21.3724 26.263,
	21.3724 26.2613,
	21.3733 26.2604,
	21.3746 26.2569,
	21.3756 26.2555,
	21.3756 26.2547,
	21.3808 26.249,
	21.3838 26.246,
	21.3909 26.2429,
	21.3917 26.242,
	21.3935 26.242,
	21.3952 26.2407,
	21.3987 26.2394,
	21.4267 26.2368,
	21.4301 26.2359,
	21.4441 26.2359,
	21.4581 26.2342,
	21.4652 26.2329,
	21.4721 26.2307,
	21.473 26.2307,
	21.4739 26.2297,
	21.4757 26.2297,
	21.4826 26.2271,
	21.4897 26.2258,
	21.4966 26.2237,
	21.5001 26.2228,
	21.5072 26.2228,
	21.5106 26.2224,
	21.5246 26.225,
	21.5264 26.2263,
	21.5281 26.2267,
	21.5298 26.2284,
	21.5307 26.2297,
	21.5325 26.2311,
	21.533 26.2329,
	21.5356 26.2359,
	21.5369 26.239,
	21.5373 26.2407,
	21.5386 26.2424,
	21.5399 26.246,
	21.5408 26.2464,
	21.5408 26.2482,
	21.5417 26.249,
	21.5421 26.2525,
	21.5434 26.256,
	21.5434 26.2569,
	21.5443 26.2577,
	21.5447 26.2717,
	21.5447 26.2788,
	21.5425 26.2857,
	21.5425 26.2866,
	21.5417 26.2875,
	21.5412 26.291,
	21.5404 26.2919,
	21.5377 26.2988,
	21.5356 26.3024,
	21.5325 26.305,
	21.5317 26.3067,
	21.5303 26.3076,
	21.5272 26.3107,
	21.5259 26.3115,
	21.5246 26.3133,
	21.5238 26.3133,
	21.5225 26.315,
	21.519 26.3173,
	21.5181 26.3181,
	21.5172 26.3181,
	21.5141 26.3203,
	21.5124 26.3212,
	21.5115 26.322,
	21.5046 26.3238,
	21.501 26.3251,
	21.494 26.3264,
	21.487 26.3286,
	21.48 26.3294,
	21.4766 26.3304,
	"/>
</Transform>

<Transform dim="0"
 xcoef=" 0 1 0 0 0 0"
 ycoef=" 0 0 1 0 0 0">
<Contour name="d28c02" hidden="false" closed="true" simplified="true" border="0 0 1" fill="0 0 1" mode="11"
 points="5.30942 22.588,
	5.30782 22.5864,
	5.30141 22.5849,
	5.30061 22.5833,
	5.29901 22.5833,
	5.29581 22.5809,
	5.28299 22.5793,
	5.27659 22.5785,
	5.27018 22.576,
	5.26698 22.576,
	5.25496 22.5688,
	5.24936 22.5568,
	5.24776 22.5505,
	5.24696 22.5248,
	5.24696 22.512,
	5.24696 22.5055,
	5.24696 22.5031,
	5.24696 22.5023,
	5.24856 22.4992,
	5.24856 22.496,
	5.25577 22.484,
	5.25577 22.4824,
	5.25737 22.4808,
	5.25897 22.4808,
	5.26458 22.4767,
	5.26778 22.4743,
	5.27099 22.4743,
	5.27739 22.4719,
	5.2902 22.4703,
	5.32224 22.4703,
	5.33505 22.4735,
	5.34145 22.4759,
	5.34305 22.4759,
	5.34465 22.4775,
	5.34786 22.4775,
	5.35347 22.4816,
	5.35827 22.4879,
	5.35907 22.4911,
	5.36147 22.4944,
	5.36228 22.5008,
	5.36468 22.5072,
	5.36788 22.5328,
	5.36788 22.5392,
	5.36708 22.5424,
	5.36708 22.544,
	5.36548 22.5456,
	5.36147 22.5584,
	5.35987 22.5592,
	5.35746 22.5649,
	5.35426 22.5673,
	5.35426 22.5688,
	5.34465 22.5777,
	5.33906 22.5825,
	5.32704 22.5864,
	5.31423 22.588,
	"/>
</Transform>

<Transform dim="0"
 xcoef=" 0 1 0 0 0 0"
 ycoef=" 0 0 1 0 0 0">
<Contour name="d38zlenguideline1" hidden="false" closed="true" simplified="true" border="0 1 0" fill="0 1 0" mode="11"
 points="23.184 22.4363,
	23.1607 22.4362,
	23.1376 22.435,
	23.1147 22.4328,
	23.0922 22.4296,
	23.0704 22.4254,
	23.0494 22.4202,
	23.0293 22.4142,
	23.0104 22.4073,
	22.9926 22.3996,
	22.9762 22.391,
	22.9614 22.3819,
	22.9481 22.372,
	22.9365 22.3616,
	22.9268 22.3508,
	22.9188 22.3395,
	22.9129 22.3279,
	22.9088 22.3161,
	22.9066 22.2983,
	22.9076 22.2863,
	22.9107 22.2744,
	22.9156 22.2627,
	22.9225 22.2514,
	22.9314 22.2403,
	22.9421 22.2296,
	22.9546 22.2195,
	22.9687 22.21,
	22.9843 22.2011,
	23.0013 22.1929,
	23.0197 22.1856,
	23.0393 22.1791,
	23.0598 22.1735,
	23.0813 22.1689,
	23.1033 22.1651,
	23.1261 22.1624,
	23.149 22.1608,
	23.1723 22.1601,
	23.1956 22.1605,
	23.2187 22.1619,
	23.2415 22.1643,
	23.2637 22.1679,
	23.2854 22.1723,
	23.3061 22.1776,
	23.326 22.1839,
	23.3447 22.191,
	23.362 22.199,
	23.378 22.2076,
	23.3925 22.217,
	23.4054 22.2271,
	23.4165 22.2376,
	23.4259 22.2485,
	23.4332 22.2598,
	23.4388 22.2715,
	23.4423 22.2833,
	23.4438 22.2953,
	23.4433 22.3072,
	23.4408 22.3191,
	23.4363 22.3308,
	23.4298 22.3424,
	23.4214 22.3535,
	23.4112 22.3642,
	23.3992 22.3745,
	23.3855 22.3842,
	23.3703 22.3933,
	23.3536 22.4015,
	23.3354 22.4091,
	23.3162 22.4158,
	23.2959 22.4217,
	23.2746 22.4266,
	23.2527 22.4305,
	23.2301 22.4334,
	23.2071 22.4354,
	"/>
</Transform>

<Transform dim="0"
 xcoef=" 0 1 0 0 0 0"
 ycoef=" 0 0 1 0 0 0">
<Contour name="d63sp07" hidden="false" closed="true" simplified="true" border="1 0 0" fill="1 0 0" mode="11"
 points="20.7265 28.2772,
	20.7221 28.2752,
	20.7208 28.2739,
	20.7195 28.2739,
	20.7113 28.2651,
	20.7095 28.2633,
	20.7088 28.2606,
	20.7069 28.2588,
	20.7056 28.2537,
	20.7056 28.2487,
	20.7056 28.248,
	20.7056 28.2473,
	20.7076 28.2423,
	20.7095 28.2398,
	20.7113 28.2354,
	20.7183 28.2265,
	20.7221 28.2221,
	20.7234 28.2195,
	20.7253 28.2182,
	20.7309 28.2088,
	20.7316 28.2069,
	20.7341 28.2043,
	20.736 28.1993,
	20.7423 28.1891,
	20.7436 28.1879,
	20.7436 28.1866,
	20.7448 28.1854,
	20.7448 28.1841,
	20.7519 28.174,
	20.7625 28.1544,
	20.7652 28.15,
	20.767 28.1474,
	20.7677 28.1449,
	20.7708 28.1398,
	20.7714 28.138,
	20.7752 28.1328,
	20.7771 28.1278,
	20.7835 28.1176,
	20.7847 28.1164,
	20.7854 28.1139,
	20.7898 28.1101,
	20.7999 28.1056,
	20.8088 28.1056,
	20.8113 28.1082,
	20.8126 28.1088,
	20.8126 28.1101,
	20.8151 28.112,
	20.817 28.117,
	20.8189 28.1272,
	20.8189 28.1373,
	20.8189 28.1423,
	20.817 28.1525,
	20.8132 28.1626,
	20.8119 28.1677,
	20.8107 28.1702,
	20.8107 28.1715,
	20.8088 28.174,
	20.8075 28.1791,
	20.803 28.1891,
	20.8005 28.1943,
	20.7974 28.2043,
	20.7949 28.2094,
	20.7943 28.2145,
	20.793 28.2164,
	20.793 28.2176,
	20.7916 28.2182,
	20.7916 28.2195,
	20.7904 28.2209,
	20.7885 28.2259,
	20.7816 28.2354,
	20.7771 28.2392,
	20.7771 28.2404,
	20.7727 28.2436,
	20.7702 28.2461,
	20.7683 28.2473,
	20.75 28.2645,
	20.7455 28.2683,
	20.743 28.2695,
	20.7379 28.2739,
	20.7367 28.2739,
	20.7341 28.2758,
	20.7328 28.2758,
	20.7316 28.2772,
	"/>
</Transform>

<Transform dim="0"
 xcoef=" 0 1 0 0 0 0"
 ycoef=" 0 0 1 0 0 0">
<Contour name="d39cfa03" hidden="false" closed="false" simplified="true" border="0 1 0" fill="1 0 0" mode="11"
 points="13.1971 29.8941,
	13.1902 29.9058,
	13.1791 29.9243,
	13.1669 29.9452,
	13.1553 29.9672,
	13.1437 29.9888,
	13.1263 30.0137,
	13.1049 30.0328,
	"/>
</Transform>

<Transform dim="0"
 xcoef=" 0 1 0 0 0 0"
 ycoef=" 0 0 1 0 0 0">
<Contour name="d63cfa06" hidden="false" closed="false" simplified="true" border="0 1 0" fill="1 0 0" mode="11"
 points="21.5409 26.2614,
	21.5384 26.266,
	21.5348 26.271,
	21.529 26.2768,
	21.5201 26.2821,
	21.5072 26.2868,
	21.4896 26.2904,
	21.467 26.2933,
	21.4454 26.2961,
	21.4207 26.2997,
	21.3988 26.3019,
	21.3736 26.3073,
	"/>
</Transform>

<Transform dim="0"
 xcoef=" 0 1 0 0 0 0"
 ycoef=" 0 0 1 0 0 0">
<Contour name="d28cfa02" hidden="false" closed="false" simplified="true" border="0 1 0" fill="1 0 0" mode="11"
 points="5.36183 22.5431,
	5.31698 22.5447,
	5.29376 22.5462,
	5.25292 22.5478,
	"/>
</Transform>

<Transform dim="0"
 xcoef=" 0 1 0 0 0 0"
 ycoef=" 0 0 1 0 0 0">
<Contour name="d63sern04" hidden="false" closed="true" simplified="false" border="1 1 0" fill="0 1 0" mode="11"
 points="19.9339 26.2955,
	19.9339 26.284,
	19.9454 26.284,
	19.9454 26.2725,
	19.9569 26.2725,
	19.9569 26.284,
	19.9684 26.284,
	19.9684 26.2955,
	19.9569 26.2955,
	19.9569 26.307,
	19.9454 26.307,
	19.9454 26.2955,
	"/>
</Transform>

<Transform dim="0"
 xcoef=" 0 1 0 0 0 0"
 ycoef=" 0 0 1 0 0 0">
<Contour name="d63" comment="dch_traced_06.2019" hidden="false" closed="true" simplified="true" border="1 1 0" fill="1 1 0" mode="11"
 points="20.2794 26.5589,
	20.285 26.5365,
	20.3074 26.4918,
	20.313 26.4806,
	20.3199 26.4582,
	20.3241 26.447,
	20.3395 26.4246,
	20.3493 26.4148,
	20.4389 26.3603,
	20.45 26.3561,
	20.4724 26.3547,
	20.4948 26.3589,
	20.5172 26.37,
	20.5396 26.3882,
	20.5508 26.3966,
	20.5564 26.3994,
	20.5675 26.3994,
	20.5731 26.3994,
	20.5941 26.3784,
	20.5997 26.3728,
	20.6109 26.3673,
	20.6221 26.3645,
	20.6445 26.3659,
	20.6669 26.37,
	20.6781 26.3714,
	20.6892 26.3756,
	20.734 26.3826,
	20.7788 26.3952,
	20.8012 26.4022,
	20.8235 26.4064,
	20.9131 26.4134,
	20.9578 26.426,
	20.969 26.4302,
	20.9718 26.433,
	20.9774 26.4344,
	20.9886 26.4414,
	20.9942 26.447,
	20.9998 26.4498,
	21.0194 26.4708,
	21.0306 26.4806,
	21.053 26.4931,
	21.0641 26.4987,
	21.0865 26.5029,
	21.0977 26.5043,
	21.1425 26.5197,
	21.1649 26.5295,
	21.1872 26.5435,
	21.2082 26.5631,
	21.218 26.5743,
	21.2334 26.5967,
	21.2558 26.6149,
	21.267 26.6232,
	21.288 26.6456,
	21.2922 26.6568,
	21.2964 26.6792,
	21.3061 26.7016,
	21.3103 26.7072,
	21.3117 26.7128,
	21.3145 26.7156,
	21.3145 26.7184,
	21.3271 26.7407,
	21.3369 26.7631,
	21.3411 26.7855,
	21.3425 26.8079,
	21.3341 26.8527,
	21.3313 26.8638,
	21.3285 26.8666,
	21.3243 26.8778,
	21.3173 26.889,
	21.295 26.9086,
	21.2726 26.9184,
	21.183 26.931,
	21.1607 26.9352,
	21.1383 26.9422,
	21.1159 26.952,
	21.0935 26.966,
	21.0823 26.9716,
	21.0711 26.9744,
	20.9816 26.9758,
	20.9592 26.9828,
	20.9368 26.9939,
	20.9313 26.9967,
	20.9285 26.9967,
	20.8837 27.0261,
	20.8725 27.0331,
	20.8501 27.0415,
	20.8389 27.0471,
	20.8361 27.0471,
	20.8249 27.0541,
	20.8165 27.0611,
	20.8123 27.0667,
	20.8137 27.0891,
	20.8137 27.1003,
	20.8109 27.1114,
	20.8026 27.1226,
	20.7914 27.131,
	20.7802 27.1352,
	20.769 27.1366,
	20.7466 27.1534,
	20.7242 27.1646,
	20.7018 27.1688,
	20.6795 27.1674,
	20.6571 27.1632,
	20.6347 27.1562,
	20.6235 27.152,
	20.6011 27.1366,
	20.5955 27.1338,
	20.5843 27.124,
	20.5396 27.0961,
	20.5172 27.0835,
	20.4724 27.0513,
	20.45 27.0289,
	20.4095 26.9842,
	20.3913 26.9618,
	20.3619 26.9184,
	20.3535 26.9072,
	20.313 26.8177,
	20.3032 26.7953,
	20.2962 26.7729,
	20.2808 26.6834,
	20.2794 26.5939,
	20.2794 26.5715,
	20.2794 26.5603,
	"/>
</Transform>

</Section>