<?xml version="1.0"?>
<!DOCTYPE Section SYSTEM "section.dtd">

<Section index="96" thickness="0.048" alignLocked="true">
<Transform dim="0"
 xcoef=" 0 1 0 0 0 0"
 ycoef=" 0 0 1 0 0 0">
<Image mag="0.002063" contrast="1.86401" brightness="-0.18" red="true" green="true" blue="true"
 src="097____z4.896.jpg" />
<Contour name="domain1" hidden="false" closed="true" simplified="false" border="1 0 1" fill="1 0 1" mode="11"
 points="0 0,
	17236 0,
	17236 17077,
	0 17077,
	"/>
</Transform>

<Transform dim="0"
 xcoef=" 0 1 0 0 0 0"
 ycoef=" 0 0 1 0 0 0">
<Contour name="D39" hidden="false" closed="true" simplified="true" border="0 0 1" fill="0 0 1" mode="11"
 points="10.9963 28.5446,
	10.9449 28.5366,
	10.8986 28.5129,
	10.8619 28.4762,
	10.8301 28.3785,
	10.8382 28.3272,
	10.8619 28.2809,
	10.8986 28.2441,
	10.9449 28.2205,
	10.9963 28.2124,
	11.0476 28.2205,
	11.0939 28.2441,
	11.1307 28.2809,
	11.1543 28.3272,
	11.1624 28.3785,
	11.1543 28.4298,
	11.1307 28.4762,
	11.0939 28.5129,
	11.0476 28.5366,
	"/>
</Transform>

<Transform dim="0"
 xcoef=" 0 1 0 0 0 0"
 ycoef=" 0 0 1 0 0 0">
<Contour name="D56" hidden="false" closed="true" simplified="true" border="1 0 0" fill="1 0 0" mode="11"
 points="23.7421 23.5642,
	23.6989 23.5573,
	23.6599 23.5375,
	23.6289 23.5065,
	23.6022 23.4243,
	23.6091 23.381,
	23.6289 23.342,
	23.6599 23.3111,
	23.6989 23.2912,
	23.7421 23.2843,
	23.7853 23.2912,
	23.8244 23.3111,
	23.8553 23.342,
	23.8752 23.381,
	23.8821 23.4243,
	23.8752 23.4675,
	23.8553 23.5065,
	23.8244 23.5375,
	23.7853 23.5573,
	"/>
</Transform>

<Transform dim="0"
 xcoef=" 0 1 0 0 0 0"
 ycoef=" 0 0 1 0 0 0">
<Contour name="D31" hidden="false" closed="true" simplified="true" border="0 0 1" fill="0 0 1" mode="11"
 points="13.9078 19.6638,
	13.8541 19.6549,
	13.8056 19.6287,
	13.7671 19.588,
	13.7339 19.4798,
	13.7424 19.423,
	13.7671 19.3716,
	13.8056 19.3308,
	13.8541 19.3046,
	13.9078 19.2957,
	13.9616 19.3046,
	14.01 19.3308,
	14.0485 19.3716,
	14.0733 19.423,
	14.0817 19.4798,
	14.0733 19.5367,
	14.0485 19.588,
	14.01 19.6287,
	13.9616 19.6549,
	"/>
</Transform>

<Transform dim="0"
 xcoef=" 0 1 0 0 0 0"
 ycoef=" 0 0 1 0 0 0">
<Contour name="D28" hidden="false" closed="true" simplified="true" border="0 0 1" fill="0 0 1" mode="11"
 points="6.82591 23.6919,
	6.77726 23.685,
	6.73339 23.6652,
	6.69856 23.6343,
	6.6685 23.552,
	6.6762 23.5088,
	6.69856 23.4697,
	6.73339 23.4388,
	6.77726 23.419,
	6.82591 23.4121,
	6.87455 23.419,
	6.91844 23.4388,
	6.95325 23.4697,
	6.97562 23.5088,
	6.98332 23.552,
	6.97562 23.5952,
	6.95325 23.6343,
	6.91844 23.6652,
	6.87455 23.685,
	"/>
</Transform>

<Transform dim="0"
 xcoef=" 0 1 0 0 0 0"
 ycoef=" 0 0 1 0 0 0">
<Contour name="D38" hidden="false" closed="true" simplified="true" border="1 0 0" fill="1 0 0" mode="11"
 points="22.3925 23.3883,
	22.3411 23.381,
	22.2948 23.3599,
	22.2581 23.3269,
	22.2263 23.2396,
	22.2344 23.1937,
	22.2581 23.1522,
	22.2948 23.1193,
	22.3411 23.0982,
	22.3925 23.0909,
	22.4438 23.0982,
	22.4901 23.1193,
	22.5269 23.1522,
	22.5505 23.1937,
	22.5586 23.2396,
	22.5505 23.2855,
	22.5269 23.3269,
	22.4901 23.3599,
	22.4438 23.381,
	"/>
</Transform>

<Transform dim="0"
 xcoef=" 0 1 0 0 0 0"
 ycoef=" 0 0 1 0 0 0">
<Contour name="D01" hidden="false" closed="true" simplified="true" border="1 1 0" fill="1 1 0" mode="11"
 points="16.3732 26.6543,
	16.3226 26.6479,
	16.277 26.629,
	16.2407 26.5995,
	16.2095 26.5213,
	16.2176 26.4802,
	16.2407 26.4431,
	16.277 26.4137,
	16.3226 26.3949,
	16.3732 26.3884,
	16.4237 26.3949,
	16.4694 26.4137,
	16.5056 26.4431,
	16.5289 26.4802,
	16.5368 26.5213,
	16.5289 26.5624,
	16.5056 26.5995,
	16.4694 26.629,
	16.4237 26.6479,
	"/>
</Transform>

<Transform dim="0"
 xcoef=" 0 1 0 0 0 0"
 ycoef=" 0 0 1 0 0 0">
<Contour name="D63" hidden="false" closed="true" simplified="true" border="1 0 0" fill="1 0 0" mode="11"
 points="20.0282 27.2536,
	20.0056 27.2509,
	19.9853 27.243,
	19.9692 27.2306,
	19.9552 27.1977,
	19.9588 27.1803,
	19.9692 27.1647,
	19.9853 27.1523,
	20.0056 27.1444,
	20.0282 27.1417,
	20.0507 27.1444,
	20.0711 27.1523,
	20.0872 27.1647,
	20.0976 27.1803,
	20.1011 27.1977,
	20.0976 27.215,
	20.0872 27.2306,
	20.0711 27.243,
	20.0507 27.2509,
	"/>
</Transform>

<Transform dim="0"
 xcoef=" 0 1 0 0 0 0"
 ycoef=" 0 0 1 0 0 0">
<Contour name="d28" hidden="false" closed="true" simplified="true" border="1 1 0" fill="1 1 0" mode="11"
 points="6.77285 23.9964,
	6.7491 23.9934,
	6.74315 23.9912,
	6.74167 23.9912,
	6.7387 23.989,
	6.73276 23.9882,
	6.72682 23.986,
	6.72385 23.9846,
	6.70008 23.983,
	6.69711 23.983,
	6.69414 23.9846,
	6.68821 23.9846,
	6.67632 23.9868,
	6.67335 23.986,
	6.67261 23.9846,
	6.66667 23.9837,
	6.66072 23.98,
	6.65775 23.9771,
	6.65182 23.9749,
	6.64885 23.9727,
	6.64736 23.9727,
	6.64216 23.9674,
	6.6184 23.954,
	6.61544 23.9525,
	6.61246 23.9525,
	6.60058 23.9489,
	6.59464 23.9474,
	6.54711 23.9474,
	6.53523 23.9467,
	6.52929 23.9459,
	6.52632 23.9452,
	6.52409 23.9459,
	6.52484 23.9467,
	6.52187 23.9474,
	6.50998 23.9444,
	6.50404 23.9422,
	6.50107 23.9407,
	6.49513 23.9407,
	6.48326 23.9348,
	6.47137 23.9311,
	6.46543 23.9281,
	6.45355 23.9251,
	6.4476 23.9236,
	6.42385 23.9229,
	6.40008 23.9206,
	6.39711 23.9199,
	6.39414 23.9177,
	6.38226 23.9147,
	6.37632 23.914,
	6.37483 23.914,
	6.36964 23.9102,
	6.35775 23.9073,
	6.35181 23.9051,
	6.34885 23.9043,
	6.34588 23.9021,
	6.32211 23.8954,
	6.31989 23.8932,
	6.308 23.8909,
	6.29612 23.8827,
	6.29018 23.8776,
	6.28722 23.8746,
	6.2887 23.8724,
	6.2835 23.8664,
	6.27978 23.8605,
	6.27014 23.8486,
	6.2627 23.8367,
	6.26122 23.836,
	6.26048 23.833,
	6.25825 23.8308,
	6.25751 23.8189,
	6.25676 23.8129,
	6.25825 23.8011,
	6.25973 23.7981,
	6.26122 23.7863,
	6.26122 23.7744,
	6.26493 23.7506,
	6.27014 23.7268,
	6.27087 23.715,
	6.27087 23.7134,
	6.26048 23.7016,
	6.25082 23.6912,
	6.24786 23.689,
	6.24711 23.6859,
	6.24414 23.6837,
	6.2434 23.6808,
	6.24192 23.6793,
	6.24117 23.6318,
	6.24117 23.608,
	6.23895 23.5842,
	6.23672 23.5723,
	6.233 23.5605,
	6.23226 23.5545,
	6.23078 23.5516,
	6.23003 23.5457,
	6.22484 23.5338,
	6.22335 23.5278,
	6.22335 23.5263,
	6.22112 23.5234,
	6.22038 23.4996,
	6.22038 23.4974,
	6.22038 23.4966,
	6.22261 23.4907,
	6.22781 23.4847,
	6.23078 23.4825,
	6.23672 23.481,
	6.24859 23.4737,
	6.25379 23.4677,
	6.26122 23.4565,
	6.26345 23.4535,
	6.26419 23.4506,
	6.26642 23.4476,
	6.26717 23.4446,
	6.27087 23.4387,
	6.27681 23.4343,
	6.28722 23.4231,
	6.2887 23.4231,
	6.29092 23.4202,
	6.29389 23.4194,
	6.29538 23.4165,
	6.30726 23.4061,
	6.31914 23.3942,
	6.32508 23.3883,
	6.32805 23.3867,
	6.33622 23.3749,
	6.34067 23.3696,
	6.34216 23.3682,
	6.34736 23.3563,
	6.3533 23.3326,
	6.35775 23.3207,
	6.3585 23.3177,
	6.36519 23.3058,
	6.36816 23.2998,
	6.36889 23.2969,
	6.36889 23.2954,
	6.37113 23.2932,
	6.37186 23.2902,
	6.3741 23.2879,
	6.3741 23.285,
	6.38077 23.2731,
	6.38597 23.2613,
	6.38969 23.2494,
	6.39043 23.2464,
	6.39191 23.2449,
	6.39266 23.239,
	6.39563 23.2331,
	6.39785 23.2212,
	6.40528 23.1974,
	6.40602 23.1944,
	6.40602 23.1929,
	6.40825 23.19,
	6.40899 23.1869,
	6.42013 23.1751,
	6.43201 23.1699,
	6.43796 23.1655,
	6.43944 23.164,
	6.44241 23.164,
	6.46618 23.1528,
	6.47805 23.1491,
	6.48399 23.1462,
	6.48993 23.1409,
	6.50182 23.1365,
	6.5033 23.1365,
	6.50627 23.1335,
	6.53003 23.1209,
	6.53301 23.1194,
	6.53375 23.118,
	6.53969 23.1157,
	6.54265 23.1142,
	6.54562 23.1142,
	6.5486 23.1127,
	6.54934 23.1112,
	6.55528 23.1105,
	6.55825 23.1105,
	6.5642 23.1075,
	6.57014 23.1061,
	6.61766 23.1023,
	6.64142 23.1023,
	6.6533 23.1061,
	6.65924 23.1068,
	6.67113 23.1105,
	6.6741 23.1112,
	6.67558 23.1112,
	6.67855 23.1134,
	6.68449 23.1149,
	6.69638 23.1209,
	6.69786 23.1209,
	6.70008 23.1231,
	6.70602 23.1246,
	6.71196 23.1283,
	6.71494 23.129,
	6.72088 23.1328,
	6.72682 23.1343,
	6.75058 23.1491,
	6.76246 23.1572,
	6.76543 23.1602,
	6.7684 23.161,
	6.77137 23.164,
	6.77731 23.1677,
	6.78251 23.1728,
	6.80627 23.1884,
	6.81815 23.1951,
	6.82409 23.2003,
	6.82706 23.201,
	6.83301 23.207,
	6.84489 23.2152,
	6.85676 23.2248,
	6.86271 23.2293,
	6.87459 23.2404,
	6.87756 23.2412,
	6.87979 23.2441,
	6.88276 23.2449,
	6.88795 23.2501,
	6.89984 23.2575,
	6.91172 23.2627,
	6.91766 23.2672,
	6.92955 23.2723,
	6.93548 23.2754,
	6.94142 23.2761,
	6.96519 23.2828,
	6.97707 23.285,
	6.98894 23.285,
	6.99489 23.2857,
	7.00083 23.2879,
	7.01271 23.2895,
	7.01865 23.291,
	7.03054 23.2983,
	7.0335 23.2991,
	7.04464 23.3088,
	7.0684 23.3251,
	7.07954 23.3348,
	7.08993 23.3467,
	7.09737 23.3585,
	7.10776 23.3823,
	7.10924 23.3852,
	7.10924 23.3883,
	7.1137 23.3942,
	7.11518 23.4001,
	7.12558 23.4239,
	7.12632 23.4268,
	7.13004 23.4328,
	7.13523 23.4446,
	7.13895 23.4506,
	7.13969 23.4535,
	7.1434 23.4595,
	7.1486 23.4713,
	7.14934 23.4744,
	7.15603 23.4862,
	7.15974 23.4922,
	7.16197 23.4951,
	7.16271 23.4981,
	7.17087 23.51,
	7.17756 23.5219,
	7.18202 23.5278,
	7.18425 23.5308,
	7.18498 23.5338,
	7.19019 23.5397,
	7.19092 23.5426,
	7.20058 23.5545,
	7.20503 23.5605,
	7.20652 23.5635,
	7.21172 23.5694,
	7.21841 23.5813,
	7.22286 23.5932,
	7.22286 23.5946,
	7.22508 23.5976,
	7.2288 23.6095,
	7.23103 23.6155,
	7.23103 23.617,
	7.23325 23.6199,
	7.23325 23.6214,
	7.23845 23.6273,
	7.23994 23.6303,
	7.25108 23.6414,
	7.25405 23.6474,
	7.25776 23.6593,
	7.2585 23.683,
	7.25627 23.7068,
	7.25405 23.7127,
	7.25405 23.7157,
	7.25033 23.7275,
	7.24366 23.7394,
	7.24068 23.7454,
	7.23919 23.7469,
	7.23845 23.7499,
	7.2288 23.7617,
	7.21841 23.7722,
	7.21544 23.7751,
	7.21247 23.7766,
	7.20058 23.7878,
	7.19761 23.7885,
	7.19167 23.7944,
	7.17979 23.8033,
	7.17459 23.8092,
	7.17162 23.8122,
	7.17162 23.8137,
	7.16865 23.816,
	7.16494 23.8219,
	7.1642 23.8248,
	7.16197 23.8278,
	7.15751 23.8397,
	7.15751 23.8427,
	7.15528 23.8486,
	7.15454 23.8545,
	7.1486 23.8664,
	7.14712 23.8694,
	7.13672 23.8813,
	7.12484 23.8924,
	7.10331 23.9155,
	7.0981 23.9199,
	7.08623 23.9311,
	7.08029 23.937,
	7.0788 23.937,
	7.05874 23.96,
	7.05355 23.9659,
	7.05132 23.9689,
	7.05132 23.9704,
	7.04613 23.9749,
	7.04464 23.9778,
	7.0387 23.9837,
	7.03424 23.9897,
	7.0283 23.9927,
	7.00454 23.9949,
	6.99266 23.9949,
	6.94513 23.989,
	6.92137 23.9868,
	6.90949 23.9837,
	6.90652 23.9837,
	6.90355 23.9815,
	6.89167 23.98,
	6.88573 23.9793,
	6.86197 23.9808,
	6.84414 23.9808,
	6.8382 23.983,
	6.82632 23.9846,
	6.81445 23.9882,
	6.8085 23.9905,
	6.80553 23.9919,
	6.79959 23.9927,
	6.79662 23.9941,
	"/>
</Transform>

<Transform dim="0"
 xcoef=" 0 1 0 0 0 0"
 ycoef=" 0 0 1 0 0 0">
<Contour name="d39" hidden="false" closed="true" simplified="true" border="1 1 0" fill="1 1 0" mode="11"
 points="11.377 28.8562,
	11.3613 28.8533,
	11.3534 28.8514,
	11.3495 28.8514,
	11.3475 28.8494,
	11.3455 28.8494,
	11.3436 28.8475,
	11.3396 28.8475,
	11.3082 28.8347,
	11.3043 28.8347,
	11.2886 28.8278,
	11.2847 28.8258,
	11.2532 28.8229,
	11.1903 28.8219,
	11.1824 28.8219,
	11.1667 28.818,
	11.1628 28.818,
	11.1471 28.8121,
	11.1392 28.8111,
	11.1314 28.8072,
	11.1235 28.8052,
	11.1078 28.7983,
	11.1039 28.7973,
	11.1 28.7944,
	11.0842 28.7895,
	11.0822 28.7875,
	11.0666 28.7836,
	11.0508 28.7767,
	11.0351 28.7718,
	11.0312 28.7708,
	11.0292 28.7708,
	11.0273 28.7688,
	11.0194 28.7669,
	11.0155 28.7659,
	11.0115 28.763,
	11.0037 28.762,
	10.9958 28.758,
	10.9919 28.758,
	10.9899 28.7561,
	10.988 28.7561,
	10.986 28.7541,
	10.9782 28.7531,
	10.9742 28.7502,
	10.9428 28.7413,
	10.9389 28.7404,
	10.9231 28.7315,
	10.9163 28.7256,
	10.9123 28.7217,
	10.8966 28.7198,
	10.8338 28.7198,
	10.8259 28.7207,
	10.8102 28.7177,
	10.8023 28.7158,
	10.7866 28.707,
	10.7846 28.707,
	10.7709 28.6913,
	10.766 28.6834,
	10.7512 28.6686,
	10.7444 28.6628,
	10.7365 28.6588,
	10.6746 28.6146,
	10.6432 28.595,
	10.6127 28.5704,
	10.598 28.5576,
	10.5823 28.5498,
	10.5666 28.5439,
	10.5508 28.5409,
	10.543 28.5409,
	10.5273 28.5448,
	10.5194 28.5479,
	10.5155 28.5479,
	10.5076 28.5508,
	10.4998 28.5508,
	10.4919 28.5528,
	10.488 28.5547,
	10.4801 28.5547,
	10.4644 28.5596,
	10.4565 28.5606,
	10.4487 28.5646,
	10.433 28.5665,
	10.4251 28.5636,
	10.4173 28.5586,
	10.4055 28.5429,
	10.3996 28.5351,
	10.3966 28.5272,
	10.3956 28.5233,
	10.3927 28.5194,
	10.3898 28.5036,
	10.3868 28.4958,
	10.3848 28.4801,
	10.3848 28.4487,
	10.3848 28.4408,
	10.3848 28.4398,
	10.3868 28.377,
	10.3917 28.3454,
	10.3976 28.3297,
	10.4006 28.3219,
	10.4055 28.315,
	10.4123 28.3072,
	10.4271 28.2973,
	10.431 28.2944,
	10.4467 28.2894,
	10.4546 28.2855,
	10.4585 28.2846,
	10.4595 28.2826,
	10.4634 28.2816,
	10.4673 28.2787,
	10.4693 28.2767,
	10.4713 28.2767,
	10.487 28.264,
	10.4909 28.26,
	10.4949 28.258,
	10.5106 28.2423,
	10.5184 28.2365,
	10.5459 28.205,
	10.5764 28.1745,
	10.5842 28.1667,
	10.599 28.1559,
	10.6068 28.15,
	10.6108 28.1491,
	10.6265 28.1392,
	10.6304 28.1363,
	10.6324 28.1363,
	10.6363 28.1323,
	10.6442 28.1274,
	10.6461 28.1274,
	10.6481 28.1235,
	10.652 28.1225,
	10.656 28.1195,
	10.6599 28.1185,
	10.6609 28.1166,
	10.6628 28.1166,
	10.6668 28.1136,
	10.6982 28.1038,
	10.7061 28.1018,
	10.8632 28.1018,
	10.8789 28.0999,
	10.9104 28.0931,
	10.9418 28.092,
	10.9575 28.091,
	10.9654 28.091,
	10.9811 28.0871,
	11.0125 28.0861,
	11.044 28.0871,
	11.0597 28.0881,
	11.0675 28.0891,
	11.099 28.0871,
	11.1147 28.0832,
	11.1461 28.0813,
	11.1618 28.0803,
	11.1933 28.0822,
	11.2247 28.0793,
	11.2326 28.0793,
	11.2404 28.0773,
	11.2562 28.0773,
	11.2876 28.0842,
	11.3033 28.0891,
	11.3072 28.09,
	11.3092 28.09,
	11.3111 28.092,
	11.319 28.092,
	11.3229 28.095,
	11.3386 28.0989,
	11.3543 28.1057,
	11.3583 28.1088,
	11.3622 28.1097,
	11.3642 28.1097,
	11.3681 28.1136,
	11.3721 28.1146,
	11.3858 28.1255,
	11.4015 28.1382,
	11.4054 28.1421,
	11.4134 28.146,
	11.4173 28.148,
	11.4212 28.152,
	11.4526 28.1677,
	11.4683 28.1785,
	11.4713 28.1805,
	11.4791 28.1883,
	11.4831 28.1902,
	11.487 28.1942,
	11.488 28.1952,
	11.489 28.1942,
	11.4919 28.1981,
	11.4938 28.1981,
	11.4998 28.206,
	11.5076 28.2138,
	11.5086 28.2177,
	11.5184 28.2334,
	11.5341 28.264,
	11.543 28.2797,
	11.5498 28.2875,
	11.5577 28.2934,
	11.5597 28.2934,
	11.5636 28.2964,
	11.5675 28.2973,
	11.5833 28.3082,
	11.5911 28.314,
	11.598 28.3219,
	11.6029 28.3297,
	11.6078 28.3454,
	11.6097 28.4084,
	11.6088 28.4241,
	11.6058 28.4398,
	11.6039 28.4476,
	11.6039 28.4516,
	11.601 28.4594,
	11.6 28.4673,
	11.597 28.4751,
	11.596 28.4791,
	11.593 28.483,
	11.5823 28.5144,
	11.5793 28.5183,
	11.5744 28.5341,
	11.5715 28.538,
	11.5665 28.5537,
	11.5646 28.5694,
	11.5646 28.5851,
	11.5626 28.6008,
	11.5626 28.6048,
	11.5558 28.6206,
	11.5518 28.6284,
	11.5498 28.6303,
	11.5489 28.6343,
	11.543 28.6421,
	11.5411 28.6441,
	11.5411 28.646,
	11.5351 28.6539,
	11.5312 28.6618,
	11.5283 28.6775,
	11.5292 28.7089,
	11.5292 28.7246,
	11.5283 28.7325,
	11.5283 28.7364,
	11.5126 28.7522,
	11.4988 28.7679,
	11.4929 28.7758,
	11.4851 28.7836,
	11.4742 28.7993,
	11.4673 28.815,
	11.4653 28.819,
	11.4575 28.8248,
	11.4535 28.8258,
	11.4378 28.8396,
	11.4339 28.8435,
	11.4261 28.8465,
	11.4182 28.8514,
	11.4143 28.8523,
	11.4124 28.8543,
	11.4103 28.8543,
	11.4084 28.8562,
	"/>
</Transform>

<Transform dim="0"
 xcoef=" 0 1 0 0 0 0"
 ycoef=" 0 0 1 0 0 0">
<Contour name="D61" hidden="false" closed="true" simplified="true" border="1 0 0" fill="1 0 0" mode="11"
 points="19.9056 30.1429,
	19.8716 30.1369,
	19.841 30.1195,
	19.8166 30.0924,
	19.7956 30.0204,
	19.801 29.9826,
	19.8166 29.9484,
	19.841 29.9213,
	19.8716 29.9039,
	19.9056 29.8979,
	19.9395 29.9039,
	19.9702 29.9213,
	19.9945 29.9484,
	20.0101 29.9826,
	20.0155 30.0204,
	20.0101 30.0583,
	19.9945 30.0924,
	19.9702 30.1195,
	19.9395 30.1369,
	"/>
</Transform>

<Transform dim="0"
 xcoef=" 0 1 0 0 0 0"
 ycoef=" 0 0 1 0 0 0">
<Contour name="d56" hidden="false" closed="true" simplified="true" border="0 0 0" fill="0 0 0" mode="11"
 points="24.3737 23.8014,
	24.3657 23.8004,
	24.3617 23.7983,
	24.3576 23.7943,
	24.3556 23.7923,
	24.3536 23.7923,
	24.3274 23.7601,
	24.3134 23.7441,
	24.3023 23.7279,
	24.2893 23.7118,
	24.2822 23.7038,
	24.251 23.6847,
	24.2481 23.6807,
	24.24 23.6757,
	24.2239 23.6727,
	24.1757 23.6727,
	24.1676 23.6716,
	24.1656 23.6716,
	24.1646 23.6696,
	24.1002 23.6706,
	24.0359 23.6777,
	24.0036 23.6797,
	23.9715 23.6797,
	23.9393 23.6817,
	23.9233 23.6817,
	23.8911 23.6747,
	23.883 23.6716,
	23.8509 23.6656,
	23.8348 23.6636,
	23.8186 23.6636,
	23.7865 23.6606,
	23.7543 23.6596,
	23.7282 23.6596,
	23.7242 23.6626,
	23.692 23.6737,
	23.6758 23.6797,
	23.6437 23.6987,
	23.6276 23.7058,
	23.5955 23.7108,
	23.5632 23.7179,
	23.5471 23.7229,
	23.5392 23.7259,
	23.5351 23.7279,
	23.5331 23.7279,
	23.5311 23.73,
	23.5291 23.73,
	23.5251 23.733,
	23.517 23.735,
	23.513 23.736,
	23.509 23.739,
	23.507 23.739,
	23.5049 23.741,
	23.4888 23.7441,
	23.4808 23.7471,
	23.4768 23.7491,
	23.4607 23.7521,
	23.4527 23.7551,
	23.3883 23.7691,
	23.324 23.7792,
	23.2917 23.7792,
	23.2596 23.7762,
	23.2435 23.7711,
	23.2354 23.7701,
	23.2033 23.756,
	23.1953 23.7531,
	23.1912 23.7501,
	23.1872 23.7491,
	23.1711 23.74,
	23.1671 23.736,
	23.1591 23.732,
	23.143 23.7199,
	23.141 23.7159,
	23.1369 23.7118,
	23.1349 23.7098,
	23.1349 23.7078,
	23.1198 23.6917,
	23.1128 23.6837,
	23.1087 23.6797,
	23.0987 23.6636,
	23.0927 23.6555,
	23.0867 23.6394,
	23.0837 23.6234,
	23.0817 23.5912,
	23.0817 23.5902,
	23.0847 23.5821,
	23.0847 23.5781,
	23.0917 23.5621,
	23.0917 23.558,
	23.0987 23.5419,
	23.1037 23.5258,
	23.1067 23.5178,
	23.1118 23.5097,
	23.1198 23.5017,
	23.1269 23.4957,
	23.1349 23.4877,
	23.149 23.4746,
	23.151 23.4705,
	23.1802 23.4393,
	23.1953 23.4233,
	23.2114 23.4092,
	23.2244 23.3931,
	23.2395 23.377,
	23.2526 23.361,
	23.2646 23.3287,
	23.2677 23.3257,
	23.2707 23.3177,
	23.2717 23.3136,
	23.2907 23.2815,
	23.3008 23.2654,
	23.3058 23.2573,
	23.3068 23.2533,
	23.3169 23.2383,
	23.3209 23.2343,
	23.323 23.2302,
	23.3541 23.2041,
	23.3692 23.1879,
	23.3692 23.1859,
	23.3732 23.1819,
	23.3742 23.178,
	23.3853 23.1619,
	23.3994 23.1468,
	23.4155 23.1337,
	23.4235 23.1276,
	23.4265 23.1236,
	23.4305 23.1216,
	23.4939 23.0663,
	23.51 23.0552,
	23.513 23.0512,
	23.516 23.0493,
	23.5241 23.0412,
	23.5281 23.0372,
	23.5321 23.0352,
	23.5471 23.0221,
	23.5632 23.011,
	23.5773 22.9999,
	23.5935 22.9868,
	23.6015 22.9799,
	23.6095 22.9759,
	23.6175 22.9738,
	23.6498 22.9718,
	23.6659 22.9718,
	23.6738 22.9728,
	23.6819 22.9759,
	23.698 22.9789,
	23.7141 22.9839,
	23.7222 22.9859,
	23.7543 22.9859,
	23.7865 22.9789,
	23.8106 22.9789,
	23.8186 22.9819,
	23.8348 22.9919,
	23.8509 22.9999,
	23.8669 23.006,
	23.8709 23.008,
	23.8749 23.008,
	23.879 23.011,
	23.8951 23.016,
	23.9112 23.0231,
	23.9263 23.0342,
	23.9322 23.0412,
	23.9403 23.0483,
	23.9463 23.0562,
	23.9544 23.0613,
	23.9594 23.0663,
	23.9635 23.0673,
	23.9715 23.0733,
	23.9866 23.0824,
	23.9966 23.0985,
	24.0107 23.1136,
	24.0177 23.1216,
	24.0218 23.1236,
	24.0238 23.1276,
	24.053 23.1588,
	24.067 23.175,
	24.0831 23.1839,
	24.0912 23.1849,
	24.1073 23.192,
	24.1153 23.197,
	24.1233 23.2041,
	24.1344 23.2202,
	24.1475 23.2363,
	24.1626 23.2513,
	24.1666 23.2553,
	24.1987 23.2775,
	24.2068 23.2835,
	24.2108 23.2845,
	24.2269 23.2966,
	24.235 23.3027,
	24.237 23.3047,
	24.239 23.3047,
	24.2471 23.3106,
	24.26 23.3267,
	24.2661 23.3348,
	24.2701 23.3428,
	24.2832 23.3589,
	24.3023 23.3911,
	24.3034 23.3951,
	24.3254 23.4273,
	24.3304 23.4353,
	24.3335 23.4393,
	24.3355 23.4554,
	24.3345 23.4715,
	24.3274 23.5037,
	24.3254 23.5117,
	24.3284 23.5278,
	24.3284 23.5299,
	24.3304 23.5319,
	24.3304 23.5359,
	24.3365 23.5439,
	24.3456 23.5601,
	24.3516 23.568,
	24.3516 23.57,
	24.3586 23.5771,
	24.3637 23.5851,
	24.3778 23.6013,
	24.3847 23.6093,
	24.3948 23.6254,
	24.4008 23.6334,
	24.4008 23.6354,
	24.4049 23.6384,
	24.4139 23.6545,
	24.4159 23.6626,
	24.418 23.6666,
	24.418 23.731,
	24.417 23.7631,
	24.4149 23.7792,
	24.4149 23.7832,
	24.4099 23.7913,
	24.4018 23.7973,
	24.3978 23.7993,
	24.3817 23.8004,
	"/>
</Transform>

<Transform dim="0"
 xcoef=" 0 1 0 0 0 0"
 ycoef=" 0 0 1 0 0 0">
<Contour name="d63sp20" hidden="false" closed="true" simplified="true" border="1 0 0" fill="1 0 0" mode="11"
 points="19.697 26.4603,
	19.6872 26.4571,
	19.6848 26.4565,
	19.6834 26.4565,
	19.6822 26.4553,
	19.6724 26.4516,
	19.6625 26.4461,
	19.6575 26.4429,
	19.6525 26.4386,
	19.6489 26.4343,
	19.6476 26.4318,
	19.6458 26.4306,
	19.6395 26.4213,
	19.6359 26.417,
	19.6352 26.4145,
	19.6285 26.4046,
	19.6266 26.4022,
	19.6259 26.4002,
	19.6204 26.3916,
	19.6167 26.3823,
	19.6149 26.3724,
	19.6149 26.3626,
	19.6149 26.3614,
	19.6149 26.3607,
	19.6167 26.3557,
	19.618 26.3545,
	19.618 26.3521,
	19.6204 26.3471,
	19.6223 26.3447,
	19.6223 26.3434,
	19.6241 26.3415,
	19.6241 26.3403,
	19.6259 26.3378,
	19.6266 26.3354,
	19.6285 26.3329,
	19.6285 26.3317,
	19.6415 26.3125,
	19.6446 26.3082,
	19.6525 26.3001,
	19.6612 26.2933,
	19.6637 26.2909,
	19.6736 26.2865,
	19.6785 26.2846,
	19.6872 26.2785,
	19.6921 26.2754,
	19.712 26.276,
	19.7317 26.2816,
	19.7366 26.2828,
	19.7465 26.2871,
	19.7515 26.2903,
	19.7565 26.2921,
	19.7589 26.2939,
	19.7601 26.2952,
	19.7614 26.2952,
	19.7626 26.2964,
	19.7638 26.2964,
	19.7663 26.2982,
	19.7713 26.3001,
	19.7904 26.3119,
	19.7997 26.3175,
	19.8022 26.3199,
	19.8059 26.323,
	19.8083 26.3255,
	19.8108 26.3267,
	19.8158 26.3317,
	19.8232 26.3384,
	19.8276 26.3434,
	19.83 26.3459,
	19.8331 26.3508,
	19.8355 26.3533,
	19.8386 26.3576,
	19.8398 26.3589,
	19.8398 26.3614,
	19.8442 26.3712,
	19.8449 26.3762,
	19.8461 26.3787,
	19.8479 26.3886,
	19.8485 26.3984,
	19.8479 26.4034,
	19.8467 26.4046,
	19.8461 26.4071,
	19.8442 26.4095,
	19.8436 26.412,
	19.8355 26.4213,
	19.8343 26.4231,
	19.83 26.4262,
	19.8276 26.4268,
	19.825 26.4287,
	19.8201 26.43,
	19.8176 26.4306,
	19.8127 26.4337,
	19.8028 26.4361,
	19.783 26.4436,
	19.7805 26.4442,
	19.7793 26.4442,
	19.7781 26.4454,
	19.7731 26.4467,
	19.7719 26.4467,
	19.7707 26.4479,
	19.7657 26.4485,
	19.7559 26.4516,
	19.7459 26.4522,
	19.736 26.4516,
	19.7262 26.4497,
	19.7236 26.4491,
	19.7187 26.4504,
	19.7144 26.4528,
	19.7094 26.4565,
	19.707 26.4571,
	19.702 26.4603,
	"/>
</Transform>

<Transform dim="0"
 xcoef=" 0 1 0 0 0 0"
 ycoef=" 0 0 1 0 0 0">
<Contour name="d28sp11" hidden="false" closed="true" simplified="true" border="1 0 0" fill="1 0 0" mode="11"
 points="6.28805 23.873,
	6.28303 23.8717,
	6.28177 23.8714,
	6.28114 23.8707,
	6.27864 23.8704,
	6.27612 23.8691,
	6.27361 23.8691,
	6.26859 23.8679,
	6.25853 23.8663,
	6.25603 23.8657,
	6.25477 23.8651,
	6.25352 23.8651,
	6.251 23.8641,
	6.25038 23.8641,
	6.24975 23.8635,
	6.24723 23.8632,
	6.24221 23.8613,
	6.2397 23.8607,
	6.23844 23.8601,
	6.23782 23.8601,
	6.23751 23.8595,
	6.23625 23.8595,
	6.23153 23.8573,
	6.22652 23.8544,
	6.22243 23.851,
	6.21898 23.8469,
	6.21742 23.8444,
	6.21678 23.8432,
	6.21616 23.8424,
	6.21521 23.8399,
	6.21521 23.8393,
	6.21459 23.839,
	6.21427 23.834,
	6.21427 23.8328,
	6.21427 23.8321,
	6.21427 23.8318,
	6.21521 23.8306,
	6.21584 23.8303,
	6.21584 23.8297,
	6.22055 23.8258,
	6.22149 23.8249,
	6.22243 23.8246,
	6.22369 23.8236,
	6.22431 23.8236,
	6.22652 23.8221,
	6.22777 23.8218,
	6.22903 23.8208,
	6.23029 23.8208,
	6.24001 23.8149,
	6.24221 23.8136,
	6.24347 23.8126,
	6.24473 23.8123,
	6.24566 23.8114,
	6.24692 23.8111,
	6.24912 23.8095,
	6.25038 23.8086,
	6.25164 23.8083,
	6.25288 23.8073,
	6.25414 23.807,
	6.2554 23.8061,
	6.25791 23.8054,
	6.25917 23.8051,
	6.25979 23.8045,
	6.26105 23.8045,
	6.26356 23.8033,
	6.26482 23.803,
	6.26513 23.8023,
	6.26576 23.8023,
	6.26639 23.8017,
	6.2667 23.8117,
	6.2667 23.8143,
	6.26733 23.8168,
	6.26796 23.8174,
	6.26827 23.8199,
	6.26984 23.8249,
	6.27016 23.8261,
	6.27078 23.8267,
	6.27078 23.828,
	6.27173 23.8306,
	6.27204 23.8318,
	6.27298 23.8331,
	6.27298 23.8337,
	6.27361 23.8343,
	6.27361 23.8356,
	6.27423 23.8368,
	6.27487 23.8374,
	6.27581 23.8399,
	6.27612 23.8412,
	6.27769 23.8438,
	6.27831 23.845,
	6.27895 23.8457,
	6.27988 23.8481,
	6.2802 23.8494,
	6.28146 23.8503,
	6.28177 23.8516,
	6.28334 23.8538,
	6.28429 23.855,
	6.28429 23.8556,
	6.28553 23.857,
	6.28617 23.8582,
	6.28617 23.8588,
	6.28836 23.861,
	6.28836 23.8616,
	6.28962 23.8629,
	6.29119 23.8654,
	6.29527 23.8694,
	6.29653 23.872,
	6.29558 23.873,
	"/>
</Transform>

<Transform dim="0"
 xcoef=" 0 1 0 0 0 0"
 ycoef=" 0 0 1 0 0 0">
<Contour name="d28sp11" hidden="false" closed="true" simplified="true" border="1 0 0" fill="1 0 0" mode="11"
 points="5.97785 23.8775,
	5.96037 23.8764,
	5.92539 23.8687,
	5.91665 23.8665,
	5.91228 23.8644,
	5.91009 23.8644,
	5.90791 23.8622,
	5.89917 23.8611,
	5.88168 23.8512,
	5.87294 23.8458,
	5.86529 23.8426,
	5.86092 23.8403,
	5.85873 23.8381,
	5.85655 23.8381,
	5.85217 23.8349,
	5.8478 23.8338,
	5.84343 23.8305,
	5.83469 23.8272,
	5.83251 23.8272,
	5.83032 23.825,
	5.79644 23.8141,
	5.77896 23.8086,
	5.77131 23.8032,
	5.76585 23.7977,
	5.76585 23.7955,
	5.76366 23.7955,
	5.75164 23.7791,
	5.73744 23.7627,
	5.73197 23.755,
	5.71667 23.7419,
	5.70793 23.7387,
	5.69482 23.7387,
	5.68608 23.7419,
	5.67734 23.7431,
	5.65984 23.7485,
	5.64236 23.7496,
	5.62488 23.7485,
	5.6205 23.7475,
	5.61832 23.7453,
	5.61067 23.7431,
	5.6063 23.7398,
	5.59865 23.7365,
	5.58991 23.7311,
	5.58772 23.7288,
	5.58335 23.7277,
	5.57898 23.7245,
	5.5768 23.7245,
	5.57243 23.7212,
	5.56806 23.7201,
	5.55931 23.7147,
	5.55493 23.7124,
	5.55275 23.7103,
	5.54838 23.7103,
	5.54401 23.707,
	5.53527 23.7048,
	5.5003 23.7048,
	5.48282 23.7081,
	5.47408 23.7081,
	5.47189 23.7059,
	5.46752 23.7048,
	5.46642 23.7027,
	5.45768 23.6993,
	5.44347 23.6851,
	5.42927 23.6676,
	5.42708 23.6633,
	5.4249 23.6622,
	5.41943 23.6448,
	5.41943 23.636,
	5.41616 23.6327,
	5.40742 23.6295,
	5.40523 23.6283,
	5.40523 23.6261,
	5.40086 23.6239,
	5.39758 23.6196,
	5.39648 23.6153,
	5.39321 23.6108,
	5.39102 23.6021,
	5.39211 23.5934,
	5.39648 23.5846,
	5.39758 23.5802,
	5.39758 23.5781,
	5.39976 23.5759,
	5.40086 23.5671,
	5.39758 23.5583,
	5.39648 23.554,
	5.39102 23.5464,
	5.38884 23.542,
	5.38665 23.5398,
	5.38665 23.5376,
	5.38118 23.53,
	5.379 23.5256,
	5.37681 23.5245,
	5.37354 23.5169,
	5.37025 23.5114,
	5.35714 23.4764,
	5.34731 23.4414,
	5.33966 23.4065,
	5.33747 23.389,
	5.33747 23.3868,
	5.33747 23.3857,
	5.34075 23.377,
	5.3484 23.3682,
	5.35168 23.3639,
	5.35387 23.3628,
	5.35387 23.3606,
	5.36917 23.3464,
	5.38118 23.3322,
	5.39539 23.2972,
	5.40086 23.2797,
	5.40523 23.2709,
	5.40523 23.2688,
	5.41069 23.2601,
	5.41179 23.2557,
	5.41834 23.247,
	5.42053 23.2425,
	5.42817 23.236,
	5.43036 23.2339,
	5.43254 23.2339,
	5.43691 23.2305,
	5.44566 23.2272,
	5.45003 23.2251,
	5.46752 23.2262,
	5.47189 23.2251,
	5.48828 23.2152,
	5.49046 23.2152,
	5.49265 23.213,
	5.50139 23.2109,
	5.50576 23.2087,
	5.52325 23.2076,
	5.52762 23.2087,
	5.52871 23.2109,
	5.53089 23.2109,
	5.53418 23.2152,
	5.53745 23.2328,
	5.53745 23.2677,
	5.53745 23.2852,
	5.53418 23.3027,
	5.53089 23.3114,
	5.51669 23.3245,
	5.485 23.3595,
	5.48063 23.3682,
	5.47845 23.3704,
	5.47298 23.388,
	5.4697 23.4054,
	5.4697 23.4403,
	5.4697 23.4578,
	5.46861 23.4666,
	5.46315 23.484,
	5.45987 23.4928,
	5.45987 23.4972,
	5.45659 23.5059,
	5.45441 23.5234,
	5.45659 23.5322,
	5.45878 23.5344,
	5.45987 23.5387,
	5.46642 23.5442,
	5.47079 23.5475,
	5.47298 23.5475,
	5.47735 23.5507,
	5.49483 23.5551,
	5.51123 23.5617,
	5.51997 23.566,
	5.52215 23.566,
	5.52652 23.5693,
	5.53527 23.5726,
	5.55056 23.5846,
	5.55822 23.5901,
	5.56587 23.5977,
	5.57351 23.6032,
	5.5768 23.6054,
	5.57789 23.6076,
	5.58663 23.6108,
	5.58772 23.613,
	5.59647 23.6163,
	5.59865 23.6185,
	5.60302 23.6185,
	5.60739 23.6207,
	5.62488 23.6228,
	5.62925 23.6228,
	5.63034 23.625,
	5.64783 23.6305,
	5.6522 23.6327,
	5.65438 23.6327,
	5.66313 23.6381,
	5.66531 23.6381,
	5.68279 23.6502,
	5.69809 23.6611,
	5.70356 23.6698,
	5.70574 23.6742,
	5.70574 23.6829,
	5.7123 23.7005,
	5.71886 23.7081,
	5.72104 23.7113,
	5.72978 23.7158,
	5.73088 23.718,
	5.73307 23.718,
	5.73525 23.7201,
	5.74399 23.7223,
	5.77896 23.7212,
	5.79644 23.7201,
	5.80081 23.7212,
	5.80737 23.7277,
	5.81939 23.7453,
	5.82814 23.7507,
	5.83251 23.7507,
	5.84125 23.754,
	5.84999 23.755,
	5.85436 23.755,
	5.8631 23.7584,
	5.86529 23.7606,
	5.86747 23.7606,
	5.87621 23.766,
	5.88168 23.7737,
	5.89589 23.7879,
	5.90354 23.7933,
	5.91009 23.801,
	5.91883 23.8064,
	5.92212 23.8075,
	5.92649 23.8108,
	5.93086 23.8119,
	5.93523 23.8152,
	5.9702 23.825,
	5.98768 23.8305,
	5.99643 23.8327,
	6.00517 23.837,
	6.00954 23.8403,
	6.01828 23.8436,
	6.02265 23.8458,
	6.05762 23.848,
	6.06636 23.8491,
	6.0751 23.8523,
	6.07947 23.8545,
	6.08057 23.8633,
	6.07402 23.8698,
	6.06527 23.8721,
	6.04779 23.8721,
	6.01282 23.8764,
	"/>
</Transform>

<Transform dim="0"
 xcoef=" 0 1 0 0 0 0"
 ycoef=" 0 0 1 0 0 0">
<Contour name="d28sp11" hidden="false" closed="true" simplified="true" border="1 0 0" fill="1 0 0" mode="11"
 points="6.91263 23.0346,
	6.90748 23.0333,
	6.9049 23.0333,
	6.89975 23.0307,
	6.89717 23.03,
	6.89201 23.0262,
	6.88943 23.0243,
	6.88428 23.023,
	6.8817 23.0217,
	6.88041 23.0217,
	6.87912 23.0204,
	6.87461 23.0191,
	6.87203 23.0185,
	6.87074 23.0171,
	6.86945 23.0171,
	6.86431 23.0133,
	6.86302 23.0133,
	6.85464 23.0069,
	6.85142 23.0023,
	6.84948 22.9998,
	6.84819 22.9985,
	6.84433 22.9881,
	6.84304 22.9856,
	6.84304 22.9805,
	6.84304 22.9792,
	6.84304 22.9785,
	6.84626 22.9733,
	6.84819 22.9714,
	6.84884 22.9701,
	6.85142 22.9695,
	6.85528 22.9656,
	6.86044 22.9624,
	6.86302 22.9618,
	6.86431 22.9604,
	6.87461 22.9572,
	6.88492 22.9559,
	6.8875 22.9559,
	6.89008 22.9547,
	6.9107 22.9547,
	6.92101 22.9566,
	6.92358 22.9566,
	6.92487 22.9579,
	6.92745 22.9579,
	6.92874 22.9591,
	6.93261 22.9591,
	6.9339 22.9604,
	6.94421 22.9637,
	6.94485 22.965,
	6.94614 22.965,
	6.9513 22.9682,
	6.9616 22.9766,
	6.96418 22.9792,
	6.9674 22.983,
	6.96998 22.9849,
	6.97062 22.9869,
	6.97256 22.9888,
	6.97256 22.9902,
	6.97578 22.9946,
	6.97707 22.9998,
	6.97514 23.0101,
	6.97191 23.0152,
	6.96805 23.0191,
	6.95774 23.0249,
	6.95645 23.0249,
	6.95388 23.0268,
	6.9513 23.0275,
	6.94872 23.0294,
	6.94356 23.03,
	6.94228 23.03,
	6.94099 23.0313,
	6.93841 23.0313,
	6.93325 23.0333,
	6.92294 23.0346,
	"/>
</Transform>

<Transform dim="0"
 xcoef=" 0 1 0 0 0 0"
 ycoef=" 0 0 1 0 0 0">
<Contour name="d39sp18" hidden="false" closed="true" simplified="true" border="1 0 0" fill="1 0 0" mode="11"
 points="10.335 29.4662,
	10.2938 29.4656,
	10.2835 29.4649,
	10.2732 29.463,
	10.268 29.4624,
	10.2577 29.4592,
	10.2526 29.4565,
	10.2423 29.4559,
	10.2217 29.4565,
	10.2062 29.4565,
	10.1959 29.4533,
	10.1946 29.4533,
	10.194 29.452,
	10.1888 29.4507,
	10.1792 29.4424,
	10.1714 29.4321,
	10.1695 29.4269,
	10.1689 29.4167,
	10.1689 29.4114,
	10.1689 29.4089,
	10.1689 29.4076,
	10.1689 29.407,
	10.1701 29.4019,
	10.1714 29.3992,
	10.1734 29.3786,
	10.1734 29.2962,
	10.1747 29.2756,
	10.1753 29.2653,
	10.1772 29.255,
	10.1772 29.2524,
	10.1792 29.2473,
	10.1798 29.2061,
	10.1817 29.1958,
	10.1817 29.1945,
	10.183 29.1932,
	10.1837 29.1881,
	10.1843 29.1854,
	10.1856 29.1842,
	10.1862 29.179,
	10.1875 29.1778,
	10.1882 29.1752,
	10.1882 29.1739,
	10.1914 29.1687,
	10.1927 29.1662,
	10.194 29.1649,
	10.1946 29.1623,
	10.1965 29.1598,
	10.1985 29.1546,
	10.1998 29.152,
	10.1998 29.1494,
	10.2036 29.1391,
	10.2049 29.134,
	10.2056 29.1314,
	10.2056 29.1302,
	10.2068 29.1288,
	10.2133 29.1082,
	10.2223 29.0883,
	10.2236 29.0869,
	10.2236 29.0856,
	10.2249 29.0844,
	10.2249 29.0831,
	10.2313 29.0735,
	10.2339 29.0689,
	10.2378 29.0644,
	10.239 29.0619,
	10.2403 29.0613,
	10.2403 29.06,
	10.2442 29.056,
	10.2442 29.0548,
	10.2468 29.0535,
	10.2481 29.0509,
	10.2493 29.0509,
	10.2564 29.0425,
	10.259 29.038,
	10.2609 29.0361,
	10.2609 29.0348,
	10.2648 29.0304,
	10.2667 29.029,
	10.2667 29.0277,
	10.2712 29.0232,
	10.2725 29.0213,
	10.2809 29.0135,
	10.2905 29.0046,
	10.2925 29.0033,
	10.297 28.9987,
	10.3015 28.9955,
	10.3041 28.9943,
	10.3047 28.993,
	10.3073 28.9923,
	10.3086 28.9923,
	10.3105 28.9904,
	10.3131 28.9898,
	10.3157 28.9879,
	10.326 28.9852,
	10.3285 28.9839,
	10.3298 28.9839,
	10.3324 28.9814,
	10.3337 28.9814,
	10.335 28.9801,
	10.3363 28.9801,
	10.3408 28.9763,
	10.3433 28.9756,
	10.3453 28.9737,
	10.3556 28.9698,
	10.3607 28.9685,
	10.362 28.9672,
	10.3672 28.9666,
	10.3685 28.9653,
	10.3788 28.964,
	10.3839 28.9627,
	10.3942 28.9634,
	10.3994 28.9647,
	10.4019 28.9653,
	10.4032 28.9653,
	10.4058 28.9672,
	10.4071 28.9672,
	10.4122 28.9717,
	10.4129 28.973,
	10.4142 28.973,
	10.4219 28.9827,
	10.4258 28.9871,
	10.427 28.9898,
	10.4283 28.9911,
	10.4283 28.9923,
	10.4348 29.0007,
	10.4354 29.0033,
	10.4386 29.0078,
	10.4386 29.0091,
	10.4406 29.011,
	10.4438 29.0213,
	10.4438 29.0316,
	10.4438 29.0368,
	10.4399 29.0471,
	10.4386 29.0573,
	10.4425 29.0676,
	10.4444 29.078,
	10.4451 29.0883,
	10.4431 29.0985,
	10.4406 29.1037,
	10.4399 29.1063,
	10.4399 29.1076,
	10.4386 29.1089,
	10.4354 29.1192,
	10.4348 29.1294,
	10.4354 29.1398,
	10.4373 29.1501,
	10.438 29.1552,
	10.4399 29.1604,
	10.4406 29.1655,
	10.4412 29.1681,
	10.4412 29.1694,
	10.4431 29.1719,
	10.4444 29.1771,
	10.4457 29.1797,
	10.447 29.19,
	10.4464 29.2106,
	10.4438 29.2158,
	10.4438 29.2183,
	10.4412 29.2228,
	10.4399 29.2279,
	10.4386 29.2306,
	10.4367 29.2512,
	10.4367 29.2717,
	10.4386 29.2924,
	10.4406 29.3027,
	10.4438 29.3129,
	10.4444 29.3336,
	10.4438 29.3361,
	10.4438 29.3374,
	10.4412 29.34,
	10.4406 29.3425,
	10.4367 29.3478,
	10.4354 29.3497,
	10.427 29.3594,
	10.4238 29.3638,
	10.4225 29.3664,
	10.4213 29.3677,
	10.4206 29.3702,
	10.4187 29.3729,
	10.4187 29.3754,
	10.4167 29.3806,
	10.4155 29.3831,
	10.4148 29.3883,
	10.4129 29.3934,
	10.4122 29.3986,
	10.4103 29.4038,
	10.4097 29.4089,
	10.4071 29.4141,
	10.4071 29.4167,
	10.4058 29.4192,
	10.4058 29.4205,
	10.4045 29.4218,
	10.4013 29.4321,
	10.3981 29.4366,
	10.3936 29.4404,
	10.391 29.4431,
	10.3884 29.4444,
	10.3871 29.4456,
	10.3858 29.4456,
	10.3755 29.4514,
	10.3704 29.4539,
	10.3691 29.4539,
	10.3665 29.4559,
	10.3614 29.4579,
	10.3594 29.4598,
	10.3569 29.4598,
	10.3556 29.4611,
	10.3453 29.4643,
	"/>
</Transform>

<Transform dim="0"
 xcoef=" 0 1 0 0 0 0"
 ycoef=" 0 0 1 0 0 0">
<Contour name="d39sp17" hidden="false" closed="true" simplified="true" border="1 0 0" fill="1 0 0" mode="11"
 points="11.9561 28.6932,
	11.9429 28.6907,
	11.9164 28.689,
	11.9099 28.6899,
	11.8835 28.6881,
	11.8703 28.6857,
	11.867 28.6832,
	11.8652 28.6832,
	11.8603 28.6767,
	11.8496 28.6659,
	11.8438 28.661,
	11.8414 28.6576,
	11.8364 28.6535,
	11.8314 28.647,
	11.8265 28.6428,
	11.8158 28.6304,
	11.8141 28.6279,
	11.8034 28.6155,
	11.7926 28.6057,
	11.7802 28.595,
	11.777 28.5917,
	11.7688 28.5785,
	11.7613 28.5677,
	11.7572 28.562,
	11.7514 28.557,
	11.7464 28.5504,
	11.7357 28.5413,
	11.7324 28.5388,
	11.7316 28.5372,
	11.73 28.5372,
	11.7233 28.5314,
	11.72 28.5289,
	11.7184 28.5289,
	11.7159 28.5256,
	11.7127 28.5248,
	11.6994 28.5157,
	11.6928 28.5116,
	11.6912 28.5116,
	11.6846 28.5075,
	11.6812 28.5059,
	11.6796 28.5041,
	11.673 28.5025,
	11.6714 28.5009,
	11.6647 28.4992,
	11.6615 28.4976,
	11.635 28.4951,
	11.6218 28.4959,
	11.6185 28.4968,
	11.6169 28.4968,
	11.6136 28.4992,
	11.612 28.4992,
	11.6112 28.5009,
	11.6078 28.5017,
	11.6053 28.5041,
	11.6021 28.505,
	11.5897 28.5124,
	11.5864 28.5132,
	11.5856 28.5149,
	11.5839 28.5149,
	11.5806 28.5173,
	11.5773 28.5182,
	11.5756 28.5173,
	11.5756 28.5165,
	11.5823 28.5033,
	11.5856 28.4968,
	11.5864 28.4951,
	11.5856 28.4935,
	11.5864 28.4901,
	11.588 28.4885,
	11.5897 28.4819,
	11.5913 28.4803,
	11.5996 28.4538,
	11.5996 28.4522,
	11.6012 28.4506,
	11.6037 28.4439,
	11.6053 28.4307,
	11.607 28.4241,
	11.607 28.3713,
	11.607 28.3581,
	11.6045 28.3515,
	11.6037 28.3449,
	11.6021 28.3416,
	11.6021 28.34,
	11.6004 28.3392,
	11.6004 28.3359,
	11.598 28.3292,
	11.5962 28.3268,
	11.5962 28.3235,
	11.5971 28.3227,
	11.6078 28.3317,
	11.612 28.3375,
	11.6177 28.3416,
	11.6226 28.3473,
	11.6293 28.3524,
	11.6318 28.3556,
	11.6342 28.3573,
	11.6409 28.3639,
	11.6515 28.3746,
	11.6515 28.3762,
	11.6623 28.3862,
	11.6623 28.3878,
	11.6647 28.3903,
	11.6656 28.392,
	11.6672 28.392,
	11.6779 28.4026,
	11.6796 28.4026,
	11.6812 28.406,
	11.6879 28.4109,
	11.6936 28.4175,
	11.6962 28.4209,
	11.6978 28.4217,
	11.6978 28.4233,
	11.7011 28.4258,
	11.7019 28.4274,
	11.7035 28.4274,
	11.7085 28.4315,
	11.7151 28.4365,
	11.7159 28.4382,
	11.7176 28.4382,
	11.7208 28.4415,
	11.7324 28.4498,
	11.7391 28.453,
	11.7424 28.4547,
	11.744 28.4547,
	11.7456 28.4563,
	11.7721 28.4563,
	11.7985 28.4522,
	11.805 28.4498,
	11.8117 28.4489,
	11.8249 28.4431,
	11.8265 28.4415,
	11.8298 28.4406,
	11.8331 28.4382,
	11.8347 28.4382,
	11.8364 28.4365,
	11.8381 28.4365,
	11.8397 28.4349,
	11.8414 28.4349,
	11.8471 28.4307,
	11.8496 28.4291,
	11.8512 28.4291,
	11.8529 28.4274,
	11.8562 28.4266,
	11.8595 28.4241,
	11.8611 28.4241,
	11.8652 28.4201,
	11.8686 28.4192,
	11.8818 28.4109,
	11.8835 28.4093,
	11.8851 28.4093,
	11.8975 28.4002,
	11.8991 28.3985,
	11.9008 28.3985,
	11.9073 28.3936,
	11.909 28.392,
	11.9107 28.392,
	11.9222 28.3804,
	11.9222 28.3788,
	11.9396 28.354,
	11.9404 28.3507,
	11.942 28.3491,
	11.9429 28.3457,
	11.947 28.3392,
	11.952 28.3259,
	11.9544 28.3193,
	11.9634 28.3062,
	11.9685 28.3012,
	11.9709 28.2987,
	11.9742 28.2979,
	11.9758 28.2962,
	11.9825 28.2962,
	11.9957 28.2995,
	12.0089 28.3053,
	12.0155 28.3062,
	12.0287 28.3103,
	12.0352 28.3127,
	12.0402 28.3127,
	12.0411 28.3144,
	12.0443 28.3144,
	12.046 28.316,
	12.0724 28.3235,
	12.079 28.3259,
	12.0823 28.3276,
	12.0889 28.3284,
	12.0955 28.3309,
	12.0988 28.3309,
	12.1054 28.3333,
	12.112 28.3342,
	12.1153 28.3367,
	12.1161 28.3383,
	12.1178 28.3383,
	12.121 28.3416,
	12.1228 28.3416,
	12.1252 28.3449,
	12.1269 28.3457,
	12.1269 28.3473,
	12.1293 28.3499,
	12.1277 28.3762,
	12.1269 28.3829,
	12.1186 28.4093,
	12.1145 28.4225,
	12.112 28.4357,
	12.1104 28.4423,
	12.1104 28.4489,
	12.1062 28.4621,
	12.1046 28.4687,
	12.1046 28.472,
	12.0955 28.4984,
	12.0922 28.5116,
	12.0913 28.5149,
	12.0913 28.5165,
	12.0897 28.5182,
	12.0864 28.5446,
	12.0848 28.571,
	12.0832 28.5842,
	12.0807 28.5909,
	12.0807 28.5925,
	12.0773 28.5941,
	12.0765 28.5974,
	12.0509 28.6189,
	12.0402 28.6288,
	12.0352 28.633,
	12.0336 28.6354,
	12.0303 28.637,
	12.0303 28.6387,
	12.027 28.6411,
	12.027 28.6428,
	12.022 28.6486,
	12.022 28.6503,
	12.0138 28.661,
	12.0097 28.6667,
	12.0039 28.6733,
	11.9982 28.6783,
	11.9965 28.68,
	11.9949 28.68,
	11.9923 28.6832,
	11.9791 28.6907,
	11.9758 28.6932,
	"/>
</Transform>

<Transform dim="0"
 xcoef=" 0 1 0 0 0 0"
 ycoef=" 0 0 1 0 0 0">
<Contour name="d63p21" hidden="false" closed="true" simplified="true" border="1 0 0" fill="1 0 0" mode="11"
 points="20.1112 27.5615,
	20.0919 27.5422,
	20.1112 27.5229,
	20.1305 27.5422,
	"/>
</Transform>

<Transform dim="0"
 xcoef=" 0 1 0 0 0 0"
 ycoef=" 0 0 1 0 0 0">
<Contour name="d63sp21" hidden="false" closed="true" simplified="true" border="1 0 0" fill="1 0 0" mode="11"
 points="20.3389 28.155,
	20.3103 28.1465,
	20.2961 28.1438,
	20.2889 28.142,
	20.2818 28.1394,
	20.2746 28.1376,
	20.2675 28.1367,
	20.2604 28.134,
	20.2461 28.1256,
	20.2426 28.1233,
	20.2408 28.1216,
	20.239 28.1207,
	20.2371 28.1188,
	20.2363 28.1179,
	20.2354 28.1179,
	20.2345 28.1162,
	20.2309 28.1126,
	20.2292 28.1113,
	20.2287 28.1095,
	20.2252 28.1069,
	20.2185 28.0997,
	20.2114 28.0939,
	20.2046 28.0868,
	20.2037 28.0859,
	20.2037 28.085,
	20.198 28.0788,
	20.1882 28.065,
	20.1842 28.0578,
	20.1788 28.0507,
	20.1788 28.0498,
	20.173 28.0426,
	20.1703 28.0395,
	20.1695 28.0386,
	20.1695 28.0378,
	20.1627 28.0306,
	20.1392 28.0025,
	20.1333 27.9954,
	20.1284 27.9882,
	20.1258 27.9847,
	20.1217 27.9775,
	20.1195 27.974,
	20.119 27.9722,
	20.1142 27.9651,
	20.1133 27.9642,
	20.1129 27.9624,
	20.1102 27.9588,
	20.1074 27.9517,
	20.1061 27.9481,
	20.1061 27.941,
	20.1039 27.9338,
	20.1035 27.9267,
	20.1026 27.9232,
	20.1026 27.8662,
	20.1026 27.8519,
	20.0999 27.8491,
	20.099 27.8474,
	20.0954 27.8443,
	20.0918 27.8421,
	20.0901 27.8403,
	20.0865 27.8381,
	20.0857 27.8381,
	20.0843 27.8362,
	20.0771 27.834,
	20.0736 27.8327,
	20.0664 27.8322,
	20.0379 27.8349,
	20.0343 27.8349,
	20.0201 27.8313,
	20.013 27.8296,
	20.0121 27.8287,
	20.0085 27.8282,
	19.9942 27.8215,
	19.9871 27.8171,
	19.9836 27.8149,
	19.9764 27.8091,
	19.9733 27.8068,
	19.9661 27.8046,
	19.9652 27.8046,
	19.9639 27.8032,
	19.9621 27.8028,
	19.9613 27.8028,
	19.9542 27.7957,
	19.9514 27.7921,
	19.9492 27.785,
	19.9488 27.7707,
	19.9492 27.7565,
	19.9483 27.7529,
	19.947 27.7516,
	19.9461 27.7512,
	19.9461 27.7502,
	19.9452 27.7493,
	19.9452 27.7484,
	19.9404 27.7418,
	19.9389 27.74,
	19.9385 27.7328,
	19.9385 27.7297,
	19.9385 27.7293,
	19.9417 27.7221,
	19.9483 27.715,
	19.9519 27.7115,
	19.9537 27.7106,
	19.9537 27.7097,
	19.9595 27.7025,
	19.9604 27.7007,
	19.967 27.6936,
	19.9729 27.6865,
	19.9764 27.6838,
	19.98 27.6803,
	19.9813 27.6784,
	19.9831 27.6775,
	19.9862 27.674,
	19.9933 27.6682,
	19.9996 27.661,
	20.0036 27.654,
	20.0067 27.6468,
	20.0089 27.6432,
	20.0139 27.629,
	20.0148 27.6147,
	20.0148 27.6112,
	20.0126 27.604,
	20.0121 27.6005,
	20.0108 27.5969,
	20.0098 27.5951,
	20.0089 27.5942,
	20.0076 27.5871,
	20.0054 27.5799,
	20.0049 27.5763,
	20.0085 27.5759,
	20.0121 27.5768,
	20.0157 27.5768,
	20.0227 27.579,
	20.0236 27.579,
	20.0245 27.5799,
	20.0264 27.5799,
	20.0299 27.5818,
	20.0335 27.5826,
	20.0352 27.5831,
	20.0361 27.5831,
	20.037 27.584,
	20.0388 27.5844,
	20.0406 27.5857,
	20.0442 27.5862,
	20.0585 27.5924,
	20.062 27.5937,
	20.0638 27.5951,
	20.0674 27.596,
	20.0709 27.5982,
	20.078 27.6009,
	20.0798 27.6022,
	20.0817 27.6027,
	20.083 27.604,
	20.0848 27.6044,
	20.0883 27.6066,
	20.0901 27.6075,
	20.0936 27.608,
	20.1079 27.6147,
	20.1088 27.6156,
	20.123 27.6183,
	20.1516 27.6191,
	20.1801 27.6143,
	20.1873 27.6125,
	20.1908 27.6121,
	20.1917 27.6116,
	20.1926 27.6129,
	20.1917 27.6147,
	20.1886 27.6183,
	20.1842 27.6254,
	20.1699 27.6384,
	20.1649 27.6455,
	20.1632 27.6472,
	20.1632 27.6481,
	20.1596 27.6518,
	20.1502 27.666,
	20.1471 27.6696,
	20.1458 27.6713,
	20.1449 27.6722,
	20.1445 27.674,
	20.1431 27.6753,
	20.1427 27.6771,
	20.1373 27.6843,
	20.1346 27.6878,
	20.1338 27.6887,
	20.1338 27.6896,
	20.1276 27.6968,
	20.1239 27.7003,
	20.123 27.7021,
	20.1199 27.7056,
	20.1177 27.7093,
	20.1129 27.7235,
	20.1115 27.7378,
	20.112 27.752,
	20.1129 27.7591,
	20.1129 27.7609,
	20.1151 27.7681,
	20.1155 27.7698,
	20.1235 27.7837,
	20.1249 27.7872,
	20.1253 27.7908,
	20.1249 27.7979,
	20.1235 27.805,
	20.1239 27.8122,
	20.1253 27.8193,
	20.1267 27.8229,
	20.1315 27.83,
	20.1382 27.8367,
	20.1418 27.8398,
	20.1436 27.8412,
	20.1471 27.8421,
	20.1507 27.8447,
	20.1579 27.8465,
	20.1721 27.8514,
	20.1739 27.8532,
	20.1774 27.8545,
	20.1846 27.8594,
	20.1975 27.8732,
	20.2006 27.8759,
	20.2006 27.8768,
	20.2024 27.8777,
	20.2091 27.8844,
	20.2127 27.8871,
	20.2145 27.8888,
	20.2216 27.8928,
	20.2252 27.8947,
	20.2323 27.9,
	20.2358 27.9026,
	20.2371 27.9044,
	20.239 27.9049,
	20.2461 27.9098,
	20.2496 27.912,
	20.2568 27.9182,
	20.2604 27.9213,
	20.263 27.925,
	20.2648 27.9267,
	20.2652 27.9285,
	20.2675 27.9321,
	20.2689 27.9356,
	20.2733 27.9428,
	20.2737 27.9446,
	20.2782 27.9517,
	20.2845 27.966,
	20.2853 27.9691,
	20.2898 27.9762,
	20.2933 27.9798,
	20.297 27.9816,
	20.3112 27.9918,
	20.313 27.9928,
	20.3139 27.9936,
	20.3139 27.9945,
	20.3174 27.9981,
	20.3192 27.999,
	20.333 28.0106,
	20.3468 28.0239,
	20.3495 28.027,
	20.3536 28.0341,
	20.3584 28.0413,
	20.3642 28.0484,
	20.3709 28.0551,
	20.3736 28.0587,
	20.374 28.0604,
	20.3762 28.0641,
	20.3776 28.0676,
	20.378 28.0819,
	20.3767 28.0961,
	20.3736 28.1104,
	20.3709 28.1175,
	20.37 28.1211,
	20.3696 28.1229,
	20.3696 28.1238,
	20.3687 28.1247,
	20.3687 28.1264,
	20.3674 28.13,
	20.3665 28.1372,
	20.3629 28.1442,
	20.3562 28.1501,
	20.3531 28.1523,
	20.3459 28.1545,
	"/>
</Transform>

<Transform dim="0"
 xcoef=" 0 1 0 0 0 0"
 ycoef=" 0 0 1 0 0 0">
<Contour name="d39p17" hidden="false" closed="true" simplified="true" border="1 0 0" fill="1 0 0" mode="11"
 points="11.5759 28.4399,
	11.5578 28.4218,
	11.5759 28.4036,
	11.594 28.4218,
	"/>
</Transform>

<Transform dim="0"
 xcoef=" 0 1 0 0 0 0"
 ycoef=" 0 0 1 0 0 0">
<Contour name="d63c20a" hidden="false" closed="true" simplified="true" border="0 0 1" fill="0 0 1" mode="11"
 points="19.6368 26.4619,
	19.6328 26.4604,
	19.6323 26.4604,
	19.6318 26.4599,
	19.6278 26.4587,
	19.6257 26.4582,
	19.6219 26.4556,
	19.6214 26.4551,
	19.6209 26.4551,
	19.6199 26.4541,
	19.6179 26.4528,
	19.6169 26.4518,
	19.6159 26.4513,
	19.6131 26.448,
	19.6097 26.4448,
	19.607 26.4406,
	19.6062 26.4399,
	19.606 26.4389,
	19.6044 26.4369,
	19.6044 26.4364,
	19.6032 26.4346,
	19.6024 26.4336,
	19.6024 26.4331,
	19.6012 26.4311,
	19.6004 26.429,
	19.5997 26.4282,
	19.5978 26.4242,
	19.5973 26.4232,
	19.5973 26.4222,
	19.5956 26.4182,
	19.5953 26.4162,
	19.5945 26.4152,
	19.5923 26.407,
	19.5905 26.3989,
	19.5903 26.3827,
	19.5903 26.3807,
	19.5903 26.3797,
	19.5903 26.3792,
	19.5903 26.3789,
	19.591 26.3749,
	19.5925 26.3708,
	19.5935 26.3688,
	19.594 26.3668,
	19.5966 26.363,
	19.5973 26.362,
	19.5976 26.361,
	19.5984 26.3605,
	19.5999 26.3587,
	19.5999 26.3581,
	19.6014 26.3566,
	19.6092 26.3508,
	19.6097 26.3508,
	19.6107 26.3501,
	19.6126 26.3496,
	19.6128 26.3491,
	19.6166 26.3478,
	19.6186 26.3471,
	19.6267 26.3463,
	19.6288 26.3466,
	19.6308 26.3478,
	19.6328 26.3483,
	19.6368 26.3503,
	19.6406 26.3536,
	19.6439 26.3571,
	19.6455 26.3592,
	19.6522 26.3754,
	19.653 26.3774,
	19.6542 26.3792,
	19.6548 26.3802,
	19.6554 26.3807,
	19.6554 26.3812,
	19.6561 26.3819,
	19.6564 26.3829,
	19.6581 26.385,
	19.6581 26.3855,
	19.6594 26.3873,
	19.6599 26.3876,
	19.6616 26.3913,
	19.6629 26.3928,
	19.6629 26.3933,
	19.6634 26.3938,
	19.6634 26.3943,
	19.6639 26.3949,
	19.6641 26.3959,
	19.6649 26.3969,
	19.6657 26.3989,
	19.6667 26.3999,
	19.6682 26.404,
	19.6703 26.408,
	19.6708 26.41,
	19.6713 26.411,
	19.6713 26.4115,
	19.672 26.4125,
	19.6725 26.4167,
	19.673 26.4177,
	19.6735 26.4338,
	19.6735 26.4359,
	19.6723 26.4399,
	19.671 26.4419,
	19.6705 26.4424,
	19.6705 26.4429,
	19.6687 26.4448,
	19.6679 26.4458,
	19.6664 26.447,
	19.6626 26.4503,
	19.6556 26.4558,
	19.6545 26.4568,
	19.654 26.4568,
	19.653 26.4579,
	19.6512 26.4587,
	19.6492 26.4599,
	19.6487 26.4604,
	19.645 26.4619,
	"/>
</Transform>

<Transform dim="0"
 xcoef=" 0 1 0 0 0 0"
 ycoef=" 0 0 1 0 0 0">
<Contour name="d39c17" hidden="false" closed="true" simplified="true" border="0 0 1" fill="0 0 1" mode="11"
 points="12.0016 28.7177,
	11.9961 28.7169,
	11.985 28.7128,
	11.9794 28.7101,
	11.9766 28.7087,
	11.9753 28.7087,
	11.9642 28.701,
	11.9594 28.6976,
	11.9573 28.6962,
	11.9532 28.6914,
	11.9518 28.6894,
	11.9518 28.6879,
	11.9496 28.6858,
	11.9462 28.6747,
	11.9441 28.6637,
	11.9441 28.6415,
	11.9441 28.6408,
	11.9462 28.6354,
	11.9462 28.6326,
	11.9476 28.6311,
	11.9476 28.6284,
	11.949 28.627,
	11.9496 28.6215,
	11.9546 28.6104,
	11.958 28.6049,
	11.9628 28.5993,
	11.9642 28.5993,
	11.9656 28.5966,
	11.9684 28.5952,
	11.9711 28.5924,
	11.9816 28.5855,
	11.9871 28.582,
	11.9968 28.5723,
	12.0016 28.5682,
	12.0071 28.5627,
	12.0147 28.555,
	12.0327 28.5391,
	12.0383 28.5357,
	12.0404 28.5328,
	12.0417 28.5328,
	12.0472 28.5287,
	12.0493 28.5273,
	12.0507 28.5273,
	12.0563 28.5239,
	12.0674 28.5218,
	12.0729 28.5218,
	12.0784 28.5239,
	12.0812 28.5239,
	12.0833 28.5253,
	12.086 28.5253,
	12.0888 28.5273,
	12.0915 28.5273,
	12.0922 28.5287,
	12.0978 28.5301,
	12.0992 28.5301,
	12.1013 28.5328,
	12.104 28.5336,
	12.1117 28.5426,
	12.113 28.5482,
	12.1144 28.5488,
	12.1144 28.5502,
	12.1158 28.5516,
	12.1158 28.5543,
	12.1178 28.5571,
	12.1206 28.5682,
	12.1213 28.5904,
	12.1213 28.5959,
	12.1192 28.6014,
	12.1185 28.607,
	12.1172 28.6097,
	12.1172 28.6111,
	12.1158 28.6125,
	12.1151 28.6152,
	12.1151 28.6166,
	12.1117 28.6222,
	12.1026 28.6326,
	12.1006 28.634,
	12.0895 28.6429,
	12.0874 28.6457,
	12.0777 28.6533,
	12.0729 28.6581,
	12.0701 28.6602,
	12.0674 28.6658,
	12.0645 28.6685,
	12.0611 28.674,
	12.0604 28.6755,
	12.059 28.6755,
	12.0583 28.6783,
	12.0411 28.6997,
	12.039 28.7024,
	12.0376 28.7031,
	12.0376 28.7046,
	12.0348 28.706,
	12.032 28.7087,
	12.0307 28.7087,
	12.0252 28.7121,
	12.0238 28.7135,
	12.0127 28.7169,
	"/>
</Transform>

<Transform dim="0"
 xcoef=" 0 1 0 0 0 0"
 ycoef=" 0 0 1 0 0 0">
<Contour name="d39cfa18" hidden="false" closed="true" simplified="true" border="0 1 0" fill="0 1 0" mode="11"
 points="10.2511 29.4537,
	10.2499 29.4524,
	10.24 29.45,
	10.2302 29.4488,
	10.2203 29.4506,
	10.2154 29.4512,
	10.2129 29.4524,
	10.2031 29.4531,
	10.1981 29.4531,
	10.1932 29.4512,
	10.1883 29.4482,
	10.187 29.4482,
	10.1827 29.4451,
	10.1809 29.442,
	10.1797 29.442,
	10.1741 29.4334,
	10.1723 29.4285,
	10.1704 29.426,
	10.1704 29.4235,
	10.1692 29.4211,
	10.1686 29.4162,
	10.1686 29.4149,
	10.1686 29.4143,
	10.1723 29.4045,
	10.1729 29.3995,
	10.1747 29.3946,
	10.176 29.3847,
	10.176 29.365,
	10.1772 29.3453,
	10.179 29.2665,
	10.179 29.2566,
	10.1815 29.2369,
	10.1833 29.227,
	10.184 29.2221,
	10.1858 29.2173,
	10.1864 29.2123,
	10.1895 29.2025,
	10.1914 29.2005,
	10.192 29.1981,
	10.1969 29.1938,
	10.2043 29.1845,
	10.208 29.1803,
	10.208 29.179,
	10.2172 29.171,
	10.2222 29.1673,
	10.2271 29.1655,
	10.2369 29.1649,
	10.2419 29.1667,
	10.2468 29.1698,
	10.248 29.1698,
	10.256 29.179,
	10.2622 29.1889,
	10.2628 29.1914,
	10.2646 29.1932,
	10.2653 29.1957,
	10.2776 29.2135,
	10.2782 29.216,
	10.2807 29.2179,
	10.2813 29.2203,
	10.285 29.2252,
	10.2862 29.2264,
	10.2862 29.2276,
	10.288 29.2302,
	10.2893 29.2314,
	10.2893 29.2326,
	10.2917 29.2351,
	10.2924 29.2375,
	10.3053 29.256,
	10.3078 29.2585,
	10.3078 29.2597,
	10.3114 29.264,
	10.3133 29.2665,
	10.3133 29.2677,
	10.3158 29.2695,
	10.3164 29.2721,
	10.3182 29.2745,
	10.3182 29.2757,
	10.3219 29.28,
	10.3219 29.2813,
	10.3238 29.2831,
	10.3238 29.2843,
	10.3256 29.2869,
	10.3262 29.2893,
	10.3299 29.2948,
	10.3318 29.2997,
	10.3342 29.3022,
	10.3348 29.3047,
	10.3367 29.3071,
	10.3373 29.3096,
	10.3392 29.3114,
	10.341 29.3164,
	10.3422 29.3176,
	10.3422 29.3189,
	10.3459 29.3231,
	10.3478 29.3256,
	10.3546 29.3324,
	10.3582 29.3367,
	10.3607 29.3385,
	10.3638 29.3429,
	10.3681 29.3478,
	10.3712 29.3515,
	10.3767 29.3613,
	10.3786 29.3662,
	10.3798 29.3675,
	10.3804 29.3773,
	10.3798 29.3822,
	10.3798 29.3835,
	10.3761 29.3866,
	10.3712 29.3891,
	10.3613 29.3921,
	10.3564 29.394,
	10.3515 29.397,
	10.3441 29.4038,
	10.3373 29.4124,
	10.3348 29.4174,
	10.3305 29.4223,
	10.3281 29.4241,
	10.3256 29.4241,
	10.3231 29.4253,
	10.3219 29.4253,
	10.3207 29.4266,
	10.3158 29.4272,
	10.3108 29.4291,
	10.3059 29.4297,
	10.3047 29.4309,
	10.2997 29.4322,
	10.2819 29.4482,
	10.272 29.4524,
	10.2671 29.4537,
	"/>
</Transform>

<Transform dim="0"
 xcoef=" 0 1 0 0 0 0"
 ycoef=" 0 0 1 0 0 0">
<Contour name="d39c18" hidden="false" closed="true" simplified="true" border="0 0 1" fill="0 0 1" mode="11"
 points="10.218 29.4924,
	10.1968 29.4918,
	10.1862 29.4911,
	10.1836 29.4911,
	10.1829 29.4898,
	10.1777 29.4892,
	10.175 29.4885,
	10.1724 29.4865,
	10.1671 29.4845,
	10.1618 29.4812,
	10.1592 29.4799,
	10.1545 29.4753,
	10.1532 29.4727,
	10.1532 29.4713,
	10.1519 29.4706,
	10.1512 29.468,
	10.1512 29.4666,
	10.1499 29.4653,
	10.1466 29.4547,
	10.1453 29.4521,
	10.1446 29.4469,
	10.1426 29.4415,
	10.1393 29.4204,
	10.1374 29.3992,
	10.1374 29.3569,
	10.1374 29.3543,
	10.1374 29.3537,
	10.14 29.2691,
	10.1426 29.2586,
	10.144 29.2532,
	10.1453 29.2506,
	10.1459 29.2453,
	10.1473 29.244,
	10.1473 29.2426,
	10.1486 29.2413,
	10.1486 29.2387,
	10.1512 29.2334,
	10.1512 29.2308,
	10.1532 29.2287,
	10.1539 29.2261,
	10.1572 29.2209,
	10.1611 29.2103,
	10.1625 29.209,
	10.1631 29.2063,
	10.1704 29.1957,
	10.173 29.1905,
	10.1744 29.1898,
	10.1744 29.1885,
	10.1783 29.1838,
	10.1796 29.1819,
	10.1843 29.1773,
	10.1856 29.1753,
	10.1955 29.166,
	10.2008 29.1614,
	10.2054 29.1588,
	10.2107 29.1548,
	10.2133 29.1528,
	10.2173 29.1508,
	10.2226 29.1482,
	10.2239 29.1469,
	10.2338 29.1435,
	10.2391 29.1415,
	10.2497 29.1409,
	10.2603 29.1456,
	10.2649 29.1489,
	10.2675 29.1502,
	10.2702 29.1528,
	10.2748 29.1554,
	10.2768 29.1574,
	10.2781 29.1574,
	10.288 29.166,
	10.2926 29.1699,
	10.2973 29.1753,
	10.3012 29.1792,
	10.3012 29.1805,
	10.3092 29.1892,
	10.3171 29.199,
	10.3204 29.2044,
	10.3217 29.205,
	10.3217 29.2063,
	10.3244 29.2083,
	10.3244 29.2096,
	10.3283 29.2142,
	10.3303 29.2163,
	10.331 29.2182,
	10.3376 29.2281,
	10.3389 29.2287,
	10.3389 29.2302,
	10.3462 29.24,
	10.3475 29.2413,
	10.3481 29.244,
	10.3495 29.2447,
	10.3501 29.2473,
	10.3528 29.2499,
	10.3534 29.2526,
	10.3554 29.2545,
	10.3561 29.2572,
	10.3587 29.2599,
	10.3627 29.2697,
	10.364 29.271,
	10.3653 29.2764,
	10.3673 29.279,
	10.3673 29.2816,
	10.3693 29.2843,
	10.3726 29.2949,
	10.3733 29.2975,
	10.3733 29.2988,
	10.3746 29.3001,
	10.3779 29.3213,
	10.3785 29.3319,
	10.3785 29.3371,
	10.3785 29.3398,
	10.3799 29.3424,
	10.3799 29.3438,
	10.3812 29.3451,
	10.3818 29.3504,
	10.3858 29.361,
	10.3865 29.3716,
	10.3858 29.3821,
	10.3845 29.3874,
	10.3825 29.39,
	10.3812 29.3953,
	10.3693 29.4138,
	10.3607 29.4237,
	10.3514 29.4323,
	10.3468 29.4369,
	10.3415 29.4402,
	10.3389 29.4429,
	10.3296 29.4501,
	10.3244 29.4534,
	10.3204 29.4575,
	10.3191 29.4575,
	10.3171 29.4601,
	10.3158 29.4601,
	10.3111 29.464,
	10.3092 29.466,
	10.3078 29.466,
	10.2986 29.4733,
	10.2973 29.4746,
	10.2959 29.4746,
	10.286 29.4818,
	10.2761 29.4872,
	10.2708 29.4892,
	10.2603 29.4911,
	"/>
</Transform>

<Transform dim="0"
 xcoef=" 0 1 0 0 0 0"
 ycoef=" 0 0 1 0 0 0">
<Contour name="mito05" hidden="false" closed="false" simplified="true" border="1 0 0" fill="1 0 0" mode="11"
 points="12.1588 15.3586,
	12.4013 15.4366,
	"/>
</Transform>

<Transform dim="0"
 xcoef=" 0 1 0 0 0 0"
 ycoef=" 0 0 1 0 0 0">
<Contour name="d63cfa20a" hidden="false" closed="false" simplified="true" border="0 1 0" fill="1 0 0" mode="11"
 points="19.6247 26.3508,
	19.6256 26.3586,
	19.6264 26.368,
	19.6293 26.382,
	19.6346 26.3967,
	19.6433 26.4091,
	19.6547 26.4239,
	19.67 26.4399,
	"/>
</Transform>

<Transform dim="0"
 xcoef=" 0 1 0 0 0 0"
 ycoef=" 0 0 1 0 0 0">
<Contour name="d39cfa17" hidden="false" closed="false" simplified="true" border="0 1 0" fill="1 0 0" mode="11"
 points="12.0768 28.5266,
	12.0602 28.5633,
	12.0513 28.5786,
	12.0359 28.5972,
	12.0236 28.6124,
	12.0069 28.6304,
	11.982 28.6553,
	11.9543 28.6755,
	"/>
</Transform>

<Transform dim="1"
 xcoef=" 0.07 1 0 0 0 0"
 ycoef=" 0 0 1 0 0 0">
<Contour name="d39serb17" hidden="false" closed="true" simplified="true" border="1 1 0" fill="1 1 0" mode="11"
 points="11.5794 28.5238,
	11.5794 28.512,
	11.5676 28.512,
	11.5676 28.5001,
	11.5794 28.5001,
	11.5794 28.4883,
	11.5913 28.4883,
	11.5913 28.5001,
	11.6031 28.5001,
	11.6031 28.512,
	11.5913 28.512,
	11.5913 28.5238,
	"/>
</Transform>

<Transform dim="0"
 xcoef=" 0 1 0 0 0 0"
 ycoef=" 0 0 1 0 0 0">
<Contour name="d63serb21" hidden="false" closed="true" simplified="false" border="1 1 0" fill="0 1 0" mode="11"
 points="20.1814 27.5819,
	20.1814 27.575,
	20.1884 27.575,
	20.1884 27.568,
	20.1953 27.568,
	20.1953 27.575,
	20.2022 27.575,
	20.2022 27.5819,
	20.1953 27.5819,
	20.1953 27.5889,
	20.1884 27.5889,
	20.1884 27.5819,
	"/>
</Transform>

<Transform dim="1"
 xcoef=" -0.07 1 0 0 0 0"
 ycoef=" 0 0 1 0 0 0">
<Contour name="d28p11" hidden="false" closed="true" simplified="true" border="1 0 0" fill="1 0 0" mode="11"
 points="6.24763 23.849,
	6.23388 23.8238,
	6.26136 23.8238,
	"/>
</Transform>

<Transform dim="0"
 xcoef=" 0 1 0 0 0 0"
 ycoef=" 0 0 1 0 0 0">
<Contour name="mito05_php2016" hidden="false" closed="false" simplified="true" border="1 0.501961 0.25098" fill="1 0 0" mode="11"
 points="12.1562 15.3693,
	12.4016 15.45,
	"/>
</Transform>

<Transform dim="0"
 xcoef=" 0 1 0 0 0 0"
 ycoef=" 0 0 1 0 0 0">
<Contour name="d63" comment="dch_traced_06.2019" hidden="false" closed="true" simplified="true" border="1 1 0" fill="1 1 0" mode="11"
 points="19.6298 27.1754,
	19.6491 27.0803,
	19.658 27.0565,
	19.6699 27.0327,
	19.6758 27.0208,
	19.6788 27.0149,
	19.6788 27.0119,
	19.6922 26.9881,
	19.6967 26.9762,
	19.71 26.9525,
	19.7204 26.9287,
	19.7353 26.9049,
	19.7546 26.8826,
	19.7591 26.8766,
	19.771 26.8692,
	19.7829 26.8662,
	19.8304 26.8662,
	19.8542 26.8662,
	19.878 26.8692,
	19.9018 26.8766,
	19.9256 26.8885,
	19.9494 26.9064,
	19.9732 26.9198,
	19.985 26.9242,
	20.0088 26.9257,
	20.0207 26.9257,
	20.0445 26.9316,
	20.0505 26.9346,
	20.0623 26.9361,
	20.0861 26.9435,
	20.1099 26.9539,
	20.1218 26.9599,
	20.1278 26.9629,
	20.1307 26.9658,
	20.1783 26.9733,
	20.2021 26.9748,
	20.2259 26.9852,
	20.2734 27.0134,
	20.2957 27.0208,
	20.3909 27.0283,
	20.4147 27.0327,
	20.4265 27.0357,
	20.4741 27.0625,
	20.4979 27.0803,
	20.5083 27.0892,
	20.5187 27.1011,
	20.5321 27.1249,
	20.5484 27.1725,
	20.5559 27.1962,
	20.5574 27.22,
	20.5544 27.2676,
	20.541 27.3627,
	20.5306 27.4103,
	20.5202 27.4341,
	20.5053 27.4579,
	20.4949 27.4698,
	20.4488 27.5069,
	20.4013 27.5307,
	20.3775 27.5456,
	20.3537 27.553,
	20.3478 27.556,
	20.324 27.5605,
	20.3002 27.5679,
	20.2942 27.5709,
	20.2913 27.5709,
	20.2853 27.5753,
	20.2824 27.5753,
	20.2586 27.5917,
	20.2526 27.5961,
	20.2496 27.5991,
	20.2467 27.5991,
	20.2407 27.6036,
	20.2169 27.611,
	20.1932 27.6125,
	20.1694 27.608,
	20.1218 27.605,
	20.0742 27.5976,
	20.0623 27.5932,
	20.0505 27.5917,
	20.0445 27.5887,
	20.0207 27.5857,
	19.9732 27.5738,
	19.9256 27.5515,
	19.9137 27.5471,
	19.9077 27.5456,
	19.884 27.5292,
	19.878 27.5233,
	19.8661 27.5173,
	19.8602 27.5129,
	19.8364 27.5069,
	19.8126 27.4965,
	19.7888 27.4832,
	19.7769 27.4772,
	19.771 27.4727,
	19.765 27.4713,
	19.719 27.4371,
	19.7071 27.4267,
	19.6877 27.4029,
	19.6729 27.3791,
	19.664 27.3672,
	19.658 27.3613,
	19.6476 27.3375,
	19.6402 27.3137,
	19.6357 27.3018,
	19.6312 27.278,
	19.6298 27.1829,
	19.6298 27.1769,
	"/>
</Transform>

</Section>