<?xml version="1.0"?>
<!DOCTYPE Section SYSTEM "section.dtd">

<Section index="60" thickness="0.048" alignLocked="true">
<Transform dim="0"
 xcoef=" 0 1 0 0 0 0"
 ycoef=" 0 0 1 0 0 0">
<Image mag="0.002063" contrast="1.76197" brightness="-0.18" red="true" green="true" blue="true"
 src="061____z3.06.jpg" />
<Contour name="domain1" hidden="false" closed="true" simplified="false" border="1 0 1" fill="1 0 1" mode="11"
 points="0 0,
	17236 0,
	17236 17077,
	0 17077,
	"/>
</Transform>

<Transform dim="0"
 xcoef=" 0 1 0 0 0 0"
 ycoef=" 0 0 1 0 0 0">
<Contour name="D39" hidden="false" closed="true" simplified="true" border="0 0 1" fill="0 0 1" mode="11"
 points="11.3387 28.5446,
	11.2874 28.5366,
	11.2411 28.5129,
	11.2043 28.4761,
	11.1726 28.3785,
	11.1806 28.3272,
	11.2043 28.2809,
	11.2411 28.2441,
	11.2874 28.2204,
	11.3387 28.2124,
	11.39 28.2204,
	11.4363 28.2441,
	11.4731 28.2809,
	11.4967 28.3272,
	11.5048 28.3785,
	11.4967 28.4298,
	11.4731 28.4761,
	11.4363 28.5129,
	11.39 28.5366,
	"/>
</Transform>

<Transform dim="0"
 xcoef=" 0 1 0 0 0 0"
 ycoef=" 0 0 1 0 0 0">
<Contour name="D56" hidden="false" closed="true" simplified="true" border="1 0 0" fill="1 0 0" mode="11"
 points="24.2356 23.1311,
	24.1924 23.1243,
	24.1534 23.1045,
	24.1224 23.0734,
	24.0957 22.9913,
	24.1025 22.948,
	24.1224 22.909,
	24.1534 22.8781,
	24.1924 22.8581,
	24.2356 22.8513,
	24.2788 22.8581,
	24.3179 22.8781,
	24.3488 22.909,
	24.3687 22.948,
	24.3756 22.9913,
	24.3687 23.0345,
	24.3488 23.0734,
	24.3179 23.1045,
	24.2788 23.1243,
	"/>
</Transform>

<Transform dim="0"
 xcoef=" 0 1 0 0 0 0"
 ycoef=" 0 0 1 0 0 0">
<Contour name="D31" hidden="false" closed="true" simplified="true" border="0 0 1" fill="0 0 1" mode="11"
 points="14.2804 19.2308,
	14.2268 19.2218,
	14.1782 19.1957,
	14.1397 19.155,
	14.1065 19.0467,
	14.1151 18.9899,
	14.1397 18.9385,
	14.1782 18.8978,
	14.2268 18.8716,
	14.2804 18.8626,
	14.3342 18.8716,
	14.3827 18.8978,
	14.4211 18.9385,
	14.4459 18.9899,
	14.4544 19.0467,
	14.4459 19.1036,
	14.4211 19.155,
	14.3827 19.1957,
	14.3342 19.2218,
	"/>
</Transform>

<Transform dim="0"
 xcoef=" 0 1 0 0 0 0"
 ycoef=" 0 0 1 0 0 0">
<Contour name="D28" hidden="false" closed="true" simplified="true" border="0 0 1" fill="0 0 1" mode="11"
 points="6.58421 23.9235,
	6.53556 23.9167,
	6.49168 23.8968,
	6.45686 23.8659,
	6.4268 23.7836,
	6.4345 23.7404,
	6.45686 23.7014,
	6.49168 23.6704,
	6.53556 23.6506,
	6.58421 23.6438,
	6.63285 23.6506,
	6.67674 23.6704,
	6.71155 23.7014,
	6.73392 23.7404,
	6.74162 23.7836,
	6.73392 23.8268,
	6.71155 23.8659,
	6.67674 23.8968,
	6.63285 23.9167,
	"/>
</Transform>

<Transform dim="0"
 xcoef=" 0 1 0 0 0 0"
 ycoef=" 0 0 1 0 0 0">
<Contour name="D38" hidden="false" closed="true" simplified="true" border="1 0 0" fill="1 0 0" mode="11"
 points="23.0471 22.8646,
	22.9958 22.8573,
	22.9494 22.8362,
	22.9127 22.8032,
	22.8809 22.7159,
	22.889 22.67,
	22.9127 22.6285,
	22.9494 22.5956,
	22.9958 22.5745,
	23.0471 22.5672,
	23.0984 22.5745,
	23.1447 22.5956,
	23.1815 22.6285,
	23.2051 22.67,
	23.2132 22.7159,
	23.2051 22.7618,
	23.1815 22.8032,
	23.1447 22.8362,
	23.0984 22.8573,
	"/>
</Transform>

<Transform dim="0"
 xcoef=" 0 1 0 0 0 0"
 ycoef=" 0 0 1 0 0 0">
<Contour name="D01" hidden="false" closed="true" simplified="true" border="1 1 0" fill="1 1 0" mode="11"
 points="17.0983 26.1911,
	17.0477 26.1846,
	17.0021 26.1657,
	16.9658 26.1363,
	16.9346 26.058,
	16.9427 26.0169,
	16.9658 25.9799,
	17.0021 25.9505,
	17.0477 25.9316,
	17.0983 25.9251,
	17.1488 25.9316,
	17.1945 25.9505,
	17.2307 25.9799,
	17.254 26.0169,
	17.2619 26.058,
	17.254 26.0991,
	17.2307 26.1363,
	17.1945 26.1657,
	17.1488 26.1846,
	"/>
</Transform>

<Transform dim="0"
 xcoef=" 0 1 0 0 0 0"
 ycoef=" 0 0 1 0 0 0">
<Contour name="D63" hidden="false" closed="true" simplified="true" border="1 0 0" fill="1 0 0" mode="11"
 points="20.4109 26.9918,
	20.3883 26.9891,
	20.368 26.9811,
	20.3519 26.9687,
	20.3379 26.9358,
	20.3415 26.9185,
	20.3519 26.9029,
	20.368 26.8905,
	20.3883 26.8825,
	20.4109 26.8798,
	20.4334 26.8825,
	20.4538 26.8905,
	20.4699 26.9029,
	20.4803 26.9185,
	20.4838 26.9358,
	20.4803 26.9531,
	20.4699 26.9687,
	20.4538 26.9811,
	20.4334 26.9891,
	"/>
</Transform>

<Transform dim="0"
 xcoef=" 0 1 0 0 0 0"
 ycoef=" 0 0 1 0 0 0">
<Contour name="d28" hidden="false" closed="true" simplified="true" border="1 1 0" fill="1 1 0" mode="11"
 points="6.49819 24.3516,
	6.4776 24.3478,
	6.47502 24.3478,
	6.47244 24.3452,
	6.46215 24.3439,
	6.45184 24.3375,
	6.44669 24.3349,
	6.4454 24.3323,
	6.44283 24.3323,
	6.40936 24.2989,
	6.4042 24.2937,
	6.39905 24.2911,
	6.39004 24.2808,
	6.38489 24.2719,
	6.37588 24.2615,
	6.35141 24.2241,
	6.35141 24.2216,
	6.33725 24.2036,
	6.33725 24.201,
	6.30635 24.1649,
	6.30119 24.1611,
	6.29863 24.1573,
	6.29863 24.1546,
	6.26643 24.1212,
	6.25871 24.1135,
	6.24969 24.1032,
	6.24583 24.098,
	6.24068 24.0954,
	6.23939 24.0928,
	6.23682 24.0928,
	6.23295 24.0877,
	6.22781 24.0864,
	6.18789 24.0607,
	6.17887 24.0542,
	6.17631 24.0542,
	6.15699 24.0413,
	6.14669 24.0336,
	6.13896 24.0259,
	6.13382 24.0207,
	6.12737 24.0117,
	6.12351 24.0079,
	6.12351 24.0053,
	6.10935 23.9847,
	6.10678 23.9795,
	6.10678 23.977,
	6.09905 23.9666,
	6.09905 23.9615,
	6.09647 23.9603,
	6.09518 23.9499,
	6.09262 23.9448,
	6.09262 23.9423,
	6.09004 23.9409,
	6.08746 23.9203,
	6.08875 23.8998,
	6.09004 23.8946,
	6.09004 23.892,
	6.0939 23.8869,
	6.09518 23.8817,
	6.09905 23.8766,
	6.10291 23.8559,
	6.10291 23.8353,
	6.10034 23.8148,
	6.09905 23.8045,
	6.09647 23.8019,
	6.09262 23.7812,
	6.09004 23.7761,
	6.09004 23.7658,
	6.08746 23.7555,
	6.08488 23.6731,
	6.08488 23.6628,
	6.08488 23.6576,
	6.08488 23.6563,
	6.08746 23.6538,
	6.08746 23.6512,
	6.09004 23.6487,
	6.09133 23.6435,
	6.09905 23.6332,
	6.10291 23.6267,
	6.10549 23.6267,
	6.10549 23.6242,
	6.10807 23.6216,
	6.11192 23.6113,
	6.11192 23.6062,
	6.11708 23.5958,
	6.11708 23.5907,
	6.12351 23.5727,
	6.12609 23.5713,
	6.12866 23.5611,
	6.13511 23.5508,
	6.13767 23.5495,
	6.13767 23.547,
	6.1454 23.5392,
	6.15055 23.5366,
	6.15312 23.5341,
	6.17373 23.5302,
	6.22523 23.5302,
	6.23038 23.5289,
	6.23295 23.5263,
	6.24068 23.5263,
	6.25742 23.5083,
	6.26901 23.4903,
	6.27673 23.4709,
	6.27673 23.4684,
	6.27931 23.4658,
	6.27931 23.4607,
	6.28575 23.4504,
	6.29089 23.4465,
	6.29089 23.4439,
	6.30119 23.4336,
	6.30377 23.4284,
	6.32438 23.4117,
	6.32695 23.4092,
	6.32952 23.4092,
	6.3321 23.4066,
	6.33467 23.4066,
	6.33725 23.404,
	6.35785 23.3988,
	6.39905 23.3988,
	6.44025 23.4066,
	6.4454 23.4092,
	6.4557 23.4092,
	6.466 23.4117,
	6.5072 23.4155,
	6.51751 23.4155,
	6.53811 23.4208,
	6.54326 23.4208,
	6.55356 23.4246,
	6.56386 23.4259,
	6.60506 23.44,
	6.61537 23.4426,
	6.63596 23.4516,
	6.65528 23.458,
	6.67588 23.462,
	6.69648 23.4684,
	6.70678 23.4722,
	6.71192 23.4736,
	6.71321 23.4761,
	6.71837 23.4774,
	6.72094 23.4774,
	6.73124 23.4851,
	6.73896 23.4916,
	6.74412 23.4929,
	6.75442 23.4992,
	6.77502 23.5057,
	6.78017 23.507,
	6.78274 23.5096,
	6.7879 23.5096,
	6.80849 23.5161,
	6.8188 23.5199,
	6.82394 23.5225,
	6.82652 23.5225,
	6.84713 23.5353,
	6.85743 23.543,
	6.86772 23.547,
	6.86901 23.5495,
	6.87417 23.5508,
	6.87931 23.5546,
	6.88189 23.5546,
	6.88704 23.5586,
	6.89734 23.5624,
	6.9012 23.5662,
	6.9115 23.5675,
	6.9218 23.5727,
	6.92567 23.5766,
	6.92824 23.5766,
	6.94884 23.5907,
	6.95785 23.5997,
	6.96171 23.6036,
	6.96429 23.6138,
	6.96687 23.6191,
	6.96816 23.6603,
	6.97201 23.6705,
	6.97845 23.6795,
	6.98103 23.6847,
	6.98361 23.6859,
	6.98489 23.6911,
	6.99004 23.6963,
	6.99004 23.6988,
	6.9952 23.7028,
	7.00163 23.7117,
	7.00163 23.7144,
	7.00678 23.7195,
	7.00678 23.722,
	7.01966 23.744,
	7.02223 23.7465,
	7.02995 23.7671,
	7.0364 23.7774,
	7.03897 23.7787,
	7.04025 23.7838,
	7.04283 23.7851,
	7.04283 23.7877,
	7.05699 23.8083,
	7.06344 23.8173,
	7.06601 23.8225,
	7.06858 23.825,
	7.06858 23.8276,
	7.07245 23.8315,
	7.07373 23.8366,
	7.08532 23.8573,
	7.08532 23.8598,
	7.08919 23.8649,
	7.09305 23.8753,
	7.09691 23.8804,
	7.0982 23.8856,
	7.0982 23.8882,
	7.10206 23.8933,
	7.10335 23.8984,
	7.10335 23.901,
	7.10593 23.9036,
	7.11494 23.9242,
	7.11494 23.9267,
	7.11751 23.9294,
	7.12009 23.9396,
	7.12138 23.9448,
	7.12395 23.9461,
	7.12395 23.9512,
	7.13039 23.9615,
	7.14584 24.0015,
	7.15098 24.022,
	7.15098 24.0427,
	7.15098 24.0529,
	7.14455 24.0736,
	7.14197 24.0761,
	7.13553 24.0967,
	7.13297 24.0993,
	7.13039 24.1083,
	7.12009 24.1277,
	7.11365 24.1366,
	7.10335 24.1444,
	7.09305 24.1495,
	7.09047 24.1495,
	7.0879 24.1521,
	7.0776 24.1546,
	7.07245 24.156,
	7.06472 24.1662,
	7.05957 24.1765,
	7.05699 24.1778,
	7.05699 24.1804,
	7.05185 24.1843,
	7.05185 24.1869,
	7.03769 24.201,
	7.02867 24.21,
	7.02481 24.2113,
	7.01966 24.2152,
	7.00936 24.219,
	7.0042 24.219,
	7.00163 24.2216,
	6.99648 24.2216,
	6.99133 24.2241,
	6.98875 24.2241,
	6.98618 24.2268,
	6.98103 24.2281,
	6.963 24.2461,
	6.94755 24.2641,
	6.93983 24.2744,
	6.93081 24.2821,
	6.90506 24.2821,
	6.89605 24.277,
	6.8909 24.277,
	6.8806 24.2719,
	6.87545 24.2666,
	6.86515 24.2628,
	6.85485 24.2641,
	6.83425 24.2719,
	6.82394 24.2744,
	6.8188 24.277,
	6.75699 24.277,
	6.67459 24.295,
	6.65399 24.3053,
	6.64884 24.3066,
	6.64626 24.3066,
	6.64368 24.3091,
	6.63339 24.3104,
	6.62824 24.3117,
	6.62309 24.3156,
	6.61279 24.3169,
	6.60248 24.3207,
	6.58189 24.3246,
	6.57673 24.3272,
	6.57159 24.3272,
	6.56901 24.3298,
	6.54969 24.3362,
	6.5291 24.3465,
	6.50849 24.3503,
	"/>
</Transform>

<Transform dim="0"
 xcoef=" 0 1 0 0 0 0"
 ycoef=" 0 0 1 0 0 0">
<Contour name="d39" hidden="false" closed="true" simplified="true" border="1 1 0" fill="1 1 0" mode="11"
 points="11.6561 28.854,
	11.6159 28.8515,
	11.5958 28.8478,
	11.5933 28.8452,
	11.5833 28.8439,
	11.5732 28.8402,
	11.4928 28.8301,
	11.4728 28.8264,
	11.4526 28.8189,
	11.4125 28.8163,
	11.3924 28.8138,
	11.3849 28.8138,
	11.3823 28.8113,
	11.3798 28.8113,
	11.3773 28.8088,
	11.3723 28.8088,
	11.3522 28.7988,
	11.3422 28.7925,
	11.3346 28.7837,
	11.3296 28.7787,
	11.3196 28.7724,
	11.3146 28.7711,
	11.3095 28.7674,
	11.2693 28.7586,
	11.2643 28.7586,
	11.2618 28.7561,
	11.2517 28.7548,
	11.2467 28.7548,
	11.2417 28.7523,
	11.2367 28.7523,
	11.2342 28.7498,
	11.2241 28.7486,
	11.2141 28.7447,
	11.209 28.7422,
	11.2065 28.7422,
	11.204 28.7398,
	11.194 28.7385,
	11.155 28.721,
	11.135 28.7096,
	11.13 28.7059,
	11.1275 28.7059,
	11.1224 28.7008,
	11.1036 28.6882,
	11.0848 28.6707,
	11.0747 28.6619,
	11.0709 28.6569,
	11.0684 28.6569,
	11.0596 28.6481,
	11.0533 28.6381,
	11.0483 28.6331,
	11.0483 28.6305,
	11.0383 28.6205,
	11.0383 28.6179,
	11.0031 28.5791,
	10.9868 28.5602,
	10.9667 28.5401,
	10.9316 28.4999,
	10.914 28.4799,
	10.8939 28.4635,
	10.875 28.4446,
	10.8663 28.4347,
	10.8612 28.4296,
	10.8562 28.4196,
	10.8537 28.417,
	10.8487 28.397,
	10.8462 28.3769,
	10.8462 28.3367,
	10.8462 28.3316,
	10.8462 28.3304,
	10.8462 28.3291,
	10.855 28.2889,
	10.8587 28.279,
	10.8587 28.2739,
	10.8625 28.2689,
	10.8688 28.2488,
	10.8713 28.2388,
	10.8876 28.2186,
	10.8964 28.2086,
	10.9014 28.2036,
	10.9039 28.1986,
	10.914 28.1897,
	10.9253 28.1697,
	10.9316 28.1596,
	10.9328 28.1546,
	10.9353 28.1521,
	10.9366 28.147,
	10.9491 28.1282,
	10.9579 28.1182,
	10.968 28.1119,
	11.0082 28.0981,
	11.0182 28.0918,
	11.0282 28.088,
	11.0483 28.0755,
	11.1287 28.0478,
	11.1488 28.0404,
	11.1589 28.0391,
	11.1991 28.0241,
	11.209 28.0216,
	11.2292 28.0102,
	11.2392 28.0039,
	11.2442 28.0002,
	11.2542 27.9977,
	11.2568 27.9952,
	11.2618 27.9952,
	11.2719 27.9901,
	11.2919 27.9864,
	11.3321 27.9839,
	11.3522 27.9851,
	11.3723 27.9888,
	11.3823 27.9926,
	11.4225 27.9964,
	11.4326 27.9964,
	11.4426 27.9939,
	11.4476 27.9901,
	11.4526 27.9888,
	11.4577 27.9851,
	11.4602 27.9851,
	11.4639 27.9801,
	11.474 27.9775,
	11.4765 27.975,
	11.4866 27.9738,
	11.4966 27.97,
	11.5368 27.9688,
	11.5569 27.9688,
	11.5619 27.97,
	11.5644 27.97,
	11.5695 27.9738,
	11.5895 27.9789,
	11.5945 27.9801,
	11.5996 27.9839,
	11.6046 27.9851,
	11.6071 27.9851,
	11.6122 27.9888,
	11.6172 27.9901,
	11.6196 27.9926,
	11.6398 27.9977,
	11.6498 27.9989,
	11.69 28.0115,
	11.7 28.0127,
	11.7101 28.0177,
	11.7302 28.0241,
	11.7502 28.0328,
	11.7603 28.0404,
	11.7803 28.0478,
	11.7904 28.0478,
	11.7992 28.0441,
	11.818 28.0303,
	11.8382 28.0228,
	11.8582 28.0241,
	11.8683 28.0278,
	11.8783 28.034,
	11.8809 28.0366,
	11.8834 28.0366,
	11.8884 28.0416,
	11.8984 28.0466,
	11.9084 28.0542,
	11.9135 28.0579,
	11.9185 28.0592,
	11.9386 28.0742,
	11.9486 28.0818,
	11.9562 28.0893,
	11.9663 28.0956,
	11.9713 28.1006,
	11.9762 28.1031,
	12.0164 28.1371,
	12.0265 28.1458,
	12.0315 28.1483,
	12.034 28.1509,
	12.0365 28.1509,
	12.0566 28.1684,
	12.0767 28.1835,
	12.0843 28.1936,
	12.1043 28.2136,
	12.1144 28.2237,
	12.1245 28.2299,
	12.1332 28.24,
	12.1357 28.2413,
	12.137 28.2462,
	12.1445 28.2563,
	12.1534 28.2764,
	12.1571 28.2864,
	12.1571 28.2915,
	12.1659 28.3116,
	12.1722 28.3217,
	12.1771 28.3254,
	12.1973 28.3316,
	12.2375 28.3355,
	12.2475 28.3367,
	12.2526 28.3367,
	12.2726 28.3479,
	12.2827 28.3543,
	12.2914 28.3643,
	12.2977 28.3743,
	12.3052 28.3945,
	12.3091 28.4044,
	12.3091 28.4246,
	12.304 28.4446,
	12.294 28.4648,
	12.2877 28.4748,
	12.2864 28.4799,
	12.2827 28.4848,
	12.2814 28.4898,
	12.2664 28.51,
	12.2575 28.5201,
	12.2475 28.5275,
	12.2425 28.53,
	12.2035 28.5652,
	12.1936 28.574,
	12.1797 28.5941,
	12.1697 28.6142,
	12.1672 28.6193,
	12.147 28.6381,
	12.1445 28.6381,
	12.1344 28.6455,
	12.1245 28.6494,
	12.1144 28.6556,
	12.1119 28.6556,
	12.1068 28.6594,
	12.1018 28.6594,
	12.0918 28.6632,
	12.0717 28.6657,
	12.0517 28.6657,
	12.0315 28.6682,
	12.0115 28.6744,
	11.9713 28.6958,
	11.9688 28.6983,
	11.9663 28.6983,
	11.9562 28.7071,
	11.9525 28.7121,
	11.9499 28.7146,
	11.9499 28.7171,
	11.9399 28.7247,
	11.9197 28.7297,
	11.9098 28.7309,
	11.9047 28.7335,
	11.8997 28.7335,
	11.8795 28.741,
	11.8595 28.7523,
	11.8218 28.7913,
	11.8168 28.7963,
	11.7968 28.8063,
	11.7766 28.8126,
	11.7665 28.8177,
	11.7615 28.8177,
	11.7415 28.8251,
	11.7314 28.8289,
	11.7213 28.8301,
	11.7164 28.834,
	11.6963 28.8402,
	11.6762 28.8503,
	"/>
</Transform>

<Transform dim="0"
 xcoef=" 0 1 0 0 0 0"
 ycoef=" 0 0 1 0 0 0">
<Contour name="D61" hidden="false" closed="true" simplified="true" border="1 0 0" fill="1 0 0" mode="11"
 points="19.9761 29.4178,
	19.9421 29.4118,
	19.9115 29.3944,
	19.8871 29.3673,
	19.8661 29.2953,
	19.8715 29.2574,
	19.8871 29.2233,
	19.9115 29.1962,
	19.9421 29.1788,
	19.9761 29.1728,
	20.01 29.1788,
	20.0407 29.1962,
	20.065 29.2233,
	20.0806 29.2574,
	20.086 29.2953,
	20.0806 29.3332,
	20.065 29.3673,
	20.0407 29.3944,
	20.01 29.4118,
	"/>
</Transform>

<Transform dim="0"
 xcoef=" 0 1 0 0 0 0"
 ycoef=" 0 0 1 0 0 0">
<Contour name="d56" hidden="false" closed="true" simplified="true" border="0 0 0" fill="0 0 0" mode="11"
 points="24.2088 23.4995,
	24.154 23.4876,
	24.1404 23.4841,
	24.1336 23.4841,
	24.0788 23.4653,
	24.072 23.4602,
	24.0652 23.4584,
	24.0378 23.4345,
	24.0258 23.4209,
	24.0258 23.4175,
	24.0155 23.4055,
	24.0087 23.3969,
	24.007 23.3901,
	24.0019 23.3832,
	24.0002 23.3764,
	23.9917 23.3678,
	23.9917 23.3644,
	23.9848 23.3576,
	23.966 23.3354,
	23.9643 23.3285,
	23.9608 23.3285,
	23.942 23.3046,
	23.9181 23.279,
	23.8959 23.2619,
	23.8412 23.2293,
	23.8292 23.2208,
	23.8241 23.2174,
	23.8189 23.2106,
	23.8121 23.2072,
	23.8087 23.2003,
	23.7984 23.1918,
	23.795 23.1866,
	23.7728 23.161,
	23.7694 23.161,
	23.742 23.1371,
	23.7283 23.1285,
	23.7266 23.1251,
	23.7197 23.1234,
	23.713 23.1165,
	23.6599 23.0823,
	23.6343 23.0653,
	23.6206 23.0584,
	23.6138 23.0533,
	23.6104 23.0533,
	23.5984 23.0447,
	23.5967 23.0413,
	23.5933 23.0413,
	23.5813 23.031,
	23.5693 23.0242,
	23.5557 23.0122,
	23.5471 22.9985,
	23.5454 22.9849,
	23.542 22.9815,
	23.5386 22.9541,
	23.5369 22.9404,
	23.5369 22.937,
	23.5369 22.9353,
	23.5727 22.8259,
	23.583 22.7985,
	23.583 22.7917,
	23.595 22.7644,
	23.6018 22.7507,
	23.6052 22.7472,
	23.6104 22.7335,
	23.6155 22.7267,
	23.6155 22.7233,
	23.6189 22.7216,
	23.6206 22.7147,
	23.6309 22.7011,
	23.6326 22.6943,
	23.6479 22.6686,
	23.6514 22.6652,
	23.6548 22.6515,
	23.6548 22.648,
	23.6582 22.6446,
	23.6599 22.6378,
	23.6599 22.6345,
	23.6634 22.631,
	23.6685 22.6036,
	23.6736 22.5899,
	23.677 22.5625,
	23.6753 22.5489,
	23.6668 22.5216,
	23.6634 22.4942,
	23.6616 22.4806,
	23.6685 22.4532,
	23.6805 22.4258,
	23.73 22.3797,
	23.7369 22.3779,
	23.742 22.3728,
	23.7557 22.3694,
	23.7625 22.3728,
	23.7694 22.3797,
	23.7762 22.3814,
	23.7831 22.3865,
	23.7865 22.3865,
	23.7898 22.3899,
	23.8446 22.3985,
	23.8719 22.4002,
	23.9267 22.4105,
	23.9403 22.4156,
	23.954 22.4172,
	24.0087 22.4395,
	24.0155 22.4395,
	24.0224 22.4429,
	24.1318 22.46,
	24.1865 22.472,
	24.2002 22.472,
	24.2549 22.4874,
	24.2823 22.4959,
	24.2892 22.4993,
	24.2959 22.4993,
	24.2976 22.5027,
	24.3524 22.5181,
	24.3797 22.525,
	24.3934 22.5301,
	24.4208 22.5353,
	24.4755 22.5541,
	24.4823 22.5558,
	24.4857 22.5592,
	24.4977 22.5643,
	24.5063 22.5711,
	24.5097 22.5711,
	24.5216 22.5814,
	24.5284 22.5848,
	24.5336 22.5917,
	24.5473 22.5985,
	24.5575 22.6071,
	24.5712 22.6156,
	24.5849 22.6208,
	24.59 22.6242,
	24.6037 22.6259,
	24.6071 22.6293,
	24.6345 22.6345,
	24.6379 22.6345,
	24.6413 22.6378,
	24.6686 22.6412,
	24.6823 22.6429,
	24.7097 22.6515,
	24.7166 22.6549,
	24.72 22.6549,
	24.7336 22.6669,
	24.7439 22.6789,
	24.749 22.6926,
	24.7575 22.7063,
	24.761 22.7199,
	24.7678 22.7335,
	24.7712 22.7404,
	24.7712 22.7472,
	24.7815 22.7746,
	24.7849 22.8293,
	24.7867 22.8566,
	24.7918 22.884,
	24.8004 22.9114,
	24.8038 22.9251,
	24.8071 22.9318,
	24.8071 22.9387,
	24.8174 22.9661,
	24.8225 22.9798,
	24.8242 22.9866,
	24.8242 22.9901,
	24.8276 22.9935,
	24.8311 23.0071,
	24.8328 23.0139,
	24.8362 23.0173,
	24.8362 23.0242,
	24.8396 23.031,
	24.8413 23.0584,
	24.8328 23.0857,
	24.8311 23.0994,
	24.8276 23.1028,
	24.8105 23.1575,
	24.8071 23.1644,
	24.8071 23.1712,
	24.7952 23.1986,
	24.7952 23.202,
	24.7849 23.2157,
	24.7832 23.2225,
	24.7747 23.2345,
	24.7507 23.2602,
	24.7473 23.267,
	24.7353 23.2773,
	24.7336 23.2807,
	24.7303 23.2807,
	24.7166 23.2926,
	24.7097 23.2977,
	24.708 23.3011,
	24.7046 23.3011,
	24.6926 23.3114,
	24.6857 23.3165,
	24.6823 23.3165,
	24.6686 23.3268,
	24.6618 23.3285,
	24.6585 23.332,
	24.655 23.332,
	24.6482 23.3388,
	24.5968 23.3712,
	24.59 23.3764,
	24.5832 23.3781,
	24.5781 23.3849,
	24.5712 23.3866,
	24.5575 23.3969,
	24.5046 23.4294,
	24.4977 23.4329,
	24.4943 23.4362,
	24.4874 23.4362,
	24.4738 23.4448,
	24.4601 23.4499,
	24.4532 23.455,
	24.4276 23.4636,
	24.4139 23.4687,
	24.4071 23.4721,
	24.3797 23.4773,
	24.3661 23.479,
	24.3592 23.4824,
	24.3319 23.4841,
	24.3045 23.4893,
	24.2772 23.491,
	24.2498 23.4978,
	24.2225 23.4995,
	"/>
</Transform>

<Transform dim="0"
 xcoef=" 0 1 0 0 0 0"
 ycoef=" 0 0 1 0 0 0">
<Contour name="d63sp15" hidden="false" closed="true" simplified="true" border="1 0 0" fill="1 0 0" mode="11"
 points="20.392 27.5679,
	20.3761 27.5648,
	20.3721 27.5638,
	20.3711 27.5638,
	20.3701 27.5628,
	20.3621 27.5613,
	20.3582 27.5608,
	20.3572 27.5608,
	20.3562 27.5599,
	20.3482 27.5589,
	20.3462 27.5584,
	20.3457 27.5574,
	20.3417 27.5574,
	20.3258 27.5518,
	20.3248 27.5509,
	20.3208 27.5499,
	20.3168 27.5474,
	20.3134 27.5439,
	20.3114 27.5424,
	20.3114 27.5415,
	20.3094 27.5395,
	20.3044 27.532,
	20.3044 27.53,
	20.3014 27.522,
	20.2979 27.506,
	20.2969 27.4423,
	20.2964 27.4343,
	20.2939 27.4184,
	20.2924 27.4025,
	20.2914 27.3945,
	20.2904 27.3925,
	20.2904 27.3885,
	20.2889 27.3846,
	20.2874 27.3766,
	20.2869 27.3686,
	20.2869 27.3666,
	20.2869 27.3661,
	20.2869 27.3656,
	20.2879 27.3651,
	20.2944 27.3711,
	20.2974 27.3751,
	20.2984 27.3756,
	20.2984 27.3766,
	20.3044 27.3836,
	20.3114 27.39,
	20.3139 27.3925,
	20.3148 27.3925,
	20.3293 27.4049,
	20.3362 27.4105,
	20.3403 27.414,
	20.3422 27.4144,
	20.3447 27.4169,
	20.3467 27.4174,
	20.3542 27.4224,
	20.3562 27.4238,
	20.3572 27.4238,
	20.3582 27.4249,
	20.3592 27.4249,
	20.3597 27.4259,
	20.3606 27.4259,
	20.3626 27.4274,
	20.378 27.4343,
	20.3821 27.4358,
	20.3841 27.4363,
	20.3861 27.4378,
	20.394 27.4394,
	20.41 27.4448,
	20.4259 27.4458,
	20.4338 27.4463,
	20.4379 27.4468,
	20.4399 27.4463,
	20.4404 27.4473,
	20.4379 27.4498,
	20.4379 27.4507,
	20.4343 27.4548,
	20.4319 27.4578,
	20.4309 27.4583,
	20.4309 27.4593,
	20.4294 27.4602,
	20.4274 27.4622,
	20.4239 27.4647,
	20.4204 27.4683,
	20.4154 27.4747,
	20.4145 27.4767,
	20.4135 27.4777,
	20.413 27.4796,
	20.4084 27.4876,
	20.4079 27.4896,
	20.4064 27.4916,
	20.4059 27.5075,
	20.4064 27.5155,
	20.41 27.5315,
	20.411 27.5354,
	20.413 27.5395,
	20.414 27.5434,
	20.414 27.5444,
	20.4149 27.5454,
	20.4159 27.5494,
	20.4169 27.5513,
	20.4169 27.5594,
	20.414 27.5628,
	20.41 27.5658,
	20.4079 27.5674,
	"/>
</Transform>

<Transform dim="0"
 xcoef=" 0 1 0 0 0 0"
 ycoef=" 0 0 1 0 0 0">
<Contour name="d39sp08" hidden="false" closed="true" simplified="true" border="1 0 0" fill="1 0 0" mode="11"
 points="11.9736 27.8309,
	11.9632 27.8296,
	11.958 27.8283,
	11.9554 27.8283,
	11.9541 27.827,
	11.9489 27.825,
	11.9463 27.825,
	11.9411 27.8225,
	11.9385 27.8217,
	11.9176 27.8074,
	11.9079 27.8003,
	11.8975 27.7945,
	11.8929 27.7911,
	11.8903 27.7898,
	11.8897 27.7885,
	11.8884 27.7885,
	11.8786 27.7821,
	11.876 27.7801,
	11.8747 27.7801,
	11.8728 27.7775,
	11.8702 27.7768,
	11.8662 27.7729,
	11.8636 27.7716,
	11.8623 27.7716,
	11.8578 27.7678,
	11.8546 27.7638,
	11.8461 27.7547,
	11.8389 27.7449,
	11.8389 27.7437,
	11.8266 27.7248,
	11.8266 27.7235,
	11.8253 27.7229,
	11.8253 27.7215,
	11.824 27.7202,
	11.824 27.7189,
	11.8219 27.7163,
	11.8213 27.7137,
	11.8194 27.7111,
	11.8161 27.7013,
	11.8148 27.7007,
	11.8129 27.6903,
	11.8116 27.6851,
	11.811 27.6642,
	11.811 27.659,
	11.811 27.6564,
	11.811 27.6558,
	11.811 27.6552,
	11.8122 27.6499,
	11.8135 27.6486,
	11.8135 27.646,
	11.8161 27.6408,
	11.8168 27.6382,
	11.824 27.6297,
	11.8253 27.6285,
	11.8253 27.6272,
	11.8298 27.6233,
	11.8317 27.6206,
	11.8356 27.6174,
	11.8409 27.6141,
	11.8461 27.6089,
	11.8499 27.6037,
	11.8506 27.6011,
	11.8519 27.6005,
	11.8519 27.5992,
	11.8539 27.5972,
	11.8539 27.5959,
	11.8578 27.5913,
	11.8591 27.5887,
	11.8636 27.5842,
	11.8655 27.5816,
	11.8669 27.5816,
	11.8689 27.5796,
	11.8695 27.5783,
	11.8721 27.5776,
	11.8747 27.5757,
	11.8851 27.5738,
	11.9059 27.5731,
	11.9268 27.5789,
	11.932 27.581,
	11.9528 27.5796,
	11.9736 27.5796,
	11.9841 27.5816,
	11.9892 27.5823,
	11.9945 27.5842,
	11.9997 27.5842,
	12.0023 27.5855,
	12.0036 27.5855,
	12.0042 27.5868,
	12.014 27.5887,
	12.0166 27.59,
	12.0218 27.5907,
	12.027 27.5926,
	12.0322 27.5933,
	12.0375 27.5953,
	12.0401 27.5953,
	12.0452 27.5979,
	12.0504 27.5992,
	12.0531 27.6005,
	12.0544 27.6005,
	12.0557 27.6018,
	12.0608 27.6037,
	12.0634 27.6037,
	12.0687 27.6063,
	12.0739 27.6076,
	12.0764 27.6096,
	12.0817 27.6109,
	12.083 27.6122,
	12.0875 27.6141,
	12.0888 27.6154,
	12.0934 27.6174,
	12.096 27.618,
	12.1012 27.6212,
	12.1038 27.6239,
	12.1051 27.6239,
	12.1104 27.6272,
	12.1129 27.6291,
	12.1155 27.6297,
	12.1207 27.633,
	12.1234 27.6349,
	12.126 27.6356,
	12.1273 27.6356,
	12.1292 27.6376,
	12.1305 27.6376,
	12.1318 27.6389,
	12.1331 27.6389,
	12.135 27.6408,
	12.1377 27.6415,
	12.1474 27.6473,
	12.1572 27.6545,
	12.165 27.6623,
	12.1663 27.6648,
	12.1676 27.6655,
	12.1676 27.6669,
	12.1702 27.6695,
	12.1702 27.6708,
	12.1728 27.6734,
	12.176 27.6785,
	12.178 27.6838,
	12.1786 27.6864,
	12.1807 27.689,
	12.182 27.6941,
	12.1826 27.6968,
	12.1839 27.6981,
	12.1845 27.7033,
	12.1845 27.7046,
	12.1858 27.7059,
	12.1865 27.7163,
	12.1858 27.7267,
	12.1826 27.7372,
	12.178 27.7475,
	12.176 27.7501,
	12.176 27.7515,
	12.1747 27.7522,
	12.1734 27.7567,
	12.1598 27.7755,
	12.1591 27.7781,
	12.1565 27.7801,
	12.1565 27.7814,
	12.154 27.7834,
	12.139 27.8003,
	12.135 27.8035,
	12.1247 27.812,
	12.1194 27.8152,
	12.1181 27.8165,
	12.1168 27.8165,
	12.1162 27.8178,
	12.1149 27.8178,
	12.1129 27.8198,
	12.1104 27.8204,
	12.1097 27.8217,
	12.0993 27.825,
	12.0784 27.8263,
	12.0367 27.8257,
	12.0361 27.827,
	12.0153 27.8296,
	12.0049 27.8309,
	"/>
</Transform>

<Transform dim="0"
 xcoef=" 0 1 0 0 0 0"
 ycoef=" 0 0 1 0 0 0">
<Contour name="d63sp13" hidden="false" closed="true" simplified="true" border="1 0 0" fill="1 0 0" mode="11"
 points="19.7001 26.3788,
	19.6907 26.3782,
	19.686 26.3771,
	19.6812 26.3742,
	19.6789 26.3736,
	19.6708 26.3671,
	19.6625 26.3582,
	19.6608 26.3565,
	19.6608 26.3553,
	19.6573 26.3518,
	19.6561 26.3495,
	19.6549 26.3495,
	19.6485 26.3407,
	19.6455 26.3314,
	19.6455 26.3266,
	19.6467 26.3249,
	19.645 26.3202,
	19.6444 26.3108,
	19.6444 26.3061,
	19.6444 26.3044,
	19.6444 26.3038,
	19.6467 26.2991,
	19.6485 26.2967,
	19.649 26.2944,
	19.6555 26.2856,
	19.6567 26.2832,
	19.6608 26.2798,
	19.6619 26.2786,
	19.6643 26.278,
	19.6683 26.2745,
	19.6708 26.2739,
	19.6719 26.2727,
	19.6812 26.2709,
	19.686 26.2698,
	19.6953 26.2703,
	19.7001 26.2709,
	19.7012 26.2709,
	19.7105 26.2768,
	19.7282 26.2921,
	19.7358 26.2996,
	19.7393 26.3032,
	19.7429 26.3079,
	19.744 26.3102,
	19.744 26.3114,
	19.7469 26.3161,
	19.7481 26.3254,
	19.7487 26.3278,
	19.7481 26.3325,
	19.7398 26.3507,
	19.7364 26.3547,
	19.7358 26.3571,
	19.7276 26.3659,
	19.7188 26.3736,
	19.7141 26.3765,
	19.7094 26.3782,
	"/>
</Transform>

<Transform dim="0"
 xcoef=" 0 1 0 0 0 0"
 ycoef=" 0 0 1 0 0 0">
<Contour name="d38sp06" hidden="false" closed="true" simplified="true" border="1 0 0" fill="1 0 0" mode="11"
 points="22.8083 23.8158,
	22.8007 23.8123,
	22.7968 23.8114,
	22.7852 23.8114,
	22.7813 23.8099,
	22.7794 23.809,
	22.7775 23.809,
	22.7698 23.8052,
	22.7679 23.8032,
	22.7663 23.8023,
	22.763 23.7988,
	22.7606 23.7955,
	22.7601 23.7878,
	22.7601 23.7839,
	22.7601 23.7834,
	22.7601 23.7829,
	22.7611 23.7819,
	22.763 23.7743,
	22.7639 23.7434,
	22.7639 23.7414,
	22.7654 23.7375,
	22.7683 23.7221,
	22.7698 23.7067,
	22.7698 23.6989,
	22.7698 23.6951,
	22.7668 23.6874,
	22.7649 23.6796,
	22.7644 23.6718,
	22.7693 23.6569,
	22.7727 23.6414,
	22.7736 23.6376,
	22.7736 23.6338,
	22.776 23.626,
	22.7779 23.6106,
	22.7784 23.6029,
	22.776 23.5719,
	22.7751 23.5681,
	22.7731 23.5372,
	22.7731 23.5294,
	22.7731 23.5256,
	22.7775 23.5184,
	22.7803 23.5155,
	22.7803 23.5145,
	22.7862 23.5082,
	22.79 23.5054,
	22.7919 23.5039,
	22.7958 23.5025,
	22.7978 23.5009,
	22.8016 23.5,
	22.8035 23.499,
	22.8113 23.4981,
	22.8268 23.4986,
	22.8287 23.4995,
	22.8363 23.5005,
	22.8403 23.502,
	22.8422 23.502,
	22.8432 23.503,
	22.847 23.5039,
	22.8503 23.5063,
	22.8518 23.5073,
	22.8548 23.5106,
	22.8591 23.5179,
	22.86 23.5198,
	22.8619 23.5218,
	22.8663 23.5285,
	22.8688 23.531,
	22.8697 23.5329,
	22.8736 23.5362,
	22.874 23.5372,
	22.8759 23.5377,
	22.8793 23.5401,
	22.8812 23.541,
	22.8823 23.541,
	22.8832 23.542,
	22.8852 23.5425,
	22.8861 23.5434,
	22.8895 23.545,
	22.8928 23.5474,
	22.8947 23.5478,
	22.9011 23.5541,
	22.9025 23.556,
	22.903 23.5579,
	22.9073 23.5642,
	22.9087 23.5662,
	22.9112 23.573,
	22.9141 23.5806,
	22.9141 23.5816,
	22.9151 23.5826,
	22.9156 23.5845,
	22.9165 23.5854,
	22.9175 23.5894,
	22.9199 23.5932,
	22.9199 23.5942,
	22.9208 23.5946,
	22.9208 23.5966,
	22.9218 23.597,
	22.9267 23.6125,
	22.9272 23.6164,
	22.9286 23.6203,
	22.9291 23.6511,
	22.9291 23.655,
	22.9281 23.6589,
	22.9276 23.6666,
	22.9267 23.6685,
	22.9232 23.6839,
	22.9184 23.6994,
	22.9184 23.7004,
	22.9175 23.7014,
	22.9175 23.7033,
	22.9165 23.7043,
	22.9165 23.7062,
	22.9151 23.71,
	22.9136 23.7119,
	22.9132 23.7139,
	22.9132 23.7149,
	22.9122 23.7159,
	22.9122 23.7168,
	22.9097 23.7207,
	22.9083 23.7245,
	22.9073 23.725,
	22.9073 23.7259,
	22.9064 23.7269,
	22.9049 23.7308,
	22.9035 23.7323,
	22.903 23.7342,
	22.9006 23.7375,
	22.8996 23.7385,
	22.8992 23.7404,
	22.8972 23.7419,
	22.888 23.7568,
	22.8861 23.7588,
	22.8856 23.7608,
	22.8837 23.7627,
	22.8788 23.7703,
	22.8726 23.7767,
	22.8692 23.78,
	22.8683 23.7819,
	22.8672 23.7819,
	22.8639 23.7853,
	22.8624 23.7864,
	22.8605 23.7883,
	22.8586 23.7888,
	22.8513 23.794,
	22.8475 23.7964,
	22.8455 23.7979,
	22.8451 23.7988,
	22.8441 23.7988,
	22.8378 23.8042,
	22.8306 23.8095,
	22.8287 23.8104,
	22.8282 23.8114,
	22.8272 23.8114,
	22.8253 23.8128,
	22.8243 23.8128,
	22.8199 23.8153,
	22.8123 23.8158,
	"/>
</Transform>

<Transform dim="0"
 xcoef=" 0 1 0 0 0 0"
 ycoef=" 0 0 1 0 0 0">
<Contour name="d28sp07" hidden="false" closed="true" simplified="true" border="1 0 0" fill="1 0 0" mode="11"
 points="6.00825 23.2448,
	6.00389 23.2443,
	6.00172 23.2443,
	6.00063 23.2432,
	5.99191 23.2394,
	5.98373 23.2345,
	5.98264 23.2345,
	5.98047 23.2329,
	5.97883 23.2324,
	5.97828 23.2312,
	5.97719 23.2312,
	5.97556 23.2295,
	5.97448 23.2295,
	5.97229 23.2274,
	5.96847 23.2247,
	5.96739 23.2247,
	5.96521 23.2231,
	5.96412 23.2231,
	5.96194 23.2214,
	5.96139 23.2204,
	5.95922 23.2198,
	5.95866 23.2187,
	5.95649 23.2182,
	5.95431 23.2165,
	5.95267 23.2159,
	5.9445 23.2105,
	5.93633 23.2062,
	5.93578 23.2051,
	5.9347 23.2051,
	5.93361 23.204,
	5.93251 23.204,
	5.91562 23.1942,
	5.91345 23.1936,
	5.91236 23.1936,
	5.90854 23.1904,
	5.90636 23.1899,
	5.90418 23.1876,
	5.90201 23.187,
	5.90036 23.1854,
	5.89819 23.1849,
	5.89437 23.1816,
	5.88838 23.1729,
	5.88729 23.1707,
	5.88619 23.1696,
	5.88565 23.1675,
	5.88293 23.1637,
	5.8813 23.1615,
	5.8813 23.1604,
	5.87911 23.1582,
	5.87857 23.156,
	5.87584 23.1517,
	5.87421 23.1474,
	5.87258 23.1451,
	5.87203 23.1408,
	5.86985 23.137,
	5.86931 23.1348,
	5.86876 23.1337,
	5.86931 23.1315,
	5.86659 23.1228,
	5.86549 23.114,
	5.86549 23.1054,
	5.86549 23.101,
	5.86549 23.1004,
	5.86767 23.0961,
	5.87095 23.0918,
	5.87203 23.0901,
	5.87584 23.0873,
	5.87748 23.0852,
	5.8813 23.0825,
	5.88892 23.0754,
	5.89001 23.0754,
	5.89437 23.0726,
	5.89655 23.0705,
	5.89765 23.0705,
	5.90636 23.0645,
	5.90854 23.0634,
	5.90963 23.0634,
	5.91126 23.0613,
	5.91236 23.0613,
	5.92761 23.0498,
	5.93088 23.0471,
	5.93306 23.0448,
	5.93687 23.0427,
	5.95104 23.0274,
	5.95267 23.0253,
	5.95377 23.0242,
	5.95431 23.022,
	5.95758 23.0188,
	5.95812 23.0176,
	5.95922 23.0176,
	5.9712 23.0007,
	5.97556 22.9926,
	5.98101 22.9844,
	5.98264 22.9822,
	5.98373 22.9811,
	5.98373 22.98,
	5.987 22.9757,
	5.98809 22.9735,
	5.98918 22.9729,
	5.98918 22.9718,
	5.99518 22.9637,
	5.99899 22.9593,
	6.00172 22.956,
	6.00553 22.9528,
	6.00662 22.9506,
	6.01043 22.9479,
	6.01207 22.9457,
	6.01589 22.943,
	6.01861 22.9392,
	6.02078 22.9375,
	6.02678 22.9293,
	6.02787 22.9288,
	6.02787 22.9277,
	6.03005 22.9261,
	6.03005 22.925,
	6.03332 22.9207,
	6.03659 22.9173,
	6.03714 22.9152,
	6.03877 22.913,
	6.03931 22.9108,
	6.04966 22.8945,
	6.05239 22.8907,
	6.05348 22.8895,
	6.05348 22.8885,
	6.06056 22.8798,
	6.06383 22.8754,
	6.072 22.8689,
	6.07255 22.8678,
	6.07473 22.8672,
	6.07527 22.8662,
	6.084 22.8629,
	6.08508 22.8629,
	6.08617 22.8617,
	6.08836 22.8617,
	6.08944 22.8607,
	6.09162 22.8607,
	6.09544 22.8585,
	6.09761 22.858,
	6.09871 22.858,
	6.0998 22.8569,
	6.10089 22.8569,
	6.10197 22.8558,
	6.10416 22.8552,
	6.10633 22.8536,
	6.11015 22.852,
	6.11124 22.8509,
	6.12867 22.8454,
	6.13303 22.8438,
	6.15482 22.8438,
	6.16355 22.8454,
	6.16791 22.847,
	6.17008 22.8476,
	6.17063 22.8488,
	6.17935 22.8509,
	6.18153 22.8525,
	6.18262 22.8536,
	6.1848 22.8542,
	6.18916 22.8574,
	6.19133 22.8585,
	6.19352 22.8607,
	6.19569 22.8617,
	6.19897 22.8662,
	6.19897 22.8672,
	6.20114 22.8694,
	6.20114 22.8705,
	6.20659 22.8787,
	6.20823 22.8803,
	6.20877 22.8825,
	6.20986 22.883,
	6.21313 22.8918,
	6.21313 22.8929,
	6.21422 22.894,
	6.21913 22.9114,
	6.22076 22.9201,
	6.2213 22.9288,
	6.22239 22.9332,
	6.22239 22.968,
	6.22021 22.9855,
	6.22021 22.9942,
	6.21749 23.0116,
	6.2164 23.0127,
	6.21422 23.0215,
	6.21313 23.0236,
	6.21313 23.0258,
	6.21204 23.0269,
	6.21204 23.028,
	6.21095 23.029,
	6.20823 23.0378,
	6.20659 23.04,
	6.20496 23.0443,
	6.20333 23.0466,
	6.20278 23.0487,
	6.20005 23.053,
	6.19297 23.0694,
	6.19189 23.0737,
	6.19189 23.0748,
	6.19079 23.076,
	6.18807 23.0846,
	6.18698 23.089,
	6.18698 23.0901,
	6.18588 23.0907,
	6.18371 23.0993,
	6.18208 23.1038,
	6.18208 23.1048,
	6.18098 23.1059,
	6.17989 23.1103,
	6.17989 23.1113,
	6.1788 23.1124,
	6.17772 23.1168,
	6.1739 23.125,
	6.17227 23.1293,
	6.17227 23.1304,
	6.17118 23.1315,
	6.17063 23.1337,
	6.16954 23.1343,
	6.16791 23.1386,
	6.16246 23.1468,
	6.15973 23.1511,
	6.15755 23.1533,
	6.15156 23.1604,
	6.14774 23.1637,
	6.14666 23.1653,
	6.14284 23.1686,
	6.14121 23.1702,
	6.14012 23.1702,
	6.13303 23.1762,
	6.12921 23.1795,
	6.12704 23.1806,
	6.12595 23.1806,
	6.11832 23.1865,
	6.11723 23.1876,
	6.11614 23.1876,
	6.10851 23.1936,
	6.10688 23.1947,
	6.09816 23.2029,
	6.09162 23.21,
	6.08345 23.2159,
	6.07909 23.2187,
	6.07745 23.2204,
	6.07527 23.2209,
	6.07091 23.2236,
	6.06928 23.2252,
	6.0682 23.2252,
	6.06383 23.2285,
	6.06165 23.2301,
	6.05947 23.2306,
	6.05839 23.2318,
	6.05403 23.2334,
	6.05184 23.2345,
	6.03441 23.2378,
	6.03005 23.2394,
	6.02569 23.2394,
	"/>
</Transform>

<Transform dim="0"
 xcoef=" 0 1 0 0 0 0"
 ycoef=" 0 0 1 0 0 0">
<Contour name="d56sp09" hidden="false" closed="true" simplified="true" border="1 0 0" fill="1 0 0" mode="11"
 points="23.6661 22.5194,
	23.6617 22.5183,
	23.6596 22.5183,
	23.6552 22.514,
	23.6465 22.5097,
	23.6422 22.5053,
	23.6412 22.5032,
	23.639 22.5032,
	23.6324 22.4967,
	23.6281 22.4956,
	23.6217 22.488,
	23.6183 22.4837,
	23.6183 22.4815,
	23.6108 22.4739,
	23.6076 22.4653,
	23.6065 22.4479,
	23.6065 22.4436,
	23.6065 22.4425,
	23.6065 22.4414,
	23.6119 22.4241,
	23.6194 22.4067,
	23.6238 22.4023,
	23.626 22.4023,
	23.626 22.4002,
	23.6433 22.3872,
	23.6781 22.372,
	23.7127 22.3688,
	23.73 22.3688,
	23.7474 22.372,
	23.7496 22.3731,
	23.7496 22.3752,
	23.7322 22.3883,
	23.7279 22.3904,
	23.7247 22.3948,
	23.7225 22.397,
	23.7203 22.397,
	23.7127 22.4045,
	23.7051 22.41,
	23.6965 22.4186,
	23.6899 22.4273,
	23.6888 22.4305,
	23.6824 22.4393,
	23.6791 22.4479,
	23.6758 22.4523,
	23.6737 22.4544,
	23.6704 22.4891,
	23.6683 22.5065,
	23.6672 22.5151,
	"/>
</Transform>

<Transform dim="0"
 xcoef=" 0 1 0 0 0 0"
 ycoef=" 0 0 1 0 0 0">
<Contour name="d39sp10" hidden="false" closed="true" simplified="true" border="1 0 0" fill="1 0 0" mode="11"
 points="11.3071 29.2103,
	11.303 29.2082,
	11.2945 29.2056,
	11.2935 29.2056,
	11.2929 29.2046,
	11.2908 29.204,
	11.2872 29.2009,
	11.2872 29.1998,
	11.2861 29.1987,
	11.2861 29.1945,
	11.2851 29.1925,
	11.2841 29.184,
	11.2841 29.1819,
	11.2813 29.1736,
	11.2808 29.1714,
	11.2808 29.1703,
	11.2793 29.1682,
	11.2766 29.1599,
	11.2746 29.1556,
	11.273 29.1535,
	11.272 29.1525,
	11.2709 29.1525,
	11.2704 29.1514,
	11.2661 29.1504,
	11.2619 29.1483,
	11.2598 29.1478,
	11.2588 29.1467,
	11.242 29.1446,
	11.2335 29.1446,
	11.2251 29.1435,
	11.2209 29.1435,
	11.2167 29.1425,
	11.2125 29.1425,
	11.2083 29.1404,
	11.2004 29.1378,
	11.1962 29.1351,
	11.1941 29.1331,
	11.193 29.1331,
	11.1894 29.1299,
	11.1825 29.122,
	11.1809 29.1204,
	11.1809 29.1194,
	11.1778 29.1163,
	11.1747 29.112,
	11.1741 29.1099,
	11.1715 29.1057,
	11.171 29.1036,
	11.1699 29.1031,
	11.1688 29.0988,
	11.1678 29.0967,
	11.1673 29.0926,
	11.1662 29.0915,
	11.1641 29.0747,
	11.1641 29.0663,
	11.1641 29.0647,
	11.1641 29.0642,
	11.1657 29.0557,
	11.1673 29.0515,
	11.1678 29.0474,
	11.1678 29.0463,
	11.1688 29.0453,
	11.171 29.0368,
	11.1721 29.0358,
	11.1778 29.019,
	11.1794 29.0174,
	11.1794 29.0164,
	11.1847 29.0089,
	11.1915 29.0022,
	11.1983 28.9942,
	11.2114 28.9806,
	11.2188 28.9748,
	11.2209 28.9726,
	11.2251 28.9711,
	11.2335 28.9695,
	11.2503 28.97,
	11.2588 28.9711,
	11.2672 28.9731,
	11.2682 28.9731,
	11.2692 28.9743,
	11.2735 28.9748,
	11.2746 28.9759,
	11.2787 28.9774,
	11.2829 28.9779,
	11.2872 28.9795,
	11.304 28.9806,
	11.3124 28.9816,
	11.3208 28.9837,
	11.3376 28.9863,
	11.3397 28.9863,
	11.3419 28.9873,
	11.3502 28.9885,
	11.3544 28.9901,
	11.3629 28.9911,
	11.3639 28.9911,
	11.366 28.9895,
	11.3745 28.9863,
	11.3786 28.9853,
	11.3807 28.9842,
	11.3818 28.9842,
	11.3828 28.9832,
	11.3913 28.9821,
	11.4039 28.9821,
	11.4123 28.9858,
	11.415 28.9895,
	11.415 28.9979,
	11.4144 29.0022,
	11.4118 29.0105,
	11.4102 29.0147,
	11.4096 29.0316,
	11.4102 29.0399,
	11.4102 29.042,
	11.4129 29.0458,
	11.4144 29.0479,
	11.4186 29.0494,
	11.4228 29.05,
	11.4238 29.051,
	11.4323 29.0526,
	11.4365 29.0547,
	11.4407 29.0552,
	11.4428 29.0568,
	11.4439 29.0568,
	11.447 29.0605,
	11.4491 29.0621,
	11.4496 29.0663,
	11.4491 29.0704,
	11.4491 29.0725,
	11.4475 29.0768,
	11.447 29.081,
	11.446 29.0831,
	11.446 29.0841,
	11.4449 29.0851,
	11.4444 29.0894,
	11.4423 29.0936,
	11.4423 29.0957,
	11.4354 29.1125,
	11.4333 29.1168,
	11.4328 29.1189,
	11.4318 29.1194,
	11.4318 29.1204,
	11.4307 29.1215,
	11.4302 29.1236,
	11.4197 29.1398,
	11.417 29.144,
	11.416 29.1462,
	11.415 29.1473,
	11.4144 29.1493,
	11.4134 29.1499,
	11.4129 29.152,
	11.4102 29.1556,
	11.4091 29.1577,
	11.4081 29.1588,
	11.4044 29.1672,
	11.4023 29.1714,
	11.4013 29.1719,
	11.4013 29.173,
	11.3954 29.1798,
	11.3918 29.183,
	11.3907 29.184,
	11.3897 29.184,
	11.386 29.1867,
	11.385 29.1878,
	11.3807 29.1893,
	11.3797 29.1904,
	11.3776 29.1904,
	11.3734 29.1925,
	11.3692 29.1935,
	11.367 29.1945,
	11.365 29.1945,
	11.3566 29.1971,
	11.3523 29.1998,
	11.3502 29.2003,
	11.3492 29.2014,
	11.3471 29.2019,
	11.345 29.2035,
	11.3366 29.2066,
	11.3345 29.2072,
	11.3334 29.2072,
	11.3324 29.2082,
	11.3282 29.2082,
	11.3198 29.2098,
	11.3113 29.2103,
	"/>
</Transform>

<Transform dim="0"
 xcoef=" 0 1 0 0 0 0"
 ycoef=" 0 0 1 0 0 0">
<Contour name="d56p09" hidden="false" closed="true" simplified="true" border="1 0 0" fill="1 0 0" mode="11"
 points="23.7977 22.5457,
	23.7819 22.5299,
	23.7977 22.5141,
	23.8135 22.5299,
	"/>
</Transform>

<Transform dim="0"
 xcoef=" 0 1 0 0 0 0"
 ycoef=" 0 0 1 0 0 0">
<Contour name="d56sp11" hidden="false" closed="true" simplified="true" border="1 0 0" fill="1 0 0" mode="11"
 points="25.0254 22.8168,
	24.9979 22.8164,
	24.9911 22.816,
	24.9842 22.8138,
	24.9825 22.8138,
	24.9816 22.813,
	24.9748 22.8104,
	24.9731 22.81,
	24.9727 22.8091,
	24.9662 22.8062,
	24.9645 22.8048,
	24.9636 22.8048,
	24.9606 22.8018,
	24.9598 22.8018,
	24.9473 22.7928,
	24.9443 22.7897,
	24.9426 22.788,
	24.9416 22.7868,
	24.9399 22.7859,
	24.9391 22.7842,
	24.9275 22.7713,
	24.9215 22.7649,
	24.9185 22.7618,
	24.9181 22.7601,
	24.9151 22.7571,
	24.9137 22.7563,
	24.9129 22.7546,
	24.9099 22.752,
	24.9077 22.749,
	24.9048 22.7459,
	24.9026 22.743,
	24.9009 22.7412,
	24.9001 22.7395,
	24.8974 22.7374,
	24.8974 22.7366,
	24.8949 22.7344,
	24.8902 22.7283,
	24.8893 22.7266,
	24.8885 22.7262,
	24.888 22.7245,
	24.8863 22.7228,
	24.8841 22.7193,
	24.8832 22.7176,
	24.8824 22.7167,
	24.882 22.715,
	24.8794 22.7116,
	24.8777 22.7086,
	24.8764 22.7069,
	24.8751 22.7034,
	24.8739 22.7017,
	24.8708 22.6953,
	24.8703 22.6919,
	24.8695 22.6901,
	24.8682 22.6626,
	24.8682 22.6592,
	24.8682 22.6588,
	24.8703 22.6519,
	24.8703 22.6502,
	24.8712 22.6494,
	24.8712 22.6484,
	24.8721 22.648,
	24.8734 22.6446,
	24.8739 22.6429,
	24.8751 22.6412,
	24.876 22.6407,
	24.8764 22.639,
	24.879 22.636,
	24.8794 22.6342,
	24.882 22.6313,
	24.8828 22.6296,
	24.8885 22.6227,
	24.8931 22.6171,
	24.8953 22.6145,
	24.9018 22.6077,
	24.9043 22.6055,
	24.9065 22.6025,
	24.912 22.5978,
	24.9151 22.5952,
	24.9168 22.5935,
	24.9177 22.5935,
	24.9189 22.5918,
	24.9253 22.5875,
	24.927 22.5866,
	24.9288 22.5849,
	24.9323 22.5828,
	24.9357 22.5815,
	24.9391 22.5793,
	24.9399 22.5785,
	24.9416 22.5781,
	24.9452 22.5758,
	24.9486 22.575,
	24.9623 22.5694,
	24.9898 22.5639,
	25.0173 22.5635,
	25.0311 22.5647,
	25.0448 22.5669,
	25.0457 22.5669,
	25.0465 22.5677,
	25.0603 22.5724,
	25.0671 22.5737,
	25.0688 22.5746,
	25.0696 22.5754,
	25.0715 22.5758,
	25.0723 22.5758,
	25.0732 22.5767,
	25.08 22.5789,
	25.0869 22.5832,
	25.0886 22.5845,
	25.0903 22.5849,
	25.0929 22.5875,
	25.0963 22.5896,
	25.098 22.5909,
	25.099 22.5909,
	25.1002 22.5927,
	25.1058 22.5965,
	25.1092 22.5999,
	25.1117 22.6029,
	25.1126 22.6046,
	25.1144 22.6064,
	25.1153 22.6081,
	25.117 22.6094,
	25.1191 22.6124,
	25.12 22.6141,
	25.1208 22.6149,
	25.1212 22.6167,
	25.1225 22.6184,
	25.1225 22.6192,
	25.1238 22.621,
	25.1242 22.6227,
	25.1255 22.624,
	25.1299 22.6378,
	25.1328 22.6515,
	25.135 22.6653,
	25.1358 22.679,
	25.1358 22.6927,
	25.1367 22.7065,
	25.1363 22.7202,
	25.135 22.7271,
	25.1341 22.7305,
	25.1337 22.7322,
	25.1328 22.733,
	25.1328 22.7348,
	25.1299 22.7417,
	25.1294 22.7434,
	25.1294 22.7442,
	25.1272 22.7476,
	25.1259 22.7512,
	25.1238 22.7546,
	25.1238 22.7554,
	25.1217 22.7588,
	25.1208 22.7597,
	25.1204 22.7614,
	25.1153 22.7679,
	25.1088 22.7743,
	25.1058 22.776,
	25.0994 22.7829,
	25.0959 22.7863,
	25.0942 22.788,
	25.0907 22.7897,
	25.089 22.7902,
	25.0856 22.7928,
	25.0848 22.7928,
	25.0783 22.7967,
	25.0774 22.7967,
	25.0766 22.7975,
	25.0757 22.7975,
	25.0744 22.7988,
	25.0727 22.7988,
	25.071 22.8001,
	25.0675 22.8014,
	25.0658 22.8022,
	25.065 22.8022,
	25.0615 22.8043,
	25.0598 22.8053,
	25.059 22.8053,
	25.0555 22.8074,
	25.0486 22.8104,
	25.0417 22.8121,
	25.0409 22.813,
	25.04 22.813,
	25.0392 22.8138,
	25.0358 22.8143,
	25.0323 22.8155,
	"/>
</Transform>

<Transform dim="0"
 xcoef=" 0 1 0 0 0 0"
 ycoef=" 0 0 1 0 0 0">
<Contour name="d63p14" hidden="false" closed="true" simplified="true" border="1 0 0" fill="1 0 0" mode="11"
 points="20.7701 27.2764,
	20.7552 27.249,
	20.785 27.249,
	"/>
</Transform>

<Transform dim="0"
 xcoef=" 0 1 0 0 0 0"
 ycoef=" 0 0 1 0 0 0">
<Contour name="d63c14" hidden="false" closed="true" simplified="true" border="0 0 1" fill="0 0 1" mode="11"
 points="20.6594 27.4253,
	20.6481 27.4231,
	20.6376 27.4189,
	20.6264 27.4112,
	20.6243 27.4097,
	20.6193 27.4041,
	20.6151 27.3929,
	20.6144 27.3817,
	20.6144 27.3795,
	20.6144 27.3788,
	20.62 27.3676,
	20.6285 27.357,
	20.6312 27.3542,
	20.6326 27.352,
	20.6432 27.3416,
	20.6531 27.3324,
	20.658 27.3275,
	20.6601 27.3261,
	20.6608 27.3247,
	20.6636 27.3239,
	20.6742 27.3141,
	20.6854 27.3057,
	20.691 27.3029,
	20.6939 27.3008,
	20.6995 27.2994,
	20.7108 27.2944,
	20.7332 27.2874,
	20.7445 27.2832,
	20.7473 27.281,
	20.7698 27.2719,
	20.7754 27.2698,
	20.7783 27.2684,
	20.7797 27.2669,
	20.7811 27.2669,
	20.7832 27.2648,
	20.786 27.2642,
	20.7881 27.2614,
	20.7909 27.2607,
	20.7924 27.2607,
	20.798 27.2558,
	20.8036 27.2536,
	20.8254 27.2417,
	20.8367 27.2367,
	20.8395 27.236,
	20.8451 27.2325,
	20.8465 27.2311,
	20.8494 27.2304,
	20.8514 27.2283,
	20.8528 27.2283,
	20.8556 27.2262,
	20.8584 27.2255,
	20.8634 27.2212,
	20.8683 27.2185,
	20.8711 27.2178,
	20.8718 27.2164,
	20.8943 27.2086,
	20.9055 27.2065,
	20.9225 27.2065,
	20.9253 27.2072,
	20.9267 27.2086,
	20.9295 27.2093,
	20.9345 27.2136,
	20.9372 27.2192,
	20.9393 27.2219,
	20.9456 27.2445,
	20.9477 27.2501,
	20.9499 27.2614,
	20.9506 27.2726,
	20.9506 27.2782,
	20.9506 27.281,
	20.9442 27.2916,
	20.9421 27.293,
	20.94 27.2958,
	20.9359 27.2994,
	20.9246 27.3071,
	20.914 27.3127,
	20.9112 27.3148,
	20.9105 27.3162,
	20.9077 27.3169,
	20.9027 27.3204,
	20.8915 27.3254,
	20.8803 27.3317,
	20.8774 27.3324,
	20.8662 27.3387,
	20.8605 27.3416,
	20.8577 27.3423,
	20.8563 27.3437,
	20.8549 27.3437,
	20.8521 27.3458,
	20.8296 27.3549,
	20.8183 27.3605,
	20.8071 27.3647,
	20.8015 27.3661,
	20.8001 27.3676,
	20.7888 27.3718,
	20.786 27.3732,
	20.7846 27.3746,
	20.7832 27.3746,
	20.7811 27.3774,
	20.7705 27.3824,
	20.7677 27.3838,
	20.7663 27.3852,
	20.7635 27.3852,
	20.7607 27.3866,
	20.7593 27.3866,
	20.7537 27.3901,
	20.7509 27.3908,
	20.7452 27.3943,
	20.7396 27.3964,
	20.7178 27.4083,
	20.7122 27.4105,
	20.7108 27.4105,
	20.7058 27.4147,
	20.7002 27.4161,
	20.6988 27.4175,
	20.6875 27.4217,
	20.6819 27.4238,
	20.6707 27.4253,
	"/>
</Transform>

<Transform dim="0"
 xcoef=" 0 1 0 0 0 0"
 ycoef=" 0 0 1 0 0 0">
<Contour name="d39c08" hidden="false" closed="true" simplified="true" border="0 0 1" fill="0 0 1" mode="11"
 points="11.9358 27.8686,
	11.9255 27.868,
	11.9151 27.8661,
	11.9099 27.8647,
	11.9072 27.8647,
	11.8969 27.8608,
	11.8916 27.8589,
	11.8903 27.8589,
	11.889 27.8576,
	11.8877 27.8576,
	11.8864 27.8563,
	11.8766 27.8517,
	11.8753 27.8503,
	11.874 27.8503,
	11.8715 27.8484,
	11.8702 27.8471,
	11.8689 27.8471,
	11.8584 27.8394,
	11.8533 27.836,
	11.8506 27.8341,
	11.848 27.8334,
	11.8461 27.8309,
	11.8369 27.8237,
	11.833 27.8198,
	11.8304 27.8172,
	11.8291 27.8152,
	11.8206 27.8061,
	11.8194 27.8042,
	11.8168 27.8016,
	11.8161 27.7996,
	11.8142 27.7971,
	11.8129 27.7958,
	11.8129 27.7945,
	11.8057 27.7847,
	11.8025 27.7794,
	11.8025 27.7781,
	11.8005 27.7762,
	11.7999 27.7736,
	11.7979 27.7716,
	11.796 27.7665,
	11.7939 27.7638,
	11.7939 27.7612,
	11.792 27.7586,
	11.7888 27.7482,
	11.7881 27.7456,
	11.7881 27.7443,
	11.7868 27.743,
	11.7868 27.7404,
	11.7855 27.7378,
	11.7855 27.7352,
	11.7836 27.73,
	11.7823 27.7195,
	11.7823 27.6988,
	11.7823 27.6935,
	11.7823 27.6928,
	11.7823 27.6922,
	11.7862 27.6714,
	11.7881 27.6662,
	11.7888 27.661,
	11.7907 27.6558,
	11.7914 27.6532,
	11.7999 27.6454,
	11.8097 27.6376,
	11.82 27.6362,
	11.8304 27.6369,
	11.8409 27.6415,
	11.8428 27.6421,
	11.8526 27.6499,
	11.8546 27.6519,
	11.8558 27.6519,
	11.8584 27.6545,
	11.863 27.6577,
	11.8643 27.6577,
	11.8689 27.661,
	11.8702 27.6629,
	11.8753 27.6662,
	11.8773 27.6688,
	11.8786 27.6688,
	11.8871 27.6779,
	11.902 27.6955,
	11.9085 27.7046,
	11.9125 27.7098,
	11.9138 27.7111,
	11.9138 27.7124,
	11.9164 27.7144,
	11.917 27.717,
	11.9183 27.717,
	11.9202 27.7195,
	11.9215 27.7195,
	11.9313 27.7287,
	11.9358 27.7326,
	11.9371 27.7339,
	11.9385 27.7339,
	11.9469 27.7424,
	11.9508 27.7469,
	11.9613 27.756,
	11.9658 27.7606,
	11.9678 27.7631,
	11.9698 27.7644,
	11.9762 27.7742,
	11.9788 27.7788,
	11.9802 27.784,
	11.9815 27.7866,
	11.9815 27.7918,
	11.9828 27.7971,
	11.9828 27.8074,
	11.9828 27.8127,
	11.9815 27.8178,
	11.9788 27.8231,
	11.9788 27.8244,
	11.9775 27.825,
	11.9756 27.8302,
	11.9736 27.8328,
	11.973 27.8354,
	11.9717 27.8368,
	11.9717 27.8381,
	11.9704 27.8387,
	11.9698 27.8413,
	11.9625 27.8517,
	11.9613 27.8543,
	11.9587 27.8563,
	11.9587 27.8576,
	11.9541 27.8621,
	11.9515 27.864,
	11.9489 27.8647,
	11.9463 27.8667,
	"/>
</Transform>

<Transform dim="0"
 xcoef=" 0 1 0 0 0 0"
 ycoef=" 0 0 1 0 0 0">
<Contour name="d39c10" hidden="false" closed="true" simplified="true" border="0 0 1" fill="0 0 1" mode="11"
 points="11.3465 29.0536,
	11.3392 29.0532,
	11.3321 29.0518,
	11.3285 29.0505,
	11.3249 29.05,
	11.3213 29.0487,
	11.3177 29.0483,
	11.3168 29.0474,
	11.3133 29.0465,
	11.306 29.0432,
	11.2989 29.0415,
	11.2916 29.0406,
	11.2845 29.0388,
	11.2808 29.0379,
	11.2791 29.037,
	11.2773 29.037,
	11.2755 29.0361,
	11.2746 29.0361,
	11.2737 29.0352,
	11.2665 29.033,
	11.2593 29.0298,
	11.2584 29.0289,
	11.2575 29.0289,
	11.2507 29.0235,
	11.2476 29.0208,
	11.2467 29.0204,
	11.2467 29.0195,
	11.2458 29.0195,
	11.2427 29.0164,
	11.2404 29.0127,
	11.239 29.0114,
	11.2386 29.0096,
	11.2377 29.0091,
	11.2359 29.002,
	11.235 28.9983,
	11.235 28.9912,
	11.235 28.9875,
	11.235 28.9857,
	11.235 28.9853,
	11.235 28.9848,
	11.239 28.9705,
	11.2404 28.9669,
	11.2408 28.9651,
	11.2423 28.9638,
	11.2427 28.9602,
	11.244 28.9565,
	11.2449 28.9556,
	11.2454 28.9539,
	11.2467 28.9521,
	11.2499 28.9454,
	11.2543 28.939,
	11.2575 28.9359,
	11.2593 28.9346,
	11.2665 28.9328,
	11.2808 28.9328,
	11.2952 28.9341,
	11.3025 28.9346,
	11.3096 28.9359,
	11.3114 28.9359,
	11.3133 28.9368,
	11.3151 28.9368,
	11.3294 28.9408,
	11.3366 28.9426,
	11.3401 28.943,
	11.3438 28.9444,
	11.3456 28.9444,
	11.3492 28.9463,
	11.3564 28.9485,
	11.3573 28.9494,
	11.3609 28.9503,
	11.3627 28.9512,
	11.3635 28.9512,
	11.364 28.9521,
	11.3676 28.953,
	11.3748 28.9583,
	11.377 28.9611,
	11.3802 28.9647,
	11.3834 28.9714,
	11.3874 28.9781,
	11.3878 28.9799,
	11.3878 28.9808,
	11.3887 28.9817,
	11.3896 28.9853,
	11.3901 28.9871,
	11.391 28.9881,
	11.3919 28.9916,
	11.3923 28.9934,
	11.3923 28.9943,
	11.3932 28.9952,
	11.3936 29.0024,
	11.3936 29.006,
	11.3936 29.0078,
	11.3927 29.0096,
	11.3927 29.0105,
	11.3919 29.0114,
	11.3914 29.0149,
	11.3905 29.0158,
	11.3896 29.0195,
	11.3878 29.0231,
	11.3869 29.0249,
	11.3861 29.0253,
	11.3856 29.0271,
	11.381 29.0334,
	11.3788 29.0366,
	11.3779 29.037,
	11.3779 29.0379,
	11.3761 29.0392,
	11.3761 29.0401,
	11.3708 29.046,
	11.3671 29.0487,
	11.3653 29.05,
	11.3635 29.0505,
	11.3627 29.0505,
	11.3609 29.0518,
	"/>
</Transform>

<Transform dim="0"
 xcoef=" 0 1 0 0 0 0"
 ycoef=" 0 0 1 0 0 0">
<Contour name="d28sp09" hidden="false" closed="true" simplified="true" border="1 0 0" fill="1 0 0" mode="11"
 points="6.59166 22.9573,
	6.58831 22.954,
	6.5858 22.9406,
	6.5858 22.9347,
	6.5858 22.9339,
	6.58831 22.9272,
	6.59753 22.9162,
	6.60255 22.9112,
	6.60759 22.9046,
	6.61093 22.8978,
	6.61262 22.8912,
	6.61262 22.8643,
	6.60507 22.8375,
	6.60255 22.8107,
	6.60507 22.7973,
	6.60674 22.7905,
	6.60843 22.7897,
	6.60843 22.7863,
	6.6101 22.783,
	6.61178 22.7814,
	6.61178 22.7797,
	6.61345 22.778,
	6.61429 22.7746,
	6.61597 22.7738,
	6.61681 22.7704,
	6.62099 22.7638,
	6.62351 22.7579,
	6.62435 22.7545,
	6.62687 22.7512,
	6.63189 22.7378,
	6.63441 22.7345,
	6.63525 22.731,
	6.63775 22.7277,
	6.6386 22.7244,
	6.64027 22.7227,
	6.64027 22.721,
	6.64195 22.7193,
	6.64446 22.7126,
	6.64446 22.711,
	6.64698 22.7085,
	6.64698 22.7068,
	6.64865 22.706,
	6.64865 22.7042,
	6.65703 22.6917,
	6.66038 22.6858,
	6.67211 22.674,
	6.67799 22.6699,
	6.67882 22.6682,
	6.6805 22.6682,
	6.69307 22.659,
	6.6981 22.6556,
	6.7048 22.6506,
	6.70648 22.6506,
	6.71905 22.6414,
	6.72575 22.6372,
	6.72911 22.6364,
	6.73498 22.6321,
	6.74838 22.628,
	6.75173 22.6263,
	6.77185 22.6263,
	6.78526 22.6313,
	6.79112 22.633,
	6.79364 22.6347,
	6.79531 22.6347,
	6.79866 22.6372,
	6.80202 22.6372,
	6.80873 22.6397,
	6.81208 22.6405,
	6.81375 22.6422,
	6.82046 22.6439,
	6.82717 22.6472,
	6.83051 22.648,
	6.83386 22.6506,
	6.83722 22.6515,
	6.8389 22.6515,
	6.8523 22.6606,
	6.86236 22.6699,
	6.86655 22.6765,
	6.86822 22.6775,
	6.86822 22.6791,
	6.87074 22.6808,
	6.8741 22.6875,
	6.87912 22.6934,
	6.88164 22.7,
	6.88331 22.7034,
	6.88331 22.7068,
	6.88834 22.7202,
	6.89169 22.7335,
	6.89337 22.7469,
	6.89421 22.7738,
	6.89421 22.7805,
	6.8984 22.7931,
	6.89923 22.7964,
	6.90091 22.7973,
	6.90175 22.8039,
	6.9051 22.8107,
	6.9051 22.814,
	6.91432 22.84,
	6.91684 22.8534,
	6.91684 22.8803,
	6.916 22.8937,
	6.91181 22.9071,
	6.90929 22.9137,
	6.9051 22.9205,
	6.9051 22.9222,
	6.89421 22.9331,
	6.89169 22.9356,
	6.88834 22.9364,
	6.88164 22.9406,
	6.86822 22.9439,
	6.86487 22.9439,
	6.86153 22.9456,
	6.84811 22.9464,
	6.82129 22.9439,
	6.80789 22.9431,
	6.75425 22.9447,
	6.74755 22.9464,
	6.69391 22.9464,
	6.66709 22.9447,
	6.66038 22.9439,
	6.60674 22.9556,
	6.59334 22.9573,
	"/>
</Transform>

<Transform dim="0"
 xcoef=" 0 1 0 0 0 0"
 ycoef=" 0 0 1 0 0 0">
<Contour name="d63p15" hidden="false" closed="true" simplified="true" border="1 0 0" fill="1 0 0" mode="11"
 points="20.382 27.3685,
	20.3645 27.351,
	20.382 27.3336,
	20.3994 27.351,
	"/>
</Transform>

<Transform dim="0"
 xcoef=" 0 1 0 0 0 0"
 ycoef=" 0 0 1 0 0 0">
<Contour name="d28sp08" hidden="false" closed="true" simplified="true" border="1 0 0" fill="1 0 0" mode="11"
 points="6.46314 24.3811,
	6.45751 24.3797,
	6.45188 24.3776,
	6.45047 24.3773,
	6.45012 24.3766,
	6.44871 24.3766,
	6.44661 24.3748,
	6.4459 24.3748,
	6.44449 24.3738,
	6.44379 24.3738,
	6.44132 24.372,
	6.43992 24.3713,
	6.43922 24.3706,
	6.43851 24.3706,
	6.43322 24.367,
	6.43112 24.3649,
	6.42971 24.3642,
	6.42971 24.3635,
	6.42689 24.3611,
	6.42478 24.359,
	6.42373 24.3576,
	6.42373 24.3569,
	6.41914 24.3516,
	6.41563 24.3463,
	6.41387 24.3435,
	6.41281 24.3418,
	6.4121 24.3411,
	6.4121 24.3404,
	6.4114 24.3396,
	6.41105 24.3382,
	6.41105 24.3375,
	6.41035 24.3368,
	6.40683 24.3256,
	6.40683 24.3227,
	6.40612 24.3199,
	6.40542 24.3185,
	6.40542 24.3157,
	6.40401 24.31,
	6.40366 24.3072,
	6.40049 24.2959,
	6.39838 24.2903,
	6.39767 24.2875,
	6.39767 24.2868,
	6.39697 24.2865,
	6.39662 24.2868,
	6.39626 24.2855,
	6.39626 24.2851,
	6.39626 24.2848,
	6.39662 24.2844,
	6.39838 24.2861,
	6.39979 24.2861,
	6.4012 24.2868,
	6.40155 24.2875,
	6.40296 24.2879,
	6.40366 24.2879,
	6.40401 24.2886,
	6.40542 24.2889,
	6.40683 24.29,
	6.40753 24.2907,
	6.40894 24.291,
	6.41175 24.2928,
	6.4121 24.2935,
	6.41281 24.2935,
	6.41387 24.2949,
	6.41844 24.2988,
	6.42055 24.3013,
	6.42126 24.3016,
	6.42126 24.3023,
	6.42267 24.303,
	6.42443 24.3055,
	6.42583 24.3065,
	6.42583 24.3072,
	6.43534 24.3168,
	6.43816 24.3196,
	6.44062 24.3213,
	6.4452 24.3259,
	6.44766 24.3273,
	6.45294 24.3312,
	6.45329 24.3319,
	6.4547 24.3322,
	6.46033 24.3361,
	6.46174 24.3364,
	6.46455 24.3385,
	6.46949 24.3411,
	6.47512 24.3435,
	6.47793 24.3439,
	6.47863 24.3439,
	6.47934 24.3446,
	6.48498 24.3456,
	6.48638 24.3463,
	6.49765 24.3467,
	6.50891 24.3456,
	6.51173 24.3446,
	6.51243 24.3446,
	6.51314 24.3439,
	6.53566 24.34,
	6.53637 24.3404,
	6.53531 24.3432,
	6.53355 24.346,
	6.53284 24.3467,
	6.53284 24.3474,
	6.52757 24.3523,
	6.5251 24.354,
	6.52439 24.3552,
	6.51912 24.3587,
	6.51841 24.3594,
	6.51771 24.3594,
	6.51489 24.3614,
	6.51419 24.3614,
	6.51137 24.3632,
	6.50926 24.3649,
	6.50785 24.366,
	6.5068 24.3663,
	6.50539 24.3674,
	6.50469 24.3674,
	6.50187 24.3696,
	6.50046 24.3706,
	6.49976 24.3706,
	6.49835 24.372,
	6.49694 24.3724,
	6.49553 24.3738,
	6.49412 24.3741,
	6.49271 24.3752,
	6.49202 24.3752,
	6.49061 24.3762,
	6.4899 24.3762,
	6.4892 24.3769,
	6.48638 24.3776,
	6.48567 24.3783,
	6.47441 24.3804,
	6.47159 24.3811,
	"/>
</Transform>

<Transform dim="0"
 xcoef=" 0 1 0 0 0 0"
 ycoef=" 0 0 1 0 0 0">
<Contour name="d28p08" hidden="false" closed="true" simplified="true" border="1 0 0" fill="1 0 0" mode="11"
 points="6.47856 24.28,
	6.45176 24.2531,
	6.47856 24.2264,
	6.50536 24.2531,
	"/>
</Transform>

<Transform dim="0"
 xcoef=" 0 1 0 0 0 0"
 ycoef=" 0 0 1 0 0 0">
<Contour name="mito03" hidden="false" closed="false" simplified="true" border="1 0 0" fill="1 0 0" mode="11"
 points="13.316 16.5618,
	13.5252 16.3711,
	"/>
</Transform>

<Transform dim="0"
 xcoef=" 0 1 0 0 0 0"
 ycoef=" 0 0 1 0 0 0">
<Contour name="d63cfa14" hidden="false" closed="false" simplified="true" border="0 1 0" fill="1 0 0" mode="11"
 points="20.9373 27.2286,
	20.9186 27.2357,
	20.8964 27.2429,
	20.8727 27.2544,
	20.8426 27.2681,
	20.8083 27.2874,
	20.7387 27.3275,
	20.6885 27.3518,
	20.6197 27.3913,
	"/>
</Transform>

<Transform dim="0"
 xcoef=" 0 1 0 0 0 0"
 ycoef=" 0 0 1 0 0 0">
<Contour name="d39cfa08" hidden="false" closed="false" simplified="true" border="0 1 0" fill="1 0 0" mode="11"
 points="11.9796 27.8135,
	11.953 27.7972,
	11.9223 27.7751,
	11.8879 27.7517,
	11.865 27.7308,
	11.8475 27.7002,
	11.837 27.6722,
	11.828 27.643,
	"/>
</Transform>

<Transform dim="0"
 xcoef=" 0 1 0 0 0 0"
 ycoef=" 0 0 1 0 0 0">
<Contour name="d39cfa10" hidden="false" closed="false" simplified="true" border="0 1 0" fill="1 0 0" mode="11"
 points="11.2382 28.9882,
	11.245 28.9903,
	11.2629 28.997,
	11.2939 29.0071,
	11.3155 29.0133,
	11.3297 29.0181,
	11.3491 29.0207,
	11.368 29.0166,
	11.3912 29.0024,
	"/>
</Transform>

<Transform dim="0"
 xcoef=" 0 1 0 0 0 0"
 ycoef=" 0 0 1 0 0 0">
<Contour name="d28endos02_mvb" hidden="false" closed="true" simplified="true" border="1 0.502 0" fill="1 0 0" mode="11"
 points="6.83839 23.8675,
	6.83862 23.8587,
	6.83932 23.8499,
	6.84047 23.8412,
	6.84208 23.8326,
	6.84414 23.8243,
	6.84663 23.8161,
	6.84954 23.8083,
	6.85286 23.8007,
	6.85656 23.7935,
	6.86063 23.7868,
	6.86505 23.7804,
	6.86978 23.7745,
	6.87481 23.7692,
	6.88011 23.7643,
	6.88566 23.76,
	6.89141 23.7563,
	6.89734 23.7532,
	6.90341 23.7508,
	6.9096 23.7489,
	6.91588 23.7477,
	6.92219 23.7471,
	6.92853 23.7472,
	6.93484 23.7479,
	6.94109 23.7493,
	6.94726 23.7513,
	6.9533 23.754,
	6.95919 23.7572,
	6.96489 23.7611,
	6.97037 23.7655,
	6.97561 23.7705,
	6.98057 23.776,
	6.98523 23.782,
	6.98956 23.7884,
	6.99354 23.7953,
	6.99715 23.8026,
	7.00036 23.8102,
	7.00317 23.8181,
	7.00555 23.8263,
	7.0075 23.8347,
	7.009 23.8433,
	7.01004 23.8521,
	7.01062 23.8609,
	7.01074 23.8697,
	7.01039 23.8786,
	7.00958 23.8874,
	7.0083 23.896,
	7.00658 23.9045,
	7.00442 23.9129,
	7.00182 23.9209,
	6.99881 23.9287,
	6.99539 23.9362,
	6.99159 23.9432,
	6.98744 23.9499,
	6.98294 23.9561,
	6.97813 23.9619,
	6.97302 23.9671,
	6.96766 23.9718,
	6.96206 23.976,
	6.95627 23.9795,
	6.9503 23.9825,
	6.94419 23.9848,
	6.93797 23.9865,
	6.93169 23.9876,
	6.92536 23.988,
	6.91903 23.9877,
	6.91273 23.9868,
	6.9065 23.9853,
	6.90036 23.9831,
	6.89435 23.9803,
	6.88851 23.9769,
	6.88286 23.9729,
	6.87743 23.9684,
	6.87226 23.9633,
	6.86737 23.9576,
	6.8628 23.9515,
	6.85855 23.9449,
	6.85466 23.938,
	6.85115 23.9306,
	6.84803 23.9229,
	6.84533 23.9149,
	6.84306 23.9066,
	6.84122 23.8982,
	6.83984 23.8895,
	6.83891 23.8808,
	"/>
</Transform>

<Transform dim="0"
 xcoef=" 0 1 0 0 0 0"
 ycoef=" 0 0 1 0 0 0">
<Contour name="d39_Interest_07possiblelys" hidden="false" closed="true" simplified="true" border="0 0 0" fill="0 0 1" mode="11"
 points="11.6825 28.7023,
	11.683 28.6957,
	11.6846 28.6892,
	11.6873 28.683,
	11.691 28.677,
	11.6956 28.6714,
	11.7011 28.6662,
	11.7074 28.6616,
	11.7145 28.6576,
	11.7221 28.6542,
	11.7303 28.6516,
	11.7388 28.6497,
	11.7475 28.6486,
	11.7564 28.6483,
	11.7653 28.6488,
	11.774 28.6501,
	11.7824 28.6522,
	11.7904 28.655,
	11.7979 28.6585,
	11.8048 28.6627,
	11.8109 28.6675,
	11.8162 28.6727,
	11.8206 28.6784,
	11.8241 28.6845,
	11.8265 28.6909,
	11.8278 28.6974,
	11.8281 28.7039,
	11.8273 28.7105,
	11.8254 28.7169,
	11.8225 28.7231,
	11.8185 28.729,
	11.8137 28.7345,
	11.8079 28.7396,
	11.8014 28.744,
	11.7942 28.7479,
	11.7865 28.7511,
	11.7782 28.7535,
	11.7696 28.7552,
	11.7608 28.7561,
	11.752 28.7562,
	11.7431 28.7555,
	11.7345 28.754,
	11.7261 28.7517,
	11.7182 28.7487,
	11.7109 28.7451,
	11.7042 28.7407,
	11.6983 28.7358,
	11.6932 28.7304,
	11.689 28.7246,
	11.6858 28.7185,
	11.6837 28.7121,
	"/>
</Transform>

<Transform dim="0"
 xcoef=" 0 1 0 0 0 0"
 ycoef=" 0 0 1 0 0 0">
<Contour name="d63rb15" hidden="false" closed="true" simplified="false" border="0 0 1" fill="1 0 1" mode="11"
 points="20.3093 27.2826,
	20.3093 27.2793,
	20.3126 27.2759,
	20.3159 27.2759,
	20.3193 27.2793,
	20.3193 27.2826,
	20.3159 27.2859,
	20.3126 27.2859,
	"/>
<Contour name="d63rb15" hidden="false" closed="true" simplified="false" border="0 0 1" fill="1 0 1" mode="11"
 points="20.2878 27.2411,
	20.2878 27.2378,
	20.2911 27.2345,
	20.2944 27.2345,
	20.2977 27.2378,
	20.2977 27.2411,
	20.2944 27.2444,
	20.2911 27.2444,
	"/>
</Transform>

<Transform dim="0"
 xcoef=" 0 1 0 0 0 0"
 ycoef=" 0 0 1 0 0 0">
<Contour name="mito03_php2016" hidden="false" closed="false" simplified="true" border="1 0.501961 0.25098" fill="1 0 0" mode="11"
 points="13.3221 16.5692,
	13.5306 16.3863,
	"/>
</Transform>

<Transform dim="0"
 xcoef=" 0 1 0 0 0 0"
 ycoef=" 0 0 1 0 0 0">
<Contour name="d63" comment="dch_traced_06.2019" hidden="false" closed="true" simplified="true" border="1 1 0" fill="1 1 0" mode="11"
 points="19.9771 26.737,
	19.9842 26.6915,
	19.9871 26.6802,
	19.9927 26.6688,
	19.9956 26.6631,
	19.9956 26.6603,
	19.9984 26.6575,
	20.0084 26.6347,
	20.0368 26.5893,
	20.068 26.5439,
	20.0751 26.5325,
	20.1134 26.4885,
	20.1248 26.4786,
	20.1475 26.4644,
	20.1702 26.4445,
	20.1929 26.4317,
	20.2157 26.4246,
	20.2213 26.4218,
	20.227 26.4218,
	20.2725 26.4076,
	20.2838 26.4047,
	20.2952 26.3991,
	20.3406 26.3849,
	20.386 26.3749,
	20.4088 26.3707,
	20.4996 26.3636,
	20.5223 26.3621,
	20.5337 26.3593,
	20.5791 26.355,
	20.6246 26.3565,
	20.67 26.3607,
	20.6927 26.3621,
	20.7154 26.3692,
	20.7382 26.3849,
	20.7495 26.3948,
	20.7552 26.4005,
	20.7779 26.409,
	20.7893 26.4133,
	20.812 26.4289,
	20.8233 26.4402,
	20.839 26.4629,
	20.8418 26.4686,
	20.8475 26.4729,
	20.8503 26.4786,
	20.873 26.4984,
	20.8844 26.5098,
	20.8929 26.5212,
	20.8943 26.5325,
	20.8915 26.5439,
	20.8858 26.5552,
	20.8759 26.5666,
	20.8702 26.5723,
	20.8588 26.5794,
	20.8361 26.5879,
	20.8262 26.595,
	20.8191 26.6064,
	20.8233 26.6518,
	20.8233 26.6745,
	20.8205 26.6859,
	20.8191 26.6915,
	20.8063 26.7143,
	20.7964 26.737,
	20.7964 26.7483,
	20.8035 26.7711,
	20.812 26.7824,
	20.8347 26.8023,
	20.8574 26.8165,
	20.8688 26.8222,
	20.8787 26.8335,
	20.9043 26.879,
	20.9071 26.8818,
	20.9071 26.8846,
	20.9213 26.9074,
	20.9256 26.913,
	20.9341 26.9358,
	20.944 26.9812,
	20.9497 27.0039,
	20.9568 27.0493,
	20.9653 27.1402,
	20.9653 27.1856,
	20.9582 27.2084,
	20.9455 27.2311,
	20.9341 27.2424,
	20.9114 27.2581,
	20.8659 27.2836,
	20.8205 27.3035,
	20.7978 27.3134,
	20.7921 27.3149,
	20.7864 27.3191,
	20.7637 27.329,
	20.7183 27.356,
	20.6956 27.3716,
	20.6728 27.3901,
	20.6615 27.3986,
	20.6388 27.4086,
	20.5479 27.4228,
	20.5365 27.427,
	20.4457 27.4483,
	20.423 27.4526,
	20.4002 27.4526,
	20.3548 27.437,
	20.3434 27.4313,
	20.3378 27.4299,
	20.2923 27.4,
	20.2696 27.3844,
	20.2583 27.3731,
	20.2412 27.3518,
	20.2327 27.3404,
	20.227 27.329,
	20.2114 27.3063,
	20.2043 27.295,
	20.1589 27.2609,
	20.1361 27.2467,
	20.1134 27.2297,
	20.1035 27.2197,
	20.0964 27.2084,
	20.0921 27.197,
	20.0921 27.1913,
	20.0836 27.18,
	20.0623 27.1587,
	20.041 27.1132,
	20.0368 27.0905,
	20.0368 27.0678,
	20.0368 27.0564,
	20.041 27.0337,
	20.0439 27.028,
	20.0481 27.0053,
	20.0495 26.9826,
	20.0481 26.9599,
	20.0481 26.9485,
	20.0339 26.9031,
	19.997 26.8122,
	19.9871 26.7895,
	19.98 26.7668,
	19.9771 26.7441,
	19.9771 26.7384,
	"/>
</Transform>

</Section>