<?xml version="1.0"?>
<!DOCTYPE Section SYSTEM "section.dtd">

<Section index="68" thickness="0.048" alignLocked="true">
<Transform dim="0"
 xcoef=" 0 1 0 0 0 0"
 ycoef=" 0 0 1 0 0 0">
<Image mag="0.002063" contrast="2.15782" brightness="-0.195" red="true" green="true" blue="true"
 src="069____z3.468.jpg" />
<Contour name="domain1" hidden="false" closed="true" simplified="false" border="1 0 1" fill="1 0 1" mode="11"
 points="0 0,
	17236 0,
	17236 17077,
	0 17077,
	"/>
</Transform>

<Transform dim="0"
 xcoef=" 0 1 0 0 0 0"
 ycoef=" 0 0 1 0 0 0">
<Contour name="D39" hidden="false" closed="true" simplified="true" border="0 0 1" fill="0 0 1" mode="11"
 points="10.9963 28.5446,
	10.9449 28.5366,
	10.8986 28.5129,
	10.8619 28.4762,
	10.8301 28.3785,
	10.8382 28.3272,
	10.8619 28.2809,
	10.8986 28.2441,
	10.9449 28.2205,
	10.9963 28.2124,
	11.0476 28.2205,
	11.0939 28.2441,
	11.1307 28.2809,
	11.1543 28.3272,
	11.1624 28.3785,
	11.1543 28.4298,
	11.1307 28.4762,
	11.0939 28.5129,
	11.0476 28.5366,
	"/>
</Transform>

<Transform dim="0"
 xcoef=" 0 1 0 0 0 0"
 ycoef=" 0 0 1 0 0 0">
<Contour name="D56" hidden="false" closed="true" simplified="true" border="1 0 0" fill="1 0 0" mode="11"
 points="24.0744 23.3023,
	24.0312 23.2955,
	23.9923 23.2757,
	23.9612 23.2446,
	23.9346 23.1625,
	23.9414 23.1192,
	23.9612 23.0802,
	23.9923 23.0493,
	24.0312 23.0293,
	24.0744 23.0225,
	24.1176 23.0293,
	24.1567 23.0493,
	24.1876 23.0802,
	24.2076 23.1192,
	24.2144 23.1625,
	24.2076 23.2057,
	24.1876 23.2446,
	24.1567 23.2757,
	24.1176 23.2955,
	"/>
</Transform>

<Transform dim="0"
 xcoef=" 0 1 0 0 0 0"
 ycoef=" 0 0 1 0 0 0">
<Contour name="D31" hidden="false" closed="true" simplified="true" border="0 0 1" fill="0 0 1" mode="11"
 points="14.1294 19.4524,
	14.0757 19.4434,
	14.0272 19.4172,
	13.9887 19.3765,
	13.9554 19.2683,
	13.964 19.2115,
	13.9887 19.1601,
	14.0272 19.1193,
	14.0757 19.0931,
	14.1294 19.0842,
	14.1832 19.0931,
	14.2316 19.1193,
	14.2701 19.1601,
	14.2948 19.2115,
	14.3033 19.2683,
	14.2948 19.3252,
	14.2701 19.3765,
	14.2316 19.4172,
	14.1832 19.4434,
	"/>
</Transform>

<Transform dim="0"
 xcoef=" 0 1 0 0 0 0"
 ycoef=" 0 0 1 0 0 0">
<Contour name="D28" hidden="false" closed="true" simplified="true" border="0 0 1" fill="0 0 1" mode="11"
 points="6.58421 23.7926,
	6.53556 23.7858,
	6.49168 23.7659,
	6.45686 23.735,
	6.4268 23.6527,
	6.4345 23.6095,
	6.45686 23.5704,
	6.49168 23.5395,
	6.53556 23.5197,
	6.58421 23.5128,
	6.63285 23.5197,
	6.67674 23.5395,
	6.71155 23.5704,
	6.73392 23.6095,
	6.74162 23.6527,
	6.73392 23.6959,
	6.71155 23.735,
	6.67674 23.7659,
	6.63285 23.7858,
	"/>
</Transform>

<Transform dim="0"
 xcoef=" 0 1 0 0 0 0"
 ycoef=" 0 0 1 0 0 0">
<Contour name="D38" hidden="false" closed="true" simplified="true" border="1 0 0" fill="1 0 0" mode="11"
 points="22.7248 23.1264,
	22.6735 23.1192,
	22.6272 23.098,
	22.5904 23.0651,
	22.5587 22.9778,
	22.5667 22.9318,
	22.5904 22.8904,
	22.6272 22.8574,
	22.6735 22.8364,
	22.7248 22.829,
	22.7761 22.8364,
	22.8224 22.8574,
	22.8592 22.8904,
	22.8829 22.9318,
	22.8909 22.9778,
	22.8829 23.0237,
	22.8592 23.0651,
	22.8224 23.098,
	22.7761 23.1192,
	"/>
</Transform>

<Transform dim="0"
 xcoef=" 0 1 0 0 0 0"
 ycoef=" 0 0 1 0 0 0">
<Contour name="D01" hidden="false" closed="true" simplified="true" border="1 1 0" fill="1 1 0" mode="11"
 points="16.9371 26.3623,
	16.8866 26.3558,
	16.8409 26.3369,
	16.8047 26.3075,
	16.7735 26.2292,
	16.7815 26.1882,
	16.8047 26.1511,
	16.8409 26.1217,
	16.8866 26.1029,
	16.9371 26.0963,
	16.9877 26.1029,
	17.0334 26.1217,
	17.0696 26.1511,
	17.0928 26.1882,
	17.1008 26.2292,
	17.0928 26.2703,
	17.0696 26.3075,
	17.0334 26.3369,
	16.9877 26.3558,
	"/>
</Transform>

<Transform dim="0"
 xcoef=" 0 1 0 0 0 0"
 ycoef=" 0 0 1 0 0 0">
<Contour name="D63" hidden="false" closed="true" simplified="true" border="1 0 0" fill="1 0 0" mode="11"
 points="20.0282 27.2536,
	20.0056 27.2509,
	19.9853 27.243,
	19.9692 27.2306,
	19.9552 27.1977,
	19.9588 27.1803,
	19.9692 27.1647,
	19.9853 27.1523,
	20.0056 27.1444,
	20.0282 27.1417,
	20.0507 27.1444,
	20.0711 27.1523,
	20.0872 27.1647,
	20.0976 27.1803,
	20.1011 27.1977,
	20.0976 27.215,
	20.0872 27.2306,
	20.0711 27.243,
	20.0507 27.2509,
	"/>
</Transform>

<Transform dim="0"
 xcoef=" 0 1 0 0 0 0"
 ycoef=" 0 0 1 0 0 0">
<Contour name="d28" hidden="false" closed="true" simplified="true" border="0 0 0" fill="0 0 0" mode="11"
 points="6.75396 24.1309,
	6.71161 24.1296,
	6.67059 24.1177,
	6.6653 24.1137,
	6.65736 24.1137,
	6.65471 24.111,
	6.61236 24.1018,
	6.60178 24.1018,
	6.59119 24.0992,
	6.54885 24.0965,
	6.52767 24.0925,
	6.51708 24.0912,
	6.5065 24.0873,
	6.50385 24.0873,
	6.5012 24.0846,
	6.41651 24.0886,
	6.37417 24.0925,
	6.36887 24.0951,
	6.32652 24.0965,
	6.30535 24.0965,
	6.29477 24.0951,
	6.2855 24.0912,
	6.27756 24.0819,
	6.27359 24.0793,
	6.25506 24.0595,
	6.24844 24.0502,
	6.2458 24.0449,
	6.24316 24.0436,
	6.24316 24.0409,
	6.23786 24.0369,
	6.23786 24.0343,
	6.22066 24.0145,
	6.21272 24.0065,
	6.20874 24.0026,
	6.20874 23.9999,
	6.20346 23.9946,
	6.19684 23.984,
	6.19684 23.9813,
	6.19287 23.9761,
	6.18758 23.9549,
	6.18626 23.9337,
	6.17964 23.9125,
	6.17434 23.902,
	6.16641 23.8914,
	6.15714 23.8834,
	6.15317 23.8781,
	6.14258 23.8729,
	6.13861 23.8688,
	6.13332 23.8675,
	6.12273 23.861,
	6.11744 23.8583,
	6.11479 23.8556,
	6.1095 23.8543,
	6.09891 23.8451,
	6.09229 23.8384,
	6.07906 23.8186,
	6.07906 23.816,
	6.07641 23.8133,
	6.07509 23.808,
	6.07113 23.8041,
	6.06318 23.7828,
	6.06053 23.7776,
	6.05921 23.767,
	6.05391 23.7563,
	6.04995 23.7352,
	6.04995 23.7246,
	6.04995 23.7194,
	6.04995 23.718,
	6.04995 23.7167,
	6.05391 23.7061,
	6.05391 23.7009,
	6.05656 23.6981,
	6.05656 23.6955,
	6.05921 23.6929,
	6.06186 23.6717,
	6.06053 23.6294,
	6.05656 23.5871,
	6.05921 23.5658,
	6.06583 23.5447,
	6.06715 23.5393,
	6.0698 23.5367,
	6.07376 23.5261,
	6.07641 23.5209,
	6.07641 23.5182,
	6.08038 23.5129,
	6.08303 23.5102,
	6.08303 23.5076,
	6.08833 23.5024,
	6.09494 23.4931,
	6.10023 23.4891,
	6.10288 23.4864,
	6.10553 23.4864,
	6.11479 23.4785,
	6.12008 23.4746,
	6.12273 23.4746,
	6.1267 23.4692,
	6.13199 23.4679,
	6.13596 23.4639,
	6.14656 23.4613,
	6.14788 23.4587,
	6.15846 23.4573,
	6.16111 23.4547,
	6.20346 23.4414,
	6.22463 23.4348,
	6.22727 23.4348,
	6.22992 23.4322,
	6.23257 23.4322,
	6.23389 23.4295,
	6.24448 23.4255,
	6.24844 23.4216,
	6.24844 23.419,
	6.25506 23.4097,
	6.25506 23.407,
	6.26301 23.3964,
	6.26565 23.3938,
	6.26565 23.3912,
	6.27227 23.3806,
	6.28021 23.3382,
	6.28286 23.3276,
	6.28947 23.3171,
	6.29079 23.3117,
	6.30006 23.3025,
	6.30535 23.2998,
	6.308 23.2972,
	6.31064 23.2972,
	6.31329 23.2946,
	6.35564 23.2906,
	6.37681 23.2906,
	6.41915 23.2985,
	6.4218 23.3011,
	6.43239 23.3025,
	6.44165 23.3065,
	6.44695 23.3078,
	6.4496 23.3078,
	6.45224 23.3104,
	6.49459 23.3157,
	6.53693 23.3171,
	6.57928 23.3091,
	6.62163 23.3078,
	6.63221 23.3078,
	6.6428 23.3104,
	6.64545 23.3104,
	6.64677 23.3131,
	6.66794 23.3197,
	6.67721 23.3276,
	6.68779 23.333,
	6.69176 23.3369,
	6.69706 23.3382,
	6.70764 23.3448,
	6.71293 23.3488,
	6.72353 23.3528,
	6.74469 23.3647,
	6.75396 23.3713,
	6.75661 23.3713,
	6.7619 23.3753,
	6.76587 23.3766,
	6.77513 23.3832,
	6.78043 23.3871,
	6.78572 23.3886,
	6.78836 23.3912,
	6.79101 23.3912,
	6.79366 23.3938,
	6.79896 23.3938,
	6.80954 23.3991,
	6.81483 23.4017,
	6.81748 23.4017,
	6.83866 23.4136,
	6.84129 23.4136,
	6.85189 23.4203,
	6.85453 23.4229,
	6.85718 23.4229,
	6.87571 23.4362,
	6.90879 23.4692,
	6.91144 23.4705,
	6.91144 23.4732,
	6.91673 23.4772,
	6.91673 23.4798,
	6.92202 23.4851,
	6.92334 23.4904,
	6.92996 23.5009,
	6.93394 23.5063,
	6.93394 23.5116,
	6.93658 23.5142,
	6.93922 23.5248,
	6.93922 23.5302,
	6.94187 23.5328,
	6.94981 23.5539,
	6.95379 23.5645,
	6.96702 23.5856,
	6.98422 23.6055,
	7.01334 23.644,
	7.02789 23.6625,
	7.0345 23.6731,
	7.03715 23.6783,
	7.04112 23.6809,
	7.05568 23.6994,
	7.0623 23.7101,
	7.07024 23.718,
	7.08347 23.7392,
	7.0967 23.7563,
	7.10464 23.767,
	7.10862 23.7723,
	7.11125 23.7736,
	7.11125 23.7763,
	7.11655 23.7802,
	7.11655 23.7828,
	7.12317 23.7921,
	7.1311 23.8133,
	7.13375 23.8186,
	7.13508 23.8397,
	7.1364 23.8503,
	7.1364 23.853,
	7.13905 23.8556,
	7.14567 23.8768,
	7.14699 23.8874,
	7.14831 23.8927,
	7.15095 23.8953,
	7.15228 23.9377,
	7.14699 23.9483,
	7.14567 23.9535,
	7.14567 23.9563,
	7.14302 23.9576,
	7.13905 23.9681,
	7.1311 23.9787,
	7.12052 23.988,
	7.10067 24.0012,
	7.09273 24.0104,
	7.07288 24.025,
	7.07024 24.0277,
	7.06759 24.0277,
	7.0623 24.033,
	7.057 24.0317,
	7.04642 24.0343,
	7.04377 24.0343,
	7.04112 24.0369,
	7.03054 24.0395,
	7.01995 24.0449,
	7.0173 24.0449,
	7.01201 24.0488,
	6.99084 24.0568,
	6.90614 24.0701,
	6.88497 24.0766,
	6.87967 24.0793,
	6.87703 24.0793,
	6.85586 24.0925,
	6.84527 24.0992,
	6.83998 24.1018,
	6.83733 24.1018,
	6.82806 24.1084,
	6.81748 24.1123,
	6.81219 24.1137,
	6.80954 24.1137,
	6.80689 24.1164,
	6.79631 24.119,
	6.79101 24.119,
	6.78043 24.1229,
	6.77513 24.1256,
	6.76454 24.127,
	6.75926 24.1283,
	6.75661 24.1283,
	"/>
</Transform>

<Transform dim="0"
 xcoef=" 0 1 0 0 0 0"
 ycoef=" 0 0 1 0 0 0">
<Contour name="d39" hidden="false" closed="true" simplified="true" border="0 0.501961 0" fill="0 0 0" mode="11"
 points="11.3385 28.9319,
	11.3055 28.9267,
	11.2891 28.9246,
	11.2231 28.9226,
	11.0913 28.9277,
	11.0583 28.9287,
	11.0418 28.9297,
	11.0336 28.9297,
	11.0171 28.9246,
	11.0006 28.9102,
	10.9924 28.9041,
	10.9759 28.8978,
	10.9594 28.8937,
	10.9512 28.8927,
	10.9347 28.8855,
	10.9264 28.8834,
	10.9182 28.8762,
	10.9017 28.8649,
	10.8976 28.8639,
	10.8811 28.8484,
	10.8698 28.832,
	10.8667 28.8278,
	10.8646 28.8257,
	10.8636 28.8093,
	10.8688 28.7928,
	10.8698 28.7845,
	10.8698 28.7804,
	10.8646 28.7721,
	10.8615 28.768,
	10.8543 28.7629,
	10.8523 28.7629,
	10.8481 28.7587,
	10.8399 28.7546,
	10.808 28.7278,
	10.8018 28.7207,
	10.7997 28.7186,
	10.7997 28.7165,
	10.7956 28.7124,
	10.7935 28.7104,
	10.7925 28.7063,
	10.7812 28.6908,
	10.7801 28.6866,
	10.7781 28.6846,
	10.7771 28.6805,
	10.774 28.6764,
	10.7719 28.6681,
	10.7678 28.6598,
	10.7668 28.6516,
	10.7606 28.6352,
	10.7575 28.6269,
	10.7462 28.6104,
	10.7389 28.6021,
	10.7276 28.5867,
	10.7183 28.5702,
	10.7111 28.562,
	10.7091 28.5599,
	10.708 28.5558,
	10.7049 28.5517,
	10.7029 28.5507,
	10.7019 28.5465,
	10.6957 28.5383,
	10.6946 28.5342,
	10.6833 28.5177,
	10.6782 28.5095,
	10.6761 28.5085,
	10.673 28.5002,
	10.6637 28.4837,
	10.6617 28.4817,
	10.6545 28.4652,
	10.6493 28.4487,
	10.6473 28.4322,
	10.6473 28.4281,
	10.6473 28.427,
	10.6524 28.4106,
	10.6534 28.4023,
	10.6596 28.3858,
	10.6627 28.3776,
	10.6668 28.3745,
	10.6761 28.359,
	10.6916 28.3467,
	10.6998 28.3415,
	10.7163 28.3374,
	10.7328 28.3281,
	10.7451 28.3117,
	10.7472 28.3096,
	10.7472 28.3076,
	10.7544 28.2993,
	10.7565 28.2952,
	10.7585 28.2932,
	10.7585 28.291,
	10.7647 28.2839,
	10.7678 28.2756,
	10.7729 28.2674,
	10.776 28.2591,
	10.7812 28.2509,
	10.7822 28.2467,
	10.7935 28.2303,
	10.8018 28.2138,
	10.8069 28.2055,
	10.809 28.1973,
	10.8131 28.1932,
	10.8152 28.185,
	10.8183 28.1809,
	10.8193 28.1767,
	10.8275 28.1716,
	10.844 28.1664,
	10.8481 28.1644,
	10.8646 28.1634,
	10.8976 28.1541,
	10.9017 28.1541,
	10.9089 28.15,
	10.9233 28.1344,
	10.9275 28.1314,
	10.9295 28.1314,
	10.9316 28.1293,
	10.9357 28.1283,
	10.9398 28.1252,
	10.9563 28.1211,
	10.9604 28.118,
	10.9666 28.118,
	10.9687 28.1159,
	10.9728 28.1159,
	10.9738 28.1139,
	10.9821 28.1118,
	10.9841 28.1098,
	10.9883 28.1088,
	10.9924 28.1056,
	11.0089 28.1025,
	11.0418 28.1005,
	11.0748 28.1056,
	11.1077 28.1056,
	11.1242 28.1046,
	11.1325 28.1035,
	11.1366 28.1035,
	11.153 28.0974,
	11.1664 28.082,
	11.1675 28.0778,
	11.1717 28.0747,
	11.1717 28.0727,
	11.2375 28.0696,
	11.2706 28.0603,
	11.2787 28.0572,
	11.2828 28.0572,
	11.287 28.0552,
	11.2891 28.0531,
	11.2932 28.0531,
	11.3015 28.0479,
	11.3096 28.0448,
	11.3179 28.0397,
	11.3344 28.0335,
	11.3427 28.0273,
	11.3591 28.0191,
	11.3632 28.016,
	11.3715 28.0139,
	11.3797 28.015,
	11.388 28.018,
	11.3921 28.0211,
	11.3941 28.0211,
	11.4106 28.0345,
	11.4189 28.0418,
	11.4353 28.0521,
	11.4394 28.0531,
	11.4416 28.0531,
	11.4436 28.0552,
	11.4457 28.0552,
	11.4498 28.0582,
	11.458 28.0613,
	11.491 28.0799,
	11.5074 28.0881,
	11.5116 28.0881,
	11.5446 28.1025,
	11.561 28.1098,
	11.5775 28.1149,
	11.5816 28.1169,
	11.5858 28.1169,
	11.594 28.12,
	11.5982 28.1222,
	11.6023 28.1222,
	11.6063 28.1252,
	11.6394 28.1273,
	11.6558 28.1303,
	11.6723 28.1396,
	11.6805 28.1468,
	11.6867 28.1551,
	11.6949 28.1612,
	11.7093 28.1778,
	11.7424 28.2014,
	11.7465 28.2035,
	11.7485 28.2035,
	11.7815 28.2251,
	11.798 28.2345,
	11.8145 28.2406,
	11.8474 28.2601,
	11.8639 28.2745,
	11.8783 28.291,
	11.8866 28.3076,
	11.8917 28.324,
	11.8937 28.3281,
	11.8949 28.3364,
	11.8979 28.3446,
	11.8979 28.3488,
	11.902 28.357,
	11.902 28.3611,
	11.9061 28.3694,
	11.9082 28.3776,
	11.9226 28.4096,
	11.9309 28.426,
	11.936 28.4425,
	11.9392 28.4508,
	11.9412 28.4672,
	11.9402 28.5002,
	11.937 28.5166,
	11.9216 28.5497,
	11.9113 28.5661,
	11.9031 28.5826,
	11.8825 28.6155,
	11.8474 28.6815,
	11.8392 28.698,
	11.8361 28.7063,
	11.8309 28.7144,
	11.8299 28.7186,
	11.8238 28.7268,
	11.8216 28.7289,
	11.8216 28.7309,
	11.8052 28.7475,
	11.7897 28.7577,
	11.7877 28.7577,
	11.7836 28.7619,
	11.7671 28.7701,
	11.7588 28.7732,
	11.7547 28.7753,
	11.7506 28.7753,
	11.7424 28.7784,
	11.7093 28.7835,
	11.6929 28.7907,
	11.6774 28.8052,
	11.6713 28.8133,
	11.6692 28.8175,
	11.6692 28.8196,
	11.6599 28.836,
	11.6445 28.8525,
	11.628 28.8669,
	11.6197 28.8742,
	11.6177 28.8742,
	11.6146 28.8783,
	11.6104 28.8793,
	11.6023 28.8844,
	11.5982 28.8875,
	11.594 28.8886,
	11.5858 28.8948,
	11.5816 28.8958,
	11.5795 28.8978,
	11.5755 28.8988,
	11.5672 28.9051,
	11.5507 28.9122,
	11.5466 28.9143,
	11.5301 28.9143,
	11.5219 28.9122,
	11.5054 28.9143,
	11.5013 28.9163,
	11.4993 28.9185,
	11.491 28.9185,
	11.4869 28.9175,
	11.4209 28.9226,
	11.388 28.9309,
	11.355 28.9319,
	"/>
</Transform>

<Transform dim="0"
 xcoef=" 0 1 0 0 0 0"
 ycoef=" 0 0 1 0 0 0">
<Contour name="D61" hidden="false" closed="true" simplified="true" border="1 0 0" fill="1 0 0" mode="11"
 points="19.7948 29.8307,
	19.7608 29.8247,
	19.7302 29.8073,
	19.7058 29.7802,
	19.6849 29.7082,
	19.6902 29.6704,
	19.7058 29.6362,
	19.7302 29.6091,
	19.7608 29.5917,
	19.7948 29.5857,
	19.8288 29.5917,
	19.8594 29.6091,
	19.8838 29.6362,
	19.8994 29.6704,
	19.9047 29.7082,
	19.8994 29.7461,
	19.8838 29.7802,
	19.8594 29.8073,
	19.8288 29.8247,
	"/>
</Transform>

<Transform dim="0"
 xcoef=" 0 1 0 0 0 0"
 ycoef=" 0 0 1 0 0 0">
<Contour name="d56" hidden="false" closed="true" simplified="true" border="0 0 0" fill="0 0 0" mode="11"
 points="23.8653 23.6628,
	23.8383 23.6544,
	23.8114 23.6426,
	23.7995 23.6342,
	23.7979 23.6308,
	23.7911 23.6292,
	23.781 23.619,
	23.7777 23.6173,
	23.7777 23.6139,
	23.7675 23.6055,
	23.7642 23.5987,
	23.7574 23.592,
	23.7472 23.565,
	23.7439 23.5381,
	23.7405 23.5246,
	23.7389 23.5179,
	23.7304 23.5044,
	23.7186 23.4925,
	23.7169 23.4892,
	23.7136 23.4892,
	23.7017 23.4774,
	23.6984 23.4774,
	23.6849 23.4689,
	23.6832 23.4656,
	23.6764 23.4656,
	23.6697 23.4605,
	23.6664 23.4605,
	23.6647 23.4571,
	23.6612 23.4571,
	23.6596 23.4537,
	23.6478 23.4487,
	23.6343 23.4402,
	23.6276 23.4352,
	23.6209 23.4336,
	23.6174 23.4301,
	23.6107 23.4284,
	23.5972 23.4184,
	23.5904 23.4167,
	23.5837 23.4116,
	23.5821 23.4082,
	23.5787 23.4082,
	23.5534 23.3897,
	23.5466 23.3863,
	23.5433 23.3829,
	23.5399 23.3829,
	23.5366 23.3796,
	23.5331 23.3796,
	23.5264 23.3728,
	23.5196 23.3711,
	23.5079 23.3627,
	23.5011 23.3576,
	23.4977 23.3576,
	23.4843 23.3492,
	23.4708 23.3441,
	23.464 23.3391,
	23.4606 23.3391,
	23.4589 23.3357,
	23.4522 23.3341,
	23.4488 23.3341,
	23.4471 23.3306,
	23.4404 23.3289,
	23.4353 23.3239,
	23.4219 23.3189,
	23.3949 23.302,
	23.3831 23.2953,
	23.3696 23.2834,
	23.3645 23.2767,
	23.3645 23.2733,
	23.3611 23.2699,
	23.3611 23.2666,
	23.3561 23.2599,
	23.3511 23.2329,
	23.3511 23.2194,
	23.3511 23.2126,
	23.3511 23.211,
	23.3511 23.2093,
	23.3544 23.2025,
	23.3544 23.1958,
	23.3696 23.1688,
	23.3881 23.1435,
	23.3898 23.1368,
	23.3966 23.13,
	23.405 23.103,
	23.4066 23.0761,
	23.405 23.0626,
	23.3999 23.0491,
	23.3983 23.0356,
	23.3949 23.0322,
	23.3915 23.0188,
	23.3881 23.0153,
	23.3881 23.0086,
	23.3763 22.9817,
	23.3679 22.9547,
	23.3663 22.9412,
	23.3746 22.9142,
	23.3798 22.9007,
	23.3848 22.894,
	23.3881 22.8906,
	23.3898 22.8838,
	23.4084 22.8569,
	23.4134 22.8518,
	23.4151 22.8485,
	23.4185 22.8485,
	23.4236 22.8417,
	23.4506 22.8248,
	23.4741 22.808,
	23.4876 22.7995,
	23.4977 22.7894,
	23.5061 22.7759,
	23.5247 22.754,
	23.5466 22.7355,
	23.5483 22.7321,
	23.5551 22.7304,
	23.5686 22.7203,
	23.5956 22.7069,
	23.6495 22.6882,
	23.6764 22.6815,
	23.7034 22.6714,
	23.7069 22.6714,
	23.7102 22.668,
	23.7237 22.663,
	23.7304 22.6596,
	23.7405 22.6596,
	23.7439 22.6562,
	23.7507 22.6562,
	23.7642 22.6512,
	23.7911 22.6495,
	23.8181 22.6512,
	23.845 22.6596,
	23.8518 22.6612,
	23.8552 22.6647,
	23.8822 22.6697,
	23.99 22.6714,
	24.017 22.6731,
	24.044 22.6782,
	24.0575 22.6782,
	24.0845 22.6832,
	24.0913 22.6866,
	24.098 22.6866,
	24.1081 22.6967,
	24.1115 22.7034,
	24.1115 22.7069,
	24.1233 22.7203,
	24.1283 22.7237,
	24.1418 22.7372,
	24.1654 22.7557,
	24.1773 22.7675,
	24.1823 22.7742,
	24.1823 22.7777,
	24.189 22.7827,
	24.1975 22.7945,
	24.2025 22.8012,
	24.2059 22.8029,
	24.2076 22.8097,
	24.2244 22.835,
	24.2295 22.8417,
	24.2295 22.845,
	24.2363 22.8518,
	24.2531 22.8754,
	24.2767 22.9007,
	24.2767 22.904,
	24.2969 22.9294,
	24.3121 22.9547,
	24.3121 22.958,
	24.3273 22.985,
	24.3391 23.0103,
	24.3543 23.0373,
	24.3711 23.0609,
	24.3813 23.0727,
	24.3914 23.0811,
	24.3931 23.0845,
	24.3964 23.0845,
	24.4066 23.0946,
	24.4133 23.0963,
	24.4184 23.1013,
	24.4251 23.103,
	24.4487 23.1199,
	24.4706 23.1435,
	24.4892 23.1688,
	24.4992 23.1806,
	24.5027 23.1873,
	24.5077 23.1908,
	24.5314 23.2126,
	24.5449 23.2194,
	24.5516 23.2244,
	24.5582 23.2261,
	24.5701 23.2346,
	24.5717 23.2379,
	24.5785 23.2396,
	24.5852 23.2464,
	24.6122 23.2649,
	24.6325 23.2902,
	24.6409 23.3037,
	24.6426 23.3172,
	24.6629 23.3711,
	24.6662 23.3846,
	24.6662 23.4116,
	24.6645 23.4251,
	24.6544 23.4521,
	24.6308 23.474,
	24.6274 23.4774,
	24.6207 23.4791,
	24.6122 23.4875,
	24.5987 23.4909,
	24.5852 23.4976,
	24.5717 23.5009,
	24.565 23.5044,
	24.5617 23.5044,
	24.5582 23.5077,
	24.5516 23.5077,
	24.5381 23.5127,
	24.4841 23.5212,
	24.4571 23.5246,
	24.4032 23.5262,
	24.3762 23.5347,
	24.3627 23.5381,
	24.3559 23.5431,
	24.3526 23.5431,
	24.3458 23.5482,
	24.3391 23.5499,
	24.3341 23.5549,
	24.3273 23.5566,
	24.3239 23.56,
	24.3172 23.5617,
	24.3037 23.5701,
	24.2919 23.5752,
	24.2868 23.5802,
	24.2733 23.5852,
	24.2598 23.5937,
	24.2464 23.5987,
	24.243 23.5987,
	24.2363 23.6038,
	24.2228 23.6072,
	24.1958 23.619,
	24.1823 23.6207,
	24.1688 23.6274,
	24.1553 23.6308,
	24.1486 23.6308,
	24.1216 23.6409,
	24.0946 23.646,
	24.0407 23.6477,
	24.0137 23.6494,
	23.9867 23.6544,
	23.9732 23.6595,
	23.9462 23.6628,
	"/>
</Transform>

<Transform dim="0"
 xcoef=" 0 1 0 0 0 0"
 ycoef=" 0 0 1 0 0 0">
<Contour name="d38sp06" hidden="false" closed="true" simplified="true" border="1 0 0" fill="1 0 0" mode="11"
 points="22.5205 23.6409,
	22.5084 23.6394,
	22.5025 23.6372,
	22.4995 23.6372,
	22.4987 23.6357,
	22.4926 23.6357,
	22.4813 23.6281,
	22.4708 23.6169,
	22.4625 23.6056,
	22.4527 23.5814,
	22.4512 23.5754,
	22.4482 23.5693,
	22.4467 23.5633,
	22.4467 23.5618,
	22.4452 23.5604,
	22.4414 23.5483,
	22.4414 23.5453,
	22.4398 23.5437,
	22.4361 23.5317,
	22.4361 23.5286,
	22.4346 23.5271,
	22.4331 23.4789,
	22.4331 23.4767,
	22.4331 23.4759,
	22.4338 23.4518,
	22.4346 23.4458,
	22.4361 23.4443,
	22.4361 23.4427,
	22.4414 23.4367,
	22.4414 23.4352,
	22.4467 23.4299,
	22.4549 23.4186,
	22.4573 23.4164,
	22.458 23.4133,
	22.4617 23.4081,
	22.467 23.396,
	22.4677 23.393,
	22.4677 23.3915,
	22.4701 23.3885,
	22.4701 23.3869,
	22.4723 23.3847,
	22.4731 23.3817,
	22.4746 23.3802,
	22.4753 23.3772,
	22.4776 23.3742,
	22.4783 23.3711,
	22.4828 23.3651,
	22.4844 23.3621,
	22.4874 23.359,
	22.4889 23.3575,
	22.4889 23.356,
	22.4941 23.3523,
	22.4941 23.3508,
	22.504 23.3387,
	22.5114 23.3266,
	22.513 23.3236,
	22.5145 23.3221,
	22.519 23.3101,
	22.519 23.3086,
	22.5205 23.3071,
	22.522 23.295,
	22.522 23.2708,
	22.5205 23.2588,
	22.5198 23.2528,
	22.5153 23.2407,
	22.5114 23.2347,
	22.5099 23.2332,
	22.5092 23.2301,
	22.5017 23.2189,
	22.4995 23.2158,
	22.4987 23.2136,
	22.4949 23.2076,
	22.4926 23.2015,
	22.4889 23.1955,
	22.4881 23.1895,
	22.4866 23.1864,
	22.4866 23.1849,
	22.4851 23.1834,
	22.4859 23.1804,
	22.4919 23.1842,
	22.4934 23.1857,
	22.4995 23.1879,
	22.501 23.1895,
	22.5025 23.1895,
	22.5138 23.1977,
	22.5168 23.2,
	22.5183 23.2015,
	22.5198 23.2015,
	22.5243 23.2061,
	22.5296 23.2083,
	22.5304 23.2098,
	22.5319 23.2098,
	22.5341 23.2121,
	22.5371 23.2128,
	22.5424 23.2165,
	22.5484 23.2189,
	22.5544 23.2226,
	22.5665 23.2271,
	22.5726 23.2286,
	22.5786 23.2317,
	22.5816 23.2332,
	22.5876 23.234,
	22.6118 23.2407,
	22.6358 23.2429,
	22.66 23.2422,
	22.6721 23.2422,
	22.6841 23.2444,
	22.6871 23.2452,
	22.6886 23.246,
	22.6886 23.252,
	22.6886 23.255,
	22.6871 23.2565,
	22.6849 23.2626,
	22.6796 23.2678,
	22.6766 23.2701,
	22.6751 23.2716,
	22.6637 23.2762,
	22.6517 23.2777,
	22.6457 23.2799,
	22.6366 23.2897,
	22.6336 23.2927,
	22.6314 23.2942,
	22.6193 23.3056,
	22.614 23.3108,
	22.6125 23.3131,
	22.602 23.3236,
	22.5959 23.3296,
	22.5876 23.3402,
	22.5854 23.3424,
	22.5854 23.3439,
	22.5823 23.347,
	22.5793 23.353,
	22.5778 23.356,
	22.5763 23.3575,
	22.568 23.3817,
	22.5665 23.3847,
	22.5665 23.3862,
	22.565 23.3878,
	22.5642 23.3937,
	22.5605 23.4058,
	22.5553 23.4299,
	22.5537 23.436,
	22.5537 23.4419,
	22.5499 23.454,
	22.5454 23.4782,
	22.5447 23.4902,
	22.5462 23.5023,
	22.5514 23.5264,
	22.5514 23.5384,
	22.5514 23.5445,
	22.5439 23.5686,
	22.5432 23.5747,
	22.5439 23.5807,
	22.5462 23.5866,
	22.5462 23.5882,
	22.5477 23.5897,
	22.5499 23.6018,
	22.5492 23.6259,
	22.5469 23.6379,
	22.5447 23.6409,
	"/>
</Transform>

<Transform dim="0"
 xcoef=" 0 1 0 0 0 0"
 ycoef=" 0 0 1 0 0 0">
<Contour name="d56sp11" hidden="false" closed="true" simplified="true" border="1 0 0" fill="1 0 0" mode="11"
 points="24.6281 23.2894,
	24.6129 23.2731,
	24.6099 23.2706,
	24.6029 23.2636,
	24.6013 23.2621,
	24.6008 23.2611,
	24.5998 23.2611,
	24.5988 23.259,
	24.5953 23.256,
	24.5933 23.254,
	24.5892 23.2515,
	24.5887 23.2505,
	24.5877 23.2505,
	24.5836 23.247,
	24.5826 23.247,
	24.5806 23.2449,
	24.5766 23.2423,
	24.5746 23.2403,
	24.5725 23.2398,
	24.5685 23.2363,
	24.5645 23.2343,
	24.5604 23.2312,
	24.5594 23.2302,
	24.5583 23.2302,
	24.5573 23.2292,
	24.5563 23.2292,
	24.5523 23.2267,
	24.5513 23.2267,
	24.5503 23.2257,
	24.5483 23.2252,
	24.5478 23.2242,
	24.5468 23.2242,
	24.5453 23.2227,
	24.5422 23.2212,
	24.5387 23.2187,
	24.5367 23.2182,
	24.5351 23.216,
	24.5311 23.2145,
	24.529 23.2125,
	24.528 23.2115,
	24.526 23.211,
	24.5225 23.2085,
	24.5205 23.207,
	24.519 23.2065,
	24.5185 23.206,
	24.5265 23.2024,
	24.5346 23.1999,
	24.5508 23.1969,
	24.5589 23.1959,
	24.5629 23.1954,
	24.571 23.1924,
	24.5781 23.1872,
	24.5816 23.1837,
	24.5841 23.1802,
	24.5851 23.1792,
	24.5851 23.1782,
	24.5882 23.1752,
	24.5892 23.1731,
	24.5912 23.1716,
	24.5922 23.1696,
	24.5963 23.1661,
	24.5983 23.1646,
	24.5993 23.1646,
	24.6013 23.1631,
	24.6024 23.1631,
	24.6034 23.1621,
	24.6114 23.16,
	24.6155 23.1594,
	24.6175 23.1584,
	24.6195 23.1584,
	24.6216 23.1574,
	24.6317 23.1574,
	24.6337 23.1594,
	24.6347 23.1636,
	24.6347 23.1716,
	24.6327 23.1797,
	24.6322 23.1837,
	24.6296 23.1919,
	24.6286 23.1929,
	24.6281 23.1969,
	24.6266 23.2009,
	24.6261 23.2172,
	24.6276 23.2333,
	24.6286 23.2373,
	24.6291 23.2454,
	24.6317 23.2616,
	24.6307 23.2778,
	24.6302 23.2818,
	24.6286 23.2858,
	"/>
</Transform>

<Transform dim="0"
 xcoef=" 0 1 0 0 0 0"
 ycoef=" 0 0 1 0 0 0">
<Contour name="d28sp08" hidden="false" closed="true" simplified="true" border="1 0 0" fill="1 0 0" mode="11"
 points="6.00702 24.9946,
	6.00012 24.9902,
	5.99753 24.9876,
	5.99407 24.9867,
	5.98803 24.9799,
	5.98372 24.9729,
	5.97853 24.9453,
	5.97853 24.9177,
	5.97853 24.9117,
	5.97853 24.9108,
	5.9794 24.9073,
	5.98112 24.9056,
	5.98112 24.9038,
	5.98285 24.9021,
	5.98372 24.8987,
	5.98372 24.897,
	5.98803 24.89,
	5.98976 24.8866,
	5.98976 24.8849,
	5.99407 24.8788,
	5.99494 24.8754,
	5.99753 24.8719,
	6.00012 24.865,
	6.00098 24.8624,
	6.0053 24.8555,
	6.01048 24.8417,
	6.01221 24.8383,
	6.01221 24.8365,
	6.01393 24.8348,
	6.01652 24.8279,
	6.01739 24.8245,
	6.01739 24.8227,
	6.01911 24.8209,
	6.02084 24.8141,
	6.0217 24.8107,
	6.02343 24.8088,
	6.02343 24.8054,
	6.02602 24.7986,
	6.02775 24.7951,
	6.02775 24.7916,
	6.03034 24.7847,
	6.03206 24.7813,
	6.03206 24.7778,
	6.03638 24.764,
	6.03897 24.7571,
	6.04156 24.7433,
	6.04242 24.7295,
	6.03984 24.7018,
	6.0381 24.688,
	6.03552 24.6812,
	6.03379 24.6674,
	6.03379 24.6535,
	6.03638 24.6466,
	6.03897 24.6432,
	6.03984 24.6397,
	6.04242 24.6362,
	6.04242 24.6345,
	6.04415 24.6328,
	6.04415 24.6311,
	6.04588 24.6293,
	6.04588 24.6276,
	6.04933 24.6241,
	6.05105 24.6207,
	6.05364 24.619,
	6.05969 24.613,
	6.06833 24.6009,
	6.07091 24.5974,
	6.07264 24.5957,
	6.0735 24.5922,
	6.07609 24.5888,
	6.08041 24.5749,
	6.08127 24.5611,
	6.07868 24.5473,
	6.07868 24.5456,
	6.07696 24.5447,
	6.07609 24.5378,
	6.07437 24.5343,
	6.07264 24.5326,
	6.07264 24.5309,
	6.06746 24.5249,
	6.06487 24.5222,
	6.06487 24.5205,
	6.06055 24.5154,
	6.0381 24.4973,
	6.02515 24.4895,
	6.01998 24.4826,
	6.01825 24.4791,
	6.01652 24.4774,
	6.01652 24.4739,
	6.01393 24.467,
	6.01393 24.4532,
	6.01652 24.4393,
	6.01652 24.3842,
	6.01652 24.3704,
	6.01739 24.3634,
	6.01739 24.3617,
	6.01998 24.3583,
	6.0217 24.3566,
	6.03552 24.353,
	6.04242 24.3522,
	6.04415 24.3505,
	6.05105 24.3487,
	6.05279 24.3487,
	6.05451 24.347,
	6.06833 24.3445,
	6.07522 24.3427,
	6.10285 24.3427,
	6.13048 24.3453,
	6.15811 24.3496,
	6.16156 24.3522,
	6.16846 24.353,
	6.17365 24.36,
	6.17537 24.3634,
	6.17537 24.3668,
	6.17796 24.3738,
	6.17882 24.3876,
	6.18228 24.4014,
	6.18314 24.4049,
	6.18573 24.4091,
	6.18832 24.4161,
	6.19005 24.4195,
	6.19091 24.4265,
	6.19264 24.4282,
	6.19523 24.4558,
	6.19436 24.4697,
	6.1935 24.4765,
	6.18919 24.4903,
	6.18832 24.4973,
	6.19005 24.5111,
	6.19523 24.5249,
	6.19695 24.5258,
	6.19955 24.5396,
	6.19955 24.5534,
	6.19955 24.5568,
	6.19695 24.5637,
	6.18745 24.5767,
	6.18228 24.5836,
	6.17882 24.587,
	6.1771 24.5905,
	6.17537 24.5922,
	6.16415 24.619,
	6.16328 24.6224,
	6.15379 24.6353,
	6.14861 24.6414,
	6.14516 24.644,
	6.14516 24.6457,
	6.13911 24.65,
	6.13394 24.6561,
	6.13307 24.6578,
	6.13134 24.6578,
	6.12962 24.6613,
	6.12357 24.6655,
	6.11494 24.6776,
	6.11062 24.6846,
	6.10804 24.688,
	6.10804 24.6897,
	6.10285 24.6967,
	6.10026 24.7027,
	6.09767 24.7061,
	6.0925 24.72,
	6.0925 24.7234,
	6.09076 24.7269,
	6.09076 24.7303,
	6.08904 24.7338,
	6.08904 24.7372,
	6.08731 24.7407,
	6.08472 24.7684,
	6.08387 24.796,
	6.08387 24.8098,
	6.08387 24.8167,
	6.08559 24.8236,
	6.08559 24.8373,
	6.09336 24.8926,
	6.09595 24.8996,
	6.0994 24.9272,
	6.0994 24.9306,
	6.09422 24.9444,
	6.0925 24.9461,
	6.0925 24.9479,
	6.08127 24.9582,
	6.07522 24.9642,
	6.06142 24.9729,
	6.05451 24.9772,
	6.05105 24.9799,
	6.0476 24.9807,
	6.04501 24.9833,
	6.03119 24.9893,
	6.0243 24.9919,
	6.02256 24.9936,
	6.00876 24.9946,
	"/>
</Transform>

<Transform dim="0"
 xcoef=" 0 1 0 0 0 0"
 ycoef=" 0 0 1 0 0 0">
<Contour name="d38p05" hidden="false" closed="true" simplified="true" border="1 0 0" fill="1 0 0" mode="11"
 points="23.2815 22.6912,
	23.2647 22.6744,
	23.2815 22.6577,
	23.2982 22.6744,
	"/>
</Transform>

<Transform dim="0"
 xcoef=" 0 1 0 0 0 0"
 ycoef=" 0 0 1 0 0 0">
<Contour name="d38sp05" hidden="false" closed="true" simplified="true" border="1 0 0" fill="1 0 0" mode="11"
 points="23.3494 22.7406,
	23.3483 22.7226,
	23.3483 22.6865,
	23.3472 22.682,
	23.3466 22.664,
	23.345 22.655,
	23.3422 22.6459,
	23.3416 22.6414,
	23.3394 22.6369,
	23.3383 22.6324,
	23.3331 22.6234,
	23.3247 22.6144,
	23.3157 22.6082,
	23.3112 22.6047,
	23.3101 22.6036,
	23.3055 22.6019,
	23.3033 22.6003,
	23.3027 22.5992,
	23.3005 22.5986,
	23.296 22.5952,
	23.2914 22.593,
	23.2892 22.5912,
	23.2881 22.5912,
	23.279 22.5851,
	23.2779 22.5839,
	23.2756 22.5834,
	23.2751 22.5823,
	23.2728 22.5817,
	23.2548 22.571,
	23.2458 22.5671,
	23.2413 22.5648,
	23.2391 22.5637,
	23.2367 22.5637,
	23.2356 22.5625,
	23.2334 22.5619,
	23.2311 22.5597,
	23.2267 22.5591,
	23.2221 22.5574,
	23.221 22.5574,
	23.2198 22.5563,
	23.2154 22.5558,
	23.2142 22.5558,
	23.2137 22.5546,
	23.2126 22.5546,
	23.2114 22.5535,
	23.2092 22.5535,
	23.2069 22.5518,
	23.2024 22.5502,
	23.2002 22.5489,
	23.199 22.5478,
	23.1968 22.5478,
	23.1922 22.5445,
	23.1877 22.5428,
	23.1833 22.54,
	23.1652 22.5321,
	23.1562 22.5281,
	23.1517 22.5253,
	23.15 22.5242,
	23.15 22.5237,
	23.1545 22.522,
	23.1557 22.5209,
	23.1646 22.5191,
	23.1827 22.5185,
	23.2007 22.5191,
	23.2052 22.5191,
	23.2142 22.5214,
	23.2187 22.5231,
	23.2278 22.5237,
	23.2323 22.5248,
	23.2391 22.5248,
	23.2402 22.5259,
	23.2491 22.5276,
	23.2537 22.5293,
	23.256 22.5298,
	23.2571 22.5298,
	23.2582 22.5309,
	23.2672 22.5321,
	23.2717 22.5321,
	23.2808 22.5343,
	23.2853 22.5361,
	23.3033 22.5394,
	23.3123 22.5411,
	23.3303 22.5422,
	23.3394 22.5428,
	23.3574 22.5411,
	23.3754 22.5361,
	23.3844 22.5337,
	23.4024 22.5315,
	23.4205 22.5281,
	23.425 22.527,
	23.4295 22.527,
	23.4386 22.5293,
	23.4475 22.5326,
	23.4521 22.5337,
	23.4701 22.5422,
	23.4791 22.5456,
	23.4814 22.5462,
	23.4831 22.5478,
	23.492 22.5513,
	23.4966 22.5535,
	23.4988 22.5546,
	23.5 22.5546,
	23.5011 22.5558,
	23.5101 22.5591,
	23.5146 22.5614,
	23.5168 22.5614,
	23.5259 22.5659,
	23.527 22.5659,
	23.5361 22.571,
	23.5405 22.5732,
	23.5428 22.5743,
	23.5439 22.5743,
	23.5445 22.5754,
	23.5489 22.5766,
	23.5535 22.5795,
	23.5557 22.58,
	23.5648 22.5867,
	23.5693 22.5912,
	23.5754 22.6003,
	23.5771 22.6019,
	23.5811 22.611,
	23.5828 22.6132,
	23.5856 22.6223,
	23.5867 22.6403,
	23.5856 22.6448,
	23.585 22.647,
	23.5806 22.6499,
	23.5625 22.6505,
	23.5265 22.6544,
	23.5174 22.6533,
	23.5152 22.6533,
	23.5107 22.651,
	23.5061 22.6505,
	23.4972 22.647,
	23.4881 22.6453,
	23.4791 22.6448,
	23.4768 22.6448,
	23.4723 22.6465,
	23.4712 22.6476,
	23.469 22.6476,
	23.4599 22.6533,
	23.4554 22.6572,
	23.451 22.6594,
	23.4419 22.6657,
	23.4397 22.6674,
	23.4306 22.6713,
	23.4284 22.673,
	23.4239 22.6741,
	23.4228 22.6741,
	23.4182 22.677,
	23.4093 22.6803,
	23.4002 22.682,
	23.398 22.6837,
	23.3935 22.6848,
	23.3844 22.6887,
	23.3759 22.6944,
	23.3715 22.6989,
	23.3692 22.7011,
	23.3641 22.7102,
	23.3607 22.7147,
	23.3568 22.7237,
	23.3563 22.726,
	23.3535 22.7304,
	23.3535 22.7327,
	23.3518 22.7372,
	23.3507 22.7395,
	"/>
</Transform>

<Transform dim="0"
 xcoef=" 0 1 0 0 0 0"
 ycoef=" 0 0 1 0 0 0">
<Contour name="d56sp12" hidden="false" closed="true" simplified="true" border="1 0 0" fill="1 0 0" mode="11"
 points="24.5734 23.8794,
	24.5683 23.8788,
	24.5658 23.8781,
	24.5615 23.8738,
	24.5596 23.8713,
	24.5596 23.8699,
	24.5583 23.8693,
	24.5583 23.8681,
	24.5564 23.8656,
	24.5551 23.8643,
	24.5545 23.8618,
	24.552 23.86,
	24.5501 23.8567,
	24.5452 23.8561,
	24.5438 23.8561,
	24.5426 23.8549,
	24.5326 23.8549,
	24.5225 23.8567,
	24.5149 23.8567,
	24.5106 23.853,
	24.5017 23.8128,
	24.4986 23.8028,
	24.4974 23.7977,
	24.4967 23.7952,
	24.4949 23.7921,
	24.4905 23.7826,
	24.4893 23.7802,
	24.4893 23.7789,
	24.486 23.7739,
	24.4842 23.7713,
	24.4842 23.7701,
	24.4773 23.7613,
	24.4773 23.7601,
	24.4761 23.7588,
	24.4736 23.7488,
	24.4736 23.7438,
	24.4736 23.7424,
	24.4736 23.7418,
	24.4754 23.7368,
	24.4761 23.7318,
	24.4754 23.7267,
	24.4761 23.7168,
	24.4798 23.6966,
	24.4798 23.6941,
	24.4842 23.684,
	24.4867 23.679,
	24.4905 23.6741,
	24.4955 23.669,
	24.5149 23.657,
	24.5169 23.6545,
	24.5194 23.6533,
	24.5206 23.6508,
	24.5231 23.6489,
	24.5231 23.6477,
	24.5244 23.647,
	24.525 23.6446,
	24.5287 23.6401,
	24.5294 23.6376,
	24.5357 23.6281,
	24.5394 23.6238,
	24.5419 23.6219,
	24.5426 23.6194,
	24.5444 23.6169,
	24.5452 23.6143,
	24.5464 23.6131,
	24.5533 23.593,
	24.5545 23.588,
	24.5545 23.5779,
	24.5533 23.573,
	24.5489 23.5635,
	24.547 23.561,
	24.5452 23.5559,
	24.5438 23.5547,
	24.5432 23.5522,
	24.5419 23.5509,
	24.5407 23.5459,
	24.5326 23.5264,
	24.5287 23.522,
	24.5275 23.5195,
	24.5256 23.5183,
	24.5225 23.5138,
	24.5219 23.5132,
	24.532 23.5126,
	24.537 23.512,
	24.547 23.5082,
	24.552 23.5076,
	24.557 23.5057,
	24.5583 23.5057,
	24.5596 23.5045,
	24.5646 23.5039,
	24.5652 23.5026,
	24.5677 23.5026,
	24.569 23.5013,
	24.574 23.4994,
	24.5765 23.4994,
	24.5815 23.4975,
	24.584 23.4957,
	24.5891 23.495,
	24.5991 23.4907,
	24.6042 23.4868,
	24.6067 23.4862,
	24.6261 23.4731,
	24.6306 23.4686,
	24.6318 23.4686,
	24.6362 23.4643,
	24.6387 23.4624,
	24.6399 23.4599,
	24.6488 23.4511,
	24.6513 23.4486,
	24.6556 23.4385,
	24.6562 23.436,
	24.6582 23.4341,
	24.6607 23.436,
	24.6644 23.4461,
	24.6663 23.4661,
	24.6669 23.4862,
	24.6676 23.4913,
	24.6739 23.5113,
	24.6776 23.5214,
	24.6789 23.5227,
	24.6801 23.5277,
	24.6808 23.5303,
	24.6839 23.5352,
	24.6839 23.5377,
	24.6864 23.5427,
	24.6915 23.5629,
	24.6921 23.6031,
	24.6927 23.6131,
	24.6927 23.6157,
	24.6971 23.6256,
	24.7065 23.6326,
	24.709 23.6351,
	24.7103 23.6376,
	24.7103 23.6401,
	24.7115 23.6413,
	24.7115 23.6439,
	24.7128 23.6452,
	24.7154 23.6552,
	24.7235 23.6634,
	24.7278 23.6683,
	24.7278 23.6696,
	24.7329 23.6728,
	24.7379 23.6772,
	24.741 23.6815,
	24.7423 23.684,
	24.7435 23.6853,
	24.7455 23.6904,
	24.7461 23.7005,
	24.7455 23.7054,
	24.7435 23.7104,
	24.7417 23.7129,
	24.7323 23.7325,
	24.7235 23.7727,
	24.7222 23.7777,
	24.7197 23.7826,
	24.7191 23.7851,
	24.7146 23.7896,
	24.7103 23.7927,
	24.7078 23.794,
	24.7065 23.794,
	24.7053 23.7952,
	24.7028 23.7952,
	24.6933 23.7997,
	24.6908 23.7997,
	24.6896 23.8009,
	24.6795 23.8041,
	24.677 23.8047,
	24.6758 23.8047,
	24.6745 23.8059,
	24.6544 23.8115,
	24.6494 23.8134,
	24.6393 23.8197,
	24.6368 23.8216,
	24.6356 23.8216,
	24.6267 23.8304,
	24.6267 23.8317,
	24.6236 23.8361,
	24.6224 23.8373,
	24.618 23.8468,
	24.6174 23.8493,
	24.6104 23.8593,
	24.6067 23.8643,
	24.6048 23.8656,
	24.596 23.8744,
	24.5935 23.8763,
	24.5834 23.8794,
	"/>
</Transform>

<Transform dim="0"
 xcoef=" 0 1 0 0 0 0"
 ycoef=" 0 0 1 0 0 0">
<Contour name="d39sp11" hidden="false" closed="true" simplified="true" border="1 0 0" fill="1 0 0" mode="11"
 points="12.3684 28.2779,
	12.3624 28.272,
	12.3607 28.2652,
	12.3599 28.2382,
	12.3599 28.2246,
	12.3599 28.2178,
	12.3599 28.2153,
	12.3599 28.2144,
	12.3624 28.2009,
	12.3642 28.1942,
	12.3642 28.1907,
	12.3692 28.1772,
	12.3692 28.1755,
	12.3709 28.1738,
	12.3709 28.1704,
	12.3734 28.1637,
	12.3751 28.1619,
	12.3759 28.1586,
	12.3776 28.1569,
	12.3827 28.1434,
	12.3869 28.1366,
	12.392 28.1239,
	12.3938 28.1171,
	12.3938 28.1154,
	12.3954 28.1138,
	12.3963 28.1002,
	12.3954 28.0867,
	12.3929 28.0731,
	12.3878 28.0596,
	12.3861 28.0562,
	12.3861 28.0529,
	12.3819 28.0393,
	12.3811 28.0122,
	12.3836 27.9987,
	12.3929 27.9716,
	12.398 27.9589,
	12.4005 27.9555,
	12.4005 27.9539,
	12.4098 27.9403,
	12.4149 27.9352,
	12.4165 27.9318,
	12.4284 27.9234,
	12.4419 27.9174,
	12.4555 27.9149,
	12.4622 27.9132,
	12.4758 27.9124,
	12.5028 27.9073,
	12.5097 27.9056,
	12.513 27.9056,
	12.5197 27.9031,
	12.5232 27.9022,
	12.5249 27.9022,
	12.5266 27.9005,
	12.5299 27.9005,
	12.5316 27.8989,
	12.5351 27.8989,
	12.5376 27.8963,
	12.5409 27.8963,
	12.5435 27.8947,
	12.5468 27.8947,
	12.5503 27.892,
	12.5638 27.8887,
	12.5672 27.887,
	12.5689 27.887,
	12.5697 27.8853,
	12.5968 27.8785,
	12.6002 27.8768,
	12.6035 27.8768,
	12.6103 27.8735,
	12.6171 27.8726,
	12.6239 27.8701,
	12.651 27.8676,
	12.6645 27.8693,
	12.6781 27.8726,
	12.6848 27.8743,
	12.6865 27.876,
	12.7135 27.8853,
	12.7271 27.8904,
	12.7339 27.8929,
	12.7373 27.8947,
	12.7406 27.8947,
	12.7542 27.9022,
	12.7567 27.9047,
	12.76 27.9056,
	12.7669 27.9107,
	12.7727 27.9141,
	12.7744 27.9166,
	12.7779 27.9191,
	12.7796 27.9208,
	12.7813 27.9208,
	12.794 27.9301,
	12.7948 27.9318,
	12.7965 27.9318,
	12.8015 27.9378,
	12.805 27.9395,
	12.8092 27.9454,
	12.8117 27.9589,
	12.8092 27.9623,
	12.8083 27.9657,
	12.8058 27.9683,
	12.8058 27.9699,
	12.7829 27.9902,
	12.7762 27.9945,
	12.7702 28.0004,
	12.7685 28.0037,
	12.7652 28.0072,
	12.7643 28.0106,
	12.7627 28.0106,
	12.7584 28.0173,
	12.7542 28.0224,
	12.7508 28.0249,
	12.7473 28.0258,
	12.7448 28.0283,
	12.7431 28.0283,
	12.7364 28.0325,
	12.733 28.0333,
	12.7296 28.036,
	12.7262 28.0368,
	12.7229 28.0393,
	12.7212 28.0393,
	12.7186 28.0418,
	12.7177 28.0435,
	12.7144 28.0444,
	12.7034 28.0537,
	12.6763 28.0639,
	12.6729 28.0656,
	12.6695 28.0656,
	12.6662 28.0672,
	12.6645 28.0689,
	12.661 28.0689,
	12.6475 28.0748,
	12.6458 28.0765,
	12.6425 28.0773,
	12.6399 28.08,
	12.6366 28.08,
	12.6357 28.0816,
	12.6341 28.0816,
	12.6323 28.0833,
	12.6306 28.0833,
	12.6239 28.0875,
	12.6222 28.0875,
	12.6162 28.0917,
	12.6129 28.0943,
	12.6095 28.0952,
	12.6061 28.0977,
	12.6027 28.0985,
	12.6018 28.1002,
	12.6002 28.1002,
	12.5985 28.1019,
	12.5968 28.1019,
	12.5833 28.1104,
	12.5816 28.1104,
	12.5807 28.1121,
	12.5791 28.1121,
	12.5756 28.1146,
	12.5739 28.1163,
	12.5706 28.1171,
	12.5672 28.1206,
	12.5638 28.1223,
	12.563 28.1239,
	12.5595 28.1248,
	12.5536 28.1298,
	12.5485 28.1332,
	12.5351 28.1425,
	12.5324 28.1493,
	12.5274 28.1544,
	12.5257 28.1577,
	12.5197 28.1637,
	12.5063 28.1713,
	12.5045 28.1713,
	12.5012 28.1738,
	12.4995 28.1755,
	12.4978 28.1755,
	12.4953 28.1781,
	12.4936 28.179,
	12.4936 28.1806,
	12.4826 28.1916,
	12.4758 28.1984,
	12.4707 28.2043,
	12.4605 28.2136,
	12.4546 28.2195,
	12.4478 28.2238,
	12.4419 28.2297,
	12.4386 28.2313,
	12.4386 28.233,
	12.4352 28.2348,
	12.4352 28.2365,
	12.4318 28.2382,
	12.4208 28.2492,
	12.4157 28.2542,
	12.403 28.2652,
	12.3903 28.2745,
	12.3768 28.2779,
	"/>
</Transform>

<Transform dim="0"
 xcoef=" 0 1 0 0 0 0"
 ycoef=" 0 0 1 0 0 0">
<Contour name="d28sp10" hidden="false" closed="true" simplified="true" border="1 0 0" fill="1 0 0" mode="11"
 points="6.83498 24.8484,
	6.82616 24.8478,
	6.82175 24.8478,
	6.81954 24.8467,
	6.81735 24.8467,
	6.81679 24.8456,
	6.80797 24.8429,
	6.80356 24.8418,
	6.7953 24.838,
	6.7931 24.8373,
	6.79089 24.8357,
	6.78868 24.8351,
	6.78427 24.8324,
	6.78207 24.8313,
	6.78097 24.8302,
	6.77986 24.8302,
	6.77545 24.8275,
	6.77435 24.8275,
	6.7727 24.8258,
	6.76829 24.8242,
	6.76719 24.823,
	6.76499 24.823,
	6.76443 24.8219,
	6.76333 24.8219,
	6.76223 24.8208,
	6.75396 24.8181,
	6.75286 24.817,
	6.74404 24.8142,
	6.73522 24.8137,
	6.73302 24.8137,
	6.72861 24.8153,
	6.71098 24.817,
	6.69333 24.817,
	6.68452 24.8131,
	6.68011 24.811,
	6.679 24.811,
	6.67681 24.8093,
	6.6724 24.8076,
	6.67129 24.8065,
	6.67019 24.8065,
	6.66137 24.8005,
	6.65807 24.7977,
	6.64208 24.785,
	6.64043 24.7834,
	6.64043 24.7823,
	6.63712 24.7789,
	6.63602 24.7784,
	6.63547 24.7762,
	6.63381 24.774,
	6.63216 24.7651,
	6.63272 24.7608,
	6.63767 24.7525,
	6.63767 24.7437,
	6.63712 24.7393,
	6.63657 24.737,
	6.63547 24.7359,
	6.63547 24.7337,
	6.63326 24.7294,
	6.63216 24.725,
	6.63106 24.7239,
	6.63051 24.7216,
	6.63051 24.7205,
	6.6294 24.7194,
	6.62499 24.7018,
	6.62334 24.6974,
	6.62279 24.6929,
	6.62114 24.6886,
	6.62059 24.6842,
	6.61893 24.6797,
	6.61728 24.6709,
	6.61618 24.6688,
	6.61618 24.6665,
	6.61287 24.6577,
	6.61177 24.6561,
	6.61177 24.6539,
	6.60956 24.6494,
	6.60901 24.6472,
	6.60901 24.6461,
	6.60791 24.645,
	6.60515 24.6362,
	6.60406 24.6318,
	6.60185 24.6274,
	6.6002 24.6186,
	6.6002 24.6097,
	6.6002 24.6053,
	6.6002 24.6048,
	6.6002 24.6042,
	6.60185 24.5999,
	6.6024 24.5954,
	6.60515 24.5866,
	6.6068 24.5844,
	6.60736 24.5822,
	6.60901 24.58,
	6.60956 24.5778,
	6.61232 24.5734,
	6.61397 24.5712,
	6.61783 24.5623,
	6.61893 24.5612,
	6.6261 24.5436,
	6.63326 24.5271,
	6.63437 24.5249,
	6.63437 24.5237,
	6.63547 24.5226,
	6.63547 24.5204,
	6.63712 24.5161,
	6.63767 24.5139,
	6.63767 24.5128,
	6.63877 24.5117,
	6.64043 24.5072,
	6.64043 24.5061,
	6.64264 24.5039,
	6.64318 24.5017,
	6.64483 24.5001,
	6.64539 24.4979,
	6.652 24.4907,
	6.65916 24.4852,
	6.66357 24.4819,
	6.66523 24.4802,
	6.66633 24.4797,
	6.66633 24.4786,
	6.6746 24.4725,
	6.67681 24.4703,
	6.6779 24.4703,
	6.68562 24.4648,
	6.68673 24.4637,
	6.69113 24.4626,
	6.69554 24.4626,
	6.69774 24.4637,
	6.69995 24.4637,
	6.70436 24.4659,
	6.70657 24.4659,
	6.71538 24.4709,
	6.71924 24.472,
	6.72034 24.4731,
	6.72255 24.4736,
	6.72475 24.4753,
	6.72696 24.4758,
	6.73522 24.4807,
	6.73742 24.4819,
	6.73853 24.483,
	6.75617 24.4885,
	6.76499 24.4918,
	6.78262 24.4929,
	6.79143 24.4945,
	6.79584 24.4951,
	6.80467 24.4979,
	6.80908 24.4996,
	6.81128 24.5006,
	6.81238 24.5006,
	6.81348 24.5017,
	6.81568 24.5017,
	6.81789 24.5034,
	6.81844 24.5045,
	6.81954 24.5045,
	6.8212 24.5067,
	6.8223 24.5067,
	6.82451 24.5083,
	6.84214 24.5089,
	6.85096 24.5094,
	6.85977 24.5128,
	6.86419 24.5144,
	6.87301 24.5204,
	6.87852 24.5288,
	6.88128 24.5326,
	6.88844 24.5409,
	6.89229 24.5447,
	6.90883 24.5547,
	6.91324 24.5563,
	6.93088 24.5685,
	6.93914 24.5734,
	6.94135 24.575,
	6.94245 24.5761,
	6.94355 24.5761,
	6.95237 24.5822,
	6.95678 24.585,
	6.95843 24.5866,
	6.95898 24.5877,
	6.96008 24.5877,
	6.96229 24.5915,
	6.96395 24.5932,
	6.9656 24.5977,
	6.96614 24.5999,
	6.9689 24.6037,
	6.97111 24.6053,
	6.97166 24.607,
	6.97882 24.6158,
	6.98488 24.6229,
	6.9893 24.6318,
	6.9926 24.6407,
	6.9926 24.6428,
	6.99536 24.6516,
	6.99701 24.6605,
	6.99701 24.6648,
	6.99812 24.6693,
	6.99812 24.6781,
	6.99812 24.6825,
	6.99812 24.6847,
	6.99701 24.6869,
	6.99646 24.6913,
	6.99371 24.7002,
	6.9926 24.7045,
	6.9915 24.7221,
	6.99095 24.731,
	6.98985 24.7354,
	6.98985 24.7399,
	6.98764 24.7486,
	6.98764 24.7508,
	6.98599 24.7553,
	6.98544 24.7575,
	6.98379 24.7597,
	6.98268 24.7608,
	6.98268 24.7629,
	6.98103 24.7646,
	6.97938 24.7691,
	6.97827 24.7713,
	6.97827 24.7723,
	6.97717 24.7734,
	6.97331 24.7911,
	6.97111 24.7999,
	6.9678 24.8087,
	6.95954 24.8175,
	6.95568 24.8208,
	6.95292 24.823,
	6.95182 24.823,
	6.943 24.8302,
	6.93418 24.8357,
	6.92978 24.8373,
	6.92757 24.8385,
	6.91875 24.8396,
	6.91434 24.8396,
	6.91213 24.8407,
	6.8945 24.8413,
	6.87686 24.8407,
	6.87245 24.8423,
	6.87025 24.8423,
	6.85261 24.8473,
	"/>
</Transform>

<Transform dim="0"
 xcoef=" 0 1 0 0 0 0"
 ycoef=" 0 0 1 0 0 0">
<Contour name="d38c05" hidden="false" closed="true" simplified="true" border="0 0 1" fill="0 0 1" mode="11"
 points="23.5694 22.6262,
	23.558 22.6251,
	23.5524 22.6234,
	23.551 22.6226,
	23.548 22.6223,
	23.5466 22.6219,
	23.5459 22.6212,
	23.5431 22.6209,
	23.5424 22.6202,
	23.541 22.6202,
	23.5353 22.618,
	23.5338 22.6176,
	23.5331 22.6176,
	23.5324 22.6169,
	23.531 22.6169,
	23.5282 22.6155,
	23.5254 22.6148,
	23.5243 22.6141,
	23.5236 22.6141,
	23.5229 22.6134,
	23.52 22.6127,
	23.5172 22.6109,
	23.5144 22.6099,
	23.5087 22.6063,
	23.5077 22.6052,
	23.5062 22.6048,
	23.5005 22.6006,
	23.4891 22.5974,
	23.4863 22.5964,
	23.4849 22.596,
	23.4842 22.596,
	23.4835 22.5953,
	23.4807 22.595,
	23.48 22.5943,
	23.4771 22.5932,
	23.4742 22.5928,
	23.4728 22.5918,
	23.4714 22.5918,
	23.4707 22.591,
	23.4679 22.5903,
	23.4665 22.5903,
	23.4651 22.5896,
	23.4643 22.5896,
	23.4636 22.5889,
	23.4607 22.5878,
	23.4579 22.5875,
	23.4526 22.5853,
	23.4512 22.585,
	23.4505 22.5843,
	23.4448 22.5825,
	23.4434 22.5822,
	23.443 22.5815,
	23.4374 22.5797,
	23.4345 22.5779,
	23.4316 22.5771,
	23.4288 22.5754,
	23.4274 22.5747,
	23.4267 22.574,
	23.426 22.574,
	23.4253 22.5733,
	23.4239 22.5729,
	23.4232 22.5729,
	23.421 22.5711,
	23.4196 22.5704,
	23.4189 22.5704,
	23.4174 22.569,
	23.4146 22.5673,
	23.4136 22.5662,
	23.4132 22.5655,
	23.4118 22.5652,
	23.4071 22.5608,
	23.4054 22.5591,
	23.405 22.5577,
	23.4036 22.5569,
	23.4001 22.5517,
	23.3983 22.5487,
	23.398 22.5431,
	23.398 22.5406,
	23.398 22.5403,
	23.3983 22.5345,
	23.3994 22.5289,
	23.3997 22.5261,
	23.4008 22.5233,
	23.4011 22.5203,
	23.4029 22.5147,
	23.4036 22.5119,
	23.4057 22.5091,
	23.4064 22.508,
	23.4079 22.5073,
	23.4083 22.5058,
	23.4108 22.5037,
	23.4122 22.5026,
	23.4129 22.5026,
	23.4143 22.5016,
	23.4257 22.5005,
	23.4483 22.5016,
	23.4597 22.503,
	23.4625 22.5033,
	23.4639 22.504,
	23.4654 22.504,
	23.4661 22.5047,
	23.469 22.5051,
	23.4704 22.5051,
	23.4714 22.5063,
	23.4728 22.5063,
	23.4735 22.507,
	23.4793 22.5087,
	23.48 22.5087,
	23.4803 22.5094,
	23.486 22.5112,
	23.4916 22.514,
	23.4945 22.5151,
	23.4973 22.5168,
	23.5026 22.5193,
	23.5051 22.5203,
	23.507 22.5219,
	23.5098 22.5226,
	23.5112 22.5236,
	23.514 22.5247,
	23.5154 22.525,
	23.5168 22.5261,
	23.5175 22.5261,
	23.5186 22.5271,
	23.52 22.5275,
	23.5229 22.5293,
	23.5257 22.5303,
	23.5271 22.531,
	23.5279 22.531,
	23.5286 22.5317,
	23.5293 22.5317,
	23.53 22.5324,
	23.5328 22.5335,
	23.5357 22.5354,
	23.5371 22.5354,
	23.5399 22.5368,
	23.5428 22.5375,
	23.5431 22.5382,
	23.5484 22.5403,
	23.5513 22.542,
	23.5527 22.5424,
	23.5555 22.5442,
	23.5559 22.5449,
	23.5587 22.5459,
	23.5641 22.5499,
	23.5648 22.5499,
	23.5701 22.5545,
	23.5729 22.5573,
	23.5743 22.5584,
	23.575 22.5594,
	23.5775 22.5619,
	23.5811 22.5673,
	23.5818 22.5676,
	23.5818 22.5683,
	23.5839 22.5708,
	23.5846 22.5722,
	23.5853 22.5726,
	23.5857 22.574,
	23.5896 22.5797,
	23.5917 22.5853,
	23.592 22.5868,
	23.5928 22.5875,
	23.5932 22.5988,
	23.5928 22.6045,
	23.5913 22.6074,
	23.5913 22.6081,
	23.5903 22.6092,
	23.5892 22.612,
	23.5875 22.6148,
	23.5868 22.6151,
	23.5868 22.6159,
	23.5825 22.6212,
	23.5811 22.6226,
	23.5804 22.6226,
	23.5778 22.6248,
	23.575 22.6258,
	"/>
</Transform>

<Transform dim="0"
 xcoef=" 0 1 0 0 0 0"
 ycoef=" 0 0 1 0 0 0">
<Contour name="d39sp12" hidden="false" closed="true" simplified="true" border="1 0 0" fill="1 0 0" mode="11"
 points="10.804 29.0576,
	10.7993 29.0565,
	10.7946 29.0541,
	10.7923 29.0541,
	10.7905 29.0524,
	10.7894 29.0524,
	10.7882 29.0512,
	10.787 29.0512,
	10.7847 29.0489,
	10.7835 29.0489,
	10.7811 29.0471,
	10.78 29.046,
	10.78 29.0448,
	10.7782 29.0435,
	10.7765 29.0412,
	10.7753 29.0406,
	10.7735 29.036,
	10.7724 29.0337,
	10.7712 29.0331,
	10.7712 29.0319,
	10.77 29.0307,
	10.77 29.0283,
	10.7688 29.0271,
	10.7677 29.0225,
	10.7677 29.0038,
	10.7677 28.999,
	10.7677 28.9984,
	10.7677 28.9978,
	10.7735 28.9791,
	10.7765 28.9697,
	10.7782 28.9651,
	10.7788 28.9627,
	10.7806 28.9604,
	10.7811 28.958,
	10.7829 28.9556,
	10.7829 28.9545,
	10.7841 28.9533,
	10.7852 28.9487,
	10.7917 28.9398,
	10.7981 28.9323,
	10.8058 28.9258,
	10.8081 28.9246,
	10.8087 28.9234,
	10.8099 28.9234,
	10.8145 28.9205,
	10.8157 28.9205,
	10.8187 28.9188,
	10.828 28.917,
	10.8468 28.9163,
	10.8562 28.9182,
	10.8573 28.9182,
	10.8579 28.9194,
	10.8673 28.9217,
	10.8761 28.9258,
	10.8779 28.9275,
	10.8802 28.9281,
	10.882 28.9304,
	10.8837 28.9317,
	10.8884 28.9363,
	10.8913 28.9404,
	10.8931 28.9422,
	10.8949 28.9469,
	10.896 28.9492,
	10.896 28.968,
	10.8937 28.9726,
	10.8931 28.9774,
	10.8902 28.982,
	10.889 28.9826,
	10.8884 28.9849,
	10.8814 28.9926,
	10.8743 29.0013,
	10.8679 29.009,
	10.8679 29.0102,
	10.8632 29.0142,
	10.8556 29.0219,
	10.8527 29.0248,
	10.845 29.0331,
	10.8368 29.0401,
	10.8327 29.0435,
	10.8315 29.0435,
	10.8298 29.0454,
	10.8292 29.0466,
	10.828 29.0466,
	10.8192 29.053,
	10.8181 29.0541,
	10.8157 29.0547,
	10.8134 29.0565,
	10.8087 29.0576,
	"/>
</Transform>

<Transform dim="0"
 xcoef=" 0 1 0 0 0 0"
 ycoef=" 0 0 1 0 0 0">
<Contour name="d56p12" hidden="false" closed="true" simplified="true" border="1 0 0" fill="1 0 0" mode="11"
 points="24.4933 23.3962,
	24.474 23.3608,
	24.5126 23.3608,
	"/>
</Transform>

<Transform dim="0"
 xcoef=" 0 1 0 0 0 0"
 ycoef=" 0 0 1 0 0 0">
<Contour name="d39c11" hidden="false" closed="true" simplified="true" border="0 0 1" fill="0 0 1" mode="11"
 points="12.4325 27.9849,
	12.4134 27.979,
	12.4087 27.976,
	12.4069 27.9742,
	12.4056 27.9742,
	12.4027 27.9695,
	12.4021 27.9671,
	12.4009 27.9659,
	12.4009 27.9647,
	12.3997 27.9634,
	12.3997 27.9587,
	12.3979 27.954,
	12.3973 27.9348,
	12.3973 27.9254,
	12.3973 27.9205,
	12.3979 27.9193,
	12.3973 27.9152,
	12.3973 27.9146,
	12.3991 27.9122,
	12.3997 27.9075,
	12.4033 27.8979,
	12.4044 27.8938,
	12.4105 27.8848,
	12.4134 27.8801,
	12.4146 27.8801,
	12.4158 27.8776,
	12.4199 27.8735,
	12.423 27.8717,
	12.423 27.8705,
	12.4254 27.8699,
	12.4266 27.8675,
	12.4313 27.8646,
	12.4325 27.8646,
	12.4373 27.8609,
	12.4397 27.8597,
	12.4409 27.8597,
	12.442 27.8586,
	12.4611 27.852,
	12.4659 27.8502,
	12.4683 27.849,
	12.473 27.8484,
	12.4779 27.8466,
	12.4802 27.8466,
	12.4897 27.8425,
	12.4993 27.8401,
	12.5016 27.8389,
	12.504 27.8389,
	12.5088 27.8371,
	12.5136 27.8366,
	12.5231 27.8335,
	12.5326 27.8317,
	12.5422 27.8311,
	12.5469 27.8311,
	12.5518 27.8299,
	12.5708 27.8288,
	12.6042 27.8288,
	12.6137 27.8311,
	12.6185 27.8329,
	12.6274 27.8389,
	12.6316 27.8419,
	12.6382 27.8509,
	12.6388 27.8532,
	12.6412 27.855,
	12.6447 27.8646,
	12.6465 27.8693,
	12.6465 27.8717,
	12.6484 27.8764,
	12.6489 27.886,
	12.6484 27.8956,
	12.6459 27.905,
	12.6453 27.9075,
	12.6441 27.9087,
	12.6441 27.911,
	12.6417 27.9158,
	12.6412 27.9181,
	12.6298 27.9367,
	12.6286 27.9391,
	12.6203 27.9485,
	12.6131 27.9563,
	12.6042 27.9628,
	12.603 27.964,
	12.6018 27.964,
	12.597 27.9671,
	12.5959 27.9671,
	12.5947 27.9683,
	12.5755 27.9748,
	12.5565 27.979,
	12.5183 27.9808,
	12.4993 27.9814,
	12.4945 27.9808,
	12.485 27.982,
	12.4802 27.9826,
	12.4779 27.9826,
	12.4754 27.9838,
	12.4373 27.9849,
	"/>
</Transform>

<Transform dim="0"
 xcoef=" 0 1 0 0 0 0"
 ycoef=" 0 0 1 0 0 0">
<Contour name="d39sp13" hidden="false" closed="true" simplified="true" border="1 0 0" fill="1 0 0" mode="11"
 points="10.4193 28.1526,
	10.4034 28.1485,
	10.3994 28.148,
	10.3914 28.1456,
	10.3894 28.1451,
	10.3884 28.1441,
	10.3845 28.1436,
	10.3825 28.1426,
	10.3815 28.1426,
	10.3805 28.1416,
	10.3785 28.1411,
	10.3775 28.1411,
	10.3755 28.1396,
	10.3735 28.1392,
	10.3725 28.1392,
	10.3715 28.1382,
	10.3705 28.1382,
	10.3695 28.1372,
	10.3676 28.1372,
	10.3656 28.1357,
	10.3616 28.1347,
	10.3596 28.1331,
	10.3556 28.1316,
	10.3546 28.1307,
	10.3526 28.1302,
	10.3522 28.1292,
	10.3442 28.1257,
	10.3437 28.1247,
	10.3417 28.1242,
	10.3338 28.1187,
	10.3328 28.1177,
	10.3318 28.1177,
	10.3243 28.1123,
	10.3223 28.1113,
	10.3203 28.1093,
	10.3183 28.1083,
	10.3174 28.1074,
	10.3164 28.1074,
	10.3144 28.1053,
	10.3124 28.1048,
	10.3109 28.1028,
	10.3099 28.1028,
	10.3069 28.1004,
	10.3049 28.0989,
	10.3034 28.0984,
	10.3 28.0954,
	10.299 28.0954,
	10.295 28.0919,
	10.294 28.0919,
	10.2905 28.0894,
	10.285 28.083,
	10.2791 28.0755,
	10.2781 28.0735,
	10.2771 28.073,
	10.2766 28.071,
	10.2741 28.0671,
	10.2726 28.0656,
	10.2706 28.0576,
	10.2691 28.0537,
	10.2677 28.0378,
	10.2677 28.0298,
	10.2677 28.0283,
	10.2677 28.0278,
	10.2701 28.0198,
	10.2746 28.0124,
	10.2771 28.0084,
	10.2771 28.0074,
	10.2786 28.0059,
	10.2791 28.0039,
	10.2811 28.0024,
	10.2811 28.0014,
	10.288 27.9935,
	10.2945 27.987,
	10.2975 27.9845,
	10.3014 27.9811,
	10.3084 27.9761,
	10.3099 27.9746,
	10.3109 27.9746,
	10.3149 27.9716,
	10.3228 27.9677,
	10.3248 27.9672,
	10.3258 27.9662,
	10.3417 27.9626,
	10.3497 27.9626,
	10.3536 27.9621,
	10.3616 27.9626,
	10.3695 27.9642,
	10.3735 27.9647,
	10.3745 27.9657,
	10.3785 27.9662,
	10.3825 27.9682,
	10.3979 27.9731,
	10.4014 27.9746,
	10.4024 27.9746,
	10.4063 27.977,
	10.4073 27.977,
	10.4083 27.978,
	10.4123 27.9791,
	10.4143 27.9796,
	10.4163 27.9811,
	10.4242 27.9831,
	10.4317 27.9865,
	10.4352 27.9875,
	10.4391 27.99,
	10.4401 27.99,
	10.4476 27.9945,
	10.4516 27.9975,
	10.4536 27.9985,
	10.4551 28.0004,
	10.457 28.0009,
	10.463 28.0074,
	10.4655 28.0109,
	10.467 28.0124,
	10.4675 28.0144,
	10.4725 28.0219,
	10.4749 28.0258,
	10.4764 28.0273,
	10.4774 28.0307,
	10.4784 28.0312,
	10.4789 28.0352,
	10.4799 28.0358,
	10.4824 28.0437,
	10.4839 28.0517,
	10.4849 28.0676,
	10.4844 28.0835,
	10.4829 28.0914,
	10.4824 28.0954,
	10.4774 28.1113,
	10.4744 28.1192,
	10.4729 28.1233,
	10.472 28.1252,
	10.472 28.1262,
	10.471 28.1267,
	10.471 28.1277,
	10.47 28.1287,
	10.47 28.1297,
	10.467 28.1336,
	10.467 28.1347,
	10.4605 28.1411,
	10.4531 28.1461,
	10.4511 28.1466,
	10.4491 28.148,
	10.4411 28.1506,
	10.4372 28.1516,
	10.4352 28.1526,
	"/>
</Transform>

<Transform dim="0"
 xcoef=" 0 1 0 0 0 0"
 ycoef=" 0 0 1 0 0 0">
<Contour name="d38p06" hidden="false" closed="true" simplified="true" border="1 0 0" fill="1 0 0" mode="11"
 points="22.6059 23.2011,
	22.5909 23.1737,
	22.6208 23.1737,
	"/>
</Transform>

<Transform dim="0"
 xcoef=" 0 1 0 0 0 0"
 ycoef=" 0 0 1 0 0 0">
<Contour name="d38cfa05" hidden="false" closed="false" simplified="true" border="1 0 0" fill="1 0 0" mode="11"
 points="23.3979 22.5429,
	23.4121 22.5448,
	23.4405 22.5506,
	23.465 22.5586,
	23.4872 22.5667,
	23.5163 22.5774,
	23.5462 22.5973,
	23.5638 22.6142,
	23.5738 22.6246,
	"/>
</Transform>

<Transform dim="0"
 xcoef=" 0 1 0 0 0 0"
 ycoef=" 0 0 1 0 0 0">
<Contour name="d39cfa11" hidden="false" closed="false" simplified="true" border="0 1 0" fill="1 0 0" mode="11"
 points="12.6409 27.889,
	12.6325 27.898,
	12.6206 27.9069,
	12.6039 27.9171,
	12.5752 27.9278,
	12.5348 27.9392,
	12.4936 27.948,
	12.4525 27.9564,
	12.4084 27.969,
	"/>
</Transform>

</Section>