<?xml version="1.0"?>
<!DOCTYPE Section SYSTEM "section.dtd">

<Section index="10" thickness="0.048" alignLocked="true">
<Transform dim="0"
 xcoef=" 0 1 0 0 0 0"
 ycoef=" 0 0 1 0 0 0">
<Image mag="0.002063" contrast="1.77525" brightness="-0.18" red="true" green="true" blue="true"
 src="011____z0.51.jpg" />
<Contour name="domain1" hidden="false" closed="true" simplified="false" border="1 0 1" fill="1 0 1" mode="11"
 points="0 0,
	17236 0,
	17236 17077,
	0 17077,
	"/>
</Transform>

<Transform dim="0"
 xcoef=" 0 1 0 0 0 0"
 ycoef=" 0 0 1 0 0 0">
<Contour name="D39" hidden="false" closed="true" simplified="true" border="0 0 1" fill="0 0 1" mode="11"
 points="12.1544 29.018,
	12.1031 29.0099,
	12.0568 28.9862,
	12.02 28.9495,
	11.9883 28.8518,
	11.9964 28.8005,
	12.02 28.7542,
	12.0568 28.7174,
	12.1031 28.6938,
	12.1544 28.6857,
	12.2057 28.6938,
	12.2521 28.7174,
	12.2888 28.7542,
	12.3125 28.8005,
	12.3205 28.8518,
	12.3125 28.9032,
	12.2888 28.9495,
	12.2521 28.9862,
	12.2057 29.0099,
	"/>
</Transform>

<Transform dim="0"
 xcoef=" 0 1 0 0 0 0"
 ycoef=" 0 0 1 0 0 0">
<Contour name="D56" hidden="false" closed="true" simplified="true" border="1 0 0" fill="1 0 0" mode="11"
 points="24.1953 23.252,
	24.1521 23.2451,
	24.1131 23.2253,
	24.0821 23.1943,
	24.0554 23.1121,
	24.0623 23.0688,
	24.0821 23.0298,
	24.1131 22.9989,
	24.1521 22.979,
	24.1953 22.9721,
	24.2385 22.979,
	24.2776 22.9989,
	24.3085 23.0298,
	24.3284 23.0688,
	24.3353 23.1121,
	24.3284 23.1553,
	24.3085 23.1943,
	24.2776 23.2253,
	24.2385 23.2451,
	"/>
</Transform>

<Transform dim="0"
 xcoef=" 0 1 0 0 0 0"
 ycoef=" 0 0 1 0 0 0">
<Contour name="D31" hidden="false" closed="true" simplified="true" border="0 0 1" fill="0 0 1" mode="11"
 points="15.7004 18.0827,
	15.6467 18.0738,
	15.5982 18.0476,
	15.5597 18.0069,
	15.5265 17.8986,
	15.5351 17.8418,
	15.5597 17.7905,
	15.5982 17.7497,
	15.6467 17.7235,
	15.7004 17.7145,
	15.7542 17.7235,
	15.8026 17.7497,
	15.8411 17.7905,
	15.8659 17.8418,
	15.8743 17.8986,
	15.8659 17.9555,
	15.8411 18.0069,
	15.8026 18.0476,
	15.7542 18.0738,
	"/>
</Transform>

<Transform dim="0"
 xcoef=" 0 1 0 0 0 0"
 ycoef=" 0 0 1 0 0 0">
<Contour name="D28" hidden="false" closed="true" simplified="true" border="0 0 1" fill="0 0 1" mode="11"
 points="6.50364 24.2659,
	6.455 24.2591,
	6.41112 24.2392,
	6.37629 24.2083,
	6.34623 24.126,
	6.35394 24.0828,
	6.37629 24.0438,
	6.41112 24.0128,
	6.455 23.993,
	6.50364 23.9862,
	6.55228 23.993,
	6.59617 24.0128,
	6.63098 24.0438,
	6.65335 24.0828,
	6.66106 24.126,
	6.65335 24.1692,
	6.63098 24.2083,
	6.59617 24.2392,
	6.55228 24.2591,
	"/>
</Transform>

<Transform dim="0"
 xcoef=" 0 1 0 0 0 0"
 ycoef=" 0 0 1 0 0 0">
<Contour name="D38" hidden="false" closed="true" simplified="true" border="1 0 0" fill="1 0 0" mode="11"
 points="23.2284 22.5322,
	23.177 22.525,
	23.1307 22.5038,
	23.0939 22.4709,
	23.0622 22.3836,
	23.0703 22.3377,
	23.0939 22.2962,
	23.1307 22.2632,
	23.177 22.2422,
	23.2284 22.2348,
	23.2797 22.2422,
	23.326 22.2632,
	23.3627 22.2962,
	23.3864 22.3377,
	23.3945 22.3836,
	23.3864 22.4295,
	23.3627 22.4709,
	23.326 22.5038,
	23.2797 22.525,
	"/>
</Transform>

<Transform dim="0"
 xcoef=" 0 1 0 0 0 0"
 ycoef=" 0 0 1 0 0 0">
<Contour name="D01" hidden="false" closed="true" simplified="true" border="1 1 0" fill="1 1 0" mode="11"
 points="18.478 26.6342,
	18.4274 26.6277,
	18.3818 26.6088,
	18.3455 26.5794,
	18.3143 26.5012,
	18.3224 26.4601,
	18.3455 26.423,
	18.3818 26.3936,
	18.4274 26.3748,
	18.478 26.3682,
	18.5285 26.3748,
	18.5742 26.3936,
	18.6104 26.423,
	18.6337 26.4601,
	18.6416 26.5012,
	18.6337 26.5422,
	18.6104 26.5794,
	18.5742 26.6088,
	18.5285 26.6277,
	"/>
</Transform>

<Transform dim="0"
 xcoef=" 0 1 0 0 0 0"
 ycoef=" 0 0 1 0 0 0">
<Contour name="D63" hidden="false" closed="true" simplified="true" border="1 0 0" fill="1 0 0" mode="11"
 points="20.7533 26.7904,
	20.7307 26.7877,
	20.7104 26.7797,
	20.6943 26.7673,
	20.6803 26.7344,
	20.6839 26.7171,
	20.6943 26.7015,
	20.7104 26.6891,
	20.7307 26.6811,
	20.7533 26.6784,
	20.7758 26.6811,
	20.7962 26.6891,
	20.8123 26.7015,
	20.8227 26.7171,
	20.8262 26.7344,
	20.8227 26.7517,
	20.8123 26.7673,
	20.7962 26.7797,
	20.7758 26.7877,
	"/>
</Transform>

<Transform dim="0"
 xcoef=" 0 1 0 0 0 0"
 ycoef=" 0 0 1 0 0 0">
<Contour name="d28sp01" hidden="false" closed="true" simplified="true" border="1 0 0" fill="1 0 0" mode="11"
 points="7.3005 23.7523,
	7.28336 23.7502,
	7.27478 23.7481,
	7.26621 23.7438,
	7.26514 23.7416,
	7.26086 23.7405,
	7.25229 23.7352,
	7.25014 23.7331,
	7.248 23.7331,
	7.24693 23.7309,
	7.24478 23.7309,
	7.2405 23.7277,
	7.17194 23.7245,
	7.1548 23.7255,
	7.13766 23.7223,
	7.13551 23.7202,
	7.12694 23.7191,
	7.1098 23.7105,
	7.10552 23.7084,
	7.1023 23.7042,
	7.09909 23.702,
	7.09695 23.6934,
	7.09695 23.6848,
	7.09695 23.6827,
	7.09695 23.6816,
	7.09909 23.6774,
	7.10338 23.6731,
	7.10338 23.6709,
	7.1098 23.6645,
	7.11302 23.6613,
	7.11516 23.6613,
	7.11837 23.6569,
	7.12694 23.6538,
	7.14408 23.6516,
	7.16123 23.6516,
	7.1698 23.6506,
	7.17408 23.6506,
	7.19015 23.6442,
	7.20622 23.6345,
	7.21479 23.6292,
	7.22122 23.6238,
	7.22443 23.6195,
	7.22764 23.6174,
	7.22979 23.613,
	7.233 23.6109,
	7.233 23.6088,
	7.23729 23.6056,
	7.23836 23.6013,
	7.24478 23.5959,
	7.24586 23.5917,
	7.248 23.5906,
	7.248 23.5885,
	7.25978 23.5735,
	7.26514 23.567,
	7.27264 23.5595,
	7.28121 23.5541,
	7.28442 23.5509,
	7.2887 23.5499,
	7.30584 23.5391,
	7.31228 23.5338,
	7.3187 23.5252,
	7.32727 23.5091,
	7.33263 23.5005,
	7.3412 23.4931,
	7.35405 23.4781,
	7.35405 23.476,
	7.36477 23.4599,
	7.36798 23.4556,
	7.36798 23.4534,
	7.37976 23.4384,
	7.39369 23.4256,
	7.40976 23.4106,
	7.41404 23.4085,
	7.42047 23.4009,
	7.42476 23.3967,
	7.42904 23.3892,
	7.43548 23.3817,
	7.43869 23.3731,
	7.4419 23.3688,
	7.44405 23.3614,
	7.44618 23.3591,
	7.44833 23.3506,
	7.45047 23.3496,
	7.45797 23.3335,
	7.46011 23.3314,
	7.46119 23.327,
	7.4644 23.3249,
	7.48582 23.2917,
	7.49332 23.2746,
	7.49653 23.2702,
	7.50296 23.2531,
	7.50617 23.2445,
	7.50725 23.2403,
	7.51046 23.236,
	7.51368 23.2274,
	7.51582 23.2263,
	7.51582 23.2221,
	7.51796 23.221,
	7.51903 23.2166,
	7.52225 23.2135,
	7.52225 23.2092,
	7.52867 23.2017,
	7.5351 23.1963,
	7.54689 23.1813,
	7.56295 23.1706,
	7.5651 23.1685,
	7.58224 23.1653,
	7.59938 23.1653,
	7.60795 23.1685,
	7.61652 23.1695,
	7.63258 23.175,
	7.64008 23.1782,
	7.64437 23.1792,
	7.64651 23.1792,
	7.6508 23.1824,
	7.65295 23.1845,
	7.65401 23.2017,
	7.65295 23.2189,
	7.64544 23.236,
	7.64223 23.2403,
	7.64223 23.2424,
	7.63902 23.2467,
	7.63902 23.2489,
	7.63687 23.2499,
	7.63151 23.266,
	7.62937 23.2746,
	7.62937 23.2767,
	7.62723 23.2778,
	7.62509 23.3464,
	7.62616 23.3635,
	7.63151 23.3806,
	7.63473 23.3892,
	7.63687 23.3935,
	7.63902 23.3956,
	7.64223 23.4042,
	7.6433 23.4085,
	7.64651 23.4138,
	7.64866 23.4159,
	7.64972 23.4203,
	7.65616 23.4288,
	7.65937 23.4331,
	7.66152 23.4331,
	7.66686 23.4384,
	7.67115 23.4395,
	7.67866 23.4449,
	7.68079 23.4471,
	7.68936 23.4492,
	7.69257 23.4524,
	7.70971 23.4577,
	7.71828 23.461,
	7.72043 23.461,
	7.72258 23.4631,
	7.73115 23.4652,
	7.73972 23.4695,
	7.744 23.4706,
	7.76114 23.4802,
	7.76971 23.4855,
	7.77185 23.4878,
	7.78899 23.491,
	7.80507 23.5028,
	7.80828 23.5199,
	7.80828 23.537,
	7.80507 23.5541,
	7.80399 23.5585,
	7.80185 23.5606,
	7.79863 23.5691,
	7.7965 23.5702,
	7.79542 23.5745,
	7.79328 23.5756,
	7.79006 23.5841,
	7.78578 23.5906,
	7.78257 23.5938,
	7.78149 23.598,
	7.76971 23.6153,
	7.75471 23.6313,
	7.73865 23.6442,
	7.73436 23.6484,
	7.71828 23.6581,
	7.714 23.6592,
	7.7065 23.6645,
	7.70222 23.6677,
	7.69793 23.6687,
	7.69365 23.6719,
	7.69151 23.6719,
	7.68936 23.6742,
	7.68723 23.6742,
	7.67866 23.6805,
	7.66152 23.6902,
	7.65723 23.6913,
	7.65295 23.6945,
	7.63687 23.702,
	7.63366 23.7052,
	7.62509 23.7084,
	7.6208 23.7105,
	7.61866 23.7127,
	7.61437 23.7137,
	7.61223 23.7137,
	7.60366 23.7191,
	7.58652 23.7245,
	7.58438 23.7266,
	7.57581 23.7277,
	7.55867 23.7331,
	7.54153 23.7352,
	7.53296 23.7373,
	7.49868 23.7395,
	7.48154 23.7384,
	7.47297 23.7373,
	7.4644 23.7341,
	7.46225 23.7331,
	7.44511 23.7363,
	7.42797 23.7363,
	7.41083 23.7384,
	7.37763 23.7491,
	7.36906 23.7513,
	"/>
</Transform>

<Transform dim="0"
 xcoef=" 0 1 0 0 0 0"
 ycoef=" 0 0 1 0 0 0">
<Contour name="d28" hidden="false" closed="true" simplified="true" border="1 1 0" fill="1 1 0" mode="11"
 points="6.66952 24.7631,
	6.64848 24.7605,
	6.60639 24.7513,
	6.59588 24.7486,
	6.57483 24.7473,
	6.55379 24.7434,
	6.54327 24.7395,
	6.53801 24.7368,
	6.53275 24.7368,
	6.53013 24.7342,
	6.5196 24.7316,
	6.51434 24.729,
	6.51171 24.729,
	6.5104 24.7263,
	6.48936 24.725,
	6.46831 24.721,
	6.42622 24.7092,
	6.40519 24.704,
	6.39466 24.7013,
	6.38941 24.7013,
	6.38415 24.6987,
	6.37362 24.6974,
	6.36837 24.6974,
	6.35784 24.6934,
	6.35259 24.6921,
	6.31182 24.6619,
	6.29209 24.65,
	6.28683 24.6487,
	6.28551 24.6461,
	6.27499 24.6435,
	6.26973 24.6409,
	6.2487 24.6435,
	6.23817 24.6448,
	6.22765 24.6435,
	6.21713 24.6396,
	6.21187 24.6355,
	6.20793 24.6342,
	6.18951 24.6172,
	6.18425 24.6159,
	6.18162 24.6132,
	6.16059 24.6053,
	6.15795 24.6053,
	6.15532 24.6027,
	6.13428 24.5975,
	6.12376 24.5948,
	6.11981 24.5908,
	6.11455 24.5895,
	6.10929 24.5843,
	6.10009 24.579,
	6.08957 24.5712,
	6.08562 24.5606,
	6.07247 24.5382,
	6.06853 24.533,
	6.06721 24.5278,
	6.06458 24.5252,
	6.06063 24.5041,
	6.058 24.4935,
	6.04617 24.4751,
	6.03697 24.4659,
	6.03302 24.462,
	6.03039 24.462,
	6.02644 24.4581,
	6.02118 24.4581,
	6.01856 24.4554,
	6.00934 24.4527,
	6.00408 24.4514,
	5.99488 24.4449,
	5.99488 24.4423,
	5.99093 24.437,
	5.98962 24.4265,
	5.98962 24.4212,
	5.99488 24.4121,
	5.99488 24.4067,
	5.99751 24.4054,
	5.99751 24.4002,
	6.00014 24.3976,
	6.00146 24.3765,
	5.99751 24.3344,
	5.99356 24.3134,
	5.98567 24.2923,
	5.98436 24.2871,
	5.98436 24.2845,
	5.9791 24.2792,
	5.96727 24.2595,
	5.96332 24.2542,
	5.96069 24.2515,
	5.94359 24.2108,
	5.94359 24.2055,
	5.93833 24.195,
	5.9357 24.1845,
	5.93307 24.1818,
	5.92781 24.1608,
	5.9265 24.1503,
	5.92255 24.1397,
	5.92123 24.1188,
	5.92123 24.1095,
	5.92123 24.1082,
	5.92518 24.0977,
	5.9265 24.0924,
	5.93307 24.0819,
	5.93438 24.0767,
	5.93833 24.0714,
	5.94228 24.0609,
	5.94622 24.0556,
	5.94622 24.053,
	5.96069 24.0346,
	5.9791 24.0188,
	5.98436 24.0149,
	5.98699 24.0149,
	6.00277 24.0004,
	6.02118 23.9873,
	6.0317 23.9793,
	6.03302 23.9767,
	6.03565 23.9767,
	6.04222 23.9662,
	6.04485 23.9649,
	6.0488 23.9543,
	6.05012 23.9491,
	6.04354 23.9294,
	6.03827 23.9241,
	6.01856 23.9122,
	6.00934 23.9057,
	5.99883 23.8965,
	5.99488 23.8925,
	5.99356 23.882,
	5.99225 23.8768,
	5.98962 23.8742,
	5.9883 23.8636,
	5.98962 23.8531,
	5.99488 23.8426,
	6.01066 23.8228,
	6.01329 23.8189,
	6.01856 23.8163,
	6.01856 23.8136,
	6.03959 23.7991,
	6.05012 23.7978,
	6.07116 23.8005,
	6.08168 23.8032,
	6.12376 23.8018,
	6.13428 23.7991,
	6.13559 23.7965,
	6.14611 23.7939,
	6.14874 23.7939,
	6.15006 23.7913,
	6.15269 23.7913,
	6.15401 23.7887,
	6.15927 23.7887,
	6.16452 23.7861,
	6.16715 23.7834,
	6.16979 23.7834,
	6.17242 23.7794,
	6.17768 23.7768,
	6.18294 23.7716,
	6.1882 23.7702,
	6.19609 23.7624,
	6.20661 23.7585,
	6.20793 23.7557,
	6.22765 23.7479,
	6.23817 23.744,
	6.25921 23.7426,
	6.28026 23.744,
	6.32233 23.7557,
	6.3276 23.757,
	6.33023 23.7598,
	6.34075 23.7611,
	6.35127 23.7663,
	6.35389 23.7663,
	6.35653 23.7689,
	6.36705 23.7716,
	6.37231 23.7729,
	6.37494 23.7755,
	6.38546 23.7768,
	6.3881 23.7794,
	6.40913 23.7874,
	6.41966 23.7887,
	6.42886 23.7939,
	6.43412 23.7952,
	6.43938 23.7991,
	6.48146 23.811,
	6.5025 23.8176,
	6.51302 23.8202,
	6.51828 23.8228,
	6.52355 23.8228,
	6.54459 23.8295,
	6.54984 23.8321,
	6.57089 23.8334,
	6.57615 23.8347,
	6.59719 23.8334,
	6.61823 23.8347,
	6.62875 23.8399,
	6.63402 23.8399,
	6.63664 23.8426,
	6.63927 23.8426,
	6.6419 23.8452,
	6.65243 23.8479,
	6.65374 23.8505,
	6.66426 23.8518,
	6.66952 23.8544,
	6.67478 23.8544,
	6.68004 23.8571,
	6.72213 23.861,
	6.74316 23.8623,
	6.75369 23.8623,
	6.77473 23.8688,
	6.78525 23.8768,
	6.7892 23.8794,
	6.79051 23.8846,
	6.79577 23.8886,
	6.79708 23.8912,
	6.79971 23.8912,
	6.80892 23.9005,
	6.81549 23.9109,
	6.81549 23.9136,
	6.81812 23.9149,
	6.81812 23.9176,
	6.8247 23.9228,
	6.8247 23.9254,
	6.83917 23.9439,
	6.8418 23.9452,
	6.8418 23.9478,
	6.8589 23.9675,
	6.8589 23.9702,
	6.86416 23.9754,
	6.86416 23.978,
	6.86678 23.9806,
	6.86941 23.9912,
	6.87204 23.9925,
	6.87204 23.9951,
	6.87599 23.9991,
	6.87731 24.0043,
	6.87994 24.007,
	6.88782 24.0281,
	6.89046 24.0294,
	6.89309 24.0385,
	6.89572 24.0411,
	6.89572 24.0438,
	6.89835 24.0464,
	6.90624 24.0661,
	6.91018 24.0767,
	6.9115 24.0819,
	6.9115 24.0846,
	6.91413 24.0859,
	6.91545 24.0964,
	6.91938 24.1056,
	6.9207 24.1161,
	6.92465 24.1266,
	6.92728 24.1319,
	6.92728 24.1371,
	6.94043 24.1792,
	6.94043 24.1818,
	6.94306 24.1845,
	6.94964 24.2266,
	6.94964 24.3949,
	6.95227 24.4054,
	6.95489 24.4106,
	6.95489 24.416,
	6.95752 24.4173,
	6.95752 24.4199,
	6.9641 24.4304,
	6.96805 24.441,
	6.97067 24.4462,
	6.97067 24.4672,
	6.96147 24.5514,
	6.96147 24.5725,
	6.95358 24.6146,
	6.94964 24.6251,
	6.93386 24.6448,
	6.92991 24.65,
	6.92728 24.6513,
	6.92596 24.6566,
	6.92202 24.6606,
	6.91807 24.6711,
	6.91545 24.6763,
	6.91545 24.6817,
	6.91018 24.6921,
	6.90887 24.6974,
	6.90097 24.7079,
	6.89177 24.7158,
	6.88651 24.7197,
	6.87599 24.7236,
	6.87073 24.7263,
	6.84968 24.7303,
	6.80761 24.7316,
	6.79708 24.7316,
	6.77605 24.7382,
	6.77078 24.7395,
	6.76947 24.7421,
	6.72738 24.7553,
	6.71686 24.7579,
	6.7116 24.7605,
	6.69056 24.7631,
	"/>
</Transform>

<Transform dim="0"
 xcoef=" 0 1 0 0 0 0"
 ycoef=" 0 0 1 0 0 0">
<Contour name="d28sp02" hidden="false" closed="true" simplified="true" border="1 0 0" fill="1 0 0" mode="11"
 points="5.63878 23.5047,
	5.63006 23.502,
	5.6257 23.5003,
	5.62353 23.4992,
	5.62134 23.4992,
	5.61917 23.4975,
	5.61044 23.4948,
	5.593 23.4866,
	5.58428 23.4818,
	5.57992 23.479,
	5.57883 23.478,
	5.57447 23.4769,
	5.56575 23.4708,
	5.56139 23.4703,
	5.55268 23.4654,
	5.54396 23.4622,
	5.5396 23.4605,
	5.53087 23.4545,
	5.52869 23.4534,
	5.52706 23.4512,
	5.52488 23.4507,
	5.52324 23.4485,
	5.52107 23.448,
	5.51234 23.4409,
	5.4949 23.4289,
	5.49054 23.4256,
	5.48837 23.4245,
	5.48727 23.4245,
	5.48346 23.4207,
	5.48128 23.4197,
	5.46439 23.4039,
	5.4622 23.4016,
	5.46003 23.4011,
	5.45567 23.3967,
	5.44749 23.3908,
	5.44694 23.3897,
	5.44258 23.3886,
	5.43386 23.3831,
	5.42514 23.3766,
	5.42351 23.3744,
	5.42187 23.3739,
	5.41315 23.3668,
	5.4088 23.3635,
	5.40661 23.3619,
	5.40443 23.3614,
	5.39571 23.3564,
	5.38699 23.3504,
	5.37827 23.3433,
	5.37445 23.339,
	5.37337 23.3379,
	5.37118 23.3291,
	5.36955 23.3248,
	5.36792 23.316,
	5.36628 23.3139,
	5.36519 23.3128,
	5.3641 23.3085,
	5.36192 23.3063,
	5.36137 23.3041,
	5.35701 23.2997,
	5.35156 23.291,
	5.35048 23.2889,
	5.35048 23.2866,
	5.34775 23.2828,
	5.34666 23.2741,
	5.34666 23.2654,
	5.34666 23.2649,
	5.34829 23.2627,
	5.34993 23.2583,
	5.35102 23.2561,
	5.36846 23.2523,
	5.40334 23.2507,
	5.43822 23.2518,
	5.49054 23.2518,
	5.50798 23.2545,
	5.51234 23.255,
	5.51616 23.2577,
	5.52488 23.2611,
	5.52924 23.2627,
	5.53795 23.2697,
	5.5554 23.2801,
	5.56412 23.2844,
	5.57284 23.2872,
	5.57611 23.2872,
	5.57774 23.2889,
	5.59519 23.2921,
	5.60391 23.2948,
	5.60827 23.297,
	5.61263 23.3002,
	5.62134 23.3047,
	5.6257 23.3063,
	5.63442 23.3079,
	5.63878 23.309,
	5.65623 23.3215,
	5.66985 23.339,
	5.67639 23.3477,
	5.68129 23.3564,
	5.68784 23.3651,
	5.6911 23.3695,
	5.70854 23.3831,
	5.71672 23.3902,
	5.73035 23.4077,
	5.73853 23.4158,
	5.74725 23.4207,
	5.76468 23.4218,
	5.76958 23.4306,
	5.77013 23.4327,
	5.7685 23.4371,
	5.76632 23.4392,
	5.76578 23.4414,
	5.76142 23.4453,
	5.75923 23.4469,
	5.75487 23.4485,
	5.73743 23.4595,
	5.72872 23.4649,
	5.72436 23.4676,
	5.72 23.4714,
	5.71781 23.4736,
	5.70909 23.4785,
	5.70691 23.479,
	5.70255 23.4823,
	5.69819 23.4839,
	5.69383 23.4866,
	5.68511 23.4905,
	5.68348 23.4921,
	5.68239 23.4921,
	5.68021 23.4943,
	5.67584 23.4954,
	5.67367 23.497,
	5.66931 23.4981,
	5.66059 23.502,
	5.65187 23.5036,
	5.64751 23.5047,
	"/>
</Transform>

<Transform dim="0"
 xcoef=" 0 1 0 0 0 0"
 ycoef=" 0 0 1 0 0 0">
<Contour name="d63sp02" hidden="false" closed="true" simplified="true" border="1 0 0" fill="1 0 0" mode="11"
 points="20.6056 27.5758,
	20.5976 27.5698,
	20.5915 27.5537,
	20.5854 27.5455,
	20.5834 27.5374,
	20.5773 27.5314,
	20.5753 27.5233,
	20.5713 27.5193,
	20.5693 27.5112,
	20.5592 27.495,
	20.5552 27.487,
	20.5531 27.4547,
	20.549 27.4384,
	20.549 27.4061,
	20.549 27.39,
	20.5531 27.3819,
	20.5531 27.3778,
	20.5572 27.3738,
	20.5572 27.3698,
	20.5632 27.3617,
	20.5653 27.3537,
	20.5592 27.3374,
	20.5592 27.3294,
	20.5673 27.3132,
	20.5733 27.3051,
	20.5773 27.289,
	20.5773 27.2808,
	20.5653 27.2485,
	20.5612 27.2324,
	20.5531 27.2162,
	20.549 27.2001,
	20.549 27.1839,
	20.5531 27.1677,
	20.5572 27.1637,
	20.5592 27.1475,
	20.5592 27.1394,
	20.5531 27.1232,
	20.549 27.1152,
	20.547 27.1111,
	20.5531 27.0949,
	20.5511 27.0788,
	20.541 27.0465,
	20.537 27.0384,
	20.537 27.0222,
	20.537 27.0202,
	20.541 27.0202,
	20.545 27.0242,
	20.549 27.0242,
	20.5531 27.0283,
	20.5612 27.0303,
	20.5693 27.0364,
	20.5773 27.0384,
	20.5936 27.0485,
	20.6097 27.0525,
	20.6177 27.0546,
	20.6219 27.0586,
	20.638 27.0647,
	20.7026 27.0606,
	20.7188 27.0546,
	20.7188 27.0586,
	20.7148 27.0626,
	20.7127 27.0708,
	20.7046 27.0788,
	20.6845 27.1111,
	20.6743 27.1273,
	20.6703 27.1354,
	20.6763 27.1677,
	20.6804 27.1839,
	20.6763 27.2001,
	20.6723 27.2081,
	20.6703 27.2405,
	20.6683 27.2566,
	20.6743 27.289,
	20.6763 27.3213,
	20.6763 27.3294,
	20.65 27.3617,
	20.64 27.3778,
	20.64 27.386,
	20.65 27.4021,
	20.6522 27.4183,
	20.65 27.4344,
	20.6522 27.4506,
	20.6602 27.4667,
	20.6622 27.4748,
	20.6562 27.491,
	20.6259 27.5233,
	20.6177 27.5557,
	20.6177 27.5718,
	20.6137 27.5758,
	"/>
</Transform>

<Transform dim="0"
 xcoef=" 0 1 0 0 0 0"
 ycoef=" 0 0 1 0 0 0">
<Contour name="d63sp03" hidden="false" closed="true" simplified="true" border="1 0 0" fill="1 0 0" mode="11"
 points="21.4769 26.7279,
	21.4662 26.7137,
	21.464 26.7105,
	21.464 26.7096,
	21.4618 26.7066,
	21.4609 26.7057,
	21.4609 26.7048,
	21.4582 26.7013,
	21.4538 26.6954,
	21.452 26.6941,
	21.4511 26.6924,
	21.4391 26.6821,
	21.436 26.6799,
	21.4343 26.6786,
	21.4325 26.6781,
	21.4289 26.6755,
	21.4271 26.6746,
	21.4262 26.6733,
	21.4129 26.6653,
	21.4107 26.6631,
	21.4089 26.6626,
	21.4022 26.6587,
	21.4014 26.6578,
	21.4005 26.6578,
	21.3996 26.6569,
	21.3987 26.6569,
	21.3969 26.6555,
	21.3961 26.6555,
	21.3947 26.6542,
	21.393 26.6537,
	21.3895 26.6515,
	21.3885 26.6506,
	21.3867 26.6506,
	21.3858 26.6497,
	21.3788 26.6471,
	21.3753 26.6458,
	21.3734 26.6445,
	21.3716 26.6445,
	21.3699 26.6436,
	21.3694 26.6431,
	21.3694 26.6427,
	21.3712 26.6408,
	21.3743 26.6386,
	21.3814 26.6364,
	21.3885 26.6364,
	21.3956 26.6386,
	21.3974 26.6399,
	21.3992 26.6404,
	21.4022 26.6431,
	21.4089 26.6467,
	21.4107 26.6475,
	21.4116 26.6475,
	21.4134 26.6489,
	21.4205 26.6489,
	21.424 26.6475,
	21.4258 26.6475,
	21.4267 26.6467,
	21.4338 26.644,
	21.4356 26.6436,
	21.4365 26.6427,
	21.4418 26.6427,
	21.4453 26.6445,
	21.4485 26.6475,
	21.4516 26.6546,
	21.4524 26.6565,
	21.4524 26.6582,
	21.4551 26.6653,
	21.456 26.6688,
	21.4564 26.6706,
	21.4577 26.6724,
	21.4577 26.6733,
	21.4586 26.6742,
	21.4586 26.6759,
	21.4595 26.6764,
	21.4609 26.6799,
	21.4609 26.6808,
	21.4618 26.6812,
	21.4618 26.683,
	21.4631 26.6843,
	21.4631 26.6853,
	21.464 26.6862,
	21.464 26.6871,
	21.4649 26.6875,
	21.4653 26.6893,
	21.4666 26.6906,
	21.4666 26.6915,
	21.468 26.6932,
	21.4684 26.695,
	21.4706 26.6981,
	21.471 26.6999,
	21.4733 26.7035,
	21.4741 26.707,
	21.4747 26.7088,
	21.4756 26.7096,
	21.4773 26.7168,
	21.4773 26.7238,
	21.4773 26.7274,
	"/>
</Transform>

<Transform dim="0"
 xcoef=" 0 1 0 0 0 0"
 ycoef=" 0 0 1 0 0 0">
<Contour name="d63sp03" hidden="false" closed="true" simplified="true" border="1 0 0" fill="1 0 0" mode="11"
 points="22.1363 26.4391,
	22.1329 26.4387,
	22.126 26.4366,
	22.1243 26.4357,
	22.1235 26.4357,
	22.1226 26.4349,
	22.1218 26.4349,
	22.1209 26.434,
	22.1201 26.434,
	22.1171 26.4315,
	22.1136 26.4306,
	22.1073 26.4276,
	22.1056 26.4267,
	22.1047 26.4259,
	22.1017 26.425,
	22.0999 26.4233,
	22.0931 26.4195,
	22.0914 26.4191,
	22.0885 26.4165,
	22.0816 26.4126,
	22.0786 26.4105,
	22.0756 26.4092,
	22.0748 26.4084,
	22.0739 26.4084,
	22.0727 26.4071,
	22.0709 26.4067,
	22.0692 26.405,
	22.0683 26.405,
	22.0675 26.4041,
	22.0658 26.4037,
	22.0641 26.4024,
	22.0624 26.402,
	22.0615 26.4011,
	22.0598 26.4006,
	22.0529 26.3964,
	22.05 26.3934,
	22.0491 26.3925,
	22.0487 26.3857,
	22.0487 26.3823,
	22.0487 26.3818,
	22.0495 26.3784,
	22.0521 26.375,
	22.0521 26.3742,
	22.055 26.3715,
	22.055 26.3707,
	22.0581 26.3673,
	22.0581 26.3664,
	22.0611 26.3639,
	22.0619 26.3622,
	22.0636 26.3605,
	22.0709 26.3477,
	22.0731 26.3447,
	22.0731 26.3437,
	22.0756 26.3403,
	22.0765 26.3391,
	22.0765 26.3382,
	22.0782 26.3365,
	22.0803 26.3335,
	22.0803 26.3327,
	22.082 26.331,
	22.082 26.3301,
	22.0868 26.3237,
	22.0923 26.3173,
	22.094 26.3155,
	22.0948 26.3138,
	22.0965 26.3125,
	22.0987 26.3096,
	22.1017 26.3066,
	22.103 26.3049,
	22.1094 26.3001,
	22.1111 26.2984,
	22.1119 26.2984,
	22.1175 26.2937,
	22.1201 26.2908,
	22.1235 26.2882,
	22.1252 26.2864,
	22.1269 26.286,
	22.1304 26.283,
	22.1363 26.2788,
	22.1372 26.2779,
	22.1389 26.2775,
	22.1449 26.2727,
	22.1466 26.2715,
	22.1475 26.2715,
	22.15 26.2685,
	22.153 26.2672,
	22.1543 26.2659,
	22.156 26.2655,
	22.1578 26.2638,
	22.1646 26.2617,
	22.168 26.2608,
	22.1697 26.26,
	22.1766 26.26,
	22.18 26.2617,
	22.1868 26.2638,
	22.1885 26.2642,
	22.1894 26.2651,
	22.1928 26.2655,
	22.1936 26.2664,
	22.197 26.2676,
	22.1987 26.2685,
	22.2005 26.2685,
	22.2039 26.2702,
	22.2107 26.2715,
	22.2116 26.2723,
	22.2133 26.2727,
	22.2142 26.2727,
	22.2155 26.2741,
	22.2172 26.2745,
	22.2206 26.2767,
	22.2214 26.2775,
	22.2248 26.2788,
	22.2309 26.2839,
	22.2368 26.2908,
	22.2425 26.2963,
	22.2446 26.2988,
	22.2505 26.3036,
	22.2518 26.3045,
	22.2526 26.3045,
	22.2587 26.3104,
	22.2715 26.319,
	22.2775 26.3228,
	22.2792 26.3237,
	22.28 26.3237,
	22.2809 26.3245,
	22.2843 26.3258,
	22.2861 26.3262,
	22.2895 26.3283,
	22.2912 26.3288,
	22.2946 26.3318,
	22.2971 26.3344,
	22.2989 26.3348,
	22.304 26.3403,
	22.3049 26.342,
	22.3104 26.3468,
	22.3129 26.3494,
	22.3194 26.3549,
	22.3228 26.357,
	22.3245 26.3578,
	22.3253 26.3613,
	22.3253 26.3681,
	22.3236 26.3715,
	22.3232 26.3733,
	22.3224 26.3742,
	22.3219 26.3759,
	22.3177 26.3827,
	22.3151 26.3857,
	22.3082 26.3896,
	22.3015 26.3925,
	22.2998 26.3938,
	22.2861 26.3985,
	22.2792 26.402,
	22.2775 26.4024,
	22.2758 26.4037,
	22.2724 26.405,
	22.2715 26.405,
	22.2697 26.4062,
	22.2689 26.4062,
	22.268 26.4071,
	22.2663 26.4075,
	22.2655 26.4075,
	22.2621 26.4096,
	22.2587 26.4105,
	22.257 26.4109,
	22.256 26.4118,
	22.2543 26.4118,
	22.2407 26.4157,
	22.227 26.4182,
	22.2133 26.4187,
	22.2065 26.4195,
	22.2048 26.4199,
	22.2039 26.4199,
	22.2031 26.4208,
	22.1962 26.4229,
	22.1928 26.4237,
	22.1919 26.4246,
	22.1851 26.4267,
	22.1783 26.428,
	22.1715 26.4302,
	22.1646 26.4315,
	22.1578 26.434,
	22.156 26.434,
	22.1526 26.4357,
	22.1509 26.4362,
	22.15 26.437,
	22.1466 26.4374,
	22.1432 26.4387,
	"/>
</Transform>

<Transform dim="0"
 xcoef=" 0 1 0 0 0 0"
 ycoef=" 0 0 1 0 0 0">
<Contour name="d28sp03" hidden="false" closed="true" simplified="true" border="1 0 0" fill="1 0 0" mode="11"
 points="7.16951 24.8721,
	7.16586 24.8703,
	7.16402 24.8698,
	7.16312 24.8698,
	7.15946 24.8671,
	7.15672 24.8638,
	7.15489 24.8625,
	7.15444 24.8616,
	7.15352 24.8616,
	7.15078 24.8584,
	7.14759 24.8566,
	7.14577 24.8557,
	7.14485 24.8548,
	7.13024 24.8534,
	7.12293 24.852,
	7.11928 24.851,
	7.11836 24.851,
	7.11745 24.8501,
	7.11015 24.8488,
	7.10649 24.8483,
	7.09918 24.8456,
	7.09736 24.8442,
	7.09553 24.8438,
	7.08959 24.8379,
	7.08685 24.8346,
	7.08548 24.8333,
	7.08548 24.8323,
	7.08046 24.8255,
	7.07727 24.8191,
	7.06858 24.8063,
	7.06584 24.8027,
	7.06493 24.8009,
	7.06402 24.8004,
	7.06402 24.7995,
	7.05671 24.7968,
	7.05489 24.7959,
	7.05352 24.794,
	7.0526 24.794,
	7.05123 24.7926,
	7.05031 24.7926,
	7.04758 24.7899,
	7.03388 24.7793,
	7.03251 24.7789,
	7.02885 24.7757,
	7.02201 24.7707,
	7.01835 24.7685,
	7.01561 24.7656,
	7.01379 24.7652,
	7.00648 24.7611,
	7.00282 24.7593,
	7.001 24.7588,
	6.99963 24.7575,
	6.99597 24.7561,
	6.99506 24.7561,
	6.9946 24.7552,
	6.99095 24.7543,
	6.99049 24.7534,
	6.98867 24.7529,
	6.98684 24.7515,
	6.98502 24.751,
	6.9841 24.7497,
	6.98228 24.7492,
	6.98044 24.7479,
	6.97862 24.7474,
	6.97131 24.7424,
	6.97086 24.7351,
	6.97086 24.7314,
	6.97086 24.731,
	6.97223 24.7273,
	6.97314 24.7255,
	6.97496 24.7236,
	6.97725 24.72,
	6.97862 24.7182,
	6.97999 24.7146,
	6.98091 24.7127,
	6.98136 24.709,
	6.98228 24.7076,
	6.98318 24.7004,
	6.98456 24.6968,
	6.98456 24.6959,
	6.98547 24.6949,
	6.9873 24.6876,
	6.98821 24.6858,
	6.98867 24.6822,
	6.98958 24.6812,
	6.99049 24.6775,
	6.99049 24.6757,
	6.99186 24.6721,
	6.99278 24.6703,
	6.99323 24.6665,
	6.99552 24.6593,
	6.99644 24.6588,
	6.99644 24.6552,
	6.99781 24.6534,
	6.99918 24.6497,
	7.00008 24.6492,
	7.00145 24.646,
	7.00237 24.6447,
	7.00237 24.6438,
	7.00511 24.6406,
	7.00693 24.6373,
	7.00968 24.6341,
	7.01059 24.6337,
	7.01105 24.6319,
	7.01653 24.6255,
	7.01653 24.6246,
	7.02246 24.6186,
	7.0252 24.6159,
	7.03205 24.6118,
	7.0357 24.61,
	7.03754 24.609,
	7.03844 24.6081,
	7.0421 24.6076,
	7.04255 24.6067,
	7.04347 24.6067,
	7.04438 24.6058,
	7.04621 24.6058,
	7.05352 24.6027,
	7.05716 24.6017,
	7.06082 24.5999,
	7.06356 24.5999,
	7.06447 24.599,
	7.07179 24.5972,
	7.07316 24.5959,
	7.08046 24.5935,
	7.08228 24.593,
	7.0832 24.5921,
	7.08503 24.5921,
	7.08594 24.5912,
	7.08959 24.5899,
	7.09141 24.5899,
	7.09188 24.589,
	7.09553 24.588,
	7.09918 24.5862,
	7.10101 24.5858,
	7.10192 24.5858,
	7.10283 24.5849,
	7.11745 24.5821,
	7.12476 24.5802,
	7.13937 24.5784,
	7.14667 24.5789,
	7.15398 24.5811,
	7.15764 24.5835,
	7.16038 24.5858,
	7.16402 24.588,
	7.16951 24.5939,
	7.17271 24.5972,
	7.17453 24.599,
	7.17864 24.6049,
	7.18139 24.6085,
	7.18184 24.6105,
	7.18321 24.6123,
	7.18458 24.6159,
	7.1855 24.6177,
	7.1855 24.6195,
	7.19051 24.6341,
	7.19326 24.6488,
	7.19554 24.7072,
	7.19554 24.7656,
	7.19554 24.7802,
	7.19554 24.7876,
	7.19326 24.8022,
	7.19234 24.8096,
	7.19097 24.8132,
	7.19051 24.815,
	7.19051 24.8159,
	7.1896 24.8168,
	7.18413 24.8314,
	7.18184 24.8388,
	7.17955 24.8534,
	7.1791 24.8607,
	7.17636 24.868,
	7.17316 24.8716,
	"/>
</Transform>

<Transform dim="0"
 xcoef=" 0 1 0 0 0 0"
 ycoef=" 0 0 1 0 0 0">
<Contour name="d39" hidden="false" closed="true" simplified="true" border="1 1 0" fill="1 1 0" mode="11"
 points="12.5595 29.2957,
	12.5519 29.2919,
	12.5451 29.2841,
	12.5413 29.2813,
	12.5326 29.266,
	12.5279 29.2583,
	12.5125 29.244,
	12.5048 29.2401,
	12.4895 29.2429,
	12.4588 29.2305,
	12.4435 29.2257,
	12.4359 29.2209,
	12.4051 29.2141,
	12.386 29.2141,
	12.3822 29.2171,
	12.3745 29.219,
	12.3668 29.2228,
	12.3515 29.2257,
	12.3438 29.2276,
	12.3131 29.2228,
	12.3093 29.2219,
	12.3074 29.2219,
	12.3054 29.22,
	12.2441 29.2065,
	12.2403 29.2046,
	12.2325 29.2037,
	12.2019 29.1921,
	12.1865 29.1854,
	12.1827 29.1835,
	12.1808 29.1816,
	12.1769 29.1816,
	12.1731 29.1778,
	12.1712 29.1759,
	12.1693 29.1759,
	12.1386 29.1547,
	12.1243 29.1442,
	12.1194 29.1394,
	12.1156 29.1384,
	12.1003 29.1269,
	12.0925 29.1212,
	12.0906 29.1193,
	12.0887 29.1193,
	12.0811 29.1144,
	12.0772 29.1106,
	12.0696 29.1068,
	12.0619 29.101,
	12.06 29.101,
	12.0524 29.0953,
	12.0484 29.0934,
	12.0465 29.0915,
	12.0427 29.0905,
	12.0389 29.0877,
	12.035 29.0866,
	12.0312 29.0838,
	12.0236 29.0819,
	12.0159 29.0781,
	12.0121 29.0771,
	12.0102 29.0752,
	11.9794 29.0703,
	11.9487 29.0637,
	11.9411 29.0618,
	11.9372 29.0589,
	11.9334 29.0589,
	11.9181 29.0464,
	11.9056 29.0311,
	11.897 29.0167,
	11.8931 29.009,
	11.8912 29.0013,
	11.8874 28.9937,
	11.8845 28.9899,
	11.8817 28.9821,
	11.8721 28.9668,
	11.8702 28.963,
	11.8624 28.9562,
	11.8586 28.9543,
	11.8567 28.9543,
	11.8539 28.9505,
	11.8385 28.9467,
	11.8308 28.9438,
	11.8164 28.9294,
	11.8126 28.9256,
	11.8087 28.918,
	11.8068 28.914,
	11.803 28.9112,
	11.8002 28.9036,
	11.7992 28.8997,
	11.7964 28.8968,
	11.7964 28.893,
	11.7943 28.8911,
	11.7934 28.8834,
	11.7886 28.868,
	11.7858 28.8374,
	11.7858 28.8067,
	11.7858 28.8029,
	11.7858 28.8019,
	11.7896 28.7942,
	11.7896 28.7904,
	11.7934 28.7827,
	11.7943 28.7789,
	11.8002 28.7712,
	11.8155 28.7607,
	11.8231 28.7578,
	11.8261 28.7559,
	11.8299 28.7559,
	11.8452 28.7492,
	11.8529 28.7463,
	11.8567 28.7453,
	11.8586 28.7453,
	11.8615 28.7424,
	11.8692 28.7405,
	11.8845 28.7339,
	11.8999 28.7252,
	11.9075 28.7204,
	11.9372 28.6945,
	11.968 28.6648,
	11.9833 28.6495,
	11.9909 28.6437,
	11.9928 28.6418,
	11.9967 28.6408,
	12.0044 28.636,
	12.0082 28.6351,
	12.0102 28.6332,
	12.0178 28.6312,
	12.0216 28.6283,
	12.0369 28.6245,
	12.0389 28.6245,
	12.0418 28.6217,
	12.0494 28.6188,
	12.1108 28.5776,
	12.1184 28.5727,
	12.1224 28.5708,
	12.1243 28.5708,
	12.1271 28.5679,
	12.1425 28.5641,
	12.1501 28.5622,
	12.154 28.5612,
	12.1559 28.5612,
	12.1587 28.5583,
	12.1741 28.5555,
	12.1818 28.5517,
	12.1856 28.5517,
	12.1923 28.5468,
	12.1962 28.5459,
	12.2038 28.5392,
	12.2191 28.5305,
	12.2344 28.5258,
	12.2498 28.5229,
	12.2652 28.518,
	12.2728 28.5152,
	12.2805 28.5104,
	12.2844 28.5085,
	12.2882 28.5085,
	12.2901 28.5066,
	12.2978 28.5047,
	12.3054 28.4999,
	12.3207 28.497,
	12.3351 28.4922,
	12.3428 28.4922,
	12.4042 28.4807,
	12.4348 28.4739,
	12.4503 28.472,
	12.5116 28.473,
	12.5269 28.4739,
	12.5576 28.473,
	12.5729 28.472,
	12.5806 28.473,
	12.5883 28.4769,
	12.5922 28.4807,
	12.596 28.4817,
	12.6036 28.4874,
	12.6113 28.4913,
	12.6132 28.4932,
	12.6209 28.4941,
	12.6286 28.497,
	12.6592 28.4932,
	12.6745 28.4932,
	12.6785 28.4941,
	12.6804 28.4941,
	12.6832 28.4979,
	12.687 28.5133,
	12.6899 28.521,
	12.6909 28.5248,
	12.6986 28.5258,
	12.7063 28.5248,
	12.7101 28.5239,
	12.7407 28.5315,
	12.7714 28.5335,
	12.7867 28.5363,
	12.7907 28.5392,
	12.7983 28.542,
	12.8002 28.542,
	12.804 28.5449,
	12.8194 28.5488,
	12.8232 28.5507,
	12.8769 28.5507,
	12.8923 28.5555,
	12.9076 28.5632,
	12.9152 28.5679,
	12.9171 28.5679,
	12.9326 28.5785,
	12.9632 28.5967,
	12.9786 28.6034,
	12.9824 28.6054,
	13.013 28.6063,
	13.0284 28.6073,
	13.0437 28.6111,
	13.059 28.6217,
	13.0898 28.6495,
	13.1051 28.6639,
	13.1127 28.6696,
	13.1156 28.6734,
	13.1176 28.6754,
	13.1195 28.6754,
	13.1348 28.6878,
	13.1415 28.6926,
	13.1568 28.706,
	13.1646 28.7127,
	13.1693 28.7204,
	13.1712 28.7242,
	13.1722 28.7396,
	13.1722 28.7473,
	13.177 28.7626,
	13.1827 28.7702,
	13.1866 28.774,
	13.2019 28.7846,
	13.2096 28.7895,
	13.2115 28.7914,
	13.2134 28.7914,
	13.2211 28.7971,
	13.2211 28.799,
	13.224 28.8029,
	13.2259 28.8642,
	13.2278 28.8949,
	13.2259 28.9026,
	13.2211 28.9102,
	13.2058 28.9208,
	13.1905 28.9284,
	13.1751 28.9342,
	13.1731 28.9342,
	13.1693 28.9371,
	13.1617 28.94,
	13.1578 28.9428,
	13.154 28.9428,
	13.1387 28.9543,
	13.1348 28.9562,
	13.1271 28.964,
	13.1195 28.9687,
	13.1176 28.9687,
	13.1022 28.9774,
	13.0868 28.984,
	13.0715 28.9869,
	13.0562 28.9927,
	13.0408 28.9956,
	13.0332 28.9975,
	13.0179 29.0052,
	13.0025 29.0157,
	12.9871 29.0224,
	12.9795 29.0262,
	12.9757 29.0262,
	12.9449 29.0406,
	12.9296 29.0531,
	12.922 29.0589,
	12.9152 29.0665,
	12.8999 29.079,
	12.8923 29.0866,
	12.8904 29.0886,
	12.8884 29.0886,
	12.8807 29.0953,
	12.8769 29.0972,
	12.874 29.101,
	12.8586 29.1097,
	12.8433 29.1212,
	12.8414 29.1212,
	12.8338 29.1279,
	12.803 29.149,
	12.7877 29.1596,
	12.7772 29.1749,
	12.7733 29.1825,
	12.7666 29.2132,
	12.7638 29.2171,
	12.7608 29.2247,
	12.7542 29.2324,
	12.7513 29.2362,
	12.7494 29.2381,
	12.7455 29.2391,
	12.7302 29.2516,
	12.7264 29.2554,
	12.7226 29.2631,
	12.7167 29.2707,
	12.7091 29.2756,
	12.6938 29.2803,
	12.6785 29.2871,
	12.6631 29.2919,
	12.6554 29.2919,
	12.6477 29.2938,
	12.617 29.2957,
	"/>
</Transform>

<Transform dim="0"
 xcoef=" 0 1 0 0 0 0"
 ycoef=" 0 0 1 0 0 0">
<Contour name="d28c01" hidden="false" closed="true" simplified="true" border="0 0 1" fill="0 0 1" mode="11"
 points="7.68679 23.5194,
	7.66891 23.5183,
	7.65102 23.5126,
	7.65047 23.5115,
	7.646 23.5104,
	7.64152 23.5082,
	7.63929 23.5082,
	7.63705 23.5071,
	7.63594 23.5059,
	7.6337 23.5054,
	7.63202 23.5037,
	7.6309 23.5037,
	7.62643 23.4997,
	7.61972 23.4909,
	7.6186 23.4903,
	7.6186 23.4892,
	7.6119 23.4813,
	7.61134 23.4791,
	7.60966 23.4769,
	7.60911 23.4747,
	7.60631 23.4701,
	7.60352 23.4618,
	7.60295 23.4596,
	7.60184 23.4584,
	7.60128 23.4539,
	7.60128 23.4528,
	7.60016 23.4523,
	7.59793 23.4433,
	7.59681 23.4411,
	7.59513 23.4322,
	7.59122 23.4238,
	7.58955 23.4193,
	7.58843 23.4171,
	7.58731 23.4159,
	7.58563 23.4115,
	7.58508 23.4092,
	7.58396 23.4087,
	7.58228 23.4042,
	7.58172 23.3997,
	7.58061 23.3991,
	7.58004 23.3947,
	7.57837 23.3903,
	7.57781 23.3857,
	7.57669 23.3835,
	7.5739 23.3656,
	7.57278 23.3567,
	7.57166 23.321,
	7.57166 23.312,
	7.57166 23.3075,
	7.57166 23.3064,
	7.57166 23.3059,
	7.57278 23.2969,
	7.57445 23.2924,
	7.57502 23.2879,
	7.57557 23.2857,
	7.57669 23.2846,
	7.57613 23.2835,
	7.57892 23.2796,
	7.5834 23.2768,
	7.58563 23.2751,
	7.5901 23.2734,
	7.59234 23.2723,
	7.62811 23.2706,
	7.646 23.27,
	7.65047 23.2706,
	7.65494 23.2723,
	7.65718 23.2728,
	7.65829 23.2728,
	7.65885 23.274,
	7.66108 23.2746,
	7.66388 23.2774,
	7.66444 23.2796,
	7.66555 23.2801,
	7.66779 23.298,
	7.66891 23.3159,
	7.66891 23.3204,
	7.67059 23.3293,
	7.67171 23.3316,
	7.67171 23.3327,
	7.67283 23.3338,
	7.67506 23.3427,
	7.67561 23.345,
	7.67673 23.3456,
	7.68289 23.3634,
	7.68624 23.3723,
	7.68791 23.3746,
	7.68959 23.3785,
	7.69015 23.3807,
	7.69015 23.3818,
	7.69126 23.383,
	7.69126 23.3841,
	7.69238 23.3846,
	7.69295 23.3863,
	7.69462 23.388,
	7.69518 23.3903,
	7.70244 23.398,
	7.70468 23.3986,
	7.70635 23.4003,
	7.71082 23.402,
	7.71194 23.4031,
	7.71418 23.4037,
	7.71586 23.4054,
	7.72424 23.4087,
	7.72647 23.4103,
	7.73094 23.412,
	7.73933 23.4177,
	7.74324 23.4204,
	7.74716 23.4243,
	7.75107 23.4271,
	7.7561 23.4361,
	7.75945 23.4451,
	7.76057 23.4539,
	7.76057 23.4718,
	7.76001 23.4808,
	7.75722 23.4898,
	7.75722 23.4909,
	7.75554 23.4931,
	7.75554 23.4942,
	7.74995 23.5026,
	7.74157 23.5093,
	7.73765 23.5115,
	7.73542 23.5132,
	7.72704 23.5166,
	7.72256 23.5183,
	7.70468 23.5194,
	"/>
</Transform>

<Transform dim="0"
 xcoef=" 0 1 0 0 0 0"
 ycoef=" 0 0 1 0 0 0">
<Contour name="d28c03" hidden="false" closed="true" simplified="true" border="0 0 1" fill="0 0 1" mode="11"
 points="7.17561 24.8502,
	7.16888 24.8481,
	7.16553 24.8468,
	7.16216 24.8447,
	7.15964 24.8414,
	7.15839 24.8397,
	7.15712 24.8363,
	7.15586 24.8346,
	7.15376 24.8279,
	7.1525 24.8246,
	7.15208 24.8228,
	7.14872 24.8195,
	7.14746 24.8178,
	7.14704 24.8162,
	7.14409 24.8128,
	7.14074 24.8061,
	7.13821 24.7994,
	7.13695 24.7926,
	7.13612 24.7893,
	7.13612 24.7624,
	7.13612 24.7557,
	7.13612 24.7549,
	7.13612 24.7545,
	7.13864 24.741,
	7.1399 24.7376,
	7.14032 24.7309,
	7.1399 24.7242,
	7.14242 24.6973,
	7.14242 24.6905,
	7.14326 24.6839,
	7.14326 24.6804,
	7.1462 24.6671,
	7.14788 24.6603,
	7.1483 24.6586,
	7.14956 24.657,
	7.15082 24.6536,
	7.15125 24.6519,
	7.1525 24.6502,
	7.15292 24.6485,
	7.15502 24.6452,
	7.15839 24.6419,
	7.1651 24.6372,
	7.16847 24.6351,
	7.17518 24.6326,
	7.18863 24.6313,
	7.19535 24.6313,
	7.19871 24.6326,
	7.20207 24.633,
	7.20879 24.6355,
	7.21047 24.6363,
	7.21215 24.6363,
	7.21552 24.638,
	7.21719 24.6389,
	7.22055 24.6419,
	7.22223 24.6431,
	7.22307 24.6448,
	7.22895 24.651,
	7.23148 24.6545,
	7.23189 24.6561,
	7.23274 24.657,
	7.23315 24.6586,
	7.23736 24.6653,
	7.23862 24.6671,
	7.24408 24.6804,
	7.24618 24.6872,
	7.24785 24.6905,
	7.2508 24.704,
	7.25205 24.7174,
	7.25248 24.7309,
	7.2529 24.7376,
	7.25248 24.751,
	7.25248 24.7578,
	7.25164 24.7645,
	7.24996 24.7712,
	7.24954 24.7729,
	7.24954 24.7737,
	7.2487 24.7746,
	7.24785 24.7779,
	7.24744 24.7796,
	7.24618 24.7813,
	7.24491 24.7847,
	7.2445 24.7864,
	7.24324 24.788,
	7.24197 24.7914,
	7.23988 24.7947,
	7.23903 24.7956,
	7.23777 24.799,
	7.23651 24.8006,
	7.23651 24.8015,
	7.22854 24.8149,
	7.22433 24.8216,
	7.21887 24.8284,
	7.21887 24.8292,
	7.21719 24.8305,
	7.21719 24.8313,
	7.21131 24.8381,
	7.20585 24.8435,
	7.20249 24.8456,
	7.19577 24.8481,
	7.1924 24.8493,
	7.18569 24.8502,
	"/>
</Transform>

<Transform dim="0"
 xcoef=" 0 1 0 0 0 0"
 ycoef=" 0 0 1 0 0 0">
<Contour name="D61" hidden="false" closed="true" simplified="true" border="1 0 0" fill="1 0 0" mode="11"
 points="19.4826 27.5849,
	19.4486 27.5789,
	19.418 27.5615,
	19.3936 27.5344,
	19.3727 27.4624,
	19.378 27.4246,
	19.3936 27.3904,
	19.418 27.3633,
	19.4486 27.3459,
	19.4826 27.3399,
	19.5166 27.3459,
	19.5472 27.3633,
	19.5716 27.3904,
	19.5872 27.4246,
	19.5925 27.4624,
	19.5872 27.5003,
	19.5716 27.5344,
	19.5472 27.5615,
	19.5166 27.5789,
	"/>
</Transform>

<Transform dim="0"
 xcoef=" 0 1 0 0 0 0"
 ycoef=" 0 0 1 0 0 0">
<Contour name="d56p01" hidden="false" closed="true" simplified="true" border="1 0 0" fill="1 0 0" mode="11"
 points="23.6838 23.2669,
	23.6691 23.2522,
	23.6838 23.2374,
	23.6986 23.2522,
	"/>
</Transform>

<Transform dim="0"
 xcoef=" 0 1 0 0 0 0"
 ycoef=" 0 0 1 0 0 0">
<Contour name="d56sp04" hidden="false" closed="true" simplified="true" border="1 0 0" fill="1 0 0" mode="11"
 points="24.5082 23.9228,
	24.5064 23.9219,
	24.5029 23.9215,
	24.501 23.9206,
	24.5001 23.9206,
	24.4993 23.9197,
	24.4957 23.9188,
	24.4922 23.9166,
	24.4909 23.9157,
	24.4883 23.9121,
	24.4883 23.9112,
	24.4855 23.9082,
	24.4851 23.9064,
	24.4829 23.9029,
	24.482 23.9011,
	24.482 23.9002,
	24.4811 23.8993,
	24.4811 23.8984,
	24.4798 23.8966,
	24.4798 23.8957,
	24.4789 23.8949,
	24.4789 23.8931,
	24.478 23.8913,
	24.4776 23.8878,
	24.4754 23.8807,
	24.4736 23.8776,
	24.4691 23.8634,
	24.4691 23.8617,
	24.4674 23.8581,
	24.4656 23.851,
	24.4647 23.8475,
	24.4639 23.8466,
	24.4617 23.8324,
	24.4603 23.8253,
	24.4599 23.8111,
	24.4595 23.8041,
	24.4595 23.8023,
	24.4595 23.8019,
	24.4603 23.8001,
	24.4603 23.7982,
	24.4639 23.7916,
	24.4691 23.7859,
	24.4754 23.7814,
	24.4789 23.7801,
	24.4798 23.7792,
	24.4864 23.7761,
	24.49 23.7753,
	24.4971 23.7722,
	24.4988 23.7722,
	24.5006 23.7708,
	24.5024 23.7708,
	24.506 23.769,
	24.513 23.7672,
	24.5166 23.7659,
	24.5184 23.7659,
	24.5326 23.762,
	24.5396 23.7606,
	24.5431 23.7598,
	24.5573 23.7589,
	24.5609 23.7589,
	24.5747 23.7633,
	24.5755 23.7633,
	24.5764 23.7642,
	24.5799 23.765,
	24.5865 23.7694,
	24.5937 23.7753,
	24.5959 23.7783,
	24.599 23.7814,
	24.6017 23.7836,
	24.603 23.7849,
	24.6039 23.7854,
	24.6039 23.7864,
	24.6052 23.7877,
	24.6061 23.7877,
	24.607 23.7886,
	24.607 23.7894,
	24.6101 23.7912,
	24.6114 23.7921,
	24.6123 23.7921,
	24.614 23.7934,
	24.6176 23.7943,
	24.6247 23.7982,
	24.6264 23.7997,
	24.6282 23.8001,
	24.634 23.8054,
	24.6358 23.8071,
	24.6384 23.8093,
	24.6411 23.8124,
	24.6419 23.8137,
	24.6437 23.8156,
	24.6447 23.8174,
	24.6464 23.8191,
	24.6478 23.8226,
	24.65 23.8262,
	24.6522 23.8333,
	24.6535 23.8368,
	24.6539 23.851,
	24.6535 23.8581,
	24.6495 23.8723,
	24.6464 23.8754,
	24.6442 23.8789,
	24.6406 23.882,
	24.6371 23.8838,
	24.6336 23.8846,
	24.6318 23.8846,
	24.6309 23.8856,
	24.6273 23.8865,
	24.6256 23.8869,
	24.6247 23.8878,
	24.6229 23.8878,
	24.6212 23.8887,
	24.6194 23.8887,
	24.619 23.8896,
	24.6118 23.8918,
	24.6083 23.8931,
	24.6074 23.894,
	24.6057 23.894,
	24.6021 23.8962,
	24.6012 23.8971,
	24.6003 23.8971,
	24.5932 23.902,
	24.5795 23.9099,
	24.5782 23.9112,
	24.564 23.9166,
	24.5569 23.9175,
	24.5498 23.9175,
	24.5481 23.9179,
	24.5472 23.9188,
	24.5436 23.9188,
	24.5365 23.9206,
	"/>
</Transform>

<Transform dim="0"
 xcoef=" 0 1 0 0 0 0"
 ycoef=" 0 0 1 0 0 0">
<Contour name="d39sp03" hidden="false" closed="true" simplified="true" border="1 0 0" fill="1 0 0" mode="11"
 points="12.9166 29.7969,
	12.907 29.7946,
	12.9046 29.7928,
	12.8997 29.791,
	12.8973 29.7904,
	12.8949 29.7886,
	12.8937 29.7874,
	12.8925 29.7874,
	12.8882 29.7844,
	12.8864 29.7825,
	12.8852 29.7825,
	12.8816 29.7783,
	12.8798 29.7771,
	12.8719 29.7692,
	12.8707 29.7674,
	12.8611 29.7596,
	12.8593 29.7584,
	12.8575 29.756,
	12.8563 29.756,
	12.8533 29.7523,
	12.8515 29.7511,
	12.8479 29.7469,
	12.8454 29.7451,
	12.8334 29.7289,
	12.8279 29.7192,
	12.8237 29.7095,
	12.8213 29.7047,
	12.8207 29.7023,
	12.8189 29.6999,
	12.8189 29.6974,
	12.8158 29.6878,
	12.8146 29.6829,
	12.814 29.6733,
	12.814 29.6685,
	12.814 29.6679,
	12.8176 29.6637,
	12.8225 29.6619,
	12.8297 29.6619,
	12.8321 29.6637,
	12.8334 29.6637,
	12.8346 29.6649,
	12.8358 29.6649,
	12.8364 29.6661,
	12.8388 29.6661,
	12.8575 29.6769,
	12.866 29.6829,
	12.8672 29.6842,
	12.8695 29.6848,
	12.878 29.6932,
	12.8822 29.6962,
	12.8828 29.6974,
	12.884 29.6974,
	12.8882 29.7017,
	12.8907 29.7035,
	12.8919 29.7053,
	12.8943 29.7065,
	12.8949 29.7077,
	12.8961 29.7077,
	12.9033 29.715,
	12.9082 29.7186,
	12.916 29.7258,
	12.9172 29.7277,
	12.9269 29.7337,
	12.9316 29.7378,
	12.9486 29.7499,
	12.9504 29.7517,
	12.9528 29.7523,
	12.9546 29.7547,
	12.9558 29.7547,
	12.9752 29.7711,
	12.9794 29.7753,
	12.9818 29.7777,
	12.9848 29.7819,
	12.986 29.7868,
	12.9872 29.788,
	12.9878 29.7904,
	12.9872 29.7916,
	12.98 29.7916,
	12.9776 29.7904,
	12.9727 29.7904,
	12.9631 29.7886,
	12.9582 29.7886,
	12.9534 29.7904,
	12.951 29.791,
	12.9504 29.7922,
	12.9407 29.7952,
	12.9215 29.7969,
	"/>
</Transform>

<Transform dim="0"
 xcoef=" 0 1 0 0 0 0"
 ycoef=" 0 0 1 0 0 0">
<Contour name="d39sp03" hidden="false" closed="true" simplified="true" border="1 0 0" fill="1 0 0" mode="11"
 points="12.6442 29.3522,
	12.6428 29.3518,
	12.6421 29.3518,
	12.6414 29.3511,
	12.6407 29.3511,
	12.6358 29.3469,
	12.6351 29.3458,
	12.6336 29.3444,
	12.6318 29.3415,
	12.6307 29.3404,
	12.6307 29.3397,
	12.6286 29.3369,
	12.6276 29.3359,
	12.6276 29.3352,
	12.6258 29.3323,
	12.6244 29.3309,
	12.6244 29.3302,
	12.6226 29.3273,
	12.6208 29.3252,
	12.6193 29.3238,
	12.6193 29.3231,
	12.6154 29.3185,
	12.613 29.316,
	12.6073 29.3127,
	12.5959 29.3081,
	12.5902 29.3057,
	12.5888 29.3053,
	12.5874 29.3042,
	12.5867 29.3042,
	12.586 29.3035,
	12.5852 29.3035,
	12.5845 29.3028,
	12.5831 29.3025,
	12.5824 29.3018,
	12.5817 29.3018,
	12.581 29.3011,
	12.5796 29.3011,
	12.5767 29.2999,
	12.5739 29.2996,
	12.5682 29.2974,
	12.5657 29.2953,
	12.5643 29.295,
	12.5636 29.2939,
	12.5607 29.2925,
	12.56 29.2918,
	12.5586 29.2914,
	12.5579 29.2907,
	12.5572 29.2907,
	12.5568 29.2904,
	12.5596 29.29,
	12.5654 29.2911,
	12.6109 29.2907,
	12.6336 29.2897,
	12.6449 29.2883,
	12.6507 29.2879,
	12.662 29.286,
	12.6649 29.285,
	12.6762 29.2825,
	12.6777 29.2818,
	12.6791 29.2818,
	12.6848 29.28,
	12.6876 29.279,
	12.689 29.279,
	12.6919 29.2779,
	12.6926 29.2772,
	12.6955 29.2769,
	12.6962 29.2762,
	12.699 29.2758,
	12.7018 29.2744,
	12.7046 29.274,
	12.7062 29.2737,
	12.7069 29.273,
	12.7097 29.2726,
	12.7125 29.2715,
	12.7182 29.2711,
	12.7193 29.2715,
	12.7178 29.273,
	12.7171 29.2744,
	12.7122 29.279,
	12.7008 29.2879,
	12.6983 29.2904,
	12.693 29.2943,
	12.6923 29.295,
	12.6916 29.295,
	12.6862 29.2985,
	12.6848 29.2996,
	12.6841 29.2996,
	12.6827 29.3007,
	12.682 29.3014,
	12.6812 29.3014,
	12.6802 29.3028,
	12.6777 29.3039,
	12.6748 29.306,
	12.6734 29.3074,
	12.6727 29.3074,
	12.6699 29.3102,
	12.6623 29.3213,
	12.6588 29.3262,
	12.6578 29.3273,
	12.6578 29.328,
	12.6556 29.3309,
	12.6546 29.3323,
	12.6542 29.3337,
	12.6528 29.3352,
	12.6528 29.3366,
	12.6514 29.3394,
	12.651 29.3422,
	12.6489 29.348,
	12.6471 29.3508,
	12.6457 29.3518,
	"/>
</Transform>

<Transform dim="0"
 xcoef=" 0 1 0 0 0 0"
 ycoef=" 0 0 1 0 0 0">
<Contour name="d39p03" hidden="false" closed="true" simplified="true" border="1 0 0" fill="1 0 0" mode="11"
 points="12.6316 29.2411,
	12.6165 29.226,
	12.6316 29.2108,
	12.6468 29.226,
	"/>
</Transform>

<Transform dim="0"
 xcoef=" 0 1 0 0 0 0"
 ycoef=" 0 0 1 0 0 0">
<Contour name="d56p02" hidden="false" closed="true" simplified="true" border="1 0 0" fill="1 0 0" mode="11"
 points="23.9182 23.4704,
	23.9053 23.4467,
	23.9311 23.4467,
	"/>
</Transform>

<Transform dim="0"
 xcoef=" 0 1 0 0 0 0"
 ycoef=" 0 0 1 0 0 0">
<Contour name="d56_INC" hidden="false" closed="true" simplified="true" border="1 0 0" fill="1 0 0" mode="11"
 points="23.9358 23.4698,
	23.9458 23.4556,
	23.9358 23.4415,
	23.9418 23.4415,
	23.9499 23.4536,
	23.9579 23.4415,
	23.9641 23.4415,
	23.9539 23.4556,
	23.9641 23.4698,
	23.9579 23.4698,
	23.9499 23.4577,
	23.9418 23.4698,
	"/>
</Transform>

<Transform dim="0"
 xcoef=" 0 1 0 0 0 0"
 ycoef=" 0 0 1 0 0 0">
<Contour name="d63c03" hidden="false" closed="true" simplified="true" border="0 0 1" fill="0 0 1" mode="11"
 points="22.1101 26.4549,
	22.1067 26.454,
	22.1033 26.4519,
	22.1016 26.4515,
	22.0981 26.4489,
	22.0917 26.4451,
	22.0852 26.4399,
	22.0797 26.4352,
	22.0772 26.4327,
	22.0763 26.4322,
	22.0763 26.4314,
	22.0746 26.4305,
	22.0721 26.4275,
	22.0707 26.4262,
	22.0703 26.4245,
	22.0656 26.4185,
	22.0647 26.4151,
	22.0647 26.4146,
	22.0673 26.4112,
	22.0673 26.4104,
	22.0703 26.4078,
	22.0746 26.4014,
	22.0755 26.3996,
	22.0763 26.3992,
	22.0767 26.3975,
	22.0793 26.3941,
	22.0801 26.3924,
	22.0818 26.3907,
	22.0827 26.3894,
	22.0892 26.3846,
	22.0926 26.3829,
	22.0994 26.3817,
	22.1012 26.3808,
	22.108 26.3812,
	22.1114 26.3821,
	22.1149 26.3842,
	22.1183 26.3873,
	22.1208 26.3907,
	22.1217 26.3911,
	22.1221 26.3928,
	22.1221 26.3937,
	22.123 26.3945,
	22.123 26.3962,
	22.1238 26.3971,
	22.1242 26.4005,
	22.1251 26.4023,
	22.1281 26.4044,
	22.1299 26.4057,
	22.1307 26.4057,
	22.1367 26.4108,
	22.1371 26.4116,
	22.1379 26.4116,
	22.1396 26.4133,
	22.1413 26.4168,
	22.1427 26.4236,
	22.1427 26.427,
	22.1427 26.4287,
	22.1396 26.4356,
	22.1379 26.4386,
	22.1371 26.4403,
	22.1371 26.442,
	22.1362 26.4438,
	22.1362 26.4447,
	22.1354 26.4455,
	22.1354 26.4464,
	22.1345 26.4472,
	22.1333 26.4506,
	22.1299 26.4523,
	22.129 26.4532,
	22.1281 26.4532,
	22.1272 26.454,
	22.1238 26.4549,
	"/>
</Transform>

<Transform dim="0"
 xcoef=" 0 1 0 0 0 0"
 ycoef=" 0 0 1 0 0 0">
<Contour name="mito01" hidden="false" closed="false" simplified="true" border="1 0 0" fill="1 0 0" mode="11"
 points="19.5072 20.4812,
	19.7451 20.4191,
	"/>
</Transform>

<Transform dim="0"
 xcoef=" 0 1 0 0 0 0"
 ycoef=" 0 0 1 0 0 0">
<Contour name="d28cfa01" hidden="false" closed="false" simplified="true" border="0 1 0" fill="1 0 0" mode="11"
 points="7.60039 23.2779,
	7.59982 23.2891,
	7.59927 23.3064,
	7.59927 23.3237,
	7.59927 23.3433,
	7.59982 23.3651,
	7.60374 23.3852,
	7.61212 23.4092,
	7.6261 23.4339,
	7.64789 23.4596,
	7.67081 23.4752,
	7.69428 23.4847,
	7.73005 23.4953,
	7.74793 23.4953,
	"/>
</Transform>

<Transform dim="0"
 xcoef=" 0 1 0 0 0 0"
 ycoef=" 0 0 1 0 0 0">
<Contour name="d28cfa03" hidden="false" closed="false" simplified="true" border="0 1 0" fill="1 0 0" mode="11"
 points="7.17764 24.6376,
	7.17916 24.6501,
	7.17954 24.6695,
	7.17916 24.6972,
	7.17878 24.7233,
	7.17727 24.7496,
	7.17575 24.7667,
	7.17347 24.7819,
	7.17195 24.7971,
	7.17081 24.8153,
	7.16702 24.8449,
	"/>
</Transform>

<Transform dim="0"
 xcoef=" 0 1 0 0 0 0"
 ycoef=" 0 0 1 0 0 0">
<Contour name="d63cfa03" hidden="false" closed="false" simplified="true" border="0 1 0" fill="1 0 0" mode="11"
 points="22.1402 26.4302,
	22.082 26.3955,
	"/>
</Transform>

<Transform dim="0"
 xcoef=" 0 1 0 0 0 0"
 ycoef=" 0 0 1 0 0 0">
<Contour name="d28endon02_sv" hidden="false" closed="true" simplified="true" border="1 0.502 0" fill="1 0 0" mode="11"
 points="5.47366 23.3654,
	5.47386 23.3615,
	5.47444 23.3577,
	5.4754 23.3539,
	5.47674 23.3501,
	5.47844 23.3465,
	5.4805 23.3431,
	5.4829 23.3398,
	5.48561 23.3366,
	5.48863 23.3337,
	5.49193 23.331,
	5.49549 23.3286,
	5.49928 23.3264,
	5.50326 23.3245,
	5.50743 23.3229,
	5.51174 23.3216,
	5.51616 23.3206,
	5.52067 23.32,
	5.52522 23.3197,
	5.52979 23.3197,
	5.53434 23.32,
	5.53885 23.3206,
	5.54327 23.3216,
	5.54758 23.3229,
	5.55174 23.3245,
	5.55573 23.3264,
	5.55952 23.3286,
	5.56308 23.331,
	5.56638 23.3337,
	5.56939 23.3366,
	5.57211 23.3398,
	5.57451 23.3431,
	5.57657 23.3465,
	5.57827 23.3501,
	5.57961 23.3539,
	5.58057 23.3577,
	5.58115 23.3615,
	5.58135 23.3654,
	5.58115 23.3693,
	5.58057 23.3731,
	5.57961 23.3769,
	5.57827 23.3807,
	5.57657 23.3843,
	5.57451 23.3877,
	5.57211 23.391,
	5.56939 23.3942,
	5.56638 23.3971,
	5.56308 23.3998,
	5.55952 23.4022,
	5.55573 23.4044,
	5.55174 23.4063,
	5.54758 23.4079,
	5.54327 23.4092,
	5.53885 23.4102,
	5.53434 23.4108,
	5.52979 23.4112,
	5.52522 23.4112,
	5.52067 23.4108,
	5.51616 23.4102,
	5.51174 23.4092,
	5.50743 23.4079,
	5.50326 23.4063,
	5.49928 23.4044,
	5.49549 23.4022,
	5.49193 23.3998,
	5.48863 23.3971,
	5.48561 23.3942,
	5.4829 23.391,
	5.4805 23.3877,
	5.47844 23.3843,
	5.47674 23.3807,
	5.4754 23.3769,
	5.47444 23.3731,
	"/>
</Transform>

<Transform dim="0"
 xcoef=" 0 1 0 0 0 0"
 ycoef=" 0 0 1 0 0 0">
<Contour name="d28rh01" hidden="false" closed="true" simplified="false" border="0 0 1" fill="1 0 1" mode="11"
 points="7.66904 23.5444,
	7.66904 23.5398,
	7.67362 23.5352,
	7.67819 23.5352,
	7.68276 23.5398,
	7.68276 23.5444,
	7.67819 23.5489,
	7.67362 23.5489,
	"/>
</Transform>

<Transform dim="0"
 xcoef=" 0 1 0 0 0 0"
 ycoef=" 0 0 1 0 0 0">
<Contour name="d28_Interest_01SERorendo" hidden="false" closed="true" simplified="true" border="0 0 0" fill="0 0 1" mode="11"
 points="7.229 23.6621,
	7.22957 23.6549,
	7.23126 23.6479,
	7.23405 23.641,
	7.2379 23.6345,
	7.24276 23.6283,
	7.24855 23.6227,
	7.25518 23.6176,
	7.26257 23.6132,
	7.2706 23.6095,
	7.27916 23.6065,
	7.28812 23.6044,
	7.29735 23.6031,
	7.30672 23.6026,
	7.31609 23.6031,
	7.32532 23.6044,
	7.33428 23.6065,
	7.34284 23.6095,
	7.35087 23.6132,
	7.35826 23.6176,
	7.3649 23.6227,
	7.37069 23.6283,
	7.37554 23.6345,
	7.37939 23.641,
	7.38219 23.6479,
	7.38388 23.6549,
	7.38444 23.6621,
	7.38388 23.6692,
	7.38219 23.6763,
	7.37939 23.6832,
	7.37554 23.6897,
	7.37069 23.6958,
	7.3649 23.7015,
	7.35826 23.7066,
	7.35087 23.711,
	7.34284 23.7147,
	7.33428 23.7177,
	7.32532 23.7198,
	7.31609 23.7211,
	7.30672 23.7215,
	7.29735 23.7211,
	7.28812 23.7198,
	7.27916 23.7177,
	7.2706 23.7147,
	7.26257 23.711,
	7.25518 23.7066,
	7.24855 23.7015,
	7.24276 23.6958,
	7.2379 23.6897,
	7.23405 23.6832,
	7.23126 23.6763,
	7.22957 23.6692,
	"/>
</Transform>

<Transform dim="0"
 xcoef=" 0 1 0 0 0 0"
 ycoef=" 0 0 1 0 0 0">
<Contour name="d63serb02" hidden="false" closed="true" simplified="false" border="1 1 0" fill="0 1 0" mode="11"
 points="20.5635 27.0008,
	20.5635 26.9917,
	20.5725 26.9917,
	20.5725 26.9827,
	20.5816 26.9827,
	20.5816 26.9917,
	20.5906 26.9917,
	20.5906 27.0008,
	20.5816 27.0008,
	20.5816 27.0098,
	20.5725 27.0098,
	20.5725 27.0008,
	"/>
</Transform>

<Transform dim="0"
 xcoef=" 0 1 0 0 0 0"
 ycoef=" 0 0 1 0 0 0">
<Contour name="d63p03" hidden="false" closed="true" simplified="true" border="1 0 0" fill="1 0 0" mode="11"
 points="21.3822 26.744,
	21.3648 26.7265,
	21.3822 26.7091,
	21.3996 26.7265,
	"/>
</Transform>

<Transform dim="0"
 xcoef=" 0 1 0 0 0 0"
 ycoef=" 0 0 1 0 0 0">
<Contour name="mito01_php2016" hidden="false" closed="false" simplified="true" border="1 0.501961 0.25098" fill="1 0 0" mode="11"
 points="19.5304 20.417,
	19.7705 20.4101,
	"/>
</Transform>

<Transform dim="0"
 xcoef=" 0 1 0 0 0 0"
 ycoef=" 0 0 1 0 0 0">
<Contour name="d63p02" hidden="false" closed="true" simplified="true" border="1 0 0" fill="1 0 0" mode="11"
 points="20.6233 26.9952,
	20.6084 26.9678,
	20.6383 26.9678,
	"/>
<Contour name="d63" comment="dch_traced_06.2019" hidden="false" closed="true" simplified="true" border="1 1 0" fill="1 1 0" mode="11"
 points="20.3728 26.7498,
	20.3812 26.7164,
	20.3895 26.6998,
	20.3895 26.6956,
	20.3937 26.6914,
	20.45 26.5581,
	20.452 26.5497,
	20.4625 26.533,
	20.4895 26.4997,
	20.5041 26.483,
	20.5125 26.4747,
	20.5166 26.4684,
	20.5812 26.4038,
	20.6146 26.383,
	20.6813 26.3517,
	20.6854 26.3476,
	20.7521 26.3205,
	20.7855 26.3142,
	20.8021 26.3101,
	20.8355 26.3121,
	20.8688 26.3184,
	20.9022 26.333,
	20.9355 26.3559,
	20.9689 26.3872,
	20.996 26.4184,
	21.0293 26.4518,
	21.096 26.4976,
	21.1293 26.5205,
	21.1335 26.5247,
	21.1418 26.5268,
	21.1752 26.5456,
	21.2419 26.5747,
	21.3085 26.6081,
	21.3419 26.6247,
	21.3502 26.6268,
	21.3586 26.6331,
	21.3919 26.6477,
	21.4086 26.656,
	21.4252 26.6685,
	21.4336 26.6727,
	21.4648 26.706,
	21.4773 26.7227,
	21.4815 26.7269,
	21.4961 26.7602,
	21.5065 26.7935,
	21.5128 26.8269,
	21.5128 26.8602,
	21.5128 26.8769,
	21.5086 26.8936,
	21.5044 26.9019,
	21.4878 26.9165,
	21.4711 26.9269,
	21.4378 26.9373,
	21.4211 26.9415,
	21.3877 26.9415,
	21.3711 26.9415,
	21.3377 26.9478,
	21.3044 26.9498,
	21.2877 26.9498,
	21.221 26.9603,
	21.1543 26.9623,
	21.121 26.9623,
	21.0876 26.9665,
	21.021 26.9853,
	20.9543 26.9874,
	20.8876 26.9769,
	20.8542 26.979,
	20.8376 26.9894,
	20.8209 27.004,
	20.7542 27.0436,
	20.7209 27.054,
	20.6542 27.0561,
	20.6375 27.0561,
	20.6208 27.052,
	20.6042 27.0436,
	20.5958 27.0415,
	20.5625 27.0207,
	20.5458 27.004,
	20.4791 26.9498,
	20.4249 26.8832,
	20.402 26.8498,
	20.3853 26.8165,
	20.3728 26.7831,
	20.3728 26.7519,
	"/>
</Transform>

</Section>