<?xml version="1.0"?>
<!DOCTYPE Section SYSTEM "section.dtd">

<Section index="150" thickness="0.048" alignLocked="true">
<Transform dim="0"
 xcoef=" 0 1 0 0 0 0"
 ycoef=" 0 0 1 0 0 0">
<Image mag="0.002063" contrast="1.95721" brightness="-0.375" red="true" green="true" blue="true"
 src="151____z7.65.jpg" />
<Contour name="domain1" hidden="false" closed="true" simplified="false" border="1 0 1" fill="1 0 1" mode="11"
 points="0 0,
	17236 0,
	17236 17077,
	0 17077,
	"/>
</Transform>

<Transform dim="0"
 xcoef=" 0 1 0 0 0 0"
 ycoef=" 0 0 1 0 0 0">
<Contour name="D39" hidden="false" closed="true" simplified="true" border="0 0 1" fill="0 0 1" mode="11"
 points="10.7949 28.172,
	10.7435 28.164,
	10.6972 28.1403,
	10.6604 28.1035,
	10.6287 28.0058,
	10.6368 27.9546,
	10.6604 27.9083,
	10.6972 27.8715,
	10.7435 27.8478,
	10.7949 27.8398,
	10.8462 27.8478,
	10.8925 27.8715,
	10.9293 27.9083,
	10.9529 27.9546,
	10.961 28.0058,
	10.9529 28.0572,
	10.9293 28.1035,
	10.8925 28.1403,
	10.8462 28.164,
	"/>
</Transform>

<Transform dim="0"
 xcoef=" 0 1 0 0 0 0"
 ycoef=" 0 0 1 0 0 0">
<Contour name="D56" hidden="false" closed="true" simplified="true" border="1 0 0" fill="1 0 0" mode="11"
 points="23.8327 23.4635,
	23.7895 23.4566,
	23.7506 23.4368,
	23.7195 23.4058,
	23.6929 23.3236,
	23.6997 23.2803,
	23.7195 23.2413,
	23.7506 23.2104,
	23.7895 23.1905,
	23.8327 23.1836,
	23.8759 23.1905,
	23.915 23.2104,
	23.9459 23.2413,
	23.9659 23.2803,
	23.9727 23.3236,
	23.9659 23.3668,
	23.9459 23.4058,
	23.915 23.4368,
	23.8759 23.4566,
	"/>
</Transform>

<Transform dim="0"
 xcoef=" 0 1 0 0 0 0"
 ycoef=" 0 0 1 0 0 0">
<Contour name="D31" hidden="false" closed="true" simplified="true" border="0 0 1" fill="0 0 1" mode="11"
 points="13.4345 20.9731,
	13.3808 20.9641,
	13.3323 20.9379,
	13.2938 20.8972,
	13.2606 20.789,
	13.2691 20.7322,
	13.2938 20.6808,
	13.3323 20.64,
	13.3808 20.6138,
	13.4345 20.6049,
	13.4883 20.6138,
	13.5367 20.64,
	13.5752 20.6808,
	13.5999 20.7322,
	13.6084 20.789,
	13.5999 20.8459,
	13.5752 20.8972,
	13.5367 20.9379,
	13.4883 20.9641,
	"/>
</Transform>

<Transform dim="0"
 xcoef=" 0 1 0 0 0 0"
 ycoef=" 0 0 1 0 0 0">
<Contour name="D28" hidden="false" closed="true" simplified="true" border="0 0 1" fill="0 0 1" mode="11"
 points="7.34959 23.6919,
	7.30095 23.685,
	7.25707 23.6652,
	7.22224 23.6343,
	7.19218 23.552,
	7.19989 23.5088,
	7.22224 23.4697,
	7.25707 23.4388,
	7.30095 23.419,
	7.34959 23.4121,
	7.39823 23.419,
	7.44212 23.4388,
	7.47694 23.4697,
	7.4993 23.5088,
	7.50701 23.552,
	7.4993 23.5952,
	7.47694 23.6343,
	7.44212 23.6652,
	7.39823 23.685,
	"/>
</Transform>

<Transform dim="0"
 xcoef=" 0 1 0 0 0 0"
 ycoef=" 0 0 1 0 0 0">
<Contour name="D38" hidden="false" closed="true" simplified="true" border="1 0 0" fill="1 0 0" mode="11"
 points="22.181 23.5997,
	22.1297 23.5925,
	22.0833 23.5713,
	22.0466 23.5384,
	22.0149 23.4511,
	22.0229 23.4052,
	22.0466 23.3637,
	22.0833 23.3307,
	22.1297 23.3097,
	22.181 23.3023,
	22.2323 23.3097,
	22.2786 23.3307,
	22.3154 23.3637,
	22.339 23.4052,
	22.3471 23.4511,
	22.339 23.497,
	22.3154 23.5384,
	22.2786 23.5713,
	22.2323 23.5925,
	"/>
</Transform>

<Transform dim="0"
 xcoef=" 0 1 0 0 0 0"
 ycoef=" 0 0 1 0 0 0">
<Contour name="D01" hidden="false" closed="true" simplified="true" border="1 1 0" fill="1 1 0" mode="11"
 points="15.7286 26.1306,
	15.6781 26.1242,
	15.6324 26.1053,
	15.5962 26.0759,
	15.565 25.9976,
	15.573 25.9565,
	15.5962 25.9195,
	15.6324 25.8901,
	15.6781 25.8712,
	15.7286 25.8647,
	15.7792 25.8712,
	15.8249 25.8901,
	15.8611 25.9195,
	15.8843 25.9565,
	15.8923 25.9976,
	15.8843 26.0387,
	15.8611 26.0759,
	15.8249 26.1053,
	15.7792 26.1242,
	"/>
</Transform>

<Transform dim="0"
 xcoef=" 0 1 0 0 0 0"
 ycoef=" 0 0 1 0 0 0">
<Contour name="D63" hidden="false" closed="true" simplified="true" border="1 0 0" fill="1 0 0" mode="11"
 points="19.867 26.9515,
	19.8445 26.9488,
	19.8241 26.9408,
	19.808 26.9285,
	19.794 26.8955,
	19.7977 26.8782,
	19.808 26.8626,
	19.8241 26.8502,
	19.8445 26.8423,
	19.867 26.8395,
	19.8896 26.8423,
	19.9099 26.8502,
	19.9261 26.8626,
	19.9364 26.8782,
	19.94 26.8955,
	19.9364 26.9129,
	19.9261 26.9285,
	19.9099 26.9408,
	19.8896 26.9488,
	"/>
</Transform>

<Transform dim="0"
 xcoef=" 0 1 0 0 0 0"
 ycoef=" 0 0 1 0 0 0">
<Contour name="d28" hidden="false" closed="true" simplified="true" border="1 1 0" fill="1 1 0" mode="11"
 points="7.41064 23.9667,
	7.38377 23.9609,
	7.35691 23.9525,
	7.33004 23.9415,
	7.31661 23.934,
	7.3099 23.9315,
	7.30654 23.929,
	7.29982 23.9273,
	7.2931 23.9239,
	7.28639 23.9223,
	7.27968 23.9181,
	7.27632 23.9173,
	7.26288 23.9088,
	7.24946 23.903,
	7.24274 23.8996,
	7.2293 23.8887,
	7.21671 23.8753,
	7.20915 23.8618,
	7.20747 23.8585,
	7.20747 23.8567,
	7.20495 23.8534,
	7.20412 23.8501,
	7.18565 23.8232,
	7.18397 23.8199,
	7.17054 23.8072,
	7.15711 23.7963,
	7.13024 23.7812,
	7.12688 23.7804,
	7.121 23.7762,
	7.11932 23.7762,
	7.1168 23.7729,
	7.11597 23.7711,
	7.10925 23.7686,
	7.09581 23.7594,
	7.08323 23.746,
	7.07399 23.7326,
	7.06896 23.7258,
	7.06559 23.7225,
	7.06392 23.7208,
	7.06307 23.7174,
	7.04964 23.7057,
	7.04293 23.6997,
	7.01606 23.6889,
	7.00431 23.6763,
	6.99508 23.6629,
	6.98584 23.636,
	6.98164 23.6226,
	6.97912 23.6159,
	6.97829 23.6091,
	6.97324 23.6024,
	6.97072 23.5957,
	6.96569 23.589,
	6.96402 23.5856,
	6.96402 23.5839,
	6.95897 23.5772,
	6.95645 23.5739,
	6.95562 23.5705,
	6.95394 23.5688,
	6.95226 23.5419,
	6.95142 23.5285,
	6.95226 23.5017,
	6.95394 23.4883,
	6.95814 23.4748,
	6.96317 23.448,
	6.96402 23.4211,
	6.96317 23.3942,
	6.96065 23.3673,
	6.95562 23.3405,
	6.95226 23.327,
	6.95058 23.3203,
	6.94974 23.3187,
	6.95058 23.317,
	6.93967 23.2901,
	6.93295 23.2767,
	6.92371 23.2633,
	6.91952 23.2565,
	6.89853 23.2305,
	6.89601 23.2271,
	6.89517 23.2238,
	6.89266 23.2204,
	6.89097 23.2188,
	6.89097 23.2171,
	6.88677 23.2112,
	6.88594 23.2078,
	6.88257 23.2053,
	6.87839 23.1927,
	6.87754 23.1667,
	6.87754 23.1659,
	6.88594 23.1524,
	6.88762 23.1491,
	6.89433 23.144,
	6.89601 23.1423,
	6.90944 23.1407,
	6.9128 23.1382,
	6.91952 23.1373,
	6.92623 23.1348,
	6.9296 23.1332,
	6.93211 23.1297,
	6.93295 23.128,
	6.93463 23.128,
	6.93967 23.1214,
	6.94302 23.1189,
	6.94638 23.118,
	6.9531 23.1138,
	6.95645 23.1113,
	6.96317 23.1096,
	6.99004 23.1088,
	7.0169 23.1104,
	7.03033 23.1121,
	7.04377 23.1121,
	7.05049 23.1104,
	7.05384 23.1088,
	7.08071 23.1063,
	7.09414 23.1054,
	7.10757 23.1063,
	7.121 23.1088,
	7.14787 23.1088,
	7.16131 23.1071,
	7.16801 23.1054,
	7.18648 23.1054,
	7.18985 23.1079,
	7.2973 23.1104,
	7.35103 23.1113,
	7.3779 23.1138,
	7.38462 23.1154,
	7.38797 23.1171,
	7.40141 23.118,
	7.40812 23.1214,
	7.43498 23.1222,
	7.46185 23.1247,
	7.47529 23.1255,
	7.48872 23.1297,
	7.49544 23.1323,
	7.49879 23.1357,
	7.50551 23.1398,
	7.51223 23.1457,
	7.52566 23.1533,
	7.53237 23.1558,
	7.53908 23.1566,
	7.55252 23.1609,
	7.57939 23.1634,
	7.59114 23.1634,
	7.59449 23.1659,
	7.59786 23.1667,
	7.60458 23.1725,
	7.60625 23.176,
	7.61296 23.1785,
	7.61968 23.1835,
	7.62304 23.186,
	7.62975 23.1876,
	7.63143 23.1876,
	7.63395 23.1902,
	7.64067 23.1911,
	7.64739 23.1944,
	7.6541 23.1961,
	7.68013 23.2137,
	7.68181 23.2137,
	7.68853 23.2179,
	7.69188 23.2196,
	7.69356 23.2196,
	7.69691 23.2221,
	7.70363 23.2229,
	7.707 23.2238,
	7.71371 23.2279,
	7.74057 23.2356,
	7.74393 23.2372,
	7.74897 23.2372,
	7.75569 23.2414,
	7.76241 23.2431,
	7.76912 23.2473,
	7.78255 23.259,
	7.79598 23.2724,
	7.79766 23.2741,
	7.7985 23.2775,
	7.8027 23.2842,
	7.80522 23.2875,
	7.80605 23.291,
	7.8111 23.2968,
	7.81193 23.3001,
	7.81613 23.3069,
	7.81697 23.3102,
	7.81697 23.3119,
	7.82369 23.3187,
	7.83124 23.3313,
	7.83376 23.3371,
	7.84636 23.3506,
	7.85307 23.3547,
	7.85979 23.3572,
	7.86314 23.3581,
	7.86483 23.3598,
	7.89169 23.3657,
	7.89337 23.3673,
	7.89672 23.3673,
	7.90008 23.3698,
	7.90344 23.3707,
	7.90512 23.3707,
	7.93199 23.3892,
	7.93871 23.3934,
	7.94038 23.3934,
	7.94374 23.3959,
	7.9471 23.3967,
	7.94878 23.3967,
	7.95046 23.3984,
	7.97732 23.4035,
	8.03105 23.4035,
	8.03441 23.406,
	8.03609 23.406,
	8.03776 23.4076,
	8.03944 23.4076,
	8.05288 23.4186,
	8.0596 23.4244,
	8.06883 23.4379,
	8.07302 23.4446,
	8.0789 23.4513,
	8.0831 23.458,
	8.09654 23.4672,
	8.10241 23.474,
	8.10577 23.4773,
	8.10912 23.484,
	8.11164 23.4874,
	8.11164 23.4908,
	8.11416 23.4941,
	8.11501 23.5008,
	8.12088 23.5142,
	8.12171 23.521,
	8.12676 23.5344,
	8.13011 23.5479,
	8.13263 23.5747,
	8.13348 23.6016,
	8.13599 23.6284,
	8.13683 23.6553,
	8.13935 23.6687,
	8.13935 23.6821,
	8.14187 23.6956,
	8.14187 23.7225,
	8.14103 23.7359,
	8.13263 23.7628,
	8.12928 23.7694,
	8.12759 23.7729,
	8.11501 23.7854,
	8.10157 23.7938,
	8.08814 23.7988,
	8.08478 23.7997,
	8.07807 23.8039,
	8.0512 23.8148,
	7.99747 23.8316,
	7.9706 23.8408,
	7.96388 23.8426,
	7.96053 23.8426,
	7.9471 23.8467,
	7.93366 23.8492,
	7.8262 23.8484,
	7.81277 23.8492,
	7.80605 23.8492,
	7.79263 23.8526,
	7.78591 23.8526,
	7.77248 23.8567,
	7.76576 23.8602,
	7.73889 23.8635,
	7.71203 23.8643,
	7.6986 23.8643,
	7.67174 23.8693,
	7.6583 23.8719,
	7.65494 23.8728,
	7.64907 23.8769,
	7.6222 23.8844,
	7.60876 23.8895,
	7.60205 23.8904,
	7.59534 23.8945,
	7.58191 23.9005,
	7.57519 23.903,
	7.57182 23.9055,
	7.56512 23.908,
	7.5584 23.9121,
	7.55755 23.9139,
	7.55084 23.9164,
	7.53741 23.9239,
	7.53405 23.9264,
	7.53321 23.9282,
	7.52985 23.929,
	7.52818 23.929,
	7.51474 23.9365,
	7.51306 23.9382,
	7.50971 23.939,
	7.50634 23.9415,
	7.50299 23.9425,
	7.49627 23.9466,
	7.49544 23.9483,
	7.48872 23.9491,
	7.48536 23.9508,
	7.48452 23.9525,
	7.4778 23.9533,
	7.46437 23.9592,
	7.45093 23.9634,
	7.43751 23.9659,
	"/>
</Transform>

<Transform dim="0"
 xcoef=" 0 1 0 0 0 0"
 ycoef=" 0 0 1 0 0 0">
<Contour name="d39" hidden="false" closed="true" simplified="true" border="1 1 0" fill="1 1 0" mode="11"
 points="10.4488 28.4095,
	10.4328 28.4044,
	10.4248 28.3994,
	10.4087 28.3935,
	10.3927 28.3844,
	10.3767 28.3734,
	10.3696 28.3654,
	10.3496 28.3332,
	10.3446 28.3283,
	10.3446 28.3263,
	10.3376 28.3182,
	10.3356 28.3162,
	10.3275 28.3142,
	10.3115 28.3142,
	10.2955 28.3122,
	10.2874 28.3073,
	10.2804 28.3042,
	10.2654 28.2891,
	10.2614 28.2852,
	10.2594 28.2832,
	10.2594 28.2812,
	10.2524 28.2731,
	10.2453 28.2571,
	10.2393 28.225,
	10.2383 28.217,
	10.2433 28.1849,
	10.2463 28.1689,
	10.2473 28.1529,
	10.2463 28.1448,
	10.2353 28.1128,
	10.2323 28.1047,
	10.2303 28.1007,
	10.2273 28.0687,
	10.2273 28.0606,
	10.2273 28.0596,
	10.2273 28.0586,
	10.2323 28.0426,
	10.2323 28.0265,
	10.2323 28.0185,
	10.2343 28.0105,
	10.2343 28.0085,
	10.2373 28.0044,
	10.2453 28.0005,
	10.2614 27.9864,
	10.2674 27.9785,
	10.2754 27.9734,
	10.2804 27.9654,
	10.2844 27.9633,
	10.2914 27.9554,
	10.2995 27.9493,
	10.3265 27.9172,
	10.3265 27.9153,
	10.3305 27.9133,
	10.3396 27.8972,
	10.3446 27.8892,
	10.3456 27.8852,
	10.3496 27.8812,
	10.3566 27.8652,
	10.3616 27.8571,
	10.3646 27.8491,
	10.3696 27.8411,
	10.3777 27.809,
	10.3787 27.801,
	10.3807 27.797,
	10.3817 27.781,
	10.3827 27.7729,
	10.3827 27.7689,
	10.3867 27.7609,
	10.4007 27.7458,
	10.4027 27.7379,
	10.4027 27.7217,
	10.4047 27.7138,
	10.4047 27.7098,
	10.4087 27.7017,
	10.4147 27.6937,
	10.4178 27.6897,
	10.4258 27.6857,
	10.4368 27.6697,
	10.4438 27.6537,
	10.4569 27.6386,
	10.4639 27.6326,
	10.4959 27.6236,
	10.503 27.6185,
	10.506 27.6165,
	10.512 27.6085,
	10.515 27.6045,
	10.517 27.6035,
	10.518 27.5995,
	10.528 27.5835,
	10.5411 27.5684,
	10.5571 27.5614,
	10.5611 27.5604,
	10.5691 27.5534,
	10.5842 27.5444,
	10.5922 27.5404,
	10.5962 27.5373,
	10.6283 27.5283,
	10.6363 27.5263,
	10.6403 27.5244,
	10.7045 27.5223,
	10.7686 27.5223,
	10.8007 27.5233,
	10.8167 27.5244,
	10.8328 27.5303,
	10.8408 27.5333,
	10.8428 27.5333,
	10.8468 27.5363,
	10.8508 27.5363,
	10.8588 27.5404,
	10.8669 27.5414,
	10.8749 27.5454,
	10.8909 27.5454,
	11.0192 27.5263,
	11.0353 27.5244,
	11.0673 27.5253,
	11.0754 27.5263,
	11.0794 27.5283,
	11.0874 27.5253,
	11.0954 27.5244,
	11.1114 27.5153,
	11.1195 27.5113,
	11.1275 27.5092,
	11.1436 27.5092,
	11.1515 27.5113,
	11.1636 27.5113,
	11.1956 27.5213,
	11.2117 27.5303,
	11.2267 27.5454,
	11.2347 27.5513,
	11.2428 27.5524,
	11.2508 27.5564,
	11.2568 27.5634,
	11.2548 27.5794,
	11.2498 27.5955,
	11.2407 27.6116,
	11.2298 27.6276,
	11.2247 27.6355,
	11.2227 27.6396,
	11.2217 27.6416,
	11.2237 27.6496,
	11.2288 27.6576,
	11.2438 27.6727,
	11.2458 27.6727,
	11.2498 27.6757,
	11.2658 27.6807,
	11.2678 27.6807,
	11.2719 27.6847,
	11.2759 27.6927,
	11.2779 27.6968,
	11.2798 27.7288,
	11.2808 27.7368,
	11.2839 27.7448,
	11.2949 27.7599,
	11.3059 27.7919,
	11.3079 27.796,
	11.3089 27.804,
	11.315 27.82,
	11.318 27.836,
	11.32 27.8401,
	11.321 27.8561,
	11.3229 27.8641,
	11.3229 27.8802,
	11.321 27.8882,
	11.321 27.8962,
	11.315 27.9123,
	11.3109 27.9202,
	11.3079 27.9243,
	11.3069 27.9283,
	11.3039 27.9323,
	11.3039 27.9483,
	11.3069 27.9643,
	11.3079 27.9805,
	11.3069 27.9965,
	11.3039 28.0125,
	11.2979 28.0285,
	11.2849 28.0446,
	11.2769 28.0516,
	11.2729 28.0546,
	11.2709 28.0566,
	11.2668 28.0576,
	11.2508 28.0687,
	11.2428 28.0746,
	11.2298 28.0907,
	11.2107 28.1228,
	11.2017 28.1388,
	11.1987 28.1428,
	11.1976 28.1468,
	11.1806 28.1789,
	11.1716 28.195,
	11.1576 28.208,
	11.1416 28.2211,
	11.1335 28.223,
	11.1255 28.222,
	11.1175 28.217,
	11.1155 28.217,
	11.1074 28.209,
	11.0995 28.2049,
	11.0833 28.2039,
	11.0754 28.207,
	11.0603 28.222,
	11.0563 28.226,
	11.0413 28.2581,
	11.0353 28.2661,
	11.0313 28.2691,
	11.0152 28.2721,
	10.9831 28.2711,
	10.9671 28.2691,
	10.9571 28.2691,
	10.9551 28.2711,
	10.9531 28.2711,
	10.9511 28.2731,
	10.943 28.2761,
	10.8789 28.2772,
	10.8709 28.2782,
	10.8548 28.2832,
	10.8468 28.2842,
	10.8388 28.2872,
	10.8348 28.2872,
	10.8268 28.2911,
	10.8227 28.2911,
	10.8067 28.2982,
	10.8027 28.3012,
	10.7947 28.3042,
	10.7907 28.3063,
	10.7826 28.3132,
	10.7746 28.3172,
	10.7586 28.3293,
	10.7506 28.3363,
	10.7345 28.3453,
	10.7025 28.3524,
	10.6864 28.3573,
	10.6784 28.3603,
	10.6463 28.3613,
	10.6303 28.3613,
	10.6142 28.3674,
	10.6102 28.3684,
	10.6072 28.3714,
	10.6032 28.3714,
	10.5872 28.3763,
	10.5711 28.3794,
	10.5631 28.3814,
	10.5551 28.3854,
	10.5531 28.3854,
	10.5491 28.3894,
	10.5471 28.3894,
	10.5431 28.3925,
	10.5411 28.3925,
	10.537 28.3955,
	10.521 28.3994,
	10.513 28.4034,
	10.4809 28.4085,
	"/>
</Transform>

<Transform dim="0"
 xcoef=" 0 1 0 0 0 0"
 ycoef=" 0 0 1 0 0 0">
<Contour name="d56" hidden="false" closed="true" simplified="true" border="0 0 0" fill="0 0 0" mode="11"
 points="23.8457 23.9563,
	23.8393 23.9559,
	23.8361 23.9547,
	23.8345 23.9543,
	23.8336 23.9535,
	23.832 23.9531,
	23.8304 23.9515,
	23.8272 23.9495,
	23.8256 23.9479,
	23.8248 23.9479,
	23.8224 23.9455,
	23.8208 23.9451,
	23.82 23.9435,
	23.8143 23.9394,
	23.8091 23.9334,
	23.8087 23.9318,
	23.8087 23.931,
	23.8087 23.9306,
	23.8103 23.9273,
	23.8115 23.9261,
	23.8115 23.9253,
	23.8139 23.9225,
	23.8147 23.9217,
	23.8151 23.9201,
	23.8163 23.9189,
	23.8171 23.9185,
	23.8171 23.9177,
	23.822 23.912,
	23.8248 23.9088,
	23.8256 23.9072,
	23.8284 23.9044,
	23.8292 23.9028,
	23.8308 23.902,
	23.8316 23.9004,
	23.8345 23.8982,
	23.8361 23.8966,
	23.8377 23.8962,
	23.8385 23.8954,
	23.8514 23.8918,
	23.8644 23.8914,
	23.8708 23.8918,
	23.8773 23.8934,
	23.8789 23.8934,
	23.8821 23.8946,
	23.8837 23.8954,
	23.8845 23.8954,
	23.8861 23.8966,
	23.8869 23.9,
	23.8869 23.9064,
	23.8861 23.9128,
	23.8841 23.9193,
	23.8833 23.9201,
	23.8829 23.9233,
	23.8809 23.9265,
	23.8801 23.9282,
	23.8801 23.929,
	23.8777 23.9322,
	23.8764 23.9354,
	23.8724 23.9418,
	23.8704 23.9447,
	23.8652 23.9491,
	23.8636 23.9503,
	23.8603 23.9515,
	23.8571 23.9535,
	23.8555 23.9535,
	23.849 23.9555,
	"/>
</Transform>

<Transform dim="0"
 xcoef=" 0 1 0 0 0 0"
 ycoef=" 0 0 1 0 0 0">
<Contour name="d56" hidden="false" closed="true" simplified="true" border="0 0 0" fill="0 0 0" mode="11"
 points="23.8753 23.8003,
	23.8662 23.7957,
	23.8571 23.7878,
	23.8515 23.7787,
	23.848 23.7742,
	23.839 23.7707,
	23.8345 23.7662,
	23.8299 23.7651,
	23.8209 23.7594,
	23.8026 23.7515,
	23.7947 23.7458,
	23.7868 23.7378,
	23.7777 23.7356,
	23.7731 23.7322,
	23.7641 23.73,
	23.7595 23.7288,
	23.7233 23.6981,
	23.688 23.6641,
	23.6721 23.6471,
	23.6596 23.6289,
	23.6563 23.6244,
	23.6551 23.6198,
	23.6495 23.6107,
	23.6415 23.5926,
	23.629 23.5745,
	23.6199 23.5665,
	23.6018 23.5562,
	23.5836 23.5437,
	23.5791 23.5404,
	23.5745 23.5392,
	23.5734 23.537,
	23.5689 23.5359,
	23.5508 23.5211,
	23.5348 23.5041,
	23.5292 23.495,
	23.5269 23.4905,
	23.5122 23.4723,
	23.494 23.4541,
	23.4849 23.4474,
	23.4758 23.4428,
	23.4395 23.4371,
	23.4304 23.436,
	23.4123 23.4235,
	23.41 23.4212,
	23.4078 23.4212,
	23.3987 23.4133,
	23.3964 23.4133,
	23.3601 23.3884,
	23.3419 23.3736,
	23.3328 23.3645,
	23.3306 23.3622,
	23.3306 23.36,
	23.3158 23.3429,
	23.3078 23.3339,
	23.2965 23.3156,
	23.2931 23.3111,
	23.2908 23.3089,
	23.2908 23.3066,
	23.2772 23.2885,
	23.2534 23.2521,
	23.2454 23.243,
	23.2421 23.2385,
	23.2409 23.234,
	23.2273 23.2158,
	23.2251 23.2113,
	23.2251 23.209,
	23.2227 23.2068,
	23.2227 23.2045,
	23.2204 23.2022,
	23.2193 23.184,
	23.2137 23.1659,
	23.2103 23.1568,
	23.2092 23.1523,
	23.1956 23.1341,
	23.1944 23.1295,
	23.1864 23.1205,
	23.1762 23.1023,
	23.1739 23.1,
	23.1739 23.0978,
	23.1717 23.0955,
	23.1717 23.091,
	23.1672 23.0819,
	23.1661 23.0728,
	23.1637 23.0683,
	23.1637 23.0592,
	23.1592 23.041,
	23.1592 23.0229,
	23.1592 23.0184,
	23.1592 23.016,
	23.1592 23.0149,
	23.1661 22.9968,
	23.1694 22.9787,
	23.1717 22.906,
	23.1717 22.8878,
	23.1728 22.8788,
	23.1773 22.8697,
	23.1796 22.8652,
	23.1842 22.8629,
	23.1887 22.8583,
	23.1967 22.8538,
	23.2057 22.8515,
	23.2137 22.8469,
	23.2318 22.8413,
	23.2499 22.8379,
	23.2591 22.8345,
	23.2682 22.8334,
	23.2772 22.8299,
	23.2863 22.8288,
	23.3044 22.8232,
	23.3135 22.8232,
	23.3317 22.8174,
	23.3408 22.8152,
	23.3498 22.8152,
	23.368 22.8096,
	23.3771 22.8062,
	23.3817 22.8062,
	23.3907 22.8016,
	23.4259 22.7959,
	23.4622 22.7879,
	23.4804 22.7846,
	23.5167 22.7879,
	23.5258 22.7879,
	23.5348 22.7846,
	23.5712 22.7789,
	23.5803 22.7754,
	23.5893 22.7743,
	23.5984 22.7698,
	23.6165 22.7664,
	23.6199 22.7642,
	23.6381 22.7653,
	23.6744 22.7642,
	23.6926 22.7631,
	23.7108 22.7642,
	23.7198 22.7664,
	23.7244 22.7664,
	23.797 22.7914,
	23.8333 22.7926,
	23.906 22.7914,
	23.9422 22.7948,
	23.9786 22.8016,
	23.9967 22.8073,
	24.0012 22.8073,
	24.0104 22.8118,
	24.0195 22.8141,
	24.024 22.8141,
	24.0602 22.8266,
	24.0785 22.8334,
	24.0966 22.8436,
	24.1057 22.8515,
	24.1102 22.8561,
	24.1205 22.8742,
	24.125 22.8753,
	24.1295 22.8788,
	24.1317 22.881,
	24.1341 22.881,
	24.1522 22.8958,
	24.1567 22.8992,
	24.1658 22.9003,
	24.184 22.8969,
	24.2157 22.8969,
	24.2339 22.906,
	24.2521 22.9173,
	24.2566 22.9219,
	24.2588 22.9253,
	24.2952 22.9548,
	24.3032 22.9628,
	24.3077 22.965,
	24.3258 22.982,
	24.344 22.9968,
	24.3531 23.0059,
	24.3531 23.0082,
	24.3622 23.0172,
	24.3735 23.0354,
	24.3792 23.0444,
	24.3826 23.049,
	24.3848 23.0513,
	24.3848 23.0535,
	24.3894 23.0569,
	24.3939 23.066,
	24.4018 23.075,
	24.4042 23.0774,
	24.4042 23.0797,
	24.4087 23.083,
	24.4098 23.0875,
	24.4121 23.0887,
	24.4132 23.0933,
	24.4201 23.1023,
	24.4246 23.1092,
	24.4302 23.1183,
	24.4337 23.1228,
	24.4359 23.125,
	24.4371 23.1295,
	24.4438 23.1375,
	24.4529 23.1557,
	24.4563 23.1648,
	24.4598 23.201,
	24.4586 23.2374,
	24.4574 23.2465,
	24.4574 23.251,
	24.4529 23.2601,
	24.4279 23.2964,
	24.4143 23.3145,
	24.4109 23.3191,
	24.4087 23.3214,
	24.4087 23.3236,
	24.4042 23.3281,
	24.403 23.3327,
	24.4007 23.335,
	24.3996 23.3395,
	24.3996 23.3418,
	24.3973 23.344,
	24.3939 23.3622,
	24.3951 23.3985,
	24.3951 23.4076,
	24.4007 23.4257,
	24.4007 23.4439,
	24.4007 23.4462,
	24.3973 23.4507,
	24.3917 23.4689,
	24.3883 23.4735,
	24.3837 23.4916,
	24.3826 23.5279,
	24.3826 23.5461,
	24.3803 23.5551,
	24.3747 23.5642,
	24.3701 23.5687,
	24.3678 23.5733,
	24.3316 23.6073,
	24.3224 23.6165,
	24.3213 23.621,
	24.3145 23.6301,
	24.3122 23.6391,
	24.3032 23.6572,
	24.2883 23.6743,
	24.2521 23.6958,
	24.243 23.7016,
	24.2067 23.7095,
	24.1522 23.7095,
	24.1341 23.7072,
	24.125 23.7095,
	24.1205 23.7106,
	24.1182 23.7106,
	24.1091 23.7163,
	24.091 23.7231,
	24.0864 23.7253,
	24.0818 23.7253,
	24.0773 23.7276,
	24.075 23.7276,
	24.0705 23.7311,
	24.0615 23.7333,
	24.0432 23.7436,
	24.0251 23.7515,
	24.0206 23.7526,
	24.016 23.756,
	23.9979 23.7617,
	23.9933 23.7651,
	23.9842 23.7662,
	23.9661 23.7753,
	23.957 23.7787,
	23.9525 23.781,
	23.948 23.781,
	23.9116 23.7946,
	23.8935 23.8003,
	"/>
</Transform>

<Transform dim="0"
 xcoef=" 0 1 0 0 0 0"
 ycoef=" 0 0 1 0 0 0">
<Contour name="d28sp16" hidden="false" closed="true" simplified="true" border="1 0 0" fill="1 0 0" mode="11"
 points="7.12158 22.4534,
	7.10309 22.4523,
	7.09383 22.4523,
	7.08921 22.4517,
	7.07996 22.4487,
	7.07072 22.4436,
	7.06725 22.4396,
	7.0661 22.4396,
	7.05974 22.4314,
	7.05801 22.4268,
	7.05743 22.4176,
	7.05743 22.4158,
	7.05743 22.4153,
	7.06263 22.4066,
	7.06725 22.4037,
	7.06956 22.4031,
	7.07188 22.4014,
	7.07418 22.4014,
	7.07881 22.3997,
	7.08112 22.3985,
	7.08344 22.3985,
	7.10193 22.3921,
	7.10655 22.3904,
	7.10771 22.3904,
	7.10886 22.3892,
	7.11811 22.3864,
	7.12273 22.3846,
	7.12388 22.3835,
	7.13255 22.3801,
	7.13718 22.3782,
	7.1418 22.3754,
	7.14353 22.3736,
	7.14527 22.3731,
	7.1499 22.3696,
	7.15163 22.3685,
	7.15279 22.3685,
	7.15509 22.3668,
	7.16434 22.3638,
	7.1655 22.3638,
	7.16665 22.3626,
	7.17128 22.3609,
	7.17358 22.3603,
	7.17474 22.3603,
	7.17706 22.3586,
	7.17936 22.358,
	7.18109 22.3563,
	7.18225 22.3563,
	7.18457 22.354,
	7.18572 22.3535,
	7.18572 22.3523,
	7.18746 22.3499,
	7.18919 22.3453,
	7.18919 22.3442,
	7.19035 22.343,
	7.19439 22.3343,
	7.19844 22.3309,
	7.20074 22.3303,
	7.20538 22.3269,
	7.21462 22.3228,
	7.21577 22.3228,
	7.21635 22.3216,
	7.21866 22.321,
	7.22328 22.3182,
	7.2256 22.317,
	7.22617 22.3159,
	7.22849 22.3153,
	7.2308 22.3136,
	7.23195 22.3136,
	7.236 22.3107,
	7.23831 22.309,
	7.24062 22.3084,
	7.24178 22.3072,
	7.24294 22.3072,
	7.24351 22.306,
	7.25276 22.3026,
	7.25449 22.3008,
	7.26374 22.3003,
	7.26836 22.3008,
	7.2701 22.3031,
	7.27241 22.3037,
	7.27472 22.306,
	7.27876 22.3084,
	7.28743 22.3159,
	7.29206 22.3187,
	7.29437 22.321,
	7.30246 22.3269,
	7.30419 22.3286,
	7.30651 22.3292,
	7.3094 22.3332,
	7.3117 22.3349,
	7.3117 22.3361,
	7.31459 22.339,
	7.31459 22.3402,
	7.31633 22.3425,
	7.31806 22.347,
	7.31922 22.3493,
	7.32095 22.3586,
	7.32211 22.3632,
	7.32673 22.3725,
	7.32962 22.3765,
	7.32962 22.3777,
	7.33194 22.3801,
	7.33194 22.3812,
	7.33483 22.3858,
	7.3354 22.3881,
	7.33656 22.3892,
	7.33713 22.3985,
	7.33713 22.4031,
	7.3354 22.4078,
	7.33251 22.4118,
	7.32789 22.4158,
	7.32327 22.4187,
	7.32095 22.4199,
	7.3198 22.4199,
	7.31055 22.4263,
	7.30592 22.4291,
	7.30478 22.4291,
	7.30362 22.4303,
	7.30246 22.4303,
	7.29841 22.4331,
	7.2961 22.4349,
	7.29379 22.4355,
	7.29148 22.4373,
	7.28917 22.4378,
	7.28801 22.439,
	7.28686 22.439,
	7.2857 22.4401,
	7.28339 22.4401,
	7.27876 22.4419,
	7.26952 22.4436,
	7.26027 22.4442,
	7.24178 22.4476,
	7.23716 22.4476,
	7.22791 22.4493,
	7.21866 22.45,
	7.21404 22.4511,
	7.14007 22.4529,
	"/>
</Transform>

<Transform dim="0"
 xcoef=" 0 1 0 0 0 0"
 ycoef=" 0 0 1 0 0 0">
<Contour name="d39sp25" hidden="false" closed="true" simplified="true" border="1 0 0" fill="1 0 0" mode="11"
 points="11.5495 27.9303,
	11.5162 27.9293,
	11.4995 27.9283,
	11.4829 27.9231,
	11.4672 27.9116,
	11.4505 27.896,
	11.4443 27.8887,
	11.4423 27.8876,
	11.4423 27.8856,
	11.3766 27.8304,
	11.3682 27.8231,
	11.3569 27.8064,
	11.3423 27.7897,
	11.3255 27.7752,
	11.3183 27.7669,
	11.3099 27.7606,
	11.3037 27.7523,
	11.2996 27.7439,
	11.2964 27.7106,
	11.2954 27.6939,
	11.2954 27.6856,
	11.2912 27.6815,
	11.2828 27.6783,
	11.2787 27.6762,
	11.2621 27.6742,
	11.2537 27.6721,
	11.2496 27.6711,
	11.2444 27.6637,
	11.2423 27.6554,
	11.2423 27.6544,
	11.2475 27.646,
	11.2631 27.6304,
	11.2693 27.6221,
	11.2693 27.62,
	11.2725 27.6159,
	11.2725 27.6138,
	11.2756 27.6096,
	11.2797 27.5929,
	11.2808 27.5596,
	11.284 27.543,
	11.285 27.5346,
	11.2902 27.518,
	11.2923 27.5096,
	11.3017 27.4929,
	11.3089 27.4857,
	11.3131 27.4816,
	11.3298 27.4763,
	11.3381 27.4742,
	11.3423 27.4722,
	11.3444 27.4722,
	11.3485 27.468,
	11.3569 27.4638,
	11.3651 27.4617,
	11.3694 27.4617,
	11.3776 27.4576,
	11.4109 27.4534,
	11.4277 27.4513,
	11.461 27.442,
	11.4943 27.4389,
	11.5109 27.444,
	11.5193 27.4451,
	11.5234 27.4471,
	11.5402 27.4482,
	11.5484 27.4461,
	11.5817 27.4471,
	11.5985 27.4492,
	11.6151 27.4545,
	11.6234 27.4576,
	11.6276 27.4586,
	11.6443 27.4701,
	11.6505 27.4784,
	11.6578 27.4847,
	11.6661 27.4888,
	11.6744 27.495,
	11.689 27.5117,
	11.712 27.545,
	11.7401 27.5783,
	11.7442 27.5826,
	11.7473 27.5908,
	11.7494 27.5951,
	11.7494 27.6033,
	11.7442 27.62,
	11.7359 27.6366,
	11.7161 27.67,
	11.7026 27.7033,
	11.6849 27.7366,
	11.6828 27.745,
	11.6818 27.7491,
	11.6932 27.7825,
	11.6932 27.7991,
	11.6911 27.8158,
	11.688 27.8242,
	11.688 27.8283,
	11.6849 27.8367,
	11.6839 27.8449,
	11.6796 27.8533,
	11.6744 27.87,
	11.6703 27.8782,
	11.6578 27.895,
	11.6494 27.9022,
	11.6412 27.9053,
	11.6369 27.9085,
	11.6349 27.9085,
	11.6328 27.9106,
	11.6286 27.9116,
	11.612 27.9209,
	11.6036 27.9241,
	11.5995 27.9262,
	11.5829 27.9293,
	"/>
</Transform>

<Transform dim="0"
 xcoef=" 0 1 0 0 0 0"
 ycoef=" 0 0 1 0 0 0">
<Contour name="d39sp27" hidden="false" closed="true" simplified="true" border="1 0 0" fill="1 0 0" mode="11"
 points="10.5944 29.3554,
	10.5751 29.3494,
	10.5655 29.3446,
	10.5558 29.3361,
	10.5401 29.3228,
	10.516 29.2854,
	10.5136 29.283,
	10.5124 29.2782,
	10.5064 29.2685,
	10.5027 29.259,
	10.4991 29.2541,
	10.4871 29.2155,
	10.4846 29.2058,
	10.4822 29.2011,
	10.481 29.1624,
	10.481 29.1612,
	10.4846 29.1419,
	10.4883 29.1323,
	10.4883 29.1299,
	10.4943 29.1226,
	10.5027 29.1166,
	10.5124 29.1129,
	10.5172 29.1105,
	10.5365 29.1093,
	10.5462 29.1093,
	10.5655 29.1153,
	10.5679 29.1153,
	10.5703 29.1178,
	10.5775 29.1178,
	10.5799 29.1202,
	10.5824 29.1202,
	10.586 29.1238,
	10.5908 29.125,
	10.5956 29.1286,
	10.598 29.1286,
	10.6077 29.1347,
	10.6125 29.1371,
	10.6149 29.1395,
	10.6198 29.1407,
	10.6367 29.1539,
	10.6451 29.16,
	10.6487 29.1648,
	10.6511 29.166,
	10.6511 29.1684,
	10.6572 29.1769,
	10.6608 29.1817,
	10.6608 29.1841,
	10.6632 29.1865,
	10.6656 29.1962,
	10.668 29.1986,
	10.668 29.2034,
	10.6716 29.213,
	10.6741 29.2517,
	10.6729 29.2709,
	10.6668 29.2903,
	10.6632 29.2999,
	10.662 29.3048,
	10.662 29.3072,
	10.6596 29.3096,
	10.6596 29.312,
	10.6463 29.3313,
	10.6306 29.3458,
	10.621 29.3506,
	10.6161 29.3518,
	10.6137 29.3542,
	"/>
</Transform>

<Transform dim="0"
 xcoef=" 0 1 0 0 0 0"
 ycoef=" 0 0 1 0 0 0">
<Contour name="d39sp27" hidden="false" closed="true" simplified="true" border="1 0 0" fill="1 0 0" mode="11"
 points="10.3992 28.6139,
	10.3948 28.6123,
	10.3925 28.6112,
	10.3903 28.6112,
	10.3881 28.6095,
	10.3837 28.6084,
	10.3749 28.6034,
	10.3666 28.5968,
	10.3628 28.593,
	10.3605 28.5908,
	10.3578 28.5874,
	10.3561 28.5852,
	10.355 28.5841,
	10.355 28.583,
	10.3495 28.5752,
	10.3462 28.5708,
	10.3451 28.5703,
	10.3445 28.5681,
	10.3385 28.5587,
	10.3379 28.5565,
	10.3329 28.5483,
	10.3313 28.5443,
	10.3285 28.5405,
	10.3285 28.5383,
	10.3274 28.5378,
	10.3263 28.5334,
	10.3236 28.5294,
	10.3186 28.5118,
	10.318 28.4942,
	10.318 28.4936,
	10.318 28.4931,
	10.3208 28.4842,
	10.3213 28.482,
	10.3213 28.4809,
	10.3225 28.4798,
	10.3285 28.4622,
	10.3285 28.461,
	10.3302 28.4588,
	10.3318 28.4544,
	10.3335 28.4522,
	10.3368 28.4439,
	10.3396 28.4395,
	10.3407 28.4384,
	10.3407 28.4373,
	10.3473 28.4284,
	10.3501 28.4246,
	10.3594 28.4174,
	10.3605 28.4163,
	10.3616 28.4163,
	10.3638 28.4141,
	10.3661 28.413,
	10.3672 28.4119,
	10.3683 28.4119,
	10.3765 28.4041,
	10.3793 28.3997,
	10.3804 28.3954,
	10.3804 28.3777,
	10.3804 28.3732,
	10.3804 28.3721,
	10.3815 28.3716,
	10.3832 28.3732,
	10.3843 28.3732,
	10.3876 28.376,
	10.392 28.3777,
	10.3964 28.3805,
	10.3975 28.3805,
	10.3992 28.3821,
	10.4003 28.3821,
	10.4019 28.3837,
	10.403 28.3837,
	10.4047 28.3854,
	10.4058 28.3854,
	10.4064 28.3865,
	10.4075 28.3865,
	10.4086 28.3876,
	10.4124 28.3892,
	10.4141 28.3903,
	10.4152 28.3903,
	10.4174 28.3921,
	10.4196 28.3926,
	10.4218 28.3943,
	10.4262 28.3954,
	10.4268 28.3964,
	10.429 28.3964,
	10.4295 28.3975,
	10.4317 28.3975,
	10.4362 28.3997,
	10.4538 28.4025,
	10.4715 28.403,
	10.5068 28.3992,
	10.5112 28.3986,
	10.5134 28.3992,
	10.5134 28.4003,
	10.5112 28.4019,
	10.5101 28.403,
	10.5079 28.4036,
	10.5035 28.4064,
	10.5013 28.407,
	10.5002 28.4081,
	10.4991 28.4081,
	10.4947 28.4113,
	10.4941 28.4124,
	10.493 28.4124,
	10.4858 28.4208,
	10.4847 28.4251,
	10.4836 28.4273,
	10.4836 28.4362,
	10.4853 28.4538,
	10.4853 28.4715,
	10.4853 28.476,
	10.4825 28.4847,
	10.4803 28.4891,
	10.4731 28.4964,
	10.4709 28.498,
	10.4704 28.4991,
	10.4693 28.4991,
	10.4654 28.5029,
	10.4621 28.5058,
	10.461 28.5069,
	10.461 28.508,
	10.4599 28.5085,
	10.4599 28.5096,
	10.4588 28.5102,
	10.4582 28.5123,
	10.4571 28.5134,
	10.4538 28.5223,
	10.4527 28.5245,
	10.4516 28.5256,
	10.445 28.5432,
	10.4422 28.5521,
	10.4417 28.5565,
	10.4362 28.5741,
	10.4329 28.583,
	10.4317 28.5874,
	10.4301 28.5908,
	10.4295 28.593,
	10.4295 28.5941,
	10.4262 28.5979,
	10.4246 28.6001,
	10.4246 28.6012,
	10.4229 28.6023,
	10.4229 28.6034,
	10.4157 28.6106,
	10.4135 28.6117,
	10.4124 28.6128,
	10.4102 28.6128,
	10.408 28.6139,
	"/>
</Transform>

<Transform dim="0"
 xcoef=" 0 1 0 0 0 0"
 ycoef=" 0 0 1 0 0 0">
<Contour name="d28sp20" hidden="false" closed="true" simplified="true" border="1 0 0" fill="1 0 0" mode="11"
 points="7.38277 24.6773,
	7.36513 24.674,
	7.36293 24.6718,
	7.35852 24.6708,
	7.3497 24.6641,
	7.34309 24.6575,
	7.33867 24.6553,
	7.33317 24.6487,
	7.31774 24.6354,
	7.31333 24.6321,
	7.31112 24.6321,
	7.29349 24.6211,
	7.28576 24.6156,
	7.28136 24.6145,
	7.27916 24.6112,
	7.27143 24.6035,
	7.26592 24.5946,
	7.25931 24.577,
	7.2571 24.5748,
	7.256 24.5704,
	7.2527 24.5671,
	7.25159 24.5627,
	7.24608 24.5539,
	7.24608 24.5516,
	7.24277 24.5484,
	7.24167 24.544,
	7.23947 24.5418,
	7.23726 24.5329,
	7.23616 24.5286,
	7.23285 24.5241,
	7.23285 24.5197,
	7.22955 24.5109,
	7.22844 24.5065,
	7.22844 24.5043,
	7.22514 24.4999,
	7.21963 24.4822,
	7.21852 24.4778,
	7.21522 24.4734,
	7.21191 24.4646,
	7.19868 24.448,
	7.19427 24.4448,
	7.19427 24.4426,
	7.19097 24.4404,
	7.18545 24.4326,
	7.18214 24.4282,
	7.17994 24.4261,
	7.17994 24.4238,
	7.16781 24.4072,
	7.1612 24.3985,
	7.1601 24.3951,
	7.15459 24.3863,
	7.14907 24.3797,
	7.14466 24.3709,
	7.14246 24.3698,
	7.14136 24.3654,
	7.13915 24.3643,
	7.13915 24.3621,
	7.13694 24.361,
	7.13585 24.3577,
	7.13253 24.3544,
	7.13144 24.3499,
	7.12813 24.3455,
	7.12813 24.3412,
	7.12593 24.3389,
	7.12593 24.3367,
	7.12372 24.3345,
	7.11931 24.3169,
	7.1182 24.2993,
	7.1182 24.2948,
	7.1182 24.2926,
	7.1182 24.2915,
	7.12482 24.2739,
	7.12813 24.265,
	7.13915 24.2474,
	7.14686 24.2386,
	7.15679 24.2221,
	7.15899 24.2177,
	7.1612 24.2155,
	7.1612 24.2133,
	7.16561 24.2099,
	7.16671 24.2055,
	7.17222 24.1967,
	7.17553 24.1923,
	7.17663 24.1879,
	7.18214 24.1791,
	7.18876 24.1725,
	7.19206 24.168,
	7.19427 24.1658,
	7.19427 24.1636,
	7.2086 24.1482,
	7.22072 24.1339,
	7.22734 24.125,
	7.23616 24.1174,
	7.25049 24.103,
	7.26482 24.0909,
	7.29458 24.0611,
	7.30782 24.0446,
	7.31883 24.0269,
	7.31883 24.0247,
	7.32215 24.0203,
	7.32325 24.016,
	7.32875 24.0071,
	7.32986 24.0027,
	7.33207 24.0005,
	7.33317 23.9917,
	7.33537 23.9873,
	7.33537 23.9828,
	7.33317 23.9784,
	7.32655 23.9741,
	7.30891 23.9641,
	7.3045 23.963,
	7.28687 23.9531,
	7.28356 23.9498,
	7.28136 23.9498,
	7.26592 23.9355,
	7.26372 23.9355,
	7.26041 23.9311,
	7.25821 23.9311,
	7.24388 23.9167,
	7.24277 23.9123,
	7.23506 23.9046,
	7.22514 23.8892,
	7.22955 23.8881,
	7.23396 23.8903,
	7.23616 23.8903,
	7.24497 23.8958,
	7.24718 23.8958,
	7.25159 23.899,
	7.256 23.9002,
	7.25931 23.9035,
	7.26813 23.9057,
	7.27254 23.9068,
	7.27474 23.909,
	7.29238 23.9146,
	7.29679 23.9157,
	7.29899 23.9178,
	7.33427 23.93,
	7.35191 23.9366,
	7.36073 23.9387,
	7.36954 23.9432,
	7.37836 23.9454,
	7.38277 23.9476,
	7.38719 23.9476,
	7.396 23.952,
	7.40482 23.9542,
	7.40703 23.9542,
	7.40923 23.9565,
	7.44451 23.9575,
	7.45332 23.9565,
	7.45553 23.9565,
	7.45773 23.9542,
	7.46214 23.9531,
	7.46435 23.9531,
	7.47317 23.9476,
	7.47537 23.9476,
	7.47978 23.9432,
	7.49742 23.9387,
	7.50183 23.9376,
	7.50293 23.9398,
	7.49963 23.9443,
	7.49742 23.9465,
	7.49631 23.9509,
	7.49301 23.9553,
	7.4919 23.9597,
	7.4853 23.9674,
	7.48088 23.9696,
	7.47868 23.973,
	7.46435 23.9851,
	7.45332 24.0027,
	7.45002 24.0115,
	7.44891 24.0203,
	7.44561 24.0292,
	7.44451 24.038,
	7.43899 24.0556,
	7.43458 24.0644,
	7.43348 24.0688,
	7.43348 24.0711,
	7.43128 24.0733,
	7.43128 24.0777,
	7.42907 24.082,
	7.42686 24.0843,
	7.42466 24.0931,
	7.40372 24.1284,
	7.40261 24.1328,
	7.39269 24.1493,
	7.39049 24.1537,
	7.38828 24.156,
	7.38498 24.1736,
	7.38387 24.1912,
	7.38277 24.2001,
	7.37836 24.2088,
	7.37727 24.2133,
	7.37175 24.2221,
	7.36844 24.2253,
	7.36844 24.2276,
	7.36403 24.2309,
	7.353 24.2474,
	7.34529 24.265,
	7.33978 24.2827,
	7.34088 24.318,
	7.34309 24.3224,
	7.34309 24.3246,
	7.34529 24.3268,
	7.35191 24.3445,
	7.35411 24.3466,
	7.35521 24.351,
	7.36073 24.3588,
	7.36403 24.3632,
	7.36403 24.3654,
	7.36844 24.3687,
	7.36954 24.3731,
	7.37506 24.3808,
	7.37836 24.3842,
	7.38167 24.3918,
	7.3916 24.4062,
	7.39269 24.4105,
	7.396 24.415,
	7.40261 24.4326,
	7.40261 24.4502,
	7.40261 24.4547,
	7.40923 24.4723,
	7.41364 24.4811,
	7.41364 24.4834,
	7.41585 24.4856,
	7.42136 24.5032,
	7.42577 24.512,
	7.42577 24.5142,
	7.43128 24.523,
	7.43128 24.5253,
	7.43569 24.5296,
	7.43789 24.534,
	7.4401 24.5362,
	7.4401 24.5384,
	7.44671 24.5473,
	7.45002 24.5516,
	7.45112 24.555,
	7.45443 24.5594,
	7.45443 24.5616,
	7.45884 24.566,
	7.45994 24.5704,
	7.46324 24.5748,
	7.46986 24.5924,
	7.47427 24.6013,
	7.47427 24.6057,
	7.47757 24.6145,
	7.47868 24.6233,
	7.47757 24.6321,
	7.47427 24.641,
	7.46876 24.6498,
	7.46435 24.6531,
	7.46214 24.6564,
	7.45332 24.6608,
	7.44891 24.6619,
	7.43128 24.6718,
	7.42686 24.6718,
	7.41805 24.6751,
	7.40041 24.6773,
	"/>
</Transform>

<Transform dim="0"
 xcoef=" 0 1 0 0 0 0"
 ycoef=" 0 0 1 0 0 0">
<Contour name="d28c16" hidden="false" closed="true" simplified="true" border="0 0 1" fill="0 0 1" mode="11"
 points="7.08807 22.5413,
	7.08709 22.5404,
	7.08613 22.5404,
	7.07932 22.534,
	7.07592 22.5301,
	7.07446 22.5282,
	7.07397 22.5262,
	7.07251 22.5243,
	7.07203 22.5165,
	7.07203 22.5126,
	7.07203 22.5107,
	7.07203 22.5102,
	7.07397 22.5063,
	7.07446 22.5043,
	7.07688 22.5005,
	7.07786 22.5,
	7.07834 22.498,
	7.07834 22.4971,
	7.08855 22.4825,
	7.09294 22.4756,
	7.0944 22.4737,
	7.09536 22.4727,
	7.09877 22.465,
	7.1012 22.4611,
	7.10411 22.4533,
	7.10509 22.4524,
	7.10752 22.4445,
	7.11092 22.4368,
	7.11238 22.4348,
	7.11384 22.4314,
	7.11433 22.4295,
	7.11676 22.4256,
	7.11725 22.4237,
	7.11871 22.4222,
	7.12016 22.4187,
	7.12065 22.4168,
	7.12211 22.4159,
	7.12454 22.4125,
	7.13232 22.4076,
	7.13427 22.4072,
	7.13523 22.4072,
	7.13621 22.4061,
	7.1401 22.4056,
	7.14204 22.4051,
	7.14302 22.4042,
	7.1469 22.4037,
	7.15079 22.4022,
	7.15274 22.4013,
	7.18385 22.3979,
	7.19941 22.3969,
	7.23053 22.3974,
	7.23832 22.3979,
	7.24026 22.3979,
	7.24415 22.3993,
	7.24804 22.3998,
	7.25193 22.4013,
	7.25388 22.4013,
	7.25582 22.4027,
	7.25971 22.4037,
	7.29083 22.4013,
	7.30639 22.4017,
	7.31417 22.4037,
	7.31612 22.4037,
	7.32 22.4051,
	7.32195 22.4056,
	7.32292 22.4066,
	7.32681 22.4076,
	7.3307 22.4096,
	7.33264 22.4101,
	7.33362 22.4101,
	7.3341 22.411,
	7.33799 22.412,
	7.34139 22.4149,
	7.34431 22.4187,
	7.34723 22.4266,
	7.34918 22.4343,
	7.34966 22.4363,
	7.34966 22.4373,
	7.35064 22.4383,
	7.3521 22.446,
	7.35307 22.4499,
	7.35307 22.4577,
	7.35307 22.4586,
	7.3516 22.4606,
	7.35112 22.4625,
	7.34869 22.466,
	7.34139 22.4723,
	7.33848 22.4747,
	7.33119 22.4791,
	7.32729 22.4815,
	7.32535 22.4825,
	7.32438 22.4825,
	7.32341 22.4835,
	7.32243 22.4835,
	7.32146 22.4844,
	7.31952 22.4844,
	7.31758 22.4859,
	7.30202 22.4907,
	7.2991 22.4907,
	7.29812 22.4917,
	7.29715 22.4917,
	7.29618 22.4927,
	7.2884 22.4942,
	7.28646 22.4951,
	7.28256 22.4956,
	7.27867 22.4971,
	7.27478 22.4976,
	7.2709 22.499,
	7.26311 22.5005,
	7.25534 22.5029,
	7.25144 22.5034,
	7.24755 22.5048,
	7.24659 22.5048,
	7.24561 22.5058,
	7.24367 22.5058,
	7.24269 22.5068,
	7.23491 22.5093,
	7.23103 22.5102,
	7.22907 22.5107,
	7.22811 22.5117,
	7.22422 22.5121,
	7.22032 22.5136,
	7.21643 22.5141,
	7.20866 22.5165,
	7.20672 22.5175,
	7.20476 22.5175,
	7.19699 22.5204,
	7.1931 22.5209,
	7.17754 22.5262,
	7.16976 22.5287,
	7.16587 22.5291,
	7.16392 22.5296,
	7.16295 22.5306,
	7.15517 22.533,
	7.13961 22.536,
	7.13572 22.5375,
	7.12016 22.5399,
	7.1046 22.5413,
	"/>
</Transform>

<Transform dim="0"
 xcoef=" 0 1 0 0 0 0"
 ycoef=" 0 0 1 0 0 0">
<Contour name="d28sp19" hidden="false" closed="true" simplified="true" border="1 0 0" fill="1 0 0" mode="11"
 points="8.43777 23.812,
	8.41643 23.8107,
	8.39509 23.8074,
	8.38975 23.8061,
	8.38442 23.8061,
	8.37908 23.8034,
	8.36842 23.8001,
	8.35774 23.7941,
	8.35507 23.7941,
	8.34975 23.7907,
	8.34441 23.7894,
	8.33907 23.7861,
	8.3364 23.7853,
	8.33507 23.7853,
	8.33374 23.784,
	8.32373 23.7807,
	8.32107 23.7801,
	8.31841 23.7781,
	8.31307 23.7767,
	8.31241 23.7754,
	8.30974 23.7754,
	8.3084 23.7741,
	8.30307 23.7728,
	8.3004 23.7713,
	8.29773 23.7713,
	8.2964 23.77,
	8.28573 23.7667,
	8.2844 23.7654,
	8.27372 23.7627,
	8.24172 23.7627,
	8.22038 23.766,
	8.19905 23.7667,
	8.18837 23.7654,
	8.1537 23.7654,
	8.14303 23.7713,
	8.1377 23.7734,
	8.12703 23.7741,
	8.12302 23.7741,
	8.12236 23.7734,
	8.12369 23.7721,
	8.12503 23.7667,
	8.12636 23.7641,
	8.12636 23.7627,
	8.1277 23.7614,
	8.12969 23.756,
	8.13103 23.7547,
	8.13103 23.7534,
	8.13436 23.7481,
	8.13436 23.7454,
	8.13637 23.74,
	8.1377 23.7187,
	8.13703 23.6973,
	8.13703 23.6868,
	8.13436 23.6761,
	8.1337 23.6654,
	8.1337 23.6601,
	8.13302 23.6573,
	8.13302 23.656,
	8.13169 23.6547,
	8.13169 23.652,
	8.13436 23.6514,
	8.13637 23.6527,
	8.13703 23.654,
	8.13836 23.654,
	8.14303 23.6581,
	8.15037 23.668,
	8.15103 23.6707,
	8.15237 23.6713,
	8.15637 23.682,
	8.15637 23.6833,
	8.1577 23.684,
	8.16436 23.7054,
	8.1657 23.7107,
	8.16637 23.7133,
	8.16703 23.7148,
	8.16837 23.7148,
	8.17037 23.7167,
	8.17104 23.7181,
	8.1817 23.7214,
	8.20305 23.722,
	8.20837 23.722,
	8.21371 23.7207,
	8.21905 23.7207,
	8.22439 23.7187,
	8.22971 23.7181,
	8.24039 23.714,
	8.24572 23.712,
	8.24838 23.712,
	8.25105 23.7107,
	8.25239 23.7107,
	8.25306 23.7094,
	8.25573 23.7094,
	8.26372 23.7021,
	8.26772 23.6973,
	8.26906 23.6947,
	8.27039 23.694,
	8.27039 23.6927,
	8.27306 23.6907,
	8.27306 23.6894,
	8.27773 23.6853,
	8.28173 23.6827,
	8.2844 23.6814,
	8.28506 23.68,
	8.28773 23.68,
	8.2884 23.6787,
	8.29906 23.6754,
	8.3044 23.6734,
	8.30707 23.6727,
	8.3084 23.6713,
	8.31907 23.6687,
	8.32907 23.6621,
	8.33374 23.6573,
	8.34108 23.6487,
	8.34241 23.6481,
	8.34307 23.6454,
	8.34507 23.6441,
	8.34574 23.6413,
	8.34774 23.6393,
	8.34708 23.638,
	8.35041 23.6327,
	8.35108 23.6301,
	8.35375 23.6273,
	8.35441 23.6247,
	8.35641 23.622,
	8.35708 23.6194,
	8.35708 23.6181,
	8.36041 23.6133,
	8.36242 23.6107,
	8.36242 23.6093,
	8.36975 23.5993,
	8.37308 23.5953,
	8.37775 23.5907,
	8.38708 23.5833,
	8.39242 23.5794,
	8.39509 23.5774,
	8.39575 23.576,
	8.39709 23.576,
	8.40175 23.5713,
	8.40442 23.5706,
	8.40643 23.5687,
	8.41709 23.566,
	8.41976 23.5647,
	8.4411 23.562,
	8.45177 23.562,
	8.47311 23.5573,
	8.49445 23.5553,
	8.50511 23.5553,
	8.51579 23.5566,
	8.51844 23.5587,
	8.52846 23.5634,
	8.52912 23.5647,
	8.53045 23.5647,
	8.53512 23.5687,
	8.53779 23.5706,
	8.54045 23.5713,
	8.55046 23.5787,
	8.55512 23.582,
	8.55779 23.5827,
	8.56313 23.586,
	8.56446 23.5881,
	8.56713 23.5887,
	8.56913 23.5907,
	8.57046 23.5907,
	8.5758 23.5947,
	8.57713 23.5947,
	8.57779 23.596,
	8.58046 23.5967,
	8.58913 23.6034,
	8.59713 23.6127,
	8.60381 23.6234,
	8.60381 23.626,
	8.6058 23.6286,
	8.60913 23.6393,
	8.61247 23.6487,
	8.61447 23.654,
	8.61647 23.6754,
	8.61647 23.6967,
	8.61647 23.7074,
	8.61647 23.7127,
	8.61447 23.7234,
	8.61314 23.7288,
	8.61247 23.7314,
	8.61247 23.7327,
	8.61047 23.7354,
	8.61047 23.7367,
	8.60913 23.738,
	8.60447 23.7481,
	8.59713 23.7581,
	8.5918 23.7627,
	8.58713 23.766,
	8.5818 23.7707,
	8.57646 23.7741,
	8.57512 23.7741,
	8.5698 23.7774,
	8.56713 23.7794,
	8.54579 23.7881,
	8.54312 23.7888,
	8.54179 23.7888,
	8.54045 23.7901,
	8.51912 23.7974,
	8.51778 23.7974,
	8.51645 23.7987,
	8.51111 23.8001,
	8.50844 23.8001,
	8.50711 23.8014,
	8.50445 23.8014,
	8.50178 23.8028,
	8.49644 23.8034,
	8.49378 23.8034,
	8.48844 23.8054,
	8.47777 23.8074,
	8.47511 23.8087,
	8.46977 23.8087,
	8.4591 23.8114,
	"/>
</Transform>

<Transform dim="0"
 xcoef=" 0 1 0 0 0 0"
 ycoef=" 0 0 1 0 0 0">
<Contour name="d38sp13" hidden="false" closed="true" simplified="true" border="1 0 0" fill="1 0 0" mode="11"
 points="22.9957 23.6446,
	22.9809 23.6435,
	22.979 23.6435,
	22.9781 23.6417,
	22.9708 23.6408,
	22.9634 23.6381,
	22.9597 23.6381,
	22.9588 23.6362,
	22.9441 23.6298,
	22.9294 23.6252,
	22.922 23.6224,
	22.9147 23.6215,
	22.8999 23.6151,
	22.8963 23.6151,
	22.8889 23.6123,
	22.8852 23.6114,
	22.8834 23.6095,
	22.8539 23.6086,
	22.8392 23.6132,
	22.8355 23.6132,
	22.8346 23.6123,
	22.864 23.5902,
	22.8714 23.5847,
	22.8815 23.5718,
	22.8843 23.5645,
	22.887 23.5617,
	22.8916 23.547,
	22.8944 23.5396,
	22.8944 23.5101,
	22.8944 23.4954,
	22.8944 23.4918,
	22.8944 23.4899,
	22.8963 23.4881,
	22.8972 23.4807,
	22.8999 23.4734,
	22.9009 23.4715,
	22.9027 23.4734,
	22.9036 23.477,
	22.9082 23.4825,
	22.9091 23.4862,
	22.9147 23.4936,
	22.9156 23.4972,
	22.9156 23.4991,
	22.9257 23.5138,
	22.9303 23.5212,
	22.9303 23.523,
	22.9321 23.523,
	22.9349 23.5267,
	22.9349 23.5285,
	22.9543 23.5561,
	22.9588 23.5635,
	22.9606 23.5654,
	22.9606 23.5672,
	22.9643 23.5709,
	22.969 23.5783,
	22.969 23.5801,
	22.9717 23.5837,
	22.9735 23.5856,
	22.9735 23.5875,
	22.979 23.5939,
	22.9799 23.5976,
	22.9901 23.6104,
	22.9966 23.6243,
	22.9984 23.6279,
	22.9984 23.6353,
	22.9984 23.639,
	22.9966 23.6426,
	"/>
</Transform>

<Transform dim="0"
 xcoef=" 0 1 0 0 0 0"
 ycoef=" 0 0 1 0 0 0">
<Contour name="d39p27" hidden="false" closed="true" simplified="true" border="1 0 0" fill="1 0 0" mode="11"
 points="10.456 28.3559,
	10.4373 28.3372,
	10.456 28.3184,
	10.4748 28.3372,
	"/>
</Transform>

<Transform dim="0"
 xcoef=" 0 1 0 0 0 0"
 ycoef=" 0 0 1 0 0 0">
<Contour name="d28p20" hidden="false" closed="true" simplified="true" border="1 0 0" fill="1 0 0" mode="11"
 points="7.3759 23.9151,
	7.34809 23.8873,
	7.3759 23.8595,
	7.40371 23.8873,
	"/>
</Transform>

<Transform dim="0"
 xcoef=" 0 1 0 0 0 0"
 ycoef=" 0 0 1 0 0 0">
<Contour name="d28p19" hidden="false" closed="true" simplified="true" border="1 0 0" fill="1 0 0" mode="11"
 points="8.0987 23.7152,
	8.07486 23.6714,
	8.12254 23.6714,
	"/>
</Transform>

<Transform dim="0"
 xcoef=" 0 1 0 0 0 0"
 ycoef=" 0 0 1 0 0 0">
<Contour name="d38p13" hidden="false" closed="true" simplified="true" border="1 0 0" fill="1 0 0" mode="11"
 points="22.7446 23.5364,
	22.727 23.5188,
	22.7446 23.5011,
	22.7622 23.5188,
	"/>
</Transform>

<Transform dim="0"
 xcoef=" 0 1 0 0 0 0"
 ycoef=" 0 0 1 0 0 0">
<Contour name="d28cfa16" hidden="false" closed="false" simplified="true" border="0 1 0" fill="1 0 0" mode="11"
 points="7.3087 22.4146,
	7.30292 22.4174,
	7.29136 22.4209,
	7.27346 22.4261,
	7.25206 22.4307,
	7.22953 22.433,
	7.20584 22.4336,
	7.17579 22.4347,
	7.11683 22.4366,
	"/>
</Transform>

<Transform dim="0"
 xcoef=" 0 1 0 0 0 0"
 ycoef=" 0 0 1 0 0 0">
<Contour name="mito08" hidden="false" closed="false" simplified="true" border="1 0 0" fill="1 0 0" mode="11"
 points="22.4873 19.0945,
	22.3462 18.878,
	"/>
</Transform>

<Transform dim="0"
 xcoef=" 0 1 0 0 0 0"
 ycoef=" 0 0 1 0 0 0">
<Contour name="d28endos12_av" hidden="false" closed="true" simplified="true" border="1 0.502 0" fill="1 0 0" mode="11"
 points="7.47891 23.8005,
	7.47957 23.7924,
	7.48152 23.7845,
	7.48475 23.7768,
	7.48921 23.7694,
	7.49484 23.7624,
	7.50156 23.756,
	7.50928 23.7501,
	7.5179 23.7449,
	7.52731 23.7405,
	7.53737 23.7369,
	7.54794 23.7342,
	7.55889 23.7323,
	7.57007 23.7314,
	7.58133 23.7314,
	7.59251 23.7323,
	7.60346 23.7342,
	7.61404 23.7369,
	7.6241 23.7405,
	7.6335 23.7449,
	7.64212 23.7501,
	7.64985 23.756,
	7.65657 23.7624,
	7.6622 23.7694,
	7.66665 23.7768,
	7.66988 23.7845,
	7.67184 23.7924,
	7.67249 23.8005,
	7.67184 23.8085,
	7.66988 23.8164,
	7.66665 23.8242,
	7.6622 23.8315,
	7.65657 23.8385,
	7.64985 23.845,
	7.64212 23.8508,
	7.6335 23.856,
	7.6241 23.8604,
	7.61404 23.864,
	7.60346 23.8668,
	7.59251 23.8687,
	7.58133 23.8696,
	7.57007 23.8696,
	7.55889 23.8687,
	7.54794 23.8668,
	7.53737 23.864,
	7.52731 23.8604,
	7.5179 23.856,
	7.50928 23.8508,
	7.50156 23.845,
	7.49484 23.8385,
	7.48921 23.8315,
	7.48475 23.8242,
	7.48152 23.8164,
	"/>
</Transform>

<Transform dim="0"
 xcoef=" 0 1 0 0 0 0"
 ycoef=" 0 0 1 0 0 0">
<Contour name="d39sah25" hidden="false" closed="true" simplified="false" border="1 0 0" fill="0 1 0" mode="-11"
 points="11.4602 27.5945,
	11.4602 27.5826,
	11.4721 27.5826,
	11.4721 27.5707,
	11.484 27.5707,
	11.484 27.5826,
	11.4959 27.5826,
	11.4959 27.5945,
	11.484 27.5945,
	11.484 27.6064,
	11.4721 27.6064,
	11.4721 27.5945,
	"/>
</Transform>

<Transform dim="0"
 xcoef=" 0 1 0 0 0 0"
 ycoef=" 0 0 1 0 0 0">
<Contour name="mito08_php2016" hidden="false" closed="false" simplified="true" border="1 0.501961 0.25098" fill="1 0 0" mode="11"
 points="22.3271 18.8926,
	22.4478 19.1082,
	"/>
</Transform>

<Transform dim="0"
 xcoef=" 0 1 0 0 0 0"
 ycoef=" 0 0 1 0 0 0">
<Contour name="d63" comment="dch_traced_06.2019" hidden="false" closed="true" simplified="true" border="1 1 0" fill="1 1 0" mode="11"
 points="19.2556 26.7795,
	19.2634 26.7547,
	19.2743 26.7299,
	19.2882 26.7051,
	19.2991 26.6927,
	19.3239 26.6756,
	19.3487 26.6679,
	19.3735 26.6679,
	19.3859 26.6679,
	19.4107 26.6741,
	19.417 26.6756,
	19.4418 26.6663,
	19.4542 26.657,
	19.4728 26.6322,
	19.5178 26.5826,
	19.5674 26.5531,
	19.617 26.5267,
	19.6667 26.4926,
	19.6915 26.4771,
	19.6977 26.4724,
	19.7473 26.4693,
	19.7535 26.4678,
	19.7659 26.46,
	19.7907 26.4507,
	19.89 26.4492,
	19.9396 26.4445,
	19.9893 26.443,
	20.0389 26.4445,
	20.0885 26.4554,
	20.1133 26.4662,
	20.1614 26.5019,
	20.1862 26.5159,
	20.1987 26.5221,
	20.2235 26.5298,
	20.2483 26.5407,
	20.2607 26.55,
	20.2995 26.5965,
	20.3119 26.6089,
	20.3367 26.6275,
	20.3491 26.64,
	20.3538 26.6462,
	20.3553 26.671,
	20.3522 26.7206,
	20.3538 26.7702,
	20.3491 26.7826,
	20.3336 26.8059,
	20.3258 26.8183,
	20.3212 26.8431,
	20.3181 26.8928,
	20.3134 26.9176,
	20.3134 26.9672,
	20.3119 26.9796,
	20.3072 26.992,
	20.3072 26.9951,
	20.2871 27.0199,
	20.2747 27.0308,
	20.1754 27.0866,
	20.1258 27.1161,
	20.0901 27.1657,
	20.0839 27.1781,
	20.0808 27.1812,
	20.0808 27.1844,
	20.0653 27.2092,
	20.0575 27.22,
	20.0327 27.2448,
	20.028 27.251,
	20.0218 27.2541,
	20.0094 27.265,
	19.997 27.2712,
	19.9722 27.2759,
	19.9474 27.2774,
	19.935 27.2759,
	19.9226 27.2712,
	19.9102 27.2588,
	19.9024 27.2464,
	19.8978 27.234,
	19.89 27.2231,
	19.8838 27.2185,
	19.8776 27.2185,
	19.8698 27.2433,
	19.8683 27.2495,
	19.8574 27.2604,
	19.8512 27.2635,
	19.8264 27.2635,
	19.7768 27.2541,
	19.7272 27.2402,
	19.7023 27.2185,
	19.6992 27.2154,
	19.6744 27.2092,
	19.662 27.2045,
	19.6558 27.1999,
	19.6527 27.1968,
	19.6543 27.1844,
	19.6605 27.1719,
	19.6605 27.1688,
	19.648 27.1595,
	19.6356 27.1549,
	19.6108 27.1549,
	19.5984 27.1533,
	19.586 27.1471,
	19.5767 27.1378,
	19.5658 27.1254,
	19.5488 27.1006,
	19.541 27.0882,
	19.5348 27.082,
	19.5317 27.0758,
	19.5193 27.0634,
	19.5007 27.0432,
	19.4883 27.0324,
	19.4759 27.0246,
	19.4635 27.0137,
	19.4511 27.006,
	19.4449 26.9998,
	19.4387 26.9967,
	19.4263 26.9843,
	19.417 26.9719,
	19.4107 26.9595,
	19.4076 26.947,
	19.3937 26.9222,
	19.3844 26.9114,
	19.3782 26.9052,
	19.3534 26.8912,
	19.341 26.885,
	19.3347 26.8804,
	19.3285 26.8788,
	19.3161 26.8695,
	19.3099 26.8664,
	19.3037 26.8602,
	19.2975 26.8571,
	19.2727 26.8369,
	19.2619 26.8245,
	19.2572 26.8121,
	19.2556 26.7873,
	19.2556 26.7811,
	"/>
</Transform>

</Section>