<?xml version="1.0"?>
<!DOCTYPE Section SYSTEM "section.dtd">

<Section index="144" thickness="0.048" alignLocked="true">
<Transform dim="0"
 xcoef=" 0 1 0 0 0 0"
 ycoef=" 0 0 1 0 0 0">
<Image mag="0.002063" contrast="1.83164" brightness="-0.18" red="true" green="true" blue="true"
 src="145____z7.344.jpg" />
<Contour name="domain1" hidden="false" closed="true" simplified="false" border="1 0 1" fill="1 0 1" mode="11"
 points="0 0,
	17236 0,
	17236 17077,
	0 17077,
	"/>
</Transform>

<Transform dim="0"
 xcoef=" 0 1 0 0 0 0"
 ycoef=" 0 0 1 0 0 0">
<Contour name="D39" hidden="false" closed="true" simplified="true" border="0 0 1" fill="0 0 1" mode="11"
 points="10.9459 28.3734,
	10.8946 28.3654,
	10.8483 28.3417,
	10.8115 28.3049,
	10.7798 28.2073,
	10.7879 28.156,
	10.8115 28.1097,
	10.8483 28.0729,
	10.8946 28.0492,
	10.9459 28.0412,
	10.9973 28.0492,
	11.0436 28.0729,
	11.0803 28.1097,
	11.104 28.156,
	11.112 28.2073,
	11.104 28.2586,
	11.0803 28.3049,
	11.0436 28.3417,
	10.9973 28.3654,
	"/>
</Transform>

<Transform dim="0"
 xcoef=" 0 1 0 0 0 0"
 ycoef=" 0 0 1 0 0 0">
<Contour name="D56" hidden="false" closed="true" simplified="true" border="1 0 0" fill="1 0 0" mode="11"
 points="23.7421 23.5642,
	23.6989 23.5573,
	23.6599 23.5375,
	23.6289 23.5065,
	23.6022 23.4243,
	23.6091 23.381,
	23.6289 23.342,
	23.6599 23.3111,
	23.6989 23.2912,
	23.7421 23.2843,
	23.7853 23.2912,
	23.8244 23.3111,
	23.8553 23.342,
	23.8752 23.381,
	23.8821 23.4243,
	23.8752 23.4675,
	23.8553 23.5065,
	23.8244 23.5375,
	23.7853 23.5573,
	"/>
</Transform>

<Transform dim="0"
 xcoef=" 0 1 0 0 0 0"
 ycoef=" 0 0 1 0 0 0">
<Contour name="D31" hidden="false" closed="true" simplified="true" border="0 0 1" fill="0 0 1" mode="11"
 points="13.4345 20.9731,
	13.3808 20.9641,
	13.3323 20.9379,
	13.2938 20.8972,
	13.2606 20.789,
	13.2691 20.7322,
	13.2938 20.6808,
	13.3323 20.64,
	13.3808 20.6138,
	13.4345 20.6049,
	13.4883 20.6138,
	13.5367 20.64,
	13.5752 20.6808,
	13.5999 20.7322,
	13.6084 20.789,
	13.5999 20.8459,
	13.5752 20.8972,
	13.5367 20.9379,
	13.4883 20.9641,
	"/>
</Transform>

<Transform dim="0"
 xcoef=" 0 1 0 0 0 0"
 ycoef=" 0 0 1 0 0 0">
<Contour name="D28" hidden="false" closed="true" simplified="true" border="0 0 1" fill="0 0 1" mode="11"
 points="7.18846 23.6919,
	7.13981 23.685,
	7.09594 23.6652,
	7.06111 23.6343,
	7.03105 23.552,
	7.03875 23.5088,
	7.06111 23.4697,
	7.09594 23.4388,
	7.13981 23.419,
	7.18846 23.4121,
	7.2371 23.419,
	7.28099 23.4388,
	7.3158 23.4697,
	7.33817 23.5088,
	7.34587 23.552,
	7.33817 23.5952,
	7.3158 23.6343,
	7.28099 23.6652,
	7.2371 23.685,
	"/>
</Transform>

<Transform dim="0"
 xcoef=" 0 1 0 0 0 0"
 ycoef=" 0 0 1 0 0 0">
<Contour name="D38" hidden="false" closed="true" simplified="true" border="1 0 0" fill="1 0 0" mode="11"
 points="22.0904 23.7005,
	22.039 23.6932,
	21.9927 23.6721,
	21.9559 23.6391,
	21.9242 23.5518,
	21.9323 23.5059,
	21.9559 23.4644,
	21.9927 23.4315,
	22.039 23.4104,
	22.0904 23.4031,
	22.1416 23.4104,
	22.188 23.4315,
	22.2247 23.4644,
	22.2484 23.5059,
	22.2565 23.5518,
	22.2484 23.5977,
	22.2247 23.6391,
	22.188 23.6721,
	22.1416 23.6932,
	"/>
</Transform>

<Transform dim="0"
 xcoef=" 0 1 0 0 0 0"
 ycoef=" 0 0 1 0 0 0">
<Contour name="D01" hidden="false" closed="true" simplified="true" border="1 1 0" fill="1 1 0" mode="11"
 points="15.7488 26.2314,
	15.6982 26.2249,
	15.6526 26.206,
	15.6163 26.1766,
	15.5851 26.0983,
	15.5932 26.0572,
	15.6163 26.0202,
	15.6526 25.9908,
	15.6982 25.9719,
	15.7488 25.9654,
	15.7993 25.9719,
	15.845 25.9908,
	15.8812 26.0202,
	15.9045 26.0572,
	15.9124 26.0983,
	15.9045 26.1394,
	15.8812 26.1766,
	15.845 26.206,
	15.7993 26.2249,
	"/>
</Transform>

<Transform dim="0"
 xcoef=" 0 1 0 0 0 0"
 ycoef=" 0 0 1 0 0 0">
<Contour name="D63" hidden="false" closed="true" simplified="true" border="1 0 0" fill="1 0 0" mode="11"
 points="19.867 26.9515,
	19.8445 26.9488,
	19.8241 26.9408,
	19.808 26.9285,
	19.794 26.8955,
	19.7977 26.8782,
	19.808 26.8626,
	19.8241 26.8502,
	19.8445 26.8423,
	19.867 26.8395,
	19.8896 26.8423,
	19.9099 26.8502,
	19.9261 26.8626,
	19.9364 26.8782,
	19.94 26.8955,
	19.9364 26.9129,
	19.9261 26.9285,
	19.9099 26.9408,
	19.8896 26.9488,
	"/>
</Transform>

<Transform dim="0"
 xcoef=" 0 1 0 0 0 0"
 ycoef=" 0 0 1 0 0 0">
<Contour name="d28" hidden="false" closed="true" simplified="true" border="1 1 0" fill="1 1 0" mode="11"
 points="7.39826 23.8901,
	7.30496 23.889,
	7.28162 23.889,
	7.2583 23.8883,
	7.24664 23.8876,
	7.24372 23.8876,
	7.23205 23.885,
	7.22622 23.8835,
	7.22039 23.8813,
	7.21893 23.881,
	7.21821 23.8795,
	7.21529 23.8795,
	7.21238 23.8788,
	7.18904 23.8689,
	7.17738 23.8653,
	7.17155 23.8635,
	7.16572 23.861,
	7.1628 23.8603,
	7.15989 23.8603,
	7.15406 23.8584,
	7.15113 23.8574,
	7.12781 23.8529,
	7.12198 23.8518,
	7.09864 23.8518,
	7.07532 23.8507,
	7.06366 23.85,
	7.05782 23.8493,
	7.05491 23.8493,
	7.04908 23.8471,
	7.04616 23.8453,
	7.04325 23.8428,
	7.04032 23.842,
	7.03741 23.8398,
	7.03449 23.8391,
	7.02283 23.8289,
	7.01991 23.8263,
	7.01664 23.8205,
	7.01153 23.8147,
	7.01043 23.8117,
	7.01043 23.8088,
	7.00825 23.8059,
	7.0046 23.7942,
	7.00242 23.7884,
	6.99076 23.7651,
	6.98893 23.7622,
	6.98601 23.7593,
	6.97946 23.7476,
	6.97545 23.7417,
	6.97363 23.7388,
	6.97253 23.7271,
	6.97253 23.7242,
	6.97253 23.7228,
	6.97435 23.7199,
	6.97509 23.717,
	6.98092 23.7111,
	6.98274 23.7082,
	6.98493 23.7024,
	6.98493 23.6965,
	6.98419 23.6936,
	6.98383 23.6922,
	6.98237 23.6908,
	6.98054 23.6849,
	6.97946 23.682,
	6.97581 23.6762,
	6.96998 23.6717,
	6.96415 23.6688,
	6.96123 23.6677,
	6.94957 23.6677,
	6.9379 23.6667,
	6.93207 23.6659,
	6.92989 23.6659,
	6.92624 23.6601,
	6.92114 23.6485,
	6.91895 23.6456,
	6.91677 23.6339,
	6.91567 23.628,
	6.91531 23.6222,
	6.91531 23.6208,
	6.90729 23.5974,
	6.90547 23.5916,
	6.90036 23.5682,
	6.8989 23.5624,
	6.8978 23.5596,
	6.89671 23.558,
	6.89635 23.5573,
	6.89489 23.5569,
	6.89635 23.5555,
	6.89671 23.5547,
	6.87995 23.5081,
	6.87157 23.4848,
	6.8639 23.4615,
	6.86209 23.4556,
	6.86063 23.4527,
	6.85735 23.4293,
	6.85662 23.4236,
	6.85662 23.4178,
	6.85625 23.4148,
	6.84969 23.3915,
	6.84787 23.3856,
	6.84313 23.3623,
	6.84058 23.3507,
	6.83876 23.3478,
	6.8322 23.3244,
	6.8311 23.3186,
	6.8311 23.3172,
	6.826 23.3113,
	6.81433 23.3014,
	6.8085 23.2985,
	6.78518 23.2818,
	6.76185 23.2661,
	6.75018 23.2566,
	6.74872 23.2537,
	6.74618 23.2522,
	6.74472 23.2512,
	6.73816 23.2395,
	6.7367 23.2366,
	6.7356 23.2249,
	6.7356 23.222,
	6.7356 23.2213,
	6.7356 23.2209,
	6.73852 23.218,
	6.73961 23.2165,
	6.74107 23.2107,
	6.74618 23.199,
	6.75237 23.1757,
	6.75383 23.1698,
	6.75493 23.1669,
	6.76148 23.1553,
	6.76221 23.1538,
	6.76513 23.152,
	6.76805 23.1509,
	6.7695 23.1502,
	6.77242 23.1502,
	6.77388 23.1498,
	6.77533 23.1484,
	6.79866 23.1484,
	6.81033 23.148,
	6.82199 23.1469,
	6.84532 23.1425,
	6.85115 23.1411,
	6.85406 23.1403,
	6.86573 23.1353,
	6.87157 23.1324,
	6.8774 23.1315,
	6.87885 23.1315,
	6.90218 23.1229,
	6.90801 23.1207,
	6.95467 23.1083,
	6.96633 23.105,
	6.97217 23.1031,
	6.97509 23.102,
	6.98675 23.1013,
	7.01007 23.0973,
	7.02173 23.0951,
	7.03341 23.0941,
	7.05673 23.0933,
	7.06839 23.0926,
	7.07131 23.0923,
	7.09464 23.0835,
	7.10047 23.0809,
	7.11213 23.0743,
	7.1238 23.0667,
	7.12671 23.0645,
	7.13837 23.0587,
	7.1413 23.0572,
	7.14421 23.0543,
	7.14713 23.0536,
	7.15879 23.0471,
	7.17045 23.0415,
	7.17628 23.0397,
	7.17774 23.0386,
	7.1894 23.0368,
	7.19232 23.0365,
	7.21565 23.0386,
	7.22148 23.039,
	7.24481 23.0437,
	7.25648 23.0462,
	7.26231 23.0478,
	7.27397 23.0518,
	7.2798 23.0539,
	7.28272 23.0547,
	7.28418 23.055,
	7.28491 23.055,
	7.28564 23.0565,
	7.28637 23.0572,
	7.29803 23.0605,
	7.29949 23.0613,
	7.3024 23.0616,
	7.31407 23.0692,
	7.3199 23.0732,
	7.32573 23.0766,
	7.33156 23.0791,
	7.33739 23.0827,
	7.34323 23.0842,
	7.35489 23.0894,
	7.36655 23.0933,
	7.37239 23.0948,
	7.39571 23.1072,
	7.40155 23.1101,
	7.41321 23.1178,
	7.41904 23.1218,
	7.42487 23.1268,
	7.43071 23.1312,
	7.43654 23.1349,
	7.44237 23.1367,
	7.44383 23.1371,
	7.44674 23.1396,
	7.45257 23.1411,
	7.4555 23.1421,
	7.45696 23.1429,
	7.45841 23.1443,
	7.45914 23.145,
	7.46205 23.1458,
	7.46351 23.1462,
	7.46934 23.1498,
	7.4708 23.1502,
	7.47153 23.1502,
	7.47736 23.1542,
	7.48903 23.1592,
	7.51236 23.1662,
	7.51819 23.1684,
	7.52111 23.1702,
	7.53277 23.1735,
	7.54443 23.1775,
	7.55026 23.1797,
	7.55609 23.1826,
	7.55901 23.1837,
	7.56192 23.1841,
	7.56485 23.1862,
	7.58817 23.1965,
	7.594 23.1983,
	7.59546 23.1986,
	7.60129 23.1976,
	7.60421 23.1972,
	7.61587 23.1983,
	7.62171 23.2008,
	7.62463 23.2019,
	7.63629 23.2089,
	7.65961 23.2191,
	7.66544 23.2213,
	7.6771 23.2271,
	7.68878 23.2307,
	7.70044 23.2351,
	7.70627 23.2369,
	7.72959 23.2472,
	7.73543 23.2497,
	7.73835 23.2512,
	7.74127 23.2533,
	7.74272 23.2548,
	7.74564 23.2559,
	7.7573 23.265,
	7.78062 23.285,
	7.78354 23.2879,
	7.785 23.2891,
	7.78791 23.2898,
	7.78974 23.2924,
	7.79047 23.2938,
	7.8138 23.3127,
	7.83712 23.3328,
	7.84296 23.3379,
	7.86629 23.3554,
	7.87212 23.3598,
	7.87504 23.3623,
	7.87795 23.3634,
	7.88961 23.3718,
	7.89544 23.3751,
	7.90711 23.3798,
	7.91294 23.382,
	7.93627 23.3831,
	7.9596 23.3824,
	7.97126 23.3901,
	7.9771 23.3944,
	7.97856 23.3955,
	7.98001 23.3984,
	7.98074 23.3998,
	7.99022 23.4115,
	7.99131 23.413,
	7.99277 23.4188,
	7.99386 23.4217,
	7.99714 23.4275,
	7.99896 23.4392,
	7.99933 23.4421,
	7.99714 23.4655,
	7.99641 23.4772,
	7.99641 23.4888,
	7.99605 23.4946,
	7.99677 23.5063,
	7.99751 23.5121,
	7.99896 23.518,
	7.99933 23.5209,
	7.99933 23.5223,
	8.00152 23.5281,
	8.00224 23.5296,
	8.00224 23.5326,
	8.00625 23.5443,
	8.00735 23.5471,
	8.00735 23.55,
	8.01063 23.5617,
	8.01172 23.5646,
	8.01245 23.5763,
	8.01282 23.5792,
	8.00917 23.5909,
	8.0037 23.6026,
	8.00078 23.6084,
	7.99933 23.6112,
	7.99787 23.6127,
	7.99714 23.6141,
	7.99714 23.6157,
	7.98876 23.6273,
	7.98657 23.6303,
	7.98001 23.6419,
	7.97856 23.6448,
	7.976 23.6477,
	7.97345 23.6535,
	7.97235 23.6564,
	7.96871 23.6623,
	7.95997 23.6856,
	7.95778 23.6915,
	7.95486 23.7032,
	7.95376 23.7061,
	7.95049 23.7118,
	7.94793 23.7177,
	7.94684 23.7206,
	7.94648 23.7221,
	7.92315 23.7403,
	7.87649 23.7746,
	7.86483 23.7818,
	7.86192 23.7836,
	7.85608 23.7859,
	7.84441 23.7924,
	7.83858 23.7957,
	7.83567 23.7971,
	7.82984 23.8016,
	7.824 23.8041,
	7.81234 23.811,
	7.80651 23.8147,
	7.8036 23.8165,
	7.80067 23.8172,
	7.77735 23.834,
	7.76569 23.8416,
	7.75985 23.8439,
	7.75694 23.8453,
	7.75111 23.8493,
	7.74818 23.8504,
	7.74528 23.8507,
	7.74381 23.8507,
	7.73215 23.8551,
	7.72923 23.8562,
	7.72777 23.8562,
	7.72486 23.8584,
	7.70153 23.8639,
	7.6957 23.8653,
	7.64905 23.8693,
	7.63738 23.8704,
	7.61405 23.8716,
	7.60822 23.8719,
	7.58489 23.8763,
	7.57322 23.8788,
	7.56739 23.8806,
	7.56448 23.8821,
	7.55281 23.8821,
	7.54115 23.881,
	7.53532 23.8803,
	7.52949 23.8781,
	7.52657 23.8777,
	7.5149 23.8784,
	7.49158 23.8821,
	7.46826 23.8839,
	7.45658 23.8846,
	7.44492 23.8846,
	7.43326 23.8858,
	7.40994 23.889,
	"/>
</Transform>

<Transform dim="0"
 xcoef=" 0 1 0 0 0 0"
 ycoef=" 0 0 1 0 0 0">
<Contour name="d39" hidden="false" closed="true" simplified="true" border="1 1 0" fill="1 1 0" mode="11"
 points="10.7848 28.4744,
	10.7711 28.4727,
	10.7676 28.4718,
	10.765 28.4693,
	10.7513 28.4659,
	10.7445 28.4625,
	10.7376 28.4615,
	10.7101 28.4701,
	10.7033 28.4718,
	10.6758 28.4735,
	10.6484 28.4735,
	10.6346 28.4727,
	10.6278 28.4718,
	10.6209 28.4693,
	10.614 28.4684,
	10.5866 28.459,
	10.5797 28.4573,
	10.5763 28.4564,
	10.5703 28.4521,
	10.5669 28.4521,
	10.5394 28.441,
	10.536 28.4401,
	10.5343 28.4401,
	10.5317 28.4376,
	10.53 28.4376,
	10.5283 28.4359,
	10.5214 28.435,
	10.5154 28.4315,
	10.5017 28.4281,
	10.4742 28.4169,
	10.4673 28.4135,
	10.4639 28.411,
	10.4365 28.3998,
	10.3815 28.3809,
	10.3747 28.3784,
	10.3713 28.3767,
	10.3687 28.3732,
	10.3652 28.3715,
	10.3584 28.3647,
	10.3541 28.3577,
	10.3515 28.3543,
	10.3498 28.3526,
	10.3489 28.3492,
	10.3464 28.3457,
	10.3438 28.3182,
	10.3455 28.2908,
	10.3455 28.284,
	10.3455 28.2806,
	10.3541 28.2531,
	10.3567 28.2462,
	10.3584 28.2325,
	10.3575 28.2256,
	10.3515 28.2119,
	10.3464 28.205,
	10.3447 28.1982,
	10.3412 28.1913,
	10.3412 28.1879,
	10.3386 28.1853,
	10.3386 28.1819,
	10.3369 28.1802,
	10.3369 28.1665,
	10.3369 28.1648,
	10.3369 28.1639,
	10.3404 28.1604,
	10.3412 28.1536,
	10.3421 28.1502,
	10.3421 28.1484,
	10.3438 28.1475,
	10.3455 28.1407,
	10.3541 28.127,
	10.379 28.0995,
	10.4021 28.0721,
	10.4124 28.0592,
	10.4244 28.0454,
	10.4244 28.0437,
	10.4279 28.042,
	10.4356 28.0283,
	10.4399 28.0146,
	10.4425 27.9871,
	10.4416 27.9322,
	10.4416 27.9185,
	10.4373 27.891,
	10.4356 27.8773,
	10.4347 27.8705,
	10.4373 27.8567,
	10.439 27.855,
	10.4416 27.8481,
	10.4476 27.8421,
	10.451 27.8387,
	10.4579 27.837,
	10.4854 27.8396,
	10.4922 27.8404,
	10.4956 27.8413,
	10.4991 27.8404,
	10.5059 27.8361,
	10.5111 27.8293,
	10.5145 27.8224,
	10.5188 27.8096,
	10.5205 27.8027,
	10.5205 27.7992,
	10.5291 27.7864,
	10.53 27.7847,
	10.5334 27.7838,
	10.536 27.7813,
	10.5634 27.776,
	10.5909 27.7675,
	10.5943 27.7675,
	10.6012 27.7632,
	10.6286 27.7555,
	10.6355 27.7538,
	10.6389 27.7529,
	10.6406 27.7529,
	10.6424 27.7512,
	10.6698 27.7452,
	10.6835 27.7409,
	10.687 27.7401,
	10.6887 27.7384,
	10.6921 27.7384,
	10.6956 27.7357,
	10.699 27.7357,
	10.7024 27.7331,
	10.7058 27.7331,
	10.7127 27.7297,
	10.7196 27.7289,
	10.747 27.7194,
	10.7487 27.7194,
	10.7513 27.7169,
	10.7582 27.7169,
	10.8131 27.7057,
	10.8405 27.7014,
	10.868 27.6989,
	10.8954 27.6989,
	10.9092 27.698,
	10.9126 27.698,
	10.9263 27.704,
	10.9332 27.7057,
	10.9366 27.7082,
	10.9504 27.7126,
	10.9641 27.7203,
	10.971 27.7229,
	10.9744 27.7255,
	10.9778 27.7255,
	10.9847 27.7297,
	10.9881 27.7314,
	10.9898 27.7314,
	11.0036 27.7392,
	11.007 27.7401,
	11.0096 27.7426,
	11.0233 27.746,
	11.0301 27.7503,
	11.0336 27.7521,
	11.037 27.7521,
	11.0404 27.7546,
	11.0679 27.7632,
	11.0816 27.7692,
	11.0953 27.7735,
	11.1022 27.776,
	11.1039 27.776,
	11.1074 27.7786,
	11.1108 27.7794,
	11.1382 27.7941,
	11.1417 27.7941,
	11.1485 27.7975,
	11.176 27.8224,
	11.182 27.8284,
	11.2094 27.8438,
	11.2163 27.8455,
	11.2232 27.8516,
	11.2266 27.8584,
	11.2284 27.8618,
	11.2284 27.8635,
	11.2309 27.867,
	11.2318 27.8705,
	11.2343 27.8739,
	11.2352 27.8773,
	11.2377 27.8808,
	11.2421 27.8945,
	11.2421 27.8979,
	11.2447 27.9047,
	11.2455 27.9116,
	11.2481 27.9185,
	11.2498 27.922,
	11.2498 27.9237,
	11.2515 27.9245,
	11.2515 27.9262,
	11.254 27.9288,
	11.254 27.9305,
	11.2609 27.9356,
	11.2644 27.9383,
	11.2781 27.9408,
	11.285 27.9425,
	11.2918 27.9468,
	11.2935 27.9468,
	11.3004 27.9537,
	11.3038 27.9571,
	11.3055 27.9639,
	11.3064 27.9674,
	11.3184 27.9811,
	11.3322 27.9922,
	11.3356 27.9949,
	11.339 27.9957,
	11.3459 28.0008,
	11.3596 28.0043,
	11.3733 28.0043,
	11.3802 28.0017,
	11.3871 27.9974,
	11.3905 27.9949,
	11.3939 27.994,
	11.3973 27.9914,
	11.411 27.9914,
	11.4248 27.9932,
	11.4317 27.9949,
	11.4351 27.9949,
	11.4625 28.0137,
	11.4763 28.0223,
	11.4832 28.0275,
	11.4969 28.0343,
	11.5003 28.0361,
	11.5037 28.0395,
	11.5071 28.0403,
	11.5124 28.0463,
	11.5175 28.0592,
	11.5183 28.0626,
	11.5209 28.0661,
	11.5217 28.0695,
	11.5217 28.0712,
	11.5243 28.0746,
	11.5243 28.0781,
	11.5286 28.0849,
	11.5286 28.0883,
	11.5338 28.1021,
	11.5355 28.1055,
	11.5363 28.1124,
	11.5389 28.1192,
	11.5398 28.1329,
	11.5389 28.1467,
	11.5338 28.1604,
	11.5321 28.1639,
	11.5321 28.1913,
	11.5321 28.205,
	11.5286 28.2187,
	11.5278 28.2256,
	11.5175 28.2531,
	11.5158 28.2565,
	11.5097 28.2634,
	11.5029 28.2677,
	11.4995 28.2702,
	11.496 28.2711,
	11.4943 28.2728,
	11.4668 28.2823,
	11.4531 28.2848,
	11.4497 28.2865,
	11.4463 28.2865,
	11.4429 28.2882,
	11.4291 28.2891,
	11.4222 28.2899,
	11.4188 28.2899,
	11.4051 28.2977,
	11.3983 28.302,
	11.3913 28.3045,
	11.3776 28.3072,
	11.3708 28.3089,
	11.3571 28.3165,
	11.3501 28.3235,
	11.3364 28.3337,
	11.3305 28.3389,
	11.3287 28.3389,
	11.327 28.3406,
	11.3252 28.3406,
	11.3235 28.3423,
	11.3167 28.3432,
	11.3098 28.3457,
	11.2961 28.3474,
	11.2893 28.3501,
	11.2618 28.3689,
	11.2481 28.3749,
	11.2206 28.3757,
	11.2138 28.3757,
	11.2001 28.3818,
	11.1931 28.3869,
	11.1914 28.3869,
	11.1889 28.3903,
	11.1872 28.3903,
	11.1846 28.3938,
	11.1828 28.3938,
	11.1691 28.4075,
	11.1623 28.4135,
	11.1589 28.4161,
	11.1554 28.4161,
	11.152 28.4186,
	11.1245 28.4213,
	11.097 28.4221,
	11.0696 28.4178,
	11.0628 28.4178,
	11.0559 28.4204,
	11.049 28.4247,
	11.0456 28.4272,
	11.0422 28.4281,
	11.0387 28.4315,
	11.0319 28.4342,
	11.0181 28.4427,
	11.0113 28.4461,
	11.0078 28.4487,
	10.9941 28.4547,
	10.9907 28.4573,
	10.977 28.4615,
	10.9701 28.465,
	10.9564 28.465,
	10.9495 28.4659,
	10.9358 28.4633,
	10.922 28.459,
	10.8946 28.4547,
	10.8809 28.453,
	10.8671 28.453,
	10.8603 28.4547,
	10.8466 28.4607,
	10.8397 28.4659,
	10.8122 28.4718,
	"/>
</Transform>

<Transform dim="0"
 xcoef=" 0 1 0 0 0 0"
 ycoef=" 0 0 1 0 0 0">
<Contour name="d56" hidden="false" closed="true" simplified="true" border="0 0 0" fill="0 0 0" mode="11"
 points="24.0429 23.7799,
	24.0053 23.774,
	23.9864 23.7681,
	23.9676 23.7599,
	23.9581 23.7563,
	23.9534 23.754,
	23.9346 23.754,
	23.9252 23.7551,
	23.9064 23.7622,
	23.8875 23.7634,
	23.8687 23.7622,
	23.8499 23.7563,
	23.831 23.7481,
	23.8122 23.7352,
	23.8075 23.7317,
	23.7886 23.7305,
	23.7793 23.7293,
	23.7699 23.7257,
	23.7675 23.7257,
	23.7486 23.7081,
	23.7404 23.6998,
	23.7216 23.6893,
	23.7122 23.6833,
	23.7099 23.6833,
	23.7051 23.6798,
	23.6675 23.6704,
	23.658 23.6692,
	23.6392 23.6622,
	23.6298 23.6563,
	23.6275 23.6539,
	23.6228 23.6528,
	23.6051 23.6398,
	23.5957 23.6351,
	23.5592 23.6092,
	23.5416 23.5963,
	23.5321 23.5916,
	23.5228 23.5845,
	23.5192 23.5822,
	23.5015 23.5657,
	23.4933 23.5574,
	23.4874 23.5481,
	23.4827 23.5457,
	23.4768 23.5363,
	23.4674 23.5268,
	23.4309 23.5022,
	23.4262 23.4986,
	23.4215 23.4974,
	23.4121 23.4904,
	23.4027 23.4881,
	23.4003 23.4856,
	23.3932 23.4856,
	23.3885 23.4821,
	23.3697 23.4739,
	23.3603 23.4668,
	23.358 23.4668,
	23.3485 23.4587,
	23.3462 23.4539,
	23.3473 23.4351,
	23.3485 23.4256,
	23.3497 23.421,
	23.3485 23.4163,
	23.3392 23.408,
	23.3297 23.4022,
	23.325 23.3986,
	23.2874 23.3856,
	23.2686 23.3751,
	23.2638 23.3727,
	23.2614 23.3727,
	23.2239 23.3432,
	23.2144 23.3351,
	23.2109 23.3303,
	23.2073 23.3279,
	23.1897 23.3103,
	23.1744 23.2915,
	23.1638 23.2726,
	23.1603 23.2538,
	23.1591 23.2444,
	23.1556 23.235,
	23.1508 23.2315,
	23.1132 23.2174,
	23.0943 23.202,
	23.0873 23.1927,
	23.0802 23.1856,
	23.0779 23.1809,
	23.0755 23.1621,
	23.0755 23.1573,
	23.0755 23.155,
	23.0755 23.1538,
	23.079 23.1444,
	23.079 23.1397,
	23.0838 23.1302,
	23.092 23.1221,
	23.0967 23.1209,
	23.1049 23.1126,
	23.112 23.0938,
	23.1167 23.0749,
	23.1191 23.0702,
	23.1191 23.0679,
	23.1214 23.0656,
	23.1226 23.0561,
	23.1273 23.0468,
	23.1379 23.0091,
	23.1461 22.9903,
	23.1521 22.9808,
	23.1556 22.9714,
	23.1685 22.9526,
	23.1755 22.9431,
	23.1779 22.9385,
	23.1968 22.9278,
	23.2061 22.9232,
	23.2156 22.9208,
	23.2202 22.9184,
	23.2297 22.9172,
	23.2485 22.9102,
	23.2579 22.909,
	23.2767 22.9031,
	23.3144 22.8973,
	23.3239 22.8938,
	23.3286 22.8938,
	23.3473 22.8808,
	23.3521 22.8785,
	23.3674 22.8596,
	23.3709 22.8549,
	23.3721 22.8502,
	23.3839 22.8313,
	23.3874 22.822,
	23.4015 22.8031,
	23.4109 22.7961,
	23.4203 22.7926,
	23.4957 22.789,
	23.5145 22.7901,
	23.5522 22.7984,
	23.5898 22.8102,
	23.5992 22.816,
	23.6087 22.8184,
	23.6463 22.8338,
	23.651 22.8349,
	23.6534 22.8349,
	23.6557 22.8373,
	23.6604 22.8373,
	23.6627 22.8396,
	23.6816 22.8431,
	23.691 22.8479,
	23.7287 22.8561,
	23.7663 22.8596,
	23.8039 22.8572,
	23.8793 22.8596,
	23.9169 22.8607,
	23.9358 22.862,
	23.9546 22.8679,
	23.9641 22.8714,
	23.9664 22.8714,
	23.9687 22.8737,
	24.0064 22.882,
	24.0158 22.8843,
	24.0205 22.8855,
	24.0229 22.8855,
	24.0276 22.889,
	24.0299 22.889,
	24.0347 22.8926,
	24.0393 22.8938,
	24.0488 22.8996,
	24.0535 22.9019,
	24.0617 22.9114,
	24.0664 22.9161,
	24.0782 22.935,
	24.0958 22.9526,
	24.1005 22.9573,
	24.1194 22.9679,
	24.1382 22.9762,
	24.1759 22.9878,
	24.2135 23.0044,
	24.2183 23.0079,
	24.2276 23.0114,
	24.2324 23.0149,
	24.2371 23.0149,
	24.2417 23.0185,
	24.2606 23.0244,
	24.2794 23.0326,
	24.2982 23.0432,
	24.3029 23.0468,
	24.3077 23.0479,
	24.317 23.0549,
	24.3547 23.0773,
	24.3735 23.0879,
	24.3901 23.1056,
	24.4006 23.1244,
	24.403 23.1338,
	24.4135 23.1515,
	24.4183 23.1609,
	24.4207 23.1656,
	24.4359 23.1832,
	24.4489 23.2008,
	24.4559 23.2197,
	24.4582 23.2291,
	24.4571 23.248,
	24.4501 23.2668,
	24.4406 23.2856,
	24.4359 23.295,
	24.4324 23.3138,
	24.4371 23.3515,
	24.4371 23.361,
	24.4394 23.3703,
	24.4383 23.408,
	24.4207 23.4457,
	24.4183 23.455,
	24.4135 23.4645,
	24.4112 23.4692,
	24.41 23.4786,
	24.4089 23.4833,
	24.4054 23.4881,
	24.403 23.4974,
	24.4018 23.5022,
	24.3982 23.5069,
	24.3971 23.5115,
	24.3936 23.5163,
	24.3901 23.5257,
	24.3841 23.5351,
	24.3759 23.5539,
	24.3735 23.5587,
	24.3712 23.561,
	24.3688 23.5704,
	24.3535 23.5893,
	24.3454 23.5986,
	24.3077 23.6257,
	24.29 23.6386,
	24.2853 23.6398,
	24.2488 23.6681,
	24.2112 23.6986,
	24.1735 23.7317,
	24.1558 23.7458,
	24.137 23.7563,
	24.1182 23.7646,
	24.1088 23.7692,
	24.0711 23.7775,
	24.0617 23.7799,
	"/>
</Transform>

<Transform dim="0"
 xcoef=" 0 1 0 0 0 0"
 ycoef=" 0 0 1 0 0 0">
<Contour name="d39sp26" hidden="false" closed="true" simplified="true" border="1 0 0" fill="1 0 0" mode="11"
 points="11.4749 27.7873,
	11.47 27.7867,
	11.4674 27.7867,
	11.4481 27.7785,
	11.438 27.7754,
	11.4368 27.7742,
	11.4269 27.7773,
	11.4168 27.7785,
	11.4068 27.7785,
	11.4019 27.7779,
	11.3968 27.776,
	11.3943 27.776,
	11.3894 27.7742,
	11.3844 27.7736,
	11.3832 27.7723,
	11.3806 27.7717,
	11.3793 27.7705,
	11.3769 27.7705,
	11.3744 27.7686,
	11.3694 27.7667,
	11.3681 27.7655,
	11.3668 27.7655,
	11.3575 27.7592,
	11.3551 27.7567,
	11.3531 27.7518,
	11.3531 27.7498,
	11.3531 27.7492,
	11.3557 27.7467,
	11.3557 27.7455,
	11.3588 27.7417,
	11.3613 27.7399,
	11.3619 27.7374,
	11.37 27.728,
	11.3775 27.7198,
	11.3818 27.7161,
	11.3838 27.7136,
	11.3856 27.7124,
	11.3906 27.708,
	11.4006 27.7018,
	11.4019 27.6999,
	11.4068 27.6968,
	11.4081 27.6956,
	11.4093 27.6956,
	11.4112 27.6936,
	11.4125 27.6936,
	11.4206 27.6874,
	11.4237 27.6837,
	11.4412 27.6712,
	11.4437 27.6693,
	11.445 27.6693,
	11.445 27.6681,
	11.4462 27.6668,
	11.4474 27.6668,
	11.4568 27.6593,
	11.4593 27.6587,
	11.4618 27.6568,
	11.463 27.6556,
	11.4655 27.655,
	11.468 27.6531,
	11.4706 27.6531,
	11.4731 27.6519,
	11.4743 27.6519,
	11.4755 27.6505,
	11.4955 27.6493,
	11.5005 27.6487,
	11.503 27.6474,
	11.508 27.6468,
	11.5105 27.6456,
	11.5155 27.6449,
	11.5255 27.6418,
	11.5305 27.6406,
	11.5317 27.6394,
	11.5367 27.6381,
	11.5392 27.6368,
	11.5418 27.6368,
	11.5442 27.6355,
	11.5455 27.6355,
	11.5467 27.6343,
	11.5592 27.6343,
	11.566 27.6437,
	11.5686 27.6487,
	11.5705 27.6511,
	11.5711 27.6537,
	11.5711 27.655,
	11.573 27.6574,
	11.5736 27.6599,
	11.5754 27.6618,
	11.5773 27.6668,
	11.5842 27.6761,
	11.5855 27.6761,
	11.5873 27.678,
	11.5879 27.6792,
	11.5904 27.6799,
	11.5929 27.6824,
	11.6017 27.688,
	11.606 27.6917,
	11.6073 27.6942,
	11.6066 27.7042,
	11.6054 27.7067,
	11.6054 27.708,
	11.6042 27.7093,
	11.6035 27.7118,
	11.6011 27.7136,
	11.598 27.718,
	11.598 27.7205,
	11.596 27.7255,
	11.5954 27.728,
	11.5935 27.7299,
	11.5929 27.7323,
	11.5892 27.7374,
	11.5867 27.7399,
	11.5861 27.7411,
	11.5848 27.7411,
	11.583 27.7436,
	11.5816 27.7436,
	11.5773 27.7473,
	11.5748 27.7492,
	11.5736 27.7492,
	11.5723 27.7504,
	11.5523 27.7555,
	11.5473 27.7573,
	11.5424 27.758,
	11.5411 27.758,
	11.5399 27.7592,
	11.5348 27.7598,
	11.5248 27.7635,
	11.5149 27.7686,
	11.5112 27.7711,
	11.5061 27.7742,
	11.5036 27.776,
	11.5024 27.776,
	11.4924 27.7817,
	11.4899 27.7823,
	11.4874 27.7842,
	11.4824 27.7854,
	11.4799 27.7867,
	"/>
</Transform>

<Transform dim="0"
 xcoef=" 0 1 0 0 0 0"
 ycoef=" 0 0 1 0 0 0">
<Contour name="d28sp16" hidden="false" closed="true" simplified="true" border="1 0 0" fill="1 0 0" mode="11"
 points="7.22957 22.5607,
	7.2213 22.5597,
	7.21717 22.5582,
	7.21304 22.5576,
	7.20891 22.5561,
	7.20685 22.5561,
	7.19033 22.551,
	7.18619 22.5494,
	7.18206 22.5468,
	7.18 22.5468,
	7.17845 22.5452,
	7.17432 22.5437,
	7.17019 22.5411,
	7.16348 22.536,
	7.15935 22.5328,
	7.15935 22.5318,
	7.15625 22.5277,
	7.1547 22.5257,
	7.1547 22.5246,
	7.14902 22.5168,
	7.14902 22.5158,
	7.14644 22.5133,
	7.14386 22.5097,
	7.1294 22.4947,
	7.12579 22.491,
	7.12217 22.4884,
	7.12011 22.4864,
	7.11236 22.4808,
	7.10823 22.4781,
	7.10514 22.4755,
	7.09687 22.4699,
	7.09378 22.4678,
	7.09223 22.4663,
	7.0912 22.4663,
	7.08759 22.4636,
	7.08552 22.4621,
	7.08449 22.4621,
	7.08087 22.4595,
	7.07932 22.4585,
	7.07881 22.4575,
	7.07674 22.457,
	7.07571 22.456,
	7.07468 22.456,
	7.06797 22.4503,
	7.06642 22.4487,
	7.06538 22.4482,
	7.06538 22.4471,
	7.06383 22.4461,
	7.0628 22.4441,
	7.06177 22.4441,
	7.06074 22.443,
	7.06074 22.442,
	7.04938 22.427,
	7.04318 22.4203,
	7.04215 22.4193,
	7.04112 22.4193,
	7.03853 22.4157,
	7.03493 22.4126,
	7.03389 22.4105,
	7.03286 22.4105,
	7.02976 22.4069,
	7.02925 22.4058,
	7.02821 22.4058,
	7.02718 22.4048,
	7.02718 22.4038,
	7.02512 22.4027,
	7.02512 22.4017,
	7.02047 22.3971,
	7.01789 22.394,
	7.01376 22.3898,
	7.00756 22.3832,
	7.00395 22.3796,
	7.00291 22.3791,
	7.00291 22.3779,
	7.00085 22.3764,
	6.99827 22.3728,
	6.9962 22.3718,
	6.99362 22.3682,
	6.99208 22.3667,
	6.99155 22.3646,
	6.98949 22.3625,
	6.98949 22.3614,
	6.98691 22.3589,
	6.9864 22.3568,
	6.98381 22.3532,
	6.98278 22.3512,
	6.98278 22.3502,
	6.98174 22.3495,
	6.98072 22.3454,
	6.98072 22.3413,
	6.98072 22.3408,
	6.98278 22.3367,
	6.98278 22.3346,
	6.98484 22.3305,
	6.98484 22.3295,
	6.98587 22.3284,
	6.98587 22.3274,
	6.98691 22.3269,
	6.98846 22.3228,
	6.98949 22.3217,
	6.99104 22.3176,
	6.99155 22.3155,
	6.99723 22.3078,
	6.99827 22.3057,
	6.99827 22.3046,
	7.00085 22.3005,
	7.0024 22.2985,
	7.00291 22.297,
	7.00549 22.2928,
	7.00704 22.2907,
	7.00704 22.2897,
	7.00911 22.2876,
	7.01427 22.2804,
	7.02202 22.2742,
	7.02872 22.2686,
	7.02976 22.267,
	7.0375 22.2618,
	7.03906 22.2603,
	7.04731 22.2577,
	7.05557 22.2572,
	7.0597 22.2592,
	7.06383 22.2603,
	7.06487 22.2613,
	7.06693 22.2618,
	7.069 22.2633,
	7.07106 22.2638,
	7.07519 22.267,
	7.08242 22.2711,
	7.08449 22.2727,
	7.08604 22.2732,
	7.08655 22.2742,
	7.08759 22.2742,
	7.0881 22.2752,
	7.09223 22.2768,
	7.09636 22.2799,
	7.0974 22.2799,
	7.10049 22.2825,
	7.10255 22.284,
	7.10462 22.2846,
	7.12114 22.2944,
	7.12321 22.2959,
	7.12425 22.2959,
	7.13199 22.3016,
	7.13508 22.3031,
	7.13612 22.3041,
	7.13715 22.3041,
	7.13921 22.3057,
	7.14025 22.3067,
	7.14128 22.3067,
	7.14902 22.3124,
	7.15315 22.315,
	7.15521 22.317,
	7.16244 22.3217,
	7.17742 22.333,
	7.18155 22.3356,
	7.18826 22.3419,
	7.19187 22.3444,
	7.19291 22.3444,
	7.19446 22.3465,
	7.2022 22.3517,
	7.20374 22.3537,
	7.20478 22.3537,
	7.21201 22.3589,
	7.2151 22.3619,
	7.21717 22.3625,
	7.22078 22.3651,
	7.22182 22.3651,
	7.22595 22.3682,
	7.22802 22.3692,
	7.22904 22.3692,
	7.23318 22.3718,
	7.23525 22.3728,
	7.23627 22.3738,
	7.23731 22.3738,
	7.24506 22.3791,
	7.24557 22.3801,
	7.2466 22.3801,
	7.25074 22.3837,
	7.2528 22.3852,
	7.25538 22.3888,
	7.25642 22.3898,
	7.25899 22.3981,
	7.25899 22.4063,
	7.25744 22.4105,
	7.25642 22.4126,
	7.25642 22.4146,
	7.25383 22.4229,
	7.2528 22.425,
	7.25125 22.458,
	7.25021 22.4663,
	7.2497 22.4704,
	7.2497 22.4725,
	7.24867 22.4745,
	7.24867 22.4766,
	7.24763 22.4787,
	7.24763 22.4808,
	7.24506 22.489,
	7.24299 22.4932,
	7.24299 22.4952,
	7.24144 22.4993,
	7.24093 22.5076,
	7.24144 22.5158,
	7.24402 22.5241,
	7.24557 22.5262,
	7.24608 22.5282,
	7.24763 22.5303,
	7.24815 22.5323,
	7.25383 22.5406,
	7.25538 22.5488,
	7.25538 22.553,
	7.25383 22.5571,
	7.25021 22.5597,
	7.24608 22.5607,
	"/>
</Transform>

<Transform dim="0"
 xcoef=" 0 1 0 0 0 0"
 ycoef=" 0 0 1 0 0 0">
<Contour name="d63sp27" hidden="false" closed="true" simplified="true" border="1 0 0" fill="1 0 0" mode="11"
 points="19.9291 26.1864,
	19.918 26.1829,
	19.9069 26.1781,
	19.9048 26.1761,
	19.9034 26.1761,
	19.8986 26.1718,
	19.8973 26.1718,
	19.8951 26.1691,
	19.8923 26.1677,
	19.8896 26.1643,
	19.8882 26.1643,
	19.8862 26.1615,
	19.8806 26.1595,
	19.8778 26.1595,
	19.8667 26.1518,
	19.8557 26.1456,
	19.8501 26.1442,
	19.8487 26.1442,
	19.8474 26.1428,
	19.8446 26.1421,
	19.8419 26.14,
	19.8363 26.138,
	19.8308 26.1325,
	19.826 26.1289,
	19.8224 26.1241,
	19.8224 26.1228,
	19.8211 26.1214,
	19.8197 26.1158,
	19.8183 26.113,
	19.8183 26.1103,
	19.8169 26.1075,
	19.8162 26.0964,
	19.8113 26.0744,
	19.8093 26.0633,
	19.8058 26.0522,
	19.8058 26.0494,
	19.8038 26.0438,
	19.8017 26.0411,
	19.7983 26.03,
	19.7947 26.0245,
	19.7927 26.019,
	19.7858 26.0086,
	19.7823 26.0031,
	19.772 25.992,
	19.7622 25.9829,
	19.7574 25.9781,
	19.7532 25.9747,
	19.7512 25.9732,
	19.7498 25.9705,
	19.7401 25.9629,
	19.7297 25.9539,
	19.727 25.9511,
	19.7228 25.9477,
	19.7132 25.9366,
	19.7089 25.9317,
	19.7069 25.9289,
	19.7069 25.9276,
	19.7041 25.9248,
	19.6979 25.9137,
	19.693 25.9026,
	19.6882 25.8805,
	19.6875 25.8694,
	19.6841 25.8583,
	19.6826 25.8556,
	19.6826 25.8542,
	19.6785 25.8494,
	19.6771 25.8467,
	19.6598 25.8258,
	19.6522 25.8154,
	19.6487 25.8099,
	19.6481 25.8072,
	19.646 25.8051,
	19.646 25.8038,
	19.6439 25.8009,
	19.6439 25.7982,
	19.6419 25.7927,
	19.6404 25.7816,
	19.6404 25.7761,
	19.6404 25.7732,
	19.6404 25.7718,
	19.6404 25.7712,
	19.6439 25.7657,
	19.6494 25.7622,
	19.6549 25.7607,
	19.6716 25.7607,
	19.6826 25.7643,
	19.6855 25.7657,
	19.6882 25.7657,
	19.6937 25.7684,
	19.7048 25.7705,
	19.7103 25.7725,
	19.7132 25.7739,
	19.7241 25.7753,
	19.7352 25.7753,
	19.738 25.7767,
	19.7408 25.7767,
	19.7463 25.7788,
	19.7574 25.7795,
	19.7684 25.7816,
	19.7795 25.785,
	19.7823 25.785,
	19.7879 25.7877,
	19.7892 25.7877,
	19.7906 25.7891,
	19.7961 25.7899,
	19.7976 25.7913,
	19.799 25.7913,
	19.81 25.7982,
	19.8294 25.812,
	19.8405 25.8161,
	19.846 25.8183,
	19.8508 25.819,
	19.8536 25.8203,
	19.8757 25.8224,
	19.8979 25.8217,
	19.9062 25.8217,
	19.9118 25.8238,
	19.9145 25.8238,
	19.92 25.8265,
	19.9228 25.8286,
	19.9242 25.8286,
	19.9346 25.8383,
	19.9415 25.8487,
	19.9498 25.859,
	19.9554 25.8701,
	19.9588 25.8812,
	19.9602 25.884,
	19.9602 25.9282,
	19.9629 25.9393,
	19.9671 25.9504,
	19.9699 25.9559,
	19.9699 25.9587,
	19.9713 25.9601,
	19.9727 25.9657,
	19.9733 25.9684,
	19.9747 25.9698,
	19.9754 25.9754,
	19.9775 25.9809,
	19.9782 25.9836,
	19.9795 25.985,
	19.9802 25.9906,
	19.9844 26.0016,
	19.9858 26.0072,
	19.992 26.0183,
	19.9941 26.0238,
	19.9976 26.0293,
	19.999 26.0349,
	20.0024 26.0404,
	20.0038 26.046,
	20.0058 26.048,
	20.0079 26.0535,
	20.0093 26.0646,
	20.0086 26.0757,
	20.0058 26.0867,
	20.0052 26.0896,
	20.0052 26.0909,
	20.0038 26.0923,
	20.001 26.1144,
	20.001 26.1255,
	19.999 26.1477,
	19.9976 26.1532,
	19.9969 26.1559,
	19.9934 26.1615,
	19.992 26.1636,
	19.9872 26.1684,
	19.9768 26.1761,
	19.9754 26.1761,
	19.9733 26.1788,
	19.9623 26.1836,
	19.9402 26.1857,
	"/>
</Transform>

<Transform dim="0"
 xcoef=" 0 1 0 0 0 0"
 ycoef=" 0 0 1 0 0 0">
<Contour name="d38sp12" hidden="false" closed="true" simplified="true" border="1 0 0" fill="1 0 0" mode="11"
 points="22.8404 23.6008,
	22.8397 23.6001,
	22.8536 23.579,
	22.8595 23.569,
	22.8595 23.5677,
	22.8608 23.5671,
	22.8628 23.5618,
	22.8648 23.5592,
	22.8667 23.5538,
	22.8681 23.5512,
	22.8681 23.5499,
	22.8701 23.5473,
	22.8701 23.5446,
	22.8734 23.5393,
	22.8747 23.538,
	22.8747 23.5366,
	22.8773 23.534,
	22.8873 23.5128,
	22.8886 23.5102,
	22.8886 23.5075,
	22.8899 23.5062,
	22.8932 23.4956,
	22.8939 23.485,
	22.8932 23.4745,
	22.8919 23.4691,
	22.8912 23.4665,
	22.8893 23.4645,
	22.8886 23.4619,
	22.8813 23.4519,
	22.8787 23.4467,
	22.8773 23.444,
	22.8747 23.442,
	22.8747 23.4407,
	22.8714 23.4361,
	22.8701 23.4354,
	22.8701 23.4341,
	22.8681 23.4315,
	22.8675 23.4301,
	22.8681 23.4288,
	22.878 23.4328,
	22.888 23.44,
	22.8979 23.4493,
	22.9025 23.4533,
	22.9045 23.4559,
	22.9058 23.4559,
	22.9131 23.4645,
	22.9177 23.4691,
	22.9197 23.4711,
	22.921 23.4711,
	22.9236 23.4738,
	22.9264 23.4745,
	22.931 23.4791,
	22.9336 23.4797,
	22.9389 23.483,
	22.9409 23.4837,
	22.9455 23.4884,
	22.9488 23.493,
	22.9508 23.495,
	22.9528 23.5002,
	22.9521 23.5108,
	22.9501 23.5134,
	22.9501 23.5148,
	22.9455 23.5195,
	22.9429 23.5221,
	22.9416 23.5221,
	22.9316 23.5287,
	22.927 23.532,
	22.9164 23.5412,
	22.9131 23.5446,
	22.9084 23.5499,
	22.9045 23.5532,
	22.9012 23.5578,
	22.8986 23.5598,
	22.8952 23.5638,
	22.8906 23.5684,
	22.8893 23.5703,
	22.8793 23.5783,
	22.8767 23.5796,
	22.8741 23.5823,
	22.8714 23.5829,
	22.8661 23.587,
	22.8634 23.5876,
	22.8582 23.5916,
	22.8569 23.5916,
	22.8543 23.5935,
	22.8528 23.5935,
	22.8509 23.5955,
	22.8482 23.5962,
	22.8463 23.5988,
	22.8436 23.5995,
	22.8423 23.6008,
	"/>
</Transform>

<Transform dim="0"
 xcoef=" 0 1 0 0 0 0"
 ycoef=" 0 0 1 0 0 0">
<Contour name="d38p12" hidden="false" closed="true" simplified="true" border="1 0 0" fill="1 0 0" mode="11"
 points="22.7849 23.549,
	22.7698 23.5213,
	22.8 23.5213,
	"/>
</Transform>

<Transform dim="0"
 xcoef=" 0 1 0 0 0 0"
 ycoef=" 0 0 1 0 0 0">
<Contour name="d39sp25" hidden="false" closed="true" simplified="true" border="1 0 0" fill="1 0 0" mode="11"
 points="11.61 27.9029,
	11.6007 27.9012,
	11.596 27.9,
	11.5948 27.8989,
	11.5902 27.8971,
	11.5884 27.8954,
	11.5791 27.8924,
	11.5767 27.8906,
	11.5744 27.89,
	11.5698 27.8871,
	11.5686 27.886,
	11.5662 27.8854,
	11.5639 27.8831,
	11.5627 27.8831,
	11.561 27.8808,
	11.5598 27.8808,
	11.5557 27.8772,
	11.5475 27.8685,
	11.544 27.8643,
	11.5434 27.8631,
	11.5423 27.8631,
	11.5306 27.8456,
	11.5288 27.8439,
	11.5288 27.8427,
	11.5223 27.8339,
	11.5125 27.8158,
	11.5083 27.8064,
	11.5083 27.8041,
	11.5072 27.8018,
	11.5066 27.7924,
	11.5066 27.7901,
	11.5066 27.7895,
	11.5066 27.7889,
	11.5083 27.7843,
	11.5083 27.7831,
	11.5154 27.7755,
	11.5165 27.7737,
	11.5212 27.7708,
	11.5235 27.7691,
	11.5247 27.7679,
	11.5259 27.7679,
	11.5346 27.7626,
	11.5434 27.7597,
	11.5458 27.758,
	11.5504 27.7574,
	11.5552 27.7556,
	11.5738 27.7539,
	11.5832 27.7527,
	11.5925 27.7527,
	11.6019 27.7516,
	11.6065 27.7503,
	11.6089 27.7503,
	11.6136 27.7486,
	11.6159 27.748,
	11.6206 27.7451,
	11.6217 27.7451,
	11.6305 27.7375,
	11.6346 27.7345,
	11.6363 27.7328,
	11.6375 27.7328,
	11.6394 27.7305,
	11.6417 27.7293,
	11.6603 27.7299,
	11.6697 27.7305,
	11.679 27.7299,
	11.6813 27.7299,
	11.6838 27.7287,
	11.6849 27.7276,
	11.6873 27.727,
	11.6884 27.727,
	11.6896 27.7258,
	11.6942 27.7247,
	11.6966 27.7229,
	11.7013 27.7222,
	11.7107 27.7193,
	11.72 27.7193,
	11.7293 27.7205,
	11.7387 27.7229,
	11.7399 27.7241,
	11.7492 27.727,
	11.7515 27.7276,
	11.7539 27.7293,
	11.7563 27.7299,
	11.765 27.7357,
	11.7674 27.7375,
	11.7703 27.7416,
	11.7709 27.7428,
	11.772 27.7428,
	11.7755 27.7474,
	11.7773 27.7491,
	11.7773 27.7503,
	11.7784 27.7516,
	11.7784 27.7527,
	11.7796 27.7539,
	11.7796 27.7551,
	11.7807 27.7562,
	11.7826 27.7656,
	11.782 27.7843,
	11.779 27.7937,
	11.7761 27.7977,
	11.7749 27.8001,
	11.7738 27.8006,
	11.7738 27.8018,
	11.765 27.81,
	11.7638 27.81,
	11.7603 27.8135,
	11.7557 27.8164,
	11.7551 27.8176,
	11.7527 27.8181,
	11.748 27.821,
	11.7469 27.8223,
	11.7457 27.8223,
	11.7369 27.8299,
	11.7305 27.8381,
	11.7223 27.8562,
	11.7223 27.8573,
	11.7182 27.862,
	11.7101 27.8685,
	11.7077 27.8702,
	11.7053 27.8708,
	11.7007 27.8743,
	11.6984 27.8754,
	11.6961 27.8778,
	11.6779 27.8895,
	11.6738 27.8924,
	11.6726 27.8924,
	11.6715 27.8936,
	11.6703 27.8936,
	11.6697 27.8948,
	11.6603 27.8983,
	11.6592 27.8983,
	11.6569 27.9,
	11.6475 27.9018,
	"/>
</Transform>

<Transform dim="0"
 xcoef=" 0 1 0 0 0 0"
 ycoef=" 0 0 1 0 0 0">
<Contour name="d63c25" hidden="false" closed="true" simplified="true" border="0 0 1" fill="0 0 1" mode="11"
 points="20.163 27.8705,
	20.1521 27.8698,
	20.1412 27.8678,
	20.1302 27.8643,
	20.1193 27.8589,
	20.1145 27.8541,
	20.1125 27.8486,
	20.1125 27.8432,
	20.1125 27.8425,
	20.1159 27.8315,
	20.1159 27.8097,
	20.1186 27.7659,
	20.1186 27.744,
	20.1186 27.733,
	20.1227 27.7112,
	20.1255 27.7056,
	20.1268 27.7029,
	20.1323 27.6988,
	20.1377 27.6961,
	20.1392 27.6961,
	20.1446 27.6913,
	20.1535 27.6818,
	20.1637 27.6721,
	20.1679 27.6687,
	20.1706 27.6667,
	20.172 27.6652,
	20.1733 27.6652,
	20.1781 27.6619,
	20.1808 27.6591,
	20.1904 27.6523,
	20.1959 27.6482,
	20.2137 27.629,
	20.2178 27.6236,
	20.2232 27.6188,
	20.226 27.616,
	20.2274 27.6147,
	20.2287 27.6147,
	20.2328 27.6106,
	20.2355 27.6093,
	20.2384 27.6064,
	20.2438 27.603,
	20.2465 27.6003,
	20.2568 27.5949,
	20.2622 27.5927,
	20.2732 27.5921,
	20.2842 27.5927,
	20.2896 27.5934,
	20.2923 27.5941,
	20.2937 27.5941,
	20.2951 27.5956,
	20.2978 27.5956,
	20.3033 27.5976,
	20.3046 27.599,
	20.3102 27.6003,
	20.3129 27.6003,
	20.3156 27.6017,
	20.3183 27.6017,
	20.3197 27.603,
	20.321 27.603,
	20.3224 27.6044,
	20.3279 27.6051,
	20.3389 27.6099,
	20.3416 27.6113,
	20.3464 27.616,
	20.3491 27.6208,
	20.3511 27.6236,
	20.3526 27.625,
	20.3533 27.6277,
	20.3573 27.6331,
	20.3587 27.6387,
	20.3614 27.6441,
	20.3621 27.6551,
	20.3614 27.666,
	20.3614 27.6674,
	20.3573 27.6728,
	20.3471 27.6811,
	20.3416 27.6831,
	20.3307 27.6899,
	20.3279 27.6919,
	20.3252 27.6926,
	20.3149 27.7002,
	20.3053 27.7063,
	20.3026 27.707,
	20.2972 27.7105,
	20.2944 27.7118,
	20.293 27.7132,
	20.2903 27.7139,
	20.2882 27.7159,
	20.2855 27.7166,
	20.28 27.72,
	20.2773 27.7213,
	20.2759 27.7213,
	20.2712 27.7248,
	20.2698 27.7262,
	20.2671 27.7269,
	20.2561 27.7344,
	20.2527 27.7364,
	20.2472 27.7406,
	20.2445 27.7419,
	20.2397 27.7467,
	20.2362 27.7508,
	20.2335 27.7563,
	20.2328 27.7673,
	20.2308 27.7781,
	20.2294 27.7796,
	20.2281 27.785,
	20.2274 27.7877,
	20.226 27.7891,
	20.224 27.7946,
	20.2232 27.7973,
	20.2232 27.7987,
	20.2219 27.8001,
	20.213 27.8212,
	20.211 27.824,
	20.211 27.8254,
	20.2088 27.8281,
	20.2068 27.8335,
	20.2055 27.8363,
	20.2041 27.8377,
	20.2034 27.8404,
	20.1945 27.8506,
	20.1904 27.8555,
	20.1897 27.8575,
	20.1794 27.8651,
	20.174 27.8685,
	"/>
</Transform>

<Transform dim="0"
 xcoef=" 0 1 0 0 0 0"
 ycoef=" 0 0 1 0 0 0">
<Contour name="d39sp27" hidden="false" closed="true" simplified="true" border="1 0 0" fill="1 0 0" mode="11"
 points="10.6863 29.4244,
	10.6692 29.4223,
	10.6522 29.417,
	10.6436 29.4137,
	10.6426 29.4116,
	10.6255 29.4127,
	10.617 29.4127,
	10.6085 29.4105,
	10.601 29.4031,
	10.5967 29.3946,
	10.5946 29.3861,
	10.5946 29.3775,
	10.5946 29.3744,
	10.5946 29.3733,
	10.5967 29.3711,
	10.5967 29.369,
	10.6095 29.3551,
	10.6255 29.3435,
	10.6426 29.3391,
	10.6682 29.3391,
	10.6852 29.3435,
	10.7012 29.3519,
	10.7055 29.353,
	10.7076 29.3551,
	10.7097 29.3551,
	10.7119 29.3573,
	10.7161 29.3584,
	10.7289 29.3722,
	10.7321 29.3893,
	10.731 29.4063,
	10.7246 29.4149,
	10.7204 29.4191,
	10.7033 29.4233,
	"/>
</Transform>

<Transform dim="0"
 xcoef=" 0 1 0 0 0 0"
 ycoef=" 0 0 1 0 0 0">
<Contour name="d63san27" hidden="false" closed="true" simplified="false" border="1 0 0" fill="1 0 0" mode="11"
 points="19.8735 26.036,
	19.8735 26.025,
	19.8845 26.025,
	19.8845 26.014,
	19.8955 26.014,
	19.8955 26.025,
	19.9065 26.025,
	19.9065 26.036,
	19.8955 26.036,
	19.8955 26.047,
	19.8845 26.047,
	19.8845 26.036,
	"/>
</Transform>

<Transform dim="0"
 xcoef=" 0 1 0 0 0 0"
 ycoef=" 0 0 1 0 0 0">
<Contour name="d63endos09_whorl" hidden="false" closed="true" simplified="true" border="1 0.502 0" fill="1 0 0" mode="11"
 points="20.137 26.7941,
	20.1372 26.7871,
	20.1377 26.78,
	20.1385 26.773,
	20.1396 26.7659,
	20.1411 26.759,
	20.1429 26.7521,
	20.145 26.7452,
	20.1475 26.7384,
	20.1503 26.7317,
	20.1533 26.725,
	20.1567 26.7185,
	20.1604 26.712,
	20.1644 26.7057,
	20.1687 26.6994,
	20.1733 26.6934,
	20.1781 26.6874,
	20.1832 26.6816,
	20.1886 26.6759,
	20.1943 26.6704,
	20.2002 26.6651,
	20.2064 26.6599,
	20.2128 26.6549,
	20.2194 26.6501,
	20.2262 26.6455,
	20.2333 26.6411,
	20.2406 26.6369,
	20.248 26.6329,
	20.2556 26.6291,
	20.2634 26.6256,
	20.2714 26.6223,
	20.2795 26.6192,
	20.2878 26.6163,
	20.2962 26.6137,
	20.3047 26.6113,
	20.3133 26.6092,
	20.322 26.6073,
	20.3307 26.6056,
	20.3396 26.6043,
	20.3485 26.6031,
	20.3574 26.6023,
	20.3664 26.6016,
	20.3755 26.6013,
	20.3845 26.6012,
	20.3935 26.6014,
	20.4025 26.6018,
	20.4115 26.6025,
	20.4204 26.6034,
	20.4293 26.6046,
	20.4382 26.606,
	20.4469 26.6077,
	20.4556 26.6097,
	20.4642 26.6119,
	20.4727 26.6143,
	20.481 26.617,
	20.4892 26.6199,
	20.4973 26.6231,
	20.5052 26.6265,
	20.513 26.6301,
	20.5206 26.6339,
	20.528 26.6379,
	20.5352 26.6422,
	20.5422 26.6466,
	20.549 26.6513,
	20.5555 26.6561,
	20.5619 26.6612,
	20.568 26.6664,
	20.5738 26.6718,
	20.5794 26.6773,
	20.5848 26.683,
	20.5898 26.6889,
	20.5946 26.6949,
	20.5991 26.701,
	20.6033 26.7072,
	20.6072 26.7136,
	20.6108 26.7201,
	20.6142 26.7267,
	20.6172 26.7333,
	20.6198 26.7401,
	20.6222 26.7469,
	20.6243 26.7538,
	20.626 26.7607,
	20.6274 26.7677,
	20.6285 26.7747,
	20.6292 26.7818,
	20.6296 26.7888,
	20.6297 26.7959,
	20.6295 26.803,
	20.6289 26.81,
	20.628 26.817,
	20.6267 26.824,
	20.6252 26.831,
	20.6233 26.8379,
	20.6211 26.8448,
	20.6185 26.8515,
	20.6157 26.8583,
	20.6125 26.8649,
	20.6091 26.8714,
	20.6053 26.8778,
	20.6012 26.8841,
	20.5969 26.8903,
	20.5922 26.8964,
	20.5873 26.9023,
	20.5821 26.9081,
	20.5767 26.9137,
	20.5709 26.9192,
	20.565 26.9245,
	20.5587 26.9296,
	20.5523 26.9345,
	20.5456 26.9393,
	20.5387 26.9438,
	20.5316 26.9482,
	20.5243 26.9524,
	20.5168 26.9563,
	20.5091 26.96,
	20.5013 26.9635,
	20.4933 26.9668,
	20.4851 26.9698,
	20.4768 26.9726,
	20.4684 26.9752,
	20.4599 26.9775,
	20.4513 26.9796,
	20.4426 26.9814,
	20.4338 26.983,
	20.4249 26.9843,
	20.416 26.9853,
	20.407 26.9862,
	20.398 26.9867,
	20.389 26.987,
	20.38 26.987,
	20.3709 26.9868,
	20.3619 26.9863,
	20.353 26.9856,
	20.344 26.9846,
	20.3351 26.9833,
	20.3263 26.9818,
	20.3176 26.98,
	20.3089 26.978,
	20.3004 26.9758,
	20.2919 26.9733,
	20.2836 26.9705,
	20.2754 26.9676,
	20.2674 26.9643,
	20.2595 26.9609,
	20.2518 26.9572,
	20.2443 26.9534,
	20.2369 26.9493,
	20.2297 26.945,
	20.2228 26.9404,
	20.2161 26.9357,
	20.2095 26.9309,
	20.2033 26.9258,
	20.1972 26.9205,
	20.1914 26.9151,
	20.1859 26.9095,
	20.1806 26.9038,
	20.1757 26.8979,
	20.1709 26.8919,
	20.1665 26.8857,
	20.1624 26.8794,
	20.1585 26.873,
	20.155 26.8665,
	20.1518 26.8599,
	20.1488 26.8532,
	20.1462 26.8465,
	20.1439 26.8396,
	20.142 26.8327,
	20.1403 26.8258,
	20.139 26.8188,
	20.138 26.8118,
	20.1374 26.8047,
	"/>
</Transform>

<Transform dim="0"
 xcoef=" 0 1 0 0 0 0"
 ycoef=" 0 0 1 0 0 0">
<Contour name="d63" comment="dch_traced_06.2019" hidden="false" closed="true" simplified="true" border="1 1 0" fill="1 1 0" mode="11"
 points="19.3239 26.7237,
	19.327 26.6989,
	19.3301 26.6865,
	19.3425 26.6617,
	19.3487 26.6493,
	19.3596 26.6384,
	19.372 26.6306,
	19.3782 26.6306,
	19.3906 26.6368,
	19.4232 26.6865,
	19.4294 26.688,
	19.4418 26.6834,
	19.465 26.6632,
	19.4774 26.6524,
	19.5271 26.6229,
	19.5395 26.6182,
	19.5519 26.6105,
	19.5767 26.5888,
	19.5891 26.5779,
	19.6868 26.5112,
	19.7116 26.5004,
	19.7365 26.4957,
	19.7861 26.4973,
	19.8109 26.4957,
	19.8233 26.4926,
	19.8342 26.4833,
	19.8528 26.4585,
	19.8605 26.4476,
	19.8714 26.4352,
	19.8776 26.4228,
	19.8978 26.398,
	19.9102 26.3902,
	19.9598 26.3747,
	19.9722 26.3701,
	19.9753 26.367,
	20.0001 26.3561,
	20.0125 26.3484,
	20.0374 26.3406,
	20.0622 26.3422,
	20.1118 26.353,
	20.1242 26.3592,
	20.1366 26.3685,
	20.1583 26.3933,
	20.1614 26.3995,
	20.1676 26.4058,
	20.194 26.4554,
	20.2064 26.4662,
	20.2312 26.4786,
	20.256 26.488,
	20.2622 26.4911,
	20.2653 26.4911,
	20.2684 26.4942,
	20.2933 26.5004,
	20.3057 26.505,
	20.3119 26.5081,
	20.315 26.5081,
	20.3181 26.5112,
	20.3243 26.5128,
	20.3491 26.5298,
	20.3693 26.5546,
	20.3863 26.5795,
	20.4096 26.6043,
	20.4344 26.6244,
	20.4406 26.6275,
	20.4515 26.64,
	20.4561 26.6462,
	20.4561 26.6586,
	20.453 26.671,
	20.4468 26.6834,
	20.436 26.6958,
	20.4111 26.7097,
	20.3987 26.7144,
	20.3925 26.7191,
	20.3677 26.7299,
	20.3615 26.7315,
	20.3491 26.7408,
	20.3444 26.747,
	20.3413 26.7594,
	20.3413 26.809,
	20.3413 26.8152,
	20.3538 26.84,
	20.3662 26.8524,
	20.3724 26.8586,
	20.3786 26.8617,
	20.3848 26.8679,
	20.391 26.8711,
	20.4142 26.8928,
	20.4313 26.9176,
	20.436 26.9238,
	20.4375 26.9362,
	20.436 26.9424,
	20.4251 26.9533,
	20.4003 26.9626,
	20.3879 26.9688,
	20.3848 26.9688,
	20.3351 26.9998,
	20.2359 27.0541,
	20.2111 27.0665,
	20.1862 27.0758,
	20.1738 27.0804,
	20.1707 27.0835,
	20.1645 27.0851,
	20.1397 27.1021,
	20.1149 27.1223,
	20.104 27.1347,
	20.0901 27.1595,
	20.0839 27.1719,
	20.0668 27.1968,
	20.0575 27.2092,
	20.0513 27.2154,
	20.0265 27.2309,
	19.9769 27.2495,
	19.952 27.2619,
	19.9024 27.2805,
	19.8776 27.2852,
	19.8652 27.2867,
	19.8156 27.3038,
	19.7659 27.2898,
	19.7411 27.2852,
	19.7163 27.2836,
	19.6915 27.2774,
	19.6791 27.2743,
	19.6667 27.2666,
	19.6605 27.2635,
	19.6403 27.2386,
	19.631 27.2262,
	19.6217 27.2014,
	19.617 27.189,
	19.617 27.1859,
	19.6139 27.1828,
	19.6124 27.1766,
	19.5953 27.1518,
	19.5736 27.1285,
	19.5255 27.0897,
	19.5038 27.068,
	19.4821 27.0432,
	19.4464 26.9936,
	19.4263 26.9703,
	19.4045 26.9502,
	19.3797 26.9284,
	19.3689 26.9176,
	19.3627 26.9114,
	19.3596 26.9052,
	19.3565 26.9021,
	19.3518 26.8773,
	19.3347 26.854,
	19.3254 26.8416,
	19.3239 26.8168,
	19.327 26.7919,
	19.3254 26.7423,
	19.3239 26.7299,
	19.3239 26.7253,
	"/>
</Transform>

</Section>