<?xml version="1.0"?>
<!DOCTYPE Section SYSTEM "section.dtd">

<Section index="78" thickness="0.045794" alignLocked="true">
<Transform dim="0"
 xcoef=" 0 1 0 0 0 0"
 ycoef=" 0 0 1 0 0 0">
<Image mag="0.0022379" contrast="1.144" brightness="-0.15" red="true" green="true" blue="true"
 src="079____z78.0.tif" />
<Contour name="domain1" hidden="false" closed="true" simplified="false" border="1 0 1" fill="1 0 1" mode="11"
 points="0 0,
	9357 0,
	9357 6734,
	0 6734,
	"/>
</Transform>

<Transform dim="0"
 xcoef=" 0 1 0 0 0 0"
 ycoef=" 0 0 1 0 0 0">
<Contour name="d04" hidden="false" closed="true" simplified="true" border="0 0 0" fill="0 0 0" mode="11"
 points="7.25715 11.6503,
	7.24904 11.6478,
	7.24497 11.6465,
	7.24294 11.6459,
	7.23728 11.6373,
	7.23639 11.6351,
	7.23645 11.6263,
	7.23621 11.6219,
	7.23625 11.6214,
	7.23628 11.6208,
	7.25513 11.5866,
	7.25747 11.5823,
	7.2731 11.5655,
	7.28565 11.5485,
	7.28904 11.5442,
	7.30698 11.5096,
	7.32356 11.4745,
	7.33225 11.4569,
	7.33665 11.448,
	7.36596 11.4126,
	7.40451 11.3798,
	7.44476 11.3481,
	7.46513 11.3344,
	7.47545 11.3273,
	7.51623 11.3027,
	7.55704 11.2767,
	7.57729 11.2629,
	7.61721 11.231,
	7.62943 11.2142,
	7.64669 11.1803,
	7.65155 11.1718,
	7.67048 11.1601,
	7.7082 11.1416,
	7.71754 11.137,
	7.75557 11.1135,
	7.79347 11.0871,
	7.80278 11.0808,
	7.84024 11.0508,
	7.85788 11.0338,
	7.86252 11.0295,
	7.8656 11.0253,
	7.87327 11.0083,
	7.87679 10.9999,
	7.8788 10.9956,
	7.88274 10.9618,
	7.88919 10.9279,
	7.89367 10.8939,
	7.89428 10.8769,
	7.89382 10.8599,
	7.89138 10.8257,
	7.8921 10.8086,
	7.8892 10.7742,
	7.88769 10.757,
	7.88944 10.6851,
	7.89168 10.6492,
	7.89215 10.6403,
	7.89844 10.6049,
	7.90002 10.5961,
	7.91014 10.5612,
	7.9128 10.5526,
	7.91493 10.5483,
	7.92193 10.5398,
	7.92514 10.5356,
	7.92704 10.5335,
	7.93605 10.5311,
	7.95371 10.5296,
	7.95583 10.5302,
	7.96369 10.5381,
	7.96762 10.542,
	7.97583 10.5466,
	7.97992 10.5489,
	7.98197 10.5501,
	7.983 10.5506,
	8.00106 10.5447,
	8.00328 10.5443,
	8.00461 10.5422,
	8.00716 10.5336,
	8.00431 10.5249,
	8.00314 10.5206,
	8.00296 10.4863,
	8.0033 10.4778,
	8.00471 10.4693,
	8.00568 10.4651,
	8.02372 10.4579,
	8.04118 10.456,
	8.07668 10.4455,
	8.0856 10.4422,
	8.10357 10.4343,
	8.11255 10.4301,
	8.13033 10.4239,
	8.1348 10.4221,
	8.15214 10.4201,
	8.15645 10.4198,
	8.17414 10.4144,
	8.17861 10.4127,
	8.19616 10.4089,
	8.20495 10.4071,
	8.20931 10.4064,
	8.24351 10.4074,
	8.26042 10.4096,
	8.26888 10.4106,
	8.28622 10.4093,
	8.3546 10.4115,
	8.37177 10.411,
	8.40976 10.4005,
	8.41951 10.3976,
	8.42957 10.3927,
	8.43975 10.3869,
	8.4422 10.3859,
	8.45156 10.3848,
	8.45615 10.3847,
	8.47518 10.3801,
	8.49454 10.3727,
	8.51321 10.3577,
	8.54398 10.3272,
	8.54785 10.3234,
	8.56664 10.3151,
	8.57129 10.3132,
	8.57361 10.3122,
	8.59138 10.3101,
	8.60023 10.3091,
	8.61723 10.3127,
	8.62578 10.3141,
	8.62998 10.3156,
	8.64609 10.3286,
	8.64809 10.3305,
	8.6537 10.346,
	8.65679 10.3538,
	8.66462 10.3696,
	8.68413 10.4018,
	8.69413 10.4181,
	8.69938 10.4263,
	8.71419 10.4592,
	8.72764 10.4921,
	8.73175 10.5084,
	8.73351 10.5166,
	8.73394 10.533,
	8.72779 10.599,
	8.72689 10.6155,
	8.73184 10.6325,
	8.73402 10.6409,
	8.73514 10.6493,
	8.73524 10.6577,
	8.73577 10.6619,
	8.73531 10.666,
	8.72296 10.6988,
	8.70892 10.7302,
	8.69015 10.7598,
	8.68546 10.7672,
	8.67418 10.7821,
	8.66199 10.7971,
	8.65645 10.8046,
	8.65368 10.8084,
	8.64778 10.8238,
	8.64502 10.8316,
	8.6136 10.8948,
	8.61124 10.8988,
	8.59729 10.9149,
	8.59082 10.923,
	8.58073 10.9391,
	8.57525 10.9472,
	8.57253 10.9512,
	8.55637 10.9651,
	8.54823 10.9722,
	8.53215 10.9836,
	8.52403 10.9893,
	8.51993 10.9924,
	8.51183 10.997,
	8.50778 10.9991,
	8.50576 11.0002,
	8.48949 11.0167,
	8.48076 11.025,
	8.47208 11.0322,
	8.45484 11.0438,
	8.43809 11.0492,
	8.42963 11.0519,
	8.39659 11.0542,
	8.37961 11.0577,
	8.36237 11.0622,
	8.35364 11.065,
	8.34509 11.0663,
	8.32753 11.0671,
	8.31019 11.0653,
	8.30585 11.0649,
	8.30371 11.0644,
	8.2852 11.0715,
	8.26686 11.0767,
	8.25768 11.079,
	8.25315 11.0796,
	8.23537 11.079,
	8.22653 11.0782,
	8.20838 11.0797,
	8.19928 11.0805,
	8.19469 11.0811,
	8.15925 11.0764,
	8.1419 11.0712,
	8.13326 11.0683,
	8.11517 11.0684,
	8.11069 11.0681,
	8.0737 11.0742,
	8.06449 11.0756,
	8.04525 11.0843,
	8.04052 11.0861,
	8.02075 11.0986,
	8.01087 11.1049,
	8.00591 11.1083,
	7.99128 11.1258,
	7.98364 11.1347,
	7.96985 11.1522,
	7.93375 11.1875,
	7.93111 11.1897,
	7.91797 11.2071,
	7.90787 11.2243,
	7.90252 11.2329,
	7.90037 11.2371,
	7.88796 11.2543,
	7.882 11.2629,
	7.86584 11.2801,
	7.86206 11.2843,
	7.85738 11.2881,
	7.83837 11.2968,
	7.82081 11.3006,
	7.81861 11.3012,
	7.81757 11.3012,
	7.80745 11.3081,
	7.8048 11.3102,
	7.78609 11.3188,
	7.77676 11.323,
	7.7589 11.3289,
	7.72389 11.3385,
	7.71955 11.3395,
	7.6993 11.3539,
	7.68174 11.3703,
	7.66795 11.387,
	7.66207 11.3953,
	7.65286 11.4121,
	7.65046 11.4164,
	7.6449 11.4333,
	7.64258 11.4375,
	7.62998 11.4547,
	7.62674 11.459,
	7.60945 11.4684,
	7.60088 11.4729,
	7.59659 11.4752,
	7.58009 11.4806,
	7.5719 11.4831,
	7.555 11.4913,
	7.5377 11.5029,
	7.5199 11.5195,
	7.51118 11.5269,
	7.49418 11.5384,
	7.46062 11.5579,
	7.45226 11.5624,
	7.43603 11.5652,
	7.42796 11.5657,
	7.4109 11.5771,
	7.39487 11.5944,
	7.38711 11.603,
	7.38328 11.6068,
	7.36646 11.6145,
	7.35805 11.6181,
	7.35382 11.6202,
	7.33713 11.6251,
	7.32876 11.6276,
	7.3119 11.6341,
	7.30348 11.637,
	7.28674 11.6407,
	7.26986 11.646,
	7.26139 11.6489,
	"/>
</Transform>

<Transform dim="0"
 xcoef=" 0 1 0 0 0 0"
 ycoef=" 0 0 1 0 0 0">
<Contour name="d04 copy" hidden="false" closed="true" simplified="true" border="1 0 0" fill="1 0 0" mode="11"
 points="8.01475 11.1021,
	8.01456 11.1016,
	8.01241 11.1014,
	8.01139 11.1009,
	8.00923 11.1008,
	8.00822 11.1003,
	8.00606 11.1001,
	7.99779 11.0976,
	7.99575 11.097,
	7.9952 11.097,
	7.99474 11.0965,
	7.99057 11.0956,
	7.98245 11.0929,
	7.98142 11.0927,
	7.98097 11.0921,
	7.97994 11.092,
	7.9794 11.092,
	7.97894 11.0915,
	7.97792 11.0913,
	7.97738 11.0913,
	7.9772 11.0908,
	7.97613 11.0908,
	7.97217 11.0892,
	7.97162 11.0892,
	7.97118 11.0887,
	7.96917 11.088,
	7.96865 11.088,
	7.96727 11.0868,
	7.96625 11.0866,
	7.96438 11.0851,
	7.96386 11.0851,
	7.96201 11.0836,
	7.96098 11.0834,
	7.96055 11.0829,
	7.95883 11.0822,
	7.9583 11.0822,
	7.95737 11.0815,
	7.95637 11.0813,
	7.95474 11.08,
	7.95408 11.0793,
	7.95355 11.0793,
	7.95193 11.0781,
	7.951 11.0773,
	7.95 11.0771,
	7.94935 11.0764,
	7.94882 11.0764,
	7.94698 11.0749,
	7.94606 11.0742,
	7.94507 11.0739,
	7.94489 11.0734,
	7.94436 11.0734,
	7.94088 11.071,
	7.94045 11.0705,
	7.93946 11.0703,
	7.93928 11.0697,
	7.93828 11.0695,
	7.93737 11.0688,
	7.93719 11.0683,
	7.93668 11.0683,
	7.93649 11.0678,
	7.93599 11.0678,
	7.93278 11.0653,
	7.93091 11.0641,
	7.92995 11.0636,
	7.92953 11.0631,
	7.92901 11.0631,
	7.92585 11.0604,
	7.92408 11.0586,
	7.92342 11.0578,
	7.92292 11.0579,
	7.92161 11.0564,
	7.92071 11.0556,
	7.9202 11.0556,
	7.91382 11.0488,
	7.91056 11.045,
	7.90776 11.0414,
	7.90544 11.0381,
	7.90242 11.0343,
	7.9011 11.0328,
	7.89986 11.0307,
	7.89938 11.0305,
	7.89945 11.0299,
	7.89717 11.0261,
	7.89536 11.0225,
	7.89498 11.0214,
	7.89451 11.0212,
	7.89457 11.0207,
	7.89332 11.0186,
	7.89253 11.0168,
	7.89206 11.0166,
	7.89076 11.0127,
	7.89032 11.0121,
	7.89039 11.0116,
	7.88803 11.008,
	7.8879 11.007,
	7.88663 11.0049,
	7.883 10.9969,
	7.8817 10.9948,
	7.88177 10.9943,
	7.88038 10.993,
	7.87994 10.9925,
	7.87969 10.9925,
	7.87929 10.9915,
	7.8813 10.9747,
	7.88236 10.9662,
	7.88277 10.962,
	7.88917 10.9283,
	7.89365 10.8945,
	7.89425 10.8775,
	7.89379 10.8606,
	7.89136 10.8266,
	7.89208 10.8095,
	7.88943 10.7753,
	7.88792 10.7582,
	7.88939 10.6867,
	7.89161 10.6509,
	7.89206 10.6421,
	7.89833 10.6068,
	7.8999 10.5981,
	7.90015 10.5959,
	7.91023 10.5612,
	7.91287 10.5526,
	7.91499 10.5483,
	7.92196 10.5399,
	7.92516 10.5357,
	7.92705 10.5336,
	7.93602 10.5312,
	7.9536 10.5297,
	7.95571 10.5303,
	7.96355 10.5379,
	7.96746 10.5418,
	7.97559 10.5466,
	7.97968 10.5489,
	7.98172 10.5501,
	7.98275 10.5506,
	8.00072 10.5448,
	8.00294 10.5443,
	8.00448 10.5425,
	8.00703 10.534,
	8.00446 10.5253,
	8.0033 10.521,
	8.00295 10.5167,
	8.00302 10.4826,
	8.00319 10.4784,
	8.00459 10.47,
	8.00556 10.4658,
	8.00591 10.465,
	8.02386 10.4578,
	8.04124 10.4559,
	8.07656 10.4455,
	8.08544 10.4423,
	8.10329 10.4346,
	8.11225 10.4304,
	8.12996 10.424,
	8.13441 10.4222,
	8.13552 10.4218,
	8.15275 10.42,
	8.15706 10.4195,
	8.17468 10.4141,
	8.17913 10.4124,
	8.19656 10.4089,
	8.20531 10.4071,
	8.20965 10.4064,
	8.24368 10.4074,
	8.26051 10.4096,
	8.26893 10.4106,
	8.28619 10.4093,
	8.35425 10.4115,
	8.37133 10.411,
	8.40906 10.4008,
	8.41876 10.3979,
	8.42874 10.3933,
	8.43886 10.3875,
	8.44373 10.3857,
	8.44839 10.3852,
	8.45074 10.3847,
	8.45532 10.3846,
	8.45764 10.3843,
	8.4766 10.3795,
	8.48624 10.3758,
	8.49104 10.3741,
	8.49345 10.3731,
	8.49466 10.3726,
	8.51358 10.3573,
	8.5442 10.3269,
	8.54805 10.3231,
	8.56671 10.3151,
	8.57135 10.3132,
	8.57366 10.3122,
	8.59135 10.3101,
	8.60015 10.3091,
	8.61707 10.3127,
	8.62558 10.3141,
	8.62976 10.3155,
	8.64582 10.3282,
	8.64781 10.3302,
	8.65339 10.3456,
	8.65646 10.3533,
	8.66452 10.369,
	8.68366 10.4011,
	8.69363 10.4173,
	8.69886 10.4255,
	8.71388 10.4582,
	8.72727 10.4909,
	8.73136 10.5072,
	8.73312 10.5154,
	8.73353 10.5164,
	8.734 10.5326,
	8.72788 10.5983,
	8.72698 10.6148,
	8.72897 10.6232,
	8.73383 10.6401,
	8.7352 10.6484,
	8.73532 10.6567,
	8.73585 10.6609,
	8.73563 10.6651,
	8.7236 10.6977,
	8.70934 10.7291,
	8.6909 10.7585,
	8.68625 10.7659,
	8.67524 10.7807,
	8.66312 10.7956,
	8.65758 10.8031,
	8.65482 10.8068,
	8.6528 10.8106,
	8.64701 10.826,
	8.64565 10.8299,
	8.64509 10.8318,
	8.61359 10.8948,
	8.61123 10.8988,
	8.59758 10.9148,
	8.59114 10.9228,
	8.58109 10.9388,
	8.57541 10.9469,
	8.5727 10.9509,
	8.55661 10.9649,
	8.54849 10.9721,
	8.5325 10.9833,
	8.52441 10.989,
	8.52034 10.9921,
	8.51228 10.9967,
	8.50827 10.9988,
	8.50624 10.9999,
	8.49034 11.016,
	8.48164 11.0243,
	8.47301 11.0315,
	8.47191 11.0325,
	8.45478 11.0438,
	8.43811 11.0492,
	8.4297 11.0519,
	8.39682 11.0541,
	8.37992 11.0576,
	8.36276 11.0621,
	8.35411 11.0647,
	8.34557 11.0662,
	8.32812 11.067,
	8.31086 11.0652,
	8.30654 11.0648,
	8.30438 11.0645,
	8.30331 11.0643,
	8.2849 11.0714,
	8.2666 11.0768,
	8.25747 11.0791,
	8.25295 11.0797,
	8.23526 11.0791,
	8.22646 11.0783,
	8.20841 11.0798,
	8.19935 11.0806,
	8.19478 11.0812,
	8.15952 11.0765,
	8.14227 11.0711,
	8.13367 11.0682,
	8.11567 11.0683,
	8.11122 11.0679,
	8.0744 11.0741,
	8.06524 11.0755,
	8.06412 11.0755,
	8.04493 11.0845,
	8.04016 11.0865,
	8.02049 11.0989,
	8.01558 11.1021,
	"/>
</Transform>

<Transform dim="0"
 xcoef=" 0 1 0 0 0 0"
 ycoef=" 0 0 1 0 0 0">
<Contour name="d23sp17" hidden="false" closed="true" simplified="true" border="1 0 0" fill="1 0 0" mode="11"
 points="6.69245 7.97222,
	6.68199 7.97143,
	6.67672 7.97106,
	6.67408 7.97096,
	6.67374 7.97095,
	6.66992 7.96497,
	6.6679 7.96198,
	6.66669 7.96066,
	6.66688 7.94903,
	6.66691 7.9432,
	6.6654 7.93152,
	6.66343 7.91983,
	6.66214 7.91398,
	6.66189 7.91251,
	6.66512 7.90108,
	6.66857 7.8897,
	6.67017 7.88402,
	6.67079 7.88117,
	6.67256 7.87838,
	6.68078 7.86735,
	6.68832 7.85635,
	6.68933 7.85498,
	6.70047 7.83288,
	6.70595 7.82191,
	6.707 7.81915,
	6.70983 7.80803,
	6.71102 7.80245,
	6.71174 7.80111,
	6.71215 7.79973,
	6.71104 7.77622,
	6.71094 7.77322,
	6.71097 7.77173,
	6.70979 7.76563,
	6.7092 7.76257,
	6.70482 7.75012,
	6.70258 7.74387,
	6.69571 7.71911,
	6.69396 7.71292,
	6.69345 7.71136,
	6.67779 7.68521,
	6.67369 7.67858,
	6.67163 7.67525,
	6.66095 7.66447,
	6.65559 7.65901,
	6.64476 7.64698,
	6.6393 7.64079,
	6.63794 7.63919,
	6.636 7.63574,
	6.63512 7.63403,
	6.63157 7.62106,
	6.63044 7.61776,
	6.62988 7.61611,
	6.62985 7.61553,
	6.62984 7.61533,
	6.63163 7.6127,
	6.63251 7.61137,
	6.63381 7.60865,
	6.63504 7.60799,
	6.63566 7.60757,
	6.67543 7.60354,
	6.69453 7.60118,
	6.69926 7.60057,
	6.70163 7.60038,
	6.72016 7.5927,
	6.72946 7.58889,
	6.73881 7.58459,
	6.74118 7.58386,
	6.76012 7.57124,
	6.76497 7.56785,
	6.76986 7.56497,
	6.78991 7.55547,
	6.79247 7.5543,
	6.79501 7.5535,
	6.79757 7.55302,
	6.8078 7.5528,
	6.81037 7.55281,
	6.81166 7.55265,
	6.8123 7.55256,
	6.82291 7.54533,
	6.82828 7.5417,
	6.83371 7.53768,
	6.85551 7.52691,
	6.85822 7.52615,
	6.8589 7.52587,
	6.8695 7.52664,
	6.87479 7.527,
	6.88013 7.52702,
	6.88145 7.52714,
	6.88212 7.52721,
	6.90227 7.54187,
	6.90477 7.54371,
	6.90605 7.54453,
	6.9083 7.54758,
	6.9095 7.54911,
	6.92168 7.573,
	6.92348 7.57606,
	6.92413 7.57754,
	6.92266 7.62283,
	6.92225 7.64552,
	6.92222 7.64837,
	6.92129 7.65394,
	6.91372 7.67577,
	6.91007 7.68669,
	6.9068 7.69767,
	6.9052 7.70316,
	6.90442 7.70592,
	6.90365 7.71151,
	6.9032 7.71431,
	6.90321 7.71575,
	6.90321 7.71646,
	6.89328 7.73795,
	6.88844 7.74872,
	6.88784 7.75006,
	6.88049 7.76043,
	6.87297 7.77076,
	6.87106 7.77334,
	6.86948 7.77597,
	6.85965 7.79755,
	6.85505 7.8084,
	6.85085 7.81936,
	6.84352 7.84161,
	6.84252 7.8444,
	6.83629 7.8552,
	6.8332 7.86063,
	6.83006 7.86562,
	6.82952 7.86692,
	6.81162 7.88445,
	6.807 7.88821,
	6.78811 7.90011,
	6.78327 7.9031,
	6.76306 7.92072,
	6.75799 7.9253,
	6.74834 7.93575,
	6.74335 7.941,
	6.73784 7.94604,
	6.73508 7.94847,
	6.71296 7.96393,
	6.71015 7.96586,
	6.69928 7.96976,
	6.69384 7.97156,
	"/>
</Transform>

<Transform dim="0"
 xcoef=" 0 1 0 0 0 0"
 ycoef=" 0 0 1 0 0 0">
<Contour name="d23sp17" hidden="false" closed="true" simplified="true" border="1 0 0" fill="1 0 0" mode="11"
 points="6.41654 7.73712,
	6.40729 7.73256,
	6.40269 7.73026,
	6.4015 7.73001,
	6.39338 7.70549,
	6.39389 7.68251,
	6.39435 7.67173,
	6.39438 7.671,
	6.40165 7.64941,
	6.40553 7.63863,
	6.41892 7.61855,
	6.42496 7.60841,
	6.43292 7.58718,
	6.44116 7.54317,
	6.44604 7.52163,
	6.44846 7.51092,
	6.44907 7.50826,
	6.46272 7.48987,
	6.4661 7.48535,
	6.46778 7.48378,
	6.48525 7.49028,
	6.51979 7.50557,
	6.53692 7.51686,
	6.5412 7.51964,
	6.55808 7.54607,
	6.56193 7.55243,
	6.56751 7.56441,
	6.57033 7.57037,
	6.57147 7.57325,
	6.57101 7.59367,
	6.57063 7.59872,
	6.57068 7.60132,
	6.56362 7.62039,
	6.5589 7.6298,
	6.54533 7.64802,
	6.50909 7.67519,
	6.49043 7.68672,
	6.48098 7.69322,
	6.46279 7.71135,
	6.45906 7.71623,
	6.45777 7.71877,
	6.4385 7.72647,
	6.42878 7.73099,
	6.41893 7.73688,
	"/>
</Transform>

<Transform dim="0"
 xcoef=" 0 1 0 0 0 0"
 ycoef=" 0 0 1 0 0 0">
<Contour name="d17sp10" hidden="false" closed="true" simplified="true" border="1 0 0" fill="1 0 0" mode="11"
 points="3.12433 9.98486,
	3.11234 9.98352,
	3.10631 9.98284,
	3.10332 9.98214,
	3.08121 9.95995,
	3.07543 9.95421,
	3.06391 9.93129,
	3.05592 9.90839,
	3.05187 9.89695,
	3.04409 9.85123,
	3.0413 9.82828,
	3.04081 9.81678,
	3.0398 9.811,
	3.04039 9.76445,
	3.04279 9.74078,
	3.04452 9.72879,
	3.04542 9.72276,
	3.04588 9.71974,
	3.04599 9.71898,
	3.0461 9.71822,
	3.06003 9.66805,
	3.07439 9.64202,
	3.08081 9.62879,
	3.08279 9.62545,
	3.09585 9.61202,
	3.10271 9.60528,
	3.10917 9.60105,
	3.13383 9.59093,
	3.18194 9.57515,
	3.1938 9.57137,
	3.21681 9.56812,
	3.22809 9.5678,
	3.24954 9.57535,
	3.27002 9.59008,
	3.28065 9.5974,
	3.28373 9.60291,
	3.28799 9.62771,
	3.28914 9.63994,
	3.29446 9.66406,
	3.31914 9.71122,
	3.32768 9.73467,
	3.33359 9.75797,
	3.33493 9.76377,
	3.33341 9.77542,
	3.33266 9.78124,
	3.3323 9.78414,
	3.33211 9.78559,
	3.32149 9.79741,
	3.31838 9.79965,
	3.29487 9.80612,
	3.28303 9.80946,
	3.27078 9.81575,
	3.26495 9.81881,
	3.21821 9.86538,
	3.20628 9.87578,
	3.20098 9.88095,
	3.18588 9.90424,
	3.16321 9.95053,
	3.1606 9.95632,
	3.15095 9.96797,
	3.14608 9.97379,
	3.13367 9.98044,
	3.12745 9.98339,
	"/>
</Transform>

<Transform dim="0"
 xcoef=" 0 1 0 0 0 0"
 ycoef=" 0 0 1 0 0 0">
<Contour name="d23sph17" hidden="false" closed="true" simplified="true" border="1 0 0" fill="1 0 0" mode="11"
 points="6.69245 7.97222,
	6.68199 7.97143,
	6.67672 7.97106,
	6.67408 7.97096,
	6.67374 7.97095,
	6.66992 7.96497,
	6.6679 7.96198,
	6.66669 7.96066,
	6.66688 7.94903,
	6.66691 7.9432,
	6.6654 7.93152,
	6.66343 7.91983,
	6.66214 7.91398,
	6.66189 7.91251,
	6.66512 7.90108,
	6.66857 7.8897,
	6.67017 7.88402,
	6.67079 7.88117,
	6.67256 7.87838,
	6.68078 7.86735,
	6.68832 7.85635,
	6.68933 7.85498,
	6.70047 7.83288,
	6.70595 7.82191,
	6.707 7.81915,
	6.70983 7.80803,
	6.71102 7.80245,
	6.71174 7.80111,
	6.71215 7.79973,
	6.71104 7.77622,
	6.71094 7.77322,
	6.71097 7.77173,
	6.70979 7.76563,
	6.7092 7.76257,
	6.70482 7.75012,
	6.70258 7.74387,
	6.69571 7.71911,
	6.69396 7.71292,
	6.69345 7.71136,
	6.67779 7.68521,
	6.67369 7.67858,
	6.67163 7.67525,
	6.66095 7.66447,
	6.65559 7.65901,
	6.64476 7.64698,
	6.6393 7.64079,
	6.63794 7.63919,
	6.636 7.63574,
	6.63512 7.63403,
	6.63157 7.62106,
	6.63044 7.61776,
	6.62988 7.61611,
	6.62985 7.61553,
	6.62984 7.61533,
	6.63163 7.6127,
	6.63251 7.61137,
	6.63381 7.60865,
	6.63504 7.60799,
	6.63566 7.60757,
	6.67543 7.60354,
	6.69453 7.60118,
	6.69926 7.60057,
	6.70163 7.60038,
	6.72016 7.5927,
	6.72946 7.58889,
	6.73881 7.58459,
	6.74118 7.58386,
	6.76012 7.57124,
	6.76497 7.56785,
	6.76986 7.56497,
	6.78991 7.55547,
	6.79247 7.5543,
	6.79501 7.5535,
	6.79757 7.55302,
	6.8078 7.5528,
	6.81037 7.55281,
	6.81166 7.55265,
	6.8123 7.55256,
	6.82291 7.54533,
	6.82828 7.5417,
	6.83371 7.53768,
	6.85551 7.52691,
	6.85822 7.52615,
	6.8589 7.52587,
	6.8695 7.52664,
	6.87479 7.527,
	6.88013 7.52702,
	6.88145 7.52714,
	6.88212 7.52721,
	6.90227 7.54187,
	6.90477 7.54371,
	6.90605 7.54453,
	6.9083 7.54758,
	6.9095 7.54911,
	6.92168 7.573,
	6.92348 7.57606,
	6.92413 7.57754,
	6.92266 7.62283,
	6.92225 7.64552,
	6.92222 7.64837,
	6.92129 7.65394,
	6.91372 7.67577,
	6.91007 7.68669,
	6.9068 7.69767,
	6.9052 7.70316,
	6.90442 7.70592,
	6.90365 7.71151,
	6.9032 7.71431,
	6.90321 7.71575,
	6.90321 7.71646,
	6.89328 7.73795,
	6.88844 7.74872,
	6.88784 7.75006,
	6.88049 7.76043,
	6.87297 7.77076,
	6.87106 7.77334,
	6.86948 7.77597,
	6.85965 7.79755,
	6.85505 7.8084,
	6.85085 7.81936,
	6.84352 7.84161,
	6.84252 7.8444,
	6.83629 7.8552,
	6.8332 7.86063,
	6.83006 7.86562,
	6.82952 7.86692,
	6.81162 7.88445,
	6.807 7.88821,
	6.78811 7.90011,
	6.78327 7.9031,
	6.76306 7.92072,
	6.75799 7.9253,
	6.74834 7.93575,
	6.74335 7.941,
	6.73784 7.94604,
	6.73508 7.94847,
	6.71296 7.96393,
	6.71015 7.96586,
	6.69928 7.96976,
	6.69384 7.97156,
	"/>
</Transform>

<Transform dim="0"
 xcoef=" 0 1 0 0 0 0"
 ycoef=" 0 0 1 0 0 0">
<Contour name="d23sph17" hidden="false" closed="true" simplified="true" border="1 0 0" fill="1 0 0" mode="11"
 points="6.41654 7.73712,
	6.40729 7.73256,
	6.40269 7.73026,
	6.4015 7.73001,
	6.39338 7.70549,
	6.39389 7.68251,
	6.39435 7.67173,
	6.39438 7.671,
	6.40165 7.64941,
	6.40553 7.63863,
	6.41892 7.61855,
	6.42496 7.60841,
	6.43292 7.58718,
	6.44116 7.54317,
	6.44604 7.52163,
	6.44846 7.51092,
	6.44907 7.50826,
	6.46272 7.48987,
	6.4661 7.48535,
	6.46778 7.48378,
	6.48525 7.49028,
	6.51979 7.50557,
	6.53692 7.51686,
	6.5412 7.51964,
	6.55808 7.54607,
	6.56193 7.55243,
	6.56751 7.56441,
	6.57033 7.57037,
	6.57147 7.57325,
	6.57101 7.59367,
	6.57063 7.59872,
	6.57068 7.60132,
	6.56362 7.62039,
	6.5589 7.6298,
	6.54533 7.64802,
	6.50909 7.67519,
	6.49043 7.68672,
	6.48098 7.69322,
	6.46279 7.71135,
	6.45906 7.71623,
	6.45777 7.71877,
	6.4385 7.72647,
	6.42878 7.73099,
	6.41893 7.73688,
	"/>
</Transform>

<Transform dim="0"
 xcoef=" 0 1 0 0 0 0"
 ycoef=" 0 0 1 0 0 0">
<Contour name="d17sph11" hidden="false" closed="true" simplified="true" border="1 0 0" fill="1 0 0" mode="11"
 points="5.70839 7.89237,
	5.69464 7.89209,
	5.69121 7.89203,
	5.688 7.8899,
	5.68184 7.8828,
	5.67963 7.87883,
	5.67851 7.87117,
	5.67859 7.87022,
	5.67866 7.86929,
	5.68194 7.86164,
	5.68316 7.85776,
	5.69571 7.84346,
	5.71004 7.83793,
	5.71718 7.83518,
	5.74477 7.83292,
	5.75805 7.83615,
	5.76116 7.83913,
	5.76382 7.84689,
	5.76514 7.85078,
	5.76117 7.86611,
	5.75462 7.87275,
	5.75096 7.87559,
	5.72287 7.88483,
	"/>
</Transform>

<Transform dim="0"
 xcoef=" 0 1 0 0 0 0"
 ycoef=" 0 0 1 0 0 0">
<Contour name="d17sp11" hidden="false" closed="true" simplified="true" border="1 0 0" fill="1 0 0" mode="11"
 points="4.58626 8.12533,
	4.58471 8.12429,
	4.58491 8.11603,
	4.58919 8.09942,
	4.59175 8.0826,
	4.59047 8.01617,
	4.59014 7.98251,
	4.58613 7.94833,
	4.58084 7.91402,
	4.57715 7.8968,
	4.57191 7.8795,
	4.57189 7.87844,
	4.59787 7.86975,
	4.65109 7.86628,
	4.66458 7.8662,
	4.67137 7.86562,
	4.69845 7.87079,
	4.72583 7.87378,
	4.73274 7.87423,
	4.73955 7.87687,
	4.76653 7.89523,
	4.78033 7.89944,
	4.8074 7.91787,
	4.81328 7.93628,
	4.81474 7.95442,
	4.81443 7.97239,
	4.81413 7.97685,
	4.80526 7.99411,
	4.79814 7.99911,
	4.79118 8.00185,
	4.76436 7.99929,
	4.75766 7.99966,
	4.73076 8.01079,
	4.71761 8.01462,
	4.71108 8.01705,
	4.68538 8.0342,
	4.66067 8.05332,
	4.65465 8.05783,
	4.64511 8.07324,
	4.63354 8.08826,
	4.6278 8.0947,
	4.61634 8.1035,
	4.60394 8.11523,
	4.5911 8.12231,
	4.58788 8.12433,
	"/>
</Transform>

<Transform dim="0"
 xcoef=" 0 1 0 0 0 0"
 ycoef=" 0 0 1 0 0 0">
<Contour name="d17sp11" hidden="false" closed="true" simplified="true" border="1 0 0" fill="1 0 0" mode="11"
 points="5.70839 7.89237,
	5.69464 7.89209,
	5.69121 7.89203,
	5.688 7.8899,
	5.68184 7.8828,
	5.67963 7.87883,
	5.67851 7.87117,
	5.67859 7.87022,
	5.67866 7.86929,
	5.68194 7.86164,
	5.68316 7.85776,
	5.69571 7.84346,
	5.71004 7.83793,
	5.71718 7.83518,
	5.74477 7.83292,
	5.75805 7.83615,
	5.76116 7.83913,
	5.76382 7.84689,
	5.76514 7.85078,
	5.76117 7.86611,
	5.75462 7.87275,
	5.75096 7.87559,
	5.72287 7.88483,
	"/>
</Transform>

<Transform dim="0"
 xcoef=" 0 1 0 0 0 0"
 ycoef=" 0 0 1 0 0 0">
<Contour name="d07sp20" hidden="false" closed="true" simplified="true" border="1 0 0" fill="1 0 0" mode="11"
 points="7.3184 8.64049,
	7.09825 8.487,
	6.99339 8.40979,
	6.96734 8.39003,
	6.96569 8.38907,
	6.96492 8.38813,
	6.96854 8.38727,
	6.99628 8.39139,
	7.02462 8.38982,
	7.03884 8.38803,
	7.05333 8.38342,
	7.08141 8.3814,
	7.09539 8.38032,
	7.10277 8.37889,
	7.11711 8.37974,
	7.1306 8.38729,
	7.13742 8.39058,
	7.16676 8.38656,
	7.18139 8.38462,
	7.18863 8.38416,
	7.20375 8.3776,
	7.20747 8.37645,
	7.22336 8.3625,
	7.23097 8.35844,
	7.23477 8.35643,
	7.24923 8.35506,
	7.2565 8.35397,
	7.27133 8.34908,
	7.28632 8.34251,
	7.29407 8.33696,
	7.30149 8.33427,
	7.31604 8.33172,
	7.34478 8.32974,
	7.35196 8.32909,
	7.36557 8.33512,
	7.39328 8.34283,
	7.40702 8.34812,
	7.42052 8.35617,
	7.42391 8.35819,
	7.42944 8.36579,
	7.43248 8.38053,
	7.4336 8.38789,
	7.43135 8.40238,
	7.42341 8.4314,
	7.41842 8.46088,
	7.41464 8.47568,
	7.41231 8.48309,
	7.41114 8.48681,
	7.38723 8.51625,
	7.37528 8.53122,
	7.37333 8.53309,
	7.36878 8.54837,
	7.36559 8.55604,
	7.36445 8.55988,
	7.35346 8.57522,
	7.34617 8.59069,
	7.34297 8.59847,
	7.3394 8.61406,
	7.33527 8.62187,
	7.33321 8.62578,
	"/>
</Transform>

<Transform dim="0"
 xcoef=" 0 1 0 0 0 0"
 ycoef=" 0 0 1 0 0 0">
<Contour name="d23sp19" hidden="false" closed="true" simplified="true" border="1 0 0" fill="1 0 0" mode="11"
 points="10.0529 8.30869,
	10.0135 8.30534,
	10.004 8.30239,
	9.96669 8.28628,
	9.92969 8.27074,
	9.92041 8.26733,
	9.91814 8.26609,
	9.8959 8.2831,
	9.89041 8.28681,
	9.88753 8.28946,
	9.88227 8.29165,
	9.87209 8.29372,
	9.86313 8.28802,
	9.85873 8.28477,
	9.85247 8.25854,
	9.84931 8.23218,
	9.85636 8.18303,
	9.85814 8.17103,
	9.85901 8.16507,
	9.85944 8.16209,
	9.85965 8.16062,
	9.85976 8.15989,
	9.86262 8.14834,
	9.86404 8.14261,
	9.86505 8.13981,
	9.86526 8.13834,
	9.88576 8.11859,
	9.9231 8.07965,
	9.92733 8.07479,
	9.95195 8.03516,
	9.96483 8.01601,
	9.97981 7.99762,
	9.99648 7.97984,
	10.005 7.97109,
	10.0076 7.96963,
	10.0272 7.96478,
	10.0321 7.9637,
	10.0709 7.96401,
	10.1107 7.96736,
	10.1516 7.97488,
	10.1724 7.97789,
	10.1831 7.97901,
	10.1884 7.97987,
	10.2091 7.99023,
	10.2143 7.99297,
	10.2168 7.99433,
	10.224 8.00483,
	10.2262 8.01005,
	10.2278 8.02047,
	10.2289 8.0231,
	10.239 8.0319,
	10.2603 8.03846,
	10.2821 8.0437,
	10.3038 8.05026,
	10.3146 8.05451,
	10.336 8.0663,
	10.3446 8.0771,
	10.3459 8.07846,
	10.3444 8.08911,
	10.343 8.09446,
	10.3306 8.11613,
	10.3187 8.12433,
	10.3073 8.1249,
	10.2849 8.12392,
	10.2625 8.12436,
	10.257 8.1243,
	10.2338 8.13186,
	10.228 8.13396,
	10.2041 8.14963,
	10.1981 8.15395,
	10.1857 8.16553,
	10.1795 8.17134,
	10.1622 8.19484,
	10.1495 8.21859,
	10.1457 8.23062,
	10.1444 8.24282,
	10.1429 8.24886,
	10.1378 8.2608,
	10.1356 8.26679,
	10.1287 8.27851,
	10.1247 8.28353,
	10.1022 8.29808,
	10.0994 8.2993,
	10.079 8.30149,
	10.0581 8.30715,
	"/>
</Transform>

<Transform dim="0"
 xcoef=" 0 1 0 0 0 0"
 ycoef=" 0 0 1 0 0 0">
<Contour name="d23sph19" hidden="false" closed="true" simplified="true" border="1 0 0" fill="1 0 0" mode="11"
 points="10.0529 8.30869,
	10.0135 8.30534,
	10.004 8.30239,
	9.96669 8.28628,
	9.92969 8.27074,
	9.92041 8.26733,
	9.91814 8.26609,
	9.8959 8.2831,
	9.89041 8.28681,
	9.88753 8.28946,
	9.88227 8.29165,
	9.87209 8.29372,
	9.86313 8.28802,
	9.85873 8.28477,
	9.85247 8.25854,
	9.84931 8.23218,
	9.85636 8.18303,
	9.85814 8.17103,
	9.85901 8.16507,
	9.85944 8.16209,
	9.85965 8.16062,
	9.85976 8.15989,
	9.86262 8.14834,
	9.86404 8.14261,
	9.86505 8.13981,
	9.86526 8.13834,
	9.88576 8.11859,
	9.9231 8.07965,
	9.92733 8.07479,
	9.95195 8.03516,
	9.96483 8.01601,
	9.97981 7.99762,
	9.99648 7.97984,
	10.005 7.97109,
	10.0076 7.96963,
	10.0272 7.96478,
	10.0321 7.9637,
	10.0709 7.96401,
	10.1107 7.96736,
	10.1516 7.97488,
	10.1724 7.97789,
	10.1831 7.97901,
	10.1884 7.97987,
	10.2091 7.99023,
	10.2143 7.99297,
	10.2168 7.99433,
	10.224 8.00483,
	10.2262 8.01005,
	10.2278 8.02047,
	10.2289 8.0231,
	10.239 8.0319,
	10.2603 8.03846,
	10.2821 8.0437,
	10.3038 8.05026,
	10.3146 8.05451,
	10.336 8.0663,
	10.3446 8.0771,
	10.3459 8.07846,
	10.3444 8.08911,
	10.343 8.09446,
	10.3306 8.11613,
	10.3187 8.12433,
	10.3073 8.1249,
	10.2849 8.12392,
	10.2625 8.12436,
	10.257 8.1243,
	10.2338 8.13186,
	10.228 8.13396,
	10.2041 8.14963,
	10.1981 8.15395,
	10.1857 8.16553,
	10.1795 8.17134,
	10.1622 8.19484,
	10.1495 8.21859,
	10.1457 8.23062,
	10.1444 8.24282,
	10.1429 8.24886,
	10.1378 8.2608,
	10.1356 8.26679,
	10.1287 8.27851,
	10.1247 8.28353,
	10.1022 8.29808,
	10.0994 8.2993,
	10.079 8.30149,
	10.0581 8.30715,
	"/>
</Transform>

<Transform dim="0"
 xcoef=" 0 1 0 0 0 0"
 ycoef=" 0 0 1 0 0 0">
<Contour name="d05sp20" hidden="false" closed="true" simplified="true" border="1 0 0" fill="1 0 0" mode="11"
 points="9.09107 10.2626,
	9.06103 10.2583,
	8.95001 10.2132,
	8.93554 10.2052,
	8.93556 10.2048,
	8.9357 10.2026,
	8.93583 10.2005,
	8.93597 10.1983,
	8.93604 10.1973,
	8.89225 10.1733,
	8.86069 10.1484,
	8.84514 10.1326,
	8.80291 10.0621,
	8.77956 10.0267,
	8.77235 10.0179,
	8.75554 9.98304,
	8.74137 9.96563,
	8.73624 9.95695,
	8.73297 9.92218,
	8.7357 9.8523,
	8.73584 9.85012,
	8.75229 9.84368,
	8.78401 9.8507,
	8.81717 9.84278,
	8.84715 9.87223,
	8.86047 9.90785,
	8.86387 9.91678,
	8.8903 9.9534,
	8.95445 10.0128,
	9.01708 10.0804,
	9.04473 10.1128,
	9.05085 10.1305,
	9.05297 10.1392,
	9.07819 10.1646,
	9.10276 10.1973,
	9.11395 10.2124,
	9.12143 10.229,
	9.12136 10.245,
	9.1145 10.2524,
	9.11159 10.2532,
	9.10737 10.2578,
	"/>
</Transform>

<Transform dim="0"
 xcoef=" 0 1 0 0 0 0"
 ycoef=" 0 0 1 0 0 0">
<Contour name="d05sp20" hidden="false" closed="true" simplified="true" border="1 0 0" fill="1 0 0" mode="11"
 points="7.89053 9.42887,
	7.88214 9.42569,
	7.86795 9.40884,
	7.86195 9.3993,
	7.86283 9.3819,
	7.86798 9.36485,
	7.86458 9.34615,
	7.85692 9.32633,
	7.85234 9.28751,
	7.8528 9.27793,
	7.82513 9.19417,
	7.80813 9.15201,
	7.80267 9.13172,
	7.79984 9.0929,
	7.79997 9.08818,
	7.80004 9.0858,
	7.81113 9.06859,
	7.82823 9.06191,
	7.84108 9.04526,
	7.87441 9.04634,
	7.90711 9.05487,
	7.93913 9.07338,
	7.955 9.07928,
	7.96292 9.08108,
	7.96686 9.08199,
	7.99786 9.11552,
	8.02875 9.14156,
	8.05945 9.1711,
	8.06711 9.17706,
	8.08992 9.21684,
	8.09561 9.22647,
	8.0973 9.26218,
	8.09115 9.29667,
	8.07918 9.31314,
	8.06469 9.34623,
	8.0543 9.36234,
	8.04808 9.37027,
	8.03168 9.3796,
	8.0153 9.38468,
	7.9826 9.38407,
	7.94986 9.37637,
	7.93269 9.38726,
	7.92566 9.40352,
	7.92318 9.4117,
	7.92298 9.41587,
	7.90756 9.42879,
	"/>
</Transform>

<Transform dim="0"
 xcoef=" 0 1 0 0 0 0"
 ycoef=" 0 0 1 0 0 0">
<Contour name="d17sph10" hidden="false" closed="true" simplified="true" border="1 0 0" fill="1 0 0" mode="11"
 points="3.12433 9.98486,
	3.11234 9.98352,
	3.10631 9.98284,
	3.10332 9.98214,
	3.08121 9.95995,
	3.07543 9.95421,
	3.06391 9.93129,
	3.05592 9.90839,
	3.05187 9.89695,
	3.04409 9.85123,
	3.0413 9.82828,
	3.04081 9.81678,
	3.0398 9.811,
	3.04039 9.76445,
	3.04279 9.74078,
	3.04452 9.72879,
	3.04542 9.72276,
	3.04588 9.71974,
	3.04599 9.71898,
	3.0461 9.71822,
	3.06003 9.66805,
	3.07439 9.64202,
	3.08081 9.62879,
	3.08279 9.62545,
	3.09585 9.61202,
	3.10271 9.60528,
	3.10917 9.60105,
	3.13383 9.59093,
	3.18194 9.57515,
	3.1938 9.57137,
	3.21681 9.56812,
	3.22809 9.5678,
	3.24954 9.57535,
	3.27002 9.59008,
	3.28065 9.5974,
	3.28373 9.60291,
	3.28799 9.62771,
	3.28914 9.63994,
	3.29446 9.66406,
	3.31914 9.71122,
	3.32768 9.73467,
	3.33359 9.75797,
	3.33493 9.76377,
	3.33341 9.77542,
	3.33266 9.78124,
	3.3323 9.78414,
	3.33211 9.78559,
	3.32149 9.79741,
	3.31838 9.79965,
	3.29487 9.80612,
	3.28303 9.80946,
	3.27078 9.81575,
	3.26495 9.81881,
	3.21821 9.86538,
	3.20628 9.87578,
	3.20098 9.88095,
	3.18588 9.90424,
	3.16321 9.95053,
	3.1606 9.95632,
	3.15095 9.96797,
	3.14608 9.97379,
	3.13367 9.98044,
	3.12745 9.98339,
	"/>
</Transform>

<Transform dim="0"
 xcoef=" 0 1 0 0 0 0"
 ycoef=" 0 0 1 0 0 0">
<Contour name="d17sern11" hidden="false" closed="true" simplified="true" border="1 0 0" fill="1 0 0" mode="11"
 points="4.62965 8.04735,
	4.61998 8.04638,
	4.61947 8.03299,
	4.60976 8.0321,
	4.60914 8.01864,
	4.61893 8.01952,
	4.61839 8.00598,
	4.6283 8.0069,
	4.62876 8.02045,
	4.63863 8.02142,
	4.639 8.03493,
	4.62921 8.03393,
	"/>
</Transform>

<Transform dim="0"
 xcoef=" 0 1 0 0 0 0"
 ycoef=" 0 0 1 0 0 0">
<Contour name="d07sah20" hidden="false" closed="true" simplified="true" border="1 1 0" fill="1 1 0" mode="11"
 points="7.23138 8.524,
	7.23983 8.51546,
	7.30117 8.51334,
	7.30677 8.44905,
	7.246 8.45056,
	7.24056 8.50733,
	7.23211 8.51586,
	7.2392 8.44281,
	7.31509 8.44106,
	7.30822 8.52132,
	"/>
</Transform>

<Transform dim="0"
 xcoef=" 0 1 0 0 0 0"
 ycoef=" 0 0 1 0 0 0">
<Contour name="d17p11" hidden="false" closed="true" simplified="true" border="1 0 0" fill="1 0 0" mode="11"
 points="4.5218 8.04984,
	4.49661 7.99422,
	4.54347 7.9934,
	"/>
</Transform>

<Transform dim="0"
 xcoef=" 0 1 0 0 0 0"
 ycoef=" 0 0 1 0 0 0">
<Contour name="d17sp12" hidden="false" closed="true" simplified="true" border="1 0 0" fill="1 0 0" mode="11"
 points="3.66891 8.05676,
	3.6572 8.0482,
	3.63339 8.02829,
	3.62743 8.02331,
	3.62024 8.01195,
	3.61905 8.00629,
	3.61818 8.00414,
	3.61812 8.00344,
	3.62036 7.99781,
	3.62148 7.99499,
	3.63182 7.98881,
	3.65269 7.98011,
	3.66294 7.97476,
	3.67326 7.97085,
	3.67849 7.96961,
	3.68111 7.969,
	3.68387 7.9698,
	3.68317 7.97543,
	3.68215 7.97821,
	3.67327 7.98919,
	3.67048 7.99473,
	3.66759 8.00587,
	3.66503 8.02816,
	3.66486 8.03373,
	3.66954 8.05607,
	"/>
</Transform>

<Transform dim="0"
 xcoef=" 0 1 0 0 0 0"
 ycoef=" 0 0 1 0 0 0">
<Contour name="d17sp12" hidden="false" closed="true" simplified="true" border="1 0 0" fill="1 0 0" mode="11"
 points="3.00941 7.90836,
	2.95963 7.89345,
	2.911 7.87519,
	2.89884 7.87269,
	2.87491 7.86415,
	2.86333 7.85629,
	2.85764 7.85146,
	2.83651 7.82394,
	2.8226 7.79396,
	2.81835 7.76445,
	2.81657 7.74974,
	2.81525 7.68991,
	2.81806 7.63116,
	2.81787 7.62387,
	2.81814 7.62026,
	2.81168 7.59094,
	2.80848 7.5764,
	2.79713 7.54713,
	2.77948 7.51763,
	2.75846 7.49595,
	2.74817 7.48379,
	2.73894 7.46903,
	2.73402 7.46163,
	2.72949 7.43295,
	2.72847 7.41867,
	2.72882 7.41603,
	2.72893 7.41515,
	2.73844 7.38741,
	2.74475 7.37366,
	2.74726 7.36673,
	2.75186 7.35998,
	2.76387 7.34677,
	2.78878 7.33218,
	2.79492 7.32921,
	2.81838 7.32448,
	2.82443 7.32245,
	2.85001 7.30834,
	2.87689 7.28919,
	2.89055 7.27923,
	2.91738 7.2628,
	2.9677 7.24775,
	2.99282 7.24047,
	3.00556 7.23636,
	3.01227 7.23515,
	3.01585 7.23368,
	3.04199 7.23132,
	3.05473 7.23139,
	3.07927 7.23489,
	3.10441 7.23575,
	3.15548 7.23298,
	3.17991 7.23452,
	3.192 7.23527,
	3.23683 7.24752,
	3.25946 7.24969,
	3.30372 7.25047,
	3.32393 7.25496,
	3.34187 7.2669,
	3.3601 7.27703,
	3.39795 7.29293,
	3.40784 7.2959,
	3.41274 7.29779,
	3.43148 7.31118,
	3.44102 7.31831,
	3.45982 7.33679,
	3.46921 7.34806,
	3.48941 7.36729,
	3.50977 7.38833,
	3.52758 7.41492,
	3.53914 7.44186,
	3.54362 7.45524,
	3.54676 7.46856,
	3.54858 7.4818,
	3.55038 7.50837,
	3.54909 7.53507,
	3.54813 7.54176,
	3.5396 7.56849,
	3.53517 7.58209,
	3.52389 7.60954,
	3.51774 7.62349,
	3.51507 7.63055,
	3.50409 7.64258,
	3.50137 7.64607,
	3.49483 7.66044,
	3.47843 7.68944,
	3.46061 7.71795,
	3.43875 7.74078,
	3.4167 7.76599,
	3.41106 7.77232,
	3.40626 7.78703,
	3.40559 7.79071,
	3.39614 7.8043,
	3.39018 7.80964,
	3.37816 7.81386,
	3.36671 7.82549,
	3.35003 7.85447,
	3.33769 7.86783,
	3.33191 7.87402,
	3.32019 7.88091,
	3.31429 7.88344,
	3.30239 7.88026,
	3.29641 7.87457,
	3.28443 7.86039,
	3.28293 7.85666,
	3.28067 7.84187,
	3.28067 7.84004,
	3.27542 7.83251,
	3.27242 7.82965,
	3.26639 7.82763,
	3.26337 7.82663,
	3.26187 7.82567,
	3.24969 7.83364,
	3.24659 7.84825,
	3.24579 7.85557,
	3.24502 7.85922,
	3.23499 7.87359,
	3.22259 7.88053,
	3.19759 7.88068,
	3.18528 7.88658,
	3.17288 7.8951,
	3.16668 7.89843,
	3.1543 7.90055,
	3.14809 7.90205,
	3.098 7.90195,
	3.07276 7.90299,
	3.04743 7.90569,
	3.03473 7.90835,
	"/>
</Transform>

<Transform dim="0"
 xcoef=" 0 1 0 0 0 0"
 ycoef=" 0 0 1 0 0 0">
<Contour name="d17sp14" hidden="false" closed="true" simplified="true" border="1 0 0" fill="1 0 0" mode="11"
 points="4.74199 7.22794,
	4.73305 7.22737,
	4.72867 7.22651,
	4.72025 7.22278,
	4.71815 7.22177,
	4.7171 7.22126,
	4.70961 7.21344,
	4.70607 7.20906,
	4.69801 7.20135,
	4.68927 7.19571,
	4.68039 7.19092,
	4.67137 7.18728,
	4.66684 7.18559,
	4.64837 7.18181,
	4.64379 7.18069,
	4.64151 7.18013,
	4.63713 7.17749,
	4.63493 7.17632,
	4.62653 7.16884,
	4.62547 7.16792,
	4.61637 7.1659,
	4.6118 7.16503,
	4.60288 7.16204,
	4.60068 7.16113,
	4.59663 7.15683,
	4.59464 7.15436,
	4.59505 7.14939,
	4.59511 7.14689,
	4.59515 7.14658,
	4.59826 7.13655,
	4.59951 7.13151,
	4.60797 7.11123,
	4.61063 7.10613,
	4.61182 7.10358,
	4.61885 7.09336,
	4.62753 7.08314,
	4.63157 7.07804,
	4.65043 7.05765,
	4.65299 7.05511,
	4.66297 7.04692,
	4.67278 7.04006,
	4.67762 7.03729,
	4.68717 7.03305,
	4.70633 7.02372,
	4.71585 7.01958,
	4.72055 7.01815,
	4.72291 7.01727,
	4.73217 7.01697,
	4.73449 7.01674,
	4.7436 7.01927,
	4.74818 7.02037,
	4.7572 7.02475,
	4.76173 7.02677,
	4.77074 7.03167,
	4.7887 7.0429,
	4.79316 7.04575,
	4.8101 7.05836,
	4.81848 7.06409,
	4.82658 7.07242,
	4.83059 7.07671,
	4.8323 7.079,
	4.83744 7.08819,
	4.83972 7.09278,
	4.84067 7.10203,
	4.84127 7.10664,
	4.84053 7.11591,
	4.83917 7.12519,
	4.83409 7.14378,
	4.83265 7.14843,
	4.82452 7.16713,
	4.82036 7.17648,
	4.80876 7.19533,
	4.80547 7.20007,
	4.79687 7.20966,
	4.78695 7.21532,
	4.77716 7.22014,
	4.77231 7.22213,
	4.76984 7.22342,
	4.76044 7.22568,
	4.75573 7.22682,
	4.74657 7.22766,
	"/>
</Transform>

<Transform dim="0"
 xcoef=" 0 1 0 0 0 0"
 ycoef=" 0 0 1 0 0 0">
<Contour name="d17sph14" hidden="false" closed="true" simplified="true" border="1 0 0" fill="1 0 0" mode="11"
 points="4.74199 7.22794,
	4.73305 7.22737,
	4.72867 7.22651,
	4.72025 7.22278,
	4.71815 7.22177,
	4.7171 7.22126,
	4.70961 7.21344,
	4.70607 7.20906,
	4.69801 7.20135,
	4.68927 7.19571,
	4.68039 7.19092,
	4.67137 7.18728,
	4.66684 7.18559,
	4.64837 7.18181,
	4.64379 7.18069,
	4.64151 7.18013,
	4.63713 7.17749,
	4.63493 7.17632,
	4.62653 7.16884,
	4.62547 7.16792,
	4.61637 7.1659,
	4.6118 7.16503,
	4.60288 7.16204,
	4.60068 7.16113,
	4.59663 7.15683,
	4.59464 7.15436,
	4.59505 7.14939,
	4.59511 7.14689,
	4.59515 7.14658,
	4.59826 7.13655,
	4.59951 7.13151,
	4.60797 7.11123,
	4.61063 7.10613,
	4.61182 7.10358,
	4.61885 7.09336,
	4.62753 7.08314,
	4.63157 7.07804,
	4.65043 7.05765,
	4.65299 7.05511,
	4.66297 7.04692,
	4.67278 7.04006,
	4.67762 7.03729,
	4.68717 7.03305,
	4.70633 7.02372,
	4.71585 7.01958,
	4.72055 7.01815,
	4.72291 7.01727,
	4.73217 7.01697,
	4.73449 7.01674,
	4.7436 7.01927,
	4.74818 7.02037,
	4.7572 7.02475,
	4.76173 7.02677,
	4.77074 7.03167,
	4.7887 7.0429,
	4.79316 7.04575,
	4.8101 7.05836,
	4.81848 7.06409,
	4.82658 7.07242,
	4.83059 7.07671,
	4.8323 7.079,
	4.83744 7.08819,
	4.83972 7.09278,
	4.84067 7.10203,
	4.84127 7.10664,
	4.84053 7.11591,
	4.83917 7.12519,
	4.83409 7.14378,
	4.83265 7.14843,
	4.82452 7.16713,
	4.82036 7.17648,
	4.80876 7.19533,
	4.80547 7.20007,
	4.79687 7.20966,
	4.78695 7.21532,
	4.77716 7.22014,
	4.77231 7.22213,
	4.76984 7.22342,
	4.76044 7.22568,
	4.75573 7.22682,
	4.74657 7.22766,
	"/>
</Transform>

<Transform dim="0"
 xcoef=" 0 1 0 0 0 0"
 ycoef=" 0 0 1 0 0 0">
<Contour name="d17sph12" hidden="false" closed="true" simplified="true" border="1 0 0" fill="1 0 0" mode="11"
 points="3.00941 7.90836,
	2.95963 7.89345,
	2.911 7.87519,
	2.89884 7.87269,
	2.87491 7.86415,
	2.86333 7.85629,
	2.85764 7.85146,
	2.83651 7.82394,
	2.8226 7.79396,
	2.81835 7.76445,
	2.81657 7.74974,
	2.81525 7.68991,
	2.81806 7.63116,
	2.81787 7.62387,
	2.81814 7.62026,
	2.81168 7.59094,
	2.80848 7.5764,
	2.79713 7.54713,
	2.77948 7.51763,
	2.75846 7.49595,
	2.74817 7.48379,
	2.73894 7.46903,
	2.73402 7.46163,
	2.72949 7.43295,
	2.72847 7.41867,
	2.72882 7.41603,
	2.72893 7.41515,
	2.73844 7.38741,
	2.74475 7.37366,
	2.74726 7.36673,
	2.75186 7.35998,
	2.76387 7.34677,
	2.78878 7.33218,
	2.79492 7.32921,
	2.81838 7.32448,
	2.82443 7.32245,
	2.85001 7.30834,
	2.87689 7.28919,
	2.89055 7.27923,
	2.91738 7.2628,
	2.9677 7.24775,
	2.99282 7.24047,
	3.00556 7.23636,
	3.01227 7.23515,
	3.01585 7.23368,
	3.04199 7.23132,
	3.05473 7.23139,
	3.07927 7.23489,
	3.10441 7.23575,
	3.15548 7.23298,
	3.17991 7.23452,
	3.192 7.23527,
	3.23683 7.24752,
	3.25946 7.24969,
	3.30372 7.25047,
	3.32393 7.25496,
	3.34187 7.2669,
	3.3601 7.27703,
	3.39795 7.29293,
	3.40784 7.2959,
	3.41274 7.29779,
	3.43148 7.31118,
	3.44102 7.31831,
	3.45982 7.33679,
	3.46921 7.34806,
	3.48941 7.36729,
	3.50977 7.38833,
	3.52758 7.41492,
	3.53914 7.44186,
	3.54362 7.45524,
	3.54676 7.46856,
	3.54858 7.4818,
	3.55038 7.50837,
	3.54909 7.53507,
	3.54813 7.54176,
	3.5396 7.56849,
	3.53517 7.58209,
	3.52389 7.60954,
	3.51774 7.62349,
	3.51507 7.63055,
	3.50409 7.64258,
	3.50137 7.64607,
	3.49483 7.66044,
	3.47843 7.68944,
	3.46061 7.71795,
	3.43875 7.74078,
	3.4167 7.76599,
	3.41106 7.77232,
	3.40626 7.78703,
	3.40559 7.79071,
	3.39614 7.8043,
	3.39018 7.80964,
	3.37816 7.81386,
	3.36671 7.82549,
	3.35003 7.85447,
	3.33769 7.86783,
	3.33191 7.87402,
	3.32019 7.88091,
	3.31429 7.88344,
	3.30239 7.88026,
	3.29641 7.87457,
	3.28443 7.86039,
	3.28293 7.85666,
	3.28067 7.84187,
	3.28067 7.84004,
	3.27542 7.83251,
	3.27242 7.82965,
	3.26639 7.82763,
	3.26337 7.82663,
	3.26187 7.82567,
	3.24969 7.83364,
	3.24659 7.84825,
	3.24579 7.85557,
	3.24502 7.85922,
	3.23499 7.87359,
	3.22259 7.88053,
	3.19759 7.88068,
	3.18528 7.88658,
	3.17288 7.8951,
	3.16668 7.89843,
	3.1543 7.90055,
	3.14809 7.90205,
	3.098 7.90195,
	3.07276 7.90299,
	3.04743 7.90569,
	3.03473 7.90835,
	"/>
</Transform>

<Transform dim="0"
 xcoef=" 0 1 0 0 0 0"
 ycoef=" 0 0 1 0 0 0">
<Contour name="d17p12" hidden="false" closed="true" simplified="true" border="1 0 0" fill="1 0 0" mode="11"
 points="3.76948 8.07363,
	3.73997 8.0232,
	3.78997 8.02538,
	"/>
</Transform>

<Transform dim="0"
 xcoef=" 0 1 0 0 0 0"
 ycoef=" 0 0 1 0 0 0">
<Contour name="d23sp18" hidden="false" closed="true" simplified="true" border="1 0 0" fill="1 0 0" mode="11"
 points="7.51419 8.36398,
	7.49735 8.36207,
	7.48118 8.3537,
	7.47411 8.34504,
	7.46969 8.33658,
	7.46801 8.33239,
	7.46715 8.3303,
	7.46781 8.298,
	7.46769 8.29398,
	7.46774 8.29347,
	7.46779 8.29297,
	7.47298 8.27735,
	7.47531 8.26958,
	7.48298 8.25438,
	7.49415 8.23973,
	7.5113 8.23276,
	7.51978 8.23033,
	7.53636 8.22985,
	7.55284 8.23092,
	7.561 8.23243,
	7.56508 8.23343,
	7.57304 8.23827,
	7.57703 8.2407,
	7.58276 8.2486,
	7.58562 8.2528,
	7.5864 8.25674,
	7.58639 8.26444,
	7.58327 8.27176,
	7.57431 8.28623,
	7.57191 8.28987,
	7.57019 8.29162,
	7.56736 8.30706,
	7.55609 8.32169,
	7.55068 8.3291,
	7.54195 8.34428,
	7.54004 8.34811,
	7.5346 8.35568,
	7.53163 8.35944,
	"/>
</Transform>

<Transform dim="0"
 xcoef=" 0 1 0 0 0 0"
 ycoef=" 0 0 1 0 0 0">
<Contour name="d23sp20" hidden="false" closed="true" simplified="true" border="1 0 0" fill="1 0 0" mode="11"
 points="9.88361 7.92355,
	9.85864 7.92103,
	9.84609 7.92017,
	9.82143 7.91112,
	9.81532 7.90848,
	9.81377 7.90825,
	9.79182 7.87672,
	9.78975 7.87286,
	9.78242 7.8435,
	9.77864 7.82886,
	9.77794 7.81471,
	9.77897 7.75944,
	9.77852 7.74664,
	9.77854 7.7458,
	9.79716 7.69554,
	9.80529 7.67114,
	9.80904 7.65909,
	9.81086 7.6531,
	9.85703 7.56201,
	9.868 7.53878,
	9.87345 7.52702,
	9.88529 7.52013,
	9.89132 7.51705,
	9.89435 7.51511,
	9.91921 7.51778,
	9.94465 7.52187,
	9.95109 7.52265,
	9.97717 7.53129,
	9.99045 7.53429,
	10.0174 7.53764,
	10.0311 7.53878,
	10.0345 7.53988,
	10.04 7.56669,
	10.0391 7.59316,
	10.0393 7.60644,
	10.0337 7.65886,
	10.0276 7.76285,
	10.0249 7.78871,
	10.0234 7.79507,
	10.0112 7.81949,
	10.0042 7.8316,
	9.9853 7.8551,
	9.98052 7.86103,
	9.92909 7.89959,
	9.91592 7.9089,
	9.88997 7.92133,
	"/>
</Transform>

<Transform dim="0"
 xcoef=" 0 1 0 0 0 0"
 ycoef=" 0 0 1 0 0 0">
<Contour name="d23sph20" hidden="false" closed="true" simplified="true" border="1 0 0" fill="1 0 0" mode="11"
 points="9.88361 7.92355,
	9.85864 7.92103,
	9.84609 7.92017,
	9.82143 7.91112,
	9.81532 7.90848,
	9.81377 7.90825,
	9.79182 7.87672,
	9.78975 7.87286,
	9.78242 7.8435,
	9.77864 7.82886,
	9.77794 7.81471,
	9.77897 7.75944,
	9.77852 7.74664,
	9.77854 7.7458,
	9.79716 7.69554,
	9.80529 7.67114,
	9.80904 7.65909,
	9.81086 7.6531,
	9.85703 7.56201,
	9.868 7.53878,
	9.87345 7.52702,
	9.88529 7.52013,
	9.89132 7.51705,
	9.89435 7.51511,
	9.91921 7.51778,
	9.94465 7.52187,
	9.95109 7.52265,
	9.97717 7.53129,
	9.99045 7.53429,
	10.0174 7.53764,
	10.0311 7.53878,
	10.0345 7.53988,
	10.04 7.56669,
	10.0391 7.59316,
	10.0393 7.60644,
	10.0337 7.65886,
	10.0276 7.76285,
	10.0249 7.78871,
	10.0234 7.79507,
	10.0112 7.81949,
	10.0042 7.8316,
	9.9853 7.8551,
	9.98052 7.86103,
	9.92909 7.89959,
	9.91592 7.9089,
	9.88997 7.92133,
	"/>
</Transform>

<Transform dim="0"
 xcoef=" 0 1 0 0 0 0"
 ycoef=" 0 0 1 0 0 0">
<Contour name="d24p18" hidden="false" closed="true" simplified="true" border="1 0 0" fill="1 0 0" mode="11"
 points="6.89384 7.14471,
	6.87235 7.09326,
	6.9161 7.10178,
	"/>
</Transform>

<Transform dim="0"
 xcoef=" 0 1 0 0 0 0"
 ycoef=" 0 0 1 0 0 0">
<Contour name="d05p21" hidden="false" closed="true" simplified="true" border="0 0 1" fill="0 0 1" mode="11"
 points="10.1484 10.9967,
	10.131 10.9564,
	10.1748 10.9613,
	"/>
</Transform>

<Transform dim="0"
 xcoef=" 0 1 0 0 0 0"
 ycoef=" 0 0 1 0 0 0">
<Contour name="d04p14" hidden="false" closed="true" simplified="true" border="1 0 0" fill="1 0 0" mode="11"
 points="7.97913 11.0178,
	7.95836 10.9709,
	8.01157 10.9687,
	"/>
</Transform>

<Transform dim="0"
 xcoef=" 0 1 0 0 0 0"
 ycoef=" 0 0 1 0 0 0">
<Contour name="d04sp14" hidden="false" closed="true" simplified="true" border="1 0 0" fill="1 0 0" mode="11"
 points="7.25681 11.6504,
	7.24874 11.6479,
	7.24469 11.6466,
	7.24269 11.6457,
	7.23709 11.6367,
	7.23646 11.6345,
	7.23652 11.6257,
	7.23628 11.6213,
	7.2363 11.621,
	7.23631 11.6208,
	7.25507 11.5867,
	7.25741 11.5825,
	7.27271 11.5657,
	7.28544 11.5488,
	7.28883 11.5446,
	7.30668 11.5101,
	7.32318 11.4752,
	7.33182 11.4576,
	7.33645 11.4488,
	7.35035 11.4313,
	7.36507 11.4136,
	7.44315 11.3491,
	7.46334 11.3357,
	7.47361 11.3286,
	7.51425 11.3039,
	7.53462 11.2911,
	7.5549 11.278,
	7.57503 11.2645,
	7.61541 11.2325,
	7.61762 11.2305,
	7.62981 11.2137,
	7.64673 11.1799,
	7.65183 11.1716,
	7.67124 11.1597,
	7.70872 11.1414,
	7.71807 11.1367,
	7.7559 11.1132,
	7.79367 11.0867,
	7.80288 11.0807,
	7.84017 11.0509,
	7.85798 11.0339,
	7.86234 11.0297,
	7.86541 11.0255,
	7.87331 11.0086,
	7.87681 11.0001,
	7.8788 10.9959,
	7.87903 10.9938,
	7.87909 10.9933,
	7.87963 10.993,
	7.88097 10.9946,
	7.88446 11.0018,
	7.88528 11.0034,
	7.88631 11.0054,
	7.88714 11.007,
	7.88816 11.0091,
	7.88863 11.0093,
	7.88857 11.0098,
	7.88924 11.0106,
	7.88918 11.0111,
	7.89124 11.015,
	7.89162 11.016,
	7.89155 11.0166,
	7.89281 11.0186,
	7.89344 11.0196,
	7.89338 11.0202,
	7.89467 11.022,
	7.8946 11.0225,
	7.89586 11.0245,
	7.89579 11.0251,
	7.89704 11.0271,
	7.89769 11.0279,
	7.89763 11.0284,
	7.90274 11.0356,
	7.90406 11.0371,
	7.90682 11.0409,
	7.90722 11.0417,
	7.91005 11.045,
	7.91352 11.0491,
	7.91902 11.0549,
	7.92011 11.0561,
	7.92063 11.0561,
	7.9276 11.0624,
	7.93105 11.0649,
	7.932 11.0653,
	7.93218 11.0659,
	7.9327 11.0658,
	7.93452 11.0673,
	7.93551 11.0676,
	7.93893 11.0703,
	7.93959 11.071,
	7.94076 11.0718,
	7.94129 11.0718,
	7.9483 11.0764,
	7.94874 11.0769,
	7.94927 11.0769,
	7.95114 11.0781,
	7.95181 11.0789,
	7.95281 11.0791,
	7.95628 11.0818,
	7.95725 11.0823,
	7.95778 11.0822,
	7.95822 11.0828,
	7.95874 11.0827,
	7.95892 11.0833,
	7.9609 11.0839,
	7.96192 11.0842,
	7.96378 11.0856,
	7.9643 11.0856,
	7.96616 11.0871,
	7.96669 11.0871,
	7.96856 11.0886,
	7.97056 11.0892,
	7.97109 11.0892,
	7.97154 11.0897,
	7.97256 11.0899,
	7.9731 11.0899,
	7.97404 11.0907,
	7.9821 11.0934,
	7.98312 11.0936,
	7.98367 11.0936,
	7.98412 11.0941,
	7.9852 11.0941,
	7.98616 11.0948,
	7.9902 11.0962,
	7.99233 11.0963,
	7.99253 11.0968,
	7.99465 11.097,
	7.99484 11.0975,
	7.99593 11.0975,
	8.00414 11.1002,
	8.00523 11.1002,
	8.00571 11.1007,
	8.00785 11.1008,
	8.00992 11.1015,
	8.01103 11.1015,
	8.0131 11.1022,
	8.0142 11.1021,
	8.01415 11.1024,
	8.01375 11.1032,
	8.00884 11.1063,
	8.00636 11.108,
	7.99154 11.1255,
	7.98393 11.1343,
	7.97024 11.1517,
	7.9343 11.1869,
	7.93167 11.1891,
	7.92489 11.1977,
	7.9186 11.2063,
	7.91701 11.2085,
	7.90697 11.2256,
	7.9019 11.2341,
	7.89948 11.2384,
	7.88712 11.2555,
	7.88418 11.2598,
	7.88281 11.2619,
	7.867 11.279,
	7.86324 11.2832,
	7.85818 11.2875,
	7.83918 11.2964,
	7.82169 11.3003,
	7.81729 11.3014,
	7.80714 11.3085,
	7.80458 11.3103,
	7.78597 11.3188,
	7.77668 11.3231,
	7.7589 11.3289,
	7.72407 11.3384,
	7.71975 11.3395,
	7.69966 11.3535,
	7.68179 11.3704,
	7.66782 11.387,
	7.66197 11.3953,
	7.6528 11.412,
	7.65041 11.4162,
	7.64488 11.4331,
	7.64257 11.4373,
	7.63027 11.4543,
	7.62706 11.4586,
	7.60984 11.468,
	7.60125 11.4728,
	7.59699 11.475,
	7.58058 11.4804,
	7.57238 11.4831,
	7.5556 11.4911,
	7.53841 11.5023,
	7.52072 11.5185,
	7.51201 11.5262,
	7.49506 11.538,
	7.46166 11.5573,
	7.45333 11.5618,
	7.45128 11.5626,
	7.43515 11.5652,
	7.43113 11.5654,
	7.4291 11.5657,
	7.42811 11.5657,
	7.41116 11.5768,
	7.39546 11.594,
	7.38774 11.6026,
	7.38338 11.6068,
	7.36663 11.6146,
	7.35827 11.6182,
	7.35406 11.6202,
	7.33745 11.6251,
	7.32913 11.6276,
	7.31236 11.6337,
	7.30397 11.6367,
	7.2873 11.6406,
	7.27051 11.6459,
	7.26207 11.6488,
	7.25786 11.6502,
	"/>
</Transform>

<Transform dim="0"
 xcoef=" 0 1 0 0 0 0"
 ycoef=" 0 0 1 0 0 0">
<Contour name="d05p22" hidden="false" closed="true" simplified="true" border="0 0 1" fill="0 0 1" mode="11"
 points="11.0101 11.1486,
	10.9942 11.1097,
	11.0347 11.1146,
	"/>
</Transform>

<Transform dim="0"
 xcoef=" 0 1 0 0 0 0"
 ycoef=" 0 0 1 0 0 0">
<Contour name="d05c20" hidden="false" closed="true" simplified="true" border="0 0 1" fill="0 0 1" mode="11"
 points="7.86241 9.38943,
	7.84786 9.38715,
	7.84422 9.38657,
	7.84095 9.37854,
	7.83886 9.34757,
	7.83783 9.33175,
	7.84486 9.30107,
	7.83209 9.26605,
	7.82758 9.24866,
	7.82668 9.23186,
	7.81309 9.21484,
	7.80623 9.20741,
	7.79996 9.18972,
	7.7968 9.1809,
	7.79523 9.1765,
	7.79535 9.17444,
	7.81001 9.17268,
	7.82432 9.17512,
	7.83155 9.17433,
	7.84948 9.20896,
	7.86292 9.2262,
	7.8697 9.23378,
	7.88061 9.26905,
	7.87921 9.30132,
	7.87852 9.31717,
	7.88251 9.34911,
	7.8829 9.37949,
	7.86983 9.38683,
	"/>
</Transform>

<Transform dim="0"
 xcoef=" 0 1 0 0 0 0"
 ycoef=" 0 0 1 0 0 0">
<Contour name="d30sp09" hidden="false" closed="true" simplified="true" border="1 0 0" fill="1 0 0" mode="11"
 points="12.0298 8.33477,
	11.9888 8.33396,
	11.9495 8.31751,
	11.9315 8.29659,
	11.9293 8.29396,
	11.9287 8.27334,
	11.9282 8.26299,
	11.9284 8.26039,
	11.9284 8.25975,
	11.9486 8.24404,
	11.9588 8.23644,
	11.9613 8.23452,
	11.9812 8.22699,
	11.9862 8.22508,
	12.0057 8.22523,
	12.0254 8.22855,
	12.0353 8.23052,
	12.0552 8.23638,
	12.0602 8.23832,
	12.08 8.25842,
	12.0812 8.26099,
	12.0848 8.28166,
	12.0848 8.29195,
	12.0809 8.30223,
	12.0784 8.30735,
	12.0769 8.30992,
	12.0665 8.31949,
	12.0455 8.33033,
	12.035 8.33351,
	"/>
</Transform>

<Transform dim="0"
 xcoef=" 0 1 0 0 0 0"
 ycoef=" 0 0 1 0 0 0">
<Contour name="d05cfa20" hidden="false" closed="false" simplified="true" border="1 0 1" fill="1 0 1" mode="11"
 points="7.8617 9.38807,
	7.86332 9.37973,
	7.86773 9.36301,
	7.86803 9.35678,
	7.85743 9.32811,
	7.85381 9.30386,
	7.85501 9.27868,
	7.84952 9.26955,
	7.8374 9.22766,
	7.81769 9.17472,
	"/>
</Transform>

<Transform dim="0"
 xcoef=" 0 1 0 0 0 0"
 ycoef=" 0 0 1 0 0 0">
<Contour name="d24cfa12" hidden="false" closed="false" simplified="true" border="0 0 1" fill="0 0 1" mode="11"
 points="6.27653 5.03576,
	6.26807 5.03654,
	6.25408 5.03672,
	6.234 5.03722,
	6.21398 5.03617,
	6.19164 5.03315,
	6.17149 5.03114,
	6.15003 5.02844,
	6.13309 5.02761,
	6.11222 5.02872,
	6.09147 5.02972,
	6.07466 5.03106,
	6.05399 5.03286,
	6.03841 5.0363,
	"/>
</Transform>

<Transform dim="0"
 xcoef=" 0 1 0 0 0 0"
 ycoef=" 0 0 1 0 0 0">
<Contour name="mito04" hidden="false" closed="false" simplified="true" border="1 0 0" fill="1 0 0" mode="11"
 points="1.81961 11.7741,
	1.88671 11.4892,
	"/>
</Transform>

<Transform dim="0"
 xcoef=" 0 1 0 0 0 0"
 ycoef=" 0 0 1 0 0 0">
<Contour name="d04san14" hidden="false" closed="true" simplified="false" border="1 1 0" fill="1 1 0" mode="-13"
 points="7.7619 11.2519,
	7.7619 11.185,
	7.69494 11.185,
	7.69494 11.2436,
	7.68657 11.2519,
	7.68657 11.1766,
	7.77027 11.1766,
	7.77027 11.2603,
	7.68657 11.2603,
	7.69494 11.2519,
	"/>
</Transform>

<Transform dim="0"
 xcoef=" 0 1 0 0 0 0"
 ycoef=" 0 0 1 0 0 0">
<Contour name="d17sp10" hidden="false" closed="true" simplified="true" border="1 0 0" fill="1 0 0" mode="11"
 points="3.12433 9.98486,
	3.11234 9.98352,
	3.10631 9.98284,
	3.10332 9.98214,
	3.08121 9.95995,
	3.07543 9.95421,
	3.06391 9.93129,
	3.05592 9.90839,
	3.05187 9.89695,
	3.04409 9.85123,
	3.0413 9.82828,
	3.04081 9.81678,
	3.0398 9.811,
	3.04039 9.76445,
	3.04279 9.74078,
	3.04452 9.72879,
	3.04542 9.72276,
	3.04588 9.71974,
	3.04599 9.71898,
	3.0461 9.71822,
	3.06003 9.66805,
	3.07439 9.64202,
	3.08081 9.62879,
	3.08279 9.62545,
	3.09585 9.61202,
	3.10271 9.60528,
	3.10917 9.60105,
	3.13383 9.59093,
	3.18194 9.57515,
	3.1938 9.57137,
	3.21681 9.56812,
	3.22809 9.5678,
	3.24954 9.57535,
	3.27002 9.59008,
	3.28065 9.5974,
	3.28373 9.60291,
	3.28799 9.62771,
	3.28914 9.63994,
	3.29446 9.66406,
	3.31914 9.71122,
	3.32768 9.73467,
	3.33359 9.75797,
	3.33493 9.76377,
	3.33341 9.77542,
	3.33266 9.78124,
	3.3323 9.78414,
	3.33211 9.78559,
	3.32149 9.79741,
	3.31838 9.79965,
	3.29487 9.80612,
	3.28303 9.80946,
	3.27078 9.81575,
	3.26495 9.81881,
	3.21821 9.86538,
	3.20628 9.87578,
	3.20098 9.88095,
	3.18588 9.90424,
	3.16321 9.95053,
	3.1606 9.95632,
	3.15095 9.96797,
	3.14608 9.97379,
	3.13367 9.98044,
	3.12745 9.98339,
	"/>
</Transform>

<Transform dim="0"
 xcoef=" 0 1 0 0 0 0"
 ycoef=" 0 0 1 0 0 0">
<Contour name="d17sph11" hidden="false" closed="true" simplified="true" border="1 0 0" fill="1 0 0" mode="11"
 points="5.70839 7.89237,
	5.69464 7.89209,
	5.69121 7.89203,
	5.688 7.8899,
	5.68184 7.8828,
	5.67963 7.87883,
	5.67851 7.87117,
	5.67859 7.87022,
	5.67866 7.86929,
	5.68194 7.86164,
	5.68316 7.85776,
	5.69571 7.84346,
	5.71004 7.83793,
	5.71718 7.83518,
	5.74477 7.83292,
	5.75805 7.83615,
	5.76116 7.83913,
	5.76382 7.84689,
	5.76514 7.85078,
	5.76117 7.86611,
	5.75462 7.87275,
	5.75096 7.87559,
	5.72287 7.88483,
	"/>
</Transform>

<Transform dim="0"
 xcoef=" 0 1 0 0 0 0"
 ycoef=" 0 0 1 0 0 0">
<Contour name="d17sp11" hidden="false" closed="true" simplified="true" border="1 0 0" fill="1 0 0" mode="11"
 points="4.58626 8.12533,
	4.58471 8.12429,
	4.58491 8.11603,
	4.58919 8.09942,
	4.59175 8.0826,
	4.59047 8.01617,
	4.59014 7.98251,
	4.58613 7.94833,
	4.58084 7.91402,
	4.57715 7.8968,
	4.57191 7.8795,
	4.57189 7.87844,
	4.59787 7.86975,
	4.65109 7.86628,
	4.66458 7.8662,
	4.67137 7.86562,
	4.69845 7.87079,
	4.72583 7.87378,
	4.73274 7.87423,
	4.73955 7.87687,
	4.76653 7.89523,
	4.78033 7.89944,
	4.8074 7.91787,
	4.81328 7.93628,
	4.81474 7.95442,
	4.81443 7.97239,
	4.81413 7.97685,
	4.80526 7.99411,
	4.79814 7.99911,
	4.79118 8.00185,
	4.76436 7.99929,
	4.75766 7.99966,
	4.73076 8.01079,
	4.71761 8.01462,
	4.71108 8.01705,
	4.68538 8.0342,
	4.66067 8.05332,
	4.65465 8.05783,
	4.64511 8.07324,
	4.63354 8.08826,
	4.6278 8.0947,
	4.61634 8.1035,
	4.60394 8.11523,
	4.5911 8.12231,
	4.58788 8.12433,
	"/>
</Transform>

<Transform dim="0"
 xcoef=" 0 1 0 0 0 0"
 ycoef=" 0 0 1 0 0 0">
<Contour name="d17sp11" hidden="false" closed="true" simplified="true" border="1 0 0" fill="1 0 0" mode="11"
 points="5.70839 7.89237,
	5.69464 7.89209,
	5.69121 7.89203,
	5.688 7.8899,
	5.68184 7.8828,
	5.67963 7.87883,
	5.67851 7.87117,
	5.67859 7.87022,
	5.67866 7.86929,
	5.68194 7.86164,
	5.68316 7.85776,
	5.69571 7.84346,
	5.71004 7.83793,
	5.71718 7.83518,
	5.74477 7.83292,
	5.75805 7.83615,
	5.76116 7.83913,
	5.76382 7.84689,
	5.76514 7.85078,
	5.76117 7.86611,
	5.75462 7.87275,
	5.75096 7.87559,
	5.72287 7.88483,
	"/>
</Transform>

<Transform dim="0"
 xcoef=" 0 1 0 0 0 0"
 ycoef=" 0 0 1 0 0 0">
<Contour name="d17sph10" hidden="false" closed="true" simplified="true" border="1 0 0" fill="1 0 0" mode="11"
 points="3.12433 9.98486,
	3.11234 9.98352,
	3.10631 9.98284,
	3.10332 9.98214,
	3.08121 9.95995,
	3.07543 9.95421,
	3.06391 9.93129,
	3.05592 9.90839,
	3.05187 9.89695,
	3.04409 9.85123,
	3.0413 9.82828,
	3.04081 9.81678,
	3.0398 9.811,
	3.04039 9.76445,
	3.04279 9.74078,
	3.04452 9.72879,
	3.04542 9.72276,
	3.04588 9.71974,
	3.04599 9.71898,
	3.0461 9.71822,
	3.06003 9.66805,
	3.07439 9.64202,
	3.08081 9.62879,
	3.08279 9.62545,
	3.09585 9.61202,
	3.10271 9.60528,
	3.10917 9.60105,
	3.13383 9.59093,
	3.18194 9.57515,
	3.1938 9.57137,
	3.21681 9.56812,
	3.22809 9.5678,
	3.24954 9.57535,
	3.27002 9.59008,
	3.28065 9.5974,
	3.28373 9.60291,
	3.28799 9.62771,
	3.28914 9.63994,
	3.29446 9.66406,
	3.31914 9.71122,
	3.32768 9.73467,
	3.33359 9.75797,
	3.33493 9.76377,
	3.33341 9.77542,
	3.33266 9.78124,
	3.3323 9.78414,
	3.33211 9.78559,
	3.32149 9.79741,
	3.31838 9.79965,
	3.29487 9.80612,
	3.28303 9.80946,
	3.27078 9.81575,
	3.26495 9.81881,
	3.21821 9.86538,
	3.20628 9.87578,
	3.20098 9.88095,
	3.18588 9.90424,
	3.16321 9.95053,
	3.1606 9.95632,
	3.15095 9.96797,
	3.14608 9.97379,
	3.13367 9.98044,
	3.12745 9.98339,
	"/>
</Transform>

<Transform dim="0"
 xcoef=" 0 1 0 0 0 0"
 ycoef=" 0 0 1 0 0 0">
<Contour name="d17sern11" hidden="false" closed="true" simplified="true" border="1 0 0" fill="1 0 0" mode="11"
 points="4.62965 8.04735,
	4.61998 8.04638,
	4.61947 8.03299,
	4.60976 8.0321,
	4.60914 8.01864,
	4.61893 8.01952,
	4.61839 8.00598,
	4.6283 8.0069,
	4.62876 8.02045,
	4.63863 8.02142,
	4.639 8.03493,
	4.62921 8.03393,
	"/>
</Transform>

<Transform dim="0"
 xcoef=" 0 1 0 0 0 0"
 ycoef=" 0 0 1 0 0 0">
<Contour name="d17p11" hidden="false" closed="true" simplified="true" border="1 0 0" fill="1 0 0" mode="11"
 points="4.5218 8.04984,
	4.49661 7.99422,
	4.54347 7.9934,
	"/>
</Transform>

<Transform dim="0"
 xcoef=" 0 1 0 0 0 0"
 ycoef=" 0 0 1 0 0 0">
<Contour name="d17sp12" hidden="false" closed="true" simplified="true" border="1 0 0" fill="1 0 0" mode="11"
 points="3.66891 8.05676,
	3.6572 8.0482,
	3.63339 8.02829,
	3.62743 8.02331,
	3.62024 8.01195,
	3.61905 8.00629,
	3.61818 8.00414,
	3.61812 8.00344,
	3.62036 7.99781,
	3.62148 7.99499,
	3.63182 7.98881,
	3.65269 7.98011,
	3.66294 7.97476,
	3.67326 7.97085,
	3.67849 7.96961,
	3.68111 7.969,
	3.68387 7.9698,
	3.68317 7.97543,
	3.68215 7.97821,
	3.67327 7.98919,
	3.67048 7.99473,
	3.66759 8.00587,
	3.66503 8.02816,
	3.66486 8.03373,
	3.66954 8.05607,
	"/>
</Transform>

<Transform dim="0"
 xcoef=" 0 1 0 0 0 0"
 ycoef=" 0 0 1 0 0 0">
<Contour name="d17sp14" hidden="false" closed="true" simplified="true" border="1 0 0" fill="1 0 0" mode="11"
 points="4.74199 7.22794,
	4.73305 7.22737,
	4.72867 7.22651,
	4.72025 7.22278,
	4.71815 7.22177,
	4.7171 7.22126,
	4.70961 7.21344,
	4.70607 7.20906,
	4.69801 7.20135,
	4.68927 7.19571,
	4.68039 7.19092,
	4.67137 7.18728,
	4.66684 7.18559,
	4.64837 7.18181,
	4.64379 7.18069,
	4.64151 7.18013,
	4.63713 7.17749,
	4.63493 7.17632,
	4.62653 7.16884,
	4.62547 7.16792,
	4.61637 7.1659,
	4.6118 7.16503,
	4.60288 7.16204,
	4.60068 7.16113,
	4.59663 7.15683,
	4.59464 7.15436,
	4.59505 7.14939,
	4.59511 7.14689,
	4.59515 7.14658,
	4.59826 7.13655,
	4.59951 7.13151,
	4.60797 7.11123,
	4.61063 7.10613,
	4.61182 7.10358,
	4.61885 7.09336,
	4.62753 7.08314,
	4.63157 7.07804,
	4.65043 7.05765,
	4.65299 7.05511,
	4.66297 7.04692,
	4.67278 7.04006,
	4.67762 7.03729,
	4.68717 7.03305,
	4.70633 7.02372,
	4.71585 7.01958,
	4.72055 7.01815,
	4.72291 7.01727,
	4.73217 7.01697,
	4.73449 7.01674,
	4.7436 7.01927,
	4.74818 7.02037,
	4.7572 7.02475,
	4.76173 7.02677,
	4.77074 7.03167,
	4.7887 7.0429,
	4.79316 7.04575,
	4.8101 7.05836,
	4.81848 7.06409,
	4.82658 7.07242,
	4.83059 7.07671,
	4.8323 7.079,
	4.83744 7.08819,
	4.83972 7.09278,
	4.84067 7.10203,
	4.84127 7.10664,
	4.84053 7.11591,
	4.83917 7.12519,
	4.83409 7.14378,
	4.83265 7.14843,
	4.82452 7.16713,
	4.82036 7.17648,
	4.80876 7.19533,
	4.80547 7.20007,
	4.79687 7.20966,
	4.78695 7.21532,
	4.77716 7.22014,
	4.77231 7.22213,
	4.76984 7.22342,
	4.76044 7.22568,
	4.75573 7.22682,
	4.74657 7.22766,
	"/>
</Transform>

<Transform dim="0"
 xcoef=" 0 1 0 0 0 0"
 ycoef=" 0 0 1 0 0 0">
<Contour name="d17sph14" hidden="false" closed="true" simplified="true" border="1 0 0" fill="1 0 0" mode="11"
 points="4.74199 7.22794,
	4.73305 7.22737,
	4.72867 7.22651,
	4.72025 7.22278,
	4.71815 7.22177,
	4.7171 7.22126,
	4.70961 7.21344,
	4.70607 7.20906,
	4.69801 7.20135,
	4.68927 7.19571,
	4.68039 7.19092,
	4.67137 7.18728,
	4.66684 7.18559,
	4.64837 7.18181,
	4.64379 7.18069,
	4.64151 7.18013,
	4.63713 7.17749,
	4.63493 7.17632,
	4.62653 7.16884,
	4.62547 7.16792,
	4.61637 7.1659,
	4.6118 7.16503,
	4.60288 7.16204,
	4.60068 7.16113,
	4.59663 7.15683,
	4.59464 7.15436,
	4.59505 7.14939,
	4.59511 7.14689,
	4.59515 7.14658,
	4.59826 7.13655,
	4.59951 7.13151,
	4.60797 7.11123,
	4.61063 7.10613,
	4.61182 7.10358,
	4.61885 7.09336,
	4.62753 7.08314,
	4.63157 7.07804,
	4.65043 7.05765,
	4.65299 7.05511,
	4.66297 7.04692,
	4.67278 7.04006,
	4.67762 7.03729,
	4.68717 7.03305,
	4.70633 7.02372,
	4.71585 7.01958,
	4.72055 7.01815,
	4.72291 7.01727,
	4.73217 7.01697,
	4.73449 7.01674,
	4.7436 7.01927,
	4.74818 7.02037,
	4.7572 7.02475,
	4.76173 7.02677,
	4.77074 7.03167,
	4.7887 7.0429,
	4.79316 7.04575,
	4.8101 7.05836,
	4.81848 7.06409,
	4.82658 7.07242,
	4.83059 7.07671,
	4.8323 7.079,
	4.83744 7.08819,
	4.83972 7.09278,
	4.84067 7.10203,
	4.84127 7.10664,
	4.84053 7.11591,
	4.83917 7.12519,
	4.83409 7.14378,
	4.83265 7.14843,
	4.82452 7.16713,
	4.82036 7.17648,
	4.80876 7.19533,
	4.80547 7.20007,
	4.79687 7.20966,
	4.78695 7.21532,
	4.77716 7.22014,
	4.77231 7.22213,
	4.76984 7.22342,
	4.76044 7.22568,
	4.75573 7.22682,
	4.74657 7.22766,
	"/>
</Transform>

<Transform dim="0"
 xcoef=" 0 1 0 0 0 0"
 ycoef=" 0 0 1 0 0 0">
<Contour name="d17sph12" hidden="false" closed="true" simplified="true" border="1 0 0" fill="1 0 0" mode="11"
 points="3.00941 7.90836,
	2.95963 7.89345,
	2.911 7.87519,
	2.89884 7.87269,
	2.87491 7.86415,
	2.86333 7.85629,
	2.85764 7.85146,
	2.83651 7.82394,
	2.8226 7.79396,
	2.81835 7.76445,
	2.81657 7.74974,
	2.81525 7.68991,
	2.81806 7.63116,
	2.81787 7.62387,
	2.81814 7.62026,
	2.81168 7.59094,
	2.80848 7.5764,
	2.79713 7.54713,
	2.77948 7.51763,
	2.75846 7.49595,
	2.74817 7.48379,
	2.73894 7.46903,
	2.73402 7.46163,
	2.72949 7.43295,
	2.72847 7.41867,
	2.72882 7.41603,
	2.72893 7.41515,
	2.73844 7.38741,
	2.74475 7.37366,
	2.74726 7.36673,
	2.75186 7.35998,
	2.76387 7.34677,
	2.78878 7.33218,
	2.79492 7.32921,
	2.81838 7.32448,
	2.82443 7.32245,
	2.85001 7.30834,
	2.87689 7.28919,
	2.89055 7.27923,
	2.91738 7.2628,
	2.9677 7.24775,
	2.99282 7.24047,
	3.00556 7.23636,
	3.01227 7.23515,
	3.01585 7.23368,
	3.04199 7.23132,
	3.05473 7.23139,
	3.07927 7.23489,
	3.10441 7.23575,
	3.15548 7.23298,
	3.17991 7.23452,
	3.192 7.23527,
	3.23683 7.24752,
	3.25946 7.24969,
	3.30372 7.25047,
	3.32393 7.25496,
	3.34187 7.2669,
	3.3601 7.27703,
	3.39795 7.29293,
	3.40784 7.2959,
	3.41274 7.29779,
	3.43148 7.31118,
	3.44102 7.31831,
	3.45982 7.33679,
	3.46921 7.34806,
	3.48941 7.36729,
	3.50977 7.38833,
	3.52758 7.41492,
	3.53914 7.44186,
	3.54362 7.45524,
	3.54676 7.46856,
	3.54858 7.4818,
	3.55038 7.50837,
	3.54909 7.53507,
	3.54813 7.54176,
	3.5396 7.56849,
	3.53517 7.58209,
	3.52389 7.60954,
	3.51774 7.62349,
	3.51507 7.63055,
	3.50409 7.64258,
	3.50137 7.64607,
	3.49483 7.66044,
	3.47843 7.68944,
	3.46061 7.71795,
	3.43875 7.74078,
	3.4167 7.76599,
	3.41106 7.77232,
	3.40626 7.78703,
	3.40559 7.79071,
	3.39614 7.8043,
	3.39018 7.80964,
	3.37816 7.81386,
	3.36671 7.82549,
	3.35003 7.85447,
	3.33769 7.86783,
	3.33191 7.87402,
	3.32019 7.88091,
	3.31429 7.88344,
	3.30239 7.88026,
	3.29641 7.87457,
	3.28443 7.86039,
	3.28293 7.85666,
	3.28067 7.84187,
	3.28067 7.84004,
	3.27542 7.83251,
	3.27242 7.82965,
	3.26639 7.82763,
	3.26337 7.82663,
	3.26187 7.82567,
	3.24969 7.83364,
	3.24659 7.84825,
	3.24579 7.85557,
	3.24502 7.85922,
	3.23499 7.87359,
	3.22259 7.88053,
	3.19759 7.88068,
	3.18528 7.88658,
	3.17288 7.8951,
	3.16668 7.89843,
	3.1543 7.90055,
	3.14809 7.90205,
	3.098 7.90195,
	3.07276 7.90299,
	3.04743 7.90569,
	3.03473 7.90835,
	"/>
</Transform>

<Transform dim="0"
 xcoef=" 0 1 0 0 0 0"
 ycoef=" 0 0 1 0 0 0">
<Contour name="d17p12" hidden="false" closed="true" simplified="true" border="1 0 0" fill="1 0 0" mode="11"
 points="3.76948 8.07363,
	3.73997 8.0232,
	3.78997 8.02538,
	"/>
</Transform>

<Transform dim="0"
 xcoef=" 0 1 0 0 0 0"
 ycoef=" 0 0 1 0 0 0">
<Contour name="DCH_d17a12" comment="DHanka_Fall2015_traced" hidden="false" closed="true" simplified="true" border="0 0.502 0" fill="0 0.502 0" mode="11"
 points="2.57477 7.62693,
	2.58695 7.57824,
	2.59303 7.55389,
	2.61434 7.52954,
	2.65999 7.48997,
	2.6813 7.46867,
	2.70564 7.4565,
	2.71782 7.45041,
	2.7239 7.44432,
	2.74825 7.46563,
	2.81216 7.56302,
	2.82129 7.58737,
	2.81825 7.68476,
	2.80303 7.73345,
	2.7939 7.7578,
	2.79086 7.76997,
	2.78173 7.78215,
	2.75738 7.79432,
	2.65999 7.81258,
	2.6113 7.82476,
	2.59912 7.82171,
	2.58695 7.81258,
	2.58086 7.8065,
	2.57782 7.7091,
	2.57477 7.66041,
	2.57477 7.63606,
	2.57477 7.62997,
	"/>
</Transform>

<Transform dim="0"
 xcoef=" 0 1 0 0 0 0"
 ycoef=" 0 0 1 0 0 0">
<Contour name="d17sp12" hidden="false" closed="true" simplified="true" border="1 0 0" fill="1 0 0" mode="11"
 points="3.00941 7.90836,
	2.95963 7.89345,
	2.911 7.87519,
	2.89884 7.87269,
	2.87491 7.86415,
	2.86333 7.85629,
	2.85764 7.85146,
	2.83651 7.82394,
	2.8226 7.79396,
	2.81835 7.76445,
	2.81657 7.74974,
	2.81525 7.68991,
	2.81806 7.63116,
	2.81787 7.62387,
	2.81814 7.62026,
	2.81168 7.59094,
	2.80848 7.5764,
	2.79713 7.54713,
	2.77948 7.51763,
	2.75846 7.49595,
	2.74817 7.48379,
	2.73894 7.46903,
	2.73402 7.46163,
	2.72949 7.43295,
	2.72847 7.41867,
	2.72882 7.41603,
	2.72893 7.41515,
	2.73844 7.38741,
	2.74475 7.37366,
	2.74726 7.36673,
	2.75186 7.35998,
	2.76387 7.34677,
	2.78878 7.33218,
	2.79492 7.32921,
	2.81838 7.32448,
	2.82443 7.32245,
	2.85001 7.30834,
	2.87689 7.28919,
	2.89055 7.27923,
	2.91738 7.2628,
	2.9677 7.24775,
	2.99282 7.24047,
	3.00556 7.23636,
	3.01227 7.23515,
	3.01585 7.23368,
	3.04199 7.23132,
	3.05473 7.23139,
	3.07927 7.23489,
	3.10441 7.23575,
	3.15548 7.23298,
	3.17991 7.23452,
	3.192 7.23527,
	3.23683 7.24752,
	3.25946 7.24969,
	3.30372 7.25047,
	3.32393 7.25496,
	3.34187 7.2669,
	3.3601 7.27703,
	3.39795 7.29293,
	3.40784 7.2959,
	3.41274 7.29779,
	3.43148 7.31118,
	3.44102 7.31831,
	3.45982 7.33679,
	3.46921 7.34806,
	3.48941 7.36729,
	3.50977 7.38833,
	3.52758 7.41492,
	3.53914 7.44186,
	3.54362 7.45524,
	3.54676 7.46856,
	3.54858 7.4818,
	3.55038 7.50837,
	3.54909 7.53507,
	3.54813 7.54176,
	3.5396 7.56849,
	3.53517 7.58209,
	3.52389 7.60954,
	3.51774 7.62349,
	3.51507 7.63055,
	3.50409 7.64258,
	3.50137 7.64607,
	3.49483 7.66044,
	3.47843 7.68944,
	3.46061 7.71795,
	3.43875 7.74078,
	3.4167 7.76599,
	3.41106 7.77232,
	3.40626 7.78703,
	3.40559 7.79071,
	3.39614 7.8043,
	3.39018 7.80964,
	3.37816 7.81386,
	3.36671 7.82549,
	3.35003 7.85447,
	3.33769 7.86783,
	3.33191 7.87402,
	3.32019 7.88091,
	3.31429 7.88344,
	3.30239 7.88026,
	3.29641 7.87457,
	3.28443 7.86039,
	3.28293 7.85666,
	3.28067 7.84187,
	3.28067 7.84004,
	3.27542 7.83251,
	3.27242 7.82965,
	3.26639 7.82763,
	3.26337 7.82663,
	3.26187 7.82567,
	3.24969 7.83364,
	3.24659 7.84825,
	3.24579 7.85557,
	3.24502 7.85922,
	3.23499 7.87359,
	3.22259 7.88053,
	3.19759 7.88068,
	3.18528 7.88658,
	3.17288 7.8951,
	3.16668 7.89843,
	3.1543 7.90055,
	3.14809 7.90205,
	3.098 7.90195,
	3.07276 7.90299,
	3.04743 7.90569,
	3.03473 7.90835,
	"/>
</Transform>

<Transform dim="0"
 xcoef=" 0 1 0 0 0 0"
 ycoef=" 0 0 1 0 0 0">
<Contour name="DCH_d17a12sp1" comment="DHanka_Fall2015_traced" hidden="false" closed="true" simplified="true" border="1 0 0" fill="1 0 0" mode="11"
 points="2.15687 8.81245,
	2.21606 8.76435,
	2.27525 8.72366,
	2.28635 8.70886,
	2.29745 8.67926,
	2.30855 8.62007,
	2.31225 8.56088,
	2.30485 8.50168,
	2.30115 8.48688,
	2.26416 8.42769,
	2.25306 8.41289,
	2.25676 8.29451,
	2.25676 8.27971,
	2.27895 8.22051,
	2.28265 8.20571,
	2.33445 8.14652,
	2.39364 8.09843,
	2.45284 8.06143,
	2.48613 8.00224,
	2.52683 7.94304,
	2.55642 7.88385,
	2.57492 7.85425,
	2.60452 7.83206,
	2.66371 7.81356,
	2.72291 7.80246,
	2.7525 7.79506,
	2.7599 7.79136,
	2.87829 7.86165,
	2.90789 7.88015,
	2.91159 7.90975,
	2.87829 7.96894,
	2.84869 7.98374,
	2.83389 7.99484,
	2.7747 8.01704,
	2.7451 8.03553,
	2.73031 8.04293,
	2.70811 8.07253,
	2.69331 8.08733,
	2.57862 8.3241,
	2.56382 8.3537,
	2.53423 8.47209,
	2.51943 8.53128,
	2.50833 8.56088,
	2.51203 8.67926,
	2.53423 8.79765,
	2.54533 8.85684,
	2.54903 8.88644,
	2.54903 8.90124,
	2.54163 8.90494,
	2.30485 8.84945,
	2.18646 8.82355,
	2.16057 8.81615,
	"/>
<Contour name="DCH_d17a12sph1" comment="DHanka_Fall2015_traced" hidden="false" closed="true" simplified="true" border="1 0 0" fill="1 0 0" mode="11"
 points="2.40474 8.08363,
	2.52313 7.97264,
	2.56012 7.91345,
	2.57122 7.85425,
	2.57492 7.83945,
	2.63412 7.80986,
	2.69331 7.79136,
	2.7525 7.78026,
	2.8117 7.80616,
	2.87089 7.84685,
	2.90049 7.86535,
	2.91159 7.87645,
	2.91529 7.89125,
	2.91899 7.89865,
	2.90419 7.91345,
	2.89309 7.94304,
	2.86719 7.96894,
	2.83759 7.98004,
	2.8228 7.98374,
	2.7932 8.00224,
	2.7636 8.01334,
	2.73401 8.03553,
	2.71181 8.06143,
	2.65631 8.17982,
	2.64152 8.19092,
	2.63412 8.19832,
	2.60452 8.20202,
	2.54533 8.19092,
	2.48613 8.17242,
	2.47133 8.17242,
	2.41584 8.12432,
	2.40474 8.10953,
	2.40474 8.09473,
	2.40474 8.08733,
	"/>
</Transform>

<Transform dim="1"
 xcoef=" 0 1 0 0 0 0"
 ycoef=" -0.01 0 1 0 0 0">
<Contour name="d24sp16" hidden="false" closed="true" simplified="true" border="1 0 0" fill="1 0 0" mode="11"
 points="7.29223 6.32932,
	7.27901 6.32733,
	7.2724 6.32689,
	7.26909 6.32636,
	7.25562 6.31979,
	7.24882 6.31612,
	7.24192 6.30997,
	7.23845 6.30687,
	7.23672 6.30564,
	7.2245 6.28162,
	7.22236 6.27595,
	7.21866 6.23593,
	7.21823 6.22683,
	7.21825 6.22624,
	7.2212 6.20827,
	7.22234 6.19923,
	7.22316 6.1948,
	7.23737 6.18111,
	7.24459 6.17498,
	7.27138 6.181,
	7.28444 6.18537,
	7.29767 6.18853,
	7.32422 6.1978,
	7.33105 6.19944,
	7.34521 6.20033,
	7.35243 6.20067,
	7.36677 6.20395,
	7.37387 6.20745,
	7.37749 6.20889,
	7.37927 6.20989,
	7.38014 6.21066,
	7.38062 6.2199,
	7.38025 6.22894,
	7.37742 6.24658,
	7.37258 6.26382,
	7.36983 6.27239,
	7.36185 6.28898,
	7.3494 6.30453,
	7.33576 6.31619,
	7.33232 6.31879,
	7.33062 6.32009,
	7.31701 6.3215,
	7.31364 6.32167,
	7.3004 6.32594,
	7.29386 6.32865,
	"/>
</Transform>

<Transform dim="1"
 xcoef=" -0.01 1 0 0 0 0"
 ycoef=" 0.01 0 1 0 0 0">
<Contour name="d05sp18" hidden="false" closed="true" simplified="true" border="1 0 0" fill="1 0 0" mode="11"
 points="10.9007 11.815,
	10.8852 11.8066,
	10.8737 11.788,
	10.8652 11.7187,
	10.8685 11.6514,
	10.8701 11.6348,
	10.8703 11.6328,
	10.8705 11.6307,
	10.8884 11.5998,
	10.8985 11.5681,
	10.9071 11.5528,
	10.9054 11.5199,
	10.9062 11.5038,
	10.9169 11.4731,
	10.9196 11.4415,
	10.9237 11.4262,
	10.9295 11.4192,
	10.9451 11.4115,
	10.9509 11.4084,
	10.9611 11.3783,
	10.9732 11.3641,
	11.0053 11.3483,
	11.0378 11.3282,
	11.0542 11.3162,
	11.0624 11.3091,
	11.0665 11.3075,
	11.0819 11.3149,
	11.1135 11.3079,
	11.1289 11.3112,
	11.1327 11.3134,
	11.1408 11.3083,
	11.2655 11.3488,
	11.2816 11.3559,
	11.3467 11.3962,
	11.3509 11.4043,
	11.3508 11.4196,
	11.3485 11.4271,
	11.3135 11.4397,
	11.2963 11.4403,
	11.2878 11.4396,
	11.2541 11.4508,
	11.1226 11.4786,
	11.1063 11.4854,
	11.0934 11.4984,
	11.0599 11.5279,
	11.0437 11.5406,
	11.0357 11.546,
	11.0269 11.5614,
	11.0354 11.595,
	11.0341 11.6114,
	11.0148 11.6426,
	11.0012 11.6517,
	10.9925 11.6674,
	10.9768 11.7328,
	10.9618 11.7648,
	10.9581 11.7728,
	10.9275 11.7947,
	10.9122 11.8056,
	10.9046 11.8111,
	"/>
</Transform>

<Transform dim="1"
 xcoef=" -0.01 1 0 0 0 0"
 ycoef=" 0.01 0 1 0 0 0">
<Contour name="d05sp21" hidden="false" closed="true" simplified="true" border="1 0 0" fill="1 0 0" mode="11"
 points="9.23802 11.0193,
	9.24818 10.9922,
	9.2668 10.9651,
	9.28882 10.938,
	9.30067 10.9244,
	9.31421 10.916,
	9.3413 10.9092,
	9.39549 10.9177,
	9.50385 10.9295,
	9.51062 10.9312,
	9.5174 10.9295,
	9.52417 10.9312,
	9.55126 10.9244,
	9.55803 10.921,
	9.56142 10.9194,
	9.58851 10.9295,
	9.6156 10.9346,
	9.62915 10.9363,
	9.65624 10.9481,
	9.66978 10.9549,
	9.68671 10.982,
	9.7409 11.0074,
	9.76799 11.0159,
	9.79508 11.0176,
	9.84926 11.0277,
	9.87635 11.0311,
	9.90344 11.0311,
	9.91021 11.0328,
	9.93731 11.0243,
	9.9644 11.0125,
	9.97117 11.0108,
	10.0169 10.9566,
	10.0254 10.9431,
	10.0423 10.8889,
	10.0524 10.8618,
	10.0592 10.8482,
	10.0507 10.8211,
	10.0406 10.767,
	10.0389 10.6586,
	10.0406 10.5502,
	10.0423 10.5367,
	10.0355 10.5096,
	10.0355 10.4961,
	10.0474 10.4419,
	10.0507 10.4283,
	10.0541 10.4232,
	10.1015 10.4774,
	10.1117 10.491,
	10.1659 10.5435,
	10.2116 10.5976,
	10.2184 10.6044,
	10.2539 10.6569,
	10.2929 10.7111,
	10.2996 10.7179,
	10.303 10.7213,
	10.303 10.7246,
	10.3267 10.7517,
	10.3301 10.7534,
	10.3301 10.7568,
	10.3369 10.7636,
	10.3369 10.767,
	10.3623 10.7941,
	10.3657 10.8008,
	10.3911 10.8279,
	10.4334 10.8821,
	10.469 10.9363,
	10.474 10.9397,
	10.4893 10.9668,
	10.5113 10.9939,
	10.5367 11.0209,
	10.5553 11.048,
	10.5672 11.0616,
	10.5824 11.0887,
	10.5909 11.1022,
	10.5909 11.1056,
	10.5875 11.1073,
	10.5604 11.1022,
	10.452 11.0633,
	10.3979 11.0514,
	10.3437 11.0362,
	10.3301 11.0345,
	10.303 11.026,
	10.2895 11.0294,
	10.2759 11.0294,
	10.2489 11.0193,
	10.2218 11.0159,
	10.1676 11.0226,
	10.154 11.0277,
	10.1269 11.048,
	10.1134 11.0599,
	10.1049 11.0717,
	10.0863 11.1259,
	10.0812 11.153,
	10.0761 11.2072,
	10.0728 11.2343,
	10.0711 11.2377,
	10.0812 11.2648,
	10.0846 11.2919,
	10.0812 11.3189,
	10.0728 11.3325,
	10.0457 11.3528,
	10.0321 11.3596,
	10.005 11.3664,
	9.97794 11.3664,
	9.95085 11.363,
	9.93731 11.3613,
	9.93053 11.363,
	9.90513 11.3884,
	9.90006 11.4019,
	9.89836 11.4087,
	9.8882 11.4222,
	9.83741 11.4747,
	9.78323 11.5103,
	9.72904 11.5492,
	9.7155 11.5594,
	9.69518 11.5865,
	9.66809 11.6085,
	9.65454 11.6203,
	9.64777 11.6271,
	9.62068 11.6406,
	9.59359 11.6474,
	9.5665 11.6508,
	9.53941 11.6508,
	9.53263 11.6491,
	9.51909 11.639,
	9.46491 11.622,
	9.45136 11.6119,
	9.44459 11.6051,
	9.43104 11.578,
	9.42088 11.5509,
	9.41919 11.5374,
	9.42088 11.534,
	9.40395 11.5069,
	9.40057 11.5001,
	9.38702 11.4883,
	9.38025 11.4832,
	9.3667 11.4798,
	9.35993 11.4798,
	9.34638 11.49,
	9.343 11.4967,
	9.32945 11.5052,
	9.31591 11.5086,
	9.30236 11.517,
	9.28882 11.5204,
	9.28204 11.5204,
	9.27866 11.5204,
	9.2668 11.5069,
	9.26342 11.4933,
	9.26342 11.4392,
	9.26342 11.4256,
	9.28712 11.3714,
	9.29728 11.3579,
	9.31083 11.3477,
	9.3176 11.3443,
	9.32099 11.3426,
	9.32099 11.3393,
	9.33453 11.3342,
	9.33792 11.3325,
	9.36501 11.346,
	9.3921 11.3477,
	9.41919 11.346,
	9.44628 11.3359,
	9.45983 11.3342,
	9.4666 11.3325,
	9.48353 11.3054,
	9.50724 11.2783,
	9.5174 11.2648,
	9.53263 11.2106,
	9.53602 11.197,
	9.53433 11.1903,
	9.48015 11.1683,
	9.37178 11.1361,
	9.3176 11.1191,
	9.29051 11.1073,
	9.27696 11.1022,
	9.26511 11.0904,
	9.24818 11.0633,
	9.24141 11.0497,
	9.23802 11.0226,
	9.23802 11.0209,
	"/>
</Transform>

<Transform dim="1"
 xcoef=" -0.01 1 0 0 0 0"
 ycoef=" 0 0 1 0 0 0">
<Contour name="d05sp22" hidden="false" closed="true" simplified="true" border="1 0 0" fill="1 0 0" mode="11"
 points="10.6801 11.1024,
	10.7076 11.0766,
	10.7145 11.0749,
	10.7697 11.0369,
	10.7973 11.0128,
	10.8525 10.9749,
	10.88 10.9525,
	10.8938 10.9438,
	10.9076 10.9318,
	10.9611 10.8938,
	10.9887 10.8749,
	11.0162 10.8594,
	11.0231 10.8611,
	11.0387 10.8887,
	11.0473 10.9163,
	11.049 10.9714,
	11.0455 11.0266,
	11.0455 11.0404,
	11.0524 11.0542,
	11.0576 11.0611,
	11.0645 11.0645,
	11.0921 11.0628,
	11.1197 11.0576,
	11.1335 11.0542,
	11.1473 11.0542,
	11.1542 11.0576,
	11.1576 11.0714,
	11.1852 11.0886,
	11.1886 11.0904,
	11.1869 11.118,
	11.1852 11.1317,
	11.2128 11.1438,
	11.2266 11.1473,
	11.2817 11.18,
	11.3093 11.1955,
	11.3335 11.2231,
	11.3886 11.2748,
	11.4024 11.2817,
	11.4162 11.2921,
	11.4438 11.3197,
	11.4628 11.3472,
	11.4783 11.3748,
	11.4852 11.4024,
	11.4869 11.4093,
	11.5127 11.4369,
	11.5196 11.4438,
	11.5369 11.4714,
	11.5576 11.499,
	11.5679 11.5127,
	11.5834 11.5403,
	11.5834 11.5679,
	11.5852 11.5817,
	11.5748 11.6369,
	11.5714 11.6507,
	11.5334 11.7058,
	11.511 11.7334,
	11.4834 11.7576,
	11.4696 11.7679,
	11.4628 11.7748,
	11.449 11.8024,
	11.4455 11.8075,
	11.4179 11.8007,
	11.4041 11.7972,
	11.3972 11.7955,
	11.3921 11.7817,
	11.4093 11.7541,
	11.4145 11.7265,
	11.4265 11.6989,
	11.4334 11.6851,
	11.4386 11.63,
	11.4386 11.6231,
	11.4541 11.5955,
	11.4576 11.5886,
	11.4541 11.561,
	11.4541 11.5472,
	11.4541 11.5403,
	11.4593 11.5265,
	11.4541 11.499,
	11.449 11.4852,
	11.4403 11.4714,
	11.4369 11.4645,
	11.3835 11.411,
	11.3731 11.3972,
	11.3662 11.3835,
	11.3645 11.3766,
	11.3645 11.3731,
	11.3369 11.3507,
	11.3231 11.3386,
	11.3162 11.3369,
	11.2921 11.3128,
	11.2645 11.2921,
	11.2369 11.28,
	11.2093 11.2628,
	11.1817 11.2369,
	11.1766 11.23,
	11.1628 11.2283,
	11.149 11.2231,
	11.1352 11.2145,
	11.1317 11.2111,
	11.1042 11.2076,
	11.0904 11.2024,
	11.0628 11.1852,
	11.049 11.1783,
	11.0352 11.1766,
	11.0076 11.18,
	10.9938 11.1817,
	10.9869 11.1817,
	10.9731 11.1766,
	10.9662 11.1731,
	10.9525 11.1731,
	10.8421 11.1455,
	10.8145 11.1404,
	10.7594 11.1352,
	10.7042 11.1128,
	10.6904 11.1059,
	10.6835 11.1042,
	10.6818 11.1042,
	"/>
</Transform>

<Transform dim="1"
 xcoef=" 0 1 0 0 0 0"
 ycoef=" -0.01 0 1 0 0 0">
<Contour name="d19sp16" hidden="false" closed="true" simplified="true" border="1 0 0" fill="1 0 0" mode="11"
 points="4.41141 11.0896,
	4.39703 11.0858,
	4.38991 11.0823,
	4.37605 11.0684,
	4.35396 11.0348,
	4.34278 11.0182,
	4.33927 11.014,
	4.32513 10.9813,
	4.31848 10.965,
	4.31514 10.9569,
	4.31015 10.926,
	4.3102 10.925,
	4.31659 10.8939,
	4.31987 10.8862,
	4.32881 10.824,
	4.33247 10.8086,
	4.33362 10.8048,
	4.34975 10.7919,
	4.35785 10.7854,
	4.36585 10.7809,
	4.39694 10.7796,
	4.41239 10.7804,
	4.47339 10.7901,
	4.50357 10.797,
	4.53313 10.81,
	4.54765 10.819,
	4.56199 10.8299,
	4.56906 10.8364,
	4.57634 10.8409,
	4.59062 10.8528,
	4.59791 10.8573,
	4.60547 10.8589,
	4.61359 10.8546,
	4.61996 10.8482,
	4.62452 10.8406,
	4.6317 10.8362,
	4.6475 10.8326,
	4.66267 10.8358,
	4.67595 10.8498,
	4.68709 10.8665,
	4.7145 10.8976,
	4.72761 10.9146,
	4.75084 10.9484,
	4.76288 10.9654,
	4.76993 10.973,
	4.79877 10.9949,
	4.85911 11.0256,
	4.86663 11.0291,
	4.87399 11.0346,
	4.88027 11.0419,
	4.88502 11.0577,
	4.88356 11.0652,
	4.88332 11.069,
	4.87618 11.0752,
	4.87222 11.0768,
	4.85675 11.0765,
	4.79476 11.0636,
	4.77898 11.0614,
	4.77502 11.0611,
	4.75977 11.0538,
	4.69921 11.0332,
	4.68387 11.0299,
	4.67631 11.0273,
	4.64554 11.0228,
	4.63792 11.0212,
	4.62227 11.023,
	4.60649 11.0267,
	4.59063 11.0325,
	4.57467 11.0403,
	4.559 11.0462,
	4.54326 11.054,
	4.53555 11.0565,
	4.52054 11.0574,
	4.51299 11.0589,
	4.50519 11.0634,
	4.49759 11.0659,
	4.48274 11.0669,
	4.47525 11.0684,
	4.45977 11.0784,
	4.4559 11.0812,
	4.44088 11.0863,
	"/>
</Transform>

<Transform dim="0"
 xcoef=" 0 1 0 0 0 0"
 ycoef=" 0 0 1 0 0 0">
<Contour name="d19sp16" hidden="false" closed="true" simplified="true" border="1 0 0" fill="1 0 0" mode="11"
 points="4.84592 11.3131,
	4.8533 11.3012,
	4.86364 11.2894,
	4.87545 11.2835,
	4.9227 11.2717,
	4.96995 11.2555,
	4.99062 11.2348,
	5.00538 11.2127,
	5.01277 11.189,
	5.01572 11.1772,
	5.00834 11.1536,
	4.99653 11.1462,
	4.9729 11.1374,
	4.96109 11.127,
	4.95814 11.1241,
	4.95518 11.1122,
	4.96552 11.1019,
	4.97142 11.0975,
	4.99505 11.0931,
	5.00686 11.0916,
	5.01277 11.0916,
	5.03639 11.1049,
	5.08364 11.1506,
	5.09545 11.161,
	5.10726 11.1684,
	5.15451 11.1876,
	5.16632 11.192,
	5.16928 11.192,
	5.18109 11.2008,
	5.20471 11.2112,
	5.22834 11.2171,
	5.24015 11.2186,
	5.26377 11.2156,
	5.2874 11.2156,
	5.29921 11.2156,
	5.34646 11.2259,
	5.37008 11.2363,
	5.3819 11.2437,
	5.38633 11.2496,
	5.33908 11.2569,
	5.24458 11.2599,
	5.15008 11.2761,
	5.10283 11.2835,
	5.07921 11.2865,
	5.0733 11.2865,
	5.0674 11.2894,
	5.02015 11.2924,
	4.99653 11.2939,
	4.99062 11.2939,
	4.98471 11.2968,
	4.93747 11.3012,
	4.92565 11.3042,
	4.91384 11.3042,
	4.90203 11.3071,
	4.89612 11.3071,
	4.88431 11.3116,
	4.86069 11.316,
	4.84887 11.3175,
	4.84592 11.3145,
	"/>
</Transform>

<Transform dim="0"
 xcoef=" 0 1 0 0 0 0"
 ycoef=" 0 0 1 0 0 0">
<Contour name="d24sph12" hidden="false" closed="true" simplified="true" border="1 0 0" fill="1 0 0" mode="11"
 points="5.93247 5.18,
	5.9146 5.17841,
	5.90573 5.17772,
	5.90126 5.17761,
	5.88457 5.17277,
	5.87625 5.17067,
	5.86043 5.16379,
	5.8455 5.1558,
	5.83823 5.15153,
	5.82692 5.13776,
	5.82614 5.13691,
	5.82879 5.1243,
	5.82921 5.12116,
	5.82933 5.12078,
	5.83534 5.11488,
	5.84488 5.10311,
	5.85049 5.09737,
	5.85716 5.09179,
	5.86025 5.089,
	5.86181 5.08761,
	5.8668 5.07568,
	5.87571 5.07048,
	5.88045 5.06793,
	5.8831 5.06671,
	5.90271 5.06242,
	5.90771 5.06122,
	5.91742 5.05643,
	5.93912 5.04734,
	5.94445 5.04547,
	5.9647 5.04156,
	6.0043 5.03708,
	6.0141 5.03617,
	6.05418 5.02847,
	6.07357 5.02573,
	6.08312 5.02449,
	6.08791 5.02365,
	6.12452 5.02255,
	6.13349 5.02242,
	6.20277 5.02899,
	6.23689 5.03203,
	6.24541 5.0325,
	6.25401 5.03203,
	6.27127 5.0296,
	6.27987 5.02859,
	6.28412 5.02877,
	6.30092 5.03275,
	6.30935 5.03448,
	6.31356 5.03558,
	6.34681 5.05186,
	6.36343 5.06129,
	6.36552 5.06245,
	6.37033 5.07725,
	6.37245 5.08445,
	6.3737 5.11146,
	6.37353 5.11307,
	6.35928 5.13747,
	6.35065 5.14925,
	6.31293 5.16437,
	6.2936 5.17165,
	6.28387 5.17476,
	6.26478 5.17732,
	6.25516 5.17825,
	6.23631 5.17721,
	6.22677 5.17673,
	6.20804 5.17364,
	6.19868 5.1718,
	6.15996 5.16741,
	6.14056 5.16453,
	6.13569 5.16378,
	6.05251 5.16703,
	6.03224 5.16723,
	5.99078 5.17355,
	5.97055 5.17726,
	5.96055 5.17931,
	5.94178 5.17968,
	"/>
</Transform>

<Transform dim="0"
 xcoef=" 0 1 0 0 0 0"
 ycoef=" 0 0 1 0 0 0">
<Contour name="d24sp12" hidden="false" closed="true" simplified="true" border="1 0 0" fill="1 0 0" mode="11"
 points="5.82591 5.13505,
	5.82823 5.12577,
	5.82939 5.12113,
	5.84447 5.10256,
	5.86188 5.08516,
	5.86652 5.07588,
	5.8758 5.07123,
	5.88044 5.06775,
	5.899 5.06311,
	5.90829 5.06079,
	5.92685 5.05267,
	5.93613 5.04803,
	5.97326 5.03991,
	6.04752 5.02946,
	6.08465 5.02366,
	6.12178 5.0225,
	6.19604 5.0283,
	6.23317 5.03178,
	6.25173 5.03178,
	6.2703 5.02946,
	6.27958 5.0283,
	6.31671 5.03643,
	6.35384 5.05615,
	6.36312 5.06079,
	6.3666 5.06427,
	6.37124 5.08284,
	6.37356 5.1014,
	6.37356 5.11068,
	6.37008 5.11997,
	6.35848 5.13853,
	6.35036 5.14781,
	6.31323 5.16406,
	6.29466 5.17102,
	6.28538 5.1745,
	6.24825 5.17798,
	6.22969 5.17682,
	6.19256 5.16986,
	6.15543 5.16638,
	6.13686 5.1629,
	6.09974 5.16406,
	6.09045 5.16522,
	6.08581 5.16522,
	6.07653 5.1687,
	6.05796 5.17218,
	6.05332 5.1745,
	6.03476 5.17798,
	5.99763 5.1919,
	5.98835 5.19539,
	5.95122 5.20003,
	5.93265 5.20003,
	5.91409 5.19771,
	5.87696 5.18494,
	5.85839 5.1745,
	5.85375 5.17102,
	5.85143 5.1687,
	5.84679 5.1629,
	5.84331 5.15362,
	5.84099 5.14897,
	5.83635 5.14433,
	5.83519 5.14433,
	5.82591 5.13621,
	"/>
</Transform>

<Transform dim="1"
 xcoef=" 0.01 1 0 0 0 0"
 ycoef=" -0.01 0 1 0 0 0">
<Contour name="d24sp18" hidden="false" closed="true" simplified="true" border="1 0 0" fill="1 0 0" mode="11"
 points="6.51687 7.32777,
	6.51891 7.31143,
	6.51891 7.27875,
	6.52197 7.26241,
	6.52299 7.25832,
	6.53831 7.24913,
	6.55465 7.24709,
	6.57099 7.24096,
	6.57916 7.2379,
	6.61185 7.23279,
	6.62002 7.23075,
	6.63636 7.22258,
	6.64453 7.21951,
	6.66087 7.22462,
	6.72623 7.26445,
	6.75891 7.28181,
	6.79159 7.29407,
	6.80793 7.28896,
	6.81202 7.28896,
	6.82019 7.28488,
	6.83653 7.2716,
	6.8447 7.26343,
	6.84981 7.25526,
	6.85593 7.23892,
	6.85696 7.23075,
	6.859 7.22666,
	6.86002 7.22462,
	6.84266 7.19194,
	6.83755 7.18377,
	6.83755 7.17968,
	6.8304 7.16334,
	6.82836 7.15926,
	6.82019 7.15517,
	6.78751 7.14394,
	6.77117 7.13883,
	6.763 7.13577,
	6.75891 7.13475,
	6.74257 7.14087,
	6.72623 7.15007,
	6.71806 7.15722,
	6.71397 7.15824,
	6.7058 7.15722,
	6.68946 7.15109,
	6.67312 7.14802,
	6.66904 7.147,
	6.6527 7.14905,
	6.63636 7.14905,
	6.62819 7.14905,
	6.62002 7.147,
	6.61185 7.14292,
	6.59755 7.1276,
	6.59346 7.11943,
	6.59448 7.11534,
	6.60265 7.11126,
	6.63534 7.10411,
	6.76606 7.08675,
	6.7824 7.08266,
	6.81508 7.0796,
	6.82325 7.07858,
	6.82734 7.07858,
	6.83142 7.07653,
	6.8641 7.07551,
	6.86819 7.07551,
	6.87228 7.07347,
	6.90496 7.07245,
	6.90904 7.07041,
	6.91721 7.07041,
	6.9213 7.07041,
	6.92538 7.06836,
	6.93355 7.06836,
	6.93764 7.06836,
	6.94172 7.06632,
	6.94581 7.06632,
	6.94989 7.06428,
	6.95806 7.06428,
	6.96623 7.06121,
	6.9744 7.06121,
	6.97849 7.05917,
	6.98257 7.05917,
	6.98666 7.05713,
	6.99074 7.05713,
	7.02343 7.04794,
	7.05611 7.04079,
	7.06428 7.03875,
	7.07245 7.03977,
	7.07449 7.03977,
	7.07551 7.04181,
	7.05202 7.07449,
	7.04589 7.08266,
	7.01321 7.11534,
	7.00606 7.12351,
	6.99279 7.15619,
	6.98564 7.17253,
	6.98053 7.18888,
	6.97338 7.25424,
	6.97134 7.28692,
	6.9693 7.29509,
	6.96828 7.32777,
	6.9693 7.33594,
	6.96419 7.4013,
	6.96113 7.43399,
	6.95806 7.45033,
	6.95704 7.4585,
	6.94785 7.47484,
	6.93662 7.49118,
	6.92028 7.50343,
	6.91211 7.50956,
	6.87942 7.51569,
	6.87125 7.51671,
	6.80589 7.55246,
	6.78955 7.5596,
	6.77321 7.56471,
	6.75687 7.56573,
	6.72419 7.56369,
	6.70785 7.5688,
	6.69151 7.57595,
	6.67517 7.57901,
	6.65882 7.57799,
	6.65065 7.57492,
	6.61797 7.55552,
	6.60163 7.54633,
	6.59346 7.54224,
	6.58938 7.5402,
	6.57712 7.52386,
	6.57099 7.51569,
	6.55772 7.48301,
	6.5424 7.45033,
	6.52912 7.41765,
	6.52197 7.38496,
	6.51789 7.35228,
	6.51687 7.33594,
	6.51687 7.32879,
	"/>
</Transform>

<Transform dim="1"
 xcoef=" 0.01 1 0 0 0 0"
 ycoef=" -0.01 0 1 0 0 0">
<Contour name="d24sph18" hidden="false" closed="true" simplified="true" border="1 0 0" fill="1 0 0" mode="11"
 points="6.67627 7.57886,
	6.65943 7.57753,
	6.65513 7.57702,
	6.65407 7.57706,
	6.63621 7.5656,
	6.63172 7.56266,
	6.59583 7.54343,
	6.59132 7.54125,
	6.58903 7.53947,
	6.58789 7.53873,
	6.57856 7.52612,
	6.56924 7.51257,
	6.56692 7.50888,
	6.5572 7.48235,
	6.55229 7.46892,
	6.54465 7.4542,
	6.54071 7.44675,
	6.53876 7.443,
	6.53351 7.42912,
	6.53077 7.4221,
	6.52942 7.41859,
	6.52599 7.40545,
	6.52346 7.3927,
	6.52248 7.38649,
	6.52172 7.38325,
	6.51884 7.35891,
	6.51793 7.35277,
	6.51739 7.32981,
	6.51906 7.30824,
	6.51932 7.28617,
	6.5193 7.27508,
	6.52137 7.26514,
	6.52225 7.26012,
	6.52283 7.25769,
	6.53115 7.25261,
	6.53542 7.25054,
	6.53757 7.24935,
	6.5461 7.24804,
	6.55036 7.24743,
	6.55249 7.24729,
	6.56104 7.24476,
	6.56532 7.24249,
	6.58255 7.2371,
	6.60005 7.23559,
	6.60892 7.23415,
	6.61787 7.23152,
	6.62688 7.22765,
	6.63143 7.22564,
	6.64058 7.22039,
	6.64287 7.21932,
	6.64403 7.21913,
	6.66277 7.22571,
	6.66512 7.22631,
	6.67454 7.23178,
	6.6934 7.24384,
	6.71217 7.25643,
	6.72152 7.26257,
	6.74028 7.27219,
	6.74964 7.27707,
	6.75431 7.27945,
	6.79189 7.29363,
	6.81145 7.28899,
	6.81266 7.28883,
	6.81296 7.28888,
	6.81448 7.28877,
	6.82389 7.29182,
	6.82625 7.29249,
	6.82856 7.29381,
	6.83325 7.29547,
	6.83445 7.29563,
	6.83675 7.29694,
	6.83792 7.29742,
	6.83851 7.2975,
	6.83906 7.29823,
	6.84025 7.29839,
	6.84139 7.29921,
	6.84375 7.29985,
	6.84486 7.301,
	6.84722 7.30163,
	6.84747 7.30233,
	6.84866 7.30248,
	6.84891 7.30317,
	6.85122 7.30413,
	6.85176 7.30486,
	6.85296 7.30501,
	6.85356 7.30508,
	6.85438 7.30618,
	6.85897 7.30873,
	6.86352 7.31191,
	6.86464 7.31271,
	6.86518 7.31344,
	6.86577 7.31351,
	6.86969 7.31693,
	6.87049 7.31801,
	6.8711 7.31808,
	6.873 7.32026,
	6.87415 7.32073,
	6.8786 7.32484,
	6.88079 7.32705,
	6.88162 7.3278,
	6.88379 7.33033,
	6.88761 7.33435,
	6.88954 7.33619,
	6.89387 7.34121,
	6.89761 7.34584,
	6.89887 7.34824,
	6.90291 7.35289,
	6.90947 7.36198,
	6.91105 7.36407,
	6.9121 7.36548,
	6.91257 7.36681,
	6.91653 7.37172,
	6.9181 7.37382,
	6.92111 7.37926,
	6.92232 7.38197,
	6.92311 7.38301,
	6.92304 7.38365,
	6.92577 7.38873,
	6.92973 7.39905,
	6.93063 7.40171,
	6.9308 7.40299,
	6.93157 7.40403,
	6.93143 7.4053,
	6.93265 7.41053,
	6.93326 7.41315,
	6.93341 7.41443,
	6.93334 7.41506,
	6.93385 7.41577,
	6.9351 7.42609,
	6.9354 7.42867,
	6.93527 7.42992,
	6.93573 7.43124,
	6.93381 7.4514,
	6.93244 7.46142,
	6.9316 7.46641,
	6.93075 7.46886,
	6.93048 7.47138,
	6.92768 7.48123,
	6.92656 7.48618,
	6.92601 7.48864,
	6.92489 7.49107,
	6.92302 7.50067,
	6.92231 7.50185,
	6.91228 7.50908,
	6.87457 7.51596,
	6.86987 7.51703,
	6.86028 7.52191,
	6.82262 7.54304,
	6.80446 7.55336,
	6.78683 7.56155,
	6.76962 7.56466,
	6.76536 7.5654,
	6.74838 7.56549,
	6.7399 7.56438,
	6.73568 7.5638,
	6.73355 7.56335,
	6.72935 7.56336,
	6.72726 7.56322,
	6.71895 7.56442,
	6.71076 7.56713,
	6.69462 7.57449,
	6.69061 7.57633,
	6.68655 7.57755,
	6.68454 7.57834,
	"/>
</Transform>

<Transform dim="0"
 xcoef=" 0 1 0 0 0 0"
 ycoef=" 0 0 1 0 0 0">
<Contour name="d24c12" hidden="false" closed="true" simplified="true" border="0 0 1" fill="0 0 1" mode="11"
 points="6.02646 5.01256,
	6.0346 5.00443,
	6.05087 4.99426,
	6.06714 4.979,
	6.08341 4.97087,
	6.11595 4.96171,
	6.1485 4.95765,
	6.16477 4.95561,
	6.19731 4.95663,
	6.21358 4.95765,
	6.22985 4.96171,
	6.24612 4.96883,
	6.25426 4.97392,
	6.2624 4.98205,
	6.27257 4.99832,
	6.27562 5.00646,
	6.2746 5.02273,
	6.27765 5.0268,
	6.27968 5.03493,
	6.27663 5.04307,
	6.2746 5.04714,
	6.25833 5.05934,
	6.25019 5.06239,
	6.24612 5.06239,
	6.24206 5.06443,
	6.22579 5.06748,
	6.20951 5.07256,
	6.17697 5.07866,
	6.14443 5.07968,
	6.12816 5.07765,
	6.09562 5.06748,
	6.07934 5.06239,
	6.0468 5.04612,
	6.03867 5.04205,
	6.0346 5.039,
	6.0346 5.03493,
	6.02748 5.01866,
	6.02646 5.01459,
	6.02646 5.01358,
	"/>
</Transform>

<Transform dim="0"
 xcoef=" 0 1 0 0 0 0"
 ycoef=" 0 0 1 0 0 0">
<Contour name="dch_d05c20" hidden="false" closed="true" simplified="true" border="0 0 1" fill="0 0 1" mode="11"
 points="7.78012 9.2397,
	7.78197 9.22983,
	7.78258 9.22489,
	7.7832 9.22242,
	7.7832 9.22119,
	7.79122 9.20144,
	7.79678 9.19157,
	7.80511 9.18201,
	7.81004 9.178,
	7.81251 9.17614,
	7.82238 9.17213,
	7.82362 9.17183,
	7.82855 9.17306,
	7.83102 9.17368,
	7.83226 9.1746,
	7.84244 9.19435,
	7.84737 9.20422,
	7.85015 9.20916,
	7.85755 9.21903,
	7.86558 9.2289,
	7.86989 9.23384,
	7.87606 9.25358,
	7.87915 9.26345,
	7.88069 9.26839,
	7.881 9.27086,
	7.87915 9.31035,
	7.87884 9.31528,
	7.881 9.33503,
	7.88223 9.3449,
	7.88285 9.34984,
	7.88316 9.36958,
	7.88316 9.37946,
	7.88069 9.381,
	7.87946 9.38162,
	7.87792 9.38408,
	7.87298 9.38902,
	7.86804 9.39025,
	7.86681 9.39056,
	7.84706 9.38408,
	7.83719 9.381,
	7.83472 9.38007,
	7.82485 9.37421,
	7.81992 9.3702,
	7.81745 9.36835,
	7.81004 9.35848,
	7.80665 9.35354,
	7.8011 9.34367,
	7.79277 9.32392,
	7.78999 9.31405,
	7.78845 9.30911,
	7.78413 9.28937,
	7.78104 9.26962,
	7.78012 9.26469,
	7.78012 9.24494,
	7.78012 9.24001,
	"/>
</Transform>

<Transform dim="0"
 xcoef=" 0 1 0 0 0 0"
 ycoef=" 0 0 1 0 0 0">
<Contour name="dch_d24c12" hidden="false" closed="true" simplified="true" border="0 0 1" fill="0 0 1" mode="11"
 points="6.03708 5.02332,
	6.03725 5.02262,
	6.03778 5.02123,
	6.03847 5.01984,
	6.04169 5.01426,
	6.04335 5.01148,
	6.04374 5.01078,
	6.04422 5.01009,
	6.04975 5.00586,
	6.05253 5.00377,
	6.05393 5.00269,
	6.05532 5.00168,
	6.05602 5.00121,
	6.06159 4.99864,
	6.06298 4.99807,
	6.06855 4.99624,
	6.07134 4.99524,
	6.07203 4.99494,
	6.07238 4.99476,
	6.07378 4.99428,
	6.09606 4.9925,
	6.10163 4.99202,
	6.11278 4.99154,
	6.12392 4.99115,
	6.12671 4.99102,
	6.1281 4.99098,
	6.15039 4.99233,
	6.15317 4.9925,
	6.15457 4.99259,
	6.17685 4.99516,
	6.188 4.99646,
	6.19078 4.99677,
	6.19218 4.99698,
	6.21446 4.99868,
	6.22561 4.9996,
	6.23118 5.00007,
	6.23257 5.00016,
	6.23396 5.00047,
	6.24511 5.00377,
	6.25068 5.00538,
	6.25207 5.00573,
	6.25277 5.00586,
	6.25294 5.00586,
	6.25434 5.00665,
	6.25991 5.01004,
	6.26548 5.01331,
	6.26618 5.01361,
	6.26652 5.01374,
	6.2667 5.01383,
	6.27175 5.0194,
	6.27301 5.02079,
	6.27532 5.02358,
	6.27558 5.02393,
	6.27641 5.02532,
	6.27658 5.02567,
	6.27684 5.03681,
	6.27693 5.0396,
	6.27693 5.0403,
	6.27693 5.04064,
	6.27706 5.04134,
	6.2771 5.04204,
	6.27706 5.04273,
	6.27697 5.04308,
	6.27536 5.04587,
	6.27458 5.04726,
	6.27414 5.04796,
	6.27397 5.0483,
	6.27345 5.049,
	6.27323 5.04935,
	6.27292 5.04965,
	6.26178 5.05592,
	6.25621 5.0591,
	6.25482 5.05997,
	6.25412 5.06036,
	6.24298 5.06371,
	6.24158 5.06415,
	6.2388 5.06476,
	6.23601 5.06528,
	6.23462 5.06554,
	6.23392 5.06563,
	6.18935 5.06768,
	6.18378 5.06794,
	6.18099 5.06807,
	6.16985 5.06837,
	6.16706 5.06846,
	6.14477 5.06724,
	6.1392 5.06685,
	6.11691 5.0635,
	6.11413 5.0631,
	6.10298 5.06106,
	6.1002 5.06054,
	6.09741 5.05993,
	6.07513 5.05462,
	6.07373 5.05431,
	6.06816 5.05279,
	6.06259 5.05118,
	6.0598 5.05039,
	6.05841 5.05,
	6.04727 5.04622,
	6.04587 5.04574,
	6.04309 5.0446,
	6.04169 5.04404,
	6.04135 5.04395,
	6.041 5.04373,
	6.04065 5.04339,
	6.03987 5.04199,
	6.03974 5.04164,
	6.03934 5.04095,
	6.03908 5.0406,
	6.03873 5.0399,
	6.03839 5.03851,
	6.03817 5.03712,
	6.03795 5.03433,
	6.03738 5.02876,
	6.03717 5.02597,
	6.03712 5.02458,
	6.03708 5.02388,
	6.03708 5.02354,
	6.03708 5.02336,
	"/>
</Transform>

<Transform dim="0"
 xcoef=" 0 1 0 0 0 0"
 ycoef=" 0 0 1 0 0 0">
<Image mag="0.0022379" contrast="1.144" brightness="-0.15" red="true" green="true" blue="true"
 src="078____z77.0.tif" />
<Contour name="d05c15" hidden="false" closed="true" simplified="false" border="0 0 1" fill="0 0 1" mode="11"
 points="0 0,
	9356 0,
	9356 6733,
	0 6733,
	"/>
</Transform>

<Transform dim="0"
 xcoef=" 0 1 0 0 0 0"
 ycoef=" 0 0 1 0 0 0">
<Image mag="0.0022379" contrast="1.144" brightness="-0.15" red="true" green="true" blue="true"
 src="078____z77.0.tif" />
<Contour name="d05c15" hidden="false" closed="true" simplified="false" border="0 0 1" fill="0 0 1" mode="11"
 points="0 0,
	9356 0,
	9356 6733,
	0 6733,
	"/>
</Transform>

<Transform dim="0"
 xcoef=" 0 1 0 0 0 0"
 ycoef=" 0 0 1 0 0 0">
<Image mag="0.0022379" contrast="1.144" brightness="-0.15" red="true" green="true" blue="true"
 src="079____z78.0.tif" />
<Contour name="d05c15" hidden="false" closed="true" simplified="false" border="0 0 1" fill="0 0 1" mode="11"
 points="0 0,
	9356 0,
	9356 6733,
	0 6733,
	"/>
</Transform>

<Transform dim="0"
 xcoef=" 0 1 0 0 0 0"
 ycoef=" 0 0 1 0 0 0">
<Contour name="d05" comment="dch_traced_06.2019" hidden="false" closed="true" simplified="true" border="1 1 0" fill="1 1 0" mode="11"
 points="10.0439 10.4399,
	10.0638 10.3762,
	10.0717 10.3603,
	10.1036 10.3344,
	10.1075 10.3304,
	10.1235 10.3245,
	10.1274 10.3205,
	10.1593 10.3125,
	10.223 10.3125,
	10.2548 10.3225,
	10.2866 10.3404,
	10.3145 10.3643,
	10.3304 10.3742,
	10.3941 10.3921,
	10.4578 10.3921,
	10.4896 10.3921,
	10.5533 10.4021,
	10.5852 10.408,
	10.617 10.42,
	10.6468 10.4399,
	10.6767 10.4638,
	10.7026 10.4936,
	10.7185 10.5095,
	10.7404 10.5414,
	10.7563 10.5732,
	10.7762 10.6051,
	10.7862 10.621,
	10.814 10.6468,
	10.8279 10.6588,
	10.8916 10.6966,
	10.9056 10.7066,
	10.9672 10.7702,
	10.9931 10.8021,
	11.015 10.8339,
	11.0289 10.8498,
	11.0488 10.8817,
	11.0568 10.9135,
	11.0608 10.9454,
	11.0608 10.9772,
	11.0608 10.9931,
	11.0687 11.025,
	11.0847 11.0568,
	11.0886 11.0727,
	11.0886 11.1046,
	11.0886 11.1205,
	11.0827 11.1364,
	11.0687 11.1523,
	11.0528 11.1623,
	11.0488 11.1663,
	10.9852 11.1782,
	10.9533 11.1762,
	10.8896 11.1623,
	10.8737 11.1603,
	10.8419 11.1483,
	10.7782 11.1384,
	10.7623 11.1344,
	10.7304 11.1185,
	10.7145 11.1105,
	10.7066 11.1066,
	10.7026 11.1046,
	10.6389 11.1145,
	10.607 11.1165,
	10.5911 11.1145,
	10.5593 11.1046,
	10.4956 11.0767,
	10.4319 11.0429,
	10.4001 11.0369,
	10.3364 11.0309,
	10.209 11.009,
	10.1772 11.0031,
	10.1454 10.9931,
	10.1294 10.9812,
	10.1155 10.9653,
	10.1075 10.9493,
	10.1036 10.9334,
	10.1036 10.9175,
	10.0936 10.9016,
	10.0876 10.8857,
	10.0857 10.8538,
	10.0598 10.7901,
	10.0538 10.7742,
	10.0518 10.7105,
	10.0558 10.6787,
	10.0538 10.6468,
	10.0458 10.615,
	10.0458 10.5832,
	10.0498 10.5513,
	10.0498 10.5195,
	10.0498 10.5036,
	10.0439 10.4717,
	10.0439 10.4419,
	"/>
</Transform>

<Transform dim="0"
 xcoef=" 0 1 0 0 0 0"
 ycoef=" 0 0 1 0 0 0">
<Contour name="d19" comment="dch_traced_06.2019" hidden="false" closed="true" simplified="true" border="1 1 0" fill="1 1 0" mode="11"
 points="4.64019 11.4298,
	4.64317 11.4179,
	4.67149 11.3702,
	4.68788 11.3478,
	4.71024 11.3255,
	4.72217 11.315,
	4.72813 11.3091,
	4.75198 11.2927,
	4.7639 11.2852,
	4.78775 11.2778,
	4.8116 11.2763,
	4.8593 11.2792,
	4.88315 11.2778,
	4.907 11.2703,
	4.91892 11.2643,
	4.92489 11.2614,
	4.92787 11.2584,
	4.93383 11.2569,
	4.93979 11.2524,
	4.94575 11.2509,
	4.9696 11.236,
	5.0173 11.2196,
	5.065 11.2107,
	5.08885 11.2062,
	5.09481 11.2032,
	5.14251 11.1958,
	5.19021 11.1943,
	5.23791 11.1988,
	5.28561 11.2077,
	5.33331 11.2107,
	5.34523 11.2122,
	5.39293 11.2286,
	5.40485 11.2315,
	5.4287 11.2301,
	5.45255 11.2241,
	5.46448 11.2256,
	5.47044 11.2256,
	5.49429 11.2345,
	5.54199 11.2569,
	5.58969 11.2837,
	5.61354 11.3001,
	5.66123 11.3404,
	5.67316 11.3493,
	5.68508 11.3553,
	5.69701 11.3642,
	5.72086 11.3776,
	5.74471 11.394,
	5.76707 11.4134,
	5.77303 11.4194,
	5.80135 11.4671,
	5.81178 11.4909,
	5.81476 11.5028,
	5.81476 11.5267,
	5.80433 11.5505,
	5.78197 11.5744,
	5.75961 11.5923,
	5.66571 11.6549,
	5.65527 11.6623,
	5.63142 11.6847,
	5.61055 11.7041,
	5.58671 11.7219,
	5.57478 11.7324,
	5.55093 11.7443,
	5.52708 11.7592,
	5.51516 11.7667,
	5.5092 11.7696,
	5.50621 11.7696,
	5.50323 11.7726,
	5.49727 11.7741,
	5.49429 11.7771,
	5.44659 11.786,
	5.39889 11.7905,
	5.38697 11.7935,
	5.38399 11.7965,
	5.37802 11.798,
	5.33033 11.8293,
	5.3184 11.8367,
	5.31542 11.8397,
	5.29157 11.8501,
	5.26772 11.8546,
	5.24387 11.8561,
	5.23195 11.8576,
	5.22002 11.8621,
	5.19617 11.8665,
	5.10078 11.8695,
	5.05308 11.8695,
	5.02923 11.8695,
	4.98153 11.8636,
	4.93383 11.8486,
	4.92191 11.8457,
	4.90998 11.8382,
	4.88613 11.8308,
	4.86228 11.8159,
	4.84738 11.792,
	4.8429 11.7801,
	4.84141 11.7562,
	4.8429 11.7324,
	4.84141 11.7085,
	4.84141 11.6966,
	4.83694 11.6728,
	4.82949 11.6489,
	4.81906 11.637,
	4.79521 11.6251,
	4.78328 11.6221,
	4.73558 11.6251,
	4.72366 11.6251,
	4.71173 11.6221,
	4.70875 11.6102,
	4.69683 11.5863,
	4.69236 11.5803,
	4.68788 11.5684,
	4.67298 11.5446,
	4.67298 11.5416,
	4.65956 11.5177,
	4.64913 11.4939,
	4.64168 11.47,
	4.64019 11.4462,
	4.64019 11.4343,
	4.64019 11.4313,
	"/>
</Transform>

<Transform dim="0"
 xcoef=" 0 1 0 0 0 0"
 ycoef=" 0 0 1 0 0 0">
<Contour name="d24" comment="dch_traced_06.2019" hidden="false" closed="true" simplified="true" border="1 1 0" fill="1 1 0" mode="11"
 points="6.41028 6.67069,
	6.41545 6.61551,
	6.41718 6.60171,
	6.44305 6.54652,
	6.45857 6.51893,
	6.46547 6.50513,
	6.47582 6.49134,
	6.48961 6.47754,
	6.50341 6.46892,
	6.51721 6.45684,
	6.5241 6.45167,
	6.5379 6.4465,
	6.5517 6.43787,
	6.5586 6.4327,
	6.56549 6.43098,
	6.56894 6.42753,
	6.57239 6.42753,
	6.57584 6.42408,
	6.60343 6.41718,
	6.61723 6.41373,
	6.64482 6.41201,
	6.70001 6.41718,
	6.7552 6.4189,
	6.76899 6.41718,
	6.77589 6.41373,
	6.83108 6.4189,
	6.85867 6.4258,
	6.86557 6.42753,
	6.86902 6.42753,
	6.87247 6.43098,
	6.88627 6.43615,
	6.91386 6.45512,
	6.93973 6.47926,
	6.94663 6.48444,
	6.96042 6.48616,
	7.01561 6.48099,
	7.0708 6.49651,
	7.08459 6.50168,
	7.11219 6.52065,
	7.16737 6.55342,
	7.19497 6.57067,
	7.20704 6.57929,
	7.23463 6.60343,
	7.24843 6.61723,
	7.25533 6.62413,
	7.27257 6.65172,
	7.33293 6.7621,
	7.37087 6.81556,
	7.37605 6.82246,
	7.38122 6.83625,
	7.3795 6.86385,
	7.37605 6.87764,
	7.36743 6.89144,
	7.3588 6.91903,
	7.35363 6.94663,
	7.34501 6.97422,
	7.34156 6.98802,
	7.32776 7.01561,
	7.30189 7.0432,
	7.28809 7.05183,
	7.23291 7.06735,
	7.20531 7.07425,
	7.19842 7.0777,
	7.18462 7.07597,
	7.17082 7.0777,
	7.14323 7.07597,
	7.03286 7.09839,
	7.00526 7.10529,
	6.97767 7.11736,
	6.97077 7.11909,
	6.96732 7.12253,
	6.91214 7.13978,
	6.85695 7.1484,
	6.84315 7.15185,
	6.78797 7.15185,
	6.76037 7.15013,
	6.73278 7.15185,
	6.71898 7.15358,
	6.69139 7.16565,
	6.6638 7.1691,
	6.6362 7.1691,
	6.60861 7.16565,
	6.58102 7.15875,
	6.55342 7.1553,
	6.52583 7.14495,
	6.51376 7.13633,
	6.49996 7.12426,
	6.49134 7.11046,
	6.48789 7.08287,
	6.49306 7.05528,
	6.50168 7.02768,
	6.50686 7.00009,
	6.50686 6.9725,
	6.50686 6.9587,
	6.51203 6.93111,
	6.51548 6.91731,
	6.51721 6.91041,
	6.51203 6.88282,
	6.49823 6.85522,
	6.48616 6.84143,
	6.47409 6.83108,
	6.46719 6.82591,
	6.46374 6.82591,
	6.43615 6.80349,
	6.4189 6.77762,
	6.41201 6.75002,
	6.41028 6.69484,
	6.41028 6.68104,
	6.41028 6.67414,
	6.41028 6.67242,
	"/>
</Transform>

</Section>