<?xml version="1.0"?>
<!DOCTYPE Section SYSTEM "section.dtd">

<Section index="194" thickness="0.045794" alignLocked="true">
<Transform dim="0"
 xcoef=" 0 1 0 0 0 0"
 ycoef=" 0 0 1 0 0 0">
<Image mag="0.0022379" contrast="1.144" brightness="-0.15" red="true" green="true" blue="true"
 src="195____z194.0.tif" />
<Contour name="domain1" hidden="false" closed="true" simplified="false" border="1 0 1" fill="1 0 1" mode="11"
 points="0 0,
	9357 0,
	9357 6734,
	0 6734,
	"/>
</Transform>

<Transform dim="0"
 xcoef=" 0 1 0 0 0 0"
 ycoef=" 0 0 1 0 0 0">
<Contour name="d04sp35" hidden="false" closed="true" simplified="true" border="1 0 0" fill="1 0 0" mode="11"
 points="9.44252 8.94114,
	9.39184 8.9154,
	9.37964 8.91009,
	9.33088 8.89823,
	9.28275 8.89014,
	9.25839 8.8864,
	9.25719 8.88624,
	9.25719 8.88616,
	9.25727 8.8839,
	9.25736 8.88164,
	9.25739 8.88073,
	9.25577 8.88052,
	9.20228 8.88219,
	9.19558 8.88186,
	9.16661 8.8875,
	9.13654 8.89449,
	9.10564 8.90264,
	9.0898 8.90705,
	9.07427 8.9097,
	9.05808 8.91399,
	9.04982 8.91657,
	9.04767 8.91743,
	9.047 8.91655,
	9.06518 8.90279,
	9.06992 8.89937,
	9.09221 8.87217,
	9.10876 8.84509,
	9.1434 8.79035,
	9.16911 8.73467,
	9.19015 8.67788,
	9.19555 8.66353,
	9.21011 8.63455,
	9.22581 8.60613,
	9.26653 8.57756,
	9.26656 8.57636,
	9.26659 8.57557,
	9.26996 8.57322,
	9.32272 8.53901,
	9.33604 8.53115,
	9.34272 8.52721,
	9.34273 8.52721,
	9.3448 8.52598,
	9.35149 8.52198,
	9.37786 8.51411,
	9.39113 8.51062,
	9.39447 8.50953,
	9.39611 8.50943,
	9.40811 8.52116,
	9.41413 8.52698,
	9.41718 8.52943,
	9.42437 8.5578,
	9.42771 8.57208,
	9.43038 8.60077,
	9.43145 8.62933,
	9.42585 8.74037,
	9.41915 8.79207,
	9.41473 8.81695,
	9.4123 8.82922,
	9.41297 8.8531,
	9.41416 8.85899,
	9.42412 8.88253,
	9.43636 8.90691,
	9.44366 8.91947,
	9.45303 8.93224,
	9.45519 8.93546,
	9.45416 8.93631,
	9.43262 8.92534,
	9.44137 8.9371,
	9.44353 8.9403,
	"/>
</Transform>

<Transform dim="0"
 xcoef=" 0 1 0 0 0 0"
 ycoef=" 0 0 1 0 0 0">
<Contour name="d07sp51" hidden="false" closed="true" simplified="true" border="1 0 0" fill="1 0 0" mode="11"
 points="10.5429 7.37173,
	10.5172 7.36147,
	10.5045 7.35551,
	10.4981 7.35252,
	10.495 7.35102,
	10.4934 7.34948,
	10.5013 7.33661,
	10.5291 7.3184,
	10.54 7.30534,
	10.5535 7.29543,
	10.5669 7.2888,
	10.58 7.28702,
	10.6809 7.29773,
	10.6933 7.30087,
	10.7058 7.30707,
	10.7071 7.31934,
	10.7007 7.33163,
	10.6879 7.34247,
	10.6627 7.35359,
	10.6361 7.36172,
	10.6096 7.36534,
	10.5832 7.36598,
	10.5565 7.3698,
	"/>
</Transform>

<Transform dim="0"
 xcoef=" 0 1 0 0 0 0"
 ycoef=" 0 0 1 0 0 0">
<Contour name="d07sp48" hidden="false" closed="true" simplified="true" border="1 0 0" fill="1 0 0" mode="11"
 points="10.3646 8.24038,
	10.3516 8.23906,
	10.3004 8.21923,
	10.2745 8.21329,
	10.2482 8.21198,
	10.235 8.21041,
	10.2084 8.21192,
	10.1821 8.20833,
	10.169 8.20644,
	10.1423 8.20733,
	10.1309 8.20374,
	10.1311 8.20213,
	10.2378 7.98932,
	10.2907 7.87972,
	10.3051 7.85296,
	10.309 7.84633,
	10.333 7.85981,
	10.339 7.86278,
	10.3569 7.8879,
	10.3668 7.91362,
	10.3749 7.92641,
	10.399 7.94167,
	10.4223 7.96373,
	10.4465 7.97759,
	10.4704 7.99673,
	10.4901 8.02339,
	10.5 8.03687,
	10.524 8.05537,
	10.5362 8.06213,
	10.548 8.07237,
	10.5546 8.0861,
	10.5554 8.093,
	10.5525 8.10681,
	10.5502 8.11372,
	10.5317 8.14158,
	10.5226 8.15556,
	10.4984 8.18371,
	10.4852 8.1944,
	10.4819 8.19793,
	10.4566 8.19876,
	10.4309 8.2031,
	10.418 8.20698,
	10.4115 8.2089,
	10.3844 8.23324,
	10.3777 8.2384,
	"/>
</Transform>

<Transform dim="0"
 xcoef=" 0 1 0 0 0 0"
 ycoef=" 0 0 1 0 0 0">
<Contour name="d05sp44" hidden="false" closed="true" simplified="true" border="1 0 0" fill="1 0 0" mode="11"
 points="12.9039 11.4421,
	12.8806 11.4405,
	12.8578 11.434,
	12.7683 11.3898,
	12.7311 11.3531,
	12.7141 11.3355,
	12.6747 11.3148,
	12.6361 11.2987,
	12.6171 11.2907,
	12.5824 11.2569,
	12.5683 11.2365,
	12.5617 11.2164,
	12.5515 11.2038,
	12.5325 11.2012,
	12.523 11.2012,
	12.4877 11.1818,
	12.4164 11.153,
	12.3433 11.1344,
	12.3073 11.1188,
	12.2731 11.0902,
	12.2566 11.0569,
	12.2531 11.0485,
	12.256 11.015,
	12.2587 10.9981,
	12.2594 10.9938,
	12.2597 10.9917,
	12.2648 10.9745,
	12.2821 10.939,
	12.2919 10.9207,
	12.3062 10.9018,
	12.3272 10.8844,
	12.3472 10.8713,
	12.3571 10.8658,
	12.3733 10.8454,
	12.3791 10.8353,
	12.4591 10.7633,
	12.4791 10.742,
	12.5184 10.7057,
	12.5578 10.6744,
	12.5964 10.6665,
	12.6156 10.6646,
	12.6538 10.673,
	12.6926 10.6892,
	12.7682 10.7426,
	12.8057 10.7707,
	12.8154 10.7764,
	12.8369 10.7732,
	12.8734 10.8128,
	12.8922 10.8334,
	12.933 10.8618,
	13.022 10.9055,
	13.0455 10.9145,
	13.0573 10.9211,
	13.074 10.9569,
	13.063 10.975,
	13.0574 10.984,
	13.0122 11.0174,
	13.0061 11.0217,
	12.9564 11.0164,
	12.9077 11.0014,
	12.884 10.9913,
	12.8394 10.9809,
	12.7971 10.9753,
	12.7553 10.9812,
	12.7338 10.9924,
	12.7233 10.9969,
	12.7066 11.0157,
	12.7001 11.0542,
	12.7004 11.0738,
	12.7019 11.0837,
	12.7177 11.1013,
	12.7378 11.1067,
	12.7579 11.1171,
	12.7678 11.1247,
	12.7713 11.1648,
	12.7728 11.1749,
	12.7841 11.1952,
	12.7884 11.2053,
	12.8314 11.2301,
	12.8787 11.2388,
	12.9029 11.2428,
	12.9285 11.239,
	12.9411 11.2383,
	12.9963 11.203,
	13.0447 11.208,
	13.053 11.2151,
	13.0599 11.2545,
	13.1052 11.2709,
	13.1287 11.2764,
	13.1403 11.2793,
	13.137 11.3182,
	13.1179 11.3586,
	13.0707 11.3998,
	13.0498 11.4203,
	12.9993 11.4389,
	12.9872 11.4392,
	12.9639 11.4302,
	12.9399 11.4311,
	12.9158 11.4368,
	"/>
</Transform>

<Transform dim="0"
 xcoef=" 0 1 0 0 0 0"
 ycoef=" 0 0 1 0 0 0">
<Contour name="d19sp37" hidden="false" closed="true" simplified="true" border="1 0 0" fill="1 0 0" mode="11"
 points="8.05429 10.3841,
	8.03506 10.3836,
	8.01606 10.3807,
	7.99738 10.3753,
	7.96146 10.3491,
	7.9444 10.3351,
	7.92786 10.3232,
	7.9198 10.3171,
	7.90381 10.3092,
	7.88808 10.3034,
	7.85704 10.2965,
	7.84197 10.2899,
	7.81237 10.2716,
	7.79732 10.2636,
	7.78247 10.2523,
	7.77497 10.2466,
	7.74619 10.2087,
	7.73099 10.1898,
	7.70158 10.1461,
	7.69795 10.1406,
	7.68317 10.1003,
	7.67971 10.0809,
	7.67719 10.0429,
	7.6779 10.0384,
	7.67808 10.0372,
	7.67826 10.0361,
	7.68306 10.0184,
	7.68375 10.0138,
	7.6934 9.99699,
	7.70485 9.98044,
	7.71101 9.97218,
	7.72778 9.96719,
	7.74428 9.9644,
	7.74853 9.96278,
	7.76452 9.9646,
	7.78002 9.97118,
	7.78759 9.97631,
	7.79146 9.97827,
	7.79524 9.98896,
	7.80465 10.0304,
	7.80758 10.0409,
	7.8185 10.0629,
	7.82446 10.0741,
	7.83884 10.0923,
	7.85291 10.1068,
	7.86732 10.1177,
	7.88135 10.131,
	7.88893 10.134,
	7.92138 10.1361,
	7.92968 10.1364,
	7.99614 10.1551,
	8.0134 10.1606,
	8.03146 10.1634,
	8.04051 10.1654,
	8.07887 10.1641,
	8.11733 10.1658,
	8.13668 10.1665,
	8.15463 10.1757,
	8.16334 10.182,
	8.17881 10.2007,
	8.18601 10.2202,
	8.18992 10.2394,
	8.19172 10.2585,
	8.19262 10.2964,
	8.1909 10.3058,
	8.18403 10.3245,
	8.18128 10.3338,
	8.16256 10.3508,
	8.14275 10.3605,
	8.06399 10.3825,
	"/>
</Transform>

<Transform dim="0"
 xcoef=" 0 1 0 0 0 0"
 ycoef=" 0 0 1 0 0 0">
<Contour name="d24sp38" hidden="false" closed="true" simplified="true" border="1 0 0" fill="1 0 0" mode="11"
 points="8.35679 7.92068,
	8.34931 7.92035,
	8.34556 7.92047,
	8.33829 7.91896,
	8.33471 7.91791,
	8.33103 7.91801,
	8.3275 7.91695,
	8.31396 7.90861,
	8.30734 7.9041,
	8.28128 7.88987,
	8.2688 7.88174,
	8.24622 7.85399,
	8.22526 7.82451,
	8.22244 7.8202,
	8.21928 7.81704,
	8.21771 7.81548,
	8.20407 7.81197,
	8.19025 7.80974,
	8.18672 7.80964,
	8.1874 7.80789,
	8.19476 7.80565,
	8.19757 7.80435,
	8.19943 7.8035,
	8.20044 7.80246,
	8.20223 7.8022,
	8.20281 7.80107,
	8.2046 7.80083,
	8.21228 7.79558,
	8.21929 7.78834,
	8.22535 7.78155,
	8.22807 7.77714,
	8.23106 7.77406,
	8.23733 7.76545,
	8.23882 7.76392,
	8.23898 7.76269,
	8.24161 7.75891,
	8.24233 7.75656,
	8.24388 7.7544,
	8.24576 7.74982,
	8.24591 7.7486,
	8.24748 7.74645,
	8.24934 7.74187,
	8.24964 7.73942,
	8.25151 7.73482,
	8.25223 7.73247,
	8.25322 7.73145,
	8.25354 7.729,
	8.25726 7.71981,
	8.25972 7.7103,
	8.2625 7.69078,
	8.26435 7.67103,
	8.26396 7.65079,
	8.26364 7.64568,
	8.26389 7.64325,
	8.26401 7.64201,
	8.26492 7.6416,
	8.26577 7.6418,
	8.26833 7.66254,
	8.26975 7.67298,
	8.27199 7.6836,
	8.27293 7.69395,
	8.27904 7.71562,
	8.28058 7.72101,
	8.28106 7.72365,
	8.2901 7.74469,
	8.29478 7.75512,
	8.29713 7.76061,
	8.30787 7.77585,
	8.31348 7.78308,
	8.31633 7.78668,
	8.3289 7.79449,
	8.33522 7.79923,
	8.34912 7.80103,
	8.35615 7.80218,
	8.3597 7.80275,
	8.37489 7.79805,
	8.37873 7.79687,
	8.39378 7.79615,
	8.40143 7.79549,
	8.40331 7.79574,
	8.41035 7.8019,
	8.41737 7.80915,
	8.42089 7.81305,
	8.42212 7.81551,
	8.42942 7.82158,
	8.43649 7.83102,
	8.45118 7.84645,
	8.45308 7.84782,
	8.45489 7.85031,
	8.46284 7.85237,
	8.46678 7.85398,
	8.48307 7.85531,
	8.49132 7.85515,
	8.49336 7.85539,
	8.50203 7.85068,
	8.50632 7.84889,
	8.51052 7.84823,
	8.51483 7.84643,
	8.51904 7.84579,
	8.53568 7.84667,
	8.54403 7.84711,
	8.56042 7.85042,
	8.56823 7.85328,
	8.576 7.85737,
	8.58368 7.86329,
	8.59131 7.87047,
	8.59323 7.87199,
	8.59396 7.87692,
	8.59483 7.87948,
	8.59531 7.88922,
	8.59232 7.89832,
	8.5901 7.90274,
	8.5814 7.909,
	8.577 7.91123,
	8.56012 7.91193,
	8.55175 7.91173,
	8.54329 7.91271,
	8.5347 7.91544,
	8.53043 7.91653,
	8.51385 7.91578,
	8.49738 7.91404,
	8.48107 7.91131,
	8.47306 7.90857,
	8.46899 7.90808,
	8.46102 7.9054,
	8.45899 7.90516,
	8.45123 7.90023,
	8.43565 7.89273,
	8.4199 7.88923,
	8.41187 7.89006,
	8.4079 7.89018,
	8.40379 7.89202,
	8.40175 7.89293,
	8.38475 7.9083,
	8.36866 7.9157,
	8.36076 7.91882,
	"/>
</Transform>

<Transform dim="0"
 xcoef=" 0 1 0 0 0 0"
 ycoef=" 0 0 1 0 0 0">
<Contour name="d07p48" hidden="false" closed="true" simplified="true" border="0 0 1" fill="0 0 1" mode="11"
 points="10.4231 8.11748,
	10.4007 8.06635,
	10.4542 8.06326,
	"/>
</Transform>

<Transform dim="0"
 xcoef=" 0 1 0 0 0 0"
 ycoef=" 0 0 1 0 0 0">
<Contour name="d05sp48" hidden="false" closed="true" simplified="true" border="1 0 0" fill="1 0 0" mode="11"
 points="10.9589 11.7695,
	10.9377 11.7663,
	10.9276 11.7628,
	10.9085 11.7507,
	10.8687 11.7402,
	10.8492 11.7355,
	10.8397 11.7331,
	10.806 11.7129,
	10.8019 11.7103,
	10.7842 11.7092,
	10.7694 11.6973,
	10.7676 11.6868,
	10.7681 11.6764,
	10.7704 11.6672,
	10.7708 11.6659,
	10.7734 11.6606,
	10.7838 11.6499,
	10.7893 11.6458,
	10.7922 11.6431,
	10.7963 11.6338,
	10.8001 11.6293,
	10.8102 11.6266,
	10.8213 11.6215,
	10.832 11.6139,
	10.8409 11.6048,
	10.8645 11.5917,
	10.8872 11.582,
	10.8933 11.5787,
	10.9347 11.5762,
	10.9437 11.5806,
	10.9537 11.5826,
	10.9751 11.5826,
	10.9982 11.5788,
	11.004 11.5778,
	11.0239 11.5854,
	11.0359 11.6057,
	11.054 11.6209,
	11.0641 11.6252,
	11.0864 11.6272,
	11.0978 11.6274,
	11.1036 11.6275,
	11.1138 11.6315,
	11.1091 11.6521,
	11.0787 11.6926,
	11.066 11.7125,
	11.0495 11.7322,
	11.0294 11.7516,
	11.0166 11.7585,
	11.0045 11.7628,
	10.993 11.7646,
	10.982 11.7637,
	10.9765 11.7633,
	10.9647 11.7674,
	"/>
</Transform>

<Transform dim="0"
 xcoef=" 0 1 0 0 0 0"
 ycoef=" 0 0 1 0 0 0">
<Contour name="d24sp37" hidden="false" closed="true" simplified="true" border="1 0 0" fill="1 0 0" mode="11"
 points="6.25153 8.2039,
	6.21961 8.20121,
	6.20368 8.1993,
	6.1958 8.19786,
	6.19188 8.19696,
	6.18881 8.19213,
	6.181 8.18254,
	6.17944 8.18001,
	6.18023 8.16827,
	6.18439 8.14331,
	6.18613 8.13045,
	6.17719 8.07939,
	6.17669 8.07264,
	6.16105 8.04748,
	6.15188 8.03475,
	6.131 8.00889,
	6.11824 7.99583,
	6.11481 7.99254,
	6.11311 7.99089,
	6.10719 7.97669,
	6.10398 7.96954,
	6.10212 7.96599,
	6.08954 7.95204,
	6.07589 7.93785,
	6.06892 7.93111,
	6.06718 7.92929,
	6.06065 7.89848,
	6.05964 7.89459,
	6.06292 7.86263,
	6.06454 7.8465,
	6.06463 7.84549,
	6.06468 7.84499,
	6.0736 7.81236,
	6.0768 7.80417,
	6.09436 7.7718,
	6.10998 7.74057,
	6.11404 7.73286,
	6.11813 7.70241,
	6.12272 7.68734,
	6.13538 7.65745,
	6.13837 7.64999,
	6.13899 7.64812,
	6.1527 7.634,
	6.1687 7.62011,
	6.1723 7.61662,
	6.20746 7.59707,
	6.22485 7.58688,
	6.2335 7.58151,
	6.23776 7.57925,
	6.25393 7.5765,
	6.31959 7.55121,
	6.336 7.54427,
	6.35252 7.5363,
	6.38593 7.51821,
	6.41903 7.50595,
	6.42738 7.50271,
	6.4295 7.50167,
	6.45661 7.46962,
	6.46301 7.46149,
	6.47838 7.44494,
	6.49479 7.42808,
	6.49872 7.42434,
	6.50092 7.42269,
	6.64036 7.4128,
	6.65854 7.41224,
	6.67656 7.41433,
	6.71225 7.42098,
	6.72107 7.42274,
	6.7554 7.43353,
	6.76366 7.43736,
	6.77977 7.44652,
	6.78772 7.45086,
	6.81664 7.4808,
	6.82261 7.48784,
	6.83811 7.49122,
	6.84581 7.49269,
	6.86041 7.49928,
	6.87452 7.50719,
	6.87629 7.50812,
	6.88927 7.52048,
	6.89571 7.52639,
	6.90189 7.53313,
	6.9116 7.56154,
	6.91265 7.56504,
	6.9383 7.58677,
	6.9416 7.58946,
	6.94324 7.59079,
	6.97161 7.59627,
	6.98571 7.59827,
	6.99267 7.59964,
	6.99975 7.60006,
	7.01415 7.59893,
	7.01782 7.59817,
	7.02168 7.59607,
	7.03765 7.5839,
	7.04951 7.56887,
	7.0552 7.56157,
	7.07315 7.53247,
	7.1116 7.47257,
	7.11642 7.465,
	7.12863 7.44963,
	7.13511 7.4419,
	7.14065 7.43431,
	7.1597 7.40435,
	7.16192 7.40063,
	7.16842 7.39302,
	7.18244 7.37774,
	7.18908 7.37015,
	7.19396 7.36272,
	7.1968 7.35898,
	7.21432 7.32903,
	7.22174 7.31416,
	7.22556 7.3067,
	7.22678 7.30305,
	7.23621 7.28789,
	7.23863 7.28408,
	7.23948 7.28397,
	7.23835 7.28763,
	7.23805 7.29118,
	7.2379 7.29294,
	7.2369 7.29483,
	7.233 7.30887,
	7.23131 7.31258,
	7.22708 7.32707,
	7.22573 7.33421,
	7.22349 7.34144,
	7.22167 7.34514,
	7.22117 7.34868,
	7.22004 7.35056,
	7.21855 7.35767,
	7.21614 7.36491,
	7.21587 7.36667,
	7.21396 7.37038,
	7.21146 7.37761,
	7.21063 7.38456,
	7.20865 7.39165,
	7.2079 7.39857,
	7.20503 7.41257,
	7.19617 7.46777,
	7.19487 7.48127,
	7.19475 7.4846,
	7.19446 7.4863,
	7.19656 7.4991,
	7.19716 7.50063,
	7.197 7.50391,
	7.19773 7.50462,
	7.19743 7.50629,
	7.19932 7.51246,
	7.19915 7.5133,
	7.19997 7.51356,
	7.20069 7.51667,
	7.20172 7.51812,
	7.20156 7.51894,
	7.2052 7.52474,
	7.20578 7.52624,
	7.20658 7.52651,
	7.20642 7.52733,
	7.20863 7.52935,
	7.20984 7.53193,
	7.21066 7.53218,
	7.2105 7.53301,
	7.21261 7.53542,
	7.21244 7.53625,
	7.21472 7.53785,
	7.21501 7.53858,
	7.2159 7.53843,
	7.21809 7.54044,
	7.22101 7.5431,
	7.23214 7.54994,
	7.23304 7.5498,
	7.23331 7.55054,
	7.23502 7.55066,
	7.23813 7.55256,
	7.24155 7.5533,
	7.24245 7.55316,
	7.24324 7.55387,
	7.24507 7.55317,
	7.24586 7.55389,
	7.24675 7.55376,
	7.24756 7.55448,
	7.24928 7.55464,
	7.25017 7.55451,
	7.2518 7.55554,
	7.25826 7.55629,
	7.26166 7.55707,
	7.26334 7.55768,
	7.26421 7.55756,
	7.26501 7.55829,
	7.26844 7.55868,
	7.26923 7.55941,
	7.27094 7.55961,
	7.27181 7.5595,
	7.27261 7.56024,
	7.27436 7.56003,
	7.27515 7.56076,
	7.28866 7.56338,
	7.28954 7.56328,
	7.29032 7.56406,
	7.30371 7.56693,
	7.31151 7.5679,
	7.31542 7.56818,
	7.31739 7.56873,
	7.31935 7.56846,
	7.32715 7.56993,
	7.3291 7.57011,
	7.33008 7.56998,
	7.33054 7.57075,
	7.33444 7.57069,
	7.3354 7.57141,
	7.33733 7.5716,
	7.33832 7.57148,
	7.33926 7.5722,
	7.34121 7.57197,
	7.34879 7.57356,
	7.35084 7.5733,
	7.35131 7.57408,
	7.3554 7.57401,
	7.35586 7.57481,
	7.35993 7.57476,
	7.3604 7.57557,
	7.36842 7.5768,
	7.37039 7.57743,
	7.37142 7.57732,
	7.37335 7.57841,
	7.37437 7.57831,
	7.37631 7.57939,
	7.37731 7.57929,
	7.38456 7.58331,
	7.38785 7.58602,
	7.38531 7.58669,
	7.32215 7.57759,
	7.30646 7.57599,
	7.30252 7.57532,
	7.30153 7.57505,
	7.30205 7.57416,
	7.28831 7.57101,
	7.28497 7.57013,
	7.28331 7.56946,
	7.22602 7.58093,
	7.19666 7.58783,
	7.18189 7.59128,
	7.17437 7.59386,
	7.16659 7.59812,
	7.13487 7.6182,
	7.11899 7.62804,
	7.11502 7.63038,
	7.09901 7.64608,
	7.091 7.65386,
	7.08574 7.6611,
	7.05118 7.71647,
	7.0346 7.74355,
	7.03295 7.74537,
	7.02922 7.75791,
	7.02644 7.76435,
	7.02274 7.77097,
	7.00473 7.79815,
	6.97336 7.85193,
	6.93982 7.90745,
	6.9304 7.92186,
	6.92564 7.92911,
	6.92184 7.93615,
	6.9126 7.96324,
	6.90178 7.99109,
	6.89587 8.00526,
	6.89311 8.01231,
	6.85718 8.07183,
	6.83758 8.10154,
	6.83285 8.10885,
	6.83141 8.11072,
	6.81226 8.1268,
	6.80335 8.13247,
	6.78687 8.13916,
	6.77887 8.14182,
	6.76388 8.14374,
	6.76032 8.14356,
	6.75842 8.14388,
	6.74637 8.13519,
	6.74049 8.1301,
	6.73761 8.12729,
	6.73653 8.12624,
	6.73774 8.1196,
	6.74196 8.10596,
	6.74403 8.09909,
	6.75142 8.08483,
	6.75484 8.07772,
	6.77585 8.02127,
	6.78137 8.00717,
	6.78363 8.00022,
	6.79045 7.98608,
	6.79311 7.97913,
	6.80029 7.95205,
	6.80146 7.94541,
	6.80158 7.94213,
	6.79018 7.89097,
	6.78808 7.88451,
	6.77354 7.85851,
	6.76549 7.84521,
	6.76143 7.83848,
	6.75916 7.83509,
	6.75281 7.82141,
	6.74961 7.81451,
	6.74541 7.80758,
	6.69839 7.75114,
	6.6927 7.74403,
	6.66298 7.72282,
	6.63118 7.70643,
	6.61488 7.69845,
	6.60661 7.69474,
	6.60247 7.69268,
	6.58557 7.68844,
	6.57704 7.68703,
	6.57493 7.68626,
	6.54026 7.68735,
	6.50559 7.69046,
	6.49696 7.69139,
	6.49264 7.69207,
	6.49051 7.69221,
	6.45599 7.70487,
	6.43903 7.7098,
	6.43062 7.71207,
	6.42645 7.71279,
	6.40953 7.7211,
	6.40111 7.72507,
	6.38401 7.73759,
	6.36675 7.75226,
	6.35814 7.75922,
	6.35599 7.76107,
	6.33697 7.78953,
	6.33352 7.81684,
	6.33151 7.8443,
	6.33727 7.87109,
	6.34083 7.87754,
	6.34599 7.88383,
	6.35739 7.91031,
	6.36261 7.9237,
	6.36576 7.93037,
	6.36784 7.93716,
	6.36831 7.94414,
	6.36761 7.95828,
	6.36749 7.96532,
	6.36716 7.96887,
	6.36844 7.97226,
	6.37211 7.97275,
	6.38065 7.97236,
	6.39203 7.9854,
	6.40679 8.01232,
	6.40898 8.01567,
	6.41183 8.02938,
	6.41291 8.03279,
	6.41866 8.03937,
	6.42177 8.04267,
	6.43521 8.06949,
	6.43858 8.07618,
	6.44363 8.08953,
	6.44583 8.09618,
	6.44863 8.10944,
	6.45021 8.11604,
	6.45085 8.11768,
	6.44991 8.12425,
	6.44594 8.1373,
	6.44039 8.15019,
	6.43633 8.15658,
	6.42469 8.16919,
	6.40817 8.18184,
	6.40321 8.18504,
	6.39372 8.18985,
	6.38907 8.19188,
	6.37248 8.19321,
	6.36795 8.19489,
	6.36569 8.19573,
	6.3328 8.19736,
	6.3162 8.19875,
	6.30789 8.19955,
	6.30372 8.19999,
	6.30173 8.19986,
	6.3014 8.19919,
	6.26815 8.20238,
	"/>
</Transform>

<Transform dim="0"
 xcoef=" 0 1 0 0 0 0"
 ycoef=" 0 0 1 0 0 0">
<Contour name="d23sp40" hidden="false" closed="true" simplified="true" border="1 0 0" fill="1 0 0" mode="11"
 points="10.7107 7.28075,
	10.6846 7.27803,
	10.6585 7.27696,
	10.6455 7.27768,
	10.6197 7.27517,
	10.6065 7.27353,
	10.5532 7.26223,
	10.5267 7.2559,
	10.5136 7.25189,
	10.5006 7.2462,
	10.4944 7.24207,
	10.4838 7.22868,
	10.4828 7.22191,
	10.4815 7.21853,
	10.4811 7.20493,
	10.4805 7.20154,
	10.4806 7.2007,
	10.486 7.187,
	10.5004 7.17322,
	10.5067 7.16636,
	10.5205 7.15779,
	10.5275 7.15439,
	10.5537 7.14771,
	10.6045 7.15025,
	10.656 7.1512,
	10.6688 7.15341,
	10.6948 7.15537,
	10.7014 7.15565,
	10.714 7.16196,
	10.7205 7.16467,
	10.7737 7.16804,
	10.7872 7.16915,
	10.8152 7.16308,
	10.8432 7.15911,
	10.8714 7.16046,
	10.8994 7.16791,
	10.9275 7.17746,
	10.9416 7.18174,
	10.9457 7.18724,
	10.9501 7.19996,
	10.9478 7.20651,
	10.9466 7.20976,
	10.9437 7.21308,
	10.929 7.21996,
	10.9254 7.22166,
	10.8969 7.22473,
	10.8896 7.22566,
	10.8327 7.24997,
	10.8048 7.26258,
	10.7911 7.26964,
	10.7773 7.27508,
	10.7504 7.2788,
	10.7239 7.28011,
	"/>
</Transform>

<Transform dim="0"
 xcoef=" 0 1 0 0 0 0"
 ycoef=" 0 0 1 0 0 0">
<Contour name="d04sp37" hidden="false" closed="true" simplified="true" border="1 0 0" fill="1 0 0" mode="11"
 points="10.1806 10.0909,
	10.1463 10.0818,
	10.1301 10.0737,
	10.1219 10.0702,
	10.0995 10.0368,
	10.094 10.003,
	10.0952 9.98623,
	10.1084 9.91846,
	10.1256 9.84895,
	10.1326 9.81377,
	10.1414 9.77854,
	10.1449 9.76101,
	10.1562 9.72611,
	10.1605 9.70887,
	10.1609 9.69184,
	10.1611 9.68338,
	10.1618 9.67916,
	10.1547 9.66261,
	10.1529 9.65849,
	10.137 9.64231,
	10.1281 9.6353,
	10.0537 9.59173,
	10.0185 9.56012,
	10.01 9.55227,
	9.98822 9.52108,
	9.97855 9.50562,
	9.97453 9.49791,
	9.97295 9.48257,
	9.97202 9.48162,
	9.97231 9.48067,
	9.99475 9.47208,
	10.0355 9.46689,
	10.0406 9.46583,
	10.0779 9.47325,
	10.0964 9.47676,
	10.1321 9.48944,
	10.1499 9.49572,
	10.1817 9.52483,
	10.2159 9.54326,
	10.281 9.58809,
	10.2967 9.6009,
	10.3204 9.63327,
	10.3508 9.66111,
	10.3815 9.68437,
	10.4114 9.71362,
	10.4218 9.73119,
	10.43 9.74897,
	10.435 9.76693,
	10.438 9.77603,
	10.4394 9.81257,
	10.4363 9.84968,
	10.4286 9.88702,
	10.426 9.89634,
	10.4039 9.93286,
	10.3976 9.94189,
	10.3788 9.95953,
	10.3687 9.96826,
	10.3018 10.0368,
	10.2939 10.0452,
	10.2906 10.0494,
	10.2479 10.0806,
	10.2278 10.0859,
	10.2179 10.0886,
	"/>
</Transform>

<Transform dim="0"
 xcoef=" 0 1 0 0 0 0"
 ycoef=" 0 0 1 0 0 0">
<Contour name="d04sp37" hidden="false" closed="true" simplified="true" border="1 0 0" fill="1 0 0" mode="11"
 points="9.52131 9.40646,
	9.52092 9.40599,
	9.53025 9.39073,
	9.535 9.38313,
	9.54323 9.36789,
	9.54764 9.36028,
	9.5538 9.34505,
	9.55914 9.32981,
	9.56318 9.31454,
	9.56632 9.29922,
	9.57075 9.26852,
	9.57142 9.26468,
	9.57004 9.23401,
	9.56988 9.21873,
	9.56944 9.21492,
	9.57015 9.21349,
	9.58411 9.22792,
	9.58449 9.22835,
	9.58443 9.2272,
	9.58423 9.21196,
	9.58377 9.20815,
	9.5845 9.20673,
	9.59874 9.22114,
	9.60221 9.22499,
	9.61664 9.23711,
	9.63127 9.24736,
	9.66145 9.26182,
	9.67493 9.26919,
	9.68158 9.2731,
	9.69431 9.28273,
	9.69747 9.28513,
	9.69913 9.28609,
	9.70801 9.3011,
	9.70852 9.30848,
	9.70876 9.31218,
	9.69965 9.32681,
	9.68228 9.34141,
	9.67354 9.34874,
	9.66922 9.35242,
	9.66684 9.35426,
	9.64977 9.36308,
	9.64131 9.36776,
	9.63528 9.36977,
	9.63512 9.36986,
	9.62679 9.3746,
	9.61137 9.37994,
	9.59595 9.38629,
	9.58055 9.39359,
	9.55154 9.4022,
	9.5378 9.40343,
	9.5307 9.404,
	9.527 9.40452,
	9.52319 9.40597,
	"/>
</Transform>

<Transform dim="0"
 xcoef=" 0 1 0 0 0 0"
 ycoef=" 0 0 1 0 0 0">
<Contour name="d07p50" hidden="false" closed="true" simplified="true" border="0 0 1" fill="0 0 1" mode="11"
 points="9.86532 7.39884,
	9.86095 7.38756,
	9.85643 7.39516,
	9.83552 7.34004,
	9.88476 7.3477,
	9.87216 7.36878,
	9.87215 7.36895,
	9.87212 7.37126,
	9.87209 7.37358,
	9.87205 7.37589,
	9.87202 7.37821,
	9.87198 7.38053,
	9.87195 7.38285,
	9.87191 7.38517,
	9.87187 7.38749,
	9.87187 7.3878,
	"/>
</Transform>

<Transform dim="0"
 xcoef=" 0 1 0 0 0 0"
 ycoef=" 0 0 1 0 0 0">
<Contour name="d05sp45" hidden="false" closed="true" simplified="true" border="1 0 0" fill="1 0 0" mode="11"
 points="11.3968 11.2818,
	11.3752 11.2807,
	11.3641 11.2814,
	11.3535 11.2795,
	11.3485 11.2766,
	11.3407 11.2656,
	11.3371 11.2548,
	11.3352 11.2495,
	11.3354 11.2482,
	11.3355 11.2468,
	11.3735 11.2074,
	11.3818 11.1975,
	11.3929 11.1878,
	11.4049 11.1808,
	11.4272 11.1769,
	11.4491 11.1753,
	11.4547 11.1742,
	11.4751 11.181,
	11.4852 11.1861,
	11.5059 11.1895,
	11.5245 11.1975,
	11.5127 11.2058,
	11.5081 11.2098,
	11.5035 11.2303,
	11.4963 11.2407,
	11.4781 11.2616,
	11.4749 11.2718,
	11.4726 11.2769,
	11.4511 11.2782,
	11.4407 11.2768,
	"/>
</Transform>

<Transform dim="0"
 xcoef=" 0 1 0 0 0 0"
 ycoef=" 0 0 1 0 0 0">
<Contour name="d30p18" hidden="false" closed="true" simplified="true" border="0 0 1" fill="0 0 1" mode="11"
 points="14.9805 9.60095,
	14.9672 9.56918,
	15.0022 9.57196,
	"/>
</Transform>

<Transform dim="0"
 xcoef=" 0 1 0 0 0 0"
 ycoef=" 0 0 1 0 0 0">
<Contour name="d30sah18" hidden="false" closed="true" simplified="true" border="1 1 0" fill="1 1 0" mode="11"
 points="14.7753 9.45478,
	14.7153 9.45368,
	14.7218 9.44988,
	14.7698 9.45067,
	14.773 9.41887,
	14.725 9.41861,
	14.7222 9.44588,
	14.7157 9.44968,
	14.7191 9.41467,
	14.7792 9.41494,
	"/>
</Transform>

<Transform dim="0"
 xcoef=" 0 1 0 0 0 0"
 ycoef=" 0 0 1 0 0 0">
<Contour name="d07sp50" hidden="false" closed="true" simplified="true" border="1 0 0" fill="1 0 0" mode="11"
 points="9.87252 7.34035,
	9.85079 7.33935,
	9.80953 7.33693,
	9.78832 7.33644,
	9.7858 7.3346,
	9.78694 7.33368,
	9.78 7.33367,
	9.7775 7.33188,
	9.80013 7.3133,
	9.81124 7.30333,
	9.82661 7.28255,
	9.83225 7.27192,
	9.84303 7.22794,
	9.84597 7.21712,
	9.84701 7.19474,
	9.84209 7.17142,
	9.83269 7.14793,
	9.82615 7.12585,
	9.82588 7.11519,
	9.83244 7.09466,
	9.83292 7.0894,
	9.83035 7.07848,
	9.82548 7.06734,
	9.8098 7.0447,
	9.80489 7.03372,
	9.80095 7.01222,
	9.80131 7.00825,
	9.80144 7.00691,
	9.80479 6.99638,
	9.80646 6.99108,
	9.84856 6.95124,
	9.86889 6.94299,
	9.87893 6.94102,
	9.88862 6.94325,
	9.89803 6.94834,
	9.91621 6.96424,
	9.9251 6.97364,
	9.93239 6.98576,
	9.94093 7.00996,
	9.95468 7.0359,
	9.95836 7.04825,
	9.95704 7.07121,
	9.94844 7.09248,
	9.94541 7.09757,
	9.93479 7.10394,
	9.91053 7.14363,
	9.9019 7.16399,
	9.8971 7.18516,
	9.89011 7.20599,
	9.88489 7.21612,
	9.88285 7.23819,
	9.88564 7.26129,
	9.8992 7.28635,
	9.9335 7.32988,
	9.93809 7.33474,
	9.94035 7.33783,
	9.92119 7.33931,
	9.87255 7.33684,
	9.87253 7.33893,
	"/>
</Transform>

<Transform dim="0"
 xcoef=" 0 1 0 0 0 0"
 ycoef=" 0 0 1 0 0 0">
<Contour name="d17p30" hidden="false" closed="true" simplified="true" border="1 0 0" fill="1 0 0" mode="11"
 points="4.41006 7.57504,
	4.38219 7.52584,
	4.44521 7.52904,
	"/>
</Transform>

<Transform dim="0"
 xcoef=" 0 1 0 0 0 0"
 ycoef=" 0 0 1 0 0 0">
<Contour name="d04sp36" hidden="false" closed="true" simplified="true" border="1 0 0" fill="1 0 0" mode="11"
 points="9.04872 10.1572,
	9.03681 10.1556,
	9.02496 10.1515,
	9.02187 10.1509,
	9.01094 10.1402,
	9.00551 10.1348,
	9.00287 10.1316,
	8.98054 10.1145,
	8.95787 10.1002,
	8.94694 10.0912,
	8.92608 10.0686,
	8.90936 10.0421,
	8.90691 10.0386,
	8.89861 10.0106,
	8.89852 9.98194,
	8.8993 9.96741,
	8.90402 9.93794,
	8.90629 9.92315,
	8.90705 9.91943,
	8.90724 9.91851,
	8.90742 9.91758,
	8.92619 9.85816,
	8.96467 9.74647,
	8.97188 9.72054,
	8.97507 9.70784,
	8.97911 9.68298,
	8.98161 9.65873,
	8.98247 9.6468,
	8.98175 9.64094,
	8.98138 9.63802,
	8.98226 9.63724,
	8.99302 9.64779,
	9.01566 9.6611,
	9.03893 9.67032,
	9.06311 9.6731,
	9.08748 9.67468,
	9.13663 9.67489,
	9.16157 9.67191,
	9.18684 9.66603,
	9.21263 9.65576,
	9.2191 9.65302,
	9.22233 9.65165,
	9.22394 9.65096,
	9.22305 9.66292,
	9.21906 9.68702,
	9.22244 9.73695,
	9.22518 9.76264,
	9.23401 9.81568,
	9.23999 9.84296,
	9.24925 9.87133,
	9.28881 9.91257,
	9.29864 9.92248,
	9.31713 9.94714,
	9.31935 9.95061,
	9.32044 9.95234,
	9.3175 9.97945,
	9.31606 9.99286,
	9.31608 9.99618,
	9.31244 10.0028,
	9.29369 10.029,
	9.26613 10.0533,
	9.26527 10.054,
	9.25796 10.0604,
	9.24419 10.0717,
	9.24085 10.0741,
	9.21614 10.0832,
	9.18599 10.0928,
	9.18615 10.0914,
	9.1864 10.089,
	9.1865 10.0881,
	9.17423 10.092,
	9.1616 10.0966,
	9.13558 10.1095,
	9.10715 10.1346,
	9.09332 10.1447,
	9.08021 10.1507,
	9.07363 10.1537,
	"/>
</Transform>

<Transform dim="0"
 xcoef=" 0 1 0 0 0 0"
 ycoef=" 0 0 1 0 0 0">
<Contour name="d04p35" hidden="false" closed="true" simplified="true" border="1 0 0" fill="1 0 0" mode="11"
 points="9.22609 8.9934,
	9.21349 8.96134,
	9.25432 8.95542,
	"/>
</Transform>

<Transform dim="0"
 xcoef=" 0 1 0 0 0 0"
 ycoef=" 0 0 1 0 0 0">
<Contour name="d04p36" hidden="false" closed="true" simplified="true" border="1 0 0" fill="1 0 0" mode="11"
 points="9.12765 9.56302,
	9.1178 9.54045,
	9.14509 9.54086,
	"/>
</Transform>

<Transform dim="0"
 xcoef=" 0 1 0 0 0 0"
 ycoef=" 0 0 1 0 0 0">
<Contour name="d30c18" hidden="false" closed="true" simplified="true" border="1 0 0" fill="1 0 0" mode="11"
 points="14.4942 9.30147,
	14.4769 9.30128,
	14.4602 9.30052,
	14.4558 9.30057,
	14.4396 9.29656,
	14.4315 9.29403,
	14.4166 9.28426,
	14.3871 9.2664,
	14.3727 9.2563,
	14.3588 9.24525,
	14.3449 9.23385,
	14.3379 9.22849,
	14.3345 9.22553,
	14.3254 9.21332,
	14.3213 9.20216,
	14.3191 9.19662,
	14.3179 9.19385,
	14.3111 9.18777,
	14.3075 9.18476,
	14.3063 9.18365,
	14.3059 9.18329,
	14.3252 9.17528,
	14.3277 9.17429,
	14.329 9.17381,
	14.3407 9.1856,
	14.3692 9.20545,
	14.3838 9.21409,
	14.3987 9.2224,
	14.4288 9.23773,
	14.4442 9.24506,
	14.4481 9.24676,
	14.4811 9.25622,
	14.4977 9.26038,
	14.5319 9.26296,
	14.5492 9.26377,
	14.5583 9.2634,
	14.5628 9.26336,
	14.5824 9.25835,
	14.6027 9.25089,
	14.6141 9.24146,
	14.6196 9.23667,
	14.6221 9.23422,
	14.6236 9.23303,
	14.6263 9.22243,
	14.6283 9.21716,
	14.6291 9.21175,
	14.6278 9.20061,
	14.6271 9.195,
	14.6265 9.19218,
	14.6307 9.19045,
	14.6399 9.18805,
	14.6444 9.18663,
	14.6527 9.18619,
	14.6568 9.18612,
	14.6702 9.19622,
	14.6751 9.20218,
	14.6772 9.20513,
	14.6794 9.21645,
	14.6781 9.22745,
	14.6774 9.2329,
	14.6698 9.25413,
	14.6649 9.26452,
	14.6645 9.26583,
	14.6538 9.27562,
	14.6381 9.28479,
	14.633 9.2866,
	14.6133 9.29207,
	14.6036 9.29456,
	14.5662 9.2983,
	14.5478 9.29969,
	14.5119 9.30109,
	"/>
</Transform>

<Transform dim="0"
 xcoef=" 0 1 0 0 0 0"
 ycoef=" 0 0 1 0 0 0">
<Contour name="d04p37" hidden="false" closed="true" simplified="true" border="1 0 0" fill="1 0 0" mode="11"
 points="9.48612 9.31362,
	9.47734 9.29188,
	9.49227 9.29187,
	9.48963 9.2854,
	9.5135 9.2852,
	9.49845 9.30721,
	9.49542 9.29965,
	"/>
</Transform>

<Transform dim="0"
 xcoef=" 0 1 0 0 0 0"
 ycoef=" 0 0 1 0 0 0">
<Contour name="d07c50" hidden="false" closed="true" simplified="true" border="0 0 1" fill="0 0 1" mode="11"
 points="9.81915 6.99675,
	9.81311 6.99252,
	9.81301 6.99254,
	9.80544 6.98731,
	9.80495 6.98668,
	9.82159 6.96815,
	9.83042 6.95948,
	9.84899 6.94521,
	9.85132 6.9435,
	9.86033 6.94041,
	9.86487 6.93888,
	9.86711 6.93842,
	9.86825 6.93789,
	9.87112 6.94249,
	9.87154 6.94378,
	9.87293 6.94352,
	9.87407 6.943,
	9.87698 6.94761,
	9.87785 6.95019,
	9.87633 6.95505,
	9.87058 6.96446,
	9.86928 6.96683,
	9.85996 6.97399,
	9.8554 6.97665,
	9.84614 6.98378,
	9.837 6.9897,
	9.82798 6.99441,
	"/>
</Transform>

<Transform dim="0"
 xcoef=" 0 1 0 0 0 0"
 ycoef=" 0 0 1 0 0 0">
<Contour name="d19sp38" hidden="false" closed="true" simplified="true" border="1 0 0" fill="1 0 0" mode="11"
 points="6.93733 9.45089,
	6.92478 9.44698,
	6.91843 9.44504,
	6.91324 9.43992,
	6.91044 9.43789,
	6.90737 9.42952,
	6.9054 9.42533,
	6.91124 9.40813,
	6.9127 9.39958,
	6.91446 9.3654,
	6.91483 9.36111,
	6.91548 9.35894,
	6.91579 9.35786,
	6.9245 9.34034,
	6.92756 9.33592,
	6.94653 9.31903,
	6.98002 9.29971,
	6.99614 9.29188,
	7.01158 9.28635,
	7.02641 9.28311,
	7.03338 9.28316,
	7.03977 9.2854,
	7.04322 9.28546,
	7.05437 9.29546,
	7.0661 9.30231,
	7.07955 9.3024,
	7.08585 9.30364,
	7.0914 9.30714,
	7.09267 9.31623,
	7.09285 9.32076,
	7.08619 9.33872,
	7.08168 9.34749,
	7.06965 9.36437,
	7.0629 9.37275,
	7.04635 9.38934,
	7.03735 9.39761,
	7.02936 9.40273,
	7.01005 9.41954,
	6.99138 9.43332,
	6.97439 9.44292,
	6.9443 9.45075,
	"/>
</Transform>

<Transform dim="0"
 xcoef=" 0 1 0 0 0 0"
 ycoef=" 0 0 1 0 0 0">
<Contour name="d23c38" hidden="false" closed="true" simplified="true" border="0 0 1" fill="0 0 1" mode="11"
 points="11.6234 8.31828,
	11.6077 8.31085,
	11.5926 8.30143,
	11.5789 8.28597,
	11.5641 8.27762,
	11.5604 8.27554,
	11.5517 8.25918,
	11.5474 8.25101,
	11.544 8.23476,
	11.542 8.22663,
	11.543 8.22259,
	11.5432 8.22159,
	11.5435 8.22058,
	11.5495 8.2045,
	11.5527 8.19649,
	11.5651 8.18065,
	11.5724 8.17279,
	11.615 8.1431,
	11.6372 8.12797,
	11.6575 8.11989,
	11.6775 8.11381,
	11.7541 8.10434,
	11.773 8.10313,
	11.7779 8.10233,
	11.8118 8.11275,
	11.8176 8.1281,
	11.8197 8.14424,
	11.8208 8.14829,
	11.8053 8.17954,
	11.7862 8.21035,
	11.7409 8.27168,
	11.7342 8.27938,
	11.6934 8.29694,
	11.6737 8.30538,
	11.637 8.31453,
	11.628 8.31635,
	"/>
</Transform>

<Transform dim="0"
 xcoef=" 0 1 0 0 0 0"
 ycoef=" 0 0 1 0 0 0">
<Contour name="d19sab36" hidden="false" closed="true" simplified="true" border="1 1 0" fill="1 1 0" mode="11"
 points="6.68384 10.4989,
	6.61778 10.4957,
	6.62661 10.489,
	6.67936 10.4917,
	6.69676 10.4373,
	6.64489 10.4335,
	6.62889 10.482,
	6.62008 10.4887,
	6.64076 10.4262,
	6.70545 10.431,
	"/>
</Transform>

<Transform dim="0"
 xcoef=" 0 1 0 0 0 0"
 ycoef=" 0 0 1 0 0 0">
<Contour name="d24p37" hidden="false" closed="true" simplified="true" border="1 0 0" fill="1 0 0" mode="11"
 points="7.24143 7.4882,
	7.22568 7.45414,
	7.2688 7.44703,
	"/>
</Transform>

<Transform dim="0"
 xcoef=" 0 1 0 0 0 0"
 ycoef=" 0 0 1 0 0 0">
<Contour name="d24p38" hidden="false" closed="true" simplified="true" border="1 0 0" fill="1 0 0" mode="11"
 points="8.18671 7.72228,
	8.17296 7.67149,
	8.2103 7.67821,
	"/>
</Transform>

<Transform dim="0"
 xcoef=" 0 1 0 0 0 0"
 ycoef=" 0 0 1 0 0 0">
<Contour name="d05cfa44" hidden="false" closed="true" simplified="true" border="0 1 0" fill="0 1 0" mode="11"
 points="12.9067 11.2596,
	12.8204 11.2569,
	12.7998 11.256,
	12.7896 11.2561,
	12.78 11.2527,
	12.7753 11.2504,
	12.7576 11.2357,
	12.7239 11.2002,
	12.7192 11.182,
	12.7175 11.1775,
	12.7233 11.1596,
	12.736 11.142,
	12.7376 11.1398,
	12.7333 11.1352,
	12.7152 11.1315,
	12.6794 11.1285,
	12.6624 11.1226,
	12.654 11.1192,
	12.6383 11.1058,
	12.6221 11.097,
	12.6203 11.0948,
	12.6202 11.0774,
	12.6223 11.0601,
	12.6228 11.0558,
	12.6231 11.0537,
	12.6232 11.0526,
	12.6294 11.0354,
	12.6376 11.0183,
	12.6492 11.0013,
	12.6576 10.9928,
	12.6628 10.9843,
	12.6719 10.979,
	12.7442 10.9591,
	12.7628 10.9523,
	12.764 10.9513,
	12.7726 10.9578,
	12.7814 10.9602,
	12.8186 10.9602,
	12.8376 10.9596,
	12.8472 10.9608,
	12.8873 10.979,
	12.8976 10.9836,
	12.9186 10.9965,
	12.9251 11.0047,
	12.9237 11.0057,
	12.8811 10.9897,
	12.8416 10.9816,
	12.8037 10.9756,
	12.7664 10.9787,
	12.7476 10.9845,
	12.7288 10.9925,
	12.7129 11.0081,
	12.7075 11.0165,
	12.7049 11.0207,
	12.7003 11.0551,
	12.6993 11.0638,
	12.7018 11.0814,
	12.7144 11.0993,
	12.7186 11.1027,
	12.7277 11.104,
	12.7323 11.1041,
	12.7501 11.1133,
	12.7676 11.128,
	12.7718 11.1638,
	12.7719 11.1728,
	12.7795 11.1908,
	12.7847 11.1998,
	12.7923 11.2089,
	12.8311 11.2287,
	12.8516 11.235,
	12.8946 11.239,
	12.9055 11.2407,
	12.9281 11.2396,
	12.9393 11.239,
	12.9514 11.2339,
	12.956 11.2314,
	12.9645 11.2398,
	12.9658 11.2408,
	12.9411 11.2545,
	12.9181 11.258,
	"/>
</Transform>

<Transform dim="0"
 xcoef=" 0 1 0 0 0 0"
 ycoef=" 0 0 1 0 0 0">
<Contour name="d05c44" hidden="false" closed="true" simplified="true" border="0 0 1" fill="0 0 1" mode="11"
 points="12.895 11.2714,
	12.8096 11.2683,
	12.7893 11.2673,
	12.7791 11.2673,
	12.7696 11.265,
	12.7517 11.2525,
	12.718 11.2181,
	12.7111 11.2089,
	12.7065 11.1908,
	12.7049 11.1862,
	12.7083 11.1773,
	12.7089 11.1728,
	12.7203 11.1551,
	12.7244 11.1507,
	12.7214 11.1461,
	12.7035 11.1424,
	12.668 11.1394,
	12.6512 11.1336,
	12.6429 11.1301,
	12.6272 11.1167,
	12.6111 11.1079,
	12.6084 11.1036,
	12.6085 11.0862,
	12.6106 11.0689,
	12.6111 11.0646,
	12.6113 11.0624,
	12.6114 11.0614,
	12.6177 11.0442,
	12.6204 11.0399,
	12.6224 11.0313,
	12.6399 10.9972,
	12.6576 10.9822,
	12.6938 10.9665,
	12.73 10.9566,
	12.7486 10.9487,
	12.7576 10.9469,
	12.7622 10.946,
	12.7711 10.9483,
	12.7756 10.9485,
	12.7845 10.9519,
	12.8214 10.954,
	12.8402 10.9544,
	12.8499 10.9547,
	12.8701 10.961,
	12.8903 10.9722,
	12.9006 10.9777,
	12.9214 10.9936,
	12.9268 10.9978,
	12.9292 11.0059,
	12.9305 11.0079,
	12.9289 11.0118,
	12.9247 11.0147,
	12.9135 11.0143,
	12.9108 11.0152,
	12.9 11.0117,
	12.859 11.0048,
	12.8394 11.0015,
	12.8197 11.0054,
	12.8101 11.0073,
	12.7723 11.0053,
	12.7537 11.0059,
	12.7348 11.0128,
	12.7273 11.0201,
	12.7235 11.0243,
	12.7211 11.0264,
	12.7171 11.0436,
	12.7153 11.0609,
	12.7155 11.0696,
	12.7162 11.074,
	12.722 11.0829,
	12.7229 11.0851,
	12.7408 11.0899,
	12.7499 11.0934,
	12.7678 11.1047,
	12.7768 11.1104,
	12.7816 11.1127,
	12.7847 11.1172,
	12.789 11.1349,
	12.7894 11.1528,
	12.7901 11.1572,
	12.8667 11.2043,
	12.8871 11.2159,
	12.8972 11.2222,
	12.9025 11.2242,
	12.9049 11.2263,
	12.916 11.2268,
	12.9391 11.2223,
	12.9506 11.2206,
	12.9615 11.2222,
	12.9746 11.2381,
	12.9759 11.2392,
	12.9533 11.2571,
	12.9065 11.2686,
	"/>
</Transform>

<Transform dim="0"
 xcoef=" 0 1 0 0 0 0"
 ycoef=" 0 0 1 0 0 0">
<Contour name="d19p36" hidden="false" closed="true" simplified="true" border="1 0 0" fill="1 0 0" mode="11"
 points="6.59667 10.5633,
	6.58599 10.5374,
	6.61455 10.5371,
	"/>
</Transform>

<Transform dim="0"
 xcoef=" 0 1 0 0 0 0"
 ycoef=" 0 0 1 0 0 0">
<Contour name="d30cfa18" hidden="false" closed="false" simplified="true" border="1 0 0" fill="1 0 0" mode="11"
 points="14.6375 9.18832,
	14.6441 9.20177,
	14.6439 9.21008,
	14.6403 9.23274,
	14.6074 9.26391,
	14.5602 9.27569,
	14.5139 9.27366,
	14.4686 9.26563,
	14.4124 9.24827,
	14.3787 9.22699,
	14.3406 9.20192,
	14.3226 9.17614,
	"/>
</Transform>

<Transform dim="0"
 xcoef=" 0 1 0 0 0 0"
 ycoef=" 0 0 1 0 0 0">
<Contour name="d07cfa50" hidden="false" closed="false" simplified="true" border="1 0 0" fill="1 0 0" mode="11"
 points="9.87714 6.94854,
	9.85519 6.95594,
	9.81534 6.99312,
	"/>
</Transform>

<Transform dim="1"
 xcoef=" -0.01 1 0 0 0 0"
 ycoef=" -0.01 0 1 0 0 0">
<Contour name="d30sp18" hidden="false" closed="true" simplified="true" border="1 0 0" fill="1 0 0" mode="11"
 points="14.045 9.08462,
	14.0556 9.0564,
	14.0591 9.04229,
	14.0873 9.02112,
	14.2002 8.98231,
	14.2285 8.97526,
	14.2355 8.97173,
	14.292 9.00348,
	14.3167 9.02465,
	14.3025 9.0811,
	14.299 9.10932,
	14.292 9.1199,
	14.3308 9.17635,
	14.3484 9.20458,
	14.4049 9.23633,
	14.4331 9.25044,
	14.4895 9.26455,
	14.546 9.26808,
	14.6024 9.2575,
	14.6307 9.23633,
	14.6377 9.22222,
	14.6342 9.19399,
	14.606 9.13754,
	14.5813 9.10932,
	14.5248 9.07051,
	14.4966 9.04934,
	14.4825 9.03523,
	14.426 9.01759,
	14.3978 9.02112,
	14.3414 9.01054,
	14.3131 9.00348,
	14.2849 8.98584,
	14.2708 8.97526,
	14.2637 8.9682,
	14.292 8.93998,
	14.3484 8.90822,
	14.4613 8.87294,
	14.5742 8.85178,
	14.6307 8.84472,
	14.6448 8.84119,
	14.673 8.85178,
	14.7012 8.86942,
	14.7259 8.89764,
	14.7506 8.95409,
	14.7647 8.98231,
	14.7894 9.00348,
	14.8141 9.0317,
	14.8212 9.04582,
	14.8776 9.07404,
	14.9023 9.09521,
	14.9235 9.15166,
	14.927 9.2081,
	14.9164 9.26455,
	14.9129 9.29278,
	14.9305 9.34922,
	14.9411 9.37745,
	14.9305 9.4339,
	14.927 9.44801,
	14.9341 9.47623,
	14.9623 9.50093,
	15.0187 9.52563,
	15.0328 9.53268,
	15.0893 9.53621,
	15.1457 9.55032,
	15.174 9.55738,
	15.2022 9.57149,
	15.2163 9.57855,
	15.2234 9.58207,
	15.2128 9.59266,
	15.1987 9.59266,
	15.0858 9.63499,
	14.9764 9.69144,
	14.9552 9.66322,
	14.9517 9.64911,
	14.9129 9.59266,
	14.8917 9.56796,
	14.8635 9.55385,
	14.7506 9.53974,
	14.7224 9.53621,
	14.6095 9.4974,
	14.553 9.4727,
	14.3272 9.40567,
	14.2708 9.38098,
	14.2143 9.34922,
	14.1579 9.30336,
	14.1015 9.27161,
	14.0732 9.25044,
	14.0591 9.23633,
	14.0485 9.2081,
	14.0521 9.15166,
	14.045 9.09521,
	14.045 9.08815,
	"/>
</Transform>

<Transform dim="0"
 xcoef=" 0 1 0 0 0 0"
 ycoef=" 0 0 1 0 0 0">
<Contour name="d17p30" hidden="false" closed="true" simplified="true" border="1 0 0" fill="1 0 0" mode="11"
 points="4.41006 7.57504,
	4.38219 7.52584,
	4.44521 7.52904,
	"/>
</Transform>

<Transform dim="0"
 xcoef=" 0 1 0 0 0 0"
 ycoef=" 0 0 1 0 0 0">
<Contour name="d19sp36" hidden="false" closed="true" simplified="true" border="1 0 0" fill="1 0 0" mode="11"
 points="6.31845 10.4477,
	6.32215 10.4459,
	6.35175 10.4533,
	6.36655 10.4551,
	6.42575 10.4496,
	6.44055 10.4477,
	6.44425 10.444,
	6.45905 10.4422,
	6.46645 10.4422,
	6.47015 10.4422,
	6.472 10.4385,
	6.4868 10.4385,
	6.5016 10.4348,
	6.509 10.4329,
	6.5127 10.4329,
	6.5164 10.4292,
	6.5238 10.4292,
	6.5275 10.4255,
	6.5423 10.4237,
	6.5571 10.4181,
	6.5645 10.4181,
	6.5682 10.4144,
	6.5978 10.4089,
	6.6126 10.407,
	6.6163 10.4033,
	6.6755 10.3941,
	6.6903 10.3904,
	6.694 10.3904,
	6.6977 10.3867,
	6.7051 10.3867,
	6.7125 10.383,
	6.7273 10.3811,
	6.7569 10.37,
	6.7643 10.3682,
	6.768 10.3645,
	6.7828 10.3626,
	6.7976 10.3571,
	6.805 10.3534,
	6.8124 10.3534,
	6.81425 10.3497,
	6.82905 10.3478,
	6.83645 10.3478,
	6.84015 10.3441,
	6.84755 10.3441,
	6.85495 10.3404,
	6.88455 10.3386,
	6.91415 10.333,
	6.94375 10.3238,
	6.94745 10.3219,
	6.9493 10.3367,
	6.94005 10.3663,
	6.916 10.3959,
	6.8864 10.4237,
	6.8716 10.4385,
	6.8605 10.4533,
	6.84385 10.4829,
	6.8383 10.4903,
	6.8346 10.5051,
	6.82535 10.5199,
	6.81795 10.5236,
	6.81055 10.5236,
	6.80685 10.5217,
	6.79205 10.5365,
	6.77725 10.5458,
	6.7717 10.5513,
	6.7606 10.5587,
	6.7532 10.5606,
	6.7495 10.5606,
	6.73655 10.5735,
	6.731 10.5883,
	6.72915 10.6179,
	6.72915 10.6198,
	6.731 10.629,
	6.72915 10.6364,
	6.7347 10.6512,
	6.76245 10.6808,
	6.77725 10.6901,
	6.83645 10.7086,
	6.89565 10.7382,
	6.9086 10.7493,
	6.9271 10.7789,
	6.9308 10.7863,
	6.95855 10.8159,
	6.98075 10.8455,
	7.0122 10.9047,
	7.0233 10.9639,
	7.02885 10.9935,
	7.0381 11.0231,
	7.05105 11.0527,
	7.05845 11.0675,
	7.064 11.0971,
	7.0603 11.1267,
	7.05845 11.1415,
	7.0381 11.1711,
	7.0344 11.1785,
	6.9752 11.2377,
	6.9678 11.2451,
	6.9086 11.2802,
	6.8494 11.308,
	6.731 11.3376,
	6.7014 11.3431,
	6.6422 11.3394,
	6.6274 11.3394,
	6.5682 11.3228,
	6.5386 11.3098,
	6.509 11.2876,
	6.45535 11.2284,
	6.39615 11.1711,
	6.3832 11.1563,
	6.3758 11.1415,
	6.3721 11.1341,
	6.37025 11.1045,
	6.3869 11.0453,
	6.39985 11.0157,
	6.435 10.9565,
	6.4831 10.8973,
	6.50345 10.8677,
	6.51825 10.8381,
	6.52565 10.8233,
	6.5497 10.7937,
	6.5793 10.7641,
	6.5941 10.7493,
	6.6052 10.7345,
	6.6126 10.7271,
	6.6274 10.6975,
	6.62925 10.6827,
	6.6274 10.6679,
	6.6274 10.6605,
	6.6126 10.6309,
	6.6015 10.6161,
	6.5867 10.6068,
	6.5719 10.5939,
	6.5608 10.5809,
	6.5312 10.5754,
	6.5016 10.5661,
	6.4424 10.5365,
	6.41465 10.5069,
	6.39985 10.4921,
	6.38505 10.4847,
	6.37025 10.4718,
	6.34065 10.457,
	6.32585 10.4514,
	6.3203 10.4496,
	"/>
</Transform>

<Transform dim="0"
 xcoef=" 0 1 0 0 0 0"
 ycoef=" 0 0 1 0 0 0">
<Image mag="0.0022379" contrast="1.144" brightness="-0.15" red="true" green="true" blue="true"
 src="194____z193.0.tif" />
<Contour name="d05c15" hidden="false" closed="true" simplified="false" border="0 0 1" fill="0 0 1" mode="11"
 points="0 0,
	9356 0,
	9356 6733,
	0 6733,
	"/>
</Transform>

<Transform dim="0"
 xcoef=" 0 1 0 0 0 0"
 ycoef=" 0 0 1 0 0 0">
<Image mag="0.0022379" contrast="1.144" brightness="-0.15" red="true" green="true" blue="true"
 src="195____z194.0.tif" />
<Contour name="d05c15" hidden="false" closed="true" simplified="false" border="0 0 1" fill="0 0 1" mode="11"
 points="0 0,
	9356 0,
	9356 6733,
	0 6733,
	"/>
</Transform>

<Transform dim="0"
 xcoef=" 0 1 0 0 0 0"
 ycoef=" 0 0 1 0 0 0">
<Contour name="d19c38" hidden="false" closed="true" simplified="true" border="0 0 1" fill="0 0 1" mode="11"
 points="6.92683 9.34451,
	6.9209 9.3405,
	6.91897 9.33205,
	6.91935 9.32776,
	6.91966 9.32667,
	6.9291 9.30914,
	6.9383 9.30123,
	6.95538 9.28984,
	6.98747 9.27392,
	7.00261 9.26939,
	7.0172 9.26711,
	7.02448 9.26603,
	7.03096 9.26817,
	7.0342 9.26926,
	7.03734 9.27784,
	7.03256 9.28638,
	7.01524 9.29923,
	6.98212 9.31795,
	6.94968 9.33287,
	6.93316 9.34104,
	6.92893 9.34337,
	"/>
</Transform>

<Transform dim="1"
 xcoef=" -0.01 1 0 0 0 0"
 ycoef=" -0.01 0 1 0 0 0">
<Contour name="dch_d19c38" hidden="false" closed="true" simplified="true" border="0 0 1" fill="0 0 1" mode="11"
 points="6.91217 9.31188,
	6.91616 9.30459,
	6.91809 9.30095,
	6.91855 9.30004,
	6.91923 9.29912,
	6.92652 9.29275,
	6.93381 9.28762,
	6.9411 9.28272,
	6.94474 9.28045,
	6.94565 9.27976,
	6.97481 9.26518,
	6.97846 9.26348,
	6.99303 9.25938,
	6.99668 9.25881,
	6.9985 9.25858,
	6.99896 9.25835,
	6.99941 9.25858,
	7.00157 9.26222,
	7.00249 9.26405,
	7.00716 9.27133,
	7.01091 9.27862,
	7.01103 9.27908,
	7.0116 9.27999,
	7.01194 9.2809,
	7.01308 9.28272,
	7.01319 9.28318,
	7.0059 9.28876,
	6.97675 9.30527,
	6.96946 9.30915,
	6.9403 9.32259,
	6.93301 9.32623,
	6.92937 9.32805,
	6.92925 9.32805,
	6.92891 9.32805,
	6.9272 9.32623,
	6.92367 9.32293,
	6.92026 9.31928,
	6.91661 9.31598,
	6.91479 9.31416,
	6.91388 9.31359,
	6.91297 9.31279,
	6.91251 9.31245,
	6.91229 9.31222,
	"/>
</Transform>

<Transform dim="1"
 xcoef=" -0.02 1 0 0 0 0"
 ycoef=" -0.01 0 1 0 0 0">
<Contour name="d19cfa38" hidden="false" closed="false" simplified="false" border="0 1 0" fill="1 0 0" mode="11"
 points="7.0004 9.27874,
	6.9909 9.2814,
	6.97723 9.28671,
	6.9609 9.29431,
	6.94495 9.3038,
	6.91419 9.32279,
	"/>
</Transform>

</Section>