<?xml version="1.0"?>
<!DOCTYPE Section SYSTEM "section.dtd">

<Section index="121" thickness="0.045794" alignLocked="true">
<Transform dim="0"
 xcoef=" 0 1 0 0 0 0"
 ycoef=" 0 0 1 0 0 0">
<Image mag="0.0022379" contrast="1.144" brightness="-0.15" red="true" green="true" blue="true"
 src="122____z121.0.tif" />
<Contour name="domain1" hidden="false" closed="true" simplified="false" border="1 0 1" fill="1 0 1" mode="11"
 points="0 0,
	9357 0,
	9357 6734,
	0 6734,
	"/>
</Transform>

<Transform dim="0"
 xcoef=" 0 1 0 0 0 0"
 ycoef=" 0 0 1 0 0 0">
<Contour name="d04" hidden="false" closed="true" simplified="true" border="0 0 0" fill="0 0 0" mode="11"
 points="9.31715 11.8225,
	9.31711 11.8225,
	9.31632 11.8217,
	9.3149 11.8217,
	9.28996 11.7983,
	9.27753 11.7859,
	9.27119 11.7801,
	9.24387 11.7202,
	9.23087 11.6893,
	9.20823 11.6251,
	9.20246 11.6086,
	9.18301 11.5737,
	9.17859 11.5649,
	9.15095 11.5382,
	9.13706 11.5241,
	9.10813 11.5006,
	9.09334 11.4888,
	9.0859 11.4829,
	9.05496 11.4735,
	9.03949 11.4687,
	9.03567 11.4671,
	9.00767 11.4391,
	9.00516 11.4357,
	8.99877 11.3689,
	8.99393 11.3361,
	8.99152 11.3199,
	8.9656 11.2557,
	8.95039 11.2247,
	8.94269 11.2095,
	8.93985 11.202,
	8.9356 11.1721,
	8.93397 11.1572,
	8.93899 11.1275,
	8.94149 11.1127,
	8.95367 11.0831,
	8.96022 11.0683,
	8.95708 11.0102,
	8.93836 10.9817,
	8.92895 10.9675,
	8.87233 10.9114,
	8.86489 10.8819,
	8.86074 10.868,
	8.86094 10.8671,
	8.87244 10.852,
	8.8782 10.8445,
	8.8819 10.8417,
	8.88514 10.8424,
	8.88856 10.8398,
	8.91979 10.8475,
	8.92752 10.8503,
	8.95733 10.8684,
	8.97254 10.8773,
	9.0019 10.9012,
	9.01649 10.9135,
	9.0767 10.9484,
	9.10553 10.9692,
	9.11987 10.9798,
	9.14766 11.0056,
	9.16189 11.0181,
	9.18437 11.0484,
	9.19528 11.0636,
	9.21297 11.0943,
	9.22079 11.1098,
	9.22328 11.1137,
	9.22811 11.145,
	9.23162 11.1608,
	9.23186 11.1768,
	9.22265 11.2088,
	9.21579 11.2413,
	9.20656 11.3085,
	9.20633 11.3173,
	9.20568 11.3216,
	9.22007 11.3597,
	9.22643 11.3792,
	9.26521 11.4609,
	9.32137 11.506,
	9.35015 11.5199,
	9.36157 11.5253,
	9.36146 11.526,
	9.36114 11.5284,
	9.36567 11.53,
	9.37895 11.5419,
	9.38223 11.5451,
	9.38968 11.5475,
	9.40527 11.5491,
	9.41298 11.5503,
	9.41497 11.5504,
	9.43643 11.582,
	9.44569 11.5974,
	9.4573 11.6275,
	9.46264 11.6423,
	9.46996 11.657,
	9.47931 11.6715,
	9.48448 11.6787,
	9.48659 11.6823,
	9.48348 11.7111,
	9.48271 11.7183,
	9.46392 11.7468,
	9.45461 11.7609,
	9.449 11.7679,
	9.41895 11.7955,
	9.38263 11.818,
	9.37819 11.8205,
	9.31727 11.8218,
	"/>
</Transform>

<Transform dim="0"
 xcoef=" 0 1 0 0 0 0"
 ycoef=" 0 0 1 0 0 0">
<Contour name="d04" hidden="false" closed="true" simplified="true" border="0 0 0" fill="0 0 0" mode="11"
 points="8.39608 10.6782,
	8.37636 10.6765,
	8.36673 10.6752,
	8.36175 10.6752,
	8.35285 10.6717,
	8.31946 10.6519,
	8.28784 10.6282,
	8.22562 10.5716,
	8.20904 10.5583,
	8.2049 10.5547,
	8.18631 10.55,
	8.17697 10.5473,
	8.17224 10.5463,
	8.13713 10.5241,
	8.1283 10.5187,
	8.12394 10.5156,
	8.0904 10.4829,
	8.08611 10.4792,
	8.07858 10.4565,
	8.06063 10.4105,
	8.05639 10.399,
	8.05029 10.3761,
	8.0472 10.3647,
	8.04277 10.3421,
	8.04018 10.3309,
	8.03917 10.3253,
	8.04197 10.3034,
	8.0428 10.298,
	8.04311 10.296,
	8.04321 10.2953,
	8.04888 10.2739,
	8.05025 10.2685,
	8.06258 10.2478,
	8.06577 10.2426,
	8.08713 10.2231,
	8.09147 10.2021,
	8.09269 10.1969,
	8.10561 10.1764,
	8.11358 10.1663,
	8.11573 10.1638,
	8.12229 10.1431,
	8.12408 10.138,
	8.12422 10.1367,
	8.14596 10.1199,
	8.15684 10.1118,
	8.17785 10.0974,
	8.21176 10.0571,
	8.214 10.0545,
	8.22097 10.0345,
	8.24281 10.0206,
	8.25334 10.0138,
	8.28777 9.97539,
	8.33042 9.94246,
	8.34117 9.93381,
	8.38425 9.90302,
	8.40593 9.88791,
	8.42764 9.87469,
	8.44917 9.86878,
	8.46001 9.8656,
	8.50406 9.84987,
	8.50963 9.84806,
	8.51244 9.84688,
	8.52667 9.82901,
	8.53041 9.82457,
	8.55371 9.81096,
	8.601 9.79201,
	8.62516 9.78288,
	8.63126 9.78061,
	8.67954 9.77259,
	8.69173 9.77023,
	8.69782 9.76905,
	8.74561 9.76976,
	8.75152 9.7702,
	8.75449 9.77016,
	8.80048 9.78286,
	8.84539 9.79731,
	8.88926 9.81349,
	8.90002 9.81855,
	8.92075 9.8342,
	8.94156 9.84834,
	8.96245 9.86141,
	9.00477 9.88237,
	9.09143 9.92013,
	9.11288 9.9298,
	9.12352 9.93475,
	9.1666 9.94868,
	9.1879 9.95644,
	9.23069 9.97092,
	9.27436 9.98129,
	9.31923 9.9873,
	9.41109 9.99662,
	9.42278 9.99722,
	9.44698 9.99473,
	9.45909 9.99351,
	9.48374 9.98929,
	9.49614 9.98692,
	9.50231 9.98575,
	9.54972 9.98469,
	9.57316 9.98466,
	9.58992 9.98647,
	9.58969 9.98825,
	9.58939 9.99058,
	9.5893 9.99135,
	9.60342 9.9927,
	9.65136 9.99378,
	9.69749 9.99571,
	9.70871 9.99644,
	9.72966 10.0023,
	9.74009 10.0048,
	9.76208 10.0048,
	9.77294 10.0048,
	9.79238 10.0123,
	9.81059 10.0232,
	9.8193 10.0296,
	9.82151 10.0311,
	9.82532 10.0524,
	9.82063 10.0733,
	9.81759 10.0838,
	9.81604 10.089,
	9.80214 10.1094,
	9.79447 10.1196,
	9.77107 10.1267,
	9.75915 10.1306,
	9.72046 10.1142,
	9.69953 10.1096,
	9.6942 10.1085,
	9.69162 10.1077,
	9.68865 10.1082,
	9.66431 10.1278,
	9.66093 10.1296,
	9.63691 10.1353,
	9.6311 10.1365,
	9.58817 10.1296,
	9.57748 10.1271,
	9.55833 10.1112,
	9.54867 10.1036,
	9.52777 10.0952,
	9.50641 10.0888,
	9.48465 10.0843,
	9.46257 10.0818,
	9.45155 10.0805,
	9.40661 10.0826,
	9.38477 10.0808,
	9.37377 10.0802,
	9.33071 10.0699,
	9.30892 10.0653,
	9.29811 10.0623,
	9.28779 10.0562,
	9.28263 10.0531,
	9.27995 10.0522,
	9.25653 10.0584,
	9.25077 10.0593,
	9.2271 10.0671,
	9.18203 10.0791,
	9.16714 10.0859,
	9.1546 10.0918,
	9.1494 10.0941,
	9.14828 10.0946,
	9.10719 10.1401,
	9.09716 10.152,
	9.09131 10.1581,
	9.08694 10.1641,
	9.07441 10.1884,
	9.06755 10.2007,
	9.07254 10.2244,
	9.07343 10.2363,
	9.07268 10.2482,
	9.07269 10.2542,
	9.05513 10.3025,
	9.04733 10.3262,
	9.03614 10.3499,
	9.01164 10.3964,
	9.00505 10.4078,
	9.0018 10.4134,
	9.001 10.4162,
	8.98172 10.439,
	8.97229 10.4502,
	8.95071 10.4724,
	8.94021 10.4833,
	8.93424 10.4888,
	8.9269 10.4927,
	8.92517 10.4943,
	8.90464 10.5053,
	8.90478 10.5042,
	8.85521 10.5273,
	8.83062 10.5387,
	8.81852 10.5441,
	8.76955 10.5736,
	8.74591 10.5869,
	8.73999 10.5904,
	8.71833 10.5953,
	8.7076 10.5974,
	8.70225 10.5985,
	8.66158 10.5976,
	8.62046 10.6001,
	8.60011 10.6006,
	8.58999 10.6006,
	8.569 10.6045,
	8.55858 10.606,
	8.54736 10.6108,
	8.52444 10.6225,
	8.4789 10.6438,
	8.45619 10.654,
	8.4104 10.6724,
	8.39901 10.6768,
	"/>
</Transform>

<Transform dim="0"
 xcoef=" 0 1 0 0 0 0"
 ycoef=" 0 0 1 0 0 0">
<Contour name="d04 copy" hidden="false" closed="true" simplified="true" border="1 0 0" fill="1 0 0" mode="11"
 points="8.39628 10.6783,
	8.3717 10.6762,
	8.36569 10.6753,
	8.36259 10.6753,
	8.35688 10.6736,
	8.34608 10.6682,
	8.32524 10.6558,
	8.30521 10.6417,
	8.28565 10.6263,
	8.20671 10.5565,
	8.20544 10.5551,
	8.18227 10.5488,
	8.17643 10.5472,
	8.17347 10.5466,
	8.17195 10.5464,
	8.15005 10.5323,
	8.12806 10.5187,
	8.12271 10.5144,
	8.10181 10.494,
	8.09127 10.4838,
	8.08598 10.4787,
	8.07617 10.4502,
	8.06497 10.4215,
	8.0597 10.4072,
	8.05665 10.3999,
	8.04902 10.3714,
	8.04553 10.3572,
	8.04314 10.3431,
	8.03989 10.3291,
	8.03927 10.3256,
	8.04274 10.2983,
	8.04299 10.2966,
	8.04312 10.2957,
	8.04318 10.2953,
	8.05023 10.2686,
	8.06558 10.2426,
	8.07938 10.2301,
	8.08645 10.2238,
	8.08733 10.223,
	8.09274 10.1968,
	8.10083 10.184,
	8.10465 10.1776,
	8.10964 10.1713,
	8.11231 10.1681,
	8.11327 10.1665,
	8.11499 10.165,
	8.11764 10.1585,
	8.12174 10.1456,
	8.12359 10.1392,
	8.12416 10.1376,
	8.12424 10.1368,
	8.15138 10.1162,
	8.17817 10.0967,
	8.19926 10.0714,
	8.20994 10.0589,
	8.21312 10.0557,
	8.2159 10.0494,
	8.22026 10.0369,
	8.22084 10.0354,
	8.22095 10.0346,
	8.24879 10.0169,
	8.2549 10.0119,
	8.27679 9.98754,
	8.28781 9.97533,
	8.34117 9.93386,
	8.39506 9.8955,
	8.40861 9.88645,
	8.42216 9.87818,
	8.42557 9.87595,
	8.42894 9.87442,
	8.45589 9.86674,
	8.46267 9.86476,
	8.49011 9.8549,
	8.50397 9.85003,
	8.51094 9.84777,
	8.51272 9.84669,
	8.52159 9.83551,
	8.52583 9.82994,
	8.53094 9.82437,
	8.54546 9.81586,
	8.55278 9.81162,
	8.56741 9.80518,
	8.59705 9.79336,
	8.62719 9.78228,
	8.631 9.78085,
	8.6329 9.78014,
	8.66302 9.77513,
	8.67814 9.77281,
	8.69336 9.76985,
	8.69717 9.76911,
	8.72704 9.76953,
	8.74193 9.76993,
	8.74936 9.77014,
	8.75308 9.7701,
	8.75494 9.77007,
	8.81222 9.78637,
	8.84023 9.79543,
	8.86778 9.80544,
	8.88142 9.81069,
	8.88823 9.81316,
	8.89495 9.81632,
	8.89834 9.81774,
	8.90002 9.81844,
	8.92595 9.83767,
	8.95196 9.85502,
	8.95849 9.85893,
	8.96174 9.86106,
	8.9882 9.87419,
	9.04159 9.89848,
	9.06898 9.91028,
	9.08256 9.91612,
	9.0838 9.91686,
	9.08579 9.91871,
	9.08953 9.92395,
	9.09101 9.92621,
	9.09468 9.93187,
	9.09624 9.93338,
	9.09815 9.93566,
	9.09932 9.9368,
	9.0992 9.93756,
	9.10037 9.93871,
	9.10026 9.93947,
	9.10111 9.93986,
	9.101 9.94063,
	9.10261 9.94177,
	9.104 9.94446,
	9.10489 9.94446,
	9.10478 9.94523,
	9.10632 9.94677,
	9.1081 9.94985,
	9.10919 9.95141,
	9.10908 9.95219,
	9.11089 9.95491,
	9.11111 9.95645,
	9.11303 9.95842,
	9.11324 9.95998,
	9.11498 9.96311,
	9.11525 9.96428,
	9.11633 9.96587,
	9.11655 9.96743,
	9.11731 9.96822,
	9.1175 9.9698,
	9.11832 9.97021,
	9.11923 9.97297,
	9.11944 9.97455,
	9.12019 9.97536,
	9.11995 9.97693,
	9.12071 9.97774,
	9.12191 9.98411,
	9.12267 9.98492,
	9.12304 9.98812,
	9.1243 9.99135,
	9.12467 9.99457,
	9.12485 9.99619,
	9.12472 9.99699,
	9.12547 9.99781,
	9.12539 10.001,
	9.1272 10.0141,
	9.12741 10.0207,
	9.12818 10.024,
	9.1279 10.0257,
	9.12865 10.029,
	9.12807 10.0324,
	9.12883 10.0357,
	9.12898 10.0424,
	9.12449 10.0697,
	9.12142 10.0835,
	9.12075 10.0871,
	9.11528 10.1011,
	9.11251 10.1082,
	9.11133 10.1118,
	9.11096 10.1136,
	9.10968 10.1154,
	9.10682 10.1226,
	9.10298 10.1299,
	9.10082 10.1336,
	9.09997 10.1354,
	9.09884 10.1363,
	9.09797 10.1382,
	9.09618 10.14,
	9.09578 10.1419,
	9.09397 10.1437,
	9.09175 10.1474,
	9.09087 10.1493,
	9.09067 10.1502,
	9.08951 10.1512,
	9.08737 10.1586,
	9.08744 10.1604,
	9.08818 10.1613,
	9.07239 10.1922,
	9.06812 10.1999,
	9.06738 10.2008,
	9.0705 10.2156,
	9.07255 10.223,
	9.07366 10.2378,
	9.07271 10.2528,
	9.07222 10.2565,
	9.06134 10.2867,
	9.0555 10.3018,
	9.05063 10.3166,
	9.04793 10.324,
	9.04683 10.3277,
	9.03235 10.3573,
	9.00156 10.4148,
	8.97804 10.4432,
	8.97217 10.4501,
	8.94534 10.4778,
	8.9388 10.4846,
	8.93509 10.488,
	8.92778 10.4919,
	8.926 10.4935,
	8.90469 10.5049,
	8.90479 10.5042,
	8.90482 10.5039,
	8.90133 10.5058,
	8.83789 10.5352,
	8.8302 10.5392,
	8.8227 10.5422,
	8.81898 10.5437,
	8.78818 10.5622,
	8.77296 10.5717,
	8.7434 10.5884,
	8.74148 10.5898,
	8.73458 10.5919,
	8.70772 10.5973,
	8.70439 10.5979,
	8.70264 10.5986,
	8.67719 10.598,
	8.66452 10.5977,
	8.63889 10.5988,
	8.62601 10.5999,
	8.60058 10.6005,
	8.58786 10.6009,
	8.56169 10.6055,
	8.55841 10.606,
	8.54432 10.6124,
	8.51573 10.6267,
	8.48728 10.64,
	8.47301 10.6467,
	8.41603 10.6701,
	8.40167 10.6761,
	8.39812 10.6774,
	"/>
</Transform>

<Transform dim="0"
 xcoef=" 0 1 0 0 0 0"
 ycoef=" 0 0 1 0 0 0">
<Contour name="d19sp24" hidden="false" closed="true" simplified="true" border="1 0 0" fill="1 0 0" mode="11"
 points="6.21464 10.8674,
	6.12934 10.8001,
	6.1095 10.783,
	6.10451 10.7789,
	6.10274 10.7769,
	6.10222 10.776,
	6.10549 10.7749,
	6.11143 10.775,
	6.11488 10.7731,
	6.11854 10.7671,
	6.12077 10.7608,
	6.1202 10.7476,
	6.11985 10.7459,
	6.12271 10.743,
	6.12912 10.7406,
	6.14097 10.7398,
	6.15246 10.7406,
	6.16275 10.7469,
	6.17263 10.7556,
	6.17753 10.7603,
	6.1868 10.773,
	6.19133 10.7801,
	6.19764 10.7941,
	6.20189 10.8077,
	6.20619 10.8346,
	6.2085 10.848,
	6.21325 10.8615,
	6.21505 10.8649,
	6.21557 10.8666,
	"/>
</Transform>

<Transform dim="0"
 xcoef=" 0 1 0 0 0 0"
 ycoef=" 0 0 1 0 0 0">
<Contour name="d19sp24" hidden="false" closed="true" simplified="true" border="1 0 0" fill="1 0 0" mode="11"
 points="6.54032 10.7516,
	6.51552 10.7462,
	6.46998 10.715,
	6.4478 10.6973,
	6.42532 10.6823,
	6.41432 10.674,
	6.40426 10.6614,
	6.39372 10.6516,
	6.38877 10.6453,
	6.36776 10.6271,
	6.36108 10.6145,
	6.35741 10.6022,
	6.34565 10.5771,
	6.34422 10.5528,
	6.34532 10.5468,
	6.34558 10.5453,
	6.35175 10.5213,
	6.35601 10.509,
	6.37323 10.4853,
	6.39735 10.4647,
	6.42472 10.4516,
	6.47697 10.4429,
	6.52903 10.4426,
	6.55509 10.4442,
	6.60672 10.451,
	6.65977 10.453,
	6.68699 10.451,
	6.71207 10.4565,
	6.75999 10.4741,
	6.78278 10.4864,
	6.79333 10.4957,
	6.79801 10.5028,
	6.79809 10.5157,
	6.79813 10.5222,
	6.79046 10.534,
	6.77967 10.5453,
	6.72691 10.5865,
	6.6968 10.6061,
	6.66986 10.6264,
	6.62404 10.6679,
	6.60355 10.6885,
	6.5707 10.7297,
	6.56052 10.7398,
	6.5472 10.7495,
	"/>
</Transform>

<Transform dim="0"
 xcoef=" 0 1 0 0 0 0"
 ycoef=" 0 0 1 0 0 0">
<Contour name="d07sp27" hidden="false" closed="true" simplified="true" border="1 0 0" fill="1 0 0" mode="11"
 points="5.94796 8.0714,
	5.93793 8.06998,
	5.91959 8.0586,
	5.91045 8.05361,
	5.8941 8.03541,
	5.89016 8.03064,
	5.8757 7.99384,
	5.86969 7.95946,
	5.86618 7.94328,
	5.86003 7.92792,
	5.86245 7.91225,
	5.8649 7.90438,
	5.86612 7.90045,
	5.86641 7.89947,
	5.86672 7.89848,
	5.87414 7.88254,
	5.87663 7.87445,
	5.88719 7.85731,
	5.90206 7.83959,
	5.90618 7.83509,
	5.91996 7.82669,
	5.92679 7.82305,
	5.93039 7.82069,
	5.9524 7.82452,
	5.96367 7.82597,
	5.96931 7.82672,
	5.97901 7.83245,
	5.98849 7.89619,
	5.98919 7.9291,
	5.98834 7.93769,
	5.99671 7.97353,
	6.00249 8.01154,
	6.00388 8.01642,
	6.00015 8.03604,
	5.99514 8.0459,
	5.9927 8.05086,
	5.98157 8.05944,
	5.95851 8.07032,
	"/>
</Transform>

<Transform dim="0"
 xcoef=" 0 1 0 0 0 0"
 ycoef=" 0 0 1 0 0 0">
<Contour name="d07sp31" hidden="false" closed="true" simplified="true" border="1 0 0" fill="1 0 0" mode="11"
 points="8.51492 8.28602,
	8.51364 8.21372,
	8.5134 8.17659,
	8.51396 8.15778,
	8.514 8.1566,
	8.51522 8.15549,
	8.52326 8.1654,
	8.52558 8.16788,
	8.54485 8.16894,
	8.56432 8.1746,
	8.56924 8.17602,
	8.57914 8.18228,
	8.58915 8.18617,
	8.59926 8.18772,
	8.6197 8.18732,
	8.63007 8.1888,
	8.6515 8.20296,
	8.6613 8.21211,
	8.6656 8.21662,
	8.6648 8.2255,
	8.6586 8.23427,
	8.61644 8.24801,
	8.59554 8.25308,
	8.57482 8.2614,
	8.55411 8.26742,
	8.54374 8.27151,
	8.52279 8.28297,
	8.51755 8.285,
	"/>
</Transform>

<Transform dim="0"
 xcoef=" 0 1 0 0 0 0"
 ycoef=" 0 0 1 0 0 0">
<Contour name="d04sp22" hidden="false" closed="true" simplified="true" border="1 0 0" fill="1 0 0" mode="11"
 points="9.07948 10.1658,
	9.07817 10.1654,
	9.07851 10.1617,
	9.07979 10.1579,
	9.0842 10.1504,
	9.08439 10.1495,
	9.08618 10.1476,
	9.08657 10.1458,
	9.08834 10.1439,
	9.0904 10.1407,
	9.09059 10.1398,
	9.09234 10.1379,
	9.09941 10.1233,
	9.10448 10.109,
	9.10561 10.1054,
	9.10766 10.1019,
	9.10833 10.0983,
	9.10866 10.0966,
	9.10989 10.0948,
	9.1134 10.0808,
	9.1184 10.0533,
	9.11858 10.0398,
	9.11785 10.0264,
	9.11767 10.0198,
	9.11735 10.0165,
	9.11677 10.0148,
	9.11688 10.0115,
	9.11628 10.0099,
	9.11655 10.0083,
	9.11434 9.99526,
	9.11118 9.98241,
	9.11056 9.98081,
	9.11069 9.98002,
	9.10962 9.97842,
	9.10882 9.97525,
	9.10774 9.97366,
	9.10567 9.96737,
	9.10268 9.96111,
	9.10187 9.96072,
	9.10103 9.95761,
	9.09988 9.95644,
	9.09969 9.9549,
	9.09165 9.94377,
	9.08797 9.93884,
	9.08725 9.9377,
	9.08236 9.93169,
	9.08212 9.93018,
	9.08096 9.92905,
	9.08107 9.9283,
	9.07878 9.92569,
	9.07809 9.9242,
	9.07771 9.92384,
	9.07781 9.92307,
	9.09554 9.93098,
	9.09224 9.92696,
	9.092 9.92545,
	9.09083 9.92431,
	9.09094 9.92357,
	9.08862 9.92094,
	9.08792 9.91945,
	9.08753 9.91909,
	9.08763 9.91832,
	9.11445 9.93039,
	9.1211 9.93349,
	9.12442 9.93504,
	9.17808 9.95306,
	9.20476 9.96222,
	9.23153 9.97101,
	9.25873 9.9778,
	9.27243 9.98092,
	9.3004 9.98459,
	9.31442 9.9867,
	9.37154 9.99238,
	9.40036 9.99537,
	9.41481 9.99688,
	9.42212 9.99726,
	9.45235 9.99414,
	9.46757 9.99226,
	9.49852 9.9863,
	9.55782 9.98463,
	9.57246 9.9846,
	9.5899 9.98665,
	9.58969 9.98825,
	9.58939 9.99058,
	9.58926 9.9916,
	9.59966 9.99244,
	9.65945 9.99377,
	9.68819 9.99537,
	9.70239 9.99591,
	9.70937 9.99636,
	9.72237 10.0004,
	9.72883 10.0024,
	9.73547 10.0036,
	9.73868 10.0046,
	9.76602 10.005,
	9.77279 10.0049,
	9.78508 10.0093,
	9.79111 10.0117,
	9.81374 10.0256,
	9.81917 10.0297,
	9.82152 10.0314,
	9.82433 10.0448,
	9.82531 10.0514,
	9.82279 10.0645,
	9.81943 10.0776,
	9.8152 10.0906,
	9.79736 10.1161,
	9.79477 10.1192,
	9.76577 10.1286,
	9.76211 10.1296,
	9.76021 10.1303,
	9.75926 10.1307,
	9.73525 10.1205,
	9.7231 10.1151,
	9.71023 10.1118,
	9.70362 10.1106,
	9.70043 10.1095,
	9.69364 10.1087,
	9.69215 10.1077,
	9.68845 10.1083,
	9.67322 10.1206,
	9.66562 10.1267,
	9.66173 10.1293,
	9.63186 10.1364,
	9.62841 10.1364,
	9.60167 10.1321,
	9.58821 10.1297,
	9.58154 10.1281,
	9.5782 10.1273,
	9.57658 10.1267,
	9.56472 10.1164,
	9.55263 10.1069,
	9.54962 10.1045,
	9.54322 10.1013,
	9.51682 10.092,
	9.50348 10.088,
	9.4899 10.0852,
	9.46236 10.0817,
	9.44853 10.0805,
	9.4204 10.0818,
	9.40641 10.0826,
	9.3791 10.0804,
	9.37564 10.0804,
	9.32172 10.068,
	9.3081 10.0651,
	9.30135 10.0633,
	9.29801 10.0621,
	9.2851 10.0544,
	9.28181 10.0529,
	9.28014 10.0524,
	9.26551 10.0562,
	9.2582 10.0581,
	9.25101 10.0593,
	9.22157 10.0683,
	9.1922 10.0764,
	9.18487 10.0782,
	9.18075 10.0797,
	9.15806 10.0902,
	9.1532 10.0923,
	9.14796 10.0948,
	9.09734 10.1519,
	9.0905 10.1594,
	9.08981 10.1604,
	9.0885 10.1599,
	9.08885 10.1563,
	9.08954 10.1543,
	9.08695 10.1572,
	9.08017 10.1648,
	"/>
</Transform>

<Transform dim="0"
 xcoef=" 0 1 0 0 0 0"
 ycoef=" 0 0 1 0 0 0">
<Contour name="d23sph41" hidden="false" closed="true" simplified="true" border="1 0 0" fill="1 0 0" mode="11"
 points="8.52605 7.71774,
	8.51247 7.71658,
	8.50916 7.71561,
	8.50573 7.71543,
	8.50258 7.71648,
	8.49629 7.71216,
	8.44349 7.69233,
	8.4172 7.68034,
	8.40406 7.67424,
	8.39753 7.67097,
	8.39435 7.6687,
	8.38205 7.65618,
	8.37593 7.64988,
	8.37288 7.64671,
	8.36477 7.6325,
	8.36181 7.62541,
	8.3597 7.61836,
	8.35889 7.61136,
	8.35895 7.6044,
	8.3652 7.57681,
	8.3684 7.56295,
	8.3698 7.55598,
	8.3789 7.52827,
	8.38522 7.5002,
	8.39437 7.4722,
	8.39333 7.45768,
	8.39156 7.45029,
	8.39406 7.42134,
	8.39548 7.40679,
	8.39602 7.39948,
	8.3963 7.39582,
	8.40089 7.38145,
	8.39564 7.35123,
	8.39518 7.34746,
	8.39516 7.34558,
	8.39527 7.34512,
	8.39537 7.34466,
	8.41785 7.28719,
	8.42055 7.28004,
	8.4219 7.27648,
	8.42237 7.27467,
	8.43876 7.2471,
	8.44758 7.23359,
	8.4492 7.23245,
	8.45583 7.23383,
	8.45949 7.24163,
	8.46152 7.24557,
	8.47037 7.27593,
	8.47491 7.2911,
	8.47699 7.29867,
	8.47782 7.30242,
	8.48948 7.31289,
	8.49545 7.31765,
	8.49839 7.32026,
	8.49981 7.32179,
	8.51924 7.38231,
	8.52021 7.38605,
	8.54281 7.41097,
	8.5612 7.47124,
	8.57482 7.50183,
	8.57868 7.50951,
	8.58062 7.51337,
	8.58967 7.54294,
	8.61395 7.60196,
	8.61718 7.60924,
	8.61882 7.61287,
	8.61929 7.61584,
	8.61965 7.61961,
	8.61691 7.63218,
	8.61292 7.64442,
	8.61052 7.65045,
	8.61042 7.65123,
	8.60951 7.65189,
	8.6087 7.65497,
	8.60779 7.65561,
	8.60759 7.6572,
	8.60435 7.66307,
	8.60271 7.66601,
	8.60261 7.66679,
	8.60169 7.66745,
	8.598 7.67328,
	8.59738 7.67478,
	8.59728 7.67556,
	8.59635 7.67623,
	8.59614 7.67778,
	8.59474 7.67878,
	8.59102 7.68464,
	8.59013 7.68492,
	8.58851 7.68749,
	8.58611 7.68957,
	8.58113 7.69492,
	8.57545 7.69905,
	8.56243 7.70651,
	8.56062 7.70713,
	8.56008 7.70788,
	8.55924 7.70781,
	8.55227 7.71159,
	8.55051 7.71185,
	8.54997 7.71261,
	8.54913 7.71254,
	8.54545 7.71425,
	8.5437 7.71452,
	8.54182 7.71558,
	8.54006 7.71586,
	8.53921 7.7158,
	8.53825 7.71652,
	8.53479 7.7167,
	8.53298 7.71737,
	8.52957 7.71716,
	"/>
</Transform>

<Transform dim="0"
 xcoef=" 0 1 0 0 0 0"
 ycoef=" 0 0 1 0 0 0">
<Contour name="d23sp41" hidden="false" closed="true" simplified="true" border="1 0 0" fill="1 0 0" mode="11"
 points="8.63266 7.78569,
	8.5824 7.76252,
	8.53341 7.73621,
	8.50923 7.72106,
	8.49712 7.71272,
	8.44619 7.69319,
	8.39546 7.66985,
	8.37321 7.64732,
	8.36497 7.63359,
	8.36007 7.61994,
	8.35851 7.60642,
	8.37072 7.55299,
	8.37953 7.52622,
	8.38525 7.49909,
	8.3945 7.47207,
	8.39348 7.45805,
	8.39137 7.45087,
	8.39658 7.39479,
	8.40103 7.38092,
	8.39554 7.35169,
	8.39509 7.34624,
	8.39548 7.34448,
	8.41716 7.28896,
	8.4224 7.27517,
	8.4378 7.24849,
	8.44631 7.23542,
	8.44886 7.23223,
	8.45538 7.23314,
	8.46206 7.24641,
	8.4782 7.30311,
	8.49955 7.32139,
	8.5187 7.37987,
	8.52055 7.3871,
	8.5429 7.4108,
	8.56022 7.46894,
	8.57335 7.49848,
	8.58081 7.51335,
	8.58953 7.54192,
	8.61255 7.5989,
	8.61882 7.61294,
	8.63022 7.66501,
	8.64505 7.71553,
	8.6548 7.74066,
	8.65722 7.7469,
	8.65137 7.76912,
	8.64181 7.77948,
	8.63614 7.78465,
	"/>
</Transform>

<Transform dim="0"
 xcoef=" 0 1 0 0 0 0"
 ycoef=" 0 0 1 0 0 0">
<Contour name="d23sp25" hidden="false" closed="true" simplified="true" border="1 0 0" fill="1 0 0" mode="11"
 points="10.4765 8.69241,
	10.4455 8.68566,
	10.4378 8.68299,
	10.4225 8.67471,
	10.415 8.67011,
	10.4009 8.65486,
	10.3864 8.64351,
	10.3846 8.64152,
	10.3691 8.64046,
	10.3615 8.63903,
	10.3466 8.63343,
	10.3392 8.63113,
	10.3105 8.61561,
	10.2819 8.6039,
	10.268 8.5967,
	10.2611 8.59355,
	10.2595 8.59163,
	10.2597 8.58983,
	10.2676 8.58574,
	10.2813 8.57286,
	10.3032 8.54483,
	10.3157 8.53086,
	10.3246 8.51669,
	10.3374 8.48797,
	10.3406 8.48077,
	10.3414 8.47714,
	10.3427 8.47536,
	10.3445 8.47546,
	10.3498 8.48219,
	10.378 8.49291,
	10.4066 8.50648,
	10.4209 8.51379,
	10.4507 8.52499,
	10.4812 8.53281,
	10.4965 8.53682,
	10.5263 8.5514,
	10.5412 8.5592,
	10.5558 8.56886,
	10.5701 8.58038,
	10.5813 8.59529,
	10.5847 8.59933,
	10.5867 8.60694,
	10.583 8.62144,
	10.5802 8.62863,
	10.5778 8.63215,
	10.5605 8.64461,
	10.5435 8.65439,
	10.5092 8.67927,
	10.5008 8.68552,
	10.4846 8.69011,
	"/>
</Transform>

<Transform dim="0"
 xcoef=" 0 1 0 0 0 0"
 ycoef=" 0 0 1 0 0 0">
<Contour name="d07sp29" hidden="false" closed="true" simplified="true" border="1 0 0" fill="1 0 0" mode="11"
 points="7.63281 7.8505,
	7.54769 7.84306,
	7.50356 7.83952,
	7.45936 7.83105,
	7.45382 7.82984,
	7.43258 7.81648,
	7.41057 7.81037,
	7.38818 7.80792,
	7.38266 7.8067,
	7.35978 7.80915,
	7.3374 7.80798,
	7.32679 7.803,
	7.30806 7.78339,
	7.29814 7.76244,
	7.29586 7.75849,
	7.29603 7.75719,
	7.30418 7.74675,
	7.30755 7.74152,
	7.31979 7.73114,
	7.36352 7.73554,
	7.38627 7.73199,
	7.43106 7.73548,
	7.44253 7.73446,
	7.44834 7.73332,
	7.45799 7.72328,
	7.4628 7.71826,
	7.48639 7.71115,
	7.49792 7.71013,
	7.52039 7.71316,
	7.54209 7.72246,
	7.5641 7.7278,
	7.60904 7.72646,
	7.61474 7.72511,
	7.6175 7.72508,
	7.62056 7.72245,
	7.63253 7.70148,
	7.64438 7.69335,
	7.64741 7.69065,
	7.66893 7.69398,
	7.67409 7.69643,
	7.68111 7.70669,
	7.68399 7.71704,
	7.68949 7.72724,
	7.69774 7.73598,
	7.71741 7.74672,
	7.7225 7.74776,
	7.73182 7.75495,
	7.73927 7.76466,
	7.74269 7.77446,
	7.74132 7.79331,
	7.7393 7.80276,
	7.73828 7.80746,
	7.73251 7.81713,
	7.72902 7.82199,
	7.71735 7.83083,
	7.69573 7.84015,
	7.65377 7.8488,
	"/>
</Transform>

<Transform dim="0"
 xcoef=" 0 1 0 0 0 0"
 ycoef=" 0 0 1 0 0 0">
<Contour name="d23sph25" hidden="false" closed="true" simplified="true" border="1 0 0" fill="1 0 0" mode="11"
 points="10.4758 8.69215,
	10.4411 8.68404,
	10.4325 8.68051,
	10.4288 8.67797,
	10.4263 8.67497,
	10.4264 8.67387,
	10.4223 8.66485,
	10.4192 8.65619,
	10.4194 8.65515,
	10.4185 8.65402,
	10.4148 8.63698,
	10.4141 8.62856,
	10.4134 8.62435,
	10.4154 8.60786,
	10.4179 8.59976,
	10.419 8.59569,
	10.4203 8.5937,
	10.4206 8.59165,
	10.4227 8.58766,
	10.4229 8.58664,
	10.4241 8.58569,
	10.4278 8.5777,
	10.43 8.5737,
	10.4313 8.57275,
	10.4315 8.57173,
	10.4346 8.56835,
	10.4359 8.56638,
	10.4372 8.56594,
	10.4372 8.56492,
	10.441 8.56158,
	10.4412 8.56056,
	10.4575 8.54628,
	10.4619 8.54299,
	10.4666 8.54078,
	10.469 8.53941,
	10.4701 8.53949,
	10.4785 8.53449,
	10.4798 8.53356,
	10.4832 8.53331,
	10.4917 8.53555,
	10.5085 8.54263,
	10.5418 8.55953,
	10.5581 8.57086,
	10.5661 8.57729,
	10.5702 8.58026,
	10.5769 8.58917,
	10.5796 8.59357,
	10.5836 8.59807,
	10.585 8.60028,
	10.5861 8.60453,
	10.587 8.60668,
	10.5822 8.62286,
	10.5812 8.62694,
	10.579 8.63091,
	10.5603 8.64438,
	10.5412 8.65635,
	10.503 8.6839,
	10.4985 8.68629,
	10.4803 8.69142,
	"/>
</Transform>

<Transform dim="0"
 xcoef=" 0 1 0 0 0 0"
 ycoef=" 0 0 1 0 0 0">
<Contour name="d23c41" hidden="false" closed="true" simplified="true" border="0 0 1" fill="0 0 1" mode="11"
 points="8.3736 7.5739,
	8.35913 7.56902,
	8.35553 7.56779,
	8.35099 7.55969,
	8.34873 7.55562,
	8.3461 7.54763,
	8.3472 7.53988,
	8.34776 7.53601,
	8.34782 7.53552,
	8.34789 7.53504,
	8.37163 7.4095,
	8.37944 7.40561,
	8.38353 7.40393,
	8.39921 7.40124,
	8.40315 7.40057,
	8.40512 7.40024,
	8.40607 7.40032,
	8.4086 7.43279,
	8.40914 7.44884,
	8.40817 7.48055,
	8.40808 7.49632,
	8.40202 7.52727,
	8.39932 7.54269,
	8.39386 7.55786,
	8.39333 7.56171,
	8.39306 7.56363,
	8.39065 7.56734,
	8.38945 7.5692,
	8.38736 7.5705,
	8.3795 7.57237,
	8.37554 7.57355,
	"/>
</Transform>

<Transform dim="0"
 xcoef=" 0 1 0 0 0 0"
 ycoef=" 0 0 1 0 0 0">
<Contour name="d23sp26" hidden="false" closed="true" simplified="true" border="1 0 0" fill="1 0 0" mode="11"
 points="9.79416 7.45077,
	9.78495 7.44611,
	9.76699 7.43241,
	9.75871 7.42456,
	9.74738 7.40517,
	9.7442 7.40028,
	9.73502 7.38072,
	9.73235 7.37581,
	9.72833 7.3562,
	9.72647 7.34637,
	9.72742 7.32675,
	9.72774 7.31689,
	9.7278 7.31445,
	9.72782 7.31383,
	9.72783 7.31321,
	9.72927 7.29351,
	9.72918 7.28364,
	9.73364 7.26395,
	9.73407 7.25903,
	9.73632 7.25414,
	9.7426 7.24436,
	9.746 7.23949,
	9.74706 7.23703,
	9.7494 7.23522,
	9.75891 7.23161,
	9.76125 7.23041,
	9.78109 7.23971,
	9.78355 7.24093,
	9.79472 7.26054,
	9.80847 7.28004,
	9.81213 7.2849,
	9.81593 7.30445,
	9.82533 7.34339,
	9.82674 7.36289,
	9.82733 7.37261,
	9.81844 7.41176,
	9.81443 7.43115,
	9.81413 7.43356,
	9.80557 7.44338,
	9.80072 7.44768,
	9.79548 7.45016,
	"/>
</Transform>

<Transform dim="0"
 xcoef=" 0 1 0 0 0 0"
 ycoef=" 0 0 1 0 0 0">
<Contour name="d07sp30" hidden="false" closed="true" simplified="true" border="1 0 0" fill="1 0 0" mode="11"
 points="7.80828 9.33548,
	7.79812 9.32959,
	7.77638 9.32448,
	7.77097 9.32321,
	7.76208 9.31245,
	7.75102 9.28725,
	7.74696 9.27456,
	7.74564 9.26819,
	7.75454 9.2544,
	7.7663 9.2403,
	7.77335 9.23378,
	7.78154 9.22143,
	7.7869 9.20911,
	7.7904 9.18476,
	7.79076 9.16091,
	7.8028 9.1144,
	7.80753 9.09195,
	7.80909 9.07016,
	7.80559 9.02841,
	7.80768 9.00798,
	7.80866 8.9979,
	7.82187 8.97725,
	7.8327 8.96678,
	7.84295 8.9467,
	7.8452 8.93693,
	7.84538 8.9179,
	7.84576 8.91317,
	7.83865 8.89519,
	7.8347 8.89096,
	7.82364 8.88631,
	7.81806 8.8846,
	7.80715 8.87676,
	7.80341 8.86835,
	7.79673 8.86035,
	7.79678 8.85926,
	7.7954 8.85833,
	7.88916 8.81679,
	7.89496 8.81393,
	7.89785 8.81251,
	7.90678 8.829,
	7.9037 8.83378,
	7.89324 8.84377,
	7.87926 8.86312,
	7.87576 8.87255,
	7.87401 8.87727,
	7.87757 8.88624,
	7.88834 8.89246,
	7.91015 8.89946,
	7.91555 8.9016,
	7.92585 8.91092,
	7.92841 8.91331,
	7.93221 8.93317,
	7.94893 8.9742,
	7.96174 8.99563,
	7.97159 9.01759,
	7.97714 9.03983,
	7.9703 9.06165,
	7.9634 9.07242,
	7.91935 9.16256,
	7.89402 9.21046,
	7.87942 9.23507,
	7.85911 9.28517,
	7.84666 9.31008,
	7.84391 9.31626,
	7.83278 9.32842,
	7.82615 9.33288,
	7.81412 9.33511,
	"/>
</Transform>

<Transform dim="0"
 xcoef=" 0 1 0 0 0 0"
 ycoef=" 0 0 1 0 0 0">
<Contour name="d19c24b" hidden="false" closed="true" simplified="true" border="0 0 1" fill="0 0 1" mode="11"
 points="6.56564 10.754,
	6.55368 10.746,
	6.54777 10.7417,
	6.54768 10.7358,
	6.54789 10.7347,
	6.54796 10.7343,
	6.55234 10.7231,
	6.55458 10.7204,
	6.5578 10.7149,
	6.57577 10.6934,
	6.58561 10.6827,
	6.60195 10.6606,
	6.60646 10.6551,
	6.60914 10.6523,
	6.61266 10.6497,
	6.62338 10.6386,
	6.63001 10.6332,
	6.63311 10.6305,
	6.64059 10.6252,
	6.64679 10.6197,
	6.65449 10.6155,
	6.66154 10.6101,
	6.66733 10.6046,
	6.68223 10.5967,
	6.69737 10.5897,
	6.71281 10.5812,
	6.72049 10.5772,
	6.73535 10.5715,
	6.73676 10.5709,
	6.74733 10.5849,
	6.74973 10.588,
	6.73653 10.5986,
	6.70841 10.6195,
	6.68108 10.6406,
	6.6674 10.6512,
	6.61896 10.6939,
	6.5811 10.7367,
	6.57167 10.7474,
	6.56717 10.7528,
	"/>
</Transform>

<Transform dim="0"
 xcoef=" 0 1 0 0 0 0"
 ycoef=" 0 0 1 0 0 0">
<Contour name="d07p30" hidden="false" closed="true" simplified="true" border="0 0 1" fill="0 0 1" mode="11"
 points="7.86922 8.86359,
	7.84666 8.83141,
	7.89596 8.82578,
	"/>
</Transform>

<Transform dim="0"
 xcoef=" 0 1 0 0 0 0"
 ycoef=" 0 0 1 0 0 0">
<Contour name="d05c49" hidden="false" closed="true" simplified="true" border="0 0 1" fill="0 0 1" mode="11"
 points="11.4249 9.95145,
	11.4203 9.95096,
	11.4212 9.94583,
	11.4202 9.94475,
	11.4223 9.93944,
	11.4266 9.93501,
	11.4472 9.92529,
	11.4692 9.91024,
	11.4928 9.88892,
	11.4989 9.88299,
	11.5102 9.86204,
	11.512 9.85938,
	11.5175 9.8572,
	11.5273 9.86001,
	11.5323 9.86839,
	11.5329 9.87309,
	11.5226 9.89413,
	11.5203 9.89941,
	11.4973 9.91938,
	11.4857 9.92781,
	11.4654 9.93793,
	"/>
</Transform>

<Transform dim="0"
 xcoef=" 0 1 0 0 0 0"
 ycoef=" 0 0 1 0 0 0">
<Contour name="d04sp23" hidden="false" closed="true" simplified="true" border="1 0 0" fill="1 0 0" mode="11"
 points="9.31715 11.8225,
	9.31711 11.8225,
	9.31632 11.8217,
	9.3149 11.8217,
	9.28996 11.7983,
	9.27753 11.7859,
	9.27119 11.7801,
	9.24387 11.7202,
	9.23087 11.6893,
	9.20823 11.6251,
	9.20246 11.6086,
	9.18301 11.5737,
	9.17859 11.5649,
	9.15095 11.5382,
	9.13706 11.5241,
	9.10813 11.5006,
	9.09334 11.4888,
	9.0859 11.4829,
	9.05496 11.4735,
	9.03949 11.4687,
	9.03567 11.4671,
	9.00767 11.4391,
	9.00516 11.4357,
	8.99877 11.3689,
	8.99393 11.3361,
	8.99152 11.3199,
	8.9656 11.2557,
	8.95039 11.2247,
	8.94269 11.2095,
	8.93985 11.202,
	8.9356 11.1721,
	8.93396 11.1572,
	8.93899 11.1275,
	8.94149 11.1127,
	8.95368 11.0831,
	8.96022 11.0683,
	8.95708 11.0102,
	8.93836 10.9817,
	8.92895 10.9675,
	8.87233 10.9114,
	8.86489 10.8819,
	8.86074 10.868,
	8.86094 10.8671,
	8.87244 10.852,
	8.8782 10.8445,
	8.8819 10.8417,
	8.88514 10.8424,
	8.88856 10.8398,
	8.91979 10.8475,
	8.92752 10.8503,
	8.95733 10.8684,
	8.97254 10.8773,
	9.0019 10.9012,
	9.01649 10.9135,
	9.0767 10.9484,
	9.10553 10.9692,
	9.11987 10.9798,
	9.14766 11.0056,
	9.16189 11.0181,
	9.18437 11.0484,
	9.19528 11.0636,
	9.21297 11.0943,
	9.22079 11.1098,
	9.22328 11.1137,
	9.22811 11.145,
	9.23162 11.1608,
	9.23186 11.1768,
	9.22265 11.2088,
	9.21579 11.2413,
	9.20656 11.3085,
	9.20633 11.3173,
	9.20568 11.3216,
	9.22008 11.3597,
	9.22643 11.3792,
	9.26521 11.4609,
	9.32137 11.506,
	9.35015 11.5199,
	9.36157 11.5253,
	9.36146 11.526,
	9.36114 11.5284,
	9.36567 11.53,
	9.37895 11.5419,
	9.38223 11.5451,
	9.38966 11.5475,
	9.40527 11.5491,
	9.41298 11.5503,
	9.41497 11.5504,
	9.43643 11.582,
	9.44569 11.5974,
	9.4573 11.6275,
	9.46264 11.6423,
	9.46996 11.657,
	9.4793 11.6715,
	9.48448 11.6787,
	9.48659 11.6823,
	9.48348 11.7111,
	9.48271 11.7183,
	9.46392 11.7468,
	9.45461 11.7609,
	9.449 11.7679,
	9.41895 11.7955,
	9.38263 11.818,
	9.37819 11.8205,
	9.31727 11.8218,
	"/>
</Transform>

<Transform dim="0"
 xcoef=" 0 1 0 0 0 0"
 ycoef=" 0 0 1 0 0 0">
<Contour name="d19sah23" hidden="false" closed="true" simplified="true" border="1 1 0" fill="1 1 0" mode="11"
 points="5.35736 10.4584,
	5.32893 10.4575,
	5.33218 10.4553,
	5.35491 10.456,
	5.35769 10.4379,
	5.33486 10.4372,
	5.33254 10.4531,
	5.3293 10.4553,
	5.33229 10.4349,
	5.36084 10.4358,
	"/>
</Transform>

<Transform dim="0"
 xcoef=" 0 1 0 0 0 0"
 ycoef=" 0 0 1 0 0 0">
<Contour name="d30sp13" hidden="false" closed="true" simplified="true" border="1 0 0" fill="1 0 0" mode="11"
 points="13.5113 8.15594,
	13.5105 8.15588,
	13.5073 8.14647,
	13.5052 8.14174,
	13.5049 8.13944,
	13.504 8.13824,
	13.5029 8.13362,
	13.5019 8.13129,
	13.5011 8.1301,
	13.5012 8.12898,
	13.4999 8.12661,
	13.497 8.11743,
	13.4949 8.11279,
	13.4945 8.11052,
	13.4923 8.10592,
	13.4919 8.10366,
	13.4835 8.08538,
	13.4789 8.07629,
	13.4766 8.07175,
	13.4767 8.07067,
	13.4758 8.06951,
	13.4744 8.06504,
	13.4735 8.06279,
	13.4736 8.06171,
	13.4727 8.06057,
	13.4664 8.04328,
	13.464 8.03878,
	13.4627 8.03436,
	13.4616 8.03321,
	13.4548 8.01546,
	13.4523 8.01098,
	13.4509 8.00657,
	13.4495 8.00431,
	13.4434 7.98664,
	13.439 7.97771,
	13.4376 7.97331,
	13.4372 7.97111,
	13.4357 7.96886,
	13.4327 7.96001,
	13.4314 7.9556,
	13.4309 7.95394,
	13.4313 7.95342,
	13.4354 7.95478,
	13.4999 7.96048,
	13.5082 7.96095,
	13.5413 7.95675,
	13.558 7.9543,
	13.5665 7.95197,
	13.6005 7.9365,
	13.6177 7.93,
	13.6264 7.92644,
	13.6614 7.89403,
	13.679 7.87739,
	13.691 7.85999,
	13.697 7.85124,
	13.6991 7.84684,
	13.7029 7.82904,
	13.7104 7.75603,
	13.7121 7.73736,
	13.7162 7.71862,
	13.7218 7.6999,
	13.7289 7.68065,
	13.7394 7.66087,
	13.7414 7.65908,
	13.7586 7.65892,
	13.7763 7.66208,
	13.785 7.664,
	13.7895 7.66559,
	13.8078 7.67956,
	13.8101 7.681,
	13.8276 7.70148,
	13.8363 7.71136,
	13.8432 7.7302,
	13.8458 7.73952,
	13.8492 7.75796,
	13.854 7.7944,
	13.8575 7.86558,
	13.8583 7.88311,
	13.8575 7.89179,
	13.8523 7.90891,
	13.8478 7.91738,
	13.8354 7.93416,
	13.8203 7.9509,
	13.8163 7.95455,
	13.7811 7.97408,
	13.7634 7.98344,
	13.7545 7.9876,
	13.7501 7.98971,
	13.7326 7.99534,
	13.7238 7.99791,
	13.6892 8.00431,
	13.6718 8.00995,
	13.6675 8.01149,
	13.6504 8.01375,
	13.6419 8.01512,
	13.6376 8.01609,
	13.6202 8.02424,
	13.6116 8.02884,
	13.6048 8.03734,
	13.6019 8.04162,
	13.5858 8.05848,
	13.5775 8.06689,
	13.5631 8.08382,
	13.538 8.11802,
	13.5141 8.15271,
	13.5124 8.15487,
	"/>
</Transform>

<Transform dim="0"
 xcoef=" 0 1 0 0 0 0"
 ycoef=" 0 0 1 0 0 0">
<Contour name="d30p13" hidden="false" closed="true" simplified="true" border="0 0 1" fill="0 0 1" mode="11"
 points="13.5314 8.03218,
	13.5201 8.00726,
	13.545 8.0086,
	"/>
</Transform>

<Transform dim="0"
 xcoef=" 0 1 0 0 0 0"
 ycoef=" 0 0 1 0 0 0">
<Contour name="d23sph26" hidden="false" closed="true" simplified="true" border="1 0 0" fill="1 0 0" mode="11"
 points="9.79416 7.45077,
	9.78495 7.44611,
	9.76699 7.43241,
	9.75871 7.42456,
	9.74738 7.40517,
	9.7442 7.40028,
	9.73502 7.38072,
	9.73235 7.37581,
	9.72833 7.3562,
	9.72647 7.34637,
	9.72742 7.32675,
	9.72774 7.31689,
	9.7278 7.31445,
	9.72782 7.31383,
	9.72783 7.31321,
	9.72927 7.29351,
	9.72918 7.28364,
	9.73364 7.26395,
	9.73407 7.25903,
	9.73632 7.25414,
	9.7426 7.24436,
	9.746 7.23949,
	9.74706 7.23703,
	9.7494 7.23522,
	9.75891 7.23161,
	9.76125 7.23041,
	9.78109 7.23971,
	9.78355 7.24093,
	9.79472 7.26054,
	9.80847 7.28004,
	9.81213 7.2849,
	9.81593 7.30445,
	9.82533 7.34339,
	9.82674 7.36289,
	9.82733 7.37261,
	9.81844 7.41176,
	9.81443 7.43115,
	9.81413 7.43356,
	9.80557 7.44338,
	9.80072 7.44768,
	9.79548 7.45016,
	"/>
</Transform>

<Transform dim="0"
 xcoef=" 0 1 0 0 0 0"
 ycoef=" 0 0 1 0 0 0">
<Contour name="d17sph19" hidden="false" closed="true" simplified="true" border="1 0 0" fill="1 0 0" mode="11"
 points="4.44909 7.38838,
	4.41169 7.38715,
	4.40699 7.38726,
	4.38897 7.38297,
	4.38011 7.38022,
	4.36285 7.37237,
	4.3543 7.36843,
	4.32182 7.34455,
	4.30623 7.33021,
	4.29053 7.31694,
	4.2755 7.30028,
	4.26854 7.28896,
	4.26616 7.28341,
	4.26543 7.27804,
	4.26533 7.2754,
	4.26544 7.27474,
	4.26556 7.2741,
	4.26808 7.26915,
	4.26907 7.26665,
	4.27947 7.25757,
	4.28896 7.2537,
	4.29366 7.2518,
	4.31179 7.24813,
	4.3299 7.24341,
	4.3344 7.24226,
	4.33668 7.24139,
	4.34476 7.23274,
	4.35009 7.22373,
	4.35791 7.21528,
	4.36023 7.21327,
	4.36912 7.20888,
	4.37354 7.20671,
	4.39083 7.20173,
	4.40769 7.20217,
	4.41617 7.20212,
	4.44989 7.21061,
	4.45842 7.21286,
	4.47549 7.21961,
	4.49241 7.23315,
	4.50097 7.23988,
	4.50527 7.24352,
	4.50743 7.24505,
	4.51367 7.25532,
	4.51624 7.26036,
	4.52092 7.2795,
	4.52213 7.29808,
	4.51808 7.31587,
	4.51098 7.33328,
	4.50077 7.35038,
	4.48684 7.36716,
	4.47663 7.37462,
	4.47147 7.37868,
	4.45156 7.38748,
	"/>
</Transform>

<Transform dim="0"
 xcoef=" 0 1 0 0 0 0"
 ycoef=" 0 0 1 0 0 0">
<Contour name="d17sp19" hidden="false" closed="true" simplified="true" border="1 0 0" fill="1 0 0" mode="11"
 points="4.44909 7.38838,
	4.41169 7.38715,
	4.40699 7.38726,
	4.38897 7.38297,
	4.38011 7.38022,
	4.36285 7.37237,
	4.3543 7.36843,
	4.32182 7.34455,
	4.30623 7.33021,
	4.29053 7.31694,
	4.2755 7.30028,
	4.26854 7.28896,
	4.26616 7.28341,
	4.26543 7.27804,
	4.26533 7.2754,
	4.26544 7.27474,
	4.26556 7.2741,
	4.26808 7.26915,
	4.26907 7.26665,
	4.27947 7.25757,
	4.28896 7.2537,
	4.29366 7.2518,
	4.31179 7.24813,
	4.3299 7.24341,
	4.3344 7.24226,
	4.33668 7.24139,
	4.34476 7.23274,
	4.35009 7.22373,
	4.35791 7.21528,
	4.36023 7.21327,
	4.36912 7.20888,
	4.37354 7.20671,
	4.39083 7.20173,
	4.40769 7.20217,
	4.41617 7.20212,
	4.44989 7.21061,
	4.45842 7.21286,
	4.47549 7.21961,
	4.49241 7.23315,
	4.50097 7.23988,
	4.50527 7.24352,
	4.50743 7.24505,
	4.51367 7.25532,
	4.51624 7.26036,
	4.52092 7.2795,
	4.52213 7.29808,
	4.51808 7.31587,
	4.51098 7.33328,
	4.50077 7.35038,
	4.48684 7.36716,
	4.47663 7.37462,
	4.47147 7.37868,
	4.45156 7.38748,
	"/>
</Transform>

<Transform dim="0"
 xcoef=" 0 1 0 0 0 0"
 ycoef=" 0 0 1 0 0 0">
<Contour name="d07c30" hidden="false" closed="true" simplified="true" border="0 0 1" fill="0 0 1" mode="11"
 points="7.92049 9.16545,
	7.91377 9.15863,
	7.91228 9.15001,
	7.91408 9.13319,
	7.91425 9.13215,
	7.91441 9.13111,
	7.92823 9.09879,
	7.94441 9.06744,
	7.95229 9.052,
	7.95813 9.0366,
	7.96197 9.02896,
	7.96436 9.02517,
	7.97223 9.0246,
	7.98745 9.02739,
	7.99039 9.03547,
	7.99184 9.03952,
	7.98506 9.055,
	7.97983 9.08691,
	7.97771 9.09491,
	7.94027 9.15913,
	7.93681 9.16212,
	"/>
</Transform>

<Transform dim="0"
 xcoef=" 0 1 0 0 0 0"
 ycoef=" 0 0 1 0 0 0">
<Contour name="d07p31" hidden="false" closed="true" simplified="true" border="0 0 1" fill="0 0 1" mode="11"
 points="8.51828 8.24061,
	8.49532 8.1973,
	8.54359 8.19987,
	"/>
</Transform>

<Transform dim="0"
 xcoef=" 0 1 0 0 0 0"
 ycoef=" 0 0 1 0 0 0">
<Contour name="d04p22" hidden="false" closed="true" simplified="true" border="1 0 0" fill="1 0 0" mode="11"
 points="9.02838 10.0662,
	9.01461 10.0302,
	9.0265 10.0298,
	9.0245 10.0248,
	9.06688 10.0241,
	9.03852 10.0607,
	9.03654 10.0555,
	"/>
</Transform>

<Transform dim="0"
 xcoef=" 0 1 0 0 0 0"
 ycoef=" 0 0 1 0 0 0">
<Contour name="d23cfa41" hidden="false" closed="false" simplified="true" border="0 1 0" fill="0 1 0" mode="11"
 points="8.37097 7.57136,
	8.37741 7.54555,
	8.38394 7.52649,
	8.39066 7.50046,
	8.39699 7.47825,
	8.39896 7.44358,
	8.39759 7.40696,
	"/>
</Transform>

<Transform dim="0"
 xcoef=" 0 1 0 0 0 0"
 ycoef=" 0 0 1 0 0 0">
<Contour name="d05cfa49" hidden="false" closed="false" simplified="true" border="1 0 0" fill="1 0 0" mode="11"
 points="11.422 9.94209,
	11.4329 9.94024,
	11.4464 9.93787,
	11.4594 9.92562,
	11.4718 9.91716,
	11.4862 9.90591,
	11.4966 9.89666,
	11.506 9.88648,
	11.5228 9.85768,
	"/>
</Transform>

<Transform dim="0"
 xcoef=" 0 1 0 0 0 0"
 ycoef=" 0 0 1 0 0 0">
<Contour name="d07cfa30" hidden="false" closed="false" simplified="true" border="1 0 0" fill="1 0 0" mode="11"
 points="7.9728 9.02649,
	7.97702 9.03865,
	7.97199 9.05615,
	7.96392 9.07067,
	7.91794 9.16247,
	"/>
</Transform>

<Transform dim="0"
 xcoef=" 0 1 0 0 0 0"
 ycoef=" 0 0 1 0 0 0">
<Contour name="d19cfa24b" hidden="false" closed="false" simplified="true" border="1 0 0" fill="1 0 0" mode="11"
 points="6.74023 10.5755,
	6.72552 10.587,
	6.69406 10.6073,
	6.68144 10.6169,
	6.66309 10.6316,
	6.61871 10.672,
	6.60029 10.6912,
	6.57554 10.7226,
	6.56339 10.7363,
	6.55262 10.7455,
	"/>
</Transform>

<Transform dim="1"
 xcoef=" 0.02 1 0 0 0 0"
 ycoef=" -0.03 0 1 0 0 0">
<Contour name="d07sp28" hidden="false" closed="true" simplified="true" border="1 0 0" fill="1 0 0" mode="11"
 points="5.48711 9.08895,
	5.43139 9.07902,
	5.41667 9.07544,
	5.3857 9.06199,
	5.35281 9.04558,
	5.31786 9.02622,
	5.30003 9.01819,
	5.2826 9.01486,
	5.27363 9.01162,
	5.2382 8.98608,
	5.20397 8.96359,
	5.18494 8.93836,
	5.17646 8.91349,
	5.17333 8.90108,
	5.17302 8.898,
	5.17288 8.89645,
	5.17617 8.87193,
	5.18061 8.85975,
	5.19474 8.85253,
	5.20922 8.84842,
	5.22432 8.84895,
	5.2402 8.8541,
	5.24814 8.8559,
	5.31729 8.9003,
	5.35011 8.92514,
	5.36625 8.93758,
	5.42959 8.96222,
	5.4457 8.97501,
	5.46514 9.00028,
	5.48051 9.02567,
	5.49841 9.05149,
	5.50395 9.05805,
	5.50686 9.07079,
	5.50581 9.07707,
	5.50608 9.08026,
	5.49362 9.08765,
	"/>
</Transform>

<Transform dim="0"
 xcoef=" 0 1 0 0 0 0"
 ycoef=" 0 0 1 0 0 0">
<Contour name="d17sph19" hidden="false" closed="true" simplified="true" border="1 0 0" fill="1 0 0" mode="11"
 points="4.44909 7.38838,
	4.41169 7.38715,
	4.40699 7.38726,
	4.38897 7.38297,
	4.38011 7.38022,
	4.36285 7.37237,
	4.3543 7.36843,
	4.32182 7.34455,
	4.30623 7.33021,
	4.29053 7.31694,
	4.2755 7.30028,
	4.26854 7.28896,
	4.26616 7.28341,
	4.26543 7.27804,
	4.26533 7.2754,
	4.26544 7.27474,
	4.26556 7.2741,
	4.26808 7.26915,
	4.26907 7.26665,
	4.27947 7.25757,
	4.28896 7.2537,
	4.29366 7.2518,
	4.31179 7.24813,
	4.3299 7.24341,
	4.3344 7.24226,
	4.33668 7.24139,
	4.34476 7.23274,
	4.35009 7.22373,
	4.35791 7.21528,
	4.36023 7.21327,
	4.36912 7.20888,
	4.37354 7.20671,
	4.39083 7.20173,
	4.40769 7.20217,
	4.41617 7.20212,
	4.44989 7.21061,
	4.45842 7.21286,
	4.47549 7.21961,
	4.49241 7.23315,
	4.50097 7.23988,
	4.50527 7.24352,
	4.50743 7.24505,
	4.51367 7.25532,
	4.51624 7.26036,
	4.52092 7.2795,
	4.52213 7.29808,
	4.51808 7.31587,
	4.51098 7.33328,
	4.50077 7.35038,
	4.48684 7.36716,
	4.47663 7.37462,
	4.47147 7.37868,
	4.45156 7.38748,
	"/>
</Transform>

<Transform dim="0"
 xcoef=" 0 1 0 0 0 0"
 ycoef=" 0 0 1 0 0 0">
<Contour name="d17sp19" hidden="false" closed="true" simplified="true" border="1 0 0" fill="1 0 0" mode="11"
 points="4.44909 7.38838,
	4.41169 7.38715,
	4.40699 7.38726,
	4.38897 7.38297,
	4.38011 7.38022,
	4.36285 7.37237,
	4.3543 7.36843,
	4.32182 7.34455,
	4.30623 7.33021,
	4.29053 7.31694,
	4.2755 7.30028,
	4.26854 7.28896,
	4.26616 7.28341,
	4.26543 7.27804,
	4.26533 7.2754,
	4.26544 7.27474,
	4.26556 7.2741,
	4.26808 7.26915,
	4.26907 7.26665,
	4.27947 7.25757,
	4.28896 7.2537,
	4.29366 7.2518,
	4.31179 7.24813,
	4.3299 7.24341,
	4.3344 7.24226,
	4.33668 7.24139,
	4.34476 7.23274,
	4.35009 7.22373,
	4.35791 7.21528,
	4.36023 7.21327,
	4.36912 7.20888,
	4.37354 7.20671,
	4.39083 7.20173,
	4.40769 7.20217,
	4.41617 7.20212,
	4.44989 7.21061,
	4.45842 7.21286,
	4.47549 7.21961,
	4.49241 7.23315,
	4.50097 7.23988,
	4.50527 7.24352,
	4.50743 7.24505,
	4.51367 7.25532,
	4.51624 7.26036,
	4.52092 7.2795,
	4.52213 7.29808,
	4.51808 7.31587,
	4.51098 7.33328,
	4.50077 7.35038,
	4.48684 7.36716,
	4.47663 7.37462,
	4.47147 7.37868,
	4.45156 7.38748,
	"/>
</Transform>

<Transform dim="1"
 xcoef=" 0 1 0 0 0 0"
 ycoef=" 0 0 1 0 0 0">
<Contour name="d19sp21" hidden="false" closed="true" simplified="true" border="1 0 0" fill="1 0 0" mode="11"
 points="4.51833 10.0767,
	4.50353 10.0727,
	4.47543 10.0553,
	4.44883 10.0351,
	4.42268 10.0201,
	4.40959 10.015,
	4.38466 9.99885,
	4.36131 9.97508,
	4.33898 9.94689,
	4.30311 9.84199,
	4.29828 9.81646,
	4.29747 9.81011,
	4.29768 9.80857,
	4.31311 9.78489,
	4.36061 9.73885,
	4.37568 9.73243,
	4.39506 9.7094,
	4.40032 9.69758,
	4.40293 9.69171,
	4.41584 9.68552,
	4.42275 9.68482,
	4.44822 9.69568,
	4.46093 9.70046,
	4.48512 9.71773,
	4.4912 9.72171,
	4.49759 9.73502,
	4.50044 9.76039,
	4.50177 9.77321,
	4.52171 9.82752,
	4.54583 9.88356,
	4.57952 9.94181,
	4.58956 9.96959,
	4.59022 9.98256,
	4.58967 9.98886,
	4.58114 10,
	4.57689 10.0056,
	4.56278 10.0158,
	4.55241 10.0267,
	4.54297 10.0505,
	4.53831 10.0625,
	4.53413 10.0682,
	"/>
</Transform>

<Transform dim="1"
 xcoef=" -0.02 1 0 0 0 0"
 ycoef=" 0 0 1 0 0 0">
<Contour name="d19sp26" hidden="false" closed="true" simplified="true" border="1 0 0" fill="1 0 0" mode="11"
 points="5.80396 12.0219,
	5.78651 12.0188,
	5.77746 12.0124,
	5.77239 12.0023,
	5.75879 11.9819,
	5.75459 11.9717,
	5.7515 11.9514,
	5.73725 11.9107,
	5.72952 11.8904,
	5.71734 11.8702,
	5.68271 11.8303,
	5.6684 11.8108,
	5.65735 11.7729,
	5.65283 11.736,
	5.65074 11.7269,
	5.65096 11.7224,
	5.64477 11.7043,
	5.64306 11.6953,
	5.62494 11.6596,
	5.61896 11.6419,
	5.61589 11.6243,
	5.61081 11.6068,
	5.60135 11.5892,
	5.59484 11.5716,
	5.59128 11.554,
	5.59466 11.5354,
	5.59583 11.5318,
	5.59622 11.5307,
	5.60896 11.5113,
	5.61192 11.5065,
	5.6351 11.4865,
	5.6474 11.4764,
	5.673 11.4599,
	5.69643 11.4484,
	5.70729 11.4446,
	5.71239 11.4433,
	5.72959 11.4467,
	5.73976 11.4656,
	5.76561 11.4978,
	5.79245 11.5318,
	5.79695 11.5498,
	5.7978 11.586,
	5.80221 11.6041,
	5.80923 11.6222,
	5.83691 11.6575,
	5.85288 11.6748,
	5.85688 11.6795,
	5.86042 11.698,
	5.8583 11.7073,
	5.85671 11.712,
	5.8585 11.7309,
	5.86861 11.75,
	5.87675 11.7694,
	5.88097 11.7792,
	5.87947 11.8187,
	5.87764 11.8388,
	5.87171 11.8799,
	5.87017 11.9218,
	5.86956 11.9428,
	5.86351 11.9631,
	5.85998 11.9728,
	5.84844 11.992,
	5.84153 12.0015,
	5.83334 12.0085,
	5.82933 12.0132,
	5.81253 12.0211,
	"/>
</Transform>

<Transform dim="1"
 xcoef=" -0.02 1 0 0 0 0"
 ycoef=" -0.01 0 1 0 0 0">
<Contour name="d19sp39" hidden="false" closed="true" simplified="true" border="1 0 0" fill="1 0 0" mode="11"
 points="4.37417 12.2955,
	4.3372 12.2837,
	4.32805 12.2807,
	4.32339 12.2804,
	4.30763 12.2421,
	4.28626 12.1658,
	4.28336 12.1468,
	4.28357 12.1445,
	4.28378 12.1421,
	4.30253 12.0686,
	4.34084 12.0366,
	4.35116 12.028,
	4.38985 12.0192,
	4.40925 12.0159,
	4.41901 12.0142,
	4.4563 12.0263,
	4.53109 12.0736,
	4.56635 12.1108,
	4.58302 12.1304,
	4.58495 12.1676,
	4.57369 12.2039,
	4.5668 12.2219,
	4.56337 12.2309,
	4.47682 12.2881,
	4.47154 12.2924,
	4.39333 12.2945,
	"/>
</Transform>

<Transform dim="1"
 xcoef=" 0.01 1 0 0 0 0"
 ycoef=" 0.01 0 1 0 0 0">
<Contour name="d24sp20" hidden="false" closed="true" simplified="true" border="1 0 0" fill="1 0 0" mode="11"
 points="6.74617 7.91989,
	6.73103 7.9179,
	6.72363 7.9167,
	6.72001 7.916,
	6.71672 7.91375,
	6.70087 7.89005,
	6.69376 7.87867,
	6.687 7.85624,
	6.66952 7.81315,
	6.65911 7.7917,
	6.63224 7.74937,
	6.62404 7.73876,
	6.60094 7.6923,
	6.59962 7.68924,
	6.57241 7.67408,
	6.55891 7.66608,
	6.5522 7.66195,
	6.52396 7.65462,
	6.51692 7.65285,
	6.51347 7.6515,
	6.45536 7.65074,
	6.42662 7.64899,
	6.41241 7.64704,
	6.40523 7.64649,
	6.35023 7.62423,
	6.33639 7.61825,
	6.32965 7.61387,
	6.2769 7.5608,
	6.27008 7.55439,
	6.26671 7.55071,
	6.25197 7.52101,
	6.244 7.50601,
	6.23997 7.49848,
	6.23931 7.49566,
	6.23941 7.49472,
	6.24861 7.46449,
	6.25318 7.44923,
	6.25339 7.44733,
	6.25748 7.4454,
	6.28912 7.43925,
	6.31988 7.43943,
	6.33524 7.4389,
	6.34291 7.43861,
	6.37159 7.45186,
	6.37868 7.45536,
	6.40783 7.46146,
	6.42233 7.46438,
	6.45215 7.46404,
	6.46724 7.4627,
	6.49651 7.46563,
	6.51117 7.4669,
	6.5186 7.46702,
	6.5746 7.48943,
	6.60247 7.5056,
	6.60592 7.50792,
	6.66863 7.50954,
	6.70046 7.50979,
	6.73104 7.51749,
	6.74609 7.52282,
	6.77533 7.53825,
	6.78265 7.54199,
	6.81041 7.56437,
	6.82311 7.57588,
	6.84329 7.63029,
	6.85149 7.65749,
	6.85451 7.67105,
	6.86416 7.69815,
	6.86886 7.71168,
	6.86549 7.81274,
	6.86041 7.83565,
	6.85836 7.84692,
	6.85575 7.8525,
	6.83747 7.87499,
	6.83324 7.88094,
	6.83163 7.88391,
	6.79575 7.90558,
	6.79135 7.90797,
	6.75839 7.91694,
	6.75024 7.9189,
	"/>
<Contour name="d24sph20" hidden="false" closed="true" simplified="true" border="1 0 0" fill="1 0 0" mode="11"
 points="6.74617 7.91989,
	6.73103 7.9179,
	6.72363 7.9167,
	6.72001 7.916,
	6.71672 7.91375,
	6.70087 7.89005,
	6.69376 7.87867,
	6.687 7.85624,
	6.66952 7.81315,
	6.65911 7.7917,
	6.63224 7.74937,
	6.62404 7.73876,
	6.60094 7.6923,
	6.59962 7.68924,
	6.57241 7.67408,
	6.55891 7.66608,
	6.5522 7.66195,
	6.52396 7.65462,
	6.51692 7.65285,
	6.51347 7.6515,
	6.45536 7.65074,
	6.42662 7.64899,
	6.41241 7.64704,
	6.40523 7.64649,
	6.35023 7.62423,
	6.33639 7.61825,
	6.32965 7.61387,
	6.2769 7.5608,
	6.27008 7.55439,
	6.26671 7.55071,
	6.25197 7.52101,
	6.244 7.50601,
	6.23997 7.49848,
	6.23931 7.49566,
	6.23941 7.49472,
	6.24861 7.46449,
	6.25318 7.44923,
	6.25339 7.44733,
	6.25748 7.4454,
	6.28912 7.43925,
	6.31988 7.43943,
	6.33524 7.4389,
	6.34291 7.43861,
	6.37159 7.45186,
	6.37868 7.45536,
	6.40783 7.46146,
	6.42233 7.46438,
	6.45215 7.46404,
	6.46724 7.4627,
	6.49651 7.46563,
	6.51117 7.4669,
	6.5186 7.46702,
	6.5746 7.48943,
	6.60247 7.5056,
	6.60592 7.50792,
	6.66863 7.50954,
	6.70046 7.50979,
	6.73104 7.51749,
	6.74609 7.52282,
	6.77533 7.53825,
	6.78265 7.54199,
	6.81041 7.56437,
	6.82311 7.57588,
	6.84329 7.63029,
	6.85149 7.65749,
	6.85451 7.67105,
	6.86416 7.69815,
	6.86886 7.71168,
	6.86549 7.81274,
	6.86041 7.83565,
	6.85836 7.84692,
	6.85575 7.8525,
	6.83747 7.87499,
	6.83324 7.88094,
	6.83163 7.88391,
	6.79575 7.90558,
	6.79135 7.90797,
	6.75839 7.91694,
	6.75024 7.9189,
	"/>
</Transform>

<Transform dim="1"
 xcoef=" 0 1 0 0 0 0"
 ycoef=" -0.02 0 1 0 0 0">
<Contour name="d07sp27" hidden="false" closed="true" simplified="true" border="1 0 0" fill="1 0 0" mode="11"
 points="6.33077 8.4563,
	6.31983 8.45308,
	6.31437 8.45013,
	6.30351 8.44021,
	6.29982 8.41859,
	6.29817 8.37534,
	6.2982 8.37399,
	6.30327 8.33046,
	6.30457 8.30854,
	6.33546 8.22085,
	6.35789 8.17735,
	6.36511 8.1559,
	6.37613 8.13463,
	6.38172 8.1241,
	6.39821 8.10314,
	6.40728 8.09273,
	6.42013 8.0723,
	6.45547 7.99518,
	6.47782 7.95895,
	6.48879 7.92538,
	6.4927 7.9093,
	6.4939 7.84765,
	6.49657 7.8135,
	6.49912 7.79544,
	6.49283 7.75889,
	6.49189 7.74927,
	6.49749 7.70846,
	6.50056 7.6978,
	6.50776 7.68658,
	6.51963 7.67997,
	6.52538 7.67794,
	6.54658 7.68165,
	6.56751 7.68749,
	6.58687 7.70322,
	6.59748 7.72107,
	6.62449 7.75391,
	6.63657 7.76994,
	6.63897 7.77849,
	6.63943 7.79608,
	6.65483 7.82855,
	6.66152 7.84451,
	6.66127 7.85296,
	6.66186 7.85713,
	6.64655 7.89296,
	6.64177 7.91105,
	6.64009 7.92019,
	6.64095 7.9386,
	6.64736 7.95734,
	6.65926 7.97663,
	6.66417 7.99669,
	6.64876 8.07778,
	6.63918 8.11956,
	6.63642 8.13013,
	6.61477 8.17341,
	6.58887 8.21762,
	6.57597 8.23999,
	6.50677 8.3315,
	6.4883 8.35437,
	6.43378 8.39903,
	6.38292 8.43266,
	6.35897 8.44947,
	6.35314 8.45327,
	"/>
</Transform>

<Transform dim="0"
 xcoef=" 0 1 0 0 0 0"
 ycoef=" 0 0 1 0 0 0">
<Contour name="d05sp49" hidden="false" closed="true" simplified="true" border="1 0 0" fill="1 0 0" mode="11"
 points="11.194 9.95305,
	11.2024 9.94185,
	11.208 9.93765,
	11.2303 9.93486,
	11.2751 9.93905,
	11.2975 9.94045,
	11.3423 9.95025,
	11.3871 9.95025,
	11.3983 9.95025,
	11.4431 9.93905,
	11.4879 9.90267,
	11.5088 9.88028,
	11.5214 9.85788,
	11.5312 9.83549,
	11.534 9.8243,
	11.5214 9.77951,
	11.5158 9.75712,
	11.513 9.74593,
	11.5032 9.73473,
	11.4921 9.72773,
	11.4697 9.71933,
	11.4585 9.71234,
	11.4137 9.67595,
	11.4025 9.66615,
	11.3969 9.66196,
	11.3745 9.65776,
	11.3521 9.64936,
	11.3493 9.64376,
	11.3507 9.63257,
	11.3577 9.62137,
	11.3675 9.61017,
	11.3899 9.59758,
	11.4123 9.59198,
	11.4571 9.58778,
	11.4795 9.58638,
	11.5242 9.59618,
	11.5466 9.60038,
	11.5914 9.62417,
	11.6138 9.64096,
	11.6362 9.65076,
	11.6474 9.65776,
	11.6656 9.68015,
	11.6782 9.70254,
	11.688 9.72493,
	11.6894 9.72913,
	11.6894 9.73053,
	11.6936 9.74313,
	11.6936 9.74453,
	11.6992 9.75152,
	11.709 9.77391,
	11.7132 9.79631,
	11.7146 9.8173,
	11.7132 9.82849,
	11.7062 9.85089,
	11.6824 9.89567,
	11.6698 9.91806,
	11.653 9.94045,
	11.6418 9.96285,
	11.6208 9.98524,
	11.6026 10.0076,
	11.5914 10.0174,
	11.5858 10.0216,
	11.541 10.0356,
	11.5186 10.0426,
	11.5158 10.0426,
	11.4935 10.0622,
	11.4487 10.0846,
	11.4263 10.0958,
	11.4039 10.0986,
	11.3815 10.0958,
	11.3367 10.0804,
	11.3143 10.072,
	11.2919 10.0664,
	11.2807 10.0636,
	11.2751 10.0636,
	11.2527 10.0538,
	11.2415 10.044,
	11.2233 10.0216,
	11.2136 10.0104,
	11.201 9.98804,
	11.194 9.96564,
	11.194 9.95445,
	"/>
</Transform>

<Transform dim="1"
 xcoef=" -0.02 1 0 0 0 0"
 ycoef=" -0.04 0 1 0 0 0">
<Contour name="d24c22" hidden="false" closed="true" simplified="true" border="0 0 1" fill="0 0 1" mode="11"
 points="7.65373 5.52328,
	7.63082 5.52125,
	7.58917 5.50229,
	7.57891 5.49731,
	7.57386 5.49458,
	7.53585 5.46576,
	7.51645 5.45394,
	7.49746 5.4414,
	7.48807 5.43499,
	7.47395 5.41843,
	7.47339 5.41068,
	7.4738 5.40689,
	7.47436 5.40504,
	7.47448 5.40458,
	7.47626 5.40096,
	7.47941 5.39753,
	7.4885 5.39104,
	7.50136 5.38652,
	7.51406 5.38304,
	7.52052 5.38114,
	7.54395 5.38106,
	7.56615 5.38502,
	7.56897 5.38541,
	7.58938 5.39458,
	7.60924 5.40548,
	7.61889 5.41179,
	7.62823 5.41898,
	7.66391 5.45117,
	7.67909 5.468,
	7.68458 5.47629,
	7.68696 5.48043,
	7.68893 5.48858,
	7.68736 5.49657,
	7.68622 5.50058,
	7.68183 5.5085,
	7.67929 5.51247,
	7.66652 5.51924,
	"/>
<Contour name="d24cfa22" hidden="false" closed="false" simplified="true" border="0 0 1" fill="0 0 1" mode="11"
 points="7.48223 5.39942,
	7.48877 5.40106,
	7.49971 5.40465,
	7.51329 5.40908,
	7.53037 5.4164,
	7.55155 5.42724,
	7.57285 5.44063,
	7.59063 5.45175,
	7.60707 5.46519,
	7.62091 5.4779,
	7.63738 5.49202,
	7.65005 5.50681,
	7.65552 5.51897,
	"/>
<Contour name="d24sp22" hidden="false" closed="true" simplified="true" border="1 0 0" fill="1 0 0" mode="11"
 points="7.59582 5.66876,
	7.5366 5.66034,
	7.53477 5.66011,
	7.50744 5.64609,
	7.50062 5.64301,
	7.47432 5.6269,
	7.46134 5.61898,
	7.45813 5.61683,
	7.43409 5.59494,
	7.42619 5.5826,
	7.42163 5.57647,
	7.39962 5.55215,
	7.39673 5.54915,
	7.38569 5.52571,
	7.38497 5.52281,
	7.3861 5.50009,
	7.38823 5.47779,
	7.38847 5.47676,
	7.38853 5.47642,
	7.39862 5.4549,
	7.40203 5.44967,
	7.4186 5.42929,
	7.44004 5.41013,
	7.44343 5.40786,
	7.45939 5.39919,
	7.46366 5.3974,
	7.47952 5.39491,
	7.48746 5.39389,
	7.51698 5.39776,
	7.52063 5.39849,
	7.54703 5.41293,
	7.56035 5.42012,
	7.58616 5.4376,
	7.59944 5.44552,
	7.6061 5.44948,
	7.63144 5.46962,
	7.64322 5.48125,
	7.65405 5.49282,
	7.6635 5.50434,
	7.66455 5.50577,
	7.66682 5.51681,
	7.66774 5.52237,
	7.66843 5.52519,
	7.67461 5.53683,
	7.68516 5.56044,
	7.68953 5.57242,
	7.69251 5.58449,
	7.69312 5.58603,
	7.69111 5.61029,
	7.69076 5.61648,
	7.68393 5.62856,
	7.6803 5.63463,
	7.67826 5.63766,
	7.6611 5.64897,
	7.65232 5.65456,
	7.64802 5.65693,
	7.63151 5.66277,
	7.62326 5.66584,
	7.61916 5.66737,
	7.61517 5.66808,
	7.59971 5.66847,
	"/>
<Contour name="d24sph22" hidden="false" closed="true" simplified="true" border="1 0 0" fill="1 0 0" mode="11"
 points="7.59582 5.66876,
	7.5366 5.66034,
	7.53477 5.66011,
	7.50744 5.64609,
	7.50062 5.64301,
	7.47432 5.6269,
	7.46134 5.61898,
	7.45813 5.61683,
	7.43409 5.59494,
	7.42619 5.5826,
	7.42163 5.57647,
	7.39962 5.55215,
	7.39673 5.54915,
	7.38569 5.52571,
	7.38497 5.52281,
	7.3861 5.50009,
	7.38823 5.47779,
	7.38847 5.47676,
	7.38853 5.47642,
	7.39862 5.4549,
	7.40203 5.44967,
	7.4186 5.42929,
	7.44004 5.41013,
	7.44343 5.40786,
	7.45939 5.39919,
	7.46366 5.3974,
	7.47952 5.39491,
	7.48746 5.39389,
	7.51698 5.39776,
	7.52063 5.39849,
	7.54703 5.41293,
	7.56035 5.42012,
	7.58616 5.4376,
	7.59944 5.44552,
	7.6061 5.44948,
	7.63144 5.46962,
	7.64322 5.48125,
	7.65405 5.49282,
	7.6635 5.50434,
	7.66455 5.50577,
	7.66682 5.51681,
	7.66774 5.52237,
	7.66843 5.52519,
	7.67461 5.53683,
	7.68516 5.56044,
	7.68953 5.57242,
	7.69251 5.58449,
	7.69312 5.58603,
	7.69111 5.61029,
	7.69076 5.61648,
	7.68393 5.62856,
	7.6803 5.63463,
	7.67826 5.63766,
	7.6611 5.64897,
	7.65232 5.65456,
	7.64802 5.65693,
	7.63151 5.66277,
	7.62326 5.66584,
	7.61916 5.66737,
	7.61517 5.66808,
	7.59971 5.66847,
	"/>
</Transform>

<Transform dim="1"
 xcoef=" 0 1 0 0 0 0"
 ycoef=" 0.01 0 1 0 0 0">
<Contour name="d24sp24" hidden="false" closed="true" simplified="true" border="1 0 0" fill="1 0 0" mode="11"
 points="6.95669 6.8985,
	6.93547 6.88156,
	6.92504 6.87187,
	6.9096 6.84971,
	6.89555 6.82769,
	6.872 6.783,
	6.85776 6.76103,
	6.84572 6.73873,
	6.84273 6.73316,
	6.82262 6.71547,
	6.78135 6.69849,
	6.76079 6.68994,
	6.75054 6.68537,
	6.73254 6.66556,
	6.72567 6.65528,
	6.71755 6.63357,
	6.71656 6.63087,
	6.71674 6.62935,
	6.71682 6.62859,
	6.72367 6.60321,
	6.72469 6.59995,
	6.72488 6.59841,
	6.74372 6.56906,
	6.74663 6.56592,
	6.76848 6.55401,
	6.77944 6.5476,
	6.80073 6.54053,
	6.8218 6.53533,
	6.82691 6.53551,
	6.84636 6.54705,
	6.85613 6.55257,
	6.8759 6.56139,
	6.88086 6.56343,
	6.90007 6.57996,
	6.90965 6.58914,
	6.9368 6.63537,
	6.94391 6.64695,
	6.9638 6.66585,
	6.96883 6.6706,
	6.97556 6.68237,
	6.9858 6.69107,
	7.00581 6.71274,
	7.0157 6.72405,
	7.01767 6.72695,
	7.02423 6.7515,
	7.02761 6.76367,
	7.03881 6.78723,
	7.04387 6.79904,
	7.04607 6.80496,
	7.04753 6.80787,
	7.042 6.83328,
	7.02428 6.86088,
	7.01902 6.86799,
	6.99532 6.88791,
	6.9894 6.89265,
	6.96656 6.89724,
	6.96092 6.89797,
	6.9581 6.89833,
	"/>
</Transform>

<Transform dim="1"
 xcoef=" 0 1 0 0 0 0"
 ycoef=" 0.01 0 1 0 0 0">
<Contour name="d24c26" hidden="false" closed="true" simplified="true" border="0 0 1" fill="0 0 1" mode="11"
 points="6.88731 8.45765,
	6.86278 8.45242,
	6.83891 8.43521,
	6.8157 8.41127,
	6.80423 8.39944,
	6.78766 8.37062,
	6.77996 8.35662,
	6.77692 8.34981,
	6.77468 8.3367,
	6.77396 8.33023,
	6.77405 8.32945,
	6.78167 8.3047,
	6.78467 8.29863,
	6.78654 8.29562,
	6.79914 8.28397,
	6.80246 8.28108,
	6.80845 8.28075,
	6.83188 8.28435,
	6.83754 8.2873,
	6.85977 8.30444,
	6.87106 8.31247,
	6.87673 8.31654,
	6.89872 8.34314,
	6.92101 8.37164,
	6.93521 8.40048,
	6.93441 8.41389,
	6.92984 8.42686,
	6.923 8.4395,
	6.91883 8.4457,
	6.90618 8.45175,
	6.8936 8.45599,
	"/>
</Transform>

<Transform dim="1"
 xcoef=" 0 1 0 0 0 0"
 ycoef=" 0.01 0 1 0 0 0">
<Contour name="d24cfa26" hidden="false" closed="false" simplified="true" border="0 0 1" fill="0 0 1" mode="11"
 points="6.79082 8.29351,
	6.81731 8.31756,
	6.83779 8.33904,
	6.85666 8.35765,
	6.8715 8.38282,
	6.88227 8.40488,
	6.89333 8.42506,
	6.90961 8.45141,
	"/>
</Transform>

<Transform dim="1"
 xcoef=" -0.05 1 0 0 0 0"
 ycoef=" 0.01 0 1 0 0 0">
<Contour name="d07sp33" hidden="false" closed="true" simplified="true" border="1 0 0" fill="1 0 0" mode="11"
 points="8.71311 7.60442,
	8.69917 7.60391,
	8.68548 7.60092,
	8.68209 7.59998,
	8.66898 7.59189,
	8.6562 7.58123,
	8.64991 7.57503,
	8.62636 7.54513,
	8.62158 7.52886,
	8.62303 7.51378,
	8.62319 7.51285,
	8.62334 7.51192,
	8.6293 7.49771,
	8.64055 7.48464,
	8.64293 7.48128,
	8.65845 7.47432,
	8.67316 7.47133,
	8.68037 7.4704,
	8.70739 7.47563,
	8.7197 7.48462,
	8.72526 7.49246,
	8.7279 7.49732,
	8.73119 7.51421,
	8.73593 7.54672,
	8.74072 7.5634,
	8.7432 7.57165,
	8.73981 7.58536,
	8.73645 7.59163,
	8.73143 7.59734,
	8.7168 7.60283,
	"/>
</Transform>

<Transform dim="1"
 xcoef=" -0.04 1 0 0 0 0"
 ycoef=" 0 0 1 0 0 0">
<Contour name="d24sp27" hidden="false" closed="true" simplified="true" border="1 0 0" fill="1 0 0" mode="11"
 points="8.64628 7.40925,
	8.61644 7.40826,
	8.58709 7.40242,
	8.57202 7.40028,
	8.56442 7.39927,
	8.55085 7.38971,
	8.54403 7.38498,
	8.54062 7.38262,
	8.51875 7.34877,
	8.50301 7.31566,
	8.48285 7.28202,
	8.48043 7.25033,
	8.47934 7.24334,
	8.47959 7.2424,
	8.49799 7.22919,
	8.50764 7.22271,
	8.51004 7.2211,
	8.57227 7.2264,
	8.58763 7.22844,
	8.61682 7.2381,
	8.63106 7.24393,
	8.63789 7.2478,
	8.66285 7.271,
	8.66603 7.27349,
	8.68642 7.30693,
	8.6955 7.32504,
	8.69708 7.32949,
	8.69322 7.36136,
	8.68492 7.37571,
	8.67503 7.3896,
	8.65822 7.40186,
	8.65026 7.40812,
	"/>
</Transform>

<Transform dim="0"
 xcoef=" 0 1 0 0 0 0"
 ycoef=" 0 0 1 0 0 0">
<Contour name="d24sp25" hidden="false" closed="true" simplified="true" border="1 0 0" fill="1 0 0" mode="11"
 points="8.0227 7.83452,
	8.02873 7.82487,
	8.03838 7.81884,
	8.04803 7.81643,
	8.08663 7.81764,
	8.10593 7.82487,
	8.11558 7.82849,
	8.11799 7.83091,
	8.15659 7.84417,
	8.17589 7.85141,
	8.19519 7.86227,
	8.20484 7.8683,
	8.22173 7.88519,
	8.23741 7.90449,
	8.24103 7.91414,
	8.23741 7.93344,
	8.23138 7.94309,
	8.22293 7.95153,
	8.21328 7.95756,
	8.17468 7.95756,
	8.15538 7.95635,
	8.13608 7.95032,
	8.11678 7.93947,
	8.11317 7.93464,
	8.10352 7.89604,
	8.0999 7.88639,
	8.09145 7.87795,
	8.0818 7.87192,
	8.07215 7.86951,
	8.06974 7.8683,
	8.06854 7.86951,
	8.06974 7.87071,
	8.06733 7.87192,
	8.04803 7.86468,
	8.02873 7.85262,
	8.0239 7.84779,
	8.0227 7.83814,
	8.0227 7.83573,
	"/>
</Transform>

<Transform dim="0"
 xcoef=" 0 1 0 0 0 0"
 ycoef=" 0 0 1 0 0 0">
<Contour name="d24sp26" hidden="false" closed="true" simplified="true" border="1 0 0" fill="1 0 0" mode="11"
 points="7.00985 8.47668,
	6.96612 8.47531,
	6.94425 8.47395,
	6.93332 8.46985,
	6.91145 8.44798,
	6.88138 8.40425,
	6.85678 8.36051,
	6.84858 8.34958,
	6.80622 8.30585,
	6.79528 8.29491,
	6.78982 8.28945,
	6.76795 8.27441,
	6.75702 8.26758,
	6.75292 8.26211,
	6.75018 8.25118,
	6.74745 8.24571,
	6.75018 8.24025,
	6.75975 8.22931,
	6.76658 8.21838,
	6.77205 8.21291,
	6.77478 8.20745,
	6.81715 8.16371,
	6.83628 8.11998,
	6.86635 8.07625,
	6.87592 8.06531,
	6.88685 8.04345,
	6.89232 8.02158,
	6.90325 7.99971,
	6.90872 7.99561,
	6.93058 7.99288,
	6.97432 7.99698,
	6.99618 7.99835,
	7.00165 7.99835,
	7.00438 7.99698,
	7.01258 7.99971,
	7.02352 8.00518,
	7.02898 8.00791,
	7.03582 8.01885,
	7.03855 8.02978,
	7.03445 8.05165,
	7.03172 8.06258,
	7.03172 8.08445,
	7.04265 8.12818,
	7.04675 8.13911,
	7.06725 8.15961,
	7.10962 8.19651,
	7.11508 8.20198,
	7.12192 8.21291,
	7.12465 8.22248,
	7.12192 8.25255,
	7.12465 8.25801,
	7.11782 8.26895,
	7.11645 8.27988,
	7.12465 8.29081,
	7.13558 8.29491,
	7.14515 8.29628,
	7.15062 8.30038,
	7.15198 8.31131,
	7.15062 8.33318,
	7.14925 8.34411,
	7.14925 8.34958,
	7.12738 8.39331,
	7.11645 8.41518,
	7.10005 8.43705,
	7.08912 8.44661,
	7.08365 8.45208,
	7.06178 8.46165,
	7.01805 8.47395,
	7.01258 8.47531,
	7.01122 8.47668,
	"/>
</Transform>

<Transform dim="0"
 xcoef=" 0 1 0 0 0 0"
 ycoef=" 0 0 1 0 0 0">
<Contour name="d19sp23" hidden="false" closed="true" simplified="true" border="1 0 0" fill="1 0 0" mode="11"
 points="4.53754 10.1756,
	4.54937 10.1335,
	4.55857 10.1125,
	4.57172 10.0704,
	4.57567 10.0599,
	4.58224 10.0494,
	4.60196 10.0283,
	4.61248 10.0204,
	4.61774 10.0165,
	4.62037 10.0139,
	4.62169 10.0034,
	4.62037 9.99283,
	4.61511 9.98232,
	4.60459 9.97443,
	4.5967 9.96391,
	4.58618 9.94287,
	4.58487 9.94024,
	4.58881 9.92972,
	4.59407 9.92446,
	4.60459 9.9192,
	4.62563 9.91526,
	4.62957 9.91,
	4.62826 9.90737,
	4.63615 9.89685,
	4.65719 9.88633,
	4.66771 9.88107,
	4.68874 9.87844,
	4.69926 9.87581,
	4.74134 9.87713,
	4.78341 9.88239,
	4.80445 9.88502,
	4.81497 9.88633,
	4.89912 9.91789,
	4.94119 9.9363,
	5.02534 9.98232,
	5.06742 10.0099,
	5.07794 10.0165,
	5.12001 10.0573,
	5.16209 10.0888,
	5.20416 10.1164,
	5.2252 10.1309,
	5.24624 10.1506,
	5.26333 10.1717,
	5.26859 10.1822,
	5.27122 10.1874,
	5.3133 10.2177,
	5.32381 10.2242,
	5.34485 10.244,
	5.36589 10.2571,
	5.36852 10.2676,
	5.3672 10.2782,
	5.37246 10.2992,
	5.38035 10.3202,
	5.39087 10.3413,
	5.42111 10.3833,
	5.46319 10.4188,
	5.48423 10.4359,
	5.5263 10.4635,
	5.56838 10.4846,
	5.58941 10.503,
	5.59467 10.5069,
	5.61571 10.5109,
	5.63675 10.5122,
	5.65778 10.5214,
	5.6683 10.5293,
	5.67356 10.5319,
	5.67882 10.5372,
	5.68014 10.5398,
	5.67751 10.5438,
	5.65647 10.5477,
	5.64595 10.5516,
	5.62491 10.5661,
	5.58284 10.5871,
	5.5618 10.5977,
	5.55128 10.6042,
	5.54602 10.6095,
	5.46187 10.6542,
	5.45661 10.6555,
	5.41454 10.6805,
	5.3935 10.691,
	5.37246 10.7042,
	5.36194 10.7121,
	5.35669 10.7147,
	5.35143 10.7121,
	5.33039 10.7239,
	5.30935 10.7384,
	5.28831 10.7476,
	5.26728 10.7541,
	5.24624 10.7633,
	5.23572 10.766,
	5.23046 10.7699,
	5.22783 10.7699,
	5.22257 10.7739,
	5.21205 10.7765,
	5.21074 10.7712,
	5.21731 10.7502,
	5.2252 10.7081,
	5.22914 10.666,
	5.22783 10.645,
	5.21994 10.624,
	5.20942 10.6029,
	5.20153 10.5819,
	5.19101 10.5608,
	5.17787 10.5398,
	5.17261 10.5293,
	5.16209 10.5188,
	5.12001 10.4925,
	5.09898 10.482,
	5.01482 10.4517,
	4.99379 10.4438,
	4.98327 10.4412,
	4.97275 10.4359,
	4.93067 10.4044,
	4.90964 10.3873,
	4.89386 10.3663,
	4.88597 10.3557,
	4.86493 10.3386,
	4.84389 10.3242,
	4.75974 10.2834,
	4.73871 10.2742,
	4.71767 10.2676,
	4.69663 10.2637,
	4.68611 10.2624,
	4.64404 10.2505,
	4.60196 10.2361,
	4.58093 10.2282,
	4.55989 10.2164,
	4.54937 10.2072,
	4.5428 10.1966,
	4.53885 10.1861,
	4.53754 10.1769,
	"/>
</Transform>

<Transform dim="0"
 xcoef=" 0 1 0 0 0 0"
 ycoef=" 0 0 1 0 0 0">
<Contour name="dch_na_d05c49" hidden="false" closed="true" simplified="true" border="0 0 1" fill="0 0 1" mode="11"
 points="11.4214 9.93929,
	11.425 9.93576,
	11.4391 9.92825,
	11.4462 9.92472,
	11.4603 9.91545,
	11.4674 9.91059,
	11.4744 9.90485,
	11.4886 9.89205,
	11.4952 9.88543,
	11.4983 9.88189,
	11.5062 9.86776,
	11.5102 9.8607,
	11.5115 9.85893,
	11.515 9.85717,
	11.5168 9.85673,
	11.5177 9.85629,
	11.5248 9.85805,
	11.5283 9.85982,
	11.5415 9.87395,
	11.5446 9.87748,
	11.5464 9.87924,
	11.5318 9.9075,
	11.4753 9.94768,
	11.4612 9.95783,
	11.447 9.96181,
	11.44 9.96357,
	11.4365 9.9649,
	11.4281 9.95121,
	11.4241 9.94415,
	11.4223 9.94061,
	11.4219 9.93973,
	"/>
</Transform>

<Transform dim="0"
 xcoef=" 0 1 0 0 0 0"
 ycoef=" 0 0 1 0 0 0">
<Contour name="dch_d19c24b" hidden="false" closed="true" simplified="true" border="0 0 1" fill="0 0 1" mode="11"
 points="6.54741 10.7348,
	6.55207 10.7233,
	6.55601 10.7176,
	6.5578 10.7147,
	6.57715 10.6918,
	6.58252 10.686,
	6.59148 10.6746,
	6.59972 10.6631,
	6.6094 10.6516,
	6.61226 10.6498,
	6.62337 10.6384,
	6.63483 10.6287,
	6.64057 10.6248,
	6.6463 10.6197,
	6.65203 10.6165,
	6.65776 10.6126,
	6.6635 10.6079,
	6.66636 10.6054,
	6.6678 10.604,
	6.67926 10.5979,
	6.70219 10.5868,
	6.71366 10.5803,
	6.72512 10.575,
	6.73086 10.5728,
	6.73372 10.5717,
	6.73516 10.571,
	6.73838 10.5764,
	6.74375 10.5879,
	6.74519 10.5936,
	6.7459 10.6051,
	6.7459 10.6165,
	6.74017 10.6395,
	6.73874 10.6452,
	6.73695 10.6567,
	6.73587 10.6624,
	6.73265 10.6738,
	6.72871 10.6853,
	6.71509 10.7082,
	6.70434 10.7197,
	6.69897 10.7254,
	6.6875 10.7348,
	6.68177 10.7394,
	6.68034 10.7408,
	6.6746 10.7437,
	6.66314 10.7484,
	6.65741 10.7509,
	6.63448 10.758,
	6.61154 10.7613,
	6.60581 10.762,
	6.58288 10.7609,
	6.58002 10.7606,
	6.56855 10.7559,
	6.56282 10.7527,
	6.55135 10.7448,
	6.54849 10.7426,
	6.54741 10.7412,
	6.54741 10.7355,
	6.54741 10.7351,
	"/>
</Transform>

<Transform dim="1"
 xcoef=" -0.02 1 0 0 0 0"
 ycoef=" -0.04 0 1 0 0 0">
<Contour name="dch_d24c22" hidden="false" closed="true" simplified="true" border="0 0 1" fill="0 0 1" mode="11"
 points="7.47938 5.40819,
	7.48059 5.40043,
	7.48326 5.39266,
	7.48399 5.39072,
	7.48642 5.38684,
	7.49248 5.37908,
	7.49636 5.37593,
	7.4983 5.37447,
	7.49927 5.37374,
	7.5148 5.36938,
	7.53032 5.36768,
	7.53809 5.36695,
	7.54003 5.36671,
	7.57108 5.36986,
	7.57496 5.3701,
	7.5769 5.37035,
	7.60795 5.38126,
	7.60989 5.38199,
	7.61377 5.38442,
	7.6293 5.39558,
	7.63706 5.40116,
	7.65259 5.41644,
	7.65647 5.42032,
	7.65744 5.42129,
	7.66714 5.43682,
	7.67175 5.44458,
	7.67563 5.4601,
	7.67757 5.46787,
	7.67806 5.46981,
	7.67757 5.48533,
	7.67757 5.48921,
	7.67587 5.49698,
	7.6749 5.50086,
	7.67418 5.5028,
	7.67151 5.50668,
	7.66835 5.51032,
	7.65283 5.52075,
	7.6373 5.52148,
	7.63342 5.52148,
	7.63148 5.52148,
	7.63051 5.52148,
	7.59946 5.50716,
	7.5917 5.50377,
	7.57617 5.49601,
	7.57423 5.49504,
	7.54318 5.4715,
	7.53542 5.46568,
	7.51989 5.45622,
	7.51601 5.45404,
	7.50049 5.44361,
	7.4966 5.44094,
	7.48884 5.43439,
	7.48787 5.43342,
	7.48399 5.42566,
	7.47962 5.41013,
	7.47938 5.40843,
	"/>
</Transform>

<Transform dim="1"
 xcoef=" 0.01 1 0 0 0 0"
 ycoef=" 0.03 0 1 0 0 0">
<Contour name="dch_d24c26" hidden="false" closed="true" simplified="true" border="0 0 1" fill="0 0 1" mode="11"
 points="6.89731 8.47765,
	6.87278 8.47242,
	6.84891 8.45521,
	6.8257 8.43127,
	6.81423 8.41944,
	6.79766 8.39062,
	6.78996 8.37662,
	6.78692 8.36981,
	6.78468 8.3567,
	6.78396 8.35023,
	6.78405 8.34945,
	6.79167 8.3247,
	6.79467 8.31863,
	6.79654 8.31562,
	6.80914 8.30397,
	6.81246 8.30108,
	6.81845 8.30075,
	6.84188 8.30435,
	6.84754 8.3073,
	6.86977 8.32444,
	6.88106 8.33247,
	6.88673 8.33654,
	6.90872 8.36314,
	6.93101 8.39164,
	6.94521 8.42048,
	6.94441 8.43389,
	6.93984 8.44686,
	6.933 8.4595,
	6.92883 8.4657,
	6.91618 8.47175,
	6.9036 8.47599,
	"/>
</Transform>

<Transform dim="0"
 xcoef=" 0 1 0 0 0 0"
 ycoef=" 0 0 1 0 0 0">
<Image mag="0.0022379" contrast="1.144" brightness="-0.15" red="true" green="true" blue="true"
 src="121____z120.0.tif" />
<Contour name="d05c15" hidden="false" closed="true" simplified="false" border="0 0 1" fill="0 0 1" mode="11"
 points="0 0,
	9356 0,
	9356 6733,
	0 6733,
	"/>
</Transform>

<Transform dim="0"
 xcoef=" 0 1 0 0 0 0"
 ycoef=" 0 0 1 0 0 0">
<Image mag="0.0022379" contrast="1.144" brightness="-0.15" red="true" green="true" blue="true"
 src="122____z121.0.tif" />
<Contour name="d05c15" hidden="false" closed="true" simplified="false" border="0 0 1" fill="0 0 1" mode="11"
 points="0 0,
	9356 0,
	9356 6733,
	0 6733,
	"/>
</Transform>

<Transform dim="0"
 xcoef=" 0 1 0 0 0 0"
 ycoef=" 0 0 1 0 0 0">
<Contour name="d05" comment="dch_traced_06.2019" hidden="false" closed="true" simplified="true" border="1 1 0" fill="1 1 0" mode="11"
 points="10.6922 10.9927,
	10.7041 10.9716,
	10.7081 10.9664,
	10.7133 10.9452,
	10.7252 10.9241,
	10.7331 10.9136,
	10.7437 10.903,
	10.7542 10.8951,
	10.7595 10.8912,
	10.7622 10.8898,
	10.7674 10.8912,
	10.7886 10.8793,
	10.8097 10.8648,
	10.8308 10.8476,
	10.8519 10.8265,
	10.8598 10.8159,
	10.8611 10.8133,
	10.8664 10.8107,
	10.877 10.8107,
	10.8822 10.8107,
	10.8928 10.8146,
	10.902 10.8212,
	10.9086 10.8318,
	10.9113 10.8371,
	10.9139 10.8397,
	10.9245 10.841,
	10.935 10.8331,
	10.9588 10.7909,
	10.9759 10.7487,
	10.9825 10.7381,
	10.9865 10.7328,
	10.9878 10.7315,
	10.9931 10.7275,
	11.0142 10.7236,
	11.0353 10.7223,
	11.0775 10.713,
	11.0986 10.7091,
	11.1408 10.6932,
	11.162 10.6827,
	11.1725 10.6774,
	11.1936 10.6616,
	11.2147 10.6497,
	11.2992 10.6114,
	11.3203 10.6035,
	11.3625 10.5982,
	11.3836 10.5943,
	11.3942 10.589,
	11.3994 10.5864,
	11.4206 10.5837,
	11.4628 10.5824,
	11.505 10.5864,
	11.5103 10.5864,
	11.5156 10.589,
	11.5261 10.5903,
	11.5472 10.5982,
	11.5683 10.6088,
	11.5894 10.6233,
	11.6106 10.6431,
	11.6251 10.6642,
	11.6369 10.6853,
	11.6449 10.6959,
	11.6871 10.7355,
	11.7042 10.7566,
	11.7108 10.7671,
	11.7201 10.7777,
	11.7227 10.783,
	11.757 10.8239,
	11.7715 10.845,
	11.7834 10.8661,
	11.79 10.8766,
	11.7966 10.8977,
	11.7979 10.9189,
	11.7953 10.9611,
	11.7913 10.9822,
	11.7715 11.0244,
	11.7478 11.0666,
	11.7399 11.0772,
	11.7346 11.0877,
	11.7148 11.1089,
	11.6739 11.1445,
	11.6317 11.1735,
	11.6106 11.192,
	11.5683 11.2329,
	11.5578 11.2395,
	11.5525 11.2421,
	11.5419 11.2514,
	11.4997 11.2764,
	11.4892 11.2804,
	11.4681 11.2923,
	11.4575 11.2962,
	11.4153 11.3213,
	11.4047 11.3252,
	11.3942 11.3318,
	11.3889 11.3332,
	11.3467 11.3582,
	11.3045 11.3648,
	11.2833 11.3648,
	11.2622 11.3622,
	11.22 11.3622,
	11.1989 11.3622,
	11.1567 11.3582,
	11.1356 11.3556,
	11.1145 11.349,
	11.0933 11.3371,
	11.0828 11.3292,
	11.067 11.3081,
	11.0551 11.287,
	11.0498 11.2764,
	11.0392 11.2672,
	11.0287 11.2606,
	11.0234 11.2566,
	11.0129 11.2527,
	10.9917 11.2487,
	10.9812 11.2448,
	10.9601 11.2302,
	10.9179 11.192,
	10.8756 11.1511,
	10.8545 11.1313,
	10.8334 11.1141,
	10.8229 11.1049,
	10.7806 11.0838,
	10.7595 11.0772,
	10.7384 11.068,
	10.7279 11.0627,
	10.7067 11.0455,
	10.6988 11.035,
	10.6949 11.0244,
	10.6922 11.0033,
	10.6922 10.9941,
	"/>
</Transform>

</Section>