<?xml version="1.0"?>
<!DOCTYPE Section SYSTEM "section.dtd">

<Section index="104" thickness="0.045794" alignLocked="true">
<Transform dim="0"
 xcoef=" 0 1 0 0 0 0"
 ycoef=" 0 0 1 0 0 0">
<Image mag="0.0022379" contrast="1.144" brightness="-0.15" red="true" green="true" blue="true"
 src="105____z104.0.tif" />
<Contour name="domain1" hidden="false" closed="true" simplified="false" border="1 0 1" fill="1 0 1" mode="11"
 points="0 0,
	9357 0,
	9357 6734,
	0 6734,
	"/>
</Transform>

<Transform dim="0"
 xcoef=" 0 1 0 0 0 0"
 ycoef=" 0 0 1 0 0 0">
<Contour name="d04" hidden="false" closed="true" simplified="true" border="0 0 0" fill="0 0 0" mode="11"
 points="8.38318 11.5533,
	8.36213 11.5516,
	8.35149 11.551,
	8.3426 11.5264,
	8.33557 11.5003,
	8.33205 11.4466,
	8.3306 11.4194,
	8.32425 11.3651,
	8.32154 11.3125,
	8.32064 11.2997,
	8.32013 11.2933,
	8.31393 11.2678,
	8.31264 11.2615,
	8.31126 11.1689,
	8.31146 11.082,
	8.30922 11.0605,
	8.30903 11.039,
	8.30691 11.0282,
	8.30068 11.0065,
	8.29316 10.9848,
	8.28369 10.9737,
	8.27864 10.9681,
	8.27611 10.9653,
	8.27485 10.9639,
	8.23225 10.9541,
	8.22694 10.9525,
	8.20517 10.9538,
	8.18393 10.946,
	8.17334 10.9414,
	8.15195 10.9342,
	8.14657 10.9325,
	8.12457 10.9329,
	8.10259 10.9318,
	8.09164 10.9305,
	8.08076 10.9277,
	8.07531 10.9267,
	8.0541 10.9132,
	8.04347 10.9067,
	8.0327 10.9023,
	8.0273 10.9005,
	7.98493 10.8732,
	7.96387 10.8584,
	7.94279 10.8448,
	7.93227 10.838,
	7.9118 10.8144,
	7.89344 10.7896,
	7.87303 10.7659,
	7.86795 10.7597,
	7.86521 10.7152,
	7.86569 10.6935,
	7.86597 10.6882,
	7.86601 10.6875,
	7.87717 10.6673,
	7.87946 10.6622,
	7.88095 10.6597,
	7.88199 10.6382,
	7.88248 10.6274,
	7.88884 10.6066,
	7.89044 10.6013,
	7.91405 10.5605,
	7.97197 10.4776,
	7.97861 10.4669,
	7.98667 10.4564,
	8.02811 10.4143,
	8.06648 10.3711,
	8.0765 10.3602,
	8.09981 10.315,
	8.10532 10.3036,
	8.11648 10.2574,
	8.11972 10.2459,
	8.12501 10.1997,
	8.12675 10.1768,
	8.12735 10.1653,
	8.13733 10.1202,
	8.1428 10.0977,
	8.14442 10.0921,
	8.16774 10.076,
	8.19026 10.0771,
	8.27827 10.0868,
	8.32341 10.0866,
	8.36942 10.0833,
	8.39254 10.0847,
	8.40416 10.0854,
	8.45115 10.0835,
	8.46296 10.0826,
	8.4689 10.0821,
	8.47183 10.0823,
	8.51982 10.0665,
	8.5318 10.0625,
	8.54356 10.062,
	8.54942 10.0621,
	8.57235 10.069,
	8.61747 10.0865,
	8.62858 10.0917,
	8.67226 10.1255,
	8.71568 10.1694,
	8.73757 10.1898,
	8.74856 10.1996,
	8.7706 10.2237,
	8.77817 10.2481,
	8.77956 10.2542,
	8.77875 10.2788,
	8.77797 10.291,
	8.77792 10.2971,
	8.76511 10.3457,
	8.75427 10.3933,
	8.75206 10.4396,
	8.75495 10.4848,
	8.77591 10.533,
	8.78356 10.5565,
	8.78601 10.5624,
	8.78471 10.5851,
	8.78186 10.6076,
	8.77599 10.6298,
	8.77267 10.6408,
	8.74632 10.6836,
	8.72958 10.7045,
	8.72123 10.7149,
	8.71704 10.7201,
	8.71531 10.7227,
	8.66654 10.763,
	8.61705 10.7951,
	8.60539 10.7999,
	8.55995 10.8141,
	8.53731 10.8221,
	8.52587 10.8269,
	8.52018 10.8293,
	8.484 10.8694,
	8.47896 10.8744,
	8.46561 10.8951,
	8.45831 10.9054,
	8.45532 10.9105,
	8.43872 10.9311,
	8.43075 10.9415,
	8.42146 10.9511,
	8.39913 10.9643,
	8.38793 10.9712,
	8.37732 10.9795,
	8.35722 11.0002,
	8.35505 11.0028,
	8.35322 11.0241,
	8.35293 11.0294,
	8.36129 11.0509,
	8.36412 11.0617,
	8.36776 11.0831,
	8.37274 11.1266,
	8.37373 11.1495,
	8.37724 11.1729,
	8.37896 11.1846,
	8.3798 11.1905,
	8.39516 11.2391,
	8.40306 11.264,
	8.40623 11.2764,
	8.4081 11.2827,
	8.42361 11.3092,
	8.4406 11.3356,
	8.44269 11.339,
	8.44839 11.3653,
	8.44929 11.3718,
	8.46033 11.3991,
	8.46307 11.406,
	8.46381 11.4093,
	8.45889 11.4606,
	8.4576 11.4861,
	8.45705 11.4988,
	8.44479 11.5228,
	8.44208 11.5288,
	8.44042 11.5318,
	8.4174 11.5513,
	8.41465 11.5527,
	8.39378 11.5527,
	"/>
</Transform>

<Transform dim="0"
 xcoef=" 0 1 0 0 0 0"
 ycoef=" 0 0 1 0 0 0">
<Contour name="d04" hidden="false" closed="true" simplified="true" border="0 0 0" fill="0 0 0" mode="11"
 points="9.23409 10.3741,
	9.21048 10.3682,
	9.19865 10.3649,
	9.17514 10.347,
	9.16329 10.3373,
	9.15733 10.3328,
	9.13337 10.3051,
	9.12731 10.2981,
	9.10293 10.2845,
	9.09069 10.2777,
	9.04145 10.2439,
	8.99214 10.217,
	8.96766 10.2022,
	8.95551 10.1949,
	8.94945 10.1905,
	8.93716 10.164,
	8.93412 10.1575,
	8.93407 10.1511,
	8.93406 10.1495,
	8.93405 10.1487,
	8.93701 10.1004,
	8.94222 10.0767,
	8.94423 10.065,
	8.94846 10.0533,
	8.96663 10.0301,
	8.97545 10.0186,
	8.99618 9.99556,
	9.02158 9.97262,
	9.02779 9.96902,
	9.0301 9.96838,
	9.03137 9.96727,
	9.03767 9.96372,
	9.08804 9.95029,
	9.10082 9.94671,
	9.15337 9.92578,
	9.20542 9.9171,
	9.30634 9.90371,
	9.352 9.89751,
	9.37384 9.90252,
	9.37934 9.90318,
	9.38207 9.90389,
	9.40354 9.92209,
	9.40892 9.92716,
	9.42701 9.9505,
	9.44802 9.97371,
	9.45887 9.98533,
	9.4781 9.99989,
	9.47813 10.001,
	9.4782 10.0034,
	9.47828 10.0058,
	9.47835 10.0082,
	9.47843 10.0106,
	9.47852 10.013,
	9.4786 10.0154,
	9.47862 10.0161,
	9.48896 10.0251,
	9.49981 10.0348,
	9.52083 10.0581,
	9.52355 10.0612,
	9.52624 10.0861,
	9.52764 10.0987,
	9.52585 10.1245,
	9.52525 10.131,
	9.52332 10.1376,
	9.51032 10.1652,
	9.50709 10.1722,
	9.48977 10.1922,
	9.48987 10.1935,
	9.49006 10.1961,
	9.49017 10.1976,
	9.47512 10.211,
	9.45136 10.2308,
	9.42749 10.2487,
	9.41548 10.2584,
	9.40337 10.2695,
	9.39113 10.2821,
	9.38497 10.2887,
	9.36679 10.3147,
	9.35441 10.3258,
	9.34816 10.3321,
	9.342 10.3367,
	9.33647 10.3394,
	9.33632 10.3395,
	9.33022 10.3441,
	9.28186 10.3673,
	"/>
</Transform>

<Transform dim="0"
 xcoef=" 0 1 0 0 0 0"
 ycoef=" 0 0 1 0 0 0">
<Contour name="d04" hidden="false" closed="true" simplified="true" border="0 0 0" fill="0 0 0" mode="11"
 points="8.033 10.011,
	8.0129 10.0092,
	8.00286 10.0082,
	8.00033 10.008,
	7.98044 9.99901,
	7.96081 9.98095,
	7.94107 9.96146,
	7.93113 9.95199,
	7.92616 9.94693,
	7.90585 9.93313,
	7.89557 9.92688,
	7.88529 9.91935,
	7.8772 9.90803,
	7.87206 9.88499,
	7.86336 9.8389,
	7.85849 9.81566,
	7.85596 9.804,
	7.8385 9.77855,
	7.82987 9.76658,
	7.80931 9.75408,
	7.76771 9.732,
	7.7573 9.72548,
	7.73621 9.70662,
	7.72567 9.69758,
	7.70853 9.67155,
	7.7 9.65869,
	7.6987 9.65705,
	7.69869 9.65633,
	7.70532 9.63405,
	7.70886 9.62294,
	7.71124 9.61747,
	7.73033 9.59899,
	7.73459 9.59375,
	7.7379 9.58258,
	7.7431 9.57167,
	7.75536 9.55015,
	7.77153 9.52926,
	7.78 9.51892,
	7.79317 9.49797,
	7.81496 9.45602,
	7.82469 9.43508,
	7.84711 9.39422,
	7.84923 9.37345,
	7.84997 9.36313,
	7.85405 9.34283,
	7.85608 9.33273,
	7.86875 9.3132,
	7.87615 9.30418,
	7.89706 9.29736,
	7.94031 9.29978,
	7.94305 9.29999,
	7.95416 9.30465,
	7.95974 9.30698,
	7.98227 9.32224,
	8.00493 9.34112,
	8.01056 9.34561,
	8.01339 9.34851,
	8.02844 9.3713,
	8.03929 9.39424,
	8.04572 9.40607,
	8.04695 9.42855,
	8.04485 9.47423,
	8.04564 9.49803,
	8.04918 9.52277,
	8.05068 9.54752,
	8.0508 9.57231,
	8.05118 9.58479,
	8.04928 9.63304,
	8.05067 9.65745,
	8.05159 9.66965,
	8.05845 9.69453,
	8.05977 9.70067,
	8.07003 9.72563,
	8.07726 9.74926,
	8.08006 9.76021,
	8.08024 9.77087,
	8.08065 9.77623,
	8.08054 9.77887,
	8.09474 9.82257,
	8.10225 9.84439,
	8.1038 9.84981,
	8.10436 9.87107,
	8.10432 9.88167,
	8.10115 9.90257,
	8.09794 9.94447,
	8.09562 9.96534,
	8.09089 9.98588,
	8.0899 9.991,
	8.08981 9.9923,
	8.06876 10.0036,
	8.05843 10.0073,
	8.03808 10.0101,
	"/>
</Transform>

<Transform dim="0"
 xcoef=" 0 1 0 0 0 0"
 ycoef=" 0 0 1 0 0 0">
<Contour name="d04 copy" hidden="false" closed="true" simplified="true" border="1 0 0" fill="1 0 0" mode="11"
 points="8.33575 10.9786,
	8.32589 10.9779,
	8.31611 10.9761,
	8.3112 10.9756,
	8.30633 10.9742,
	8.30152 10.9722,
	8.29911 10.9712,
	8.29789 10.9708,
	8.29727 10.9708,
	8.2961 10.9698,
	8.29129 10.9678,
	8.29004 10.9678,
	8.28943 10.9677,
	8.28826 10.9668,
	8.28343 10.9651,
	8.27361 10.9641,
	8.23466 10.9548,
	8.2298 10.9534,
	8.22735 10.953,
	8.22614 10.9526,
	8.21618 10.9535,
	8.20623 10.9538,
	8.18679 10.947,
	8.16736 10.9392,
	8.14775 10.9328,
	8.14529 10.9324,
	8.12513 10.9331,
	8.10503 10.9321,
	8.09999 10.9318,
	8.08004 10.9278,
	8.0751 10.9262,
	8.05565 10.9145,
	8.04593 10.9085,
	8.04108 10.9056,
	8.03119 10.9019,
	8.0263 10.8995,
	7.98755 10.8746,
	7.96826 10.8613,
	7.94897 10.8486,
	7.93933 10.8424,
	7.93453 10.8393,
	7.93212 10.8377,
	7.91341 10.8161,
	7.896 10.7934,
	7.87766 10.7712,
	7.86835 10.76,
	7.86766 10.7549,
	7.86516 10.7143,
	7.8656 10.6944,
	7.86585 10.6895,
	7.86592 10.6883,
	7.86595 10.6877,
	7.86596 10.6874,
	7.87617 10.6689,
	7.87889 10.6643,
	7.88099 10.6597,
	7.88194 10.64,
	7.8827 10.6302,
	7.88323 10.6253,
	7.88905 10.6062,
	7.88979 10.6038,
	7.88983 10.6026,
	7.91111 10.5652,
	7.91684 10.5558,
	7.96982 10.48,
	7.98326 10.4606,
	7.99193 10.451,
	8.02951 10.4124,
	8.06525 10.3729,
	8.07411 10.3629,
	8.07639 10.3605,
	8.09742 10.3191,
	8.10282 10.3087,
	8.10533 10.3035,
	8.11557 10.2612,
	8.11821 10.2507,
	8.11969 10.2455,
	8.12421 10.2032,
	8.12475 10.1979,
	8.12501 10.1953,
	8.12531 10.194,
	8.12749 10.1922,
	8.12748 10.1915,
	8.12841 10.1903,
	8.12869 10.1876,
	8.13024 10.1851,
	8.13238 10.1803,
	8.13332 10.1791,
	8.13394 10.1785,
	8.13424 10.1772,
	8.13582 10.1757,
	8.13581 10.175,
	8.13769 10.1729,
	8.13863 10.1716,
	8.13894 10.1703,
	8.13957 10.1701,
	8.13957 10.1694,
	8.14271 10.1647,
	8.1427 10.1641,
	8.14334 10.1634,
	8.14335 10.1628,
	8.14524 10.1606,
	8.14555 10.1593,
	8.14714 10.1572,
	8.1481 10.1559,
	8.1481 10.1553,
	8.14905 10.1544,
	8.14906 10.1537,
	8.15097 10.1516,
	8.15193 10.1507,
	8.15193 10.15,
	8.15354 10.1482,
	8.15449 10.1473,
	8.15482 10.146,
	8.16352 10.1388,
	8.16773 10.1355,
	8.17225 10.133,
	8.17485 10.1315,
	8.17615 10.1306,
	8.1768 10.13,
	8.17744 10.1301,
	8.17942 10.1283,
	8.18006 10.1283,
	8.18268 10.1266,
	8.18398 10.1257,
	8.18462 10.1257,
	8.18987 10.1225,
	8.19084 10.122,
	8.1912 10.1213,
	8.19184 10.1214,
	8.19677 10.1185,
	8.19712 10.1179,
	8.19841 10.1176,
	8.20337 10.1147,
	8.20602 10.1133,
	8.20735 10.1124,
	8.2077 10.1118,
	8.209 10.1116,
	8.20965 10.111,
	8.21027 10.111,
	8.21247 10.1093,
	8.21374 10.1091,
	8.21499 10.1082,
	8.21562 10.1076,
	8.21625 10.1077,
	8.21719 10.1068,
	8.21783 10.1068,
	8.21815 10.1062,
	8.2194 10.106,
	8.22192 10.1043,
	8.22446 10.1032,
	8.22478 10.1026,
	8.22605 10.1024,
	8.22669 10.1018,
	8.22732 10.1018,
	8.22954 10.1004,
	8.2308 10.1002,
	8.23145 10.0996,
	8.23397 10.0988,
	8.23525 10.0983,
	8.23588 10.0983,
	8.23652 10.0977,
	8.24637 10.0947,
	8.25149 10.0928,
	8.25405 10.0921,
	8.25438 10.0914,
	8.25565 10.0915,
	8.25598 10.0909,
	8.25824 10.0901,
	8.26081 10.0887,
	8.26117 10.0881,
	8.2618 10.0881,
	8.2631 10.087,
	8.26439 10.0864,
	8.26472 10.0861,
	8.26633 10.0856,
	8.2765 10.0867,
	8.3177 10.0866,
	8.32812 10.0864,
	8.37026 10.0833,
	8.39141 10.0846,
	8.40203 10.0852,
	8.40735 10.0855,
	8.45037 10.0835,
	8.46116 10.083,
	8.47201 10.0818,
	8.47334 10.0819,
	8.51724 10.0675,
	8.52822 10.0634,
	8.53366 10.0625,
	8.5444 10.0621,
	8.54975 10.0622,
	8.57072 10.0686,
	8.59149 10.0762,
	8.61205 10.0845,
	8.62229 10.0887,
	8.62736 10.0911,
	8.66732 10.122,
	8.66983 10.1237,
	8.70952 10.1634,
	8.72951 10.1825,
	8.7496 10.2007,
	8.76977 10.2228,
	8.77133 10.2256,
	8.77795 10.2479,
	8.77953 10.2535,
	8.77984 10.2563,
	8.77879 10.2788,
	8.77809 10.29,
	8.77771 10.2955,
	8.77768 10.2983,
	8.76598 10.3428,
	8.75582 10.3864,
	8.75463 10.3918,
	8.75232 10.4343,
	8.75203 10.4395,
	8.75437 10.4809,
	8.75484 10.4835,
	8.76384 10.5055,
	8.77339 10.5274,
	8.7776 10.5383,
	8.78491 10.5598,
	8.78602 10.5625,
	8.78484 10.5833,
	8.78223 10.6039,
	8.78024 10.6141,
	8.77485 10.6344,
	8.773 10.6394,
	8.77207 10.6419,
	8.74765 10.681,
	8.71802 10.7193,
	8.71611 10.7216,
	8.70545 10.7309,
	8.68268 10.7494,
	8.67152 10.7585,
	8.66596 10.7631,
	8.64301 10.7785,
	8.6206 10.7928,
	8.6178 10.7947,
	8.60713 10.7991,
	8.56545 10.8124,
	8.54489 10.8189,
	8.52394 10.8277,
	8.52134 10.8288,
	8.48722 10.8657,
	8.47861 10.875,
	8.45365 10.9128,
	8.43846 10.9316,
	8.43087 10.941,
	8.42204 10.9504,
	8.42073 10.9516,
	8.41052 10.9576,
	8.40542 10.9605,
	8.40416 10.961,
	8.40351 10.9616,
	8.39854 10.9621,
	8.38852 10.9645,
	8.38724 10.965,
	8.38601 10.965,
	8.37589 10.9689,
	8.37085 10.9706,
	8.37024 10.9706,
	8.36957 10.9712,
	8.36707 10.9717,
	8.36202 10.9737,
	8.35698 10.975,
	8.35569 10.9759,
	8.35068 10.9772,
	8.34073 10.9781,
	"/>
</Transform>

<Transform dim="0"
 xcoef=" 0 1 0 0 0 0"
 ycoef=" 0 0 1 0 0 0">
<Contour name="d30sp08" hidden="false" closed="true" simplified="true" border="1 0 0" fill="1 0 0" mode="11"
 points="11.6281 7.06567,
	11.6232 7.06566,
	11.6046 7.05546,
	11.6 7.05299,
	11.5626 7.03916,
	11.544 7.03194,
	11.5349 7.02545,
	11.517 7.00952,
	11.5132 7.00517,
	11.503 6.98538,
	11.4992 6.96582,
	11.4993 6.9652,
	11.4993 6.96461,
	11.5037 6.94554,
	11.5058 6.9359,
	11.5058 6.93347,
	11.5177 6.9145,
	11.5232 6.90482,
	11.5261 6.89998,
	11.5434 6.88034,
	11.5517 6.87027,
	11.5564 6.86708,
	11.5755 6.85846,
	11.5802 6.85635,
	11.5996 6.85465,
	11.6094 6.85388,
	11.6493 6.85814,
	11.6518 6.85779,
	11.6724 6.86644,
	11.6828 6.87083,
	11.7035 6.88603,
	11.7139 6.8938,
	11.7184 6.89777,
	11.7316 6.91448,
	11.7387 6.92272,
	11.7425 6.94111,
	11.7439 6.9504,
	11.7428 6.96969,
	11.7414 6.97953,
	11.7381 6.9897,
	11.7373 6.99226,
	11.7372 6.99346,
	11.6928 7.03846,
	11.6821 7.04914,
	11.6607 7.06307,
	11.658 7.06464,
	11.638 7.0656,
	"/>
</Transform>

<Transform dim="0"
 xcoef=" 0 1 0 0 0 0"
 ycoef=" 0 0 1 0 0 0">
<Contour name="d30sp11" hidden="false" closed="true" simplified="true" border="1 0 0" fill="1 0 0" mode="11"
 points="12.1476 8.94369,
	12.1257 8.94355,
	12.1148 8.94316,
	12.1135 8.94305,
	12.093 8.93366,
	12.0828 8.92945,
	12.0802 8.92855,
	12.0751 8.9258,
	12.0555 8.91125,
	12.0543 8.91016,
	12.0538 8.90977,
	12.0593 8.88934,
	12.0606 8.88421,
	12.0612 8.88164,
	12.086 8.8419,
	12.1056 8.8015,
	12.1082 8.79646,
	12.1245 8.7556,
	12.1265 8.75049,
	12.1463 8.70942,
	12.1516 8.69905,
	12.153 8.69646,
	12.1539 8.69518,
	12.1562 8.68449,
	12.1584 8.66289,
	12.1587 8.65747,
	12.1591 8.6548,
	12.1524 8.63232,
	12.1484 8.62103,
	12.1464 8.61539,
	12.1454 8.61257,
	12.1449 8.61116,
	12.1259 8.58949,
	12.1163 8.57897,
	12.0777 8.54334,
	12.0582 8.52638,
	12.0534 8.52216,
	12.0485 8.51862,
	12.0089 8.49544,
	11.9677 8.49012,
	11.9472 8.48699,
	11.9421 8.48606,
	11.9005 8.48633,
	11.8953 8.48681,
	11.8529 8.49598,
	11.8317 8.50052,
	11.8211 8.50277,
	11.7777 8.52021,
	11.7343 8.53644,
	11.7234 8.54055,
	11.6795 8.55949,
	11.6686 8.56355,
	11.6632 8.56589,
	11.6205 8.57512,
	11.6098 8.57684,
	11.588 8.58513,
	11.5825 8.58746,
	11.5812 8.58803,
	11.5602 8.58892,
	11.5549 8.58931,
	11.5497 8.58907,
	11.5444 8.58948,
	11.5418 8.58969,
	11.5405 8.58963,
	11.52 8.58238,
	11.5188 8.58201,
	11.5109 8.5715,
	11.5045 8.5611,
	11.4968 8.55077,
	11.4926 8.54564,
	11.4832 8.53542,
	11.4786 8.53034,
	11.4766 8.52781,
	11.4753 8.52656,
	11.4756 8.52405,
	11.4756 8.52343,
	11.4756 8.52312,
	11.4831 8.48347,
	11.4841 8.47856,
	11.4864 8.47368,
	11.5006 8.45425,
	11.5077 8.4446,
	11.5174 8.42537,
	11.5221 8.4158,
	11.5261 8.40625,
	11.5284 8.3967,
	11.5306 8.37768,
	11.5309 8.37294,
	11.5314 8.37175,
	11.5399 8.36232,
	11.5442 8.35758,
	11.5546 8.33866,
	11.5603 8.32916,
	11.5822 8.31494,
	11.5933 8.30756,
	11.5986 8.30354,
	11.6175 8.28368,
	11.6269 8.27359,
	11.6498 8.25428,
	11.6612 8.24517,
	11.6641 8.24372,
	11.7083 8.22565,
	11.7521 8.21594,
	11.7631 8.21364,
	11.7687 8.21218,
	11.7798 8.20766,
	11.8027 8.19631,
	11.8143 8.18982,
	11.8595 8.17011,
	11.8653 8.16767,
	11.8682 8.16612,
	11.8917 8.1474,
	11.9036 8.13679,
	11.9411 8.0906,
	11.9502 8.07889,
	11.9544 8.07305,
	11.9796 8.0278,
	11.9856 8.01674,
	11.9881 7.9961,
	11.9885 7.99354,
	11.9871 7.97374,
	11.982 7.95473,
	11.9789 7.94537,
	11.978 7.94305,
	11.9713 7.93428,
	11.9705 7.93377,
	11.9711 7.93309,
	11.9765 7.93412,
	11.9779 7.93391,
	11.9835 7.9349,
	11.9842 7.9354,
	11.9848 7.9353,
	11.9855 7.93579,
	11.9868 7.93559,
	11.992 7.93661,
	11.9948 7.93649,
	12.0058 7.93811,
	12.0084 7.93891,
	12.0099 7.93868,
	12.0127 7.93915,
	12.0141 7.93955,
	12.0168 7.93941,
	12.0182 7.9398,
	12.0197 7.93957,
	12.0252 7.94054,
	12.0306 7.94093,
	12.0334 7.94172,
	12.0389 7.94209,
	12.0396 7.94261,
	12.0423 7.94251,
	12.0478 7.94355,
	12.0492 7.94334,
	12.052 7.94386,
	12.0534 7.94365,
	12.0588 7.94473,
	12.0616 7.94498,
	12.067 7.94673,
	12.0724 7.9479,
	12.0751 7.94849,
	12.0764 7.94894,
	12.0779 7.94877,
	12.0785 7.94932,
	12.0798 7.94915,
	12.0812 7.94961,
	12.082 7.94952,
	12.0832 7.95031,
	12.0887 7.95095,
	12.09 7.95144,
	12.0914 7.95129,
	12.0969 7.95229,
	12.0982 7.95278,
	12.0996 7.95265,
	12.1009 7.95315,
	12.1023 7.95301,
	12.1131 7.9549,
	12.1185 7.95606,
	12.1198 7.95628,
	12.1205 7.95622,
	12.1211 7.95681,
	12.1225 7.95672,
	12.1278 7.95825,
	12.1332 7.9592,
	12.1357 7.96002,
	12.137 7.96059,
	12.1383 7.96052,
	12.1392 7.96048,
	12.1394 7.96109,
	12.1407 7.96103,
	12.146 7.96335,
	12.1511 7.96506,
	12.1524 7.96534,
	12.1531 7.96531,
	12.1536 7.96593,
	12.155 7.96588,
	12.1576 7.96677,
	12.1589 7.96737,
	12.1596 7.968,
	12.1646 7.96946,
	12.1659 7.97007,
	12.1672 7.97004,
	12.168 7.97002,
	12.1683 7.97066,
	12.1695 7.97064,
	12.1701 7.97063,
	12.1708 7.97126,
	12.1734 7.97153,
	12.1786 7.97306,
	12.1811 7.97334,
	12.1837 7.97429,
	12.1863 7.97459,
	12.1875 7.97523,
	12.1901 7.97552,
	12.2101 7.98131,
	12.2298 7.98787,
	12.2346 7.98952,
	12.237 7.99084,
	12.2465 7.99445,
	12.2488 7.99509,
	12.2512 7.99641,
	12.2524 7.9964,
	12.2547 7.99737,
	12.256 7.99735,
	12.2583 7.99866,
	12.2607 7.99897,
	12.2627 7.99994,
	12.2638 7.99992,
	12.2649 8.00091,
	12.2662 8.00088,
	12.2753 8.00404,
	12.2766 8.00399,
	12.2788 8.00495,
	12.2834 8.00582,
	12.2879 8.00735,
	12.2891 8.00731,
	12.2898 8.00729,
	12.29 8.00796,
	12.2922 8.00788,
	12.2934 8.00884,
	12.2978 8.00967,
	12.2989 8.00962,
	12.3012 8.01088,
	12.3056 8.01202,
	12.3061 8.01269,
	12.3072 8.01263,
	12.3084 8.01324,
	12.3106 8.01348,
	12.3128 8.01438,
	12.315 8.0146,
	12.3238 8.01788,
	12.3248 8.01852,
	12.3271 8.01871,
	12.3359 8.02165,
	12.3381 8.02187,
	12.3467 8.02521,
	12.3511 8.02602,
	12.3686 8.03231,
	12.3705 8.03296,
	12.3717 8.03291,
	12.3727 8.0336,
	12.375 8.03389,
	12.3762 8.03384,
	12.3773 8.03454,
	12.3783 8.03451,
	12.3794 8.0352,
	12.3839 8.0362,
	12.3861 8.03728,
	12.3872 8.03726,
	12.3883 8.03798,
	12.3906 8.03833,
	12.3911 8.03833,
	12.3917 8.03906,
	12.3939 8.03942,
	12.3945 8.03942,
	12.3956 8.04054,
	12.3958 8.04054,
	12.3964 8.04128,
	12.3937 8.06547,
	12.393 8.07165,
	12.3929 8.07319,
	12.3842 8.0983,
	12.38 8.1111,
	12.3786 8.11433,
	12.3634 8.14021,
	12.3552 8.15329,
	12.3532 8.15656,
	12.3471 8.16976,
	12.337 8.19642,
	12.3319 8.20979,
	12.3295 8.2165,
	12.3139 8.27025,
	12.3026 8.32336,
	12.3 8.33634,
	12.296 8.36201,
	12.2953 8.36514,
	12.2967 8.39076,
	12.297 8.40325,
	12.2971 8.40943,
	12.2972 8.41252,
	12.3105 8.46194,
	12.3125 8.47374,
	12.3134 8.48527,
	12.3142 8.49103,
	12.316 8.53577,
	12.3185 8.57958,
	12.3195 8.59047,
	12.3257 8.63413,
	12.3275 8.64505,
	12.329 8.68817,
	12.3291 8.69363,
	12.3266 8.71517,
	12.3249 8.72592,
	12.324 8.73131,
	12.3235 8.734,
	12.3138 8.75439,
	12.3091 8.7646,
	12.2859 8.80509,
	12.2741 8.82524,
	12.2677 8.83523,
	12.239 8.87453,
	12.2313 8.88422,
	12.2295 8.88664,
	12.1925 8.92448,
	12.1879 8.9292,
	12.1648 8.9389,
	12.1532 8.94262,
	"/>
</Transform>

<Transform dim="0"
 xcoef=" 0 1 0 0 0 0"
 ycoef=" 0 0 1 0 0 0">
<Contour name="d23sp24" hidden="false" closed="true" simplified="true" border="1 0 0" fill="1 0 0" mode="11"
 points="10.407 7.93611,
	10.3485 7.9311,
	10.3192 7.92167,
	10.3047 7.91776,
	10.2756 7.89755,
	10.261 7.88664,
	10.2574 7.88436,
	10.2308 7.85045,
	10.2196 7.83338,
	10.2167 7.82907,
	10.2147 7.81309,
	10.2155 7.80536,
	10.2302 7.80083,
	10.2375 7.79911,
	10.2412 7.79779,
	10.2708 7.80128,
	10.3005 7.8029,
	10.3302 7.80268,
	10.3451 7.80299,
	10.4046 7.79521,
	10.4347 7.78785,
	10.4637 7.76474,
	10.4704 7.75851,
	10.4752 7.75211,
	10.4791 7.73881,
	10.481 7.7356,
	10.4831 7.70858,
	10.4804 7.70149,
	10.4629 7.6722,
	10.4484 7.64301,
	10.4258 7.61235,
	10.3964 7.59126,
	10.3667 7.57502,
	10.3519 7.56645,
	10.2925 7.53994,
	10.2779 7.52891,
	10.2706 7.52262,
	10.2561 7.51423,
	10.2487 7.51048,
	10.2344 7.49894,
	10.2202 7.48581,
	10.213 7.47968,
	10.1844 7.45944,
	10.1807 7.45721,
	10.151 7.45023,
	10.1365 7.44221,
	10.1221 7.43255,
	10.1073 7.42864,
	10.0999 7.42667,
	10.098 7.42639,
	10.0839 7.41339,
	10.0804 7.40953,
	10.0722 7.39493,
	10.0681 7.38764,
	10.0553 7.3732,
	10.0405 7.3685,
	10.0331 7.3666,
	10.0294 7.36523,
	10.0158 7.35086,
	10.0091 7.34331,
	9.99564 7.33156,
	9.9891 7.32492,
	9.98008 7.31049,
	9.97569 7.3033,
	9.97429 7.28978,
	9.97479 7.27643,
	9.97501 7.27562,
	9.97921 7.26268,
	9.98136 7.25621,
	10.0034 7.23188,
	10.0194 7.22458,
	10.0272 7.22133,
	10.0561 7.22329,
	10.0705 7.22426,
	10.0986 7.23298,
	10.1056 7.2356,
	10.133 7.25215,
	10.1474 7.25719,
	10.1546 7.25968,
	10.1682 7.27086,
	10.1749 7.2769,
	10.2316 7.31051,
	10.2601 7.32614,
	10.2892 7.33753,
	10.3037 7.34287,
	10.3332 7.35101,
	10.3479 7.35562,
	10.3552 7.35839,
	10.37 7.36128,
	10.3847 7.36604,
	10.4136 7.38033,
	10.4422 7.39758,
	10.4565 7.40805,
	10.4854 7.42526,
	10.5 7.4338,
	10.5146 7.4449,
	10.5292 7.45322,
	10.5367 7.45692,
	10.5515 7.4686,
	10.5812 7.49595,
	10.5848 7.49986,
	10.5939 7.51472,
	10.5995 7.52224,
	10.6012 7.52587,
	10.6324 7.55172,
	10.648 7.56628,
	10.6541 7.57386,
	10.6616 7.5883,
	10.6633 7.59188,
	10.6777 7.60467,
	10.6911 7.61894,
	10.7016 7.63353,
	10.709 7.64767,
	10.7146 7.66148,
	10.7207 7.68828,
	10.7288 7.74087,
	10.7295 7.75377,
	10.7278 7.77928,
	10.7216 7.80438,
	10.7194 7.81714,
	10.6931 7.86767,
	10.6753 7.89297,
	10.6702 7.8993,
	10.64 7.91568,
	10.6326 7.91773,
	10.6036 7.92097,
	10.5963 7.92222,
	10.5389 7.92372,
	10.5247 7.9244,
	10.4963 7.92327,
	10.4678 7.92385,
	10.4537 7.92458,
	10.4465 7.92581,
	10.4429 7.92556,
	10.4142 7.93398,
	"/>
</Transform>

<Transform dim="0"
 xcoef=" 0 1 0 0 0 0"
 ycoef=" 0 0 1 0 0 0">
<Contour name="d23sph24" hidden="false" closed="true" simplified="true" border="1 0 0" fill="1 0 0" mode="11"
 points="10.407 7.93611,
	10.3485 7.9311,
	10.3192 7.92167,
	10.3047 7.91776,
	10.2756 7.89755,
	10.261 7.88664,
	10.2574 7.88436,
	10.2308 7.85045,
	10.2196 7.83338,
	10.2167 7.82907,
	10.2147 7.81309,
	10.2155 7.80536,
	10.2302 7.80083,
	10.2375 7.79911,
	10.2412 7.79779,
	10.2708 7.80128,
	10.3005 7.8029,
	10.3302 7.80268,
	10.3451 7.80299,
	10.4046 7.79521,
	10.4347 7.78785,
	10.4637 7.76474,
	10.4704 7.75851,
	10.4752 7.75211,
	10.4791 7.73881,
	10.481 7.7356,
	10.4831 7.70858,
	10.4804 7.70149,
	10.4629 7.6722,
	10.4484 7.64301,
	10.4258 7.61235,
	10.3964 7.59126,
	10.3667 7.57502,
	10.3519 7.56645,
	10.2925 7.53994,
	10.2779 7.52891,
	10.2706 7.52262,
	10.2561 7.51423,
	10.2487 7.51048,
	10.2344 7.49894,
	10.2202 7.48581,
	10.213 7.47968,
	10.1844 7.45944,
	10.1807 7.45721,
	10.151 7.45023,
	10.1365 7.44221,
	10.1221 7.43255,
	10.1073 7.42864,
	10.0999 7.42667,
	10.098 7.42639,
	10.0839 7.41339,
	10.0804 7.40953,
	10.0722 7.39493,
	10.0681 7.38764,
	10.0553 7.3732,
	10.0405 7.3685,
	10.0331 7.3666,
	10.0294 7.36523,
	10.0158 7.35086,
	10.0091 7.34331,
	9.99564 7.33156,
	9.9891 7.32492,
	9.98008 7.31049,
	9.97569 7.3033,
	9.97429 7.28978,
	9.97479 7.27643,
	9.97501 7.27562,
	9.97921 7.26268,
	9.98136 7.25621,
	10.0034 7.23188,
	10.0194 7.22458,
	10.0272 7.22133,
	10.0561 7.22329,
	10.0705 7.22426,
	10.0986 7.23298,
	10.1056 7.2356,
	10.133 7.25215,
	10.1474 7.25719,
	10.1546 7.25968,
	10.1682 7.27086,
	10.1749 7.2769,
	10.2316 7.31051,
	10.2601 7.32614,
	10.2892 7.33753,
	10.3037 7.34287,
	10.3332 7.35101,
	10.3479 7.35562,
	10.3552 7.35839,
	10.37 7.36128,
	10.3847 7.36604,
	10.4136 7.38033,
	10.4422 7.39758,
	10.4565 7.40805,
	10.4854 7.42526,
	10.5 7.4338,
	10.5146 7.4449,
	10.5292 7.45322,
	10.5367 7.45692,
	10.5515 7.4686,
	10.5812 7.49595,
	10.5848 7.49986,
	10.5939 7.51472,
	10.5995 7.52224,
	10.6012 7.52587,
	10.6324 7.55172,
	10.648 7.56628,
	10.6541 7.57386,
	10.6616 7.5883,
	10.6633 7.59188,
	10.6777 7.60467,
	10.6911 7.61894,
	10.7016 7.63353,
	10.709 7.64767,
	10.7146 7.66148,
	10.7207 7.68828,
	10.7288 7.74087,
	10.7295 7.75377,
	10.7278 7.77928,
	10.7216 7.80438,
	10.7194 7.81714,
	10.6931 7.86767,
	10.6753 7.89297,
	10.6702 7.8993,
	10.64 7.91568,
	10.6326 7.91773,
	10.6036 7.92097,
	10.5963 7.92222,
	10.5389 7.92372,
	10.5247 7.9244,
	10.4963 7.92327,
	10.4678 7.92385,
	10.4537 7.92458,
	10.4465 7.92581,
	10.4429 7.92556,
	10.4142 7.93398,
	"/>
</Transform>

<Transform dim="0"
 xcoef=" 0 1 0 0 0 0"
 ycoef=" 0 0 1 0 0 0">
<Contour name="d07sp25" hidden="false" closed="true" simplified="true" border="1 0 0" fill="1 0 0" mode="11"
 points="8.28224 9.25614,
	8.27725 9.25583,
	8.26736 9.25137,
	8.26389 9.24354,
	8.26393 9.24259,
	8.26806 9.23526,
	8.27712 9.22829,
	8.28727 9.22414,
	8.30714 9.21948,
	8.32655 9.21751,
	8.33602 9.21884,
	8.34075 9.21903,
	8.34998 9.2232,
	8.35458 9.2253,
	8.35792 9.22926,
	8.35998 9.23703,
	8.34099 9.24487,
	8.3218 9.24782,
	8.30214 9.25349,
	"/>
</Transform>

<Transform dim="0"
 xcoef=" 0 1 0 0 0 0"
 ycoef=" 0 0 1 0 0 0">
<Contour name="d24sp21" hidden="false" closed="true" simplified="true" border="1 0 0" fill="1 0 0" mode="11"
 points="6.74248 6.4786,
	6.72834 6.47858,
	6.67014 6.47192,
	6.65507 6.47017,
	6.64742 6.46951,
	6.64359 6.4692,
	6.61404 6.45327,
	6.60662 6.44919,
	6.60352 6.44611,
	6.57404 6.42751,
	6.57091 6.42482,
	6.55398 6.40188,
	6.55027 6.39626,
	6.54712 6.38515,
	6.54534 6.37963,
	6.54257 6.35784,
	6.54179 6.35246,
	6.54161 6.35112,
	6.54168 6.35078,
	6.54174 6.35045,
	6.5471 6.34002,
	6.54997 6.33487,
	6.55142 6.33231,
	6.55154 6.33165,
	6.55536 6.33082,
	6.5849 6.32759,
	6.61256 6.3332,
	6.62629 6.33646,
	6.63312 6.33826,
	6.64717 6.34403,
	6.65421 6.34715,
	6.6821 6.36268,
	6.71015 6.37219,
	6.73777 6.38071,
	6.75138 6.38458,
	6.80487 6.38968,
	6.81138 6.39036,
	6.83702 6.39606,
	6.84019 6.39676,
	6.84176 6.39692,
	6.85398 6.40779,
	6.85508 6.40945,
	6.84661 6.43325,
	6.84563 6.43621,
	6.84515 6.43769,
	6.83203 6.44842,
	6.82522 6.45369,
	6.81159 6.4622,
	6.80469 6.46657,
	6.79781 6.46979,
	6.7841 6.4743,
	6.77715 6.4767,
	6.77028 6.4776,
	"/>
</Transform>

<Transform dim="0"
 xcoef=" 0 1 0 0 0 0"
 ycoef=" 0 0 1 0 0 0">
<Contour name="d30p11" hidden="false" closed="true" simplified="true" border="0 0 1" fill="0 0 1" mode="11"
 points="12.081 8.1484,
	12.071 8.12318,
	12.0983 8.12143,
	"/>
</Transform>

<Transform dim="0"
 xcoef=" 0 1 0 0 0 0"
 ycoef=" 0 0 1 0 0 0">
<Contour name="d24sph21" hidden="false" closed="true" simplified="true" border="1 0 0" fill="1 0 0" mode="11"
 points="6.74248 6.4786,
	6.72834 6.47858,
	6.67014 6.47192,
	6.65507 6.47017,
	6.64742 6.46951,
	6.64359 6.4692,
	6.61404 6.45327,
	6.60662 6.44919,
	6.60352 6.44611,
	6.57404 6.42751,
	6.57091 6.42482,
	6.55398 6.40188,
	6.55027 6.39626,
	6.54712 6.38515,
	6.54534 6.37963,
	6.54257 6.35784,
	6.54179 6.35246,
	6.54161 6.35112,
	6.54168 6.35078,
	6.54174 6.35045,
	6.5471 6.34002,
	6.54997 6.33487,
	6.55142 6.33231,
	6.55154 6.33165,
	6.55536 6.33082,
	6.5849 6.32759,
	6.61256 6.3332,
	6.62629 6.33646,
	6.63312 6.33826,
	6.64717 6.34403,
	6.65421 6.34715,
	6.6821 6.36268,
	6.71015 6.37219,
	6.73777 6.38071,
	6.75138 6.38458,
	6.80487 6.38968,
	6.81138 6.39036,
	6.83702 6.39606,
	6.84019 6.39676,
	6.84176 6.39692,
	6.85398 6.40779,
	6.85508 6.40945,
	6.84661 6.43325,
	6.84563 6.43621,
	6.84515 6.43769,
	6.83203 6.44842,
	6.82522 6.45369,
	6.81159 6.4622,
	6.80469 6.46657,
	6.79781 6.46979,
	6.7841 6.4743,
	6.77715 6.4767,
	6.77028 6.4776,
	"/>
</Transform>

<Transform dim="0"
 xcoef=" 0 1 0 0 0 0"
 ycoef=" 0 0 1 0 0 0">
<Contour name="d30c11" hidden="false" closed="true" simplified="true" border="1 0 0" fill="1 0 0" mode="11"
 points="11.7456 8.54808,
	11.744 8.54619,
	11.7393 8.52675,
	11.7379 8.52188,
	11.738 8.52129,
	11.7412 8.51182,
	11.7475 8.50245,
	11.7509 8.49777,
	11.761 8.49151,
	11.7808 8.48673,
	11.7858 8.48628,
	11.7952 8.48781,
	11.8145 8.4854,
	11.8344 8.47869,
	11.8443 8.47531,
	11.8493 8.473,
	11.8594 8.46649,
	11.8621 8.4647,
	11.8815 8.46153,
	11.8863 8.46105,
	11.8954 8.46573,
	11.9 8.4684,
	11.9044 8.478,
	11.9054 8.48054,
	11.902 8.49041,
	11.8998 8.49532,
	11.8802 8.50508,
	11.8602 8.51596,
	11.8402 8.52553,
	11.8303 8.52936,
	11.8106 8.53458,
	11.8008 8.53719,
	11.7617 8.54455,
	11.7519 8.54654,
	11.7469 8.54753,
	"/>
</Transform>

<Transform dim="0"
 xcoef=" 0 1 0 0 0 0"
 ycoef=" 0 0 1 0 0 0">
<Contour name="d04sp18" hidden="false" closed="true" simplified="true" border="1 0 0" fill="1 0 0" mode="11"
 points="8.3614 11.5464,
	8.3559 11.5443,
	8.35312 11.5435,
	8.34357 11.5307,
	8.33596 11.5028,
	8.33414 11.4885,
	8.33101 11.4304,
	8.32989 11.4157,
	8.32617 11.3865,
	8.32461 11.3719,
	8.32363 11.3647,
	8.32102 11.3082,
	8.31998 11.2944,
	8.31331 11.267,
	8.31297 11.2637,
	8.31245 11.262,
	8.31116 11.1626,
	8.31096 11.1158,
	8.31113 11.0926,
	8.31102 11.081,
	8.30982 11.0694,
	8.30902 11.0636,
	8.30883 11.0405,
	8.30804 11.0347,
	8.30169 11.0114,
	8.29396 10.988,
	8.29268 10.9851,
	8.2825 10.9731,
	8.27778 10.9671,
	8.2764 10.966,
	8.27642 10.9656,
	8.27609 10.9653,
	8.28191 10.9651,
	8.28761 10.9668,
	8.28904 10.9672,
	8.29041 10.9683,
	8.29186 10.9684,
	8.30315 10.9738,
	8.30889 10.9751,
	8.3103 10.9759,
	8.31608 10.9765,
	8.32759 10.9787,
	8.33922 10.9787,
	8.34506 10.9782,
	8.34799 10.9779,
	8.34948 10.9772,
	8.35239 10.9773,
	8.35535 10.9763,
	8.35608 10.9764,
	8.35648 10.9757,
	8.36203 10.9741,
	8.365 10.9731,
	8.3665 10.9724,
	8.36725 10.9717,
	8.37021 10.9711,
	8.37319 10.9698,
	8.37874 10.9682,
	8.38469 10.9659,
	8.38763 10.9652,
	8.38878 10.9642,
	8.40052 10.9624,
	8.40089 10.9621,
	8.40122 10.9628,
	8.38953 10.9703,
	8.37735 10.9799,
	8.36655 10.991,
	8.36114 10.9966,
	8.35844 10.9994,
	8.35691 11.0008,
	8.35609 11.0022,
	8.35376 11.0251,
	8.35361 11.0279,
	8.35353 11.0294,
	8.36253 11.0525,
	8.36681 11.0756,
	8.36876 11.0871,
	8.37121 11.1101,
	8.37266 11.122,
	8.3732 11.1343,
	8.37383 11.1405,
	8.37373 11.1467,
	8.37434 11.1529,
	8.37845 11.1781,
	8.38027 11.1908,
	8.38865 11.2168,
	8.39052 11.2233,
	8.39163 11.2266,
	8.39655 11.2307,
	8.4051 11.244,
	8.41418 11.2579,
	8.41798 11.2648,
	8.42004 11.2683,
	8.4209 11.27,
	8.42594 11.2747,
	8.42846 11.2771,
	8.43791 11.2909,
	8.44136 11.3046,
	8.4437 11.3183,
	8.44423 11.3319,
	8.44434 11.3336,
	8.44876 11.3388,
	8.45109 11.3417,
	8.45619 11.3561,
	8.45853 11.3633,
	8.46004 11.3669,
	8.46554 11.3954,
	8.46646 11.4025,
	8.46563 11.4164,
	8.46546 11.4303,
	8.46538 11.4373,
	8.46357 11.451,
	8.45945 11.4644,
	8.45824 11.4677,
	8.45417 11.4741,
	8.45231 11.4774,
	8.44181 11.4901,
	8.42926 11.5028,
	8.42287 11.5087,
	8.41659 11.5139,
	8.39186 11.531,
	8.3794 11.5397,
	8.37329 11.543,
	8.3673 11.5451,
	"/>
</Transform>

<Transform dim="0"
 xcoef=" 0 1 0 0 0 0"
 ycoef=" 0 0 1 0 0 0">
<Contour name="d30sah11" hidden="false" closed="true" simplified="true" border="1 1 0" fill="1 1 0" mode="11"
 points="12.2722 8.11145,
	12.2046 8.11053,
	12.2127 8.10265,
	12.2666 8.10331,
	12.2731 8.04106,
	12.22 8.04123,
	12.2136 8.09478,
	12.2057 8.10259,
	12.2139 8.03376,
	12.2802 8.0334,
	"/>
</Transform>

<Transform dim="0"
 xcoef=" 0 1 0 0 0 0"
 ycoef=" 0 0 1 0 0 0">
<Contour name="d17serb16" hidden="false" closed="true" simplified="true" border="1 0 0" fill="1 0 0" mode="11"
 points="4.47093 7.78332,
	4.46273 7.78163,
	4.46407 7.77239,
	4.45585 7.77072,
	4.4572 7.7615,
	4.46543 7.76318,
	4.46682 7.75398,
	4.47506 7.75572,
	4.47366 7.7649,
	4.48187 7.76667,
	4.48049 7.77585,
	4.47229 7.7741,
	"/>
</Transform>

<Transform dim="0"
 xcoef=" 0 1 0 0 0 0"
 ycoef=" 0 0 1 0 0 0">
<Contour name="d07sp27" hidden="false" closed="true" simplified="true" border="1 0 0" fill="1 0 0" mode="11"
 points="6.84159 8.48049,
	6.80877 8.46735,
	6.80083 8.46389,
	6.74472 8.40825,
	6.68189 8.36905,
	6.66481 8.3602,
	6.59205 8.29953,
	6.58221 8.29161,
	6.56208 8.28155,
	6.55208 8.27267,
	6.54471 8.25876,
	6.53985 8.24499,
	6.53871 8.23813,
	6.54932 8.18389,
	6.55129 8.15734,
	6.55025 8.14424,
	6.54905 8.13774,
	6.53071 8.11228,
	6.50925 8.09252,
	6.48737 8.07829,
	6.47632 8.06995,
	6.47505 8.064,
	6.47508 8.06249,
	6.47662 8.05637,
	6.4767 8.05337,
	6.48815 8.0436,
	6.53271 8.02824,
	6.54374 8.02366,
	6.5645 8.0091,
	6.56889 7.99758,
	6.58712 7.97512,
	6.59133 7.96958,
	6.61319 7.95916,
	6.63471 7.95761,
	6.64524 7.96267,
	6.65568 7.97074,
	6.69381 8.0204,
	6.71144 8.0451,
	6.72021 8.05731,
	6.76113 8.08355,
	6.78123 8.09702,
	6.8198 8.13281,
	6.83559 8.16305,
	6.83684 8.19039,
	6.83385 8.21717,
	6.83391 8.22421,
	6.84166 8.2552,
	6.85365 8.28452,
	6.86721 8.30896,
	6.87961 8.3361,
	6.88555 8.35014,
	6.88868 8.37848,
	6.88973 8.40546,
	6.88767 8.43102,
	6.88146 8.45513,
	6.87511 8.46644,
	6.87142 8.47196,
	6.85141 8.47766,
	"/>
</Transform>

<Transform dim="0"
 xcoef=" 0 1 0 0 0 0"
 ycoef=" 0 0 1 0 0 0">
<Contour name="d07sp26" hidden="false" closed="true" simplified="true" border="1 0 0" fill="1 0 0" mode="11"
 points="6.54832 8.96784,
	6.53041 8.96265,
	6.51281 8.95287,
	6.49543 8.93999,
	6.47827 8.92263,
	6.46963 8.91399,
	6.4576 8.86511,
	6.45785 8.84168,
	6.45794 8.84022,
	6.45802 8.83878,
	6.46532 8.81622,
	6.47081 8.80575,
	6.47475 8.80081,
	6.51345 8.78463,
	6.52284 8.78162,
	6.54095 8.78092,
	6.55794 8.78968,
	6.59075 8.81326,
	6.60694 8.82739,
	6.61753 8.85245,
	6.61989 8.87628,
	6.61949 8.88796,
	6.61215 8.91058,
	6.60235 8.93291,
	6.59512 8.94381,
	6.58561 8.95301,
	6.58078 8.95833,
	6.57141 8.96316,
	6.56662 8.967,
	"/>
</Transform>

<Transform dim="0"
 xcoef=" 0 1 0 0 0 0"
 ycoef=" 0 0 1 0 0 0">
<Contour name="d04p18" hidden="false" closed="true" simplified="true" border="1 0 0" fill="1 0 0" mode="11"
 points="8.3274 10.925,
	8.31615 10.9011,
	8.3415 10.9023,
	"/>
</Transform>

<Transform dim="0"
 xcoef=" 0 1 0 0 0 0"
 ycoef=" 0 0 1 0 0 0">
<Contour name="d19sah19" hidden="false" closed="true" simplified="true" border="1 1 0" fill="1 1 0" mode="11"
 points="4.44816 11.0817,
	4.42407 11.0801,
	4.42676 11.0778,
	4.44603 11.079,
	4.44817 11.0584,
	4.42894 11.0571,
	4.42703 11.0752,
	4.42436 11.0776,
	4.42681 11.0543,
	4.45083 11.056,
	"/>
</Transform>

<Transform dim="0"
 xcoef=" 0 1 0 0 0 0"
 ycoef=" 0 0 1 0 0 0">
<Contour name="d17p16" hidden="false" closed="true" simplified="true" border="1 0 0" fill="1 0 0" mode="11"
 points="4.48024 7.86296,
	4.46049 7.80518,
	4.51189 7.816,
	"/>
</Transform>

<Transform dim="0"
 xcoef=" 0 1 0 0 0 0"
 ycoef=" 0 0 1 0 0 0">
<Contour name="d04sp19" hidden="false" closed="true" simplified="true" border="1 0 0" fill="1 0 0" mode="11"
 points="8.12593 10.1927,
	8.12528 10.192,
	8.12692 10.171,
	8.12843 10.1606,
	8.13763 10.1194,
	8.14296 10.0989,
	8.1441 10.0937,
	8.14447 10.0925,
	8.16546 10.0777,
	8.16814 10.0763,
	8.18879 10.0769,
	8.22881 10.0814,
	8.24894 10.0838,
	8.25904 10.085,
	8.26158 10.0852,
	8.26285 10.0853,
	8.26348 10.0854,
	8.26313 10.0863,
	8.26215 10.0872,
	8.26086 10.0874,
	8.25858 10.0892,
	8.25729 10.0897,
	8.25665 10.0903,
	8.256 10.0903,
	8.25534 10.0909,
	8.2541 10.0908,
	8.25375 10.0914,
	8.24864 10.0932,
	8.24608 10.094,
	8.24481 10.0942,
	8.24416 10.0948,
	8.24162 10.0952,
	8.23653 10.0971,
	8.234 10.0978,
	8.23272 10.0987,
	8.23146 10.0989,
	8.23082 10.0995,
	8.22828 10.1003,
	8.22702 10.1011,
	8.22639 10.1011,
	8.22384 10.1028,
	8.22131 10.1039,
	8.22099 10.1045,
	8.21974 10.1047,
	8.20966 10.1103,
	8.2087 10.1112,
	8.2074 10.1111,
	8.20573 10.1126,
	8.20109 10.1152,
	8.19977 10.1158,
	8.1991 10.1164,
	8.19846 10.1163,
	8.19746 10.1172,
	8.19682 10.1172,
	8.19482 10.1187,
	8.1922 10.1201,
	8.19186 10.1207,
	8.19122 10.1207,
	8.18627 10.1242,
	8.18498 10.1245,
	8.18464 10.1251,
	8.184 10.125,
	8.18138 10.1268,
	8.17879 10.1279,
	8.1778 10.1288,
	8.17746 10.1294,
	8.17682 10.1294,
	8.16677 10.1355,
	8.16225 10.1387,
	8.16031 10.1402,
	8.15933 10.1411,
	8.15901 10.1417,
	8.15838 10.1417,
	8.15483 10.1453,
	8.15387 10.1466,
	8.15386 10.1472,
	8.15001 10.1515,
	8.14841 10.1537,
	8.14842 10.1543,
	8.14523 10.159,
	8.1446 10.1596,
	8.14461 10.1603,
	8.14365 10.1612,
	8.14366 10.1618,
	8.14207 10.164,
	8.14207 10.1647,
	8.14018 10.1671,
	8.13956 10.1684,
	8.13894 10.169,
	8.13893 10.1697,
	8.13829 10.17,
	8.13799 10.1712,
	8.13642 10.1731,
	8.13549 10.1743,
	8.13518 10.1756,
	8.13455 10.1756,
	8.13361 10.1768,
	8.13331 10.1781,
	8.13175 10.1803,
	8.13082 10.1812,
	8.13052 10.1825,
	8.12958 10.1838,
	8.12928 10.1851,
	8.12866 10.1857,
	8.12867 10.1863,
	8.12774 10.1876,
	8.12747 10.1902,
	8.12748 10.1909,
	8.12685 10.1911,
	8.12686 10.1918,
	"/>
</Transform>

<Transform dim="0"
 xcoef=" 0 1 0 0 0 0"
 ycoef=" 0 0 1 0 0 0">
<Contour name="d04sp19" hidden="false" closed="true" simplified="true" border="1 0 0" fill="1 0 0" mode="11"
 points="8.033 10.011,
	8.0129 10.0092,
	8.00286 10.0082,
	8.00033 10.008,
	7.98044 9.99901,
	7.96081 9.98095,
	7.94107 9.96146,
	7.93113 9.95199,
	7.92616 9.94693,
	7.90585 9.93313,
	7.89557 9.92688,
	7.88529 9.91935,
	7.8772 9.90803,
	7.87206 9.88499,
	7.86336 9.8389,
	7.85849 9.81566,
	7.85596 9.804,
	7.8385 9.77855,
	7.82987 9.76658,
	7.80931 9.75408,
	7.76771 9.732,
	7.7573 9.72548,
	7.73621 9.70664,
	7.72567 9.69758,
	7.70853 9.67155,
	7.7 9.65869,
	7.6987 9.65705,
	7.69868 9.65633,
	7.70532 9.63405,
	7.70886 9.62294,
	7.71124 9.61747,
	7.73033 9.59899,
	7.73459 9.59375,
	7.7379 9.58258,
	7.7431 9.57167,
	7.75536 9.55015,
	7.77153 9.52926,
	7.78 9.51892,
	7.79317 9.49797,
	7.81495 9.45602,
	7.82469 9.43508,
	7.84711 9.39422,
	7.84923 9.37345,
	7.84997 9.36313,
	7.85405 9.34283,
	7.85608 9.33273,
	7.86875 9.3132,
	7.87615 9.30418,
	7.89706 9.29736,
	7.94031 9.29978,
	7.94305 9.29999,
	7.95416 9.30465,
	7.95974 9.30698,
	7.98227 9.32224,
	8.00493 9.34112,
	8.01056 9.34561,
	8.01339 9.34851,
	8.02844 9.3713,
	8.03929 9.39424,
	8.04572 9.40607,
	8.04695 9.42855,
	8.04485 9.47423,
	8.04564 9.49803,
	8.04918 9.52277,
	8.05068 9.54752,
	8.0508 9.57231,
	8.05118 9.58479,
	8.04928 9.63304,
	8.05067 9.65745,
	8.05159 9.66965,
	8.05845 9.69453,
	8.05977 9.70067,
	8.07003 9.72563,
	8.07726 9.74926,
	8.08006 9.76021,
	8.08024 9.77087,
	8.08065 9.77623,
	8.08054 9.77887,
	8.09474 9.82257,
	8.10225 9.84439,
	8.1038 9.84981,
	8.10436 9.87107,
	8.10432 9.88167,
	8.10115 9.90257,
	8.09794 9.94447,
	8.09562 9.96534,
	8.09089 9.98588,
	8.0899 9.991,
	8.08981 9.9923,
	8.06876 10.0036,
	8.05843 10.0073,
	8.03808 10.0101,
	"/>
</Transform>

<Transform dim="0"
 xcoef=" 0 1 0 0 0 0"
 ycoef=" 0 0 1 0 0 0">
<Contour name="d04p19" hidden="false" closed="true" simplified="true" border="1 0 0" fill="1 0 0" mode="11"
 points="8.22259 10.2477,
	8.20916 10.2215,
	8.23546 10.2236,
	"/>
</Transform>

<Transform dim="0"
 xcoef=" 0 1 0 0 0 0"
 ycoef=" 0 0 1 0 0 0">
<Contour name="d24c21" hidden="false" closed="true" simplified="true" border="0 0 1" fill="0 0 1" mode="11"
 points="6.72715 6.37017,
	6.7225 6.37,
	6.71325 6.36794,
	6.71093 6.36749,
	6.70674 6.36349,
	6.70462 6.35943,
	6.7019 6.35536,
	6.6974 6.35166,
	6.69284 6.34871,
	6.68833 6.34507,
	6.67936 6.33696,
	6.67038 6.32946,
	6.66845 6.3275,
	6.66763 6.32654,
	6.66687 6.32467,
	6.66665 6.32374,
	6.66667 6.3235,
	6.6674 6.32172,
	6.66775 6.32083,
	6.66967 6.31911,
	6.67033 6.31823,
	6.67518 6.31644,
	6.68457 6.31623,
	6.69385 6.31739,
	6.69844 6.31832,
	6.70767 6.31903,
	6.71228 6.31927,
	6.73063 6.31884,
	6.74871 6.31935,
	6.76656 6.32086,
	6.7842 6.32167,
	6.79295 6.32197,
	6.80165 6.32277,
	6.80597 6.32381,
	6.81024 6.32588,
	6.81449 6.32847,
	6.81661 6.33017,
	6.82027 6.33456,
	6.82257 6.33888,
	6.82308 6.33996,
	6.82297 6.34411,
	6.82266 6.34617,
	6.8212 6.35021,
	6.81894 6.35418,
	6.81781 6.35617,
	6.81696 6.35714,
	6.80818 6.36125,
	6.80599 6.36207,
	6.79723 6.3633,
	6.7884 6.365,
	6.77056 6.36707,
	6.76605 6.36789,
	6.757 6.36877,
	6.75247 6.36883,
	6.74794 6.3684,
	6.73879 6.36853,
	6.73648 6.36856,
	6.73179 6.36986,
	"/>
</Transform>

<Transform dim="0"
 xcoef=" 0 1 0 0 0 0"
 ycoef=" 0 0 1 0 0 0">
<Contour name="d07sp31" hidden="false" closed="true" simplified="true" border="1 0 0" fill="1 0 0" mode="11"
 points="9.04096 7.99792,
	9.02252 7.99214,
	9.00449 7.97872,
	8.96846 7.95873,
	8.93269 7.94195,
	8.92387 7.93572,
	8.90608 7.92835,
	8.89723 7.92353,
	8.86153 7.9131,
	8.8526 7.90971,
	8.81656 7.90237,
	8.80748 7.89913,
	8.79831 7.89359,
	8.78906 7.88572,
	8.78439 7.88065,
	8.77502 7.8752,
	8.77031 7.87247,
	8.76795 7.87112,
	8.73048 7.87978,
	8.71114 7.87488,
	8.70112 7.86722,
	8.69332 7.85745,
	8.68121 7.8382,
	8.6659 7.79998,
	8.66308 7.79164,
	8.66304 7.79048,
	8.6705 7.78161,
	8.67297 7.77708,
	8.68315 7.77069,
	8.70363 7.76609,
	8.74415 7.7651,
	8.78417 7.76163,
	8.80399 7.75923,
	8.88256 7.7417,
	8.90183 7.73773,
	8.92036 7.7411,
	8.93829 7.74943,
	8.95562 7.76288,
	8.97261 7.77907,
	8.98586 7.7948,
	8.98588 7.79375,
	8.98592 7.79147,
	8.98595 7.78918,
	8.98599 7.78689,
	8.98602 7.78492,
	9.00545 7.80862,
	9.01354 7.81974,
	9.03042 7.83678,
	9.04715 7.85806,
	9.05826 7.88048,
	9.069 7.92277,
	9.0724 7.93517,
	9.07319 7.94599,
	9.07416 7.95149,
	9.07148 7.96181,
	9.07131 7.96711,
	9.06629 7.97701,
	9.05894 7.98646,
	9.05526 7.99113,
	9.04571 7.99611,
	"/>
</Transform>

<Transform dim="0"
 xcoef=" 0 1 0 0 0 0"
 ycoef=" 0 0 1 0 0 0">
<Contour name="d07sah27" hidden="false" closed="true" simplified="true" border="1 1 0" fill="1 1 0" mode="11"
 points="6.72839 8.283,
	6.66298 8.27542,
	6.67042 8.26656,
	6.72315 8.27253,
	6.73082 8.19899,
	6.67545 8.19385,
	6.67114 8.25733,
	6.66368 8.26616,
	6.66892 8.18466,
	6.73846 8.19098,
	"/>
</Transform>

<Transform dim="0"
 xcoef=" 0 1 0 0 0 0"
 ycoef=" 0 0 1 0 0 0">
<Contour name="d23cfa24" hidden="false" closed="true" simplified="true" border="0 1 0" fill="0 1 0" mode="11"
 points="10.5049 7.80757,
	10.4895 7.8024,
	10.4736 7.79906,
	10.4655 7.79817,
	10.4495 7.80461,
	10.4414 7.80548,
	10.4253 7.80442,
	10.4172 7.80245,
	10.4131 7.80098,
	10.4121 7.79991,
	10.428 7.79444,
	10.436 7.79079,
	10.4519 7.77977,
	10.466 7.76713,
	10.473 7.76027,
	10.481 7.74602,
	10.4841 7.73882,
	10.485 7.70892,
	10.485 7.7052,
	10.478 7.68937,
	10.4391 7.62394,
	10.4233 7.60916,
	10.4153 7.60216,
	10.3833 7.58333,
	10.3754 7.57906,
	10.3724 7.57756,
	10.3714 7.57644,
	10.3879 7.57089,
	10.3961 7.56766,
	10.3983 7.56709,
	10.4302 7.58208,
	10.4342 7.58369,
	10.466 7.61116,
	10.482 7.62555,
	10.49 7.63315,
	10.4959 7.64876,
	10.4987 7.65656,
	10.5306 7.67972,
	10.5399 7.69548,
	10.5468 7.71099,
	10.5492 7.72608,
	10.5508 7.73368,
	10.543 7.76257,
	10.5409 7.7698,
	10.5407 7.7735,
	10.5386 7.77704,
	10.5088 7.80418,
	"/>
</Transform>

<Transform dim="0"
 xcoef=" 0 1 0 0 0 0"
 ycoef=" 0 0 1 0 0 0">
<Contour name="d04sp20" hidden="false" closed="true" simplified="true" border="1 0 0" fill="1 0 0" mode="11"
 points="9.23388 10.1677,
	9.21798 10.1678,
	9.21399 10.1675,
	9.19806 10.1624,
	9.19005 10.1598,
	9.17401 10.15,
	9.16345 10.133,
	9.15695 10.1164,
	9.15545 10.1123,
	9.15509 10.0963,
	9.15471 10.0883,
	9.15475 10.0863,
	9.15475 10.0858,
	9.15959 10.0703,
	9.16071 10.0665,
	9.17074 10.0514,
	9.17605 10.0439,
	9.19273 10.0321,
	9.2011 10.0261,
	9.22483 10.0148,
	9.23864 10.0091,
	9.27078 9.99766,
	9.28663 9.99345,
	9.29054 9.993,
	9.30597 9.994,
	9.3079 9.99399,
	9.31548 9.9964,
	9.31924 9.99783,
	9.32508 10.0056,
	9.32867 10.0212,
	9.32851 10.037,
	9.3287 10.045,
	9.32531 10.0611,
	9.32365 10.0692,
	9.31508 10.0855,
	9.31057 10.0936,
	9.30857 10.0977,
	9.28527 10.1303,
	9.27339 10.1465,
	9.25808 10.162,
	9.25311 10.1653,
	9.24577 10.1673,
	9.23784 10.1685,
	"/>
</Transform>

<Transform dim="0"
 xcoef=" 0 1 0 0 0 0"
 ycoef=" 0 0 1 0 0 0">
<Contour name="d04sp20" hidden="false" closed="true" simplified="true" border="1 0 0" fill="1 0 0" mode="11"
 points="9.23409 10.3741,
	9.21048 10.3682,
	9.19865 10.3649,
	9.17514 10.347,
	9.16329 10.3373,
	9.15733 10.3328,
	9.13337 10.3051,
	9.12731 10.2981,
	9.10293 10.2845,
	9.09069 10.2777,
	9.04144 10.2439,
	8.99214 10.217,
	8.96766 10.2022,
	8.95551 10.1949,
	8.94945 10.1905,
	8.93716 10.164,
	8.93412 10.1575,
	8.93407 10.1511,
	8.93406 10.1495,
	8.93405 10.1487,
	8.93701 10.1004,
	8.94222 10.0767,
	8.94423 10.065,
	8.94846 10.0533,
	8.96663 10.0301,
	8.97544 10.0186,
	8.99618 9.99556,
	9.02158 9.97262,
	9.02779 9.96902,
	9.0301 9.96838,
	9.03137 9.96727,
	9.03767 9.96372,
	9.08804 9.95029,
	9.10082 9.94671,
	9.15337 9.92578,
	9.20542 9.9171,
	9.30634 9.90371,
	9.352 9.89751,
	9.37384 9.90252,
	9.37934 9.90318,
	9.38207 9.90389,
	9.40354 9.92209,
	9.40892 9.92716,
	9.42701 9.9505,
	9.44802 9.97372,
	9.45887 9.98533,
	9.4781 9.99989,
	9.47813 10.001,
	9.4782 10.0034,
	9.47828 10.0058,
	9.47835 10.0082,
	9.47843 10.0106,
	9.47852 10.013,
	9.4786 10.0154,
	9.47862 10.0161,
	9.48896 10.0251,
	9.49981 10.0348,
	9.52083 10.0581,
	9.52355 10.0612,
	9.52624 10.0861,
	9.52764 10.0987,
	9.52585 10.1245,
	9.52525 10.131,
	9.52332 10.1376,
	9.51032 10.1652,
	9.50709 10.1722,
	9.48977 10.1922,
	9.48987 10.1935,
	9.49006 10.1961,
	9.49017 10.1976,
	9.47512 10.211,
	9.45136 10.2308,
	9.42749 10.2487,
	9.41548 10.2584,
	9.40337 10.2695,
	9.39113 10.2821,
	9.38497 10.2887,
	9.36679 10.3147,
	9.35441 10.3258,
	9.34816 10.3321,
	9.342 10.3367,
	9.33647 10.3394,
	9.33632 10.3395,
	9.33022 10.3441,
	9.28186 10.3673,
	"/>
</Transform>

<Transform dim="0"
 xcoef=" 0 1 0 0 0 0"
 ycoef=" 0 0 1 0 0 0">
<Contour name="d23c24" hidden="false" closed="true" simplified="true" border="0 0 1" fill="0 0 1" mode="11"
 points="10.5085 7.81364,
	10.4777 7.81079,
	10.4455 7.8108,
	10.4293 7.8117,
	10.4253 7.81216,
	10.4092 7.80616,
	10.4052 7.80468,
	10.3957 7.78916,
	10.3947 7.78711,
	10.3977 7.78467,
	10.4137 7.7812,
	10.4177 7.78082,
	10.4496 7.76355,
	10.4586 7.7493,
	10.4646 7.73482,
	10.4676 7.72761,
	10.4687 7.72017,
	10.4697 7.71654,
	10.4666 7.70111,
	10.4636 7.69321,
	10.4626 7.68932,
	10.4505 7.67266,
	10.4425 7.65646,
	10.4327 7.63989,
	10.4308 7.63581,
	10.4149 7.61813,
	10.383 7.59651,
	10.367 7.58513,
	10.359 7.57896,
	10.3581 7.57785,
	10.3571 7.57671,
	10.3903 7.56189,
	10.3944 7.56073,
	10.4264 7.57298,
	10.4344 7.57621,
	10.4663 7.59906,
	10.4743 7.60491,
	10.4783 7.60735,
	10.5011 7.64017,
	10.5101 7.65518,
	10.5266 7.66727,
	10.5349 7.67374,
	10.539 7.67604,
	10.5482 7.69177,
	10.5549 7.70728,
	10.5567 7.71118,
	10.5584 7.74097,
	10.5526 7.77001,
	10.5453 7.78417,
	10.5362 7.79729,
	10.5204 7.80709,
	10.5124 7.81208,
	"/>
</Transform>

<Transform dim="0"
 xcoef=" 0 1 0 0 0 0"
 ycoef=" 0 0 1 0 0 0">
<Contour name="d24p22" hidden="false" closed="true" simplified="true" border="1 0 0" fill="1 0 0" mode="11"
 points="7.32135 7.06307,
	7.30884 7.03548,
	7.33817 7.03821,
	"/>
</Transform>

<Transform dim="0"
 xcoef=" 0 1 0 0 0 0"
 ycoef=" 0 0 1 0 0 0">
<Contour name="d04c20" hidden="false" closed="true" simplified="true" border="0 0 1" fill="0 0 1" mode="11"
 points="9.21063 10.204,
	9.18376 10.1992,
	9.18039 10.1985,
	9.1669 10.1926,
	9.16014 10.1898,
	9.15675 10.1882,
	9.12965 10.1682,
	9.12624 10.1643,
	9.11734 10.1496,
	9.1127 10.1422,
	9.10975 10.135,
	9.10275 10.1069,
	9.10208 10.0933,
	9.10231 10.0798,
	9.10233 10.0785,
	9.10235 10.0781,
	9.10688 10.065,
	9.10875 10.0585,
	9.12063 10.0328,
	9.12922 10.0202,
	9.13419 10.0139,
	9.13511 10.0123,
	9.1493 10.0009,
	9.15285 9.99826,
	9.16251 9.99431,
	9.1636 9.99352,
	9.19218 9.98165,
	9.20644 9.97676,
	9.23467 9.96925,
	9.24851 9.96749,
	9.25538 9.96682,
	9.2621 9.96738,
	9.26379 9.96741,
	9.27008 9.97295,
	9.27275 9.97635,
	9.27645 9.9831,
	9.28432 10.0101,
	9.29135 10.0372,
	9.29233 10.044,
	9.29266 10.0714,
	9.29106 10.1268,
	9.29084 10.1408,
	9.29033 10.1477,
	9.29028 10.1513,
	9.28809 10.1582,
	9.28508 10.1651,
	9.28337 10.1686,
	9.28083 10.172,
	9.26735 10.182,
	9.26058 10.1869,
	9.25721 10.189,
	9.25552 10.1893,
	9.25214 10.1918,
	9.25144 10.1919,
	9.24917 10.1936,
	9.24582 10.1956,
	9.24414 10.196,
	9.24079 10.1984,
	9.21398 10.2038,
	"/>
</Transform>

<Transform dim="0"
 xcoef=" 0 1 0 0 0 0"
 ycoef=" 0 0 1 0 0 0">
<Contour name="d04c19" hidden="false" closed="true" simplified="true" border="0 0 1" fill="0 0 1" mode="11"
 points="7.76222 9.60773,
	7.75211 9.6049,
	7.74706 9.60349,
	7.74581 9.60332,
	7.73546 9.59281,
	7.73032 9.58794,
	7.72549 9.57619,
	7.72341 9.57039,
	7.72327 9.5676,
	7.72323 9.5669,
	7.7232 9.56621,
	7.72386 9.55525,
	7.72419 9.54979,
	7.73156 9.52876,
	7.74384 9.50849,
	7.75126 9.49858,
	7.75469 9.49362,
	7.7641 9.48471,
	7.76885 9.48062,
	7.78845 9.4729,
	7.79346 9.47215,
	7.80371 9.47525,
	7.80885 9.47648,
	7.81012 9.47663,
	7.82025 9.48841,
	7.82472 9.49971,
	7.82631 9.50532,
	7.82889 9.52755,
	7.82764 9.53848,
	7.82325 9.56029,
	7.82075 9.57125,
	7.81918 9.5767,
	7.80193 9.59633,
	7.79208 9.60134,
	7.78717 9.60419,
	7.76719 9.60702,
	"/>
</Transform>

<Transform dim="0"
 xcoef=" 0 1 0 0 0 0"
 ycoef=" 0 0 1 0 0 0">
<Contour name="d30cfa11" hidden="false" closed="false" simplified="true" border="1 0 0" fill="1 0 0" mode="11"
 points="11.9031 8.48477,
	11.8612 8.49311,
	11.8362 8.49834,
	11.819 8.50319,
	11.7404 8.53337,
	"/>
</Transform>

<Transform dim="0"
 xcoef=" 0 1 0 0 0 0"
 ycoef=" 0 0 1 0 0 0">
<Contour name="d04cfa19" hidden="false" closed="false" simplified="true" border="0 0 1" fill="0 0 1" mode="11"
 points="7.81586 9.5032,
	7.81295 9.51307,
	7.80797 9.53122,
	7.80171 9.55606,
	7.79298 9.56833,
	7.7839 9.57479,
	7.77738 9.58063,
	7.76534 9.59534,
	7.75537 9.60071,
	"/>
</Transform>

<Transform dim="0"
 xcoef=" 0 1 0 0 0 0"
 ycoef=" 0 0 1 0 0 0">
<Contour name="d04cfa20" hidden="false" closed="false" simplified="true" border="0 0 1" fill="0 0 1" mode="11"
 points="9.2676 9.9822,
	9.25598 9.98488,
	9.24172 9.98747,
	9.22182 9.99568,
	9.20191 10.0029,
	9.19126 10.0074,
	9.17518 10.0166,
	9.16211 10.0278,
	9.14987 10.0424,
	9.1393 10.0637,
	9.1367 10.0862,
	9.14031 10.1111,
	9.14844 10.1318,
	9.16219 10.1493,
	9.18147 10.1616,
	9.19938 10.1703,
	9.21849 10.1733,
	9.235 10.173,
	9.24937 10.1707,
	9.26289 10.1631,
	"/>
</Transform>

<Transform dim="0"
 xcoef=" 0 1 0 0 0 0"
 ycoef=" 0 0 1 0 0 0">
<Contour name="d23cfa24" hidden="false" closed="false" simplified="true" border="0 1 0" fill="0 1 0" mode="11"
 points="10.4826 7.74229,
	10.4836 7.73675,
	10.4865 7.71833,
	10.4855 7.70512,
	10.4794 7.69317,
	10.4673 7.67384,
	10.4513 7.64636,
	"/>
</Transform>

<Transform dim="0"
 xcoef=" 0 1 0 0 0 0"
 ycoef=" 0 0 1 0 0 0">
<Contour name="d04c18" hidden="false" closed="true" simplified="true" border="0 0 1" fill="0 0 1" mode="11"
 points="8.40016 11.5477,
	8.38361 11.5471,
	8.36704 11.5454,
	8.35879 11.5437,
	8.35472 11.5423,
	8.34708 11.5347,
	8.34386 11.5304,
	8.34023 11.5206,
	8.3403 11.52,
	8.34038 11.5194,
	8.34317 11.5099,
	8.34431 11.5051,
	8.34516 11.5027,
	8.35224 11.4934,
	8.35553 11.4888,
	8.36423 11.4795,
	8.36911 11.4749,
	8.40491 11.4594,
	8.40928 11.4579,
	8.41382 11.4553,
	8.42327 11.4476,
	8.44128 11.4378,
	8.45022 11.4332,
	8.45473 11.4307,
	8.47188 11.4259,
	8.47598 11.4258,
	8.4798 11.4275,
	8.4817 11.4284,
	8.48504 11.4331,
	8.4885 11.4434,
	8.48898 11.4532,
	8.48757 11.4725,
	8.48516 11.4819,
	8.48397 11.4866,
	8.47964 11.4957,
	8.47749 11.5003,
	8.47121 11.5092,
	8.4681 11.5136,
	8.4604 11.5223,
	8.45137 11.5297,
	8.4425 11.5359,
	8.43388 11.5398,
	8.41695 11.5449,
	"/>
</Transform>

<Transform dim="0"
 xcoef=" 0 1 0 0 0 0"
 ycoef=" 0 0 1 0 0 0">
<Contour name="d04cfa18" hidden="false" closed="false" simplified="false" border="0 0 1" fill="0 0 1" mode="11"
 points="8.44746 11.4658,
	8.43288 11.4815,
	8.39812 11.5129,
	8.36607 11.5329,
	8.35542 11.5369,
	"/>
</Transform>

<Transform dim="0"
 xcoef=" 0 1 0 0 0 0"
 ycoef=" 0 0 1 0 0 0">
<Contour name="d17serb16" hidden="false" closed="true" simplified="true" border="1 0 0" fill="1 0 0" mode="11"
 points="4.47093 7.78332,
	4.46273 7.78163,
	4.46407 7.77239,
	4.45585 7.77072,
	4.4572 7.7615,
	4.46543 7.76318,
	4.46682 7.75398,
	4.47506 7.75572,
	4.47366 7.7649,
	4.48187 7.76667,
	4.48049 7.77585,
	4.47229 7.7741,
	"/>
</Transform>

<Transform dim="0"
 xcoef=" 0 1 0 0 0 0"
 ycoef=" 0 0 1 0 0 0">
<Contour name="d17p16" hidden="false" closed="true" simplified="true" border="1 0 0" fill="1 0 0" mode="11"
 points="4.48024 7.86296,
	4.46049 7.80518,
	4.51189 7.816,
	"/>
</Transform>

<Transform dim="1"
 xcoef=" -0.03 1 0 0 0 0"
 ycoef=" 0 0 1 0 0 0">
<Contour name="d19sp19" hidden="false" closed="true" simplified="true" border="1 0 0" fill="1 0 0" mode="11"
 points="4.26957 11.3632,
	4.25934 11.3622,
	4.25422 11.3617,
	4.23685 11.3502,
	4.22823 11.3442,
	4.19679 11.3103,
	4.17464 11.2724,
	4.16375 11.2527,
	4.14595 11.2126,
	4.14425 11.2076,
	4.10915 11.1682,
	4.10015 11.159,
	4.06286 11.1312,
	4.02486 11.1114,
	3.98685 11.0953,
	3.94789 11.0881,
	3.86805 11.0871,
	3.84831 11.0856,
	3.82888 11.0819,
	3.81034 11.0767,
	3.79233 11.0694,
	3.77862 11.0492,
	3.77663 11.0466,
	3.77737 11.0418,
	3.77756 11.0406,
	3.78912 11.0219,
	3.8036 11.0035,
	3.81478 10.9972,
	3.83632 10.9895,
	3.84686 10.9869,
	3.92752 10.9855,
	3.94835 10.9829,
	3.9595 10.9787,
	3.96555 10.9748,
	3.97417 10.9664,
	3.98533 10.9621,
	3.99539 10.9614,
	4.03094 10.9744,
	4.03991 10.9775,
	4.05876 10.9799,
	4.07814 10.9799,
	4.09877 10.9734,
	4.17687 10.9568,
	4.19442 10.9625,
	4.21244 10.9714,
	4.22205 10.9747,
	4.24282 10.9721,
	4.24794 10.9717,
	4.25916 10.9643,
	4.26364 10.9596,
	4.26891 10.9496,
	4.27348 10.9283,
	4.27728 10.8848,
	4.28002 10.8633,
	4.282 10.8528,
	4.2994 10.8122,
	4.30243 10.8073,
	4.31154 10.7977,
	4.32092 10.792,
	4.3386 10.7871,
	4.35496 10.7927,
	4.36288 10.7989,
	4.37581 10.8221,
	4.39166 10.8461,
	4.40858 10.8649,
	4.42555 10.8878,
	4.43418 10.8985,
	4.50591 10.9494,
	4.52371 10.9615,
	4.55859 10.9887,
	4.59323 11.0082,
	4.61014 11.0188,
	4.61424 11.0227,
	4.62031 11.0431,
	4.61976 11.0631,
	4.61256 11.0827,
	4.60302 11.1021,
	4.58998 11.1212,
	4.57336 11.1401,
	4.55329 11.1565,
	4.53333 11.1693,
	4.49315 11.1902,
	4.4724 11.2026,
	4.4517 11.2125,
	4.44151 11.2156,
	4.43094 11.2208,
	4.34767 11.2845,
	4.3379 11.2924,
	4.33275 11.3005,
	4.32816 11.3165,
	4.32697 11.3322,
	4.32726 11.3361,
	4.32164 11.3434,
	4.31941 11.3471,
	4.30864 11.354,
	4.29697 11.3588,
	4.29108 11.3612,
	"/>
<Contour name="d19cfa19" hidden="false" closed="true" simplified="true" border="0 1 0" fill="0 1 0" mode="11"
 points="4.14861 11.2301,
	4.14437 11.2297,
	4.13634 11.2268,
	4.13229 11.2255,
	4.12841 11.2233,
	4.12644 11.2224,
	4.11211 11.207,
	4.10225 11.1893,
	4.09503 11.1808,
	4.07944 11.171,
	4.06373 11.162,
	4.05599 11.1568,
	4.04848 11.1501,
	4.04479 11.1462,
	4.03702 11.1414,
	4.02953 11.1346,
	4.02193 11.1288,
	4.01821 11.1254,
	4.00246 11.1182,
	3.99431 11.1168,
	3.98633 11.1145,
	3.98242 11.1126,
	3.98038 11.1086,
	3.98036 11.1049,
	3.98043 11.1044,
	3.9825 11.1008,
	3.99148 11.096,
	3.99997 11.0948,
	4.00213 11.0942,
	4.01034 11.0951,
	4.01244 11.095,
	4.01691 11.0929,
	4.02152 11.0897,
	4.03028 11.087,
	4.03441 11.0874,
	4.03644 11.0879,
	4.04 11.0923,
	4.04182 11.0943,
	4.0427 11.0956,
	4.04107 11.1036,
	4.04416 11.1079,
	4.05173 11.1143,
	4.05557 11.1173,
	4.07147 11.125,
	4.0794 11.1293,
	4.08333 11.1317,
	4.08533 11.1327,
	4.0896 11.1326,
	4.09174 11.1325,
	4.09304 11.1307,
	4.09305 11.1266,
	4.09331 11.1246,
	4.09292 11.1235,
	4.09653 11.1201,
	4.09834 11.1184,
	4.0995 11.1176,
	4.10151 11.1186,
	4.10255 11.1188,
	4.10773 11.1283,
	4.11084 11.1372,
	4.11291 11.1417,
	4.11668 11.1456,
	4.12452 11.1508,
	4.12761 11.1555,
	4.13137 11.1593,
	4.13906 11.1655,
	4.14574 11.1748,
	4.14827 11.1793,
	4.16203 11.1974,
	4.16379 11.1997,
	4.16718 11.2082,
	4.16705 11.212,
	4.16671 11.2139,
	4.16173 11.2207,
	4.15513 11.2271,
	4.15321 11.2286,
	"/>
</Transform>

<Transform dim="1"
 xcoef=" 0 1 0 0 0 0"
 ycoef=" -0.05 0 1 0 0 0">
<Contour name="d24sp20" hidden="false" closed="true" simplified="true" border="1 0 0" fill="1 0 0" mode="11"
 points="6.52278 7.70104,
	6.51076 7.70103,
	6.48696 7.69812,
	6.46326 7.69318,
	6.4573 7.69217,
	6.43407 7.68121,
	6.42825 7.67859,
	6.42531 7.67749,
	6.40247 7.66153,
	6.391 7.6537,
	6.37963 7.64519,
	6.36831 7.63601,
	6.36769 7.63445,
	6.36648 7.62165,
	6.36637 7.61844,
	6.36644 7.61763,
	6.36646 7.61723,
	6.36935 7.60415,
	6.37095 7.59762,
	6.38062 7.5714,
	6.38933 7.5456,
	6.39495 7.5327,
	6.4013 7.51985,
	6.40466 7.51346,
	6.40633 7.51026,
	6.40717 7.50866,
	6.41917 7.50802,
	6.43124 7.50671,
	6.43726 7.50608,
	6.44946 7.503,
	6.45556 7.50129,
	6.46773 7.49912,
	6.47382 7.49786,
	6.47687 7.49744,
	6.4888 7.49923,
	6.49477 7.50034,
	6.49774 7.50072,
	6.52139 7.50798,
	6.52433 7.50914,
	6.54742 7.52419,
	6.5704 7.53802,
	6.58185 7.54448,
	6.58756 7.54787,
	6.59088 7.55404,
	6.59252 7.55711,
	6.59538 7.5586,
	6.60096 7.56352,
	6.60573 7.56963,
	6.60775 7.57268,
	6.60995 7.57886,
	6.61123 7.58194,
	6.61046 7.59453,
	6.60819 7.60722,
	6.60703 7.61357,
	6.59942 7.63913,
	6.59895 7.64072,
	6.58989 7.65372,
	6.5846 7.66023,
	6.57245 7.6733,
	6.56638 7.67983,
	6.55365 7.68975,
	6.5411 7.69688,
	6.53483 7.70026,
	"/>
</Transform>

<Transform dim="1"
 xcoef=" 0.03 1 0 0 0 0"
 ycoef=" 0.01 0 1 0 0 0">
<Contour name="d05sp25" hidden="false" closed="true" simplified="true" border="1 0 0" fill="1 0 0" mode="11"
 points="12.2602 11.3724,
	12.2272 11.3705,
	12.2191 11.3709,
	12.1885 11.3403,
	12.1535 11.3107,
	12.1366 11.2947,
	12.1292 11.2866,
	12.1136 11.254,
	12.101 11.1879,
	12.0972 11.1714,
	12.097 11.1694,
	12.111 11.1352,
	12.1153 11.1267,
	12.1512 11.1022,
	12.169 11.0893,
	12.2042 11.0827,
	12.2726 11.0878,
	12.3396 11.1007,
	12.3731 11.1085,
	12.4066 11.1205,
	12.441 11.1465,
	12.4586 11.1594,
	12.4632 11.1636,
	12.4693 11.1946,
	12.4812 11.2251,
	12.4928 11.2825,
	12.4941 11.3098,
	12.4834 11.3234,
	12.4503 11.3415,
	12.4345 11.3544,
	12.3631 11.3671,
	12.3283 11.3723,
	"/>
<Contour name="d05cfa25" hidden="false" closed="true" simplified="true" border="0 1 0" fill="0 1 0" mode="11"
 points="12.2399 11.3076,
	12.2273 11.3065,
	12.1994 11.2837,
	12.1745 11.2604,
	12.1489 11.2611,
	12.1424 11.2613,
	12.1142 11.2494,
	12.0999 11.2435,
	12.0964 11.231,
	12.0949 11.2056,
	12.0917 11.193,
	12.0893 11.1867,
	12.0892 11.1851,
	12.0889 11.1836,
	12.1009 11.1573,
	12.104 11.1507,
	12.1311 11.1268,
	12.1447 11.1183,
	12.1987 11.1011,
	12.2252 11.0933,
	12.2385 11.0904,
	12.2451 11.0889,
	12.348 11.1098,
	12.3609 11.112,
	12.4125 11.1409,
	12.4257 11.1492,
	12.4326 11.1617,
	12.4404 11.1859,
	12.4444 11.1979,
	12.4482 11.2213,
	12.449 11.2665,
	12.4494 11.2693,
	12.4237 11.2819,
	12.411 11.2877,
	12.4045 11.2906,
	12.4013 11.2921,
	12.3727 11.2843,
	12.3656 11.2816,
	12.3151 11.2983,
	12.2647 11.305,
	"/>
</Transform>

<Transform dim="0"
 xcoef=" 0 1 0 0 0 0"
 ycoef=" 0 0 1 0 0 0">
<Contour name="d19c19" hidden="false" closed="true" simplified="true" border="0 0 1" fill="0 0 1" mode="11"
 points="4.00638 11.1175,
	4.01174 11.1068,
	4.01443 11.1027,
	4.01174 11.1001,
	4.00906 11.1014,
	4.00772 11.096,
	4.00906 11.0853,
	4.01443 11.0746,
	4.01979 11.0705,
	4.04126 11.0665,
	4.0842 11.0692,
	4.12713 11.0772,
	4.1486 11.0826,
	4.17007 11.0933,
	4.19153 11.1121,
	4.20227 11.1336,
	4.21032 11.1551,
	4.21434 11.1765,
	4.21434 11.1873,
	4.21032 11.2087,
	4.20495 11.2195,
	4.19556 11.2302,
	4.18483 11.2342,
	4.16336 11.2369,
	4.15262 11.2382,
	4.10969 11.2356,
	4.08822 11.2329,
	4.06675 11.2275,
	4.04529 11.2154,
	4.03455 11.206,
	4.02248 11.1846,
	4.00772 11.1416,
	4.00638 11.1202,
	4.00638 11.1188,
	"/>
</Transform>

<Transform dim="0"
 xcoef=" 0 1 0 0 0 0"
 ycoef=" 0 0 1 0 0 0">
<Contour name="d19sp20" hidden="false" closed="true" simplified="true" border="1 0 0" fill="1 0 0" mode="11"
 points="5.61348 11.2096,
	5.62427 11.2082,
	5.64585 11.215,
	5.68902 11.2338,
	5.73219 11.246,
	5.81852 11.2581,
	5.8401 11.2581,
	5.85089 11.2581,
	5.86169 11.2554,
	5.90485 11.2622,
	5.92644 11.2689,
	5.93723 11.2743,
	5.94802 11.2824,
	5.96286 11.304,
	5.97095 11.3256,
	5.9723 11.3364,
	5.96825 11.3579,
	5.95341 11.4011,
	5.94667 11.4119,
	5.93588 11.4227,
	5.92509 11.4308,
	5.91969 11.4335,
	5.89811 11.4348,
	5.85494 11.4281,
	5.84415 11.4294,
	5.83875 11.4321,
	5.81852 11.4537,
	5.81447 11.4645,
	5.81582 11.4753,
	5.81312 11.4874,
	5.80773 11.4982,
	5.80503 11.5036,
	5.79289 11.5239,
	5.79019 11.5279,
	5.75916 11.4416,
	5.74028 11.3984,
	5.716 11.3552,
	5.66069 11.2689,
	5.62697 11.2257,
	5.61618 11.215,
	5.61348 11.2109,
	"/>
</Transform>

<Transform dim="1"
 xcoef=" -0.01 1 0 0 0 0"
 ycoef=" 0 0 1 0 0 0">
<Contour name="d19sp24" hidden="false" closed="true" simplified="true" border="1 0 0" fill="1 0 0" mode="11"
 points="6.20924 10.6022,
	6.15766 10.5917,
	6.13122 10.5798,
	6.11776 10.5717,
	6.104 10.5606,
	6.10155 10.5501,
	6.10141 10.5486,
	6.11795 10.5021,
	6.13356 10.4789,
	6.14515 10.4662,
	6.15181 10.4599,
	6.20656 10.4329,
	6.23373 10.4206,
	6.28883 10.412,
	6.30269 10.4122,
	6.31617 10.4096,
	6.32321 10.4112,
	6.32664 10.4113,
	6.33979 10.4218,
	6.35239 10.4456,
	6.35879 10.4939,
	6.35969 10.5437,
	6.35275 10.5563,
	6.34056 10.5689,
	6.33358 10.5752,
	6.31968 10.5815,
	6.29199 10.5862,
	6.26426 10.5958,
	6.23659 10.6007,
	"/>
</Transform>

<Transform dim="1"
 xcoef=" -0.02 1 0 0 0 0"
 ycoef=" -0.01 0 1 0 0 0">
<Contour name="d24sp22" hidden="false" closed="true" simplified="true" border="1 0 0" fill="1 0 0" mode="11"
 points="7.08753 7.07742,
	7.09259 7.07615,
	7.09764 7.07742,
	7.11787 7.06731,
	7.12798 7.06098,
	7.13304 7.05846,
	7.15326 7.0395,
	7.16337 7.03318,
	7.1836 7.02686,
	7.19371 7.02306,
	7.23416 7.02054,
	7.25438 7.01674,
	7.27461 7.00789,
	7.28725 6.98767,
	7.29736 6.98009,
	7.33781 6.96365,
	7.34792 6.95986,
	7.36815 6.94722,
	7.38837 6.92952,
	7.42377 6.89034,
	7.45284 6.84989,
	7.47939 6.80944,
	7.48318 6.80438,
	7.50467 6.72348,
	7.50846 6.68303,
	7.50087 6.66281,
	7.50467 6.62236,
	7.50593 6.61225,
	7.53374 6.53135,
	7.5388 6.52124,
	7.54132 6.51618,
	7.56155 6.49595,
	7.56534 6.49216,
	7.57672 6.53261,
	7.57672 6.55284,
	7.57798 6.56295,
	7.57672 6.56801,
	7.5843 6.60845,
	7.58304 6.6489,
	7.57798 6.68935,
	7.56913 6.7298,
	7.55649 6.77025,
	7.5527 6.78037,
	7.54006 6.80059,
	7.53248 6.82082,
	7.535 6.84104,
	7.53248 6.85115,
	7.53121 6.85621,
	7.51099 6.87138,
	7.47054 6.89666,
	7.45031 6.91435,
	7.43388 6.93458,
	7.41365 6.94975,
	7.40481 6.95733,
	7.38711 6.99778,
	7.38205 7.01801,
	7.38079 7.02812,
	7.38079 7.02938,
	7.37826 7.02559,
	7.37194 7.04582,
	7.36815 7.06604,
	7.36688 7.06731,
	7.37321 7.08753,
	7.39469 7.12798,
	7.4225 7.16843,
	7.42756 7.17854,
	7.44273 7.19877,
	7.44652 7.20382,
	7.44778 7.20888,
	7.44273 7.21014,
	7.4225 7.20635,
	7.41365 7.20256,
	7.40354 7.20129,
	7.39469 7.1975,
	7.38458 7.19624,
	7.34413 7.18107,
	7.30368 7.16843,
	7.22278 7.1343,
	7.18233 7.11787,
	7.14188 7.09891,
	7.12166 7.09006,
	7.10143 7.08374,
	7.09132 7.07995,
	7.08879 7.07868,
	"/>
</Transform>

<Transform dim="0"
 xcoef=" 0 1 0 0 0 0"
 ycoef=" 0 0 1 0 0 0">
<Contour name="d24sp25" hidden="false" closed="true" simplified="true" border="1 0 0" fill="1 0 0" mode="11"
 points="9.14529 7.85377,
	9.12912 7.85276,
	9.12104 7.85276,
	9.11699 7.85276,
	9.11295 7.85074,
	9.09679 7.83659,
	9.08971 7.82952,
	9.0786 7.81335,
	9.07456 7.80527,
	9.06748 7.77293,
	9.06647 7.76889,
	9.06748 7.76081,
	9.06647 7.75677,
	9.07253 7.7406,
	9.0786 7.70826,
	9.08264 7.6921,
	9.08466 7.68806,
	9.0978 7.67189,
	9.13013 7.6436,
	9.13821 7.63753,
	9.1463 7.63349,
	9.14832 7.63248,
	9.15438 7.63046,
	9.17055 7.63046,
	9.20288 7.62137,
	9.21905 7.61732,
	9.23421 7.60318,
	9.24027 7.58701,
	9.24633 7.57893,
	9.2625 7.56377,
	9.29484 7.54255,
	9.311 7.52739,
	9.31302 7.52537,
	9.31707 7.52537,
	9.33323 7.53447,
	9.34839 7.54962,
	9.36153 7.56579,
	9.37264 7.58196,
	9.38173 7.59812,
	9.38881 7.61429,
	9.39285 7.62238,
	9.39386 7.63046,
	9.39386 7.6345,
	9.39689 7.64258,
	9.39689 7.65875,
	9.3979 7.66279,
	9.39689 7.66684,
	9.3878 7.683,
	9.38173 7.69109,
	9.3494 7.71837,
	9.33323 7.73454,
	9.32515 7.74262,
	9.29281 7.76283,
	9.27665 7.77495,
	9.26856 7.78203,
	9.25543 7.7982,
	9.24027 7.81335,
	9.2241 7.82548,
	9.21602 7.83154,
	9.18368 7.84266,
	9.16752 7.84771,
	9.15943 7.85074,
	9.15539 7.85276,
	9.14731 7.85377,
	9.1463 7.85377,
	"/>
</Transform>

<Transform dim="0"
 xcoef=" 0 1 0 0 0 0"
 ycoef=" 0 0 1 0 0 0">
<Contour name="d24c25" hidden="false" closed="true" simplified="true" border="0 0 1" fill="0 0 1" mode="11"
 points="9.39445 7.65247,
	9.38367 7.65187,
	9.37825 7.64977,
	9.37554 7.64855,
	9.3647 7.64008,
	9.35977 7.63513,
	9.35311 7.62306,
	9.35161 7.62006,
	9.34957 7.61407,
	9.3487 7.61109,
	9.34842 7.6096,
	9.34099 7.59781,
	9.33807 7.59194,
	9.3332 7.58027,
	9.33117 7.56862,
	9.33089 7.56442,
	9.32922 7.55433,
	9.32887 7.54846,
	9.32914 7.54259,
	9.32898 7.53968,
	9.32905 7.5382,
	9.32907 7.53784,
	9.33273 7.52604,
	9.3353 7.52378,
	9.33659 7.52265,
	9.33723 7.5219,
	9.34224 7.52032,
	9.34719 7.51987,
	9.34969 7.51947,
	9.35214 7.5198,
	9.36182 7.52444,
	9.37143 7.53172,
	9.37264 7.53245,
	9.38212 7.54381,
	9.38331 7.54529,
	9.38936 7.55707,
	9.39424 7.56888,
	9.39852 7.57971,
	9.40218 7.59066,
	9.40352 7.5962,
	9.40454 7.59894,
	9.40587 7.60987,
	9.40622 7.61125,
	9.40728 7.614,
	9.40878 7.62525,
	9.40916 7.62808,
	9.4087 7.63956,
	9.40646 7.64548,
	9.40517 7.64847,
	9.39981 7.65064,
	9.39714 7.65192,
	"/>
</Transform>

<Transform dim="1"
 xcoef=" -0.02 1 0 0 0 0"
 ycoef=" 0.01 0 1 0 0 0">
<Contour name="d24cfa25" hidden="false" closed="false" simplified="true" border="0 0 1" fill="0 0 1" mode="11"
 points="9.31515 7.55181,
	9.31786 7.55318,
	9.32169 7.55708,
	9.33473 7.57108,
	9.34549 7.58313,
	9.35441 7.59752,
	9.364 7.61506,
	9.3715 7.62867,
	9.37575 7.64156,
	9.38045 7.65647,
	"/>
</Transform>

<Transform dim="0"
 xcoef=" 0 1 0 0 0 0"
 ycoef=" 0 0 1 0 0 0">
<Contour name="d24sph25" hidden="false" closed="true" simplified="true" border="1 0 0" fill="1 0 0" mode="11"
 points="9.14529 7.85377,
	9.12912 7.85276,
	9.12104 7.85276,
	9.11699 7.85276,
	9.11295 7.85074,
	9.09679 7.83659,
	9.08971 7.82952,
	9.0786 7.81335,
	9.07456 7.80527,
	9.06748 7.77293,
	9.06647 7.76889,
	9.06748 7.76081,
	9.06647 7.75677,
	9.07253 7.7406,
	9.0786 7.70826,
	9.08264 7.6921,
	9.08466 7.68806,
	9.0978 7.67189,
	9.13013 7.6436,
	9.13821 7.63753,
	9.15438 7.62844,
	9.15741 7.62743,
	9.16449 7.62541,
	9.19682 7.62541,
	9.2049 7.62238,
	9.21299 7.61732,
	9.21703 7.61429,
	9.22511 7.61126,
	9.2332 7.6052,
	9.23724 7.60217,
	9.24027 7.59408,
	9.24128 7.586,
	9.24532 7.57792,
	9.26149 7.5668,
	9.29382 7.5375,
	9.30999 7.52638,
	9.31201 7.52537,
	9.31605 7.52436,
	9.33222 7.53346,
	9.34738 7.54861,
	9.36051 7.56478,
	9.37163 7.58095,
	9.37769 7.58903,
	9.39184 7.62137,
	9.39386 7.62541,
	9.39386 7.63349,
	9.39689 7.64157,
	9.39689 7.65774,
	9.39689 7.66178,
	9.3979 7.6638,
	9.38982 7.67997,
	9.38477 7.68806,
	9.35243 7.71635,
	9.3201 7.74666,
	9.30393 7.75576,
	9.27159 7.779,
	9.25846 7.79516,
	9.2433 7.81133,
	9.22713 7.82346,
	9.21905 7.82952,
	9.20288 7.83659,
	9.17055 7.8467,
	9.15438 7.85276,
	9.1463 7.85377,
	"/>
<Contour name="d24sph25" hidden="false" closed="true" simplified="true" border="1 0 0" fill="1 0 0" mode="11"
 points="9.24128 7.57792,
	9.2433 7.57792,
	"/>
</Transform>

<Transform dim="0"
 xcoef=" 0 1 0 0 0 0"
 ycoef=" 0 0 1 0 0 0">
<Contour name="dch_na_d19c19" hidden="false" closed="true" simplified="true" border="0 0 1" fill="0 0 1" mode="11"
 points="4.02065 11.128,
	4.02164 11.1201,
	4.03052 11.0885,
	4.0325 11.0806,
	4.03348 11.0767,
	4.03398 11.0747,
	4.03546 11.0732,
	4.04336 11.0737,
	4.05125 11.0732,
	4.0552 11.0727,
	4.071 11.0757,
	4.0868 11.0806,
	4.09469 11.0841,
	4.10259 11.089,
	4.11839 11.0959,
	4.12629 11.0994,
	4.14208 11.1092,
	4.14998 11.1137,
	4.17911 11.1453,
	4.19293 11.1611,
	4.19984 11.169,
	4.20083 11.1699,
	4.2028 11.1857,
	4.20231 11.1936,
	4.20231 11.1976,
	4.20626 11.2134,
	4.2102 11.2213,
	4.21662 11.2371,
	4.22551 11.2529,
	4.19391 11.2657,
	4.17812 11.2716,
	4.17022 11.2746,
	4.16627 11.2761,
	4.1643 11.2771,
	4.15689 11.2613,
	4.14702 11.2455,
	4.14307 11.2376,
	4.14011 11.2297,
	4.13912 11.2257,
	4.1332 11.2178,
	4.12579 11.2114,
	4.12382 11.2099,
	4.11345 11.1941,
	4.10802 11.1862,
	4.10555 11.1823,
	4.08976 11.1695,
	4.08581 11.166,
	4.05422 11.1448,
	4.03842 11.1369,
	4.03447 11.1349,
	4.02657 11.1324,
	4.02262 11.1314,
	4.02065 11.1305,
	4.02065 11.1285,
	"/>
</Transform>

<Transform dim="0"
 xcoef=" 0 1 0 0 0 0"
 ycoef=" 0 0 1 0 0 0">
<Contour name="d05c25" hidden="false" closed="true" simplified="true" border="0 0 1" fill="0 0 1" mode="11"
 points="12.2203 11.2972,
	12.2077 11.2961,
	12.1799 11.2734,
	12.1551 11.2501,
	12.1296 11.2508,
	12.1233 11.251,
	12.0954 11.239,
	12.0812 11.2331,
	12.0778 11.2205,
	12.0765 11.195,
	12.0734 11.1823,
	12.071 11.176,
	12.0709 11.1745,
	12.0707 11.1729,
	12.0826 11.1466,
	12.0858 11.14,
	12.1126 11.1163,
	12.1262 11.1078,
	12.1798 11.0911,
	12.2062 11.0834,
	12.2194 11.0805,
	12.2259 11.0791,
	12.3287 11.1003,
	12.3416 11.1025,
	12.3934 11.1316,
	12.4068 11.14,
	12.4138 11.1524,
	12.4216 11.1766,
	12.4258 11.1885,
	12.4297 11.2118,
	12.4307 11.2566,
	12.4311 11.2594,
	12.4053 11.2717,
	12.3925 11.2774,
	12.3861 11.2803,
	12.3829 11.2818,
	12.354 11.274,
	12.3469 11.2713,
	12.2959 11.2878,
	12.2453 11.2946,
	"/>
</Transform>

<Transform dim="1"
 xcoef=" 0.04 1 0 0 0 0"
 ycoef=" 0.01 0 1 0 0 0">
<Contour name="dch_d05c25" hidden="false" closed="true" simplified="true" border="0 0 1" fill="0 0 1" mode="11"
 points="12.2503 11.3072,
	12.2377 11.3061,
	12.2099 11.2834,
	12.1851 11.2601,
	12.1596 11.2608,
	12.1533 11.261,
	12.1254 11.249,
	12.1112 11.2431,
	12.1078 11.2305,
	12.1065 11.205,
	12.1034 11.1923,
	12.101 11.186,
	12.1009 11.1845,
	12.1007 11.1829,
	12.1126 11.1566,
	12.1158 11.15,
	12.1426 11.1263,
	12.1562 11.1178,
	12.2098 11.1011,
	12.2362 11.0934,
	12.2494 11.0905,
	12.2559 11.0891,
	12.3587 11.1103,
	12.3716 11.1125,
	12.4234 11.1416,
	12.4368 11.15,
	12.4438 11.1624,
	12.4516 11.1866,
	12.4558 11.1985,
	12.4597 11.2218,
	12.4607 11.2666,
	12.4611 11.2694,
	12.4353 11.2817,
	12.4225 11.2874,
	12.4161 11.2903,
	12.4129 11.2918,
	12.384 11.284,
	12.3769 11.2813,
	12.3259 11.2978,
	12.2753 11.3046,
	"/>
</Transform>

<Transform dim="1"
 xcoef=" -0.02 1 0 0 0 0"
 ycoef=" -0.01 0 1 0 0 0">
<Contour name="dch_d24c25" hidden="false" closed="true" simplified="true" border="0 0 1" fill="0 0 1" mode="11"
 points="9.36636 7.64207,
	9.36433 7.64194,
	9.36332 7.64188,
	9.35926 7.64017,
	9.35723 7.63941,
	9.35621 7.63896,
	9.35418 7.6375,
	9.34606 7.63122,
	9.34505 7.6304,
	9.34099 7.62647,
	9.3401 7.62545,
	9.33966 7.62494,
	9.3394 7.62469,
	9.33725 7.62063,
	9.33496 7.61657,
	9.33293 7.61251,
	9.33192 7.61048,
	9.33141 7.60947,
	9.33002 7.60541,
	9.32875 7.60135,
	9.32856 7.60084,
	9.32849 7.60033,
	9.32849 7.60008,
	9.32355 7.59196,
	9.32114 7.5879,
	9.3205 7.58689,
	9.31853 7.58283,
	9.31505 7.57471,
	9.31422 7.57268,
	9.31327 7.57065,
	9.31308 7.57014,
	9.31181 7.56202,
	9.31118 7.55796,
	9.3108 7.5539,
	9.30946 7.54578,
	9.30927 7.54477,
	9.30915 7.54426,
	9.30889 7.5402,
	9.30889 7.53817,
	9.30889 7.53716,
	9.30902 7.53614,
	9.30902 7.53589,
	9.3094 7.53538,
	9.31143 7.53398,
	9.31194 7.5336,
	9.31289 7.53259,
	9.31327 7.53208,
	9.31428 7.53113,
	9.3153 7.53037,
	9.31555 7.53012,
	9.31657 7.52942,
	9.31758 7.52885,
	9.31809 7.52847,
	9.3186 7.52828,
	9.32672 7.52181,
	9.32875 7.52111,
	9.33281 7.52022,
	9.33484 7.5199,
	9.3389 7.51959,
	9.34289 7.51946,
	9.34397 7.51971,
	9.34803 7.52136,
	9.35006 7.52225,
	9.35107 7.52269,
	9.35133 7.52276,
	9.35336 7.52384,
	9.35387 7.52409,
	9.35406 7.52422,
	9.35463 7.52472,
	9.35792 7.52878,
	9.35957 7.53081,
	9.36135 7.53284,
	9.363 7.53487,
	9.3637 7.53589,
	9.36782 7.54401,
	9.36883 7.54604,
	9.37067 7.5501,
	9.37721 7.56633,
	9.37886 7.57039,
	9.38006 7.57445,
	9.38139 7.57851,
	9.38216 7.58054,
	9.38311 7.5846,
	9.38374 7.58663,
	9.3845 7.58866,
	9.38463 7.58892,
	9.38552 7.59703,
	9.38558 7.59805,
	9.38596 7.60008,
	9.38736 7.60414,
	9.38837 7.61226,
	9.38888 7.61632,
	9.38907 7.61835,
	9.38913 7.61936,
	9.38875 7.62748,
	9.38862 7.62951,
	9.38793 7.63154,
	9.38767 7.63205,
	9.38761 7.6323,
	9.3866 7.63319,
	9.38457 7.63452,
	9.38254 7.63554,
	9.38051 7.63674,
	9.37848 7.63776,
	9.37442 7.63928,
	9.37239 7.6401,
	9.36833 7.64156,
	9.36731 7.64188,
	9.3668 7.64194,
	9.36655 7.64201,
	9.36642 7.64207,
	"/>
</Transform>

<Transform dim="0"
 xcoef=" 0 1 0 0 0 0"
 ycoef=" 0 0 1 0 0 0">
<Image mag="0.0022379" contrast="1.144" brightness="-0.15" red="true" green="true" blue="true"
 src="104____z103.0.tif" />
<Contour name="d05c15" hidden="false" closed="true" simplified="false" border="0 0 1" fill="0 0 1" mode="11"
 points="0 0,
	9356 0,
	9356 6733,
	0 6733,
	"/>
</Transform>

<Transform dim="0"
 xcoef=" 0 1 0 0 0 0"
 ycoef=" 0 0 1 0 0 0">
<Image mag="0.0022379" contrast="1.144" brightness="-0.15" red="true" green="true" blue="true"
 src="105____z104.0.tif" />
<Contour name="d05c15" hidden="false" closed="true" simplified="false" border="0 0 1" fill="0 0 1" mode="11"
 points="0 0,
	9356 0,
	9356 6733,
	0 6733,
	"/>
</Transform>

<Transform dim="0"
 xcoef=" 0 1 0 0 0 0"
 ycoef=" 0 0 1 0 0 0">
<Contour name="d05" comment="dch_traced_06.2019" hidden="false" closed="true" simplified="true" border="1 1 0" fill="1 1 0" mode="11"
 points="10.3325 10.8576,
	10.3417 10.8154,
	10.3444 10.8101,
	10.3457 10.7996,
	10.3536 10.7785,
	10.3602 10.7692,
	10.3642 10.7587,
	10.3839 10.7389,
	10.4051 10.7217,
	10.4156 10.7151,
	10.4367 10.7125,
	10.5212 10.7151,
	10.5423 10.7059,
	10.5634 10.694,
	10.5739 10.6901,
	10.5951 10.6874,
	10.6373 10.6887,
	10.6584 10.6835,
	10.7006 10.6689,
	10.7217 10.665,
	10.7428 10.6571,
	10.7639 10.6426,
	10.7745 10.636,
	10.7956 10.6346,
	10.8167 10.6373,
	10.8589 10.6491,
	10.88 10.6557,
	10.9012 10.665,
	10.9064 10.6663,
	10.9117 10.6716,
	10.917 10.6742,
	10.9381 10.6914,
	10.9803 10.7178,
	11.0014 10.731,
	11.012 10.7349,
	11.0542 10.7389,
	11.0753 10.7389,
	11.0964 10.7415,
	11.1175 10.7494,
	11.1598 10.7705,
	11.1703 10.7771,
	11.1756 10.7785,
	11.2587 10.8325,
	11.3009 10.8603,
	11.3115 10.8669,
	11.3326 10.884,
	11.3498 10.9051,
	11.3616 10.9262,
	11.3682 10.9368,
	11.3775 10.9579,
	11.392 11.0001,
	11.3986 11.0212,
	11.3999 11.0318,
	11.4065 11.0529,
	11.4078 11.074,
	11.4144 11.0951,
	11.4171 11.1057,
	11.4276 11.1268,
	11.4276 11.1294,
	11.4408 11.1505,
	11.4514 11.1716,
	11.458 11.1822,
	11.4619 11.2033,
	11.4593 11.2244,
	11.45 11.2455,
	11.4461 11.2561,
	11.4237 11.2983,
	11.4157 11.3089,
	11.4039 11.33,
	11.3973 11.3405,
	11.3788 11.3603,
	11.3366 11.3801,
	11.3155 11.3828,
	11.2944 11.3814,
	11.2732 11.3775,
	11.2521 11.3696,
	11.231 11.3656,
	11.2205 11.363,
	11.1782 11.3616,
	11.1677 11.363,
	11.1466 11.3696,
	11.1255 11.3788,
	11.1149 11.3854,
	11.0938 11.3867,
	11.0516 11.3814,
	11.0305 11.3788,
	11.0094 11.3722,
	10.9671 11.3524,
	10.9645 11.3524,
	10.9619 11.3498,
	10.9592 11.3498,
	10.9487 11.3432,
	10.9275 11.3353,
	10.8853 11.3339,
	10.8642 11.3353,
	10.822 11.3313,
	10.8009 11.3287,
	10.7587 11.3155,
	10.7481 11.3128,
	10.7376 11.3075,
	10.727 11.3049,
	10.6426 11.2719,
	10.6003 11.2614,
	10.5898 11.26,
	10.5845 11.2587,
	10.5739 11.2521,
	10.5528 11.2455,
	10.5317 11.2337,
	10.5264 11.2284,
	10.5212 11.2257,
	10.5014 11.2046,
	10.4855 11.1848,
	10.4723 11.1637,
	10.4618 11.1426,
	10.4473 11.1215,
	10.4262 11.1017,
	10.4117 11.0806,
	10.3919 11.0384,
	10.3747 10.9962,
	10.3721 10.9856,
	10.3338 10.9012,
	10.3325 10.8589,
	"/>
</Transform>

<Transform dim="0"
 xcoef=" 0 1 0 0 0 0"
 ycoef=" 0 0 1 0 0 0">
<Contour name="d19" comment="dch_traced_06.2019" hidden="false" closed="true" simplified="true" border="1 1 0" fill="1 1 0" mode="11"
 points="4.94725 11.2584,
	4.96215 11.2107,
	4.97557 11.1868,
	4.98302 11.1749,
	5.0024 11.1525,
	5.0501 11.1242,
	5.07394 11.1138,
	5.08587 11.1078,
	5.09183 11.1063,
	5.09779 11.1019,
	5.10376 11.1004,
	5.11568 11.0929,
	5.12164 11.0929,
	5.14549 11.081,
	5.15146 11.0765,
	5.1753 11.0691,
	5.19915 11.0646,
	5.24685 11.0676,
	5.2707 11.0765,
	5.29455 11.0899,
	5.30648 11.0974,
	5.3184 11.1078,
	5.32436 11.1108,
	5.33629 11.1227,
	5.34821 11.1287,
	5.35417 11.1287,
	5.37802 11.1197,
	5.40187 11.1168,
	5.42572 11.1212,
	5.43765 11.1242,
	5.48535 11.1525,
	5.5092 11.163,
	5.60459 11.1838,
	5.62844 11.1928,
	5.65229 11.2047,
	5.66422 11.2107,
	5.71191 11.2435,
	5.73576 11.2569,
	5.74769 11.2643,
	5.75365 11.2703,
	5.75961 11.2733,
	5.78346 11.2941,
	5.80284 11.3165,
	5.81775 11.3404,
	5.82967 11.3642,
	5.83414 11.3761,
	5.83861 11.4,
	5.8401 11.4238,
	5.83712 11.4358,
	5.83712 11.4477,
	5.82967 11.4715,
	5.82669 11.4745,
	5.82669 11.4775,
	5.81327 11.5013,
	5.80582 11.5133,
	5.80582 11.5162,
	5.7775 11.5639,
	5.75812 11.5878,
	5.73576 11.6087,
	5.71191 11.6265,
	5.68807 11.6415,
	5.67614 11.6474,
	5.67018 11.6489,
	5.6672 11.6519,
	5.64335 11.6608,
	5.59565 11.6742,
	5.5718 11.6817,
	5.54795 11.6847,
	5.50025 11.6981,
	5.45255 11.7055,
	5.40485 11.71,
	5.35716 11.719,
	5.34523 11.7205,
	5.29753 11.716,
	5.24983 11.716,
	5.20213 11.71,
	5.15444 11.707,
	5.14251 11.7026,
	5.11866 11.6892,
	5.09481 11.6728,
	5.07544 11.6489,
	5.05159 11.6265,
	5.03966 11.6146,
	5.02177 11.5908,
	5.01432 11.5788,
	5.01134 11.5729,
	5.00836 11.5699,
	4.99196 11.5222,
	4.98302 11.4745,
	4.98004 11.4507,
	4.97408 11.4268,
	4.97109 11.403,
	4.95023 11.3076,
	4.94725 11.2956,
	4.94725 11.2718,
	4.94725 11.2599,
	"/>
</Transform>

<Transform dim="0"
 xcoef=" 0 1 0 0 0 0"
 ycoef=" 0 0 1 0 0 0">
<Contour name="d24" comment="dch_traced_06.2019" hidden="false" closed="true" simplified="true" border="1 1 0" fill="1 1 0" mode="11"
 points="6.76555 7.32604,
	6.77244 7.29844,
	6.77589 7.28465,
	6.79141 7.25705,
	6.79831 7.25188,
	6.80176 7.25188,
	6.83625 7.19669,
	6.84143 7.18979,
	6.86902 7.176,
	6.88282 7.16737,
	6.89661 7.1622,
	6.90006 7.15875,
	6.91386 7.15358,
	6.92766 7.14495,
	6.94145 7.13978,
	6.96905 7.12426,
	6.99664 7.10529,
	7.01044 7.09667,
	7.06562 7.08804,
	7.09322 7.0777,
	7.1484 7.04493,
	7.1622 7.04148,
	7.21739 7.03975,
	7.24498 7.03803,
	7.25878 7.03286,
	7.28637 7.01389,
	7.29327 7.01044,
	7.32086 7.01216,
	7.33466 7.01389,
	7.34846 7.01906,
	7.37605 7.03803,
	7.38985 7.0501,
	7.39674 7.0639,
	7.40019 7.0777,
	7.40019 7.09149,
	7.40192 7.09839,
	7.40192 7.10184,
	7.42089 7.12943,
	7.42951 7.14323,
	7.43641 7.15013,
	7.47607 7.20531,
	7.50022 7.23291,
	7.53299 7.28809,
	7.53471 7.29499,
	7.53988 7.30189,
	7.54333 7.30534,
	7.57955 7.41571,
	7.583 7.42951,
	7.58127 7.4571,
	7.57265 7.4847,
	7.55713 7.51229,
	7.53126 7.53816,
	7.52436 7.54506,
	7.51057 7.55368,
	7.50367 7.56058,
	7.49677 7.56403,
	7.49332 7.56748,
	7.43813 7.56403,
	7.42434 7.56403,
	7.39674 7.57265,
	7.38295 7.57955,
	7.35535 7.583,
	7.30017 7.583,
	7.27257 7.58472,
	7.24498 7.5899,
	7.18979 7.59162,
	7.1622 7.5899,
	7.10701 7.57782,
	7.07942 7.56748,
	7.05183 7.55368,
	7.02423 7.54333,
	6.96905 7.53126,
	6.94145 7.52609,
	6.92766 7.52091,
	6.91386 7.51919,
	6.90006 7.51402,
	6.88627 7.50539,
	6.87937 7.50194,
	6.8535 7.4778,
	6.82418 7.42261,
	6.81728 7.40882,
	6.79141 7.38122,
	6.77934 7.36743,
	6.77244 7.36053,
	6.76555 7.34673,
	6.76555 7.33293,
	6.76555 7.32776,
	"/>
</Transform>

</Section>