<?xml version="1.0"?>
<!DOCTYPE Section SYSTEM "section.dtd">

<Section index="108" thickness="0.045794" alignLocked="true">
<Transform dim="0"
 xcoef=" 0 1 0 0 0 0"
 ycoef=" 0 0 1 0 0 0">
<Image mag="0.0022379" contrast="1.144" brightness="-0.15" red="true" green="true" blue="true"
 src="109____z108.0.tif" />
<Contour name="domain1" hidden="false" closed="true" simplified="false" border="1 0 1" fill="1 0 1" mode="11"
 points="0 0,
	9357 0,
	9357 6734,
	0 6734,
	"/>
</Transform>

<Transform dim="0"
 xcoef=" 0 1 0 0 0 0"
 ycoef=" 0 0 1 0 0 0">
<Contour name="d04" hidden="false" closed="true" simplified="true" border="0 0 0" fill="0 0 0" mode="11"
 points="8.23739 10.9274,
	8.20263 10.9267,
	8.16815 10.9236,
	8.09892 10.9148,
	8.09463 10.9142,
	8.06324 10.8985,
	8.04756 10.89,
	7.98578 10.8472,
	7.97012 10.8369,
	7.93611 10.8224,
	7.91907 10.815,
	7.91049 10.8116,
	7.90206 10.8071,
	7.86873 10.7851,
	7.86038 10.7795,
	7.8559 10.77,
	7.85365 10.7653,
	7.8528 10.763,
	7.85287 10.7624,
	7.86012 10.7443,
	7.86401 10.7353,
	7.88 10.7172,
	7.88558 10.708,
	7.89003 10.6988,
	7.89078 10.6976,
	7.88082 10.6787,
	7.87643 10.6601,
	7.8749 10.6554,
	7.87578 10.6462,
	7.87651 10.6416,
	7.87894 10.637,
	7.89317 10.6188,
	7.90084 10.6097,
	7.90438 10.6052,
	7.90884 10.5867,
	7.91009 10.5821,
	7.90593 10.5635,
	7.9049 10.5589,
	7.90407 10.5566,
	7.9242 10.5197,
	7.9295 10.5104,
	7.95291 10.4753,
	7.97439 10.4401,
	7.97973 10.4313,
	7.99311 10.4137,
	7.99948 10.4049,
	8.00081 10.4027,
	8.01938 10.3906,
	8.02817 10.3836,
	8.0449 10.366,
	8.05316 10.3571,
	8.07986 10.321,
	8.11457 10.2873,
	8.13175 10.2703,
	8.14775 10.2514,
	8.1557 10.2419,
	8.16951 10.2228,
	8.1711 10.2204,
	8.17216 10.2192,
	8.17428 10.2006,
	8.17509 10.1914,
	8.18295 10.1727,
	8.18795 10.164,
	8.20509 10.1513,
	8.21377 10.1447,
	8.22278 10.1269,
	8.22712 10.1178,
	8.22906 10.1133,
	8.23206 10.1087,
	8.25057 10.091,
	8.26858 10.0807,
	8.27313 10.0778,
	8.28942 10.0602,
	8.30755 10.0508,
	8.31207 10.0487,
	8.32924 10.0482,
	8.33778 10.0483,
	8.35514 10.0463,
	8.35954 10.0453,
	8.36858 10.0411,
	8.37315 10.0385,
	8.38216 10.0304,
	8.3865 10.0261,
	8.40579 10.0128,
	8.41542 10.0058,
	8.42029 10.002,
	8.42262 10.0009,
	8.44061 10.0003,
	8.47623 10.001,
	8.48499 10.0025,
	8.5021 10.0092,
	8.50639 10.0107,
	8.5239 10.0102,
	8.53258 10.01,
	8.53691 10.0098,
	8.55428 10.0059,
	8.55856 10.0052,
	8.57584 9.99732,
	8.58439 9.99309,
	8.60085 9.99196,
	8.60898 9.99114,
	8.61684 9.99488,
	8.62461 9.99982,
	8.62821 10.0089,
	8.63002 10.0135,
	8.63236 10.0321,
	8.63273 10.0367,
	8.63316 10.0391,
	8.64879 10.0528,
	8.65268 10.0564,
	8.65367 10.057,
	8.6695 10.0493,
	8.67342 10.0463,
	8.68127 10.0387,
	8.68517 10.0345,
	8.6928 10.0364,
	8.69661 10.037,
	8.7117 10.0444,
	8.71922 10.0487,
	8.74921 10.0715,
	8.75668 10.0745,
	8.78663 10.0819,
	8.80198 10.0913,
	8.81777 10.1031,
	8.83377 10.1116,
	8.8419 10.1155,
	8.85829 10.1207,
	8.86663 10.1232,
	8.90186 10.1427,
	8.92077 10.1583,
	8.92994 10.1664,
	8.93881 10.1859,
	8.94277 10.1957,
	8.94347 10.1969,
	8.93969 10.2178,
	8.93861 10.2231,
	8.93367 10.2341,
	8.92159 10.2568,
	8.89368 10.3029,
	8.8601 10.3303,
	8.85167 10.3379,
	8.81787 10.3826,
	8.80888 10.4034,
	8.80426 10.4136,
	8.78575 10.4916,
	8.76328 10.566,
	8.75556 10.5842,
	8.74662 10.6023,
	8.74185 10.6114,
	8.71526 10.6472,
	8.68559 10.6827,
	8.66662 10.7004,
	8.63108 10.7362,
	8.61213 10.7548,
	8.60744 10.7589,
	8.56714 10.7789,
	8.54715 10.788,
	8.53712 10.7929,
	8.49836 10.8057,
	8.45879 10.825,
	8.4179 10.8525,
	8.39775 10.8653,
	8.38763 10.8719,
	8.36845 10.8803,
	8.29371 10.9064,
	8.27513 10.9124,
	"/>
</Transform>

<Transform dim="0"
 xcoef=" 0 1 0 0 0 0"
 ycoef=" 0 0 1 0 0 0">
<Contour name="d04" hidden="false" closed="true" simplified="true" border="0 0 0" fill="0 0 0" mode="11"
 points="10.0598 10.118,
	10.0465 10.1137,
	10.0397 10.1116,
	10.0111 10.0964,
	9.9964 10.0887,
	9.9653 10.0641,
	9.95785 10.0576,
	9.94458 10.0439,
	9.93753 10.037,
	9.93445 10.0336,
	9.93291 10.0319,
	9.92833 10.0083,
	9.92731 10.0024,
	9.92664 9.99938,
	9.92651 9.99865,
	9.92655 9.99829,
	9.93274 9.97651,
	9.94646 9.97219,
	9.94821 9.97178,
	9.97606 9.97597,
	10.0037 9.98527,
	10.0105 9.98782,
	10.038 10.0044,
	10.0518 10.0158,
	10.0658 10.028,
	10.0726 10.0337,
	10.0761 10.0367,
	10.0778 10.038,
	10.0787 10.0389,
	10.0848 10.0627,
	10.0856 10.0656,
	10.0862 10.0672,
	10.0833 10.0894,
	10.0827 10.0949,
	10.0808 10.1003,
	10.0751 10.1106,
	10.072 10.1158,
	"/>
</Transform>

<Transform dim="0"
 xcoef=" 0 1 0 0 0 0"
 ycoef=" 0 0 1 0 0 0">
<Contour name="d04" hidden="false" closed="true" simplified="true" border="0 0 0" fill="0 0 0" mode="11"
 points="7.76988 9.79412,
	7.72245 9.78477,
	7.69893 9.77879,
	7.65245 9.76888,
	7.64675 9.76673,
	7.6244 9.75419,
	7.61336 9.74792,
	7.60789 9.74446,
	7.59715 9.73555,
	7.57625 9.71372,
	7.56592 9.70345,
	7.54473 9.69211,
	7.53424 9.68642,
	7.51262 9.68193,
	7.50719 9.67997,
	7.49659 9.67397,
	7.49136 9.6706,
	7.48949 9.66856,
	7.49066 9.64637,
	7.49201 9.6408,
	7.50236 9.61919,
	7.50102 9.59747,
	7.49668 9.58646,
	7.49452 9.58094,
	7.49344 9.57819,
	7.49435 9.5681,
	7.49442 9.56744,
	7.49604 9.55672,
	7.49628 9.55405,
	7.50703 9.53246,
	7.52069 9.51031,
	7.52717 9.49921,
	7.5594 9.45485,
	7.56772 9.44367,
	7.61328 9.40706,
	7.63575 9.39125,
	7.64628 9.38362,
	7.66314 9.36008,
	7.66748 9.35418,
	7.68906 9.35191,
	7.71121 9.34057,
	7.72244 9.33077,
	7.72805 9.32555,
	7.73086 9.32261,
	7.75297 9.31527,
	7.76409 9.30931,
	7.78637 9.29361,
	7.79749 9.28595,
	7.81981 9.27644,
	7.83098 9.27183,
	7.83659 9.2699,
	7.85955 9.27717,
	7.86532 9.27868,
	7.87117 9.28155,
	7.89504 9.29779,
	7.90713 9.30561,
	7.91016 9.30773,
	7.92683 9.32978,
	7.93557 9.34082,
	7.9403 9.34637,
	7.95167 9.36832,
	7.9705 9.41266,
	7.97856 9.43529,
	7.98205 9.44673,
	7.97975 9.49274,
	7.97843 9.50447,
	7.96769 9.54972,
	7.95247 9.59572,
	7.94871 9.60737,
	7.9468 9.61321,
	7.89187 9.70622,
	7.88498 9.71771,
	7.8372 9.76177,
	7.81253 9.77591,
	7.80022 9.78323,
	7.77593 9.79224,
	"/>
</Transform>

<Transform dim="0"
 xcoef=" 0 1 0 0 0 0"
 ycoef=" 0 0 1 0 0 0">
<Contour name="d04 copy" hidden="false" closed="true" simplified="true" border="1 0 0" fill="1 0 0" mode="11"
 points="8.23682 10.9273,
	8.20845 10.9268,
	8.18023 10.9248,
	8.12382 10.9181,
	8.09541 10.9146,
	8.06971 10.9022,
	8.05693 10.8953,
	8.05062 10.8913,
	8.04737 10.8898,
	7.997 10.8547,
	7.97149 10.8377,
	7.91598 10.8137,
	7.90897 10.8109,
	7.90208 10.8072,
	7.87488 10.7892,
	7.86125 10.7801,
	7.85892 10.7767,
	7.8557 10.769,
	7.85387 10.7651,
	7.85271 10.7632,
	7.85276 10.7627,
	7.85282 10.7623,
	7.85875 10.7475,
	7.86193 10.7401,
	7.86328 10.7364,
	7.87576 10.7217,
	7.8792 10.7179,
	7.88423 10.7104,
	7.88786 10.7029,
	7.8899 10.6991,
	7.89053 10.6982,
	7.88286 10.6828,
	7.8807 10.6789,
	7.87713 10.6637,
	7.87508 10.6561,
	7.87535 10.6485,
	7.87653 10.641,
	7.88142 10.6336,
	7.89303 10.6187,
	7.89977 10.6113,
	7.90267 10.6075,
	7.90464 10.6038,
	7.90873 10.5888,
	7.90929 10.585,
	7.91003 10.5831,
	7.90881 10.5755,
	7.90494 10.5604,
	7.90409 10.5566,
	7.92054 10.5265,
	7.92873 10.5113,
	7.94795 10.4825,
	7.96594 10.4539,
	7.97471 10.4395,
	7.97908 10.4323,
	8.00044 10.4036,
	8.01524 10.3932,
	8.01898 10.3911,
	8.02665 10.3849,
	8.04034 10.3706,
	8.04713 10.3633,
	8.05093 10.3597,
	8.0733 10.3303,
	8.07857 10.3229,
	8.13524 10.2664,
	8.1483 10.2509,
	8.16043 10.2354,
	8.17171 10.2198,
	8.17318 10.2121,
	8.17451 10.197,
	8.17505 10.1932,
	8.17512 10.1913,
	8.18152 10.1761,
	8.18561 10.1685,
	8.18745 10.1647,
	8.20144 10.1539,
	8.20852 10.1484,
	8.21205 10.146,
	8.21384 10.1445,
	8.22874 10.1147,
	8.23076 10.111,
	8.23177 10.1091,
	8.24685 10.0946,
	8.25066 10.0909,
	8.26537 10.0824,
	8.27276 10.0783,
	8.28605 10.0638,
	8.28949 10.0602,
	8.3043 10.0526,
	8.31169 10.049,
	8.33977 10.0479,
	8.35394 10.0463,
	8.35748 10.0459,
	8.36482 10.0429,
	8.37224 10.039,
	8.38755 10.0255,
	8.40329 10.0145,
	8.41118 10.0088,
	8.4151 10.0062,
	8.4191 10.0027,
	8.42107 10.0014,
	8.4358 10.0005,
	8.46497 10.0006,
	8.47945 10.0013,
	8.49352 10.0059,
	8.50053 10.0084,
	8.50399 10.0101,
	8.50573 10.0109,
	8.53425 10.0101,
	8.53778 10.01,
	8.55201 10.0064,
	8.55901 10.0052,
	8.57317 9.99833,
	8.58015 9.99532,
	8.58365 9.99337,
	8.59713 9.99198,
	8.60378 9.99176,
	8.60712 9.9912,
	8.6104 9.99156,
	8.62313 9.99912,
	8.62473 10,
	8.63021 10.0149,
	8.63213 10.0301,
	8.63272 10.0377,
	8.63349 10.0397,
	8.64625 10.0508,
	8.65262 10.0562,
	8.65422 10.0572,
	8.66717 10.0504,
	8.67038 10.049,
	8.67359 10.0466,
	8.68 10.0403,
	8.68319 10.0369,
	8.68479 10.035,
	8.68558 10.0345,
	8.69181 10.036,
	8.69492 10.037,
	8.69648 10.0371,
	8.70881 10.0431,
	8.71495 10.0461,
	8.7272 10.0546,
	8.73944 10.0642,
	8.74558 10.0692,
	8.7517 10.0727,
	8.75781 10.0752,
	8.78226 10.0813,
	8.78531 10.0817,
	8.79781 10.0889,
	8.80413 10.0927,
	8.81705 10.1028,
	8.83009 10.1097,
	8.83667 10.1129,
	8.84002 10.1148,
	8.84125 10.1152,
	8.84578 10.1226,
	8.8503 10.1291,
	8.8526 10.1325,
	8.85357 10.1345,
	8.85444 10.135,
	8.855 10.137,
	8.85737 10.141,
	8.85873 10.1425,
	8.86029 10.1466,
	8.86875 10.1622,
	8.86968 10.1631,
	8.86977 10.1642,
	8.87066 10.1647,
	8.87187 10.1688,
	8.87291 10.1708,
	8.87301 10.1719,
	8.87391 10.1723,
	8.87473 10.1765,
	8.87576 10.1785,
	8.87587 10.1796,
	8.87735 10.1816,
	8.87818 10.1858,
	8.88158 10.194,
	8.88631 10.2108,
	8.8885 10.2279,
	8.88938 10.2365,
	8.88979 10.254,
	8.88889 10.2585,
	8.8891 10.2607,
	8.8892 10.2618,
	8.88843 10.263,
	8.88839 10.2674,
	8.88761 10.2686,
	8.88614 10.2771,
	8.88545 10.2794,
	8.88554 10.2804,
	8.88441 10.2828,
	8.88248 10.2919,
	8.88061 10.2965,
	8.87989 10.2988,
	8.87908 10.3,
	8.87705 10.3091,
	8.87602 10.3136,
	8.87583 10.3175,
	8.86207 10.3286,
	8.85518 10.3348,
	8.85172 10.3379,
	8.82428 10.3746,
	8.81754 10.3835,
	8.80313 10.4172,
	8.78855 10.481,
	8.77055 10.5423,
	8.76621 10.5573,
	8.76088 10.5723,
	8.75456 10.5871,
	8.74679 10.6019,
	8.74289 10.6093,
	8.72165 10.6386,
	8.71052 10.6532,
	8.68629 10.6822,
	8.6708 10.6966,
	8.66303 10.7038,
	8.63448 10.7331,
	8.61917 10.7481,
	8.6109 10.7558,
	8.60659 10.7591,
	8.57368 10.7755,
	8.54097 10.7908,
	8.53287 10.7943,
	8.50122 10.8047,
	8.46895 10.8199,
	8.46087 10.824,
	8.39447 10.8675,
	8.39028 10.8705,
	8.37458 10.8774,
	8.36672 10.8811,
	8.30561 10.9025,
	8.27528 10.9125,
	8.24446 10.9247,
	"/>
</Transform>

<Transform dim="0"
 xcoef=" 0 1 0 0 0 0"
 ycoef=" 0 0 1 0 0 0">
<Contour name="d30sp08" hidden="false" closed="true" simplified="true" border="1 0 0" fill="1 0 0" mode="11"
 points="11.7063 7.09192,
	11.6775 7.08821,
	11.6493 7.08113,
	11.6424 7.07957,
	11.6355 7.07633,
	11.5826 7.03877,
	11.555 7.03357,
	11.5415 7.03071,
	11.5347 7.02961,
	11.5078 7.02948,
	11.4946 7.029,
	11.4881 7.02906,
	11.4849 7.02865,
	11.4324 7.0455,
	11.4195 7.04982,
	11.3701 7.04959,
	11.3639 7.04948,
	11.3402 7.03327,
	11.3373 7.03086,
	11.326 7.01495,
	11.3204 7.00709,
	11.3148 6.99276,
	11.3108 6.97894,
	11.3116 6.95294,
	11.3114 6.93987,
	11.3154 6.91497,
	11.3181 6.90276,
	11.3195 6.89671,
	11.32 6.89443,
	11.3202 6.89368,
	11.3319 6.87085,
	11.3709 6.82749,
	11.3902 6.8047,
	11.4252 6.78425,
	11.4425 6.77467,
	11.4764 6.75827,
	11.4848 6.75417,
	11.5157 6.74491,
	11.5312 6.73957,
	11.5894 6.72602,
	11.5966 6.72403,
	11.6446 6.7291,
	11.6564 6.73059,
	11.7417 6.77978,
	11.7537 6.78564,
	11.7772 6.801,
	11.7894 6.80866,
	11.8012 6.81815,
	11.8244 6.84073,
	11.8364 6.85112,
	11.8423 6.85721,
	11.8572 6.88522,
	11.8593 6.88869,
	11.8615 6.9168,
	11.8617 6.93082,
	11.8504 6.98694,
	11.8353 7.01515,
	11.8278 7.02927,
	11.8264 7.03279,
	11.8018 7.06125,
	11.7898 7.07459,
	11.729 7.0872,
	11.7138 7.09008,
	"/>
</Transform>

<Transform dim="0"
 xcoef=" 0 1 0 0 0 0"
 ycoef=" 0 0 1 0 0 0">
<Contour name="d30sp11" hidden="false" closed="true" simplified="true" border="1 0 0" fill="1 0 0" mode="11"
 points="11.9472 8.7784,
	11.9244 8.77631,
	11.9128 8.77522,
	11.9015 8.77149,
	11.8545 8.74992,
	11.8424 8.74461,
	11.8363 8.73976,
	11.7856 8.68886,
	11.7595 8.66435,
	11.7571 8.6607,
	11.7533 8.60605,
	11.7513 8.57932,
	11.7514 8.57685,
	11.7514 8.57604,
	11.7683 8.55119,
	11.7766 8.53881,
	11.779 8.53574,
	11.8049 8.53263,
	11.8306 8.53096,
	11.8369 8.52965,
	11.8866 8.53174,
	11.9108 8.53301,
	11.9167 8.53336,
	11.9646 8.55583,
	11.9705 8.55883,
	11.9735 8.55993,
	11.9875 8.58783,
	11.9952 8.6154,
	11.9985 8.62926,
	12.004 8.64342,
	12.0081 8.69931,
	12.0065 8.72759,
	12.0057 8.74191,
	12.0044 8.74904,
	11.9954 8.76269,
	11.9905 8.76953,
	11.9881 8.77296,
	11.9647 8.77623,
	11.9531 8.77706,
	"/>
</Transform>

<Transform dim="0"
 xcoef=" 0 1 0 0 0 0"
 ycoef=" 0 0 1 0 0 0">
<Contour name="d23sp24" hidden="false" closed="true" simplified="true" border="1 0 0" fill="1 0 0" mode="11"
 points="10.5581 7.86886,
	10.5313 7.86452,
	10.5178 7.86261,
	10.5044 7.85884,
	10.4911 7.85235,
	10.4877 7.85049,
	10.4606 7.84743,
	10.4335 7.84557,
	10.3799 7.83528,
	10.3666 7.83287,
	10.3143 7.81564,
	10.2887 7.80502,
	10.2761 7.79886,
	10.2697 7.79618,
	10.2212 7.75612,
	10.2093 7.74689,
	10.2034 7.74189,
	10.2004 7.7398,
	10.1775 7.71364,
	10.1369 7.65712,
	10.1264 7.63057,
	10.1207 7.6173,
	10.1182 7.61076,
	10.1198 7.58681,
	10.1201 7.57478,
	10.1204 7.57181,
	10.1206 7.57034,
	10.1206 7.56958,
	10.1249 7.54638,
	10.1268 7.53477,
	10.1288 7.52918,
	10.1414 7.50764,
	10.1471 7.49678,
	10.149 7.49124,
	10.1526 7.48595,
	10.203 7.48497,
	10.2538 7.48559,
	10.2666 7.48579,
	10.3697 7.49233,
	10.3961 7.49272,
	10.4485 7.49619,
	10.4744 7.50012,
	10.4874 7.50198,
	10.4939 7.50291,
	10.5193 7.5125,
	10.5319 7.51801,
	10.5383 7.5204,
	10.5631 7.53593,
	10.6129 7.57119,
	10.6376 7.59249,
	10.65 7.60354,
	10.6598 7.61597,
	10.665 7.62221,
	10.6899 7.64289,
	10.6961 7.64767,
	10.6997 7.65382,
	10.7086 7.6781,
	10.7136 7.70236,
	10.7191 7.75155,
	10.7208 7.76408,
	10.7213 7.78943,
	10.7199 7.80232,
	10.7092 7.82878,
	10.7064 7.8355,
	10.7046 7.83891,
	10.6779 7.85713,
	10.6711 7.86176,
	10.6645 7.86473,
	"/>
</Transform>

<Transform dim="0"
 xcoef=" 0 1 0 0 0 0"
 ycoef=" 0 0 1 0 0 0">
<Contour name="d23sph24" hidden="false" closed="true" simplified="true" border="1 0 0" fill="1 0 0" mode="11"
 points="10.5581 7.86886,
	10.5313 7.86452,
	10.5178 7.86261,
	10.5044 7.85884,
	10.4911 7.85235,
	10.4877 7.85049,
	10.4606 7.84743,
	10.4335 7.84557,
	10.3799 7.83528,
	10.3666 7.83287,
	10.3143 7.81564,
	10.2887 7.80502,
	10.2761 7.79886,
	10.2697 7.79618,
	10.2212 7.75612,
	10.2093 7.74689,
	10.2034 7.74189,
	10.2004 7.7398,
	10.1775 7.71364,
	10.1369 7.65712,
	10.1264 7.63057,
	10.1207 7.6173,
	10.1182 7.61076,
	10.1198 7.58681,
	10.1201 7.57478,
	10.1204 7.57181,
	10.1206 7.57034,
	10.1206 7.56958,
	10.1249 7.54638,
	10.1268 7.53477,
	10.1288 7.52918,
	10.1414 7.50764,
	10.1471 7.49678,
	10.149 7.49124,
	10.1526 7.48595,
	10.203 7.48497,
	10.2538 7.48559,
	10.2666 7.48579,
	10.3697 7.49233,
	10.3961 7.49272,
	10.4485 7.49619,
	10.4744 7.50012,
	10.4874 7.50198,
	10.4939 7.50291,
	10.5193 7.5125,
	10.5319 7.51801,
	10.5383 7.5204,
	10.5631 7.53593,
	10.6129 7.57119,
	10.6376 7.59249,
	10.65 7.60354,
	10.6598 7.61597,
	10.665 7.62221,
	10.6899 7.64289,
	10.6961 7.64767,
	10.6997 7.65382,
	10.7086 7.6781,
	10.7136 7.70236,
	10.7191 7.75155,
	10.7208 7.76408,
	10.7213 7.78943,
	10.7199 7.80232,
	10.7092 7.82878,
	10.7064 7.8355,
	10.7046 7.83891,
	10.6779 7.85713,
	10.6711 7.86176,
	10.6645 7.86473,
	"/>
</Transform>

<Transform dim="0"
 xcoef=" 0 1 0 0 0 0"
 ycoef=" 0 0 1 0 0 0">
<Contour name="d07sp26" hidden="false" closed="true" simplified="true" border="1 0 0" fill="1 0 0" mode="11"
 points="6.46159 8.8728,
	6.44336 8.86601,
	6.42594 8.85109,
	6.41101 8.83266,
	6.40463 8.82338,
	6.40489 8.82108,
	6.40501 8.81993,
	6.41063 8.80145,
	6.42527 8.76362,
	6.43306 8.74424,
	6.43756 8.73441,
	6.46418 8.69404,
	6.47105 8.68493,
	6.51254 8.66212,
	6.55377 8.64139,
	6.57427 8.63234,
	6.59457 8.62559,
	6.60467 8.62276,
	6.62401 8.62635,
	6.64232 8.64045,
	6.65787 8.65743,
	6.66433 8.66673,
	6.66585 8.68694,
	6.65987 8.72816,
	6.64104 8.77055,
	6.61709 8.81289,
	6.60956 8.82352,
	6.59963 8.8343,
	6.57893 8.84591,
	6.55874 8.85471,
	6.5195 8.86538,
	6.50036 8.86733,
	6.49085 8.86762,
	6.4713 8.87154,
	"/>
</Transform>

<Transform dim="0"
 xcoef=" 0 1 0 0 0 0"
 ycoef=" 0 0 1 0 0 0">
<Contour name="d04sp19" hidden="false" closed="true" simplified="true" border="1 0 0" fill="1 0 0" mode="11"
 points="7.76988 9.79412,
	7.72245 9.78477,
	7.69893 9.77879,
	7.65245 9.76888,
	7.64676 9.76672,
	7.6244 9.75419,
	7.61335 9.74792,
	7.60789 9.74446,
	7.59715 9.73555,
	7.57625 9.71372,
	7.56592 9.70345,
	7.54473 9.69211,
	7.53424 9.68642,
	7.51262 9.68193,
	7.50719 9.67997,
	7.49659 9.67397,
	7.49136 9.6706,
	7.48949 9.66856,
	7.49066 9.64637,
	7.49201 9.6408,
	7.50236 9.61918,
	7.50102 9.59747,
	7.49668 9.58646,
	7.49452 9.58094,
	7.49344 9.57819,
	7.49435 9.5681,
	7.49442 9.56744,
	7.49604 9.55672,
	7.49628 9.55405,
	7.50703 9.53246,
	7.52069 9.51031,
	7.52717 9.49921,
	7.5594 9.45485,
	7.56772 9.44367,
	7.61328 9.40706,
	7.63575 9.39125,
	7.64628 9.38362,
	7.66314 9.36008,
	7.66748 9.35418,
	7.68906 9.35191,
	7.71121 9.34057,
	7.72244 9.33077,
	7.72805 9.32555,
	7.73086 9.32261,
	7.75297 9.31527,
	7.76409 9.30931,
	7.78637 9.29361,
	7.79749 9.28595,
	7.81981 9.27644,
	7.83098 9.27183,
	7.83659 9.2699,
	7.85955 9.27717,
	7.86532 9.27868,
	7.87117 9.28155,
	7.89504 9.29779,
	7.90713 9.30561,
	7.91016 9.30773,
	7.92683 9.32978,
	7.93557 9.34082,
	7.9403 9.34637,
	7.95167 9.36832,
	7.9705 9.41266,
	7.97856 9.43529,
	7.98205 9.44673,
	7.97975 9.49274,
	7.97843 9.50447,
	7.96769 9.54972,
	7.95247 9.59572,
	7.94871 9.60737,
	7.9468 9.61321,
	7.89187 9.70622,
	7.88498 9.71771,
	7.8372 9.76177,
	7.81253 9.77591,
	7.80022 9.78323,
	7.77593 9.79224,
	"/>
</Transform>

<Transform dim="0"
 xcoef=" 0 1 0 0 0 0"
 ycoef=" 0 0 1 0 0 0">
<Contour name="d07sp31" hidden="false" closed="true" simplified="true" border="1 0 0" fill="1 0 0" mode="11"
 points="8.7534 8.37582,
	8.73354 8.37352,
	8.71477 8.36208,
	8.69625 8.34783,
	8.69168 8.34355,
	8.67461 8.31644,
	8.65994 8.28926,
	8.65252 8.27599,
	8.64817 8.26933,
	8.62684 8.22042,
	8.61789 8.19727,
	8.61638 8.17566,
	8.61497 8.1649,
	8.6155 8.15972,
	8.61564 8.1584,
	8.62595 8.11811,
	8.62815 8.1081,
	8.62862 8.10305,
	8.62578 8.09257,
	8.62798 8.05256,
	8.63083 8.03295,
	8.63285 8.02326,
	8.6482 8.00498,
	8.65776 7.99606,
	8.68573 7.95974,
	8.71721 7.92438,
	8.73471 7.90708,
	8.74276 7.8984,
	8.76387 7.88278,
	8.80573 7.86327,
	8.81622 7.8583,
	8.8372 7.85809,
	8.84773 7.85925,
	8.89026 7.87548,
	8.93359 7.89497,
	8.94451 7.90026,
	8.94996 7.90356,
	8.97213 7.90628,
	8.98319 7.90892,
	9.02699 7.93127,
	9.04858 7.94427,
	9.05394 7.94749,
	9.07453 7.96952,
	9.07957 7.9753,
	9.08859 7.99732,
	9.09189 8.0187,
	9.09075 8.10236,
	9.07897 8.14331,
	9.06748 8.16343,
	9.06297 8.17367,
	9.03659 8.2145,
	9.00338 8.25633,
	8.99481 8.26709,
	8.97389 8.28858,
	8.94946 8.31001,
	8.94343 8.3154,
	8.92096 8.32777,
	8.91054 8.32923,
	8.87044 8.32642,
	8.86041 8.32591,
	8.81789 8.34322,
	8.77443 8.36881,
	"/>
</Transform>

<Transform dim="0"
 xcoef=" 0 1 0 0 0 0"
 ycoef=" 0 0 1 0 0 0">
<Contour name="d07sah27" hidden="false" closed="true" simplified="true" border="1 1 0" fill="1 1 0" mode="11"
 points="6.55854 8.27192,
	6.56797 8.2608,
	6.63125 8.25202,
	6.64194 8.17429,
	6.5783 8.1816,
	6.56933 8.25072,
	6.55989 8.2618,
	6.57132 8.17283,
	6.65093 8.16399,
	6.63757 8.26086,
	"/>
</Transform>

<Transform dim="0"
 xcoef=" 0 1 0 0 0 0"
 ycoef=" 0 0 1 0 0 0">
<Contour name="d04sp20" hidden="false" closed="true" simplified="true" border="1 0 0" fill="1 0 0" mode="11"
 points="8.8784 10.3155,
	8.87702 10.3151,
	8.87806 10.3106,
	8.87835 10.3084,
	8.87827 10.3073,
	8.87912 10.3066,
	8.87897 10.3044,
	8.88001 10.3005,
	8.88118 10.2981,
	8.88146 10.2959,
	8.88337 10.2918,
	8.88574 10.2826,
	8.88643 10.2803,
	8.88633 10.2792,
	8.88747 10.2769,
	8.88772 10.2746,
	8.88762 10.2736,
	8.88845 10.2729,
	8.88824 10.2707,
	8.89008 10.2617,
	8.89055 10.2528,
	8.89015 10.2354,
	8.88838 10.2181,
	8.88707 10.2096,
	8.88491 10.2012,
	8.8819 10.1929,
	8.88019 10.1888,
	8.87957 10.1867,
	8.87947 10.1857,
	8.87856 10.1852,
	8.87815 10.181,
	8.87667 10.179,
	8.87377 10.1707,
	8.87211 10.1666,
	8.8715 10.1646,
	8.86699 10.1565,
	8.86556 10.1545,
	8.86547 10.1535,
	8.86404 10.1515,
	8.86396 10.1505,
	8.86154 10.1465,
	8.86063 10.1455,
	8.85906 10.1414,
	8.8582 10.141,
	8.85812 10.1399,
	8.8488 10.125,
	8.84703 10.1231,
	8.84696 10.1221,
	8.84612 10.1216,
	8.84606 10.1206,
	8.84431 10.1186,
	8.84381 10.1171,
	8.84419 10.1166,
	8.85754 10.1203,
	8.86435 10.1224,
	8.89282 10.1379,
	8.90016 10.1419,
	8.90389 10.1442,
	8.91935 10.1569,
	8.92731 10.164,
	8.92934 10.1659,
	8.937 10.1818,
	8.94022 10.1898,
	8.94207 10.1938,
	8.94277 10.1958,
	8.94334 10.1968,
	8.94024 10.2139,
	8.93982 10.2181,
	8.93312 10.2359,
	8.9228 10.2545,
	8.90016 10.2926,
	8.89416 10.3023,
	8.88052 10.3135,
	8.87885 10.3154,
	"/>
</Transform>

<Transform dim="0"
 xcoef=" 0 1 0 0 0 0"
 ycoef=" 0 0 1 0 0 0">
<Contour name="d04sp20" hidden="false" closed="true" simplified="true" border="1 0 0" fill="1 0 0" mode="11"
 points="9.08993 10.1551,
	9.0662 10.148,
	9.02063 10.1426,
	8.99817 10.1382,
	8.99259 10.137,
	8.98982 10.1364,
	8.96729 10.1238,
	8.96294 10.1185,
	8.95632 10.1077,
	8.95273 10.1024,
	8.95127 10.0997,
	8.94944 10.0889,
	8.94855 10.0835,
	8.94843 10.0808,
	8.94841 10.0802,
	8.94839 10.0795,
	8.95155 10.0582,
	8.9589 10.0371,
	8.97846 9.99561,
	8.9832 9.98539,
	8.98528 9.9803,
	8.98982 9.96003,
	8.99285 9.94997,
	8.99991 9.91012,
	9.00372 9.89046,
	9.01314 9.87096,
	9.01572 9.8661,
	9.02747 9.85642,
	9.03339 9.85158,
	9.03564 9.8505,
	9.03904 9.84775,
	9.0505 9.84228,
	9.06189 9.83799,
	9.08447 9.83297,
	9.10723 9.82961,
	9.13022 9.82725,
	9.15314 9.82769,
	9.19904 9.83447,
	9.21051 9.83738,
	9.21627 9.83881,
	9.22189 9.84147,
	9.22979 9.85081,
	9.23454 9.85542,
	9.247 9.87449,
	9.25533 9.89408,
	9.25776 9.90409,
	9.26063 9.92441,
	9.26084 9.94509,
	9.2599 9.96602,
	9.25406 9.98731,
	9.25053 9.99801,
	9.23844 10.0196,
	9.23215 10.0303,
	9.20095 10.0732,
	9.18612 10.0946,
	9.1788 10.1053,
	9.17554 10.1106,
	9.15416 10.1294,
	9.14862 10.1334,
	9.14504 10.1349,
	9.14186 10.1373,
	9.13065 10.142,
	9.12509 10.1447,
	9.12483 10.1447,
	9.12464 10.1449,
	9.12213 10.1455,
	9.11954 10.1474,
	9.11823 10.1487,
	9.09553 10.1537,
	"/>
</Transform>

<Transform dim="0"
 xcoef=" 0 1 0 0 0 0"
 ycoef=" 0 0 1 0 0 0">
<Contour name="d24p22" hidden="false" closed="true" simplified="true" border="1 0 0" fill="1 0 0" mode="11"
 points="7.304 7.07263,
	7.29019 7.04513,
	7.3204 7.04738,
	"/>
</Transform>

<Transform dim="0"
 xcoef=" 0 1 0 0 0 0"
 ycoef=" 0 0 1 0 0 0">
<Contour name="d04p20" hidden="false" closed="true" simplified="true" border="1 0 0" fill="1 0 0" mode="11"
 points="8.74301 10.2891,
	8.72672 10.2493,
	8.75919 10.25,
	"/>
</Transform>

<Transform dim="0"
 xcoef=" 0 1 0 0 0 0"
 ycoef=" 0 0 1 0 0 0">
<Contour name="d19p39" hidden="false" closed="true" simplified="true" border="1 0 0" fill="1 0 0" mode="11"
 points="5.23717 11.4994,
	5.22321 11.4716,
	5.2519 11.4734,
	"/>
</Transform>

<Transform dim="0"
 xcoef=" 0 1 0 0 0 0"
 ycoef=" 0 0 1 0 0 0">
<Contour name="d23c44" hidden="false" closed="true" simplified="true" border="0 0 1" fill="0 0 1" mode="11"
 points="8.71543 8.77809,
	8.71163 8.77342,
	8.69808 8.72714,
	8.69137 8.70337,
	8.69124 8.60896,
	8.69269 8.55923,
	8.69368 8.53371,
	8.69356 8.52068,
	8.69419 8.51424,
	8.69435 8.51264,
	8.69451 8.51102,
	8.70535 8.51106,
	8.72647 8.51599,
	8.73692 8.51927,
	8.74221 8.52008,
	8.7447 8.52211,
	8.73821 8.71685,
	8.73817 8.76127,
	8.73751 8.77204,
	8.73735 8.77472,
	"/>
</Transform>

<Transform dim="0"
 xcoef=" 0 1 0 0 0 0"
 ycoef=" 0 0 1 0 0 0">
<Contour name="d04c22" hidden="false" closed="true" simplified="true" border="0 0 1" fill="0 0 1" mode="11"
 points="10.1576 10.3007,
	10.1404 10.2993,
	10.1223 10.2904,
	10.1036 10.2794,
	10.0941 10.2737,
	10.0541 10.2442,
	10.0326 10.224,
	10.0247 10.2143,
	10.0192 10.205,
	10.0136 10.1872,
	10.0104 10.1698,
	10.009 10.1611,
	10.0084 10.1568,
	10.008 10.1547,
	10.0079 10.1541,
	10.0084 10.1458,
	10.0102 10.1377,
	10.0105 10.1209,
	10.0122 10.1128,
	10.0127 10.1045,
	10.0132 10.1004,
	10.0169 10.0926,
	10.023 10.0852,
	10.0326 10.0842,
	10.0374 10.0839,
	10.057 10.0876,
	10.0769 10.0955,
	10.0971 10.1077,
	10.107 10.114,
	10.1095 10.1154,
	10.1175 10.1251,
	10.1372 10.1436,
	10.1401 10.1482,
	10.1402 10.1493,
	10.1427 10.1513,
	10.145 10.1522,
	10.1469 10.1541,
	10.1542 10.1721,
	10.1581 10.1896,
	10.1591 10.1982,
	10.159 10.215,
	10.162 10.2492,
	10.1646 10.2665,
	10.1647 10.275,
	10.1665 10.2838,
	10.1668 10.288,
	10.1669 10.2902,
	10.1646 10.294,
	"/>
</Transform>

<Transform dim="0"
 xcoef=" 0 1 0 0 0 0"
 ycoef=" 0 0 1 0 0 0">
<Contour name="d23p44" hidden="false" closed="true" simplified="true" border="1 0 0" fill="1 0 0" mode="11"
 points="8.7698 8.68781,
	8.76286 8.67101,
	8.77879 8.67282,
	"/>
</Transform>

<Transform dim="0"
 xcoef=" 0 1 0 0 0 0"
 ycoef=" 0 0 1 0 0 0">
<Contour name="d04cfa22" hidden="false" closed="true" simplified="true" border="0 1 0" fill="0 1 0" mode="11"
 points="10.1388 10.2115,
	10.13 10.2105,
	10.1255 10.2098,
	10.1069 10.2025,
	10.0974 10.1983,
	10.0924 10.1959,
	10.0875 10.1925,
	10.0776 10.1883,
	10.0726 10.1848,
	10.051 10.1662,
	10.0306 10.1461,
	10.0248 10.1368,
	10.0182 10.119,
	10.0161 10.1103,
	10.0158 10.1081,
	10.0157 10.1076,
	10.0167 10.0994,
	10.0185 10.0955,
	10.0254 10.0888,
	10.0299 10.0863,
	10.0396 10.0864,
	10.0493 10.0874,
	10.0591 10.0895,
	10.0793 10.0996,
	10.0994 10.1117,
	10.1044 10.1151,
	10.1147 10.1241,
	10.1173 10.1266,
	10.1225 10.1359,
	10.1294 10.1454,
	10.1385 10.1553,
	10.1457 10.1649,
	10.1497 10.174,
	10.1514 10.1827,
	10.1519 10.1912,
	10.1513 10.1995,
	10.1491 10.2075,
	10.1408 10.2108,
	"/>
</Transform>

<Transform dim="0"
 xcoef=" 0 1 0 0 0 0"
 ycoef=" 0 0 1 0 0 0">
<Contour name="d04sp22" hidden="false" closed="true" simplified="true" border="1 0 0" fill="1 0 0" mode="11"
 points="10.1348 10.225,
	10.1165 10.2182,
	10.0775 10.1961,
	10.0565 10.1786,
	10.0455 10.169,
	10.0262 10.1491,
	10.0217 10.1442,
	10.0194 10.1417,
	10.0107 10.1073,
	10.0105 10.1068,
	10.0117 10.0986,
	10.0123 10.0945,
	10.0178 10.087,
	10.0267 10.0816,
	10.029 10.0804,
	10.0486 10.0831,
	10.0584 10.0852,
	10.0781 10.092,
	10.0877 10.0951,
	10.1076 10.1072,
	10.1125 10.1101,
	10.1326 10.1265,
	10.1426 10.136,
	10.1524 10.1444,
	10.1544 10.1469,
	10.159 10.1645,
	10.1613 10.1733,
	10.1619 10.1745,
	10.1599 10.191,
	10.1587 10.1992,
	10.1565 10.2072,
	10.1526 10.2149,
	10.1476 10.2225,
	10.1392 10.2247,
	"/>
</Transform>

<Transform dim="0"
 xcoef=" 0 1 0 0 0 0"
 ycoef=" 0 0 1 0 0 0">
<Contour name="d23p23" hidden="false" closed="true" simplified="true" border="1 1 0" fill="1 1 0" mode="11"
 points="9.7037 8.30251,
	9.66921 8.2965,
	9.67329 8.29367,
	9.70091 8.29852,
	9.70639 8.27145,
	9.67854 8.26625,
	9.67394 8.29022,
	9.66987 8.29305,
	9.67574 8.26219,
	9.71058 8.26872,
	"/>
</Transform>

<Transform dim="0"
 xcoef=" 0 1 0 0 0 0"
 ycoef=" 0 0 1 0 0 0">
<Contour name="d23sp23" hidden="false" closed="true" simplified="true" border="1 0 0" fill="1 0 0" mode="11"
 points="9.7286 8.25914,
	9.7238 8.25396,
	9.71846 8.25151,
	9.71366 8.24631,
	9.70302 8.24134,
	9.69797 8.23745,
	9.65358 8.23118,
	9.60833 8.2381,
	9.60464 8.23838,
	9.60454 8.23904,
	9.60421 8.24135,
	9.60418 8.24157,
	9.59959 8.24356,
	9.58899 8.25184,
	9.58466 8.25398,
	9.58355 8.25229,
	9.58628 8.24759,
	9.58059 8.25209,
	9.57625 8.25429,
	9.57516 8.25261,
	9.58776 8.23122,
	9.59645 8.20932,
	9.6008 8.19845,
	9.60123 8.1956,
	9.62562 8.18014,
	9.6491 8.17355,
	9.67368 8.16293,
	9.68622 8.15696,
	9.73527 8.14284,
	9.7473 8.14099,
	9.75343 8.13932,
	9.76402 8.14584,
	9.76919 8.14977,
	9.77149 8.16181,
	9.76615 8.18384,
	9.7579 8.20514,
	9.74532 8.22549,
	9.73549 8.24628,
	9.73195 8.25694,
	9.73168 8.25831,
	"/>
</Transform>

<Transform dim="0"
 xcoef=" 0 1 0 0 0 0"
 ycoef=" 0 0 1 0 0 0">
<Contour name="d30c08b" hidden="false" closed="true" simplified="true" border="1 0 0" fill="1 0 0" mode="11"
 points="11.6123 7.08225,
	11.5969 7.07958,
	11.5818 7.07505,
	11.5673 7.06725,
	11.5529 7.058,
	11.5387 7.05033,
	11.5244 7.04376,
	11.495 7.04443,
	11.4808 7.04446,
	11.4736 7.04569,
	11.4593 7.04958,
	11.4557 7.05028,
	11.4488 7.04986,
	11.4455 7.04876,
	11.4428 7.04551,
	11.441 7.03795,
	11.4422 7.02375,
	11.4431 7.01667,
	11.4469 7.00286,
	11.4489 6.99588,
	11.45 6.9887,
	11.4506 6.98511,
	11.4498 6.97004,
	11.4495 6.96248,
	11.4497 6.96158,
	11.4497 6.96114,
	11.456 6.94726,
	11.4581 6.94385,
	11.4701 6.93066,
	11.4774 6.92456,
	11.4936 6.91515,
	11.4979 6.91271,
	11.5126 6.91032,
	11.5261 6.91283,
	11.5296 6.91354,
	11.5427 6.91905,
	11.546 6.92016,
	11.558 6.9325,
	11.5703 6.94546,
	11.597 6.96868,
	11.6005 6.9714,
	11.613 6.98594,
	11.6196 6.99268,
	11.6339 7.00423,
	11.6412 7.00952,
	11.6448 7.01217,
	11.6579 7.02653,
	11.6573 7.04143,
	11.6507 7.05645,
	11.6467 7.06392,
	11.6459 7.06578,
	11.639 7.07327,
	11.6304 7.07844,
	11.6282 7.07983,
	"/>
</Transform>

<Transform dim="0"
 xcoef=" 0 1 0 0 0 0"
 ycoef=" 0 0 1 0 0 0">
<Contour name="d30cfa08b" hidden="false" closed="true" simplified="true" border="0 1 0" fill="0 1 0" mode="11"
 points="11.6081 7.08136,
	11.6002 7.0805,
	11.5965 7.07959,
	11.5816 7.07325,
	11.5742 7.0696,
	11.5671 7.06456,
	11.5601 7.05728,
	11.5532 7.05128,
	11.5496 7.04894,
	11.5425 7.04553,
	11.5388 7.04405,
	11.5315 7.0428,
	11.5278 7.04216,
	11.513 7.0425,
	11.5056 7.04235,
	11.4983 7.04298,
	11.4912 7.04263,
	11.4875 7.04266,
	11.4858 7.04245,
	11.4713 7.04622,
	11.4676 7.04744,
	11.4658 7.04848,
	11.4587 7.04907,
	11.4519 7.04868,
	11.4486 7.04759,
	11.4454 7.04471,
	11.4429 7.0406,
	11.4424 7.03691,
	11.444 7.02279,
	11.447 7.00883,
	11.4521 6.99512,
	11.4543 6.98819,
	11.4548 6.97337,
	11.4534 6.95808,
	11.4536 6.95436,
	11.4537 6.95249,
	11.4537 6.95205,
	11.4538 6.95158,
	11.464 6.93824,
	11.4713 6.93179,
	11.4746 6.92848,
	11.4831 6.92248,
	11.4913 6.91775,
	11.4992 6.91431,
	11.5068 6.91174,
	11.5143 6.91047,
	11.5211 6.9115,
	11.5244 6.91224,
	11.5309 6.91507,
	11.5372 6.91928,
	11.5403 6.92135,
	11.5523 6.93331,
	11.5582 6.93966,
	11.5706 6.95397,
	11.5838 6.96611,
	11.5904 6.97301,
	11.5973 6.97894,
	11.6111 6.99205,
	11.6254 7.00362,
	11.6323 7.01079,
	11.6358 7.01436,
	11.6399 7.02163,
	11.6414 7.02528,
	11.6439 7.04,
	11.6433 7.0548,
	11.6435 7.05847,
	11.641 7.06587,
	11.6394 7.06959,
	11.6322 7.07657,
	11.6238 7.08034,
	11.6158 7.08132,
	"/>
</Transform>

<Transform dim="0"
 xcoef=" 0 1 0 0 0 0"
 ycoef=" 0 0 1 0 0 0">
<Contour name="d30cfa08b" hidden="false" closed="false" simplified="true" border="1 0 0" fill="1 0 0" mode="11"
 points="11.4542 6.98523,
	11.4739 6.98681,
	11.4926 6.98608,
	11.5297 6.98646,
	11.5652 6.98979,
	11.6071 6.99666,
	11.6255 7.00459,
	"/>
</Transform>

<Transform dim="0"
 xcoef=" 0 1 0 0 0 0"
 ycoef=" 0 0 1 0 0 0">
<Contour name="mito05" hidden="false" closed="false" simplified="true" border="1 0 0" fill="1 0 0" mode="11"
 points="12.9648 11.5893,
	13.0148 11.2725,
	"/>
</Transform>

<Transform dim="0"
 xcoef=" 0 1 0 0 0 0"
 ycoef=" 0 0 1 0 0 0">
<Contour name="d23cfa44" hidden="false" closed="false" simplified="true" border="0 1 0" fill="0 1 0" mode="11"
 points="8.71851 8.53095,
	8.70832 8.60252,
	8.70684 8.65964,
	8.723 8.76834,
	"/>
</Transform>

<Transform dim="0"
 xcoef=" 0 1 0 0 0 0"
 ycoef=" 0 0 1 0 0 0">
<Contour name="d07sah28" hidden="false" closed="true" simplified="true" border="1 1 0" fill="1 1 0" mode="11"
 points="6.40644 9.11673,
	6.34302 9.10782,
	6.35004 9.10229,
	6.40083 9.10937,
	6.40705 9.05756,
	6.35524 9.05141,
	6.35068 9.09592,
	6.34365 9.10145,
	6.34934 9.04433,
	6.41431 9.05181,
	"/>
</Transform>

<Transform dim="0"
 xcoef=" 0 1 0 0 0 0"
 ycoef=" 0 0 1 0 0 0">
<Contour name="d07sp28" hidden="false" closed="true" simplified="true" border="1 0 0" fill="1 0 0" mode="11"
 points="5.96099 9.00881,
	5.99055 8.95955,
	6.0431 8.94313,
	6.1482 8.92671,
	6.20074 8.92014,
	6.30584 8.91685,
	6.35839 8.91357,
	6.38466 8.91357,
	6.48976 8.93984,
	6.54231 8.95298,
	6.56859 8.95955,
	6.67368 8.93328,
	6.68682 8.92999,
	6.73937 8.93984,
	6.75251 8.93656,
	6.75907 8.93656,
	6.78535 8.95955,
	6.79192 8.98582,
	6.7952 8.99896,
	6.77878 9.02524,
	6.76564 9.03509,
	6.66055 9.07778,
	6.608 9.10406,
	6.3978 9.18288,
	6.2927 9.19602,
	6.24016 9.20587,
	6.13506 9.20587,
	6.12192 9.20587,
	6.06937 9.1796,
	6.0431 9.16646,
	6.02996 9.15661,
	5.99383 9.10406,
	5.97741 9.07778,
	5.96428 9.02524,
	5.96099 9.0121,
	"/>
</Transform>

<Transform dim="1"
 xcoef=" -0.04 1 0 0 0 0"
 ycoef=" -0.01 0 1 0 0 0">
<Contour name="d19sp19" hidden="false" closed="true" simplified="true" border="1 0 0" fill="1 0 0" mode="11"
 points="4.05539 11.3442,
	4.04671 11.343,
	4.02988 11.3357,
	3.96628 11.291,
	3.9349 11.2713,
	3.86975 11.2399,
	3.86128 11.2368,
	3.82791 11.2108,
	3.81085 11.1989,
	3.79977 11.181,
	3.79477 11.1719,
	3.79206 11.1629,
	3.79162 11.1537,
	3.79198 11.1492,
	3.79216 11.1469,
	3.79226 11.1457,
	3.79489 11.1273,
	3.80336 11.1088,
	3.81887 11.09,
	3.85798 11.0554,
	3.86804 11.047,
	3.88735 11.036,
	3.89701 11.0299,
	3.93335 11.0169,
	3.94218 11.0143,
	3.97577 11.0104,
	3.98378 11.0112,
	3.99888 11.0185,
	4.0145 11.0225,
	4.04769 11.0179,
	4.08091 11.0184,
	4.09778 11.0193,
	4.11438 11.0251,
	4.12284 11.0275,
	4.12699 11.0298,
	4.13498 11.038,
	4.13963 11.0475,
	4.14354 11.0662,
	4.14276 11.0756,
	4.1435 11.0803,
	4.13048 11.1176,
	4.12752 11.1269,
	4.13294 11.1445,
	4.14997 11.1598,
	4.1612 11.1786,
	4.16284 11.188,
	4.16364 11.1927,
	4.15768 11.2114,
	4.14938 11.2302,
	4.14673 11.2349,
	4.12695 11.2537,
	4.1194 11.2632,
	4.11001 11.2821,
	4.10637 11.3011,
	4.1057 11.3106,
	4.10102 11.3297,
	4.09151 11.3369,
	4.07326 11.3418,
	"/>
</Transform>

<Transform dim="1"
 xcoef=" 0 1 0 0 0 0"
 ycoef=" -0.02 0 1 0 0 0">
<Contour name="d19sp24" hidden="false" closed="true" simplified="true" border="1 0 0" fill="1 0 0" mode="11"
 points="6.1962 10.5645,
	6.16989 10.563,
	6.16325 10.5619,
	6.15995 10.5621,
	6.1478 10.5513,
	6.13877 10.5405,
	6.13846 10.5363,
	6.13835 10.5349,
	6.14076 10.5236,
	6.15383 10.5004,
	6.16117 10.4888,
	6.17375 10.4781,
	6.19984 10.4664,
	6.21286 10.4613,
	6.23914 10.4568,
	6.25231 10.4574,
	6.26555 10.461,
	6.27876 10.4675,
	6.29034 10.477,
	6.29378 10.4826,
	6.29944 10.5053,
	6.30285 10.5169,
	6.30451 10.5227,
	6.28501 10.5449,
	6.27271 10.5511,
	6.24765 10.5563,
	6.2349 10.5568,
	6.2092 10.5624,
	"/>
</Transform>

<Transform dim="1"
 xcoef=" 0.01 1 0 0 0 0"
 ycoef=" -0.04 0 1 0 0 0">
<Contour name="d07sp27" hidden="false" closed="true" simplified="true" border="1 0 0" fill="1 0 0" mode="11"
 points="6.67048 8.35266,
	6.62734 8.35258,
	6.58396 8.34894,
	6.54006 8.34062,
	6.51835 8.33024,
	6.49661 8.31546,
	6.45201 8.27191,
	6.40267 8.23284,
	6.37699 8.20315,
	6.33583 8.138,
	6.32292 8.10817,
	6.31655 8.09367,
	6.31461 8.04287,
	6.3027 8.01693,
	6.28439 7.99118,
	6.25485 7.9444,
	6.24495 7.93324,
	6.24012 7.92275,
	6.23562 7.9026,
	6.23472 7.88308,
	6.24207 7.84494,
	6.2442 7.83668,
	6.24451 7.83548,
	6.27116 7.79679,
	6.28294 7.777,
	6.31378 7.73526,
	6.3308 7.71318,
	6.35732 7.6917,
	6.36407 7.68685,
	6.38922 7.67684,
	6.40156 7.67252,
	6.4477 7.67648,
	6.47091 7.67675,
	6.5183 7.66514,
	6.53016 7.66127,
	6.57629 7.66177,
	6.59932 7.66426,
	6.6478 7.66436,
	6.67257 7.66459,
	6.68487 7.66537,
	6.70897 7.67238,
	6.71492 7.67482,
	6.74972 7.71652,
	6.77442 7.75958,
	6.78221 7.77052,
	6.80341 7.79111,
	6.81959 7.81379,
	6.82112 7.82546,
	6.82221 7.82839,
	6.81102 7.85251,
	6.80828 7.87669,
	6.80759 7.88279,
	6.81323 7.90689,
	6.82291 7.93101,
	6.82551 7.95541,
	6.82218 8.00451,
	6.82032 8.02912,
	6.82155 8.07872,
	6.82535 8.12978,
	6.82229 8.18297,
	6.81599 8.21035,
	6.81275 8.22418,
	6.79966 8.25238,
	6.77712 8.28142,
	6.75235 8.30595,
	6.70532 8.33547,
	6.68205 8.34743,
	"/>
<Contour name="d24sph20" hidden="false" closed="true" simplified="true" border="1 0 0" fill="1 0 0" mode="11"
 points="6.39893 7.66535,
	6.37215 7.66339,
	6.36878 7.6632,
	6.35652 7.65491,
	6.35051 7.65012,
	6.33422 7.63002,
	6.32906 7.61959,
	6.32733 7.61422,
	6.32796 7.59117,
	6.32177 7.58117,
	6.31726 7.57087,
	6.31625 7.56543,
	6.31575 7.5627,
	6.29886 7.54446,
	6.29586 7.53401,
	6.29537 7.5229,
	6.29667 7.50076,
	6.29674 7.50004,
	6.30797 7.47447,
	6.31389 7.46166,
	6.31683 7.45529,
	6.3334 7.42866,
	6.34156 7.41552,
	6.34423 7.41208,
	6.37159 7.3917,
	6.39872 7.37339,
	6.40549 7.36858,
	6.41219 7.36517,
	6.43856 7.36212,
	6.45214 7.36064,
	6.45913 7.36036,
	6.48664 7.36371,
	6.49352 7.36431,
	6.54963 7.3569,
	6.55666 7.35581,
	6.58413 7.35845,
	6.59772 7.36127,
	6.62461 7.36992,
	6.65041 7.38975,
	6.6635 7.39845,
	6.69007 7.41267,
	6.7166 7.42844,
	6.72321 7.43259,
	6.72915 7.44368,
	6.73298 7.44926,
	6.73445 7.45205,
	6.7585 7.47452,
	6.76172 7.47735,
	6.76893 7.50011,
	6.77867 7.52307,
	6.78351 7.53462,
	6.78549 7.54042,
	6.78383 7.56369,
	6.78258 7.57538,
	6.76617 7.59903,
	6.74624 7.62313,
	6.71674 7.63533,
	6.65909 7.6401,
	6.63009 7.64375,
	6.61556 7.64599,
	6.56113 7.65007,
	6.50722 7.65669,
	6.48024 7.65957,
	6.46679 7.66034,
	6.45367 7.65804,
	"/>
<Contour name="d24sp20" hidden="false" closed="true" simplified="true" border="1 0 0" fill="1 0 0" mode="11"
 points="6.39893 7.66535,
	6.37215 7.66339,
	6.36878 7.6632,
	6.35652 7.65491,
	6.35051 7.65012,
	6.33422 7.63002,
	6.32906 7.61959,
	6.32733 7.61422,
	6.32796 7.59117,
	6.32177 7.58117,
	6.31726 7.57087,
	6.31625 7.56543,
	6.31575 7.5627,
	6.29886 7.54446,
	6.29586 7.53401,
	6.29537 7.5229,
	6.29667 7.50076,
	6.29674 7.50004,
	6.30797 7.47447,
	6.31389 7.46166,
	6.31683 7.45529,
	6.3334 7.42866,
	6.34156 7.41552,
	6.34423 7.41208,
	6.37159 7.3917,
	6.39872 7.37339,
	6.40549 7.36858,
	6.41219 7.36517,
	6.43856 7.36212,
	6.45214 7.36064,
	6.45913 7.36036,
	6.48664 7.36371,
	6.49352 7.36431,
	6.54963 7.3569,
	6.55666 7.35581,
	6.58413 7.35845,
	6.59772 7.36127,
	6.62461 7.36992,
	6.65041 7.38975,
	6.6635 7.39845,
	6.69007 7.41267,
	6.7166 7.42844,
	6.72321 7.43259,
	6.72915 7.44368,
	6.73298 7.44926,
	6.73445 7.45205,
	6.7585 7.47452,
	6.76172 7.47735,
	6.76893 7.50011,
	6.77867 7.52307,
	6.78351 7.53462,
	6.78549 7.54042,
	6.78383 7.56369,
	6.78258 7.57538,
	6.76617 7.59903,
	6.74624 7.62313,
	6.71674 7.63533,
	6.65909 7.6401,
	6.63009 7.64375,
	6.61556 7.64599,
	6.56113 7.65007,
	6.50722 7.65669,
	6.48024 7.65957,
	6.46679 7.66034,
	6.45367 7.65804,
	"/>
</Transform>

<Transform dim="1"
 xcoef=" 0 1 0 0 0 0"
 ycoef=" -0.04 0 1 0 0 0">
<Contour name="d24sp27" hidden="false" closed="true" simplified="true" border="1 0 0" fill="1 0 0" mode="11"
 points="9.03909 7.40607,
	8.97545 7.40546,
	8.94394 7.4025,
	8.92822 7.40073,
	8.9243 7.40029,
	8.89418 7.38519,
	8.88665 7.38139,
	8.87197 7.37063,
	8.86459 7.36553,
	8.86277 7.36407,
	8.86186 7.36335,
	8.85967 7.35184,
	8.85831 7.34615,
	8.85761 7.34333,
	8.85822 7.33768,
	8.8585 7.33488,
	8.85854 7.33452,
	8.85858 7.33416,
	8.86179 7.31208,
	8.86666 7.29053,
	8.86901 7.27993,
	8.87286 7.27458,
	8.88245 7.26385,
	8.88721 7.25851,
	8.88981 7.25583,
	8.90586 7.24721,
	8.90975 7.24497,
	8.9117 7.24385,
	8.91267 7.24312,
	8.9281 7.24317,
	8.93578 7.24344,
	8.9396 7.24341,
	8.94727 7.24553,
	8.97751 7.25631,
	8.99254 7.26202,
	9.00757 7.2689,
	9.03776 7.28451,
	9.05295 7.29291,
	9.06058 7.29716,
	9.0644 7.29913,
	9.08573 7.3227,
	9.09463 7.33455,
	9.09929 7.34053,
	9.10113 7.34351,
	9.10252 7.34504,
	9.10295 7.34648,
	9.09673 7.36892,
	9.09531 7.37465,
	9.0864 7.3858,
	9.08191 7.39144,
	9.07965 7.39429,
	9.07189 7.39718,
	"/>
<Contour name="d24sph27" hidden="false" closed="true" simplified="true" border="1 0 0" fill="1 0 0" mode="11"
 points="9.03909 7.40607,
	8.97545 7.40546,
	8.94394 7.4025,
	8.92822 7.40073,
	8.9243 7.40029,
	8.89418 7.38519,
	8.88665 7.38139,
	8.87197 7.37063,
	8.86459 7.36553,
	8.86277 7.36407,
	8.86186 7.36335,
	8.85967 7.35184,
	8.85831 7.34615,
	8.85761 7.34333,
	8.85822 7.33768,
	8.8585 7.33488,
	8.85854 7.33452,
	8.85858 7.33416,
	8.86179 7.31208,
	8.86666 7.29053,
	8.86901 7.27993,
	8.87286 7.27458,
	8.88245 7.26385,
	8.88721 7.25851,
	8.88981 7.25583,
	8.90586 7.24721,
	8.90975 7.24497,
	8.9117 7.24385,
	8.91267 7.24312,
	8.9281 7.24317,
	8.93578 7.24344,
	8.9396 7.24341,
	8.94727 7.24553,
	8.97751 7.25631,
	8.99254 7.26202,
	9.00757 7.2689,
	9.03776 7.28451,
	9.05295 7.29291,
	9.06058 7.29716,
	9.0644 7.29913,
	9.08573 7.3227,
	9.09463 7.33455,
	9.09929 7.34053,
	9.10113 7.34351,
	9.10252 7.34504,
	9.10295 7.34648,
	9.09673 7.36892,
	9.09531 7.37465,
	9.0864 7.3858,
	9.08191 7.39144,
	9.07965 7.39429,
	9.07189 7.39718,
	"/>
</Transform>

<Transform dim="1"
 xcoef=" 0.01 1 0 0 0 0"
 ycoef=" 0.02 0 1 0 0 0">
<Contour name="d05sp25" hidden="false" closed="true" simplified="true" border="1 0 0" fill="1 0 0" mode="11"
 points="12.2008 11.3153,
	12.1702 11.3028,
	12.1549 11.2965,
	12.122 11.2763,
	12.1061 11.2607,
	12.0971 11.253,
	12.0759 11.2226,
	12.0609 11.1925,
	12.0383 11.1627,
	12.0224 11.1332,
	12.0126 11.1187,
	12.0073 11.1039,
	12.0071 11.1002,
	11.9889 11.0865,
	11.9527 11.0845,
	11.9339 11.081,
	11.9245 11.0784,
	11.8985 11.0519,
	11.8795 11.0466,
	11.8611 11.0356,
	11.8526 11.0216,
	11.8483 10.9922,
	11.8488 10.9865,
	11.849 10.9846,
	11.8521 10.9768,
	11.8811 10.9435,
	11.9009 10.9297,
	11.9203 10.9195,
	11.939 10.9132,
	11.9742 10.9141,
	11.9909 10.9214,
	11.9993 10.9242,
	12.0169 10.9202,
	12.0496 10.9325,
	12.0656 10.9391,
	12.1266 10.9881,
	12.1567 11.0101,
	12.1862 11.0403,
	12.2009 11.0545,
	12.2159 11.0649,
	12.2233 11.0711,
	12.253 11.1344,
	12.2591 11.1501,
	12.2626 11.1808,
	12.2639 11.1961,
	12.2587 11.2566,
	12.2556 11.2716,
	12.2408 11.3014,
	12.2288 11.3143,
	"/>
</Transform>

<Transform dim="0"
 xcoef=" 0 1 0 0 0 0"
 ycoef=" 0 0 1 0 0 0">
<Contour name="d19sp21" hidden="false" closed="true" simplified="true" border="1 0 0" fill="1 0 0" mode="11"
 points="4.93089 11.1666,
	4.93868 11.1458,
	4.94127 11.1406,
	4.96205 11.1263,
	4.97243 11.1185,
	4.98412 11.0977,
	4.98801 11.0925,
	4.9997 11.051,
	5.00619 11.0406,
	5.00878 11.0367,
	5.00619 11.0341,
	5.01917 11.0134,
	5.02436 11.003,
	5.04514 10.9822,
	5.05942 10.9614,
	5.0698 10.9536,
	5.075 10.9484,
	5.11654 10.9303,
	5.13732 10.9134,
	5.1477 10.903,
	5.15809 10.8952,
	5.17886 10.8874,
	5.18925 10.8887,
	5.21002 10.8965,
	5.25156 10.9212,
	5.25676 10.9238,
	5.25935 10.9251,
	5.24897 10.9303,
	5.24507 10.9342,
	5.25027 10.9355,
	5.33336 10.9264,
	5.34374 10.9251,
	5.36451 10.9329,
	5.3749 10.9394,
	5.39178 10.9601,
	5.41255 10.9692,
	5.43332 10.9731,
	5.44371 10.9744,
	5.4489 10.9757,
	5.46968 10.9952,
	5.49045 11.0056,
	5.50083 11.0108,
	5.50603 11.0134,
	5.50862 11.0134,
	5.5294 11.0263,
	5.55017 11.0354,
	5.57094 11.0484,
	5.57873 11.0588,
	5.57614 11.0692,
	5.57224 11.0705,
	5.5307 11.0653,
	5.44761 11.0614,
	5.36451 11.0601,
	5.32297 11.0614,
	5.31258 11.0614,
	5.29181 11.0666,
	5.25027 11.0822,
	5.23988 11.0848,
	5.22949 11.09,
	5.18795 11.1029,
	5.18276 11.1029,
	5.14121 11.1172,
	5.13082 11.1198,
	5.12044 11.125,
	5.09966 11.1315,
	5.01657 11.1717,
	4.97503 11.1938,
	4.95426 11.2094,
	4.94387 11.2185,
	4.94257 11.2198,
	4.93868 11.2146,
	4.93608 11.2172,
	4.93219 11.2068,
	4.93089 11.186,
	4.93089 11.1756,
	4.93089 11.1704,
	4.93089 11.1679,
	"/>
</Transform>

<Transform dim="0"
 xcoef=" 0 1 0 0 0 0"
 ycoef=" 0 0 1 0 0 0">
<Contour name="d19sp39" hidden="false" closed="true" simplified="true" border="1 0 0" fill="1 0 0" mode="11"
 points="4.94869 11.7701,
	4.98118 11.733,
	4.98814 11.7237,
	5.0624 11.6866,
	5.08096 11.6761,
	5.11577 11.639,
	5.16914 11.5647,
	5.17379 11.5554,
	5.17495 11.5508,
	5.15406 11.5137,
	5.1413 11.4951,
	5.12273 11.4765,
	5.11461 11.4673,
	5.10301 11.4487,
	5.09488 11.4301,
	5.09372 11.4208,
	5.09372 11.4185,
	5.08444 11.4162,
	5.07516 11.4081,
	5.05311 11.371,
	5.04151 11.3524,
	5.03223 11.3338,
	5.02991 11.3245,
	5.03339 11.3222,
	5.05195 11.3292,
	5.07052 11.3396,
	5.08908 11.3582,
	5.10765 11.3733,
	5.18191 11.4208,
	5.21904 11.4406,
	5.2933 11.4754,
	5.31186 11.4835,
	5.32114 11.487,
	5.33043 11.4928,
	5.36756 11.509,
	5.44182 11.5485,
	5.47894 11.5682,
	5.51491 11.5845,
	5.51259 11.5868,
	5.49403 11.5891,
	5.48475 11.5903,
	5.48011 11.5926,
	5.44298 11.5961,
	5.42441 11.5926,
	5.40585 11.5914,
	5.39656 11.5914,
	5.38728 11.5891,
	5.31302 11.5856,
	5.27589 11.5845,
	5.25733 11.5868,
	5.2202 11.6019,
	5.21092 11.6065,
	5.20627 11.6077,
	5.20395 11.6077,
	5.1703 11.6448,
	5.13317 11.6784,
	5.09605 11.7074,
	5.02179 11.7597,
	4.98466 11.7852,
	4.97537 11.7875,
	4.96609 11.7863,
	4.95681 11.7782,
	4.95217 11.7736,
	4.94985 11.7713,
	"/>
</Transform>

<Transform dim="1"
 xcoef=" 0.01 1 0 0 0 0"
 ycoef=" -0.04 0 1 0 0 0">
<Contour name="d24sp22" hidden="false" closed="true" simplified="true" border="1 0 0" fill="1 0 0" mode="11"
 points="7.58188 6.32496,
	7.55427 6.31864,
	7.54058 6.31532,
	7.53718 6.31452,
	7.53545 6.31452,
	7.52617 6.30165,
	7.51957 6.28887,
	7.51559 6.27612,
	7.50832 6.26348,
	7.50473 6.25717,
	7.49287 6.25028,
	7.48017 6.24506,
	7.4678 6.23827,
	7.45948 6.22558,
	7.45539 6.21919,
	7.45334 6.21599,
	7.44782 6.18969,
	7.44426 6.16294,
	7.44544 6.14941,
	7.45038 6.12231,
	7.45371 6.09513,
	7.45473 6.08834,
	7.45486 6.08749,
	7.45498 6.08665,
	7.46673 6.05991,
	7.473 6.04666,
	7.48821 6.03501,
	7.49569 6.02969,
	7.49948 6.02662,
	7.52706 6.0191,
	7.54065 6.01553,
	7.5474 6.01379,
	7.55083 6.01251,
	7.5767 6.01229,
	7.58314 6.01227,
	7.60819 6.01787,
	7.62085 6.02026,
	7.67072 6.04712,
	7.68253 6.05566,
	7.69338 6.0824,
	7.71352 6.10986,
	7.71906 6.13543,
	7.7214 6.14807,
	7.70937 6.17108,
	7.7038 6.18257,
	7.69888 6.20629,
	7.68485 6.25377,
	7.68115 6.26586,
	7.66577 6.28966,
	7.6617 6.29569,
	7.63274 6.31123,
	7.62531 6.31481,
	7.62157 6.31703,
	7.59267 6.32292,
	7.58548 6.32428,
	"/>
</Transform>

<Transform dim="0"
 xcoef=" 0 1 0 0 0 0"
 ycoef=" 0 0 1 0 0 0">
<Contour name="d24sp22" hidden="false" closed="true" simplified="true" border="1 0 0" fill="1 0 0" mode="11"
 points="7.06748 7.08508,
	7.07388 7.08348,
	7.12508 7.09308,
	7.17629 7.09148,
	7.18909 7.09148,
	7.19549 7.08988,
	7.20829 7.07708,
	7.23869 7.02588,
	7.25949 7.00028,
	7.26429 6.99388,
	7.26269 6.99068,
	7.27229 6.97788,
	7.29789 6.96028,
	7.32349 6.95068,
	7.33629 6.94748,
	7.34909 6.93948,
	7.37309 6.91548,
	7.38589 6.90427,
	7.40509 6.88027,
	7.41149 6.87547,
	7.41469 6.87227,
	7.4403 6.88027,
	7.4467 6.88027,
	7.4595 6.89147,
	7.4675 6.90427,
	7.4707 6.90747,
	7.4611 6.93308,
	7.4355 6.95708,
	7.4323 6.96348,
	7.4259 6.96988,
	7.41149 6.99548,
	7.40669 7.02108,
	7.40509 7.03388,
	7.39869 7.04668,
	7.39709 7.05948,
	7.39869 7.07228,
	7.41149 7.09788,
	7.4291 7.12348,
	7.4419 7.13628,
	7.4675 7.15228,
	7.4931 7.16508,
	7.5059 7.16989,
	7.5187 7.17949,
	7.5379 7.20509,
	7.5427 7.21149,
	7.5459 7.22429,
	7.5459 7.22749,
	7.5395 7.22909,
	7.5139 7.22429,
	7.5011 7.21949,
	7.4499 7.21149,
	7.4243 7.20349,
	7.39869 7.19869,
	7.34749 7.18109,
	7.29629 7.16669,
	7.29309 7.16669,
	7.29149 7.16348,
	7.27869 7.16188,
	7.27549 7.16188,
	7.27229 7.15868,
	7.26589 7.15868,
	7.25949 7.15548,
	7.25309 7.15548,
	7.25149 7.15228,
	7.23869 7.15068,
	7.23549 7.15068,
	7.23229 7.14748,
	7.22589 7.14748,
	7.22429 7.14428,
	7.21149 7.14268,
	7.20509 7.14268,
	7.19869 7.13948,
	7.19229 7.13948,
	7.18589 7.13628,
	7.17949 7.13628,
	7.17629 7.13308,
	7.16989 7.13308,
	7.16669 7.13308,
	7.16348 7.12988,
	7.11228 7.12188,
	7.08668 7.11548,
	7.08028 7.11548,
	7.07388 7.11068,
	7.06908 7.09788,
	7.06748 7.08668,
	"/>
</Transform>

<Transform dim="1"
 xcoef=" -0.01 1 0 0 0 0"
 ycoef=" -0.02 0 1 0 0 0">
<Contour name="d24sp23" hidden="false" closed="true" simplified="true" border="1 0 0" fill="1 0 0" mode="11"
 points="8.18482 7.76112,
	8.13402 7.75452,
	8.10923 7.75176,
	8.06059 7.75021,
	8.03684 7.74773,
	8.02509 7.74652,
	8.00209 7.74052,
	8.0018 7.73471,
	8.00185 7.73399,
	8.00301 7.72823,
	8.01314 7.7052,
	8.03642 7.68599,
	8.0484 7.67595,
	8.07241 7.65876,
	8.12171 7.62245,
	8.14704 7.60647,
	8.15992 7.59822,
	8.18617 7.579,
	8.19948 7.56949,
	8.22594 7.5572,
	8.22924 7.55595,
	8.25441 7.56551,
	8.26074 7.56811,
	8.27391 7.59242,
	8.27903 7.60457,
	8.28213 7.62849,
	8.28339 7.64051,
	8.28407 7.64653,
	8.27849 7.69415,
	8.27194 7.71779,
	8.26874 7.72963,
	8.24393 7.75206,
	8.23731 7.75689,
	"/>
<Contour name="d24sph23" hidden="false" closed="true" simplified="true" border="1 0 0" fill="1 0 0" mode="11"
 points="8.18482 7.76112,
	8.13402 7.75452,
	8.10923 7.75176,
	8.06059 7.75021,
	8.03684 7.74773,
	8.02509 7.74652,
	8.00209 7.74052,
	8.0018 7.73471,
	8.00185 7.73399,
	8.00301 7.72823,
	8.01314 7.7052,
	8.03642 7.68599,
	8.0484 7.67595,
	8.07241 7.65876,
	8.12171 7.62245,
	8.14704 7.60647,
	8.15992 7.59822,
	8.18617 7.579,
	8.19948 7.56949,
	8.22594 7.5572,
	8.22924 7.55595,
	8.25441 7.56551,
	8.26074 7.56811,
	8.27391 7.59242,
	8.27903 7.60457,
	8.28213 7.62849,
	8.28339 7.64051,
	8.28407 7.64653,
	8.27849 7.69415,
	8.27194 7.71779,
	8.26874 7.72963,
	8.24393 7.75206,
	8.23731 7.75689,
	"/>
</Transform>

<Transform dim="0"
 xcoef=" 0 1 0 0 0 0"
 ycoef=" 0 0 1 0 0 0">
<Contour name="d24sp25" hidden="false" closed="true" simplified="true" border="1 0 0" fill="1 0 0" mode="11"
 points="8.89207 7.80371,
	"/>
<Contour name="d24sp25" hidden="false" closed="true" simplified="true" border="1 0 0" fill="1 0 0" mode="11"
 points="8.8934 7.80105,
	"/>
<Contour name="d24sp25" hidden="false" closed="true" simplified="true" border="1 0 0" fill="1 0 0" mode="11"
 points="8.89473 7.79839,
	8.89739 7.79306,
	"/>
<Contour name="d24sp25" hidden="false" closed="true" simplified="true" border="1 0 0" fill="1 0 0" mode="11"
 points="8.89872 7.7904,
	"/>
</Transform>

<Transform dim="0"
 xcoef=" 0 1 0 0 0 0"
 ycoef=" 0 0 1 0 0 0">
<Contour name="d24sp25" hidden="false" closed="true" simplified="true" border="1 0 0" fill="1 0 0" mode="11"
 points="8.90005 7.78774,
	8.90803 7.7771,
	8.92932 7.75981,
	8.97188 7.73188,
	8.99316 7.71991,
	9.00381 7.71326,
	9.02509 7.70793,
	9.02908 7.7066,
	9.05036 7.70394,
	9.05169 7.70394,
	9.08628 7.69729,
	9.09692 7.6933,
	9.1182 7.68133,
	9.13948 7.67202,
	9.15012 7.66936,
	9.15544 7.66803,
	9.17673 7.67734,
	9.18205 7.68,
	9.20333 7.70128,
	9.21131 7.71192,
	9.21929 7.73321,
	9.22328 7.75449,
	9.22461 7.76513,
	9.22594 7.77045,
	9.21397 7.79173,
	9.19269 7.79839,
	9.17141 7.80238,
	9.16077 7.80371,
	9.13948 7.80105,
	9.09692 7.78508,
	9.09426 7.78242,
	9.07297 7.77976,
	9.06233 7.78109,
	9.04105 7.79173,
	9.03174 7.79706,
	9.01977 7.81834,
	9.00514 7.83962,
	8.99982 7.85026,
	8.9905 7.85957,
	8.98518 7.86356,
	8.9639 7.86755,
	8.94262 7.86755,
	8.93198 7.86755,
	8.91069 7.8609,
	8.90537 7.85957,
	8.89473 7.85026,
	8.88941 7.83962,
	8.88808 7.82898,
	8.89473 7.8077,
	8.89739 7.79706,
	8.89872 7.79173,
	8.90005 7.78907,
	"/>
</Transform>

<Transform dim="0"
 xcoef=" 0 1 0 0 0 0"
 ycoef=" 0 0 1 0 0 0">
<Image mag="0.0022379" contrast="1.144" brightness="-0.15" red="true" green="true" blue="true"
 src="108____z107.0.tif" />
<Contour name="d05c15" hidden="false" closed="true" simplified="false" border="0 0 1" fill="0 0 1" mode="11"
 points="0 0,
	9356 0,
	9356 6733,
	0 6733,
	"/>
</Transform>

<Transform dim="0"
 xcoef=" 0 1 0 0 0 0"
 ycoef=" 0 0 1 0 0 0">
<Image mag="0.0022379" contrast="1.144" brightness="-0.15" red="true" green="true" blue="true"
 src="109____z108.0.tif" />
<Contour name="d05c15" hidden="false" closed="true" simplified="false" border="0 0 1" fill="0 0 1" mode="11"
 points="0 0,
	9356 0,
	9356 6733,
	0 6733,
	"/>
</Transform>

<Transform dim="0"
 xcoef=" 0 1 0 0 0 0"
 ycoef=" 0 0 1 0 0 0">
<Contour name="d05" comment="dch_traced_06.2019" hidden="false" closed="true" simplified="true" border="1 1 0" fill="1 1 0" mode="11"
 points="10.3444 10.9328,
	10.3483 10.9117,
	10.3523 10.9012,
	10.3536 10.8959,
	10.3602 10.8853,
	10.3642 10.8748,
	10.3787 10.8537,
	10.3958 10.8325,
	10.438 10.7982,
	10.4433 10.793,
	10.4644 10.7811,
	10.5066 10.7666,
	10.5911 10.7323,
	10.6333 10.723,
	10.6755 10.7098,
	10.6966 10.7006,
	10.7019 10.6966,
	10.7072 10.6953,
	10.7098 10.6927,
	10.7151 10.6914,
	10.7178 10.6887,
	10.7204 10.6887,
	10.7415 10.6755,
	10.7837 10.6597,
	10.826 10.6491,
	10.8365 10.6465,
	10.8787 10.6478,
	10.921 10.6544,
	10.9421 10.6597,
	10.9526 10.661,
	10.9737 10.6689,
	10.9948 10.6808,
	11.0371 10.7006,
	11.0582 10.7098,
	11.1004 10.7204,
	11.1426 10.7283,
	11.1637 10.731,
	11.1743 10.7323,
	11.1796 10.7323,
	11.1901 10.7362,
	11.2112 10.7402,
	11.2323 10.7468,
	11.2746 10.7547,
	11.2851 10.7573,
	11.3062 10.7679,
	11.3168 10.7771,
	11.3339 10.7982,
	11.3405 10.8088,
	11.3603 10.8299,
	11.3696 10.8405,
	11.3762 10.8497,
	11.3867 10.8589,
	11.3946 10.8682,
	11.4355 10.9051,
	11.4395 10.9104,
	11.4448 10.913,
	11.4659 10.9328,
	11.4751 10.9407,
	11.4791 10.946,
	11.483 10.9487,
	11.4936 10.9579,
	11.5345 10.983,
	11.545 10.9882,
	11.5503 10.9922,
	11.5925 11.008,
	11.6123 11.0265,
	11.6189 11.0371,
	11.6255 11.0582,
	11.6268 11.0793,
	11.6242 11.1004,
	11.615 11.1215,
	11.5846 11.1637,
	11.5675 11.1848,
	11.5477 11.2059,
	11.5371 11.2165,
	11.5226 11.2376,
	11.5121 11.2482,
	11.5068 11.2534,
	11.5015 11.2561,
	11.4962 11.2614,
	11.4751 11.2759,
	11.4646 11.2825,
	11.4434 11.2996,
	11.4329 11.3089,
	11.4223 11.3155,
	11.4171 11.3194,
	11.3959 11.3247,
	11.3854 11.326,
	11.3748 11.33,
	11.3537 11.3326,
	11.3115 11.3313,
	11.2904 11.33,
	11.2482 11.3326,
	11.2429 11.3353,
	11.2218 11.3392,
	11.1796 11.3392,
	11.1373 11.3353,
	11.0951 11.3366,
	11.0846 11.3379,
	11.0635 11.3458,
	11.0529 11.3484,
	11.0107 11.3458,
	10.9896 11.3379,
	10.9685 11.3326,
	10.9632 11.33,
	10.9421 11.326,
	10.9315 11.3234,
	10.8471 11.3168,
	10.8048 11.3075,
	10.7837 11.3009,
	10.7732 11.297,
	10.7521 11.293,
	10.7098 11.2759,
	10.6993 11.2706,
	10.694 11.2693,
	10.6518 11.2455,
	10.6307 11.2337,
	10.6096 11.2257,
	10.599 11.2231,
	10.5779 11.2231,
	10.5673 11.2218,
	10.5568 11.2178,
	10.5515 11.2178,
	10.5093 11.2007,
	10.4882 11.1888,
	10.4671 11.1809,
	10.446 11.169,
	10.4248 11.1598,
	10.4156 11.1492,
	10.409 11.1387,
	10.4051 11.1334,
	10.4024 11.1307,
	10.3971 11.1096,
	10.3958 11.0885,
	10.376 11.0463,
	10.3668 11.0252,
	10.3602 11.0041,
	10.351 10.983,
	10.3444 10.9619,
	10.3444 10.9407,
	10.3444 10.9355,
	10.3444 10.9341,
	"/>
</Transform>

</Section>