<?xml version="1.0"?>
<!DOCTYPE Section SYSTEM "section.dtd">

<Section index="149" thickness="0.045794" alignLocked="true">
<Transform dim="0"
 xcoef=" 0 1 0 0 0 0"
 ycoef=" 0 0 1 0 0 0">
<Image mag="0.0022379" contrast="1.144" brightness="-0.15" red="true" green="true" blue="true"
 src="150____z149.0.tif" />
<Contour name="domain1" hidden="false" closed="true" simplified="false" border="1 0 1" fill="1 0 1" mode="11"
 points="0 0,
	9357 0,
	9357 6734,
	0 6734,
	"/>
</Transform>

<Transform dim="0"
 xcoef=" 0 1 0 0 0 0"
 ycoef=" 0 0 1 0 0 0">
<Contour name="d04" hidden="false" closed="true" simplified="true" border="0 0 0" fill="0 0 0" mode="11"
 points="9.67387 10.6923,
	9.65293 10.6918,
	9.64231 10.692,
	9.59936 10.6879,
	9.57725 10.6858,
	9.57163 10.6849,
	9.5688 10.6848,
	9.54651 10.6773,
	9.52378 10.6711,
	9.47763 10.6612,
	9.43114 10.653,
	9.41957 10.651,
	9.37475 10.6337,
	9.35276 10.6271,
	9.34735 10.6253,
	9.32606 10.6143,
	9.31548 10.6085,
	9.30481 10.6053,
	9.28334 10.6021,
	9.27272 10.6,
	9.25148 10.5982,
	9.24097 10.5971,
	9.23574 10.5968,
	9.21518 10.5912,
	9.20502 10.5885,
	9.18506 10.5808,
	9.1752 10.577,
	9.15561 10.5731,
	9.15077 10.5723,
	9.14598 10.5704,
	9.12724 10.5586,
	9.11798 10.5533,
	9.08143 10.5368,
	9.04585 10.5195,
	9.02828 10.5109,
	9.01959 10.5061,
	9.0107 10.5036,
	8.9926 10.5013,
	8.98352 10.4999,
	8.98126 10.4995,
	8.9801 10.4995,
	8.97759 10.4911,
	8.97713 10.49,
	8.97719 10.4895,
	8.99076 10.4719,
	8.99203 10.4708,
	8.9931 10.4709,
	8.99899 10.4632,
	9.00026 10.462,
	9.03566 10.4665,
	9.05279 10.4746,
	9.05714 10.4763,
	9.07518 10.4775,
	9.11211 10.4779,
	9.15041 10.4779,
	9.17038 10.4761,
	9.19132 10.47,
	9.21261 10.4655,
	9.22336 10.4639,
	9.23439 10.4611,
	9.27992 10.4464,
	9.30262 10.4423,
	9.31397 10.4405,
	9.3603 10.4264,
	9.38317 10.421,
	9.42816 10.4158,
	9.47265 10.4158,
	9.49503 10.4162,
	9.50624 10.4167,
	9.51722 10.4195,
	9.52189 10.4207,
	9.5219 10.4222,
	9.52192 10.4243,
	9.52194 10.4264,
	9.52196 10.4285,
	9.52197 10.4298,
	9.55312 10.4306,
	9.56436 10.4315,
	9.57003 10.4317,
	9.59213 10.4383,
	9.60324 10.441,
	9.64655 10.4615,
	9.65724 10.467,
	9.66258 10.4695,
	9.68175 10.4879,
	9.69734 10.5065,
	9.70039 10.5111,
	9.70723 10.5287,
	9.71776 10.5631,
	9.7176 10.5801,
	9.71742 10.5843,
	9.72239 10.6016,
	9.72516 10.6103,
	9.72262 10.6445,
	9.72204 10.6532,
	9.71695 10.6703,
	9.69536 10.684,
	9.68463 10.6884,
	9.6792 10.6909,
	"/>
</Transform>

<Transform dim="0"
 xcoef=" 0 1 0 0 0 0"
 ycoef=" 0 0 1 0 0 0">
<Contour name="d04" hidden="false" closed="true" simplified="true" border="0 0 0" fill="0 0 0" mode="11"
 points="8.77469 10.3951,
	8.76285 10.3939,
	8.75199 10.3882,
	8.74669 10.3847,
	8.73825 10.3749,
	8.73405 10.37,
	8.72504 10.35,
	8.71239 10.33,
	8.70424 10.32,
	8.69943 10.315,
	8.69616 10.3099,
	8.67529 10.2959,
	8.66491 10.2888,
	8.65369 10.2841,
	8.64226 10.2807,
	8.63135 10.2753,
	8.6111 10.2579,
	8.60108 10.2494,
	8.56367 10.2109,
	8.5544 10.2024,
	8.54472 10.1959,
	8.53555 10.1881,
	8.51679 10.1753,
	8.47931 10.1536,
	8.45986 10.1459,
	8.44998 10.1424,
	8.44524 10.14,
	8.44306 10.1382,
	8.43988 10.1284,
	8.44291 10.1184,
	8.44378 10.1084,
	8.44385 10.1034,
	8.43193 10.0837,
	8.42816 10.0794,
	8.41804 10.0746,
	8.41534 10.0741,
	8.40089 10.0539,
	8.39772 10.0488,
	8.39078 10.0279,
	8.3896 10.0066,
	8.38928 10.0013,
	8.38744 9.99587,
	8.38991 9.974,
	8.39033 9.9685,
	8.39077 9.96642,
	8.39092 9.96573,
	8.40029 9.94342,
	8.41119 9.92088,
	8.4189 9.89781,
	8.42335 9.88595,
	8.4351 9.86199,
	8.44812 9.8379,
	8.45933 9.81377,
	8.46244 9.80771,
	8.46364 9.78374,
	8.47094 9.75945,
	8.47305 9.75336,
	8.4869 9.72867,
	8.48929 9.72556,
	8.5013 9.71827,
	8.50427 9.71662,
	8.52697 9.69128,
	8.53589 9.67866,
	8.54097 9.67308,
	8.55244 9.66418,
	8.56241 9.65229,
	8.56665 9.64601,
	8.57691 9.62116,
	8.58029 9.61497,
	8.58161 9.61188,
	8.59263 9.60103,
	8.60372 9.59185,
	8.60853 9.58656,
	8.63709 9.53932,
	8.65186 9.51655,
	8.65315 9.51372,
	8.67658 9.50011,
	8.68261 9.49771,
	8.73275 9.48581,
	8.74569 9.48352,
	8.7714 9.47533,
	8.78426 9.47086,
	8.7907 9.46861,
	8.8156 9.45444,
	8.84106 9.44602,
	8.84735 9.44373,
	8.86073 9.44429,
	8.86743 9.44494,
	8.89168 9.43371,
	8.90368 9.42857,
	8.91488 9.41943,
	8.91929 9.41447,
	8.92135 9.40992,
	8.92209 9.399,
	8.91945 9.37652,
	8.91499 9.35357,
	8.90434 9.26132,
	8.90645 9.23883,
	8.90807 9.22766,
	8.91009 9.22228,
	8.91109 9.21098,
	8.91065 9.19937,
	8.93421 9.15763,
	8.94912 9.13756,
	8.96716 9.1185,
	8.9773 9.10942,
	8.98008 9.10789,
	8.98009 9.10715,
	8.99209 9.10049,
	8.99821 9.09793,
	9.00153 9.0961,
	9.0197 9.08865,
	9.02648 9.08536,
	9.02808 9.08502,
	9.03628 9.08116,
	9.05831 9.0767,
	9.06906 9.07675,
	9.07088 9.07702,
	9.08354 9.07152,
	9.09504 9.06507,
	9.10699 9.05654,
	9.11313 9.05171,
	9.12513 9.04522,
	9.15037 9.02757,
	9.15697 9.02201,
	9.16674 9.01871,
	9.16724 9.01829,
	9.17942 9.0141,
	9.18545 9.0128,
	9.1884 9.01259,
	9.19923 9.01796,
	9.22273 9.0197,
	9.27246 9.01548,
	9.275 9.01493,
	9.30189 8.99564,
	9.31711 8.98138,
	9.32493 8.97353,
	9.3548 8.95149,
	9.38454 8.93245,
	9.44715 8.88189,
	9.51161 8.82663,
	9.5446 8.79797,
	9.57578 8.78044,
	9.5912 8.77261,
	9.62225 8.75449,
	9.63752 8.74599,
	9.64509 8.74187,
	9.67324 8.7375,
	9.68736 8.73472,
	9.71394 8.73633,
	9.72715 8.73768,
	9.73352 8.74,
	9.74594 8.74711,
	9.752 8.75189,
	9.75781 8.77768,
	9.7536 8.83016,
	9.75273 8.84344,
	9.75011 8.85688,
	9.74837 8.86365,
	9.74706 8.86705,
	9.71671 8.88727,
	9.68459 8.91497,
	9.6765 8.92162,
	9.66603 8.93771,
	9.65821 8.95352,
	9.65241 8.96193,
	9.63691 8.97999,
	9.60152 9.01859,
	9.57854 9.05386,
	9.57259 9.06268,
	9.55687 9.08141,
	9.54699 9.0919,
	9.54699 9.0919,
	9.54696 9.09448,
	9.54692 9.09705,
	9.54688 9.09962,
	9.54688 9.09994,
	9.53888 9.10823,
	9.51226 9.14061,
	9.50512 9.14848,
	9.49473 9.1629,
	9.48964 9.16994,
	9.48641 9.17647,
	9.48834 9.19887,
	9.48865 9.20984,
	9.48644 9.2211,
	9.4808 9.23281,
	9.46583 9.25608,
	9.46159 9.2618,
	9.45817 9.26485,
	9.44446 9.27184,
	9.44194 9.27341,
	9.42758 9.29454,
	9.41547 9.31456,
	9.40959 9.32431,
	9.40668 9.32911,
	9.40027 9.34763,
	9.39887 9.34997,
	9.39469 9.38559,
	9.3828 9.42155,
	9.38113 9.43042,
	9.37987 9.43488,
	9.37924 9.43711,
	9.38217 9.44563,
	9.38321 9.44988,
	9.38579 9.45401,
	9.3964 9.46196,
	9.40412 9.4701,
	9.41695 9.4862,
	9.42793 9.50202,
	9.43067 9.51856,
	9.4323 9.52674,
	9.42837 9.53563,
	9.40569 9.55269,
	9.39419 9.56147,
	9.38851 9.56587,
	9.37693 9.57159,
	9.37283 9.57308,
	9.36324 9.57794,
	9.35202 9.58207,
	9.34649 9.58438,
	9.32446 9.58728,
	9.30242 9.58237,
	9.29145 9.57967,
	9.26892 9.56862,
	9.25726 9.5608,
	9.23519 9.54224,
	9.22496 9.53268,
	9.21948 9.52779,
	9.19494 9.51243,
	9.17063 9.49859,
	9.15851 9.49166,
	9.15244 9.48812,
	9.12957 9.48015,
	9.11804 9.47566,
	9.10619 9.46982,
	9.09402 9.46258,
	9.09101 9.4609,
	9.08949 9.46005,
	9.0689 9.46292,
	9.0586 9.46506,
	9.05608 9.46594,
	9.03362 9.4639,
	9.02785 9.46309,
	9.01686 9.46483,
	9.01576 9.46494,
	9.00951 9.48215,
	9.01056 9.49286,
	9.01144 9.49827,
	9.0108 9.50353,
	9.01924 9.52564,
	9.02291 9.53663,
	9.03435 9.55885,
	9.03983 9.56991,
	9.04729 9.59182,
	9.04904 9.59729,
	9.05839 9.6084,
	9.06374 9.61396,
	9.08757 9.62457,
	9.09934 9.63009,
	9.12253 9.64422,
	9.13236 9.6548,
	9.13792 9.66004,
	9.1438 9.67053,
	9.15078 9.69219,
	9.15284 9.70294,
	9.15383 9.70562,
	9.15142 9.7163,
	9.14737 9.72693,
	9.14766 9.74806,
	9.14777 9.7533,
	9.14293 9.77422,
	9.13888 9.79501,
	9.13796 9.8002,
	9.14423 9.82079,
	9.14757 9.8311,
	9.15215 9.84142,
	9.15971 9.85037,
	9.16282 9.85488,
	9.16602 9.86536,
	9.16677 9.88669,
	9.16321 9.90832,
	9.15854 9.93004,
	9.15816 9.94082,
	9.16126 9.96219,
	9.16275 9.97279,
	9.1638 9.97803,
	9.16431 9.98066,
	9.15687 10.0019,
	9.15244 10.0124,
	9.14515 10.0535,
	9.14475 10.0586,
	9.13749 10.0789,
	9.13354 10.089,
	9.12839 10.0991,
	9.12067 10.1191,
	9.10152 10.1587,
	9.09077 10.1783,
	9.06494 10.2178,
	9.05921 10.2278,
	9.04838 10.268,
	9.04321 10.2886,
	9.03893 10.2989,
	9.03714 10.3041,
	9.02554 10.3253,
	9.02084 10.336,
	9.01785 10.3414,
	9.01668 10.3441,
	9.00954 10.3504,
	9.00922 10.351,
	9.00806 10.3537,
	8.99622 10.364,
	8.98989 10.3696,
	8.96848 10.3808,
	8.96856 10.3797,
	8.9687 10.3777,
	8.96881 10.3761,
	8.96328 10.3777,
	8.94066 10.3813,
	8.89368 10.3905,
	8.87008 10.3927,
	8.8232 10.3919,
	8.79877 10.3948,
	"/>
</Transform>

<Transform dim="0"
 xcoef=" 0 1 0 0 0 0"
 ycoef=" 0 0 1 0 0 0">
<Contour name="d04 copy" hidden="false" closed="true" simplified="true" border="1 0 0" fill="1 0 0" mode="11"
 points="8.77449 10.395,
	8.76842 10.3944,
	8.76542 10.3939,
	8.76383 10.394,
	8.75259 10.3885,
	8.74715 10.3849,
	8.73808 10.3749,
	8.73377 10.3698,
	8.72492 10.3492,
	8.71152 10.3287,
	8.70276 10.3184,
	8.69821 10.3133,
	8.69654 10.3107,
	8.69166 10.3068,
	8.67017 10.2926,
	8.66482 10.2889,
	8.65329 10.2842,
	8.64163 10.2803,
	8.63602 10.2775,
	8.63319 10.2763,
	8.63177 10.2757,
	8.61095 10.2578,
	8.60066 10.2491,
	8.56229 10.2095,
	8.55269 10.2011,
	8.54276 10.1944,
	8.53326 10.1868,
	8.5237 10.1799,
	8.51406 10.1737,
	8.49473 10.1624,
	8.4851 10.1571,
	8.48035 10.1542,
	8.46035 10.1463,
	8.45032 10.1424,
	8.44543 10.1399,
	8.44319 10.1381,
	8.43992 10.128,
	8.44302 10.1177,
	8.44357 10.1075,
	8.44327 10.1024,
	8.43722 10.0923,
	8.4343 10.0872,
	8.43063 10.0821,
	8.42841 10.0796,
	8.41803 10.0747,
	8.41523 10.0741,
	8.40075 10.0533,
	8.3975 10.0481,
	8.39074 10.0266,
	8.38951 10.0047,
	8.38934 10.002,
	8.38784 9.99642,
	8.38768 9.99364,
	8.39021 9.97113,
	8.39043 9.9683,
	8.39074 9.96687,
	8.39088 9.96616,
	8.39096 9.96581,
	8.40057 9.94288,
	8.4114 9.91971,
	8.41966 9.89593,
	8.42461 9.88372,
	8.43668 9.85909,
	8.45001 9.83432,
	8.45579 9.82192,
	8.45828 9.81572,
	8.46147 9.8095,
	8.46246 9.80794,
	8.46369 9.7833,
	8.47155 9.75832,
	8.47408 9.75206,
	8.48862 9.72667,
	8.48987 9.72507,
	8.50216 9.71796,
	8.50368 9.71712,
	8.52738 9.69106,
	8.53619 9.67809,
	8.54214 9.67234,
	8.54803 9.66777,
	8.55391 9.6624,
	8.56451 9.64939,
	8.56669 9.64616,
	8.57722 9.62065,
	8.58069 9.61428,
	8.58242 9.61109,
	8.60512 9.59015,
	8.60796 9.58744,
	8.63733 9.53889,
	8.65251 9.5155,
	8.65424 9.513,
	8.66623 9.50595,
	8.67227 9.50229,
	8.68461 9.49697,
	8.7363 9.48516,
	8.74294 9.48398,
	8.74631 9.48358,
	8.7727 9.4748,
	8.78591 9.4702,
	8.79248 9.46752,
	8.8053 9.46026,
	8.81171 9.45679,
	8.81487 9.45487,
	8.84099 9.44585,
	8.84752 9.44387,
	8.85056 9.44415,
	8.85452 9.4449,
	8.85631 9.44545,
	8.85717 9.44552,
	8.85817 9.44636,
	8.86538 9.44891,
	8.87227 9.44957,
	8.87926 9.45097,
	8.89295 9.45268,
	8.89991 9.45447,
	8.90695 9.45699,
	8.91036 9.45769,
	8.91132 9.45852,
	8.91472 9.45922,
	8.92856 9.46387,
	8.93544 9.46637,
	8.93709 9.46654,
	8.93762 9.46731,
	8.94101 9.46837,
	8.94195 9.46919,
	8.94538 9.47061,
	8.95205 9.47486,
	8.95286 9.47494,
	8.95915 9.47948,
	8.96081 9.48,
	8.96132 9.48076,
	8.96213 9.48084,
	8.96922 9.48579,
	8.98066 9.49639,
	8.98337 9.49873,
	8.98471 9.49991,
	8.98481 9.50062,
	8.99023 9.50564,
	8.99291 9.50798,
	8.99385 9.5091,
	8.99469 9.50952,
	8.99528 9.51098,
	8.99613 9.5114,
	8.99623 9.51209,
	8.99893 9.51477,
	8.99951 9.5162,
	9.00035 9.51662,
	9.00045 9.51732,
	9.00318 9.52032,
	9.00327 9.52103,
	9.00596 9.52367,
	9.00605 9.52437,
	9.00867 9.52666,
	9.00925 9.52808,
	9.01009 9.52851,
	9.01017 9.52921,
	9.01277 9.53148,
	9.01426 9.53401,
	9.01956 9.53959,
	9.02474 9.54444,
	9.02516 9.54481,
	9.02587 9.54416,
	9.02702 9.54425,
	9.03855 9.56703,
	9.04668 9.58957,
	9.04851 9.59519,
	9.04895 9.5966,
	9.04898 9.5973,
	9.05897 9.60873,
	9.06407 9.61407,
	9.08855 9.62497,
	9.10065 9.63064,
	9.11261 9.63794,
	9.11855 9.64172,
	9.1215 9.64343,
	9.13164 9.65397,
	9.13735 9.65936,
	9.14077 9.66475,
	9.1455 9.67568,
	9.14908 9.68683,
	9.15168 9.6979,
	9.15305 9.70343,
	9.15371 9.70619,
	9.15122 9.71715,
	9.14916 9.72261,
	9.14794 9.72534,
	9.14732 9.7267,
	9.14761 9.74842,
	9.14772 9.75381,
	9.14272 9.7753,
	9.13886 9.79667,
	9.13841 9.79933,
	9.13862 9.80199,
	9.14503 9.82314,
	9.14877 9.83374,
	9.15112 9.83904,
	9.1523 9.84169,
	9.16005 9.85089,
	9.16336 9.8562,
	9.16634 9.86699,
	9.1667 9.87795,
	9.16675 9.88344,
	9.16693 9.88619,
	9.16327 9.90841,
	9.15846 9.93073,
	9.15808 9.94181,
	9.16158 9.96375,
	9.16312 9.97462,
	9.16418 9.98002,
	9.16373 9.98274,
	9.15572 10.0045,
	9.15346 10.0099,
	9.15231 10.0126,
	9.14514 10.0548,
	9.1444 10.06,
	9.13693 10.0809,
	9.13257 10.0913,
	9.12728 10.1017,
	9.1233 10.112,
	9.12133 10.1171,
	9.12051 10.1196,
	9.10085 10.1603,
	9.08919 10.1805,
	9.06302 10.2211,
	9.06008 10.2262,
	9.0486 10.2676,
	9.04328 10.2887,
	9.03888 10.2993,
	9.03671 10.3046,
	9.02515 10.3264,
	9.01997 10.3374,
	9.01724 10.343,
	9.0163 10.3444,
	9.00984 10.3501,
	9.00862 10.3526,
	9.00768 10.354,
	8.9947 10.3654,
	8.99144 10.3682,
	8.98982 10.3696,
	8.96848 10.3808,
	8.96856 10.3797,
	8.9687 10.3777,
	8.96881 10.3761,
	8.96811 10.3765,
	8.95648 10.379,
	8.93301 10.383,
	8.90893 10.3877,
	8.89676 10.3899,
	8.87248 10.3926,
	8.86047 10.3927,
	8.83645 10.3919,
	8.82434 10.3917,
	8.79924 10.3947,
	"/>
</Transform>

<Transform dim="0"
 xcoef=" 0 1 0 0 0 0"
 ycoef=" 0 0 1 0 0 0">
<Contour name="d19sp29" hidden="false" closed="true" simplified="true" border="1 0 0" fill="1 0 0" mode="11"
 points="6.23436 10.0932,
	6.21094 10.0905,
	6.19925 10.0884,
	6.18786 10.0837,
	6.16577 10.0673,
	6.15458 10.0598,
	6.10833 10.0397,
	6.08502 10.0292,
	6.06183 10.0164,
	6.05772 10.0113,
	6.05827 10.0057,
	6.05841 10.0043,
	6.05855 10.0029,
	6.06585 9.99117,
	6.11812 9.94423,
	6.14489 9.92189,
	6.19736 9.8886,
	6.22348 9.87328,
	6.2487 9.86632,
	6.26131 9.86281,
	6.28545 9.86428,
	6.29155 9.86393,
	6.30302 9.86895,
	6.32295 9.8891,
	6.32823 9.89448,
	6.34468 9.93848,
	6.35797 9.98191,
	6.3587 9.98734,
	6.353 10.0094,
	6.34008 10.0315,
	6.33145 10.0427,
	6.32785 10.0482,
	6.31483 10.0596,
	6.3083 10.0652,
	6.28329 10.0785,
	6.25848 10.0892,
	"/>
</Transform>

<Transform dim="0"
 xcoef=" 0 1 0 0 0 0"
 ycoef=" 0 0 1 0 0 0">
<Contour name="d17sp22" hidden="false" closed="true" simplified="true" border="1 0 0" fill="1 0 0" mode="11"
 points="3.96724 8.47934,
	3.93982 8.47771,
	3.92656 8.47501,
	3.92001 8.47334,
	3.89461 8.46363,
	3.88242 8.45702,
	3.87646 8.45329,
	3.87341 8.45146,
	3.86198 8.44227,
	3.85108 8.43233,
	3.84031 8.42167,
	3.81921 8.39776,
	3.80868 8.38523,
	3.79902 8.37205,
	3.78838 8.35909,
	3.783 8.35276,
	3.77425 8.33964,
	3.77002 8.33308,
	3.7654 8.32051,
	3.76422 8.31735,
	3.76036 8.29307,
	3.75999 8.28119,
	3.75938 8.27519,
	3.75716 8.26895,
	3.75146 8.25626,
	3.74843 8.24396,
	3.74706 8.23779,
	3.74711 8.23742,
	3.75335 8.22635,
	3.75656 8.22491,
	3.76364 8.224,
	3.76719 8.22334,
	3.77412 8.22348,
	3.78785 8.22473,
	3.81503 8.2294,
	3.82844 8.23322,
	3.83512 8.23526,
	3.86157 8.24609,
	3.88801 8.25758,
	3.91468 8.26794,
	3.92813 8.27244,
	3.95525 8.27981,
	3.98248 8.28595,
	4.00994 8.28949,
	4.03725 8.28959,
	4.09135 8.28688,
	4.11713 8.28992,
	4.12971 8.29231,
	4.13602 8.29316,
	4.14216 8.29479,
	4.15414 8.29967,
	4.15713 8.30071,
	4.16869 8.30727,
	4.17158 8.30873,
	4.19511 8.31666,
	4.20658 8.32151,
	4.20945 8.32264,
	4.21089 8.32321,
	4.21283 8.3298,
	4.21341 8.33307,
	4.20808 8.34531,
	4.19419 8.35475,
	4.18735 8.35772,
	4.17396 8.36173,
	4.16718 8.36397,
	4.14037 8.37025,
	4.11293 8.37754,
	4.09821 8.38469,
	4.09069 8.38868,
	4.07492 8.3991,
	4.06696 8.40431,
	4.05211 8.41647,
	4.03955 8.42879,
	4.02806 8.44117,
	4.0233 8.44743,
	4.01767 8.45362,
	4.00347 8.46566,
	3.9997 8.46824,
	3.98414 8.4746,
	3.96911 8.47882,
	"/>
</Transform>

<Transform dim="0"
 xcoef=" 0 1 0 0 0 0"
 ycoef=" 0 0 1 0 0 0">
<Contour name="d17sph22" hidden="false" closed="true" simplified="true" border="1 0 0" fill="1 0 0" mode="11"
 points="3.96724 8.47934,
	3.93982 8.47771,
	3.92656 8.47501,
	3.92001 8.47334,
	3.89461 8.46363,
	3.88242 8.45702,
	3.87646 8.45329,
	3.87341 8.45146,
	3.86198 8.44227,
	3.85108 8.43233,
	3.84031 8.42167,
	3.81921 8.39776,
	3.80868 8.38523,
	3.79902 8.37205,
	3.78838 8.35909,
	3.783 8.35276,
	3.77425 8.33964,
	3.77002 8.33308,
	3.7654 8.32051,
	3.76422 8.31735,
	3.76036 8.29307,
	3.75999 8.28119,
	3.75938 8.27519,
	3.75716 8.26895,
	3.75146 8.25626,
	3.74843 8.24396,
	3.74706 8.23779,
	3.74711 8.23742,
	3.75335 8.22635,
	3.75656 8.22491,
	3.76364 8.224,
	3.76719 8.22334,
	3.77412 8.22348,
	3.78785 8.22473,
	3.81503 8.2294,
	3.82844 8.23322,
	3.83512 8.23526,
	3.86157 8.24609,
	3.88801 8.25758,
	3.91468 8.26794,
	3.92813 8.27244,
	3.95525 8.27981,
	3.98248 8.28595,
	4.00994 8.28949,
	4.03725 8.28959,
	4.09135 8.28688,
	4.11713 8.28992,
	4.12971 8.29231,
	4.13602 8.29316,
	4.14216 8.29479,
	4.15414 8.29967,
	4.15713 8.30071,
	4.16869 8.30727,
	4.17158 8.30873,
	4.19511 8.31666,
	4.20658 8.32151,
	4.20945 8.32264,
	4.21089 8.32321,
	4.21283 8.3298,
	4.21341 8.33307,
	4.20808 8.34531,
	4.19419 8.35475,
	4.18735 8.35772,
	4.17396 8.36173,
	4.16718 8.36397,
	4.14037 8.37025,
	4.11293 8.37754,
	4.09821 8.38469,
	4.09069 8.38868,
	4.07492 8.3991,
	4.06696 8.40431,
	4.05211 8.41647,
	4.03955 8.42879,
	4.02806 8.44117,
	4.0233 8.44743,
	4.01767 8.45362,
	4.00347 8.46566,
	3.9997 8.46824,
	3.98414 8.4746,
	3.96911 8.47882,
	"/>
</Transform>

<Transform dim="0"
 xcoef=" 0 1 0 0 0 0"
 ycoef=" 0 0 1 0 0 0">
<Contour name="d07sp42" hidden="false" closed="true" simplified="true" border="1 0 0" fill="1 0 0" mode="11"
 points="9.33165 7.90689,
	9.33035 7.90257,
	9.32364 7.90639,
	9.28244 7.75807,
	9.27909 7.74933,
	9.27781 7.74153,
	9.27693 7.7405,
	9.28772 7.73582,
	9.30792 7.73121,
	9.31768 7.73013,
	9.36061 7.71278,
	9.37158 7.70812,
	9.3775 7.71035,
	9.37857 7.70991,
	9.3965 7.71678,
	9.40493 7.72218,
	9.41911 7.73825,
	9.41987 7.75764,
	9.41054 7.77745,
	9.39627 7.79738,
	9.37827 7.83665,
	9.37194 7.84651,
	9.36948 7.86588,
	9.36576 7.87566,
	9.34951 7.89547,
	9.34325 7.90049,
	"/>
</Transform>

<Transform dim="0"
 xcoef=" 0 1 0 0 0 0"
 ycoef=" 0 0 1 0 0 0">
<Contour name="d07sp42" hidden="false" closed="true" simplified="true" border="1 0 0" fill="1 0 0" mode="11"
 points="9.92555 7.91161,
	9.90786 7.90992,
	9.89097 7.90574,
	9.88267 7.90362,
	9.86712 7.89563,
	9.84107 7.86427,
	9.82735 7.81969,
	9.82733 7.79767,
	9.82706 7.78641,
	9.82794 7.78377,
	9.82838 7.78243,
	9.84707 7.74006,
	9.85974 7.71905,
	9.86668 7.70857,
	9.87708 7.6866,
	9.89242 7.66557,
	9.90996 7.64492,
	9.91415 7.63969,
	9.93747 7.62172,
	9.94916 7.61185,
	9.97222 7.59953,
	9.99491 7.58969,
	10.0172 7.58223,
	10.0338 7.58857,
	10.0461 7.60469,
	10.0751 7.62882,
	10.0832 7.63356,
	10.0929 7.63526,
	10.0966 7.63832,
	10.102 7.64887,
	10.1031 7.65188,
	10.0904 7.69893,
	10.1028 7.71523,
	10.1158 7.73427,
	10.1179 7.75696,
	10.1182 7.76254,
	10.1106 7.7842,
	10.0888 7.82534,
	10.0722 7.84471,
	10.0493 7.86312,
	10.0383 7.87221,
	10.0153 7.88641,
	10.0042 7.89285,
	9.96345 7.90648,
	9.94402 7.91086,
	"/>
</Transform>

<Transform dim="0"
 xcoef=" 0 1 0 0 0 0"
 ycoef=" 0 0 1 0 0 0">
<Contour name="d07sp40" hidden="false" closed="true" simplified="true" border="1 0 0" fill="1 0 0" mode="11"
 points="7.46005 7.59051,
	7.44404 7.5899,
	7.42812 7.58738,
	7.39656 7.57744,
	7.38865 7.57464,
	7.37311 7.5662,
	7.35782 7.55484,
	7.3264 7.53845,
	7.29448 7.52589,
	7.27835 7.52115,
	7.21461 7.49473,
	7.19859 7.48863,
	7.13536 7.45262,
	7.1197 7.44043,
	7.11188 7.43375,
	7.07927 7.41434,
	7.06267 7.4042,
	7.05431 7.39903,
	7.04743 7.39086,
	7.04289 7.38185,
	7.0266 7.36966,
	7.01478 7.35018,
	7.01209 7.3453,
	7.01019 7.34273,
	7.01426 7.30708,
	7.01574 7.28845,
	7.01392 7.26871,
	7.01434 7.24884,
	7.01456 7.2387,
	7.01697 7.22878,
	7.01722 7.21838,
	7.00746 7.17428,
	7.00251 7.13033,
	7.0027 7.12899,
	7.01904 7.08755,
	7.03953 7.0472,
	7.05634 7.00801,
	7.0686 6.98938,
	7.09718 6.95404,
	7.11491 6.9399,
	7.13124 6.93298,
	7.1462 6.93421,
	7.16046 6.93912,
	7.16406 6.93982,
	7.19016 6.96533,
	7.21416 7.00095,
	7.23545 7.04496,
	7.2543 7.08812,
	7.26923 7.13097,
	7.28075 7.21458,
	7.28371 7.23507,
	7.29665 7.27568,
	7.30562 7.29569,
	7.31009 7.30557,
	7.31769 7.31455,
	7.32546 7.3212,
	7.33338 7.32555,
	7.34882 7.34002,
	7.36404 7.35667,
	7.36946 7.36633,
	7.37318 7.37127,
	7.37653 7.38054,
	7.37781 7.38948,
	7.37846 7.3939,
	7.37283 7.41032,
	7.36899 7.41825,
	7.36717 7.42642,
	7.36759 7.44303,
	7.37412 7.4602,
	7.37737 7.46869,
	7.38995 7.48626,
	7.41852 7.51614,
	7.43345 7.5284,
	7.44852 7.53857,
	7.46328 7.55048,
	7.47462 7.56569,
	7.47718 7.56968,
	7.47836 7.57728,
	7.47662 7.58459,
	"/>
</Transform>

<Transform dim="0"
 xcoef=" 0 1 0 0 0 0"
 ycoef=" 0 0 1 0 0 0">
<Contour name="d04sp32" hidden="false" closed="true" simplified="true" border="1 0 0" fill="1 0 0" mode="11"
 points="9.32425 9.58719,
	9.30161 9.58213,
	9.29029 9.57905,
	9.26709 9.56735,
	9.25504 9.55899,
	9.24374 9.54951,
	9.23786 9.54468,
	9.22738 9.53489,
	9.22174 9.52991,
	9.21893 9.52739,
	9.19374 9.51189,
	9.16877 9.49762,
	9.16248 9.49376,
	9.15631 9.49046,
	9.15319 9.48864,
	9.12962 9.48015,
	9.11778 9.47555,
	9.1056 9.46953,
	9.09308 9.46208,
	9.08998 9.46035,
	9.0892 9.45991,
	9.06809 9.46319,
	9.06276 9.46396,
	9.05751 9.4654,
	9.05621 9.46585,
	9.03313 9.46376,
	9.02726 9.46326,
	9.01605 9.46505,
	9.00956 9.48248,
	9.01064 9.4935,
	9.01115 9.49902,
	9.01082 9.50172,
	9.01066 9.50308,
	9.01933 9.52579,
	9.02309 9.53709,
	9.02459 9.53995,
	9.02554 9.54138,
	9.02601 9.54211,
	9.02575 9.54313,
	9.025 9.54343,
	9.01943 9.53854,
	9.01675 9.53558,
	9.01581 9.53413,
	9.01503 9.53407,
	9.01446 9.53265,
	9.01361 9.53189,
	9.01351 9.53118,
	9.01225 9.53041,
	9.01037 9.52783,
	9.00955 9.52743,
	9.00945 9.52673,
	9.00678 9.52409,
	9.00669 9.52339,
	9.00401 9.52073,
	9.00392 9.52004,
	8.99882 9.51405,
	8.99784 9.51259,
	8.99696 9.51181,
	8.99686 9.51111,
	8.99414 9.50843,
	8.99275 9.50691,
	8.99226 9.50618,
	8.99147 9.50611,
	8.98555 9.50034,
	8.97542 9.49026,
	8.97179 9.4871,
	8.96865 9.48466,
	8.96774 9.48387,
	8.96694 9.4838,
	8.96069 9.47928,
	8.94747 9.47118,
	8.94089 9.46764,
	8.93444 9.4652,
	8.93268 9.46428,
	8.92933 9.46359,
	8.92755 9.46269,
	8.92589 9.46251,
	8.91205 9.45786,
	8.90851 9.45642,
	8.90683 9.45625,
	8.89979 9.45371,
	8.89283 9.45193,
	8.87913 9.45023,
	8.8652 9.44778,
	8.85799 9.44523,
	8.85755 9.44519,
	8.85742 9.44445,
	8.86427 9.44473,
	8.86766 9.44469,
	8.89263 9.43353,
	8.89879 9.43087,
	8.90183 9.42937,
	8.90339 9.4288,
	8.91564 9.4188,
	8.91977 9.41365,
	8.92122 9.411,
	8.92198 9.3998,
	8.91928 9.37669,
	8.91511 9.35315,
	8.90962 9.30599,
	8.90683 9.2822,
	8.90527 9.27024,
	8.9046 9.25841,
	8.90682 9.23531,
	8.90765 9.22957,
	8.90933 9.22397,
	8.91006 9.22263,
	8.91107 9.211,
	8.91062 9.19908,
	8.93487 9.15618,
	8.95061 9.13566,
	8.96954 9.11621,
	8.97474 9.11153,
	8.98008 9.10844,
	8.98009 9.10742,
	8.9899 9.10167,
	8.99727 9.09847,
	8.99933 9.09727,
	9.01706 9.08971,
	9.02539 9.08568,
	9.02691 9.08536,
	9.03518 9.08147,
	9.05782 9.07689,
	9.0689 9.07652,
	9.07109 9.07686,
	9.08403 9.07147,
	9.09591 9.06439,
	9.10822 9.05559,
	9.11448 9.05104,
	9.12686 9.04431,
	9.15293 9.02559,
	9.15599 9.02263,
	9.16229 9.0201,
	9.16612 9.01905,
	9.16625 9.01892,
	9.17256 9.01635,
	9.18501 9.01283,
	9.18804 9.01261,
	9.19918 9.01813,
	9.22334 9.01989,
	9.27459 9.01497,
	9.27498 9.01488,
	9.30176 8.99568,
	9.3174 8.98103,
	9.32545 8.97294,
	9.34068 8.96186,
	9.34835 8.95636,
	9.35231 8.95304,
	9.38281 8.93362,
	9.44713 8.88177,
	9.51337 8.82503,
	9.53035 8.81011,
	9.53878 8.80309,
	9.54302 8.79938,
	9.57525 8.78034,
	9.59102 8.77276,
	9.62291 8.75415,
	9.6386 8.74543,
	9.64629 8.74165,
	9.67528 8.73676,
	9.68966 8.73444,
	9.7169 8.73657,
	9.72369 8.73725,
	9.72708 8.73761,
	9.73362 8.73999,
	9.74633 8.7477,
	9.75212 8.75263,
	9.75508 8.76586,
	9.7568 8.77249,
	9.75766 8.77582,
	9.75766 8.78248,
	9.75334 8.83653,
	9.75289 8.84335,
	9.75021 8.85716,
	9.7484 8.86412,
	9.74663 8.86765,
	9.71541 8.88849,
	9.6824 8.91662,
	9.67816 8.92053,
	9.67608 8.92224,
	9.66531 8.93881,
	9.65682 8.95517,
	9.6543 8.95938,
	9.65305 8.96148,
	9.63712 8.98005,
	9.60083 9.01923,
	9.57722 9.05547,
	9.57467 9.05985,
	9.57339 9.06202,
	9.55673 9.08144,
	9.547 9.09177,
	9.54699 9.0919,
	9.54696 9.09448,
	9.54692 9.09705,
	9.54688 9.09962,
	9.54688 9.09982,
	9.5378 9.10921,
	9.52448 9.12599,
	9.51052 9.14237,
	9.50366 9.15031,
	9.49303 9.16506,
	9.48874 9.17205,
	9.48709 9.1754,
	9.4865 9.17701,
	9.48805 9.20008,
	9.48838 9.21133,
	9.48724 9.21714,
	9.48668 9.22001,
	9.48664 9.2214,
	9.4804 9.2335,
	9.46506 9.25736,
	9.46287 9.2603,
	9.4598 9.26337,
	9.45805 9.26493,
	9.44398 9.2721,
	9.44223 9.27297,
	9.42748 9.29469,
	9.41504 9.31525,
	9.40943 9.3252,
	9.40645 9.33015,
	9.39946 9.34918,
	9.39844 9.35155,
	9.39631 9.36989,
	9.39567 9.37897,
	9.39491 9.38354,
	9.39474 9.38582,
	9.38251 9.42277,
	9.38077 9.4319,
	9.37948 9.43649,
	9.37915 9.43762,
	9.38216 9.44636,
	9.38362 9.45071,
	9.38495 9.45283,
	9.39492 9.46105,
	9.40324 9.46941,
	9.41685 9.48593,
	9.42813 9.50218,
	9.43054 9.51922,
	9.43139 9.52342,
	9.432 9.5255,
	9.4318 9.52768,
	9.42979 9.53225,
	9.42878 9.53454,
	9.42847 9.53565,
	9.40441 9.55354,
	9.39262 9.56258,
	9.3897 9.56483,
	9.38824 9.56609,
	9.37634 9.572,
	9.37214 9.57353,
	9.36268 9.57835,
	9.35117 9.58258,
	9.34831 9.58348,
	9.34688 9.58422,
	"/>
</Transform>

<Transform dim="0"
 xcoef=" 0 1 0 0 0 0"
 ycoef=" 0 0 1 0 0 0">
<Contour name="d04sp31" hidden="false" closed="true" simplified="true" border="1 0 0" fill="1 0 0" mode="11"
 points="9.67387 10.6923,
	9.65293 10.6918,
	9.64231 10.692,
	9.59936 10.6879,
	9.57725 10.6858,
	9.57163 10.6849,
	9.5688 10.6848,
	9.54651 10.6773,
	9.52378 10.6711,
	9.47763 10.6612,
	9.43114 10.653,
	9.41957 10.651,
	9.37475 10.6337,
	9.35276 10.6271,
	9.34735 10.6253,
	9.32606 10.6143,
	9.31548 10.6085,
	9.30481 10.6053,
	9.28336 10.6021,
	9.27272 10.6,
	9.25148 10.5982,
	9.24095 10.5971,
	9.23574 10.5968,
	9.21518 10.5912,
	9.20502 10.5885,
	9.18506 10.5808,
	9.1752 10.577,
	9.15561 10.5731,
	9.15077 10.5723,
	9.14598 10.5704,
	9.12724 10.5586,
	9.11798 10.5533,
	9.08143 10.5368,
	9.04585 10.5195,
	9.02828 10.5109,
	9.01959 10.5061,
	9.0107 10.5036,
	8.9926 10.5013,
	8.98352 10.4999,
	8.98126 10.4995,
	8.9801 10.4995,
	8.97759 10.4911,
	8.97713 10.49,
	8.97719 10.4895,
	8.99076 10.4719,
	8.99203 10.4708,
	8.9931 10.4709,
	8.99899 10.4632,
	9.00026 10.462,
	9.03566 10.4665,
	9.05279 10.4746,
	9.05714 10.4763,
	9.07518 10.4775,
	9.11211 10.4779,
	9.15041 10.4779,
	9.17038 10.4761,
	9.19132 10.47,
	9.21261 10.4655,
	9.22336 10.4639,
	9.23439 10.4611,
	9.27992 10.4464,
	9.30262 10.4423,
	9.31397 10.4405,
	9.3603 10.4264,
	9.38317 10.421,
	9.42816 10.4158,
	9.47265 10.4158,
	9.49503 10.4162,
	9.50624 10.4167,
	9.51722 10.4195,
	9.52189 10.4207,
	9.5219 10.4222,
	9.52192 10.4243,
	9.52194 10.4264,
	9.52196 10.4285,
	9.52197 10.4298,
	9.55312 10.4306,
	9.56436 10.4315,
	9.57003 10.4317,
	9.59213 10.4383,
	9.60324 10.441,
	9.64655 10.4615,
	9.65724 10.467,
	9.66258 10.4695,
	9.68175 10.4879,
	9.69734 10.5065,
	9.70039 10.5111,
	9.70723 10.5287,
	9.71776 10.5631,
	9.7176 10.5801,
	9.71742 10.5843,
	9.72239 10.6016,
	9.72516 10.6103,
	9.72262 10.6445,
	9.72204 10.6532,
	9.71695 10.6703,
	9.69536 10.684,
	9.68463 10.6884,
	9.6792 10.6909,
	"/>
</Transform>

<Transform dim="0"
 xcoef=" 0 1 0 0 0 0"
 ycoef=" 0 0 1 0 0 0">
<Contour name="d04p32" hidden="false" closed="true" simplified="true" border="1 0 0" fill="1 0 0" mode="11"
 points="8.92383 9.59408,
	8.90187 9.56058,
	8.94231 9.56316,
	"/>
</Transform>

<Transform dim="0"
 xcoef=" 0 1 0 0 0 0"
 ycoef=" 0 0 1 0 0 0">
<Contour name="d07sp41" hidden="false" closed="true" simplified="true" border="1 0 0" fill="1 0 0" mode="11"
 points="8.3706 8.83585,
	8.36208 8.83456,
	8.35788 8.83335,
	8.34996 8.82638,
	8.34008 8.808,
	8.33894 8.78964,
	8.34332 8.77121,
	8.35669 8.73409,
	8.36398 8.69671,
	8.36887 8.67795,
	8.37023 8.6404,
	8.36453 8.62164,
	8.36312 8.61696,
	8.34893 8.59829,
	8.31823 8.57756,
	8.31097 8.57062,
	8.30417 8.56131,
	8.29954 8.55197,
	8.29676 8.53312,
	8.29834 8.5139,
	8.29881 8.51147,
	8.29905 8.51026,
	8.31101 8.47122,
	8.31713 8.45158,
	8.32022 8.44173,
	8.32231 8.43678,
	8.32387 8.43426,
	8.38405 8.47093,
	8.415 8.48953,
	8.43068 8.49886,
	8.43855 8.50352,
	8.44251 8.50585,
	8.44338 8.50706,
	8.42546 8.52749,
	8.40989 8.54728,
	8.40099 8.56666,
	8.39714 8.57627,
	8.39499 8.59531,
	8.39842 8.61422,
	8.40635 8.63304,
	8.42154 8.64829,
	8.42947 8.65414,
	8.4421 8.67303,
	8.44845 8.68246,
	8.45789 8.70141,
	8.46293 8.72037,
	8.4638 8.72983,
	8.45894 8.74874,
	8.45195 8.76753,
	8.4418 8.78618,
	8.43513 8.79544,
	8.41679 8.81141,
	8.39782 8.82492,
	8.38852 8.83047,
	"/>
</Transform>

<Transform dim="0"
 xcoef=" 0 1 0 0 0 0"
 ycoef=" 0 0 1 0 0 0">
<Contour name="d07p41" hidden="false" closed="true" simplified="true" border="0 0 1" fill="0 0 1" mode="11"
 points="8.36086 8.52433,
	8.34434 8.46673,
	8.40008 8.4644,
	"/>
</Transform>

<Transform dim="0"
 xcoef=" 0 1 0 0 0 0"
 ycoef=" 0 0 1 0 0 0">
<Contour name="d07sp43" hidden="false" closed="true" simplified="true" border="1 0 0" fill="1 0 0" mode="11"
 points="10.1639 7.19044,
	10.147 7.1855,
	10.1312 7.17606,
	10.1161 7.16417,
	10.109 7.15649,
	10.1056 7.15208,
	10.0985 7.13451,
	10.0941 7.09906,
	10.0937 7.0957,
	10.0939 7.09459,
	10.1006 7.07686,
	10.1092 7.05904,
	10.1198 7.0412,
	10.1322 7.02341,
	10.1474 7.00587,
	10.1559 6.99724,
	10.1741 6.98373,
	10.2084 6.96989,
	10.225 6.96607,
	10.2332 6.9659,
	10.2488 6.97111,
	10.2637 6.98282,
	10.2792 6.99216,
	10.2869 6.99834,
	10.2922 7.00736,
	10.2956 7.0161,
	10.3006 7.0816,
	10.3 7.09738,
	10.2938 7.11308,
	10.2832 7.12887,
	10.2648 7.14401,
	10.255 7.15121,
	10.2499 7.15535,
	10.2113 7.17572,
	10.1917 7.18556,
	10.1821 7.18893,
	"/>
</Transform>

<Transform dim="0"
 xcoef=" 0 1 0 0 0 0"
 ycoef=" 0 0 1 0 0 0">
<Contour name="d30sp14" hidden="false" closed="true" simplified="true" border="1 0 0" fill="1 0 0" mode="11"
 points="13.3674 8.57163,
	13.3667 8.57163,
	13.3566 8.55449,
	13.3539 8.55021,
	13.352 8.54602,
	13.3523 8.54192,
	13.3569 8.50904,
	13.3674 8.44291,
	13.3684 8.43465,
	13.3692 8.43052,
	13.3695 8.42843,
	13.3695 8.42768,
	13.3697 8.42742,
	13.375 8.41086,
	13.3763 8.40673,
	13.3769 8.40261,
	13.3866 8.38603,
	13.3877 8.38525,
	13.4086 8.38492,
	13.4139 8.38484,
	13.419 8.38527,
	13.4396 8.38832,
	13.4603 8.39011,
	13.4811 8.3914,
	13.5019 8.39195,
	13.5849 8.38994,
	13.5899 8.39018,
	13.5912 8.39024,
	13.5912 8.391,
	13.5888 8.39269,
	13.5888 8.39321,
	13.5803 8.40021,
	13.5783 8.4021,
	13.5775 8.40317,
	13.5748 8.40451,
	13.5733 8.40666,
	13.5634 8.41308,
	13.5587 8.41629,
	13.5536 8.41948,
	13.5484 8.42347,
	13.5475 8.42454,
	13.545 8.42613,
	13.5432 8.42825,
	13.5395 8.4317,
	13.5389 8.43277,
	13.5371 8.43436,
	13.5356 8.43515,
	13.5352 8.43621,
	13.5307 8.43993,
	13.5299 8.44098,
	13.5251 8.44496,
	13.5243 8.446,
	13.5217 8.44759,
	13.5208 8.44865,
	13.5199 8.44918,
	13.5191 8.45022,
	13.5089 8.45814,
	13.5066 8.45997,
	13.5055 8.4605,
	13.5044 8.46155,
	13.503 8.46208,
	13.5028 8.46313,
	13.5002 8.46496,
	13.499 8.46576,
	13.4983 8.46602,
	13.4983 8.46655,
	13.4953 8.46812,
	13.4926 8.47021,
	13.4915 8.47127,
	13.4885 8.47257,
	13.4856 8.4744,
	13.4832 8.47649,
	13.4806 8.4778,
	13.4786 8.47964,
	13.4779 8.4799,
	13.4778 8.48043,
	13.4752 8.48224,
	13.4737 8.48303,
	13.4736 8.48355,
	13.4709 8.48539,
	13.469 8.48695,
	13.4682 8.48799,
	13.4666 8.48877,
	13.4627 8.49216,
	13.4579 8.49606,
	13.4526 8.49996,
	13.451 8.50074,
	13.4467 8.50437,
	13.4446 8.50618,
	13.4421 8.50772,
	13.4375 8.51162,
	13.436 8.51238,
	13.4356 8.51343,
	13.4354 8.51394,
	13.4348 8.51394,
	13.4324 8.51601,
	13.4308 8.51678,
	13.4301 8.51781,
	13.4284 8.51885,
	13.4244 8.52219,
	13.4221 8.524,
	13.4181 8.52682,
	13.4177 8.52785,
	13.4161 8.52889,
	13.4159 8.52991,
	13.4144 8.53067,
	13.4127 8.53248,
	13.4075 8.53658,
	13.4033 8.54042,
	13.4022 8.54118,
	13.4016 8.54221,
	13.4001 8.54297,
	13.3987 8.54502,
	13.3971 8.54605,
	13.3963 8.54707,
	13.3947 8.54808,
	13.3939 8.54914,
	13.3928 8.54967,
	13.3908 8.55154,
	13.39 8.55259,
	13.3885 8.55366,
	13.3844 8.55709,
	13.3836 8.55737,
	13.3836 8.5579,
	13.3824 8.55869,
	13.3817 8.55895,
	13.3816 8.55949,
	13.379 8.5616,
	13.3783 8.56186,
	13.3777 8.56292,
	13.3751 8.56477,
	13.3732 8.56635,
	13.3723 8.56742,
	13.3697 8.56925,
	13.3689 8.57031,
	13.3674 8.57137,
	"/>
</Transform>

<Transform dim="0"
 xcoef=" 0 1 0 0 0 0"
 ycoef=" 0 0 1 0 0 0">
<Contour name="d19rb28 total " hidden="false" closed="true" simplified="true" border="1 0 0" fill="1 0 0" mode="11"
 points="5.77539 10.6204,
	5.7739 10.6203,
	5.77244 10.619,
	5.77248 10.6177,
	5.77402 10.6164,
	5.77551 10.6165,
	5.77696 10.6179,
	5.77692 10.6192,
	"/>
</Transform>

<Transform dim="0"
 xcoef=" 0 1 0 0 0 0"
 ycoef=" 0 0 1 0 0 0">
<Contour name="d19rb28 total " hidden="false" closed="true" simplified="true" border="1 0 0" fill="1 0 0" mode="11"
 points="5.72818 10.497,
	5.7267 10.4969,
	5.72531 10.4954,
	5.72539 10.4939,
	5.72694 10.4926,
	5.72842 10.4927,
	5.72982 10.4943,
	5.72974 10.4957,
	"/>
</Transform>

<Transform dim="0"
 xcoef=" 0 1 0 0 0 0"
 ycoef=" 0 0 1 0 0 0">
<Contour name="d05c38" hidden="false" closed="true" simplified="true" border="0 0 1" fill="0 0 1" mode="11"
 points="12.4894 10.9267,
	12.4733 10.9264,
	12.4693 10.926,
	12.4619 10.9203,
	12.4581 10.9169,
	12.4539 10.9084,
	12.4537 10.9003,
	12.4532 10.8962,
	12.4571 10.8885,
	12.427 10.8582,
	12.4113 10.8464,
	12.4034 10.8424,
	12.3901 10.8248,
	12.3893 10.8237,
	12.3961 10.8165,
	12.3995 10.8129,
	12.434 10.8047,
	12.4514 10.7993,
	12.4602 10.797,
	12.4944 10.7953,
	12.526 10.8131,
	12.5298 10.8152,
	12.5381 10.8165,
	12.5536 10.8241,
	12.567 10.8386,
	12.5815 10.8439,
	12.5832 10.8449,
	12.5574 10.8773,
	12.5523 10.8853,
	12.5479 10.8882,
	12.5315 10.8896,
	12.5234 10.8892,
	12.5193 10.8901,
	12.5121 10.906,
	12.5081 10.9139,
	12.5067 10.9178,
	12.5064 10.9199,
	12.4978 10.9243,
	"/>
</Transform>

<Transform dim="0"
 xcoef=" 0 1 0 0 0 0"
 ycoef=" 0 0 1 0 0 0">
<Contour name="d24p30" hidden="false" closed="true" simplified="true" border="1 0 0" fill="1 0 0" mode="11"
 points="7.68163 6.93683,
	7.65039 6.87754,
	7.72195 6.88629,
	"/>
</Transform>

<Transform dim="0"
 xcoef=" 0 1 0 0 0 0"
 ycoef=" 0 0 1 0 0 0">
<Contour name="d07p42" hidden="false" closed="true" simplified="true" border="0 0 1" fill="0 0 1" mode="11"
 points="9.27566 7.82953,
	9.27381 7.82362,
	9.26928 7.82925,
	9.25519 7.77842,
	9.31515 7.77228,
	9.31377 7.77399,
	9.3214 7.77331,
	"/>
</Transform>

<Transform dim="0"
 xcoef=" 0 1 0 0 0 0"
 ycoef=" 0 0 1 0 0 0">
<Contour name="d30sas01" hidden="false" closed="true" simplified="true" border="1 1 0" fill="1 1 0" mode="11"
 points="13.9938 8.93553,
	13.9698 8.93308,
	13.9726 8.93108,
	13.9918 8.93303,
	13.9953 8.91496,
	13.9764 8.91308,
	13.9731 8.92884,
	13.9703 8.93084,
	13.9745 8.91058,
	13.9982 8.91292,
	"/>
</Transform>

<Transform dim="0"
 xcoef=" 0 1 0 0 0 0"
 ycoef=" 0 0 1 0 0 0">
<Contour name="d05sp38" hidden="false" closed="true" simplified="true" border="1 0 0" fill="1 0 0" mode="11"
 points="12.4853 10.9442,
	12.4696 10.9408,
	12.462 10.938,
	12.4547 10.9302,
	12.4511 10.9258,
	12.4494 10.9236,
	12.4177 10.9149,
	12.4136 10.9144,
	12.4061 10.9084,
	12.4043 10.9061,
	12.4039 10.8981,
	12.4042 10.8941,
	12.3731 10.8748,
	12.3655 10.8667,
	12.3616 10.8631,
	12.3581 10.8546,
	12.3564 10.8504,
	12.3554 10.8483,
	12.3555 10.8473,
	12.3627 10.8325,
	12.3663 10.825,
	12.373 10.818,
	12.4074 10.8064,
	12.442 10.7969,
	12.477 10.7887,
	12.4948 10.7827,
	12.5038 10.7792,
	12.5209 10.7789,
	12.5294 10.7782,
	12.5459 10.7817,
	12.5612 10.789,
	12.5761 10.7982,
	12.5905 10.8094,
	12.6033 10.8247,
	12.609 10.8411,
	12.6129 10.8493,
	12.616 10.8534,
	12.6175 10.8575,
	12.6086 10.8742,
	12.5976 10.8908,
	12.563 10.9098,
	12.5287 10.9258,
	12.5114 10.936,
	12.5092 10.9379,
	12.51 10.939,
	12.4934 10.9428,
	"/>
</Transform>

<Transform dim="0"
 xcoef=" 0 1 0 0 0 0"
 ycoef=" 0 0 1 0 0 0">
<Contour name="d05p36" hidden="false" closed="true" simplified="true" border="0 0 1" fill="0 0 1" mode="11"
 points="11.7266 10.7809,
	11.7123 10.7467,
	11.7505 10.7511,
	"/>
</Transform>

<Transform dim="0"
 xcoef=" 0 1 0 0 0 0"
 ycoef=" 0 0 1 0 0 0">
<Contour name="d07c36" hidden="false" closed="true" simplified="true" border="0 0 1" fill="0 0 1" mode="11"
 points="7.23678 8.44613,
	7.2292 8.44538,
	7.22526 8.44578,
	7.21042 8.44186,
	7.18107 8.42995,
	7.16651 8.42192,
	7.15154 8.4154,
	7.12176 8.39803,
	7.10665 8.38876,
	7.09943 8.38121,
	7.0942 8.37387,
	7.0916 8.37018,
	7.08941 8.35651,
	7.08966 8.35487,
	7.08977 8.35406,
	7.09392 8.34797,
	7.09548 8.34485,
	7.10485 8.33956,
	7.13958 8.3338,
	7.15639 8.3328,
	7.16417 8.33548,
	7.16818 8.33599,
	7.18285 8.34523,
	7.19693 8.35669,
	7.22584 8.37284,
	7.25502 8.38459,
	7.26236 8.38687,
	7.2779 8.38661,
	7.29196 8.3934,
	7.29904 8.39638,
	7.30499 8.40974,
	7.30062 8.42229,
	7.29563 8.42833,
	7.29313 8.43133,
	7.28473 8.43543,
	7.25231 8.44526,
	"/>
</Transform>

<Transform dim="0"
 xcoef=" 0 1 0 0 0 0"
 ycoef=" 0 0 1 0 0 0">
<Contour name="d07c36" hidden="false" closed="true" simplified="true" border="0 0 1" fill="0 0 1" mode="11"
 points="7.12975 8.31827,
	7.12179 8.31542,
	7.11673 8.30795,
	7.11702 8.29458,
	7.11761 8.29131,
	7.11775 8.2905,
	7.1179 8.28968,
	7.12014 8.2833,
	7.13084 8.2715,
	7.14456 8.26011,
	7.1551 8.24813,
	7.17346 8.23799,
	7.18262 8.23242,
	7.20023 8.22445,
	7.20447 8.22325,
	7.2363 8.22426,
	7.24019 8.22466,
	7.25427 8.23537,
	7.255 8.24894,
	7.24598 8.26154,
	7.23201 8.27358,
	7.22598 8.27967,
	7.19098 8.30078,
	7.17305 8.30934,
	7.15542 8.31528,
	7.1467 8.31739,
	"/>
</Transform>

<Transform dim="0"
 xcoef=" 0 1 0 0 0 0"
 ycoef=" 0 0 1 0 0 0">
<Contour name="d05c36" hidden="false" closed="true" simplified="true" border="0 0 1" fill="0 0 1" mode="11"
 points="11.7705 10.742,
	11.7539 10.738,
	11.7458 10.735,
	11.73 10.7238,
	11.726 10.7213,
	11.7169 10.7244,
	11.7084 10.7234,
	11.7003 10.7193,
	11.6962 10.7168,
	11.6878 10.7148,
	11.6701 10.7158,
	11.6657 10.7163,
	11.6635 10.7161,
	11.6625 10.6994,
	11.6626 10.6984,
	11.6628 10.6974,
	11.6673 10.6969,
	11.6842 10.7009,
	11.7015 10.7018,
	11.7349 10.7108,
	11.7519 10.7117,
	11.7684 10.7156,
	11.7726 10.7161,
	11.777 10.7239,
	11.7778 10.7261,
	"/>
</Transform>

<Transform dim="0"
 xcoef=" 0 1 0 0 0 0"
 ycoef=" 0 0 1 0 0 0">
<Contour name="d05cfa38" hidden="false" closed="true" simplified="true" border="0 1 0" fill="0 1 0" mode="11"
 points="12.488 10.9384,
	12.472 10.938,
	12.468 10.9376,
	12.4606 10.9318,
	12.4569 10.9284,
	12.4527 10.9199,
	12.4526 10.9118,
	12.452 10.9077,
	12.4559 10.9,
	12.4259 10.8697,
	12.4104 10.8579,
	12.4025 10.8539,
	12.3893 10.8362,
	12.3884 10.8351,
	12.3952 10.828,
	12.3986 10.8244,
	12.4329 10.8162,
	12.4502 10.8108,
	12.459 10.8085,
	12.493 10.8069,
	12.5245 10.8247,
	12.5283 10.8269,
	12.5366 10.8282,
	12.552 10.8358,
	12.5654 10.8504,
	12.5798 10.8557,
	12.5817 10.8568,
	12.5558 10.889,
	12.5508 10.8971,
	12.5463 10.9,
	12.5301 10.9014,
	12.5218 10.901,
	12.5178 10.9018,
	12.5106 10.9176,
	12.5067 10.9255,
	12.5052 10.9295,
	12.5049 10.9315,
	12.4964 10.936,
	"/>
</Transform>

<Transform dim="0"
 xcoef=" 0 1 0 0 0 0"
 ycoef=" 0 0 1 0 0 0">
<Contour name="d04c32" hidden="false" closed="true" simplified="true" border="0 0 1" fill="0 0 1" mode="11"
 points="9.34295 9.44918,
	9.32087 9.44495,
	9.31524 9.44204,
	9.30952 9.43808,
	9.30672 9.43659,
	9.30529 9.43559,
	9.30171 9.42751,
	9.2994 9.41943,
	9.29728 9.40326,
	9.29618 9.39518,
	9.29604 9.39418,
	9.29596 9.3937,
	9.29811 9.38579,
	9.30167 9.37785,
	9.31171 9.34588,
	9.31499 9.3377,
	9.32549 9.32087,
	9.32803 9.31658,
	9.33612 9.30775,
	9.34023 9.30327,
	9.34594 9.30024,
	9.35531 9.29744,
	9.35556 9.29717,
	9.36138 9.29409,
	9.37332 9.29046,
	9.38523 9.28867,
	9.39127 9.2888,
	9.40389 9.29596,
	9.4103 9.29969,
	9.414 9.31627,
	9.41564 9.33264,
	9.40782 9.36575,
	9.39706 9.3986,
	9.39046 9.41504,
	9.38676 9.42327,
	9.38491 9.42739,
	9.38433 9.42942,
	9.37488 9.43802,
	9.37214 9.43969,
	9.36153 9.44221,
	9.35923 9.44434,
	9.35655 9.44599,
	9.34565 9.44856,
	"/>
</Transform>

<Transform dim="0"
 xcoef=" 0 1 0 0 0 0"
 ycoef=" 0 0 1 0 0 0">
<Contour name="d04cfa32" hidden="false" closed="true" simplified="true" border="0 1 0" fill="0 1 0" mode="11"
 points="9.34161 9.4416,
	9.3344 9.44059,
	9.33082 9.44005,
	9.32714 9.43854,
	9.32013 9.43415,
	9.31478 9.42902,
	9.31333 9.42774,
	9.30776 9.41732,
	9.30287 9.39643,
	9.30282 9.39611,
	9.30445 9.3857,
	9.30549 9.3805,
	9.30934 9.37017,
	9.33126 9.32771,
	9.33781 9.31662,
	9.34116 9.311,
	9.34842 9.3054,
	9.35209 9.30273,
	9.35394 9.30156,
	9.36144 9.29946,
	9.36462 9.29871,
	9.36767 9.29651,
	9.36955 9.29533,
	9.3772 9.29314,
	9.38104 9.29221,
	9.38198 9.2918,
	9.38995 9.29446,
	9.39395 9.29558,
	9.40069 9.30027,
	9.40386 9.30278,
	9.40677 9.30804,
	9.40848 9.31062,
	9.40998 9.32132,
	9.4051 9.33247,
	9.3984 9.34361,
	9.39472 9.35439,
	9.39338 9.35971,
	9.39242 9.38052,
	9.39253 9.38568,
	9.39124 9.39612,
	9.38422 9.41728,
	9.38233 9.42257,
	9.38113 9.42524,
	9.38077 9.42655,
	9.37372 9.43186,
	9.37243 9.43323,
	9.37156 9.43392,
	9.36239 9.43486,
	9.35802 9.43819,
	9.35677 9.43955,
	9.35592 9.44024,
	"/>
</Transform>

<Transform dim="0"
 xcoef=" 0 1 0 0 0 0"
 ycoef=" 0 0 1 0 0 0">
<Contour name="d19sp31" hidden="false" closed="true" simplified="true" border="1 0 0" fill="1 0 0" mode="11"
 points="7.27211 10.1068,
	7.25335 10.105,
	7.23519 10.0994,
	7.23077 10.0973,
	7.21532 10.0822,
	7.21303 10.0665,
	7.21318 10.0656,
	7.22525 10.0349,
	7.23977 10.004,
	7.24816 9.98845,
	7.25298 9.98068,
	7.27246 9.96861,
	7.31225 9.95382,
	7.31704 9.95311,
	7.32594 9.9557,
	7.33041 9.957,
	7.33867 9.96357,
	7.34318 9.97186,
	7.34765 9.98806,
	7.34993 10.004,
	7.35001 10.0353,
	7.35009 10.0431,
	7.34554 10.0583,
	7.33866 10.0734,
	7.32591 10.0881,
	7.31659 10.0954,
	7.31134 10.099,
	7.30126 10.1034,
	7.28174 10.1063,
	"/>
</Transform>

<Transform dim="0"
 xcoef=" 0 1 0 0 0 0"
 ycoef=" 0 0 1 0 0 0">
<Contour name="d05cfa36" hidden="false" closed="false" simplified="true" border="1 0 0" fill="1 0 0" mode="11"
 points="11.7762 10.7341,
	11.7453 10.718,
	11.7229 10.7165,
	11.7048 10.7134,
	11.6839 10.7068,
	11.6627 10.7095,
	"/>
</Transform>

<Transform dim="0"
 xcoef=" 0 1 0 0 0 0"
 ycoef=" 0 0 1 0 0 0">
<Contour name="d05cfa38" hidden="false" closed="false" simplified="true" border="1 0 0" fill="1 0 0" mode="11"
 points="12.5826 10.8574,
	12.5663 10.8491,
	12.5605 10.8429,
	12.549 10.8325,
	12.5286 10.8257,
	12.511 10.8169,
	12.4948 10.8066,
	12.4638 10.8072,
	12.4531 10.8083,
	12.4287 10.8153,
	12.4117 10.8194,
	12.3976 10.8224,
	12.3878 10.8344,
	"/>
</Transform>

<Transform dim="0"
 xcoef=" 0 1 0 0 0 0"
 ycoef=" 0 0 1 0 0 0">
<Contour name="d07cfa36" hidden="false" closed="false" simplified="true" border="1 0 0" fill="1 0 0" mode="11"
 points="7.29599 8.42756,
	7.28137 8.42684,
	7.24666 8.42006,
	7.21648 8.40617,
	7.14148 8.35971,
	7.1192 8.33647,
	"/>
</Transform>

<Transform dim="0"
 xcoef=" 0 1 0 0 0 0"
 ycoef=" 0 0 1 0 0 0">
<Contour name="d07cfa36" hidden="false" closed="false" simplified="true" border="1 0 0" fill="1 0 0" mode="11"
 points="7.25404 8.23588,
	7.21826 8.24688,
	7.20161 8.25695,
	7.16589 8.2909,
	7.13738 8.30682,
	7.11837 8.3099,
	"/>
</Transform>

<Transform dim="0"
 xcoef=" 0 1 0 0 0 0"
 ycoef=" 0 0 1 0 0 0">
<Contour name="d07sp36" hidden="false" closed="true" simplified="true" border="1 0 0" fill="1 0 0" mode="11"
 points="6.71932 8.30439,
	6.74438 8.25426,
	6.76004 8.2292,
	6.85088 8.1321,
	6.901 8.09137,
	6.92606 8.07571,
	7.02631 8.03185,
	7.05137 8.01932,
	7.15161 8.02559,
	7.16414 8.02559,
	7.21426 8.04438,
	7.23932 8.05691,
	7.26125 8.10704,
	7.27691 8.15716,
	7.29257 8.18222,
	7.29884 8.20728,
	7.29571 8.21981,
	7.28317 8.23234,
	7.23305 8.248,
	7.20799 8.2574,
	7.15787 8.30125,
	7.13281 8.31065,
	7.10775 8.31378,
	7.08269 8.31065,
	7.07016 8.30439,
	7.0639 8.30439,
	7.04197 8.28246,
	7.02944 8.27306,
	7.00438 8.26993,
	6.99811 8.26993,
	6.98872 8.28246,
	6.99185 8.29499,
	7.01691 8.31065,
	7.06703 8.32318,
	7.09209 8.32318,
	7.11715 8.33258,
	7.13908 8.35451,
	7.23932 8.41402,
	7.25185 8.42029,
	7.35209 8.42342,
	7.40221 8.43282,
	7.42727 8.43909,
	7.4398 8.44848,
	7.44607 8.46101,
	7.44293 8.48607,
	7.41787 8.50487,
	7.36775 8.5268,
	7.31763 8.53933,
	7.29257 8.54559,
	7.19233 8.59258,
	7.14221 8.60511,
	7.09209 8.61138,
	7.07956 8.61138,
	6.97932 8.57692,
	6.87908 8.5174,
	6.85402 8.50174,
	6.75691 8.41716,
	6.73498 8.3921,
	6.72558 8.37957,
	6.71932 8.32945,
	6.71932 8.30752,
	"/>
</Transform>

<Transform dim="0"
 xcoef=" 0 1 0 0 0 0"
 ycoef=" 0 0 1 0 0 0">
<Contour name="d17sp22" hidden="false" closed="true" simplified="true" border="1 0 0" fill="1 0 0" mode="11"
 points="3.96724 8.47934,
	3.93982 8.47771,
	3.92656 8.47501,
	3.92001 8.47334,
	3.89461 8.46363,
	3.88242 8.45702,
	3.87646 8.45329,
	3.87341 8.45146,
	3.86198 8.44227,
	3.85108 8.43233,
	3.84031 8.42167,
	3.81921 8.39776,
	3.80868 8.38523,
	3.79902 8.37205,
	3.78838 8.35909,
	3.783 8.35276,
	3.77425 8.33964,
	3.77002 8.33308,
	3.7654 8.32051,
	3.76422 8.31735,
	3.76036 8.29307,
	3.75999 8.28119,
	3.75938 8.27519,
	3.75716 8.26895,
	3.75146 8.25626,
	3.74843 8.24396,
	3.74706 8.23779,
	3.74711 8.23742,
	3.75335 8.22635,
	3.75656 8.22491,
	3.76364 8.224,
	3.76719 8.22334,
	3.77412 8.22348,
	3.78785 8.22473,
	3.81503 8.2294,
	3.82844 8.23322,
	3.83512 8.23526,
	3.86157 8.24609,
	3.88801 8.25758,
	3.91468 8.26794,
	3.92813 8.27244,
	3.95525 8.27981,
	3.98248 8.28595,
	4.00994 8.28949,
	4.03725 8.28959,
	4.09135 8.28688,
	4.11713 8.28992,
	4.12971 8.29231,
	4.13602 8.29316,
	4.14216 8.29479,
	4.15414 8.29967,
	4.15713 8.30071,
	4.16869 8.30727,
	4.17158 8.30873,
	4.19511 8.31666,
	4.20658 8.32151,
	4.20945 8.32264,
	4.21089 8.32321,
	4.21283 8.3298,
	4.21341 8.33307,
	4.20808 8.34531,
	4.19419 8.35475,
	4.18735 8.35772,
	4.17396 8.36173,
	4.16718 8.36397,
	4.14037 8.37025,
	4.11293 8.37754,
	4.09821 8.38469,
	4.09069 8.38868,
	4.07492 8.3991,
	4.06696 8.40431,
	4.05211 8.41647,
	4.03955 8.42879,
	4.02806 8.44117,
	4.0233 8.44743,
	4.01767 8.45362,
	4.00347 8.46566,
	3.9997 8.46824,
	3.98414 8.4746,
	3.96911 8.47882,
	"/>
</Transform>

<Transform dim="0"
 xcoef=" 0 1 0 0 0 0"
 ycoef=" 0 0 1 0 0 0">
<Contour name="d17sph22" hidden="false" closed="true" simplified="true" border="1 0 0" fill="1 0 0" mode="11"
 points="3.96724 8.47934,
	3.93982 8.47771,
	3.92656 8.47501,
	3.92001 8.47334,
	3.89461 8.46363,
	3.88242 8.45702,
	3.87646 8.45329,
	3.87341 8.45146,
	3.86198 8.44227,
	3.85108 8.43233,
	3.84031 8.42167,
	3.81921 8.39776,
	3.80868 8.38523,
	3.79902 8.37205,
	3.78838 8.35909,
	3.783 8.35276,
	3.77425 8.33964,
	3.77002 8.33308,
	3.7654 8.32051,
	3.76422 8.31735,
	3.76036 8.29307,
	3.75999 8.28119,
	3.75938 8.27519,
	3.75716 8.26895,
	3.75146 8.25626,
	3.74843 8.24396,
	3.74706 8.23779,
	3.74711 8.23742,
	3.75335 8.22635,
	3.75656 8.22491,
	3.76364 8.224,
	3.76719 8.22334,
	3.77412 8.22348,
	3.78785 8.22473,
	3.81503 8.2294,
	3.82844 8.23322,
	3.83512 8.23526,
	3.86157 8.24609,
	3.88801 8.25758,
	3.91468 8.26794,
	3.92813 8.27244,
	3.95525 8.27981,
	3.98248 8.28595,
	4.00994 8.28949,
	4.03725 8.28959,
	4.09135 8.28688,
	4.11713 8.28992,
	4.12971 8.29231,
	4.13602 8.29316,
	4.14216 8.29479,
	4.15414 8.29967,
	4.15713 8.30071,
	4.16869 8.30727,
	4.17158 8.30873,
	4.19511 8.31666,
	4.20658 8.32151,
	4.20945 8.32264,
	4.21089 8.32321,
	4.21283 8.3298,
	4.21341 8.33307,
	4.20808 8.34531,
	4.19419 8.35475,
	4.18735 8.35772,
	4.17396 8.36173,
	4.16718 8.36397,
	4.14037 8.37025,
	4.11293 8.37754,
	4.09821 8.38469,
	4.09069 8.38868,
	4.07492 8.3991,
	4.06696 8.40431,
	4.05211 8.41647,
	4.03955 8.42879,
	4.02806 8.44117,
	4.0233 8.44743,
	4.01767 8.45362,
	4.00347 8.46566,
	3.9997 8.46824,
	3.98414 8.4746,
	3.96911 8.47882,
	"/>
</Transform>

<Transform dim="1"
 xcoef=" 0.01 1 0 0 0 0"
 ycoef=" 0.01 0 1 0 0 0">
<Contour name="d05sp35" hidden="false" closed="true" simplified="true" border="1 0 0" fill="1 0 0" mode="11"
 points="10.8422 11.6423,
	10.8299 11.6152,
	10.8268 11.6084,
	10.8233 11.5826,
	10.8271 11.5576,
	10.8298 11.5452,
	10.8301 11.5437,
	10.8389 11.532,
	10.8433 11.5261,
	10.871 11.5052,
	10.9278 11.4712,
	10.955 11.4581,
	10.9682 11.4532,
	10.9935 11.432,
	11.0076 11.4209,
	11.0196 11.421,
	11.0321 11.4179,
	11.0451 11.4117,
	11.0514 11.4095,
	11.0629 11.4114,
	11.073 11.4214,
	11.0779 11.4355,
	11.0798 11.4492,
	11.0815 11.4561,
	11.0822 11.4596,
	11.0741 11.4713,
	11.0689 11.4753,
	11.0629 11.4758,
	11.0616 11.4822,
	11.0632 11.4891,
	11.064 11.4925,
	11.0557 11.5043,
	11.0446 11.5155,
	11.0303 11.5262,
	11.0175 11.5307,
	11.012 11.5282,
	10.9986 11.5344,
	10.986 11.544,
	10.9758 11.5557,
	10.9774 11.5624,
	10.9781 11.5658,
	10.9709 11.5779,
	10.9591 11.5893,
	10.9447 11.5988,
	10.9376 11.6027,
	10.925 11.6042,
	10.9012 11.601,
	10.8982 11.6006,
	10.8789 11.6238,
	10.851 11.6373,
	10.844 11.641,
	"/>
</Transform>

<Transform dim="1"
 xcoef=" 0 1 0 0 0 0"
 ycoef=" 0.01 0 1 0 0 0">
<Contour name="d19sp28" hidden="false" closed="true" simplified="true" border="1 0 0" fill="1 0 0" mode="11"
 points="5.47698 10.1513,
	5.47885 10.1364,
	5.48071 10.1289,
	5.48724 10.114,
	5.4919 10.1075,
	5.49936 10.1019,
	5.52919 10.0888,
	5.5441 10.0823,
	5.55902 10.0776,
	5.56648 10.0749,
	5.58139 10.073,
	5.59631 10.0749,
	5.65598 10.0982,
	5.6597 10.1,
	5.67276 10.1149,
	5.69047 10.1448,
	5.70259 10.1746,
	5.71657 10.2044,
	5.7203 10.2119,
	5.73988 10.2417,
	5.74454 10.2492,
	5.7464 10.2529,
	5.74734 10.2604,
	5.74827 10.2641,
	5.7464 10.2716,
	5.75106 10.2865,
	5.76505 10.2995,
	5.77157 10.307,
	5.7781 10.3219,
	5.77996 10.3368,
	5.77903 10.3443,
	5.7809 10.3517,
	5.78463 10.3545,
	5.81446 10.3666,
	5.84429 10.3816,
	5.87412 10.3993,
	5.88904 10.4067,
	5.8965 10.4095,
	5.91141 10.4114,
	5.94124 10.4077,
	6.06057 10.3638,
	6.0904 10.3573,
	6.12024 10.3527,
	6.15007 10.3508,
	6.15753 10.3499,
	6.16126 10.3489,
	6.16871 10.3499,
	6.17244 10.3499,
	6.18736 10.3564,
	6.20228 10.3611,
	6.20973 10.3648,
	6.21346 10.3657,
	6.19855 10.375,
	6.16871 10.3881,
	6.1538 10.3965,
	6.12397 10.4216,
	6.10905 10.4328,
	6.10159 10.4375,
	6.08668 10.4496,
	6.07176 10.4599,
	6.0699 10.4599,
	6.05498 10.472,
	6.04006 10.4813,
	6.03633 10.485,
	6.03261 10.486,
	6.03074 10.486,
	6.02701 10.4897,
	6.02515 10.4916,
	6.02328 10.4916,
	6.01955 10.4953,
	6.01582 10.4962,
	6.00091 10.5074,
	5.99718 10.5102,
	5.99532 10.5102,
	5.98786 10.5158,
	5.86853 10.5661,
	5.8387 10.5792,
	5.82378 10.5867,
	5.79395 10.6081,
	5.78649 10.6146,
	5.78276 10.6156,
	5.7753 10.6212,
	5.76785 10.6249,
	5.76412 10.6277,
	5.76225 10.6295,
	5.76039 10.6295,
	5.75293 10.6351,
	5.7231 10.6491,
	5.71564 10.6538,
	5.71191 10.6566,
	5.71005 10.6584,
	5.70818 10.6584,
	5.67835 10.6836,
	5.66343 10.6967,
	5.64945 10.7116,
	5.64572 10.6967,
	5.64386 10.6817,
	5.63919 10.6668,
	5.64199 10.637,
	5.64199 10.6221,
	5.63733 10.5923,
	5.6364 10.5848,
	5.63919 10.5699,
	5.64013 10.5624,
	5.63453 10.5326,
	5.63547 10.5177,
	5.63267 10.5028,
	5.62708 10.4878,
	5.62521 10.4729,
	5.62801 10.4431,
	5.63547 10.4282,
	5.64386 10.3983,
	5.64665 10.3834,
	5.64758 10.376,
	5.64479 10.3611,
	5.64292 10.3536,
	5.64199 10.3499,
	5.6308 10.3349,
	5.62335 10.3303,
	5.60843 10.3275,
	5.59351 10.3228,
	5.58606 10.3191,
	5.58233 10.3182,
	5.57487 10.3107,
	5.56089 10.2986,
	5.55716 10.2911,
	5.54783 10.2613,
	5.53292 10.252,
	5.50775 10.2231,
	5.48631 10.1932,
	5.47791 10.1634,
	5.47698 10.156,
	5.47698 10.1522,
	"/>
</Transform>

<Transform dim="0"
 xcoef=" 0 1 0 0 0 0"
 ycoef=" 0 0 1 0 0 0">
<Contour name="d19sp28" hidden="false" closed="true" simplified="true" border="1 0 0" fill="1 0 0" mode="11"
 points="4.8827 10.0454,
	4.89481 10.0177,
	4.89654 10.0038,
	4.89481 9.99001,
	4.88097 9.96234,
	4.87924 9.95888,
	4.88097 9.95196,
	4.9 9.92429,
	4.92767 9.90008,
	4.95015 9.8724,
	4.96399 9.8603,
	4.97783 9.85165,
	5.0055 9.84127,
	5.02971 9.8136,
	5.03836 9.79976,
	5.04355 9.77209,
	5.04528 9.76517,
	5.05911 9.75479,
	5.07295 9.75306,
	5.1283 9.77555,
	5.18364 9.79111,
	5.21131 9.79976,
	5.26666 9.82916,
	5.27877 9.843,
	5.28396 9.84992,
	5.28568 9.86376,
	5.28223 9.89143,
	5.27531 9.9191,
	5.27185 9.93294,
	5.27185 9.9364,
	5.24936 9.96407,
	5.23207 9.99174,
	5.22169 10.0056,
	5.19402 10.0333,
	5.18018 10.0454,
	5.15251 10.0627,
	5.09716 10.0903,
	5.06949 10.1042,
	5.05566 10.1111,
	5.04182 10.1128,
	5.02798 10.1111,
	4.97264 10.0869,
	4.94497 10.0748,
	4.93113 10.0696,
	4.90346 10.0644,
	4.88962 10.0627,
	4.88616 10.0609,
	4.88097 10.0505,
	4.8827 10.0471,
	"/>
</Transform>

<Transform dim="1"
 xcoef=" -0.02 1 0 0 0 0"
 ycoef=" -0.03 0 1 0 0 0">
<Contour name="d24sp30" hidden="false" closed="true" simplified="true" border="1 0 0" fill="1 0 0" mode="11"
 points="7.11866 6.89581,
	7.12835 6.85152,
	7.13665 6.82937,
	7.14081 6.80723,
	7.16295 6.76293,
	7.16987 6.74079,
	7.18095 6.71864,
	7.18233 6.70757,
	7.18095 6.6965,
	7.1851 6.67435,
	7.18925 6.66328,
	7.19064 6.6522,
	7.20171 6.64251,
	7.246 6.62867,
	7.29029 6.60791,
	7.31244 6.60237,
	7.31521 6.60099,
	7.40379 6.63144,
	7.42594 6.64251,
	7.47023 6.66881,
	7.55882 6.71311,
	7.60311 6.73664,
	7.6474 6.75463,
	7.73599 6.77262,
	7.78028 6.77678,
	7.82457 6.78508,
	7.84672 6.78785,
	7.85226 6.78785,
	7.8744 6.79754,
	7.89655 6.81138,
	7.9187 6.81968,
	7.94084 6.82107,
	7.98514 6.81276,
	8.02943 6.80861,
	8.07372 6.81276,
	8.09587 6.8183,
	8.11801 6.82661,
	8.12909 6.83214,
	8.17338 6.8446,
	8.19414 6.85152,
	8.18307 6.8529,
	8.17199 6.85152,
	8.1277 6.85844,
	8.08341 6.85982,
	8.03912 6.86398,
	7.99482 6.87367,
	7.98375 6.87505,
	7.98098 6.87782,
	7.95884 6.88059,
	7.94776 6.88197,
	7.94499 6.88197,
	7.94223 6.88474,
	7.93669 6.88474,
	7.93392 6.88474,
	7.93115 6.88751,
	7.90901 6.88889,
	7.90624 6.89166,
	7.89517 6.89304,
	7.88963 6.89304,
	7.88686 6.89581,
	7.88132 6.89581,
	7.87025 6.89997,
	7.85918 6.89997,
	7.85641 6.90273,
	7.85087 6.90273,
	7.8481 6.9055,
	7.83703 6.90689,
	7.83149 6.90689,
	7.82873 6.90965,
	7.82319 6.90965,
	7.82042 6.91242,
	7.81489 6.91242,
	7.81212 6.91242,
	7.80935 6.91519,
	7.80381 6.91519,
	7.79274 6.91934,
	7.7872 6.91934,
	7.78443 6.91934,
	7.78167 6.92211,
	7.77613 6.92211,
	7.77336 6.92211,
	7.77059 6.92488,
	7.76506 6.92488,
	7.76229 6.92488,
	7.75952 6.92765,
	7.73737 6.92903,
	7.73184 6.9318,
	7.72076 6.9318,
	7.718 6.93457,
	7.70692 6.93595,
	7.70139 6.93734,
	7.69862 6.93734,
	7.69585 6.94011,
	7.6737 6.94287,
	7.66817 6.94426,
	7.6654 6.94703,
	7.65432 6.94841,
	7.64879 6.95256,
	7.63771 6.95533,
	7.63218 6.95533,
	7.62941 6.9581,
	7.62387 6.9581,
	7.60173 6.9664,
	7.57958 6.97194,
	7.56851 6.97471,
	7.56297 6.97748,
	7.55743 6.97748,
	7.5519 6.98025,
	7.54913 6.98025,
	7.54636 6.98301,
	7.54082 6.98301,
	7.52975 6.98717,
	7.52421 6.98855,
	7.52145 6.98855,
	7.51868 6.99132,
	7.5076 6.9927,
	7.50484 6.99547,
	7.49376 6.99686,
	7.44947 7.01208,
	7.42732 7.02039,
	7.41625 7.02315,
	7.41071 7.02592,
	7.40795 7.02869,
	7.40518 7.02869,
	7.39964 7.03284,
	7.38857 7.03423,
	7.37888 7.02592,
	7.37888 7.01485,
	7.38442 7.00378,
	7.40518 6.98578,
	7.42732 6.97056,
	7.4384 6.96087,
	7.46054 6.94841,
	7.50484 6.91796,
	7.52698 6.90273,
	7.53252 6.8972,
	7.53114 6.89443,
	7.53667 6.88336,
	7.53806 6.87782,
	7.53529 6.85567,
	7.5339 6.8446,
	7.52283 6.82245,
	7.52006 6.81692,
	7.50899 6.80723,
	7.50345 6.80307,
	7.50207 6.80031,
	7.47992 6.79615,
	7.45778 6.79477,
	7.4467 6.79339,
	7.44117 6.79339,
	7.35258 6.83076,
	7.30829 6.85152,
	7.264 6.8792,
	7.24185 6.8972,
	7.2197 6.90965,
	7.20863 6.91657,
	7.18648 6.92488,
	7.14219 6.92626,
	7.13665 6.92626,
	7.12558 6.91934,
	7.12004 6.91657,
	7.11866 6.9055,
	7.11866 6.89997,
	7.11866 6.8972,
	"/>
</Transform>

<Transform dim="1"
 xcoef=" -0.02 1 0 0 0 0"
 ycoef=" -0.03 0 1 0 0 0">
<Contour name="d24c30" hidden="false" closed="true" simplified="true" border="0 0 1" fill="0 0 1" mode="11"
 points="7.17009 6.82535,
	7.15497 6.82425,
	7.14754 6.82159,
	7.14016 6.81806,
	7.13651 6.81558,
	7.13463 6.81485,
	7.13112 6.81093,
	7.12862 6.80667,
	7.12605 6.79848,
	7.1245 6.7944,
	7.12265 6.77873,
	7.12241 6.77108,
	7.12381 6.75624,
	7.12445 6.74895,
	7.12449 6.7485,
	7.13493 6.72123,
	7.15548 6.67145,
	7.16032 6.65966,
	7.16811 6.64845,
	7.17068 6.64574,
	7.17878 6.64073,
	7.1868 6.63801,
	7.19079 6.63702,
	7.19866 6.63696,
	7.20642 6.63846,
	7.21027 6.63941,
	7.21786 6.64248,
	7.21977 6.64315,
	7.2234 6.64608,
	7.23054 6.6532,
	7.23785 6.66742,
	7.24267 6.68148,
	7.24599 6.69554,
	7.24659 6.69904,
	7.24395 6.72622,
	7.24265 6.74013,
	7.24248 6.74188,
	7.2309 6.76838,
	7.22969 6.7718,
	7.2127 6.79805,
	7.21163 6.79974,
	7.19848 6.8123,
	7.19539 6.81556,
	7.19338 6.81711,
	7.17789 6.82283,
	7.17395 6.82457,
	"/>
</Transform>

<Transform dim="1"
 xcoef=" -0.02 1 0 0 0 0"
 ycoef=" -0.03 0 1 0 0 0">
<Contour name="d24cfa30" hidden="false" closed="false" simplified="true" border="0 0 1" fill="0 0 1" mode="11"
 points="7.22059 6.65018,
	7.21924 6.65412,
	7.21507 6.6684,
	7.21071 6.68682,
	7.20405 6.71193,
	7.19705 6.74145,
	7.18654 6.76517,
	7.16857 6.79366,
	7.15751 6.81606,
	"/>
</Transform>

<Transform dim="1"
 xcoef=" -0.02 1 0 0 0 0"
 ycoef=" -0.03 0 1 0 0 0">
<Contour name="d24sph30" hidden="false" closed="true" simplified="true" border="1 0 0" fill="1 0 0" mode="11"
 points="7.15083 6.92638,
	7.13629 6.92617,
	7.13451 6.9259,
	7.12099 6.91653,
	7.11928 6.91525,
	7.11879 6.89833,
	7.1194 6.89012,
	7.11993 6.88609,
	7.12 6.88558,
	7.12007 6.88507,
	7.12351 6.86925,
	7.13231 6.83883,
	7.14152 6.80976,
	7.1466 6.7958,
	7.15372 6.7825,
	7.15982 6.76942,
	7.1649 6.75656,
	7.16901 6.74387,
	7.17949 6.71993,
	7.18162 6.71403,
	7.18226 6.71103,
	7.18175 6.6986,
	7.18167 6.69251,
	7.18141 6.68944,
	7.18803 6.66681,
	7.19007 6.65541,
	7.1907 6.65258,
	7.19555 6.64747,
	7.19799 6.64489,
	7.21305 6.63854,
	7.22816 6.63376,
	7.24333 6.62986,
	7.27528 6.61395,
	7.28324 6.61023,
	7.29106 6.60763,
	7.3067 6.60352,
	7.31455 6.60162,
	7.34406 6.61037,
	7.37303 6.61967,
	7.38736 6.62468,
	7.40145 6.63091,
	7.40857 6.63382,
	7.4644 6.66483,
	7.46528 6.66532,
	7.46599 6.66661,
	7.46562 6.66825,
	7.46624 6.66997,
	7.46604 6.67078,
	7.47117 6.67701,
	7.47405 6.68052,
	7.47795 6.687,
	7.48041 6.6905,
	7.48464 6.70419,
	7.48449 6.70502,
	7.48538 6.70593,
	7.48627 6.71274,
	7.48824 6.71967,
	7.48796 6.72134,
	7.48886 6.72226,
	7.48727 6.73583,
	7.48575 6.74261,
	7.48526 6.74603,
	7.48502 6.74774,
	7.48375 6.74939,
	7.48277 6.75279,
	7.47928 6.75952,
	7.47917 6.76038,
	7.47803 6.76118,
	7.47611 6.76411,
	7.47487 6.76578,
	7.47373 6.76658,
	7.47301 6.76829,
	7.47194 6.76866,
	7.47183 6.76953,
	7.46834 6.77282,
	7.46107 6.77808,
	7.45773 6.78053,
	7.45561 6.78128,
	7.45173 6.78414,
	7.45073 6.78408,
	7.44743 6.78654,
	7.44404 6.7899,
	7.44284 6.79162,
	7.44229 6.79203,
	7.4406 6.79372,
	7.40752 6.80702,
	7.34437 6.83535,
	7.31472 6.84807,
	7.29999 6.85638,
	7.27077 6.87477,
	7.25602 6.88648,
	7.24861 6.89262,
	7.21945 6.91021,
	7.21572 6.91292,
	7.20117 6.91934,
	7.18655 6.925,
	7.17939 6.92608,
	"/>
</Transform>

<Transform dim="1"
 xcoef=" -0.02 1 0 0 0 0"
 ycoef=" -0.03 0 1 0 0 0">
<Contour name="dch_d24c30" hidden="false" closed="true" simplified="true" border="0 0 1" fill="0 0 1" mode="11"
 points="7.12976 6.80848,
	7.12899 6.80725,
	7.12875 6.80694,
	7.12721 6.80201,
	7.12644 6.79954,
	7.12552 6.79708,
	7.12498 6.79584,
	7.12459 6.79461,
	7.12444 6.7943,
	7.12328 6.78444,
	7.12274 6.77951,
	7.12251 6.77457,
	7.12236 6.77211,
	7.12321 6.76224,
	7.12336 6.75978,
	7.12436 6.74991,
	7.12452 6.74868,
	7.12459 6.74806,
	7.13222 6.72833,
	7.13615 6.71847,
	7.15241 6.67901,
	7.1565 6.66914,
	7.15843 6.66421,
	7.1595 6.66175,
	7.15989 6.66051,
	7.16012 6.6599,
	7.16351 6.65496,
	7.16706 6.65003,
	7.1679 6.6488,
	7.16806 6.64849,
	7.17052 6.64602,
	7.17114 6.64541,
	7.17361 6.64394,
	7.17392 6.64371,
	7.17399 6.64371,
	7.17446 6.64356,
	7.17692 6.64356,
	7.18679 6.64433,
	7.19665 6.64479,
	7.19912 6.64502,
	7.20035 6.6451,
	7.20282 6.64556,
	7.20405 6.64564,
	7.20528 6.64595,
	7.20652 6.6461,
	7.21145 6.64718,
	7.21391 6.64795,
	7.21638 6.64857,
	7.21669 6.64857,
	7.21915 6.64934,
	7.22039 6.64957,
	7.22285 6.65034,
	7.22409 6.65096,
	7.22424 6.65096,
	7.2244 6.65111,
	7.22686 6.65219,
	7.22748 6.6525,
	7.22779 6.65273,
	7.22809 6.65281,
	7.22933 6.65365,
	7.22994 6.65404,
	7.23056 6.65466,
	7.23156 6.65581,
	7.23203 6.65643,
	7.23226 6.65674,
	7.23357 6.65905,
	7.23395 6.65974,
	7.23418 6.66028,
	7.23434 6.66059,
	7.23688 6.66552,
	7.23757 6.66676,
	7.23811 6.66799,
	7.24135 6.67785,
	7.2422 6.68032,
	7.24474 6.69018,
	7.2459 6.69512,
	7.24636 6.69758,
	7.24651 6.69882,
	7.24659 6.69943,
	7.24459 6.71916,
	7.24274 6.73889,
	7.24251 6.74136,
	7.24243 6.74197,
	7.23387 6.7617,
	7.23172 6.76664,
	7.23072 6.7691,
	7.22987 6.77157,
	7.21707 6.7913,
	7.21384 6.79623,
	7.2123 6.7987,
	7.21199 6.79931,
	7.21153 6.79993,
	7.20166 6.80925,
	7.19919 6.81157,
	7.19688 6.81403,
	7.19573 6.81527,
	7.19449 6.81627,
	7.19388 6.81681,
	7.19326 6.81719,
	7.18833 6.81896,
	7.18586 6.81989,
	7.18463 6.81981,
	7.18401 6.81981,
	7.18155 6.81927,
	7.17908 6.81896,
	7.17785 6.81866,
	7.17538 6.81843,
	7.17045 6.81758,
	7.16921 6.81735,
	7.16798 6.81727,
	7.16737 6.81727,
	7.1649 6.81688,
	7.16243 6.81673,
	7.1575 6.81665,
	7.15627 6.81658,
	7.15133 6.81565,
	7.1464 6.81457,
	7.14517 6.81419,
	7.14486 6.81403,
	7.14363 6.8138,
	7.13376 6.81064,
	7.13253 6.81018,
	7.13191 6.80987,
	7.13161 6.80987,
	7.13037 6.80918,
	7.12983 6.80856,
	"/>
</Transform>

<Transform dim="0"
 xcoef=" 0 1 0 0 0 0"
 ycoef=" 0 0 1 0 0 0">
<Image mag="0.0022379" contrast="1.144" brightness="-0.15" red="true" green="true" blue="true"
 src="149____z148.0.tif" />
<Contour name="d05c15" hidden="false" closed="true" simplified="false" border="0 0 1" fill="0 0 1" mode="11"
 points="0 0,
	9356 0,
	9356 6733,
	0 6733,
	"/>
</Transform>

<Transform dim="0"
 xcoef=" 0 1 0 0 0 0"
 ycoef=" 0 0 1 0 0 0">
<Image mag="0.0022379" contrast="1.144" brightness="-0.15" red="true" green="true" blue="true"
 src="150____z149.0.tif" />
<Contour name="d05c15" hidden="false" closed="true" simplified="false" border="0 0 1" fill="0 0 1" mode="11"
 points="0 0,
	9356 0,
	9356 6733,
	0 6733,
	"/>
</Transform>

<Transform dim="0"
 xcoef=" 0 1 0 0 0 0"
 ycoef=" 0 0 1 0 0 0">
<Contour name="d05" comment="dch_traced_06.2019" hidden="false" closed="true" simplified="true" border="1 1 0" fill="1 1 0" mode="11"
 points="11.0384 10.8669,
	11.0397 10.8563,
	11.0463 10.8457,
	11.0555 10.8352,
	11.0661 10.8299,
	11.0687 10.8273,
	11.074 10.826,
	11.0846 10.8194,
	11.0938 10.8101,
	11.0991 10.7996,
	11.107 10.789,
	11.1175 10.7798,
	11.1268 10.7732,
	11.1307 10.7771,
	11.1519 10.7692,
	11.173 10.7587,
	11.1782 10.7573,
	11.1835 10.7534,
	11.2257 10.7389,
	11.231 10.7349,
	11.2521 10.7283,
	11.2732 10.7151,
	11.2838 10.7072,
	11.2891 10.7046,
	11.3102 10.6874,
	11.3207 10.6808,
	11.3392 10.661,
	11.3498 10.6518,
	11.3603 10.6465,
	11.3814 10.6505,
	11.392 10.6571,
	11.4105 10.6782,
	11.4157 10.6835,
	11.4369 10.6848,
	11.4474 10.6848,
	11.458 10.6821,
	11.4791 10.6663,
	11.5002 10.6571,
	11.5107 10.6557,
	11.5318 10.6571,
	11.553 10.661,
	11.5582 10.6637,
	11.5688 10.6637,
	11.5793 10.6676,
	11.6216 10.698,
	11.6427 10.7072,
	11.6638 10.7112,
	11.6849 10.7178,
	11.706 10.7191,
	11.7482 10.727,
	11.7693 10.7336,
	11.7799 10.7362,
	11.801 10.7455,
	11.8116 10.7507,
	11.8221 10.76,
	11.8366 10.7798,
	11.8485 10.8009,
	11.8512 10.8035,
	11.8525 10.8088,
	11.8657 10.8299,
	11.8749 10.8391,
	11.8855 10.8405,
	11.9277 10.8312,
	11.9699 10.8286,
	11.991 10.8312,
	11.9963 10.8312,
	12.0068 10.8365,
	12.0121 10.8405,
	12.0174 10.8418,
	12.028 10.8497,
	12.0359 10.8603,
	12.0385 10.8629,
	12.0398 10.8682,
	12.0543 10.8893,
	12.0662 10.9104,
	12.0887 10.9948,
	12.1058 11.0371,
	12.1296 11.0793,
	12.1335 11.0898,
	12.1348 11.1004,
	12.1335 11.111,
	12.1243 11.1321,
	12.1164 11.1426,
	12.1071 11.1505,
	12.1032 11.1558,
	12.0821 11.165,
	12.0715 11.169,
	12.0662 11.1716,
	12.0636 11.1769,
	12.0675 11.1875,
	12.0741 11.198,
	12.0728 11.2086,
	12.0662 11.2178,
	12.0451 11.231,
	12.0346 11.2376,
	12.0134 11.2442,
	12.0082 11.2469,
	12.0055 11.2495,
	11.9633 11.264,
	11.9211 11.2864,
	11.8789 11.3141,
	11.8577 11.3339,
	11.8366 11.3432,
	11.8261 11.3458,
	11.8155 11.3511,
	11.7733 11.359,
	11.7522 11.3669,
	11.7416 11.3722,
	11.7205 11.3775,
	11.71 11.3801,
	11.6994 11.3867,
	11.6889 11.3959,
	11.6757 11.4171,
	11.6678 11.4276,
	11.6572 11.4355,
	11.6546 11.4382,
	11.6519 11.4382,
	11.6466 11.4421,
	11.6255 11.45,
	11.6044 11.45,
	11.5833 11.4461,
	11.578 11.4448,
	11.5754 11.4448,
	11.5662 11.4342,
	11.5622 11.4237,
	11.5609 11.4184,
	11.553 11.4078,
	11.549 11.4025,
	11.5384 11.4012,
	11.5332 11.3999,
	11.5121 11.4012,
	11.4698 11.3973,
	11.4646 11.3973,
	11.4593 11.3946,
	11.4171 11.388,
	11.4065 11.3841,
	11.3643 11.355,
	11.3221 11.33,
	11.3023 11.3102,
	11.297 11.3049,
	11.2838 11.2838,
	11.2627 11.2416,
	11.2587 11.231,
	11.235 11.1888,
	11.2231 11.1677,
	11.1941 11.1255,
	11.1703 11.0832,
	11.1426 11.041,
	11.1281 11.0199,
	11.111 10.9988,
	11.0503 10.9157,
	11.041 10.8946,
	11.0384 10.884,
	11.0384 10.8735,
	11.0384 10.8682,
	"/>
</Transform>

<Transform dim="0"
 xcoef=" 0 1 0 0 0 0"
 ycoef=" 0 0 1 0 0 0">
<Contour name="d19" comment="dch_traced_06.2019" hidden="false" closed="true" simplified="true" border="1 1 0" fill="1 1 0" mode="11"
 points="5.62791 10.5975,
	5.63522 10.5507,
	5.63961 10.5273,
	5.64254 10.5156,
	5.65424 10.4922,
	5.66302 10.4805,
	5.66887 10.4688,
	5.67765 10.457,
	5.6835 10.4512,
	5.68789 10.4483,
	5.69959 10.438,
	5.723 10.4249,
	5.7347 10.4161,
	5.75811 10.4029,
	5.76981 10.3971,
	5.79322 10.3912,
	5.81662 10.3883,
	5.84003 10.3912,
	5.86344 10.3971,
	5.91025 10.3927,
	5.95707 10.3854,
	6.00388 10.3751,
	6.01558 10.3707,
	6.03899 10.3561,
	6.0624 10.3473,
	6.10921 10.3459,
	6.13262 10.3415,
	6.14432 10.3415,
	6.15017 10.3386,
	6.17358 10.3356,
	6.22039 10.3225,
	6.2438 10.3166,
	6.26721 10.3137,
	6.31402 10.3137,
	6.40765 10.3225,
	6.45446 10.3298,
	6.50128 10.3459,
	6.52468 10.3576,
	6.54663 10.3737,
	6.55833 10.3824,
	6.56857 10.3941,
	6.58466 10.4176,
	6.60661 10.4351,
	6.61831 10.4424,
	6.62416 10.4453,
	6.62709 10.4453,
	6.63002 10.4483,
	6.65342 10.457,
	6.66513 10.4629,
	6.67683 10.4731,
	6.69292 10.4965,
	6.69877 10.5083,
	6.70462 10.5317,
	6.70755 10.5551,
	6.70316 10.5785,
	6.69438 10.6019,
	6.68561 10.6136,
	6.66366 10.6326,
	6.64026 10.6472,
	6.61685 10.6575,
	6.611 10.6589,
	6.59929 10.6677,
	6.58905 10.6794,
	6.58174 10.6911,
	6.58174 10.694,
	6.57881 10.697,
	6.56126 10.7438,
	6.55102 10.7672,
	6.53785 10.7906,
	6.53054 10.8023,
	6.53054 10.8052,
	6.52761 10.8082,
	6.52615 10.814,
	6.51883 10.8257,
	6.51444 10.8316,
	6.51444 10.8345,
	6.49835 10.8579,
	6.47933 10.8813,
	6.45593 10.8989,
	6.45007 10.9032,
	6.44715 10.9032,
	6.43545 10.9106,
	6.41204 10.9149,
	6.36522 10.9135,
	6.34182 10.9149,
	6.33011 10.9149,
	6.31841 10.9179,
	6.295 10.931,
	6.2716 10.9501,
	6.24819 10.972,
	6.15456 11.0217,
	6.13115 11.0334,
	6.11945 11.0393,
	6.02582 11.0642,
	6.00242 11.0715,
	5.97901 11.0759,
	5.9556 11.0759,
	5.9322 11.0715,
	5.92049 11.07,
	5.89709 11.0627,
	5.88538 11.0598,
	5.86198 11.0451,
	5.83857 11.0247,
	5.82833 11.0174,
	5.80492 10.9983,
	5.78151 10.9837,
	5.75811 10.9618,
	5.7347 10.9457,
	5.72446 10.9369,
	5.70252 10.9135,
	5.69374 10.9018,
	5.69081 10.8959,
	5.69081 10.893,
	5.68789 10.8901,
	5.67765 10.8433,
	5.67618 10.8316,
	5.6674 10.8082,
	5.66155 10.7965,
	5.65863 10.7847,
	5.6557 10.7789,
	5.6557 10.773,
	5.65278 10.7672,
	5.64839 10.7438,
	5.63376 10.697,
	5.62937 10.6502,
	5.62791 10.6033,
	5.62791 10.599,
	"/>
</Transform>

<Transform dim="0"
 xcoef=" 0 1 0 0 0 0"
 ycoef=" 0 0 1 0 0 0">
<Contour name="d24" comment="dch_traced_06.2019" hidden="false" closed="true" simplified="true" border="1 1 0" fill="1 1 0" mode="11"
 points="7.3406 7.20762,
	7.3425 7.17722,
	7.3482 7.14682,
	7.3615 7.11643,
	7.37859 7.08603,
	7.39949 7.05564,
	7.45838 6.99675,
	7.48308 6.96825,
	7.51347 6.94545,
	7.54387 6.92645,
	7.55907 6.91506,
	7.61986 6.88086,
	7.65026 6.86756,
	7.71105 6.84857,
	7.74144 6.83907,
	7.80224 6.82577,
	7.86303 6.82387,
	7.87822 6.82387,
	7.88582 6.82387,
	7.90102 6.82957,
	7.91622 6.83147,
	7.94472 6.84857,
	7.97511 6.83907,
	8.00551 6.83337,
	8.0663 6.83907,
	8.0967 6.84477,
	8.12709 6.85426,
	8.13469 6.85806,
	8.16509 6.85996,
	8.19548 6.85806,
	8.25627 6.86186,
	8.28667 6.86756,
	8.30187 6.87326,
	8.33226 6.89226,
	8.34746 6.90366,
	8.35506 6.91126,
	8.38546 6.92455,
	8.44625 6.92835,
	8.46145 6.93215,
	8.47664 6.93975,
	8.49184 6.95115,
	8.50514 6.96635,
	8.51844 6.99675,
	8.52414 7.02714,
	8.52414 7.05754,
	8.52414 7.06514,
	8.50894 7.09553,
	8.48044 7.12403,
	8.42155 7.16772,
	8.39115 7.18862,
	8.36076 7.21332,
	8.29997 7.25131,
	8.23918 7.28361,
	8.22398 7.2931,
	8.19358 7.3178,
	8.18598 7.3216,
	8.17838 7.3292,
	8.17078 7.333,
	8.15559 7.3463,
	8.12519 7.3596,
	8.00361 7.38239,
	7.98841 7.38619,
	7.98081 7.38999,
	7.97321 7.38999,
	7.96561 7.39379,
	7.95041 7.39569,
	7.88962 7.41849,
	7.87443 7.42229,
	7.81363 7.42419,
	7.78324 7.42799,
	7.75284 7.44128,
	7.74524 7.44508,
	7.68445 7.44698,
	7.62366 7.44318,
	7.59326 7.43559,
	7.57807 7.43559,
	7.51727 7.41089,
	7.50968 7.40899,
	7.44888 7.37289,
	7.41849 7.3482,
	7.39189 7.3178,
	7.37099 7.28741,
	7.3596 7.27221,
	7.352 7.25701,
	7.3463 7.24941,
	7.3406 7.21901,
	7.3406 7.21142,
	7.3406 7.20952,
	"/>
</Transform>

</Section>