<?xml version="1.0"?>
<!DOCTYPE Section SYSTEM "section.dtd">

<Section index="63" thickness="0.045794" alignLocked="true">
<Transform dim="0"
 xcoef=" 0 1 0 0 0 0"
 ycoef=" 0 0 1 0 0 0">
<Image mag="0.0022379" contrast="1.144" brightness="-0.15" red="true" green="true" blue="true"
 src="064____z63.0.tif" />
<Contour name="domain1" hidden="false" closed="true" simplified="false" border="1 0 1" fill="1 0 1" mode="11"
 points="0 0,
	9357 0,
	9357 6734,
	0 6734,
	"/>
</Transform>

<Transform dim="0"
 xcoef=" 0 1 0 0 0 0"
 ycoef=" 0 0 1 0 0 0">
<Contour name="d04" hidden="false" closed="true" simplified="true" border="0 0 0" fill="0 0 0" mode="11"
 points="7.89383 11.5787,
	7.87052 11.5784,
	7.85896 11.578,
	7.84748 11.5761,
	7.82473 11.5702,
	7.81347 11.5677,
	7.80787 11.5669,
	7.76389 11.5465,
	7.74252 11.5379,
	7.70107 11.5175,
	7.6809 11.5069,
	7.60144 11.4474,
	7.56056 11.4131,
	7.53009 11.3634,
	7.51718 11.3376,
	7.51033 11.3245,
	7.50869 11.3179,
	7.5039 11.2635,
	7.50266 11.2497,
	7.5024 11.2428,
	7.50245 11.2419,
	7.5025 11.2411,
	7.51846 11.1299,
	7.52075 11.1162,
	7.57086 11.0114,
	7.57504 11.0051,
	7.62617 10.9616,
	7.65172 10.9443,
	7.6582 10.9394,
	7.66453 10.9362,
	7.6895 10.9281,
	7.70204 10.9241,
	7.75173 10.9161,
	7.75792 10.9155,
	7.76103 10.9152,
	7.80855 10.9292,
	7.85473 10.9539,
	7.90109 10.9766,
	7.92419 10.9885,
	7.94748 10.9988,
	7.95901 11.0049,
	7.98169 11.0205,
	8.00419 11.0379,
	8.00984 11.0422,
	8.01175 11.0454,
	8.01486 11.0574,
	8.01603 11.0604,
	8.01443 11.0841,
	8.01112 11.1075,
	8.00936 11.1192,
	8.00769 11.125,
	8.00048 11.1359,
	7.99584 11.1405,
	7.98252 11.1454,
	7.97593 11.1475,
	7.92775 11.1401,
	7.90433 11.1336,
	7.90145 11.1325,
	7.8803 11.1117,
	7.86967 11.1011,
	7.84892 11.0751,
	7.82624 11.0627,
	7.82057 11.0596,
	7.77313 11.0527,
	7.74935 11.0508,
	7.72455 11.0593,
	7.71211 11.0644,
	7.69907 11.076,
	7.69259 11.0819,
	7.68934 11.0849,
	7.67227 11.1095,
	7.66476 11.1351,
	7.66067 11.148,
	7.65935 11.1545,
	7.65837 11.1809,
	7.65786 11.1941,
	7.66453 11.2208,
	7.66813 11.2341,
	7.68133 11.2604,
	7.69547 11.2861,
	7.72539 11.3353,
	7.7409 11.3588,
	7.75009 11.3704,
	7.75473 11.3762,
	7.76446 11.3847,
	7.78462 11.3996,
	7.80514 11.416,
	7.81558 11.4246,
	7.82084 11.4291,
	7.86511 11.4538,
	7.8873 11.4719,
	7.89293 11.4758,
	7.91529 11.4969,
	7.92661 11.5072,
	7.93559 11.5195,
	7.94049 11.5257,
	7.94258 11.5288,
	7.94399 11.5303,
	7.94807 11.5543,
	7.93714 11.5655,
	7.93246 11.5711,
	7.92943 11.5732,
	7.90562 11.5771,
	"/>
</Transform>

<Transform dim="0"
 xcoef=" 0 1 0 0 0 0"
 ycoef=" 0 0 1 0 0 0">
<Contour name="d04" hidden="false" closed="true" simplified="true" border="0 0 0" fill="0 0 0" mode="11"
 points="7.34924 10.4987,
	7.30776 10.4945,
	7.28693 10.4938,
	7.28433 10.4938,
	7.26402 10.4828,
	7.25384 10.4775,
	7.24877 10.4745,
	7.2415 10.4625,
	7.23786 10.4565,
	7.23604 10.4536,
	7.23552 10.4506,
	7.23555 10.4498,
	7.2356 10.4491,
	7.2394 10.4256,
	7.241 10.4198,
	7.26066 10.3973,
	7.30354 10.3894,
	7.32474 10.3902,
	7.33001 10.3907,
	7.3714 10.4066,
	7.39178 10.4182,
	7.39429 10.4199,
	7.40406 10.431,
	7.40647 10.4341,
	7.39633 10.4553,
	7.37899 10.4763,
	7.35724 10.4964,
	7.35449 10.4984,
	"/>
</Transform>

<Transform dim="0"
 xcoef=" 0 1 0 0 0 0"
 ycoef=" 0 0 1 0 0 0">
<Contour name="d04" hidden="false" closed="true" simplified="true" border="0 0 0" fill="0 0 0" mode="11"
 points="8.35301 11.08,
	8.29561 11.0799,
	8.26706 11.078,
	8.21098 11.0649,
	8.18307 11.0569,
	8.16903 11.0538,
	8.15522 11.048,
	8.14168 11.0385,
	8.11506 11.0153,
	8.08866 10.9903,
	8.08196 10.985,
	8.02677 10.9587,
	8.01991 10.9554,
	8.01653 10.9533,
	7.98844 10.9462,
	7.97442 10.9424,
	7.94678 10.9322,
	7.9195 10.9192,
	7.8928 10.901,
	7.87937 10.892,
	7.86573 10.8847,
	7.8388 10.8667,
	7.81202 10.847,
	7.79863 10.8371,
	7.74589 10.7907,
	7.64377 10.6813,
	7.63752 10.6736,
	7.62887 10.6564,
	7.6255 10.6474,
	7.62383 10.639,
	7.62495 10.608,
	7.62849 10.5937,
	7.63024 10.5866,
	7.63109 10.5716,
	7.63014 10.5561,
	7.62547 10.5243,
	7.62611 10.5098,
	7.62621 10.5089,
	7.63341 10.483,
	7.64351 10.4732,
	7.64765 10.468,
	7.66203 10.4613,
	7.66872 10.4583,
	7.6836 10.4561,
	7.69112 10.4543,
	7.72064 10.4535,
	7.728 10.4537,
	7.75682 10.4613,
	7.76407 10.4628,
	7.79188 10.4805,
	7.80589 10.4878,
	7.83436 10.4977,
	7.84865 10.502,
	7.85574 10.5046,
	7.88495 10.5069,
	7.89932 10.5074,
	7.91339 10.5058,
	7.92762 10.5026,
	7.93475 10.5005,
	7.94883 10.4989,
	7.96276 10.4989,
	7.99023 10.5031,
	7.99708 10.5044,
	8.025 10.5027,
	8.03902 10.501,
	8.06724 10.4952,
	8.09491 10.4942,
	8.14944 10.4985,
	8.16302 10.4998,
	8.17642 10.5028,
	8.2037 10.5044,
	8.23088 10.5074,
	8.24438 10.5099,
	8.25806 10.5109,
	8.2716 10.5133,
	8.27501 10.5137,
	8.2821 10.5121,
	8.2886 10.508,
	8.29271 10.502,
	8.29477 10.499,
	8.29694 10.4865,
	8.29727 10.4833,
	8.29743 10.4817,
	8.30319 10.476,
	8.30606 10.4731,
	8.30793 10.4717,
	8.32179 10.4715,
	8.33553 10.4726,
	8.39214 10.4719,
	8.42115 10.4703,
	8.47968 10.4621,
	8.50904 10.4564,
	8.56799 10.4411,
	8.59756 10.4325,
	8.6049 10.4311,
	8.63465 10.4217,
	8.66471 10.4089,
	8.67962 10.4047,
	8.68708 10.4026,
	8.7455 10.4048,
	8.76003 10.4068,
	8.76734 10.4073,
	8.77499 10.4038,
	8.78186 10.3985,
	8.78488 10.3954,
	8.78958 10.3825,
	8.79054 10.33,
	8.79116 10.3043,
	8.78972 10.2785,
	8.78847 10.2656,
	8.78949 10.2402,
	8.79673 10.2154,
	8.7989 10.2028,
	8.79989 10.1997,
	8.8259 10.1776,
	8.8405 10.1793,
	8.84416 10.1798,
	8.85131 10.1929,
	8.85394 10.1997,
	8.84249 10.2497,
	8.83929 10.262,
	8.83418 10.3123,
	8.83264 10.3378,
	8.82899 10.3634,
	8.82646 10.4159,
	8.82484 10.4425,
	8.82483 10.4694,
	8.8241 10.476,
	8.83074 10.49,
	8.83548 10.5037,
	8.84549 10.5572,
	8.85053 10.5833,
	8.8474 10.6086,
	8.85334 10.6213,
	8.86101 10.6339,
	8.86226 10.6371,
	8.85981 10.6615,
	8.85859 10.6737,
	8.85 10.6978,
	8.84809 10.7038,
	8.83641 10.7159,
	8.82304 10.7281,
	8.7894 10.777,
	8.78506 10.7832,
	8.77305 10.7958,
	8.74524 10.8216,
	8.73112 10.8348,
	8.70991 10.8613,
	8.68743 10.8884,
	8.6763 10.9021,
	8.64857 10.9303,
	8.61978 10.9554,
	8.60924 10.9682,
	8.60033 10.981,
	8.55011 11.032,
	8.52399 11.057,
	8.5096 11.0686,
	8.50233 11.0715,
	8.49524 11.0727,
	8.48071 11.0776,
	8.45255 11.079,
	8.42462 11.0769,
	8.41058 11.0758,
	"/>
</Transform>

<Transform dim="0"
 xcoef=" 0 1 0 0 0 0"
 ycoef=" 0 0 1 0 0 0">
<Contour name="d04 copy" hidden="false" closed="true" simplified="true" border="1 0 0" fill="1 0 0" mode="11"
 points="8.35323 11.08,
	8.32103 11.0799,
	8.30491 11.0799,
	8.29685 11.0799,
	8.28082 11.079,
	8.27281 11.0784,
	8.2688 11.0782,
	8.26682 11.078,
	8.23535 11.0707,
	8.21962 11.067,
	8.21175 11.0651,
	8.18041 11.0563,
	8.17254 11.0545,
	8.16859 11.0536,
	8.16087 11.0504,
	8.157 11.0486,
	8.15505 11.0478,
	8.14745 11.0425,
	8.14364 11.0398,
	8.14173 11.0385,
	8.12681 11.0255,
	8.11934 11.019,
	8.11558 11.0158,
	8.10077 11.0018,
	8.09336 10.9948,
	8.08966 10.9912,
	8.08592 10.9881,
	8.08216 10.9851,
	8.02026 10.9555,
	8.01646 10.9533,
	7.98493 10.9453,
	7.97707 10.9432,
	7.97316 10.942,
	7.95763 10.9363,
	7.94988 10.9334,
	7.94603 10.9319,
	7.93072 10.9246,
	7.92306 10.9209,
	7.91925 10.919,
	7.88925 10.8986,
	7.88172 10.8936,
	7.87793 10.8912,
	7.87028 10.8871,
	7.86646 10.8851,
	7.85134 10.8751,
	7.83622 10.8648,
	7.80618 10.8427,
	7.79865 10.8372,
	7.76905 10.8111,
	7.75426 10.7981,
	7.74689 10.7916,
	7.68913 10.7321,
	7.66066 10.7007,
	7.64651 10.6845,
	7.63947 10.6762,
	7.63772 10.674,
	7.63257 10.6637,
	7.62993 10.6585,
	7.62875 10.6559,
	7.62685 10.6509,
	7.62589 10.6484,
	7.62542 10.6472,
	7.62449 10.6424,
	7.62414 10.6401,
	7.62391 10.6389,
	7.62456 10.6215,
	7.62475 10.6127,
	7.62489 10.6084,
	7.62675 10.6003,
	7.62887 10.5924,
	7.62984 10.5884,
	7.63033 10.5864,
	7.6307 10.5779,
	7.63093 10.5737,
	7.63105 10.5716,
	7.62985 10.5542,
	7.62726 10.5363,
	7.62593 10.5274,
	7.6255 10.523,
	7.62598 10.5149,
	7.62615 10.5109,
	7.62623 10.509,
	7.62624 10.5089,
	7.6303 10.4942,
	7.63219 10.487,
	7.6332 10.4834,
	7.63337 10.4829,
	7.63904 10.4774,
	7.64199 10.4747,
	7.6434 10.4734,
	7.64574 10.4705,
	7.6469 10.469,
	7.64749 10.4683,
	7.64778 10.4679,
	7.66497 10.46,
	7.66713 10.459,
	7.66819 10.4585,
	7.66873 10.4582,
	7.67707 10.4571,
	7.68124 10.4565,
	7.68334 10.4562,
	7.68756 10.4551,
	7.68967 10.4546,
	7.69073 10.4543,
	7.70728 10.4539,
	7.71557 10.4536,
	7.71971 10.4534,
	7.72798 10.4537,
	7.76035 10.462,
	7.76238 10.4624,
	7.7634 10.4626,
	7.76392 10.4627,
	7.77952 10.4727,
	7.78731 10.4776,
	7.7912 10.4801,
	7.79514 10.4822,
	7.80302 10.4862,
	7.80696 10.4881,
	7.83892 10.4991,
	7.84694 10.5015,
	7.85492 10.5042,
	7.85591 10.5046,
	7.88871 10.5071,
	7.89679 10.5074,
	7.9007 10.5073,
	7.90861 10.5063,
	7.91256 10.5059,
	7.91353 10.5058,
	7.9295 10.502,
	7.9335 10.5009,
	7.9355 10.5004,
	7.9434 10.4995,
	7.94735 10.499,
	7.94932 10.4988,
	7.95714 10.4988,
	7.96104 10.499,
	7.963 10.499,
	7.99382 10.5038,
	7.99766 10.5044,
	8.01335 10.5035,
	8.02117 10.503,
	8.02509 10.5028,
	8.04084 10.5007,
	8.05667 10.4974,
	8.06458 10.4957,
	8.06657 10.4952,
	8.06757 10.4951,
	8.08309 10.4947,
	8.09085 10.4944,
	8.09473 10.4943,
	8.12535 10.4967,
	8.14063 10.4979,
	8.14827 10.4984,
	8.16351 10.5,
	8.17103 10.5016,
	8.17478 10.5024,
	8.17667 10.5028,
	8.19198 10.5036,
	8.19965 10.5041,
	8.20347 10.5043,
	8.21872 10.506,
	8.22636 10.5068,
	8.23017 10.5072,
	8.24533 10.51,
	8.25301 10.5105,
	8.25685 10.5108,
	8.25877 10.5109,
	8.27398 10.5135,
	8.27494 10.5136,
	8.2789 10.5128,
	8.28089 10.5124,
	8.28188 10.5122,
	8.28605 10.5096,
	8.28814 10.5082,
	8.28865 10.5079,
	8.29325 10.5012,
	8.2944 10.4996,
	8.29469 10.4992,
	8.29592 10.4921,
	8.29665 10.4886,
	8.29761 10.4816,
	8.30409 10.4751,
	8.3057 10.4735,
	8.30768 10.4719,
	8.30794 10.4717,
	8.31571 10.4716,
	8.3196 10.4715,
	8.32155 10.4715,
	8.33699 10.4727,
	8.36835 10.4719,
	8.38452 10.472,
	8.39262 10.4718,
	8.40889 10.471,
	8.41704 10.4705,
	8.42111 10.4703,
	8.45393 10.4658,
	8.47036 10.4634,
	8.47858 10.4622,
	8.49506 10.4591,
	8.5033 10.4575,
	8.50741 10.4567,
	8.57357 10.4394,
	8.59018 10.4346,
	8.59847 10.4323,
	8.60258 10.4315,
	8.60465 10.4312,
	8.60568 10.431,
	8.62237 10.4256,
	8.63071 10.4229,
	8.63489 10.4216,
	8.65175 10.4144,
	8.66019 10.4108,
	8.66443 10.409,
	8.68116 10.4043,
	8.68533 10.4031,
	8.68639 10.4028,
	8.68692 10.4026,
	8.71968 10.4038,
	8.73609 10.4043,
	8.7443 10.4047,
	8.7606 10.4068,
	8.76471 10.4071,
	8.76675 10.4072,
	8.76727 10.4073,
	8.76753 10.4072,
	8.76816 10.4073,
	8.76864 10.4077,
	8.76914 10.4079,
	8.76941 10.4079,
	8.76964 10.4082,
	8.77364 10.4097,
	8.77414 10.41,
	8.77466 10.41,
	8.77565 10.4104,
	8.77616 10.4105,
	8.7764 10.4107,
	8.7769 10.4108,
	8.7779 10.4112,
	8.7784 10.4114,
	8.77866 10.4114,
	8.77889 10.4116,
	8.78078 10.4123,
	8.78177 10.4127,
	8.78279 10.4129,
	8.78378 10.4133,
	8.78401 10.4136,
	8.78601 10.4145,
	8.787 10.4149,
	8.78726 10.4149,
	8.7875 10.4152,
	8.78849 10.4156,
	8.78947 10.4163,
	8.79034 10.4167,
	8.79044 10.417,
	8.7907 10.417,
	8.79152 10.4178,
	8.79179 10.4178,
	8.79373 10.4191,
	8.79471 10.4198,
	8.79496 10.4198,
	8.79593 10.4206,
	8.79641 10.4209,
	8.79688 10.4214,
	8.79714 10.4214,
	8.79869 10.4229,
	8.80051 10.4242,
	8.80134 10.425,
	8.8016 10.425,
	8.80195 10.4254,
	8.80221 10.4254,
	8.80278 10.4262,
	8.80328 10.4264,
	8.80506 10.4281,
	8.80644 10.4298,
	8.80714 10.4307,
	8.80762 10.4311,
	8.80787 10.4312,
	8.80785 10.4314,
	8.80854 10.4322,
	8.80936 10.4332,
	8.81075 10.4349,
	8.81142 10.4359,
	8.81165 10.4361,
	8.81163 10.4364,
	8.81233 10.4373,
	8.8123 10.4375,
	8.81354 10.4394,
	8.81362 10.4398,
	8.8143 10.4408,
	8.81517 10.4426,
	8.81558 10.4435,
	8.81556 10.4438,
	8.8158 10.4439,
	8.81588 10.4444,
	8.81624 10.4449,
	8.81727 10.4486,
	8.81759 10.4506,
	8.81788 10.4515,
	8.81786 10.4518,
	8.8182 10.4523,
	8.81815 10.4527,
	8.81838 10.453,
	8.81842 10.4539,
	8.81875 10.4544,
	8.81919 10.4564,
	8.81948 10.4573,
	8.81956 10.4578,
	8.81979 10.4581,
	8.82044 10.4618,
	8.82064 10.4623,
	8.82068 10.4632,
	8.82088 10.4637,
	8.8209 10.4647,
	8.82118 10.4656,
	8.82113 10.4661,
	8.82135 10.4665,
	8.82131 10.4669,
	8.82158 10.4679,
	8.82153 10.4684,
	8.82187 10.4689,
	8.82218 10.4708,
	8.82287 10.4727,
	8.82394 10.4747,
	8.82412 10.4753,
	8.82415 10.4762,
	8.82802 10.4841,
	8.82987 10.488,
	8.8308 10.49,
	8.83348 10.4977,
	8.83467 10.5015,
	8.83533 10.5034,
	8.84674 10.5634,
	8.84944 10.578,
	8.85013 10.5816,
	8.85048 10.5835,
	8.84874 10.5977,
	8.84785 10.6048,
	8.8474 10.6083,
	8.84798 10.6101,
	8.85145 10.6172,
	8.85311 10.6208,
	8.8573 10.6279,
	8.85945 10.6314,
	8.86054 10.6332,
	8.86113 10.6341,
	8.86183 10.6358,
	8.86218 10.6367,
	8.85955 10.6642,
	8.85886 10.671,
	8.8587 10.6727,
	8.85867 10.6735,
	8.84917 10.7006,
	8.84798 10.704,
	8.84141 10.7107,
	8.83813 10.7141,
	8.8365 10.7158,
	8.82899 10.7226,
	8.82524 10.726,
	8.82337 10.7278,
	8.80422 10.7551,
	8.79485 10.7689,
	8.79019 10.7758,
	8.78532 10.7827,
	8.77869 10.7898,
	8.77186 10.7969,
	8.75619 10.8113,
	8.74843 10.8186,
	8.73256 10.8334,
	8.73071 10.8353,
	8.71875 10.85,
	8.71282 10.8575,
	8.70987 10.8612,
	8.68466 10.8917,
	8.67842 10.8994,
	8.67687 10.9014,
	8.67608 10.9023,
	8.66061 10.9181,
	8.65285 10.926,
	8.64899 10.93,
	8.63296 10.9444,
	8.62479 10.9513,
	8.62073 10.9546,
	8.61969 10.9555,
	8.61378 10.9627,
	8.61083 10.9663,
	8.60935 10.9681,
	8.60436 10.9752,
	8.60186 10.9788,
	8.60061 10.9806,
	8.59992 10.9815,
	8.5432 11.0386,
	8.52864 11.0527,
	8.52496 11.0562,
	8.51648 11.0631,
	8.51217 11.0665,
	8.51002 11.0683,
	8.50592 11.07,
	8.50184 11.0715,
	8.49788 11.0722,
	8.49588 11.0726,
	8.49489 11.0728,
	8.48675 11.0755,
	8.48266 11.0769,
	8.48061 11.0775,
	8.46484 11.0784,
	8.45691 11.0789,
	8.45295 11.0791,
	8.4216 11.0767,
	8.41372 11.0761,
	8.40976 11.0759,
	8.37751 11.0783,
	8.36132 11.0794,
	"/>
</Transform>

<Transform dim="0"
 xcoef=" 0 1 0 0 0 0"
 ycoef=" 0 0 1 0 0 0">
<Contour name="d17sp31" hidden="false" closed="true" simplified="true" border="1 0 0" fill="1 0 0" mode="11"
 points="4.33469 7.78912,
	4.32697 7.78699,
	4.32312 7.78567,
	4.3156 7.77892,
	4.31184 7.77504,
	4.30634 7.76718,
	4.29865 7.76133,
	4.29672 7.75986,
	4.28056 7.75643,
	4.26391 7.75674,
	4.25551 7.75705,
	4.24715 7.75632,
	4.24292 7.75619,
	4.22625 7.75102,
	4.21789 7.74814,
	4.20094 7.7453,
	4.19673 7.74408,
	4.19373 7.74042,
	4.19183 7.73632,
	4.18416 7.73043,
	4.18007 7.72773,
	4.16417 7.71913,
	4.14852 7.71225,
	4.14461 7.71077,
	4.12929 7.70075,
	4.11425 7.68998,
	4.10684 7.68445,
	4.09251 7.67033,
	4.08549 7.66316,
	4.08197 7.66005,
	4.08028 7.65805,
	4.07674 7.64318,
	4.07577 7.63588,
	4.07627 7.62876,
	4.0763 7.62519,
	4.07656 7.62345,
	4.07664 7.623,
	4.0767 7.62256,
	4.08249 7.61604,
	4.0854 7.6128,
	4.09408 7.60708,
	4.1023 7.59387,
	4.10744 7.58739,
	4.11053 7.58421,
	4.12031 7.57788,
	4.12529 7.57484,
	4.13484 7.57059,
	4.13952 7.56892,
	4.14187 7.56808,
	4.14305 7.56766,
	4.15119 7.56932,
	4.15534 7.56992,
	4.17111 7.57603,
	4.17904 7.57911,
	4.1959 7.58165,
	4.21262 7.58511,
	4.22829 7.59318,
	4.24418 7.60032,
	4.26046 7.60553,
	4.26456 7.60659,
	4.2801 7.61449,
	4.28782 7.61838,
	4.30258 7.6289,
	4.31699 7.64021,
	4.327 7.65516,
	4.32786 7.65891,
	4.32783 7.67402,
	4.32813 7.68161,
	4.32906 7.68538,
	4.33788 7.70038,
	4.34231 7.70787,
	4.34429 7.71163,
	4.34833 7.72685,
	4.35155 7.74221,
	4.35214 7.74607,
	4.35529 7.7537,
	4.35702 7.76146,
	4.35765 7.76536,
	4.35606 7.77337,
	4.35114 7.78165,
	4.34846 7.78581,
	4.3406 7.78779,
	4.33667 7.78851,
	"/>
</Transform>

<Transform dim="0"
 xcoef=" 0 1 0 0 0 0"
 ycoef=" 0 0 1 0 0 0">
<Contour name="d05sp15" hidden="false" closed="true" simplified="true" border="1 0 0" fill="1 0 0" mode="11"
 points="8.57036 11.3228,
	8.55598 11.3205,
	8.54869 11.3202,
	8.52214 11.3046,
	8.51551 11.3011,
	8.51248 11.2978,
	8.51299 11.285,
	8.51236 11.2786,
	8.50404 11.2657,
	8.5011 11.2625,
	8.5014 11.2609,
	8.5017 11.2593,
	8.52366 11.2088,
	8.53889 11.1833,
	8.57093 11.1611,
	8.57902 11.1547,
	8.60884 11.1432,
	8.62401 11.1349,
	8.63166 11.1298,
	8.63536 11.1281,
	8.64216 11.101,
	8.66247 11.0734,
	8.67907 11.0457,
	8.68493 11.0387,
	8.74358 11.0066,
	8.76938 10.9793,
	8.77952 10.9526,
	8.78387 10.946,
	8.81502 10.9182,
	8.82707 10.9041,
	8.88918 10.869,
	8.92003 10.8599,
	8.93537 10.8573,
	8.96702 10.8457,
	8.97499 10.843,
	8.99012 10.8441,
	8.99772 10.8448,
	9.05599 10.8724,
	9.0707 10.8792,
	9.07776 10.8851,
	9.08991 10.914,
	9.10186 10.9294,
	9.10688 10.9371,
	9.13537 10.9593,
	9.14504 10.9736,
	9.14607 10.9803,
	9.14331 10.9866,
	9.14289 10.9899,
	9.09287 11.0291,
	9.08086 11.0388,
	9.05499 11.0633,
	9.047 11.0679,
	9.01622 11.0708,
	9.00864 11.0702,
	9.00484 11.0699,
	8.97308 11.0908,
	8.94699 11.1159,
	8.92475 11.1434,
	8.91462 11.1573,
	8.85237 11.1938,
	8.82104 11.212,
	8.79066 11.2387,
	8.78249 11.2452,
	8.75181 11.2486,
	8.73641 11.2511,
	8.6719 11.2826,
	8.65575 11.2899,
	8.63154 11.3132,
	8.60009 11.3228,
	"/>
</Transform>

<Transform dim="0"
 xcoef=" 0 1 0 0 0 0"
 ycoef=" 0 0 1 0 0 0">
<Contour name="d07sp17" hidden="false" closed="true" simplified="true" border="1 0 0" fill="1 0 0" mode="11"
 points="6.80748 8.31652,
	6.78765 8.31629,
	6.76871 8.31085,
	6.75951 8.30621,
	6.75061 8.29905,
	6.73456 8.27744,
	6.73014 8.27204,
	6.72486 8.26152,
	6.72316 8.25131,
	6.72352 8.2463,
	6.72361 8.24505,
	6.72369 8.24379,
	6.72811 8.23402,
	6.73503 8.22436,
	6.75647 8.20783,
	6.76711 8.20201,
	6.78788 8.20041,
	6.79793 8.20466,
	6.80776 8.22565,
	6.84465 8.26103,
	6.85373 8.26932,
	6.8598 8.28016,
	6.86199 8.29085,
	6.85777 8.30123,
	6.8544 8.30634,
	6.84873 8.31,
	"/>
</Transform>

<Transform dim="0"
 xcoef=" 0 1 0 0 0 0"
 ycoef=" 0 0 1 0 0 0">
<Contour name="d04sp08" hidden="false" closed="true" simplified="true" border="1 0 0" fill="1 0 0" mode="11"
 points="7.89383 11.5787,
	7.87052 11.5784,
	7.85896 11.578,
	7.84748 11.5761,
	7.82473 11.5702,
	7.81347 11.5677,
	7.80787 11.5669,
	7.76389 11.5465,
	7.74252 11.5379,
	7.70107 11.5175,
	7.6809 11.5069,
	7.60145 11.4474,
	7.56056 11.4131,
	7.53009 11.3634,
	7.51718 11.3376,
	7.51033 11.3245,
	7.50869 11.3179,
	7.5039 11.2635,
	7.50266 11.2497,
	7.5024 11.2428,
	7.50245 11.2419,
	7.5025 11.2411,
	7.51846 11.1299,
	7.52075 11.1162,
	7.57086 11.0114,
	7.57504 11.0051,
	7.62617 10.9616,
	7.65172 10.9443,
	7.6582 10.9394,
	7.66453 10.9362,
	7.6895 10.9281,
	7.70204 10.9241,
	7.75173 10.9161,
	7.75792 10.9155,
	7.76103 10.9152,
	7.80855 10.9292,
	7.85473 10.9539,
	7.90109 10.9766,
	7.92419 10.9885,
	7.94748 10.9988,
	7.95901 11.0049,
	7.98169 11.0205,
	8.00419 11.0379,
	8.00984 11.0422,
	8.01175 11.0454,
	8.01486 11.0574,
	8.01602 11.0604,
	8.01443 11.0841,
	8.01112 11.1075,
	8.00936 11.1192,
	8.00769 11.125,
	8.00048 11.1359,
	7.99584 11.1405,
	7.98252 11.1454,
	7.97593 11.1475,
	7.92775 11.1401,
	7.90433 11.1336,
	7.90145 11.1325,
	7.8803 11.1117,
	7.86967 11.1011,
	7.84893 11.0751,
	7.82624 11.0627,
	7.82057 11.0596,
	7.77313 11.0527,
	7.74935 11.0508,
	7.72455 11.0593,
	7.71211 11.0644,
	7.69907 11.076,
	7.69259 11.0819,
	7.68934 11.0849,
	7.67227 11.1095,
	7.66476 11.1351,
	7.66067 11.148,
	7.65935 11.1545,
	7.65837 11.1809,
	7.65786 11.1941,
	7.66453 11.2208,
	7.66813 11.2341,
	7.68133 11.2604,
	7.69547 11.2861,
	7.72539 11.3353,
	7.7409 11.3588,
	7.75009 11.3704,
	7.75473 11.3762,
	7.76446 11.3847,
	7.78462 11.3996,
	7.80514 11.416,
	7.81558 11.4246,
	7.82084 11.4291,
	7.86511 11.4538,
	7.8873 11.4719,
	7.89293 11.4758,
	7.91529 11.4969,
	7.92661 11.5072,
	7.93559 11.5195,
	7.94049 11.5257,
	7.94258 11.5288,
	7.94399 11.5303,
	7.94807 11.5543,
	7.93714 11.5655,
	7.93246 11.5711,
	7.92943 11.5732,
	7.90562 11.5771,
	"/>
</Transform>

<Transform dim="0"
 xcoef=" 0 1 0 0 0 0"
 ycoef=" 0 0 1 0 0 0">
<Contour name="d04sp12" hidden="false" closed="true" simplified="true" border="1 0 0" fill="1 0 0" mode="11"
 points="8.82424 10.4742,
	8.82388 10.4741,
	8.82293 10.4721,
	8.82237 10.4702,
	8.82229 10.4697,
	8.82232 10.4695,
	8.82209 10.4692,
	8.82214 10.4688,
	8.82181 10.4683,
	8.82186 10.4678,
	8.82156 10.4668,
	8.82162 10.4664,
	8.82139 10.4661,
	8.82137 10.4652,
	8.82139 10.4649,
	8.82116 10.4647,
	8.82113 10.4637,
	8.82085 10.4628,
	8.8209 10.4623,
	8.82092 10.4621,
	8.82068 10.4619,
	8.82065 10.461,
	8.82043 10.4607,
	8.82039 10.4598,
	8.82011 10.4588,
	8.82015 10.4583,
	8.81945 10.4564,
	8.81947 10.4562,
	8.81924 10.4559,
	8.81929 10.4554,
	8.81859 10.4535,
	8.81864 10.453,
	8.81841 10.4528,
	8.81845 10.4523,
	8.81812 10.4518,
	8.81734 10.4479,
	8.81676 10.446,
	8.81668 10.4455,
	8.81645 10.4453,
	8.8149 10.4414,
	8.81422 10.4404,
	8.81387 10.4399,
	8.81379 10.4394,
	8.81134 10.4354,
	8.81066 10.4344,
	8.81009 10.4336,
	8.80987 10.4333,
	8.80962 10.4332,
	8.80811 10.4313,
	8.80671 10.4297,
	8.80614 10.4289,
	8.80591 10.4287,
	8.80565 10.4287,
	8.80567 10.4284,
	8.80247 10.4254,
	8.80236 10.4252,
	8.80185 10.425,
	8.80162 10.4248,
	8.80136 10.4247,
	8.80053 10.424,
	8.80005 10.4236,
	8.79982 10.4233,
	8.79955 10.4233,
	8.79873 10.4225,
	8.79823 10.4222,
	8.79741 10.4213,
	8.79546 10.42,
	8.79511 10.4196,
	8.79461 10.4194,
	8.79437 10.4192,
	8.79411 10.4192,
	8.79401 10.4189,
	8.79351 10.4188,
	8.79167 10.4176,
	8.79072 10.4168,
	8.78888 10.4157,
	8.7884 10.4153,
	8.78741 10.4148,
	8.78689 10.4147,
	8.78665 10.4144,
	8.78268 10.4127,
	8.78067 10.412,
	8.77868 10.4111,
	8.77767 10.411,
	8.77667 10.4105,
	8.77641 10.4105,
	8.77618 10.4102,
	8.77516 10.41,
	8.77467 10.4098,
	8.77416 10.4097,
	8.77391 10.4095,
	8.7729 10.4093,
	8.77242 10.4089,
	8.76843 10.4073,
	8.76818 10.4071,
	8.7682 10.4069,
	8.77249 10.405,
	8.77463 10.404,
	8.77903 10.4007,
	8.78123 10.399,
	8.78474 10.3956,
	8.7874 10.3883,
	8.78872 10.3847,
	8.78937 10.3829,
	8.78957 10.382,
	8.79071 10.3232,
	8.79106 10.3087,
	8.79107 10.3015,
	8.79026 10.2871,
	8.78984 10.2799,
	8.78845 10.2654,
	8.78904 10.2512,
	8.78931 10.244,
	8.78946 10.2405,
	8.79354 10.2266,
	8.79556 10.2196,
	8.79657 10.2161,
	8.79912 10.202,
	8.79982 10.2002,
	8.79996 10.1998,
	8.80074 10.199,
	8.81587 10.1862,
	8.82328 10.1798,
	8.82522 10.1782,
	8.82561 10.1777,
	8.82587 10.1775,
	8.84228 10.1795,
	8.84433 10.1799,
	8.84859 10.1877,
	8.85072 10.1917,
	8.85381 10.1993,
	8.85392 10.1998,
	8.84089 10.2558,
	8.84 10.2592,
	8.83954 10.261,
	8.83924 10.2618,
	8.83651 10.29,
	8.83503 10.3041,
	8.83425 10.3112,
	8.83239 10.3398,
	8.83037 10.3542,
	8.82933 10.3614,
	8.82893 10.365,
	8.82597 10.424,
	8.82507 10.439,
	8.82482 10.4427,
	8.82484 10.4578,
	8.82482 10.4653,
	8.8248 10.4691,
	8.8244 10.4728,
	8.82429 10.4738,
	"/>
</Transform>

<Transform dim="0"
 xcoef=" 0 1 0 0 0 0"
 ycoef=" 0 0 1 0 0 0">
<Contour name="d04sp12" hidden="false" closed="true" simplified="true" border="1 0 0" fill="1 0 0" mode="11"
 points="8.69359 9.90738,
	8.68228 9.90288,
	8.66431 9.87986,
	8.65466 9.86832,
	8.64911 9.8625,
	8.63797 9.85358,
	8.63516 9.85134,
	8.62813 9.83972,
	8.6239 9.83457,
	8.60125 9.82208,
	8.58987 9.81726,
	8.58415 9.81485,
	8.56126 9.79454,
	8.55344 9.78266,
	8.54987 9.77672,
	8.54774 9.77373,
	8.53634 9.76673,
	8.53066 9.76069,
	8.52783 9.75768,
	8.50495 9.75615,
	8.49355 9.7529,
	8.48789 9.75055,
	8.48505 9.74975,
	8.46263 9.72942,
	8.4565 9.71758,
	8.43871 9.6708,
	8.41526 9.62478,
	8.39405 9.57973,
	8.38721 9.55763,
	8.38456 9.54667,
	8.38289 9.5412,
	8.37985 9.53571,
	8.36151 9.51374,
	8.34676 9.49209,
	8.34561 9.48941,
	8.34755 9.46812,
	8.34761 9.46746,
	8.37017 9.42509,
	8.37528 9.41445,
	8.39234 9.39315,
	8.41415 9.37181,
	8.42596 9.36248,
	8.43191 9.35715,
	8.43776 9.35317,
	8.46055 9.34412,
	8.48169 9.34438,
	8.50222 9.3473,
	8.51251 9.34911,
	8.51509 9.3494,
	8.53551 9.36163,
	8.55261 9.38405,
	8.56293 9.39385,
	8.56812 9.39843,
	8.59605 9.44423,
	8.60262 9.45571,
	8.61238 9.47831,
	8.64367 9.52567,
	8.64755 9.53162,
	8.64949 9.53462,
	8.65487 9.55693,
	8.65886 9.57901,
	8.66418 9.60131,
	8.66601 9.60696,
	8.66677 9.62843,
	8.66665 9.63373,
	8.66379 9.64388,
	8.6617 9.64885,
	8.66099 9.65139,
	8.65357 9.66074,
	8.6502 9.66548,
	8.64945 9.67598,
	8.65395 9.69804,
	8.65526 9.70359,
	8.65657 9.70647,
	8.66119 9.71258,
	8.66317 9.71557,
	8.6638 9.72639,
	8.6636 9.73193,
	8.66645 9.75439,
	8.67155 9.77699,
	8.67157 9.82121,
	8.67216 9.83237,
	8.67211 9.83795,
	8.67685 9.84936,
	8.68295 9.86079,
	8.68564 9.86648,
	8.68626 9.87752,
	8.68693 9.8803,
	8.69476 9.89218,
	8.69836 9.89812,
	8.69563 9.90341,
	8.69426 9.90606,
	"/>
</Transform>

<Transform dim="0"
 xcoef=" 0 1 0 0 0 0"
 ycoef=" 0 0 1 0 0 0">
<Contour name="d07c14" hidden="false" closed="true" simplified="true" border="0 0 1" fill="0 0 1" mode="11"
 points="5.81998 7.03182,
	5.81078 7.03118,
	5.80613 7.03083,
	5.7973 7.02824,
	5.75786 7.02503,
	5.75298 7.02385,
	5.73148 7.02515,
	5.71985 7.02886,
	5.7093 7.02815,
	5.69899 7.02613,
	5.68903 7.02216,
	5.68405 7.02016,
	5.67501 7.01167,
	5.67039 7.00771,
	5.66388 6.9969,
	5.65888 6.98563,
	5.65184 6.97399,
	5.64314 6.96333,
	5.62365 6.95003,
	5.62122 6.94828,
	5.61345 6.93629,
	5.61132 6.93326,
	5.60322 6.91063,
	5.59641 6.88834,
	5.59539 6.87768,
	5.59557 6.86796,
	5.59573 6.86734,
	5.60381 6.85853,
	5.60656 6.85647,
	5.61745 6.86053,
	5.62267 6.86348,
	5.62738 6.86827,
	5.63467 6.88004,
	5.63975 6.8914,
	5.64193 6.9022,
	5.64409 6.90781,
	5.65745 6.93107,
	5.66092 6.9369,
	5.66978 6.94687,
	5.67428 6.95152,
	5.69353 6.96499,
	5.69829 6.96831,
	5.7183 6.97771,
	5.72819 6.98231,
	5.74861 6.98822,
	5.76794 6.99566,
	5.77757 6.99864,
	5.79771 7.00074,
	5.81633 7.00492,
	5.83571 7.00521,
	5.84545 7.00465,
	5.86269 7.00749,
	5.87015 7.01085,
	5.87696 7.01531,
	5.87832 7.01953,
	5.87251 7.0241,
	5.86218 7.02791,
	5.85713 7.02952,
	5.83913 7.02988,
	"/>
</Transform>

<Transform dim="0"
 xcoef=" 0 1 0 0 0 0"
 ycoef=" 0 0 1 0 0 0">
<Contour name="d07sp16" hidden="false" closed="true" simplified="true" border="1 0 0" fill="1 0 0" mode="11"
 points="4.74666 9.31498,
	4.73621 9.3147,
	4.71539 9.30828,
	4.6727 9.3023,
	4.66189 9.29948,
	4.65648 9.29809,
	4.64587 9.28792,
	4.63805 9.27632,
	4.63438 9.26468,
	4.62941 9.2184,
	4.62486 9.19558,
	4.62455 9.1727,
	4.62461 9.17127,
	4.62468 9.16985,
	4.62801 9.15834,
	4.63545 9.14678,
	4.67984 9.1222,
	4.7017 9.10535,
	4.7234 9.08597,
	4.73417 9.07635,
	4.75049 9.05436,
	4.77061 9.03258,
	4.7813 9.02176,
	4.80638 8.97661,
	4.81769 8.96675,
	4.8396 8.96003,
	4.88357 8.95106,
	4.90524 8.95326,
	4.91069 8.95347,
	4.91342 8.95358,
	4.92359 8.96281,
	4.92939 8.9748,
	4.93282 8.99829,
	4.93361 9.02147,
	4.92751 9.06691,
	4.91537 9.11164,
	4.90489 9.13377,
	4.89056 9.15579,
	4.88022 9.17814,
	4.85012 9.22238,
	4.8474 9.22799,
	4.80893 9.2726,
	4.78893 9.29397,
	4.76775 9.30814,
	"/>
</Transform>

<Transform dim="0"
 xcoef=" 0 1 0 0 0 0"
 ycoef=" 0 0 1 0 0 0">
<Contour name="d23sph16" hidden="false" closed="true" simplified="true" border="1 0 0" fill="1 0 0" mode="11"
 points="8.20241 9.44218,
	8.19926 9.42941,
	8.19725 9.42303,
	8.20752 9.39656,
	8.22317 9.36953,
	8.23363 9.34242,
	8.23603 9.3356,
	8.24039 9.3084,
	8.24203 9.25373,
	8.23213 9.22675,
	8.22805 9.21321,
	8.21446 9.18631,
	8.18818 9.16058,
	8.16046 9.15005,
	8.1535 9.14759,
	8.0964 9.14218,
	7.98035 9.13793,
	7.92188 9.13851,
	7.86354 9.14141,
	7.80616 9.13875,
	7.79193 9.13961,
	7.73382 9.16084,
	7.70432 9.1727,
	7.68965 9.17284,
	7.6823 9.17251,
	7.68046 9.17244,
	7.67341 9.14573,
	7.6741 9.13251,
	7.67445 9.1259,
	7.68136 9.09958,
	7.68358 9.07317,
	7.68295 9.06654,
	7.67389 9.04012,
	7.67392 9.0393,
	7.67395 9.03848,
	7.67716 9.0254,
	7.67828 9.01888,
	7.67838 9.01561,
	7.69366 8.98966,
	7.73138 8.9381,
	7.74587 8.92928,
	7.76037 8.92208,
	7.77487 8.92052,
	7.78213 8.91975,
	7.78573 8.91976,
	7.81463 8.90444,
	7.82186 8.90039,
	7.85077 8.89725,
	7.87968 8.89748,
	7.89409 8.89763,
	7.89771 8.89767,
	7.92654 8.90731,
	7.94096 8.91182,
	7.97018 8.9231,
	7.98485 8.92774,
	8.0431 8.93933,
	8.0719 8.94413,
	8.07906 8.94577,
	8.10775 8.95914,
	8.13619 8.96668,
	8.15037 8.97089,
	8.17865 8.9734,
	8.20696 8.97752,
	8.2354 8.98492,
	8.26395 8.99462,
	8.31867 9.0104,
	8.34552 9.02063,
	8.35889 9.02537,
	8.36554 9.02812,
	8.39194 9.04555,
	8.41028 9.07212,
	8.41417 9.07875,
	8.42135 9.10481,
	8.43223 9.13136,
	8.43639 9.14463,
	8.43976 9.17086,
	8.44097 9.17747,
	8.45855 9.20523,
	8.46494 9.21895,
	8.47304 9.24604,
	8.48286 9.27338,
	8.48781 9.28708,
	8.48989 9.29388,
	8.48949 9.32016,
	8.48935 9.32343,
	8.47683 9.33198,
	8.47026 9.33457,
	8.44245 9.34034,
	8.41346 9.35525,
	8.40625 9.35858,
	8.37629 9.38374,
	8.34606 9.41046,
	8.3163 9.43135,
	8.31438 9.43301,
	8.25862 9.43512,
	8.23036 9.4402,
	"/>
</Transform>

<Transform dim="0"
 xcoef=" 0 1 0 0 0 0"
 ycoef=" 0 0 1 0 0 0">
<Contour name="d23sp16" hidden="false" closed="true" simplified="true" border="1 0 0" fill="1 0 0" mode="11"
 points="8.20241 9.44218,
	8.19926 9.42941,
	8.19725 9.42303,
	8.20752 9.39656,
	8.22317 9.36953,
	8.23363 9.34242,
	8.23603 9.3356,
	8.24039 9.3084,
	8.24203 9.25373,
	8.23213 9.22675,
	8.22805 9.21321,
	8.21446 9.18631,
	8.18818 9.16058,
	8.16046 9.15005,
	8.1535 9.14759,
	8.0964 9.14218,
	7.98035 9.13793,
	7.92188 9.13851,
	7.86354 9.14141,
	7.80616 9.13875,
	7.79193 9.13961,
	7.73382 9.16084,
	7.70432 9.1727,
	7.68965 9.17284,
	7.6823 9.17251,
	7.68046 9.17244,
	7.67341 9.14573,
	7.6741 9.13251,
	7.67445 9.1259,
	7.68136 9.09958,
	7.68358 9.07317,
	7.68295 9.06654,
	7.67389 9.04012,
	7.67392 9.0393,
	7.67395 9.03848,
	7.67716 9.0254,
	7.67828 9.01888,
	7.67838 9.01561,
	7.69366 8.98966,
	7.73138 8.9381,
	7.74587 8.92928,
	7.76037 8.92208,
	7.77487 8.92052,
	7.78213 8.91975,
	7.78573 8.91976,
	7.81463 8.90444,
	7.82186 8.90039,
	7.85077 8.89725,
	7.87968 8.89748,
	7.89409 8.89763,
	7.89771 8.89767,
	7.92654 8.90731,
	7.94096 8.91182,
	7.97018 8.9231,
	7.98485 8.92774,
	8.0431 8.93933,
	8.0719 8.94413,
	8.07906 8.94577,
	8.10775 8.95914,
	8.13619 8.96668,
	8.15037 8.97089,
	8.17865 8.9734,
	8.20696 8.97752,
	8.2354 8.98492,
	8.26395 8.99462,
	8.31867 9.0104,
	8.34552 9.02063,
	8.35889 9.02537,
	8.36554 9.02812,
	8.39194 9.04555,
	8.41028 9.07212,
	8.41417 9.07875,
	8.42135 9.10481,
	8.43223 9.13136,
	8.43639 9.14463,
	8.43976 9.17086,
	8.44097 9.17747,
	8.45855 9.20523,
	8.46494 9.21895,
	8.47304 9.24604,
	8.48286 9.27338,
	8.48781 9.28708,
	8.48989 9.29388,
	8.48949 9.32016,
	8.48935 9.32343,
	8.47683 9.33198,
	8.47026 9.33457,
	8.44245 9.34034,
	8.41346 9.35525,
	8.40625 9.35858,
	8.37629 9.38374,
	8.34606 9.41046,
	8.3163 9.43135,
	8.31438 9.43301,
	8.25862 9.43512,
	8.23036 9.4402,
	"/>
</Transform>

<Transform dim="0"
 xcoef=" 0 1 0 0 0 0"
 ycoef=" 0 0 1 0 0 0">
<Contour name="d07p52" hidden="false" closed="true" simplified="true" border="1 0 0" fill="1 0 0" mode="11"
 points="6.48818 8.61408,
	6.48137 8.59848,
	6.49612 8.60013,
	"/>
</Transform>

<Transform dim="0"
 xcoef=" 0 1 0 0 0 0"
 ycoef=" 0 0 1 0 0 0">
<Contour name="d07c52" hidden="false" closed="true" simplified="true" border="0 0 1" fill="0 0 1" mode="11"
 points="6.58854 8.61528,
	6.43615 8.54515,
	6.35387 8.5169,
	6.33316 8.50893,
	6.33325 8.50773,
	6.35217 8.46999,
	6.51349 8.52666,
	6.58778 8.56052,
	6.60624 8.56991,
	6.61091 8.57195,
	6.61319 8.57357,
	6.59355 8.60932,
	6.59096 8.61433,
	"/>
</Transform>

<Transform dim="0"
 xcoef=" 0 1 0 0 0 0"
 ycoef=" 0 0 1 0 0 0">
<Contour name="d07sah18" hidden="false" closed="true" simplified="true" border="1 1 0" fill="1 1 0" mode="11"
 points="5.57667 8.15645,
	5.50715 8.14561,
	5.51323 8.1385,
	5.56923 8.14723,
	5.56293 8.08194,
	5.50882 8.07259,
	5.5127 8.13025,
	5.50647 8.13735,
	5.50106 8.06326,
	5.56839 8.07496,
	"/>
</Transform>

<Transform dim="0"
 xcoef=" 0 1 0 0 0 0"
 ycoef=" 0 0 1 0 0 0">
<Contour name="d30sp07" hidden="false" closed="true" simplified="true" border="1 0 0" fill="1 0 0" mode="11"
 points="11.412 8.09738,
	11.4091 8.09692,
	11.4035 8.09338,
	11.4007 8.09142,
	11.3993 8.09064,
	11.394 8.08444,
	11.3875 8.07219,
	11.3844 8.06608,
	11.3827 8.06303,
	11.3749 8.03887,
	11.3733 8.03287,
	11.375 8.00922,
	11.3755 7.99747,
	11.3756 7.99454,
	11.3921 7.94849,
	11.3956 7.93706,
	11.3972 7.93135,
	11.4055 7.92018,
	11.4095 7.91461,
	11.4114 7.91182,
	11.4139 7.90942,
	11.4167 7.90776,
	11.4395 7.90169,
	11.4852 7.88524,
	11.5075 7.87689,
	11.5299 7.87008,
	11.5355 7.86793,
	11.5578 7.85428,
	11.5692 7.84748,
	11.5748 7.84392,
	11.5803 7.84108,
	11.5831 7.8393,
	11.6003 7.81647,
	11.6087 7.80515,
	11.6126 7.79951,
	11.6195 7.77692,
	11.6224 7.76569,
	11.6235 7.76009,
	11.6245 7.71547,
	11.6248 7.70441,
	11.625 7.69891,
	11.6233 7.6878,
	11.6172 7.66548,
	11.6162 7.66269,
	11.6156 7.66128,
	11.6153 7.65851,
	11.6071 7.647,
	11.6026 7.64121,
	11.6004 7.63831,
	11.5994 7.63687,
	11.5787 7.62204,
	11.5736 7.61927,
	11.5711 7.61772,
	11.5684 7.61687,
	11.5477 7.61357,
	11.5374 7.61164,
	11.4965 7.60787,
	11.4761 7.60665,
	11.4659 7.60612,
	11.4558 7.6042,
	11.4458 7.60159,
	11.4258 7.59466,
	11.4057 7.58675,
	11.4032 7.58568,
	11.4019 7.58496,
	11.3922 7.57556,
	11.3822 7.56686,
	11.3807 7.56393,
	11.3767 7.55224,
	11.3747 7.54639,
	11.3734 7.5405,
	11.37 7.51694,
	11.37 7.51618,
	11.37 7.51583,
	11.3814 7.49318,
	11.3828 7.49033,
	11.4041 7.48531,
	11.4859 7.4853,
	11.5059 7.48623,
	11.516 7.48682,
	11.5209 7.4868,
	11.541 7.48341,
	11.5512 7.48183,
	11.5563 7.4809,
	11.5765 7.48039,
	11.5816 7.48022,
	11.6654 7.44816,
	11.7088 7.43173,
	11.7308 7.4254,
	11.7419 7.42233,
	11.7642 7.41391,
	11.7755 7.40894,
	11.7867 7.4032,
	11.7981 7.39458,
	11.8039 7.39042,
	11.8096 7.38878,
	11.8209 7.38831,
	11.8266 7.38773,
	11.8281 7.38775,
	11.8396 7.38117,
	11.8511 7.37385,
	11.8566 7.36928,
	11.8648 7.35787,
	11.8688 7.35215,
	11.8706 7.34929,
	11.8781 7.3261,
	11.8911 7.30276,
	11.9065 7.27913,
	11.91 7.27317,
	11.9153 7.26117,
	11.9215 7.2491,
	11.9234 7.24607,
	11.9241 7.23999,
	11.9243 7.22778,
	11.9239 7.21553,
	11.9241 7.21245,
	11.9037 7.16281,
	11.9012 7.15655,
	11.9002 7.15342,
	11.8999 7.15302,
	11.9006 7.15265,
	11.9034 7.15462,
	11.9042 7.15463,
	11.9099 7.15854,
	11.9114 7.15932,
	11.9122 7.16011,
	11.9129 7.16011,
	11.9188 7.16362,
	11.9216 7.16559,
	11.923 7.16675,
	11.9259 7.16792,
	11.9287 7.16987,
	11.9302 7.17065,
	11.9308 7.17143,
	11.9324 7.17181,
	11.9339 7.17297,
	11.9346 7.17297,
	11.936 7.17413,
	11.9367 7.17412,
	11.9381 7.17529,
	11.9412 7.17645,
	11.944 7.17838,
	11.9498 7.18107,
	11.9505 7.18106,
	11.951 7.18184,
	11.9538 7.1826,
	11.9552 7.18414,
	11.9608 7.18681,
	11.9615 7.1868,
	11.9669 7.19064,
	11.9682 7.19141,
	11.9691 7.19217,
	11.9698 7.19216,
	11.9705 7.19293,
	11.9712 7.19293,
	11.974 7.19482,
	11.9756 7.19597,
	11.9764 7.19596,
	11.9987 7.21071,
	11.9993 7.21148,
	12.0001 7.21147,
	12.003 7.21372,
	12.0045 7.21446,
	12.0053 7.21445,
	12.0106 7.21822,
	12.012 7.21896,
	12.0129 7.21972,
	12.0136 7.21971,
	12.0248 7.22793,
	12.0276 7.23018,
	12.0284 7.23092,
	12.0291 7.23091,
	12.0315 7.23354,
	12.0346 7.23539,
	12.036 7.23613,
	12.0388 7.23874,
	12.0436 7.24284,
	12.046 7.24431,
	12.049 7.24691,
	12.0516 7.24875,
	12.053 7.24948,
	12.0545 7.25097,
	12.0552 7.25096,
	12.0607 7.25501,
	12.0622 7.25536,
	12.068 7.25903,
	12.0695 7.26013,
	12.0702 7.26088,
	12.0709 7.26086,
	12.0724 7.26233,
	12.0749 7.2638,
	12.0754 7.26454,
	12.0761 7.26453,
	12.079 7.26672,
	12.0806 7.26745,
	12.0834 7.27003,
	12.0848 7.27113,
	12.0863 7.27148,
	12.0915 7.27551,
	12.0974 7.27916,
	12.1029 7.28393,
	12.1044 7.2854,
	12.1051 7.28538,
	12.1077 7.28795,
	12.1092 7.28905,
	12.1099 7.28904,
	12.111 7.29051,
	12.1225 7.29817,
	12.1233 7.29816,
	12.1258 7.29999,
	12.1293 7.30217,
	12.1352 7.30619,
	12.136 7.30618,
	12.1389 7.30839,
	12.1404 7.30948,
	12.1411 7.30947,
	12.1468 7.31314,
	12.1576 7.31901,
	12.1591 7.31939,
	12.1647 7.32271,
	12.1647 7.32344,
	12.1399 7.32601,
	12.1337 7.32826,
	12.1086 7.33989,
	12.1023 7.34327,
	12.0771 7.36007,
	12.0707 7.36454,
	12.0676 7.36677,
	12.0452 7.39013,
	12.0424 7.39304,
	12.0408 7.39449,
	12.0188 7.43989,
	12.0148 7.45105,
	12.0036 7.49504,
	12.0004 7.50589,
	11.9979 7.51715,
	11.9966 7.52278,
	11.978 7.56742,
	11.9699 7.58928,
	11.966 7.6001,
	11.9616 7.61088,
	11.9471 7.63249,
	11.9306 7.65396,
	11.9171 7.67516,
	11.9138 7.68043,
	11.8967 7.70164,
	11.8791 7.72281,
	11.8702 7.73342,
	11.8605 7.74408,
	11.8554 7.74942,
	11.8533 7.75209,
	11.81 7.79534,
	11.8048 7.80082,
	11.8023 7.80356,
	11.8008 7.80494,
	11.7867 7.82703,
	11.7794 7.83819,
	11.763 7.86078,
	11.7546 7.8722,
	11.7505 7.87791,
	11.7487 7.88079,
	11.745 7.89221,
	11.7429 7.89795,
	11.7402 7.90943,
	11.7358 7.93248,
	11.7338 7.94403,
	11.7327 7.94696,
	11.7205 7.97037,
	11.7171 7.97625,
	11.7154 7.97919,
	11.6932 7.9982,
	11.6711 8.01503,
	11.66 8.02364,
	11.6544 8.02777,
	11.6433 8.03418,
	11.5986 8.05735,
	11.5761 8.06883,
	11.5648 8.07431,
	11.5415 8.08215,
	11.5357 8.08413,
	11.5328 8.08475,
	11.5298 8.08611,
	11.5183 8.0879,
	11.472 8.09262,
	11.449 8.09491,
	11.4432 8.09588,
	11.4204 8.09681,
	11.4148 8.09705,
	"/>
</Transform>

<Transform dim="0"
 xcoef=" 0 1 0 0 0 0"
 ycoef=" 0 0 1 0 0 0">
<Contour name="d23sp17" hidden="false" closed="true" simplified="true" border="1 0 0" fill="1 0 0" mode="11"
 points="7.28455 8.23899,
	7.28128 8.2386,
	7.27466 8.21802,
	7.27002 8.19749,
	7.26762 8.18716,
	7.25827 8.16575,
	7.22491 8.13165,
	7.22069 8.12721,
	7.2032 8.11935,
	7.16735 8.11593,
	7.13142 8.10875,
	7.11332 8.10573,
	7.1042 8.10504,
	7.06784 8.09301,
	7.04951 8.08585,
	7.01264 8.06466,
	6.99399 8.05298,
	6.97537 8.03551,
	6.97067 8.03174,
	6.94892 7.99286,
	6.93747 7.97325,
	6.933 7.96345,
	6.92955 7.95848,
	6.92294 7.91916,
	6.92289 7.89931,
	6.92233 7.88926,
	6.9225 7.88677,
	6.92258 7.8855,
	6.9339 7.84539,
	6.94382 7.82536,
	6.9466 7.82037,
	6.9861 7.79378,
	6.9959 7.78692,
	7.00079 7.78352,
	7.01833 7.79326,
	7.02711 7.79813,
	7.03156 7.79991,
	7.06611 7.82933,
	7.08389 7.83756,
	7.09275 7.84224,
	7.10019 7.85295,
	7.10836 7.87344,
	7.11717 7.88157,
	7.12608 7.88723,
	7.1442 7.89124,
	7.16253 7.88921,
	7.19941 7.87909,
	7.2085 7.87984,
	7.22628 7.8908,
	7.24369 7.91122,
	7.25236 7.92252,
	7.26406 7.94408,
	7.26964 7.98399,
	7.2691 8.00336,
	7.27521 8.02384,
	7.27823 8.03409,
	7.30109 8.07694,
	7.31558 8.09878,
	7.31973 8.10429,
	7.32469 8.11483,
	7.32887 8.11908,
	7.34608 8.12631,
	7.38091 8.13172,
	7.39829 8.13474,
	7.40047 8.13495,
	7.40033 8.13732,
	7.3834 8.14515,
	7.3467 8.16656,
	7.32904 8.1804,
	7.31104 8.19669,
	7.29834 8.21361,
	7.28878 8.2309,
	"/>
</Transform>

<Transform dim="0"
 xcoef=" 0 1 0 0 0 0"
 ycoef=" 0 0 1 0 0 0">
<Contour name="d19c43" hidden="false" closed="true" simplified="true" border="0 0 1" fill="0 0 1" mode="11"
 points="4.77913 11.912,
	4.77006 11.9112,
	4.76547 11.9098,
	4.76318 11.9093,
	4.76256 11.9082,
	4.76028 11.9078,
	4.75851 11.9062,
	4.75738 11.9062,
	4.74964 11.8983,
	4.73641 11.8824,
	4.73099 11.8755,
	4.72797 11.8712,
	4.7262 11.8696,
	4.72615 11.8685,
	4.72259 11.8648,
	4.72192 11.8627,
	4.71591 11.8541,
	4.71526 11.852,
	4.71229 11.8482,
	4.71164 11.8461,
	4.71047 11.845,
	4.7062 11.8364,
	4.70379 11.832,
	4.70315 11.8299,
	4.70138 11.8277,
	4.70074 11.8255,
	4.70071 11.8244,
	4.69955 11.8234,
	4.69948 11.8212,
	4.69772 11.819,
	4.69765 11.8168,
	4.69349 11.8087,
	4.69045 11.7999,
	4.69043 11.7988,
	4.68928 11.7977,
	4.68922 11.7955,
	4.68749 11.7934,
	4.6845 11.7846,
	4.68273 11.7802,
	4.68209 11.7758,
	4.67914 11.7669,
	4.67556 11.7492,
	4.67435 11.7403,
	4.67429 11.7313,
	4.67427 11.729,
	4.67427 11.7279,
	4.67426 11.7274,
	4.67646 11.7183,
	4.67813 11.7138,
	4.68091 11.7092,
	4.68204 11.7069,
	4.69044 11.6982,
	4.69156 11.697,
	4.69268 11.697,
	4.69605 11.6941,
	4.6983 11.6923,
	4.7028 11.6905,
	4.70392 11.6904,
	4.70617 11.6887,
	4.71067 11.6868,
	4.71968 11.686,
	4.72194 11.6859,
	4.72419 11.6869,
	4.72532 11.6869,
	4.72588 11.688,
	4.72813 11.6879,
	4.72926 11.689,
	4.73377 11.6905,
	4.73603 11.6916,
	4.74338 11.6997,
	4.74507 11.7013,
	4.74564 11.7036,
	4.74848 11.7062,
	4.74848 11.7074,
	4.74961 11.7079,
	4.74961 11.709,
	4.75131 11.7106,
	4.75132 11.7117,
	4.75302 11.7134,
	4.75589 11.7222,
	4.7559 11.7233,
	4.75703 11.7238,
	4.75761 11.726,
	4.75762 11.7272,
	4.75876 11.7282,
	4.75878 11.7305,
	4.76689 11.748,
	4.77098 11.7567,
	4.77331 11.7611,
	4.77987 11.7785,
	4.78404 11.7872,
	4.78466 11.7894,
	4.78582 11.7905,
	4.78706 11.7948,
	4.78882 11.797,
	4.79007 11.8013,
	4.79184 11.8035,
	4.7931 11.8078,
	4.7955 11.8122,
	4.79667 11.8132,
	4.80092 11.8218,
	4.80334 11.8262,
	4.80463 11.8305,
	4.80705 11.8348,
	4.80709 11.8359,
	4.80885 11.8375,
	4.80893 11.8397,
	4.81209 11.8484,
	4.81331 11.8505,
	4.81405 11.8549,
	4.81722 11.8636,
	4.81814 11.8724,
	4.81832 11.8768,
	4.81586 11.8857,
	4.81548 11.8902,
	4.81285 11.8947,
	4.81125 11.897,
	4.80242 11.9023,
	4.80021 11.9035,
	4.79908 11.9035,
	4.7969 11.9053,
	4.79577 11.9053,
	4.79469 11.9064,
	4.79246 11.9071,
	4.79133 11.9071,
	4.79026 11.9083,
	4.78133 11.9108,
	"/>
</Transform>

<Transform dim="0"
 xcoef=" 0 1 0 0 0 0"
 ycoef=" 0 0 1 0 0 0">
<Contour name="d19p43" hidden="false" closed="true" simplified="true" border="1 0 0" fill="1 0 0" mode="11"
 points="4.80945 11.7728,
	4.79662 11.7511,
	4.82159 11.7499,
	"/>
</Transform>

<Transform dim="0"
 xcoef=" 0 1 0 0 0 0"
 ycoef=" 0 0 1 0 0 0">
<Contour name="d04sp10b" hidden="false" closed="true" simplified="true" border="1 0 0" fill="1 0 0" mode="11"
 points="6.63533 10.6461,
	6.62346 10.6409,
	6.61758 10.6384,
	6.59382 10.6223,
	6.56991 10.5955,
	6.56408 10.5888,
	6.55398 10.5628,
	6.5517 10.5564,
	6.55026 10.5313,
	6.5502 10.529,
	6.55018 10.5282,
	6.55658 10.5043,
	6.55788 10.4984,
	6.55854 10.4954,
	6.57688 10.4732,
	6.59882 10.4648,
	6.60433 10.4631,
	6.6264 10.4664,
	6.63197 10.4668,
	6.63474 10.4671,
	6.65714 10.4775,
	6.67993 10.4946,
	6.68735 10.5067,
	6.6904 10.5129,
	6.6965 10.5378,
	6.69858 10.5498,
	6.6972 10.5736,
	6.69251 10.5977,
	6.69159 10.6038,
	6.69112 10.6069,
	6.68345 10.619,
	6.67964 10.6251,
	6.66877 10.6334,
	6.65773 10.6394,
	"/>
</Transform>

<Transform dim="0"
 xcoef=" 0 1 0 0 0 0"
 ycoef=" 0 0 1 0 0 0">
<Contour name="d04sp10b" hidden="false" closed="true" simplified="true" border="1 0 0" fill="1 0 0" mode="11"
 points="7.34924 10.4987,
	7.30776 10.4945,
	7.28693 10.4938,
	7.28433 10.4938,
	7.26402 10.4828,
	7.25384 10.4775,
	7.24877 10.4745,
	7.2415 10.4625,
	7.23786 10.4565,
	7.23604 10.4536,
	7.23552 10.4506,
	7.23555 10.4498,
	7.2356 10.4491,
	7.2394 10.4256,
	7.241 10.4198,
	7.26066 10.3973,
	7.30354 10.3894,
	7.32474 10.3902,
	7.33001 10.3907,
	7.3714 10.4066,
	7.39178 10.4182,
	7.39429 10.4199,
	7.40406 10.431,
	7.40647 10.4341,
	7.39633 10.4553,
	7.37899 10.4763,
	7.35724 10.4964,
	7.35449 10.4984,
	"/>
</Transform>

<Transform dim="0"
 xcoef=" 0 1 0 0 0 0"
 ycoef=" 0 0 1 0 0 0">
<Contour name="d30c07" hidden="false" closed="true" simplified="true" border="1 0 0" fill="1 0 0" mode="11"
 points="11.586 7.84117,
	11.5809 7.83915,
	11.5759 7.83582,
	11.5692 7.82527,
	11.5687 7.81483,
	11.5687 7.80961,
	11.5719 7.79925,
	11.5984 7.75849,
	11.6033 7.73821,
	11.6063 7.69791,
	11.6064 7.69289,
	11.6049 7.68281,
	11.6039 7.67774,
	11.604 7.67525,
	11.5932 7.65463,
	11.5844 7.64599,
	11.5799 7.64197,
	11.5613 7.6302,
	11.552 7.6259,
	11.5427 7.62353,
	11.5403 7.62277,
	11.5403 7.60223,
	11.5404 7.59967,
	11.5405 7.59904,
	11.5537 7.57924,
	11.5548 7.57804,
	11.5736 7.57491,
	11.5829 7.57692,
	11.6206 7.59196,
	11.6254 7.5936,
	11.6349 7.59873,
	11.6445 7.60568,
	11.6521 7.61555,
	11.6586 7.62588,
	11.6655 7.646,
	11.669 7.65602,
	11.6735 7.67586,
	11.6758 7.68577,
	11.6788 7.72524,
	11.6793 7.73515,
	11.6777 7.75502,
	11.6751 7.76498,
	11.6732 7.76995,
	11.67 7.77493,
	11.6655 7.77989,
	11.6606 7.78358,
	11.646 7.80373,
	11.6365 7.81388,
	11.6263 7.82148,
	11.6162 7.82718,
	11.6061 7.83552,
	11.6011 7.83872,
	11.596 7.84062,
	"/>
</Transform>

<Transform dim="0"
 xcoef=" 0 1 0 0 0 0"
 ycoef=" 0 0 1 0 0 0">
<Contour name="d17sp10" hidden="false" closed="true" simplified="true" border="1 0 0" fill="1 0 0" mode="11"
 points="3.29215 8.63134,
	3.28422 8.62707,
	3.26934 8.61206,
	3.26437 8.60337,
	3.26166 8.59905,
	3.2578 8.58085,
	3.25627 8.57166,
	3.25614 8.55282,
	3.25984 8.51426,
	3.25996 8.51363,
	3.26007 8.51302,
	3.26946 8.49276,
	3.28372 8.4743,
	3.31916 8.44565,
	3.35451 8.41611,
	3.3622 8.40784,
	3.36899 8.39954,
	3.38081 8.3829,
	3.38954 8.36608,
	3.40151 8.33186,
	3.40488 8.32328,
	3.40677 8.31901,
	3.40816 8.31691,
	3.40993 8.32599,
	3.41072 8.34371,
	3.41312 8.36136,
	3.42323 8.39642,
	3.4248 8.40076,
	3.43758 8.41526,
	3.45082 8.43061,
	3.45248 8.43278,
	3.46711 8.4423,
	3.47437 8.44771,
	3.48186 8.45201,
	3.48959 8.45516,
	3.52094 8.4648,
	3.51184 8.47164,
	3.50732 8.47478,
	3.49853 8.48331,
	3.49388 8.48757,
	3.49156 8.48971,
	3.47401 8.49792,
	3.45702 8.50228,
	3.44053 8.50384,
	3.43643 8.50423,
	3.43436 8.50471,
	3.41689 8.51684,
	3.38238 8.54564,
	3.36592 8.56286,
	3.36174 8.56716,
	3.34862 8.58447,
	3.33769 8.60183,
	3.33257 8.6105,
	3.32537 8.61954,
	3.30866 8.62773,
	3.30447 8.62993,
	3.29626 8.63087,
	"/>
</Transform>

<Transform dim="0"
 xcoef=" 0 1 0 0 0 0"
 ycoef=" 0 0 1 0 0 0">
<Contour name="d17serb10" hidden="false" closed="true" simplified="true" border="1 0 0" fill="1 0 0" mode="11"
 points="3.47479 8.33194,
	3.46843 8.33139,
	3.46987 8.32388,
	3.4636 8.32332,
	3.46512 8.31577,
	3.47136 8.31634,
	3.47287 8.30877,
	3.47911 8.30934,
	3.47763 8.31691,
	3.48394 8.31745,
	3.48254 8.32498,
	3.47619 8.32443,
	"/>
</Transform>

<Transform dim="0"
 xcoef=" 0 1 0 0 0 0"
 ycoef=" 0 0 1 0 0 0">
<Contour name="d17p10" hidden="false" closed="true" simplified="true" border="1 0 0" fill="1 0 0" mode="11"
 points="3.47527 8.41029,
	3.45985 8.36367,
	3.50442 8.3668,
	"/>
</Transform>

<Transform dim="0"
 xcoef=" 0 1 0 0 0 0"
 ycoef=" 0 0 1 0 0 0">
<Contour name="d23cfa16" hidden="false" closed="true" simplified="true" border="0 1 0" fill="0 1 0" mode="11"
 points="8.25752 9.2994,
	8.24866 9.2987,
	8.24501 9.29007,
	8.24318 9.28577,
	8.24536 9.25038,
	8.23165 9.21557,
	8.22418 9.19814,
	8.2144 9.18078,
	8.19775 9.16357,
	8.19356 9.15924,
	8.17619 9.14963,
	8.15843 9.14437,
	8.14046 9.14122,
	8.0673 9.13802,
	8.03033 9.13788,
	8.01185 9.13664,
	8.00258 9.13658,
	7.99793 9.13655,
	7.99568 9.13542,
	7.9932 9.11761,
	7.99327 9.1165,
	7.99333 9.11539,
	8.00309 9.10768,
	8.00937 9.09996,
	8.01078 9.09554,
	8.01453 9.09114,
	8.03388 9.07906,
	8.04338 9.07579,
	8.06214 9.07255,
	8.07145 9.07148,
	8.07382 9.07039,
	8.09181 9.07925,
	8.1102 9.0793,
	8.12885 9.07273,
	8.14697 9.07491,
	8.15602 9.07598,
	8.17365 9.08575,
	8.18242 9.09116,
	8.19129 9.09434,
	8.2092 9.09735,
	8.21817 9.09828,
	8.23551 9.10991,
	8.24901 9.12702,
	8.2578 9.13004,
	8.26641 9.13523,
	8.27631 9.15238,
	8.28122 9.16096,
	8.29543 9.178,
	8.30395 9.19526,
	8.29566 9.21312,
	8.28959 9.23095,
	8.28682 9.24869,
	8.28376 9.25763,
	8.2811 9.26213,
	8.27943 9.27981,
	8.27788 9.28429,
	8.27035 9.29337,
	8.26657 9.29792,
	"/>
</Transform>

<Transform dim="0"
 xcoef=" 0 1 0 0 0 0"
 ycoef=" 0 0 1 0 0 0">
<Contour name="d23c16" hidden="false" closed="true" simplified="true" border="0 0 1" fill="0 0 1" mode="11"
 points="8.26237 9.30685,
	8.24456 9.30654,
	8.24018 9.30564,
	8.23182 9.29945,
	8.22836 9.26438,
	8.21916 9.22935,
	8.21283 9.21185,
	8.20194 9.19447,
	8.1959 9.18577,
	8.19401 9.18138,
	8.17687 9.16959,
	8.16832 9.16309,
	8.15949 9.15991,
	8.12336 9.15584,
	8.10523 9.15369,
	8.03176 9.15132,
	7.99483 9.14993,
	7.98582 9.14538,
	7.98333 9.12754,
	7.98266 9.11866,
	7.98173 9.11422,
	7.9818 9.11311,
	7.99794 9.09549,
	8.01638 9.07901,
	8.03557 9.06917,
	8.0404 9.06587,
	8.05911 9.06375,
	8.09611 9.06277,
	8.13269 9.06394,
	8.15084 9.06502,
	8.15987 9.0661,
	8.23089 9.09259,
	8.23534 9.09358,
	8.26943 9.12425,
	8.28511 9.14012,
	8.2934 9.14858,
	8.31393 9.18291,
	8.30742 9.21822,
	8.29799 9.23617,
	8.29271 9.24516,
	8.29006 9.24966,
	8.28728 9.26741,
	8.28643 9.27624,
	8.286 9.28068,
	8.28181 9.28962,
	8.28027 9.29408,
	8.2765 9.29861,
	8.26705 9.30448,
	"/>
</Transform>

<Transform dim="0"
 xcoef=" 0 1 0 0 0 0"
 ycoef=" 0 0 1 0 0 0">
<Contour name="d30cfa07" hidden="false" closed="true" simplified="true" border="0 1 0" fill="0 1 0" mode="11"
 points="11.5957 7.84128,
	11.5908 7.83926,
	11.5856 7.83593,
	11.5789 7.8254,
	11.5784 7.81496,
	11.5784 7.80975,
	11.5817 7.7994,
	11.6081 7.75874,
	11.6128 7.73851,
	11.6158 7.69832,
	11.6159 7.69332,
	11.6145 7.68325,
	11.6133 7.67821,
	11.6135 7.67572,
	11.6026 7.65515,
	11.5938 7.64651,
	11.5892 7.64248,
	11.5706 7.6307,
	11.5611 7.62638,
	11.5518 7.62398,
	11.5495 7.62321,
	11.5494 7.60274,
	11.5495 7.60018,
	11.5496 7.59955,
	11.5626 7.57988,
	11.5639 7.57867,
	11.5827 7.57562,
	11.5921 7.57765,
	11.6298 7.59271,
	11.6347 7.59434,
	11.6443 7.59945,
	11.6539 7.60639,
	11.6616 7.61624,
	11.6681 7.62654,
	11.6751 7.64661,
	11.6786 7.65661,
	11.6832 7.67638,
	11.6855 7.68626,
	11.6886 7.72562,
	11.689 7.7355,
	11.6875 7.75531,
	11.6849 7.76524,
	11.683 7.77019,
	11.6797 7.77515,
	11.6753 7.7801,
	11.6703 7.78379,
	11.6558 7.80389,
	11.6462 7.81403,
	11.6362 7.82162,
	11.6261 7.82731,
	11.6159 7.83564,
	11.6109 7.83883,
	11.6058 7.84073,
	"/>
</Transform>

<Transform dim="0"
 xcoef=" 0 1 0 0 0 0"
 ycoef=" 0 0 1 0 0 0">
<Contour name="d30p07" hidden="false" closed="true" simplified="true" border="0 0 1" fill="0 0 1" mode="11"
 points="11.9977 7.2961,
	11.9885 7.27777,
	12.0088 7.27748,
	"/>
</Transform>

<Transform dim="0"
 xcoef=" 0 1 0 0 0 0"
 ycoef=" 0 0 1 0 0 0">
<Contour name="d17p31" hidden="false" closed="true" simplified="true" border="1 0 0" fill="1 0 0" mode="11"
 points="4.23965 7.87235,
	4.21882 7.83319,
	4.25924 7.83493,
	"/>
</Transform>

<Transform dim="0"
 xcoef=" 0 1 0 0 0 0"
 ycoef=" 0 0 1 0 0 0">
<Contour name="d04p12" hidden="false" closed="true" simplified="true" border="1 0 0" fill="1 0 0" mode="11"
 points="8.75413 10.5366,
	8.73155 10.4872,
	8.78697 10.4908,
	"/>
</Transform>

<Transform dim="0"
 xcoef=" 0 1 0 0 0 0"
 ycoef=" 0 0 1 0 0 0">
<Contour name="d30sah07" hidden="false" closed="true" simplified="true" border="1 1 0" fill="1 1 0" mode="11"
 points="11.9011 7.51084,
	11.874 7.51074,
	11.8767 7.50804,
	11.8984 7.50813,
	11.8988 7.48731,
	11.8771 7.48718,
	11.8768 7.50542,
	11.874 7.50802,
	11.8745 7.48455,
	11.9016 7.4847,
	"/>
</Transform>

<Transform dim="0"
 xcoef=" 0 1 0 0 0 0"
 ycoef=" 0 0 1 0 0 0">
<Contour name="d07cfa14" hidden="false" closed="false" simplified="true" border="1 0 0" fill="1 0 0" mode="11"
 points="5.87362 7.02131,
	5.84823 7.01289,
	5.79862 7.0135,
	5.73802 6.99278,
	5.71816 6.98947,
	5.66786 6.96108,
	5.65326 6.9377,
	5.63362 6.91325,
	5.62506 6.8875,
	5.59918 6.86184,
	"/>
</Transform>

<Transform dim="0"
 xcoef=" 0 1 0 0 0 0"
 ycoef=" 0 0 1 0 0 0">
<Contour name="d24cfa15" hidden="false" closed="false" simplified="true" border="0 0 1" fill="0 0 1" mode="11"
 points="6.39139 7.35123,
	6.39528 7.35865,
	6.40513 7.37366,
	6.41433 7.38527,
	6.4286 7.4024,
	6.43566 7.41207,
	6.43784 7.41669,
	6.44097 7.42316,
	6.44573 7.43961,
	6.44792 7.45621,
	6.44843 7.46894,
	6.44697 7.47831,
	6.44602 7.48591,
	"/>
</Transform>

<Transform dim="0"
 xcoef=" 0 1 0 0 0 0"
 ycoef=" 0 0 1 0 0 0">
<Contour name="d07cfa18" hidden="false" closed="false" simplified="true" border="1 0 0" fill="1 0 0" mode="11"
 points="5.5027 7.81436,
	5.48983 7.81953,
	5.46888 7.82304,
	5.46219 7.82785,
	5.4061 7.85167,
	5.35277 7.86031,
	5.31533 7.87532,
	5.27379 7.88029,
	5.26862 7.88262,
	"/>
</Transform>

<Transform dim="0"
 xcoef=" 0 1 0 0 0 0"
 ycoef=" 0 0 1 0 0 0">
<Contour name="d23cfa16" hidden="false" closed="false" simplified="true" border="0 1 0" fill="0 1 0" mode="11"
 points="8.20041 9.16278,
	8.1765 9.15003,
	8.15085 9.14374,
	8.12714 9.1406,
	8.08727 9.13733,
	8.05384 9.1374,
	"/>
</Transform>

<Transform dim="0"
 xcoef=" 0 1 0 0 0 0"
 ycoef=" 0 0 1 0 0 0">
<Contour name="d07cfa52" hidden="false" closed="false" simplified="true" border="0 1 0" fill="0 1 0" mode="11"
 points="6.58797 8.58922,
	6.50229 8.54502,
	6.35043 8.49454,
	"/>
</Transform>

<Transform dim="0"
 xcoef=" 0 1 0 0 0 0"
 ycoef=" 0 0 1 0 0 0">
<Contour name="d19cfa43" hidden="false" closed="false" simplified="true" border="1 0 0" fill="1 0 0" mode="11"
 points="4.70145 11.6963,
	4.7179 11.735,
	4.73863 11.7693,
	4.75757 11.8062,
	4.7708 11.8299,
	4.81213 11.8965,
	"/>
</Transform>

<Transform dim="1"
 xcoef=" 0.01 1 0 0 0 0"
 ycoef=" 0 0 1 0 0 0">
<Contour name="d04" hidden="false" closed="true" simplified="true" border="0 0 0" fill="0 0 0" mode="11"
 points="8.69359 9.90738,
	8.68228 9.90288,
	8.66431 9.87986,
	8.65466 9.86832,
	8.64911 9.8625,
	8.63797 9.85358,
	8.63516 9.85134,
	8.62813 9.83972,
	8.6239 9.83457,
	8.60125 9.82208,
	8.58987 9.81726,
	8.58415 9.81485,
	8.56126 9.79454,
	8.55344 9.78266,
	8.54987 9.77672,
	8.54774 9.77373,
	8.53634 9.76673,
	8.53066 9.76069,
	8.52783 9.75768,
	8.50495 9.75615,
	8.49355 9.7529,
	8.48789 9.75055,
	8.48505 9.74975,
	8.46263 9.72942,
	8.4565 9.71758,
	8.43871 9.6708,
	8.41526 9.62478,
	8.39405 9.57973,
	8.38721 9.55763,
	8.38456 9.54667,
	8.38289 9.5412,
	8.37985 9.53571,
	8.36151 9.51374,
	8.34676 9.49209,
	8.34561 9.48941,
	8.34755 9.46812,
	8.34761 9.46746,
	8.37017 9.42509,
	8.37528 9.41445,
	8.39234 9.39315,
	8.41415 9.37181,
	8.42596 9.36248,
	8.43191 9.35715,
	8.43776 9.35317,
	8.46055 9.34412,
	8.48169 9.34438,
	8.50222 9.3473,
	8.51251 9.34911,
	8.51509 9.3494,
	8.53551 9.36163,
	8.55261 9.38405,
	8.56293 9.39385,
	8.56812 9.39843,
	8.59605 9.44423,
	8.60262 9.45571,
	8.61238 9.47831,
	8.64367 9.52567,
	8.64755 9.53162,
	8.64949 9.53462,
	8.65487 9.55693,
	8.65886 9.57901,
	8.66418 9.60131,
	8.66601 9.60696,
	8.66677 9.62843,
	8.66665 9.63373,
	8.66379 9.64388,
	8.6617 9.64885,
	8.66099 9.65139,
	8.65357 9.66074,
	8.6502 9.66548,
	8.64945 9.67598,
	8.65395 9.69804,
	8.65526 9.70359,
	8.65657 9.70647,
	8.66119 9.71258,
	8.66317 9.71557,
	8.6638 9.72639,
	8.6636 9.73193,
	8.66645 9.75439,
	8.67155 9.77699,
	8.67157 9.82121,
	8.67216 9.83237,
	8.67211 9.83795,
	8.67685 9.84936,
	8.68295 9.86079,
	8.68564 9.86648,
	8.68626 9.87752,
	8.68693 9.8803,
	8.69476 9.89218,
	8.69836 9.89812,
	8.69563 9.90341,
	8.69426 9.90606,
	"/>
<Contour name="d04san12" hidden="false" closed="true" simplified="false" border="1 1 0" fill="1 1 0" mode="-13"
 points="8.58651 9.64858,
	8.58651 9.60482,
	8.54275 9.60482,
	8.54275 9.64311,
	8.53727 9.64858,
	8.53727 9.59935,
	8.59198 9.59935,
	8.59198 9.65405,
	8.53727 9.65405,
	8.54275 9.64858,
	"/>
</Transform>

<Transform dim="1"
 xcoef=" -0.02 1 0 0 0 0"
 ycoef=" -0.05 0 1 0 0 0">
<Contour name="d04c13" hidden="false" closed="true" simplified="true" border="0 0 1" fill="0 0 1" mode="11"
 points="6.80682 10.2432,
	6.78299 10.2393,
	6.77118 10.2364,
	6.75938 10.2291,
	6.75715 10.2266,
	6.74802 10.2071,
	6.74722 10.2047,
	6.74721 10.2041,
	6.74719 10.2035,
	6.75073 10.1844,
	6.7588 10.175,
	6.76278 10.1703,
	6.76548 10.168,
	6.78746 10.1572,
	6.79883 10.156,
	6.80447 10.1549,
	6.82794 10.1576,
	6.83391 10.1587,
	6.84617 10.163,
	6.85905 10.1719,
	6.86154 10.1741,
	6.86474 10.1833,
	6.86593 10.1879,
	6.86378 10.2067,
	6.85839 10.2163,
	6.84425 10.236,
	6.8428 10.2373,
	6.81875 10.2411,
	"/>
<Contour name="d04c13" hidden="false" closed="true" simplified="true" border="0 0 1" fill="0 0 1" mode="11"
 points="7.02491 10.0643,
	7.01142 10.0621,
	7.00471 10.061,
	7.00131 10.0601,
	6.99094 10.0517,
	6.98541 10.0428,
	6.9823 10.0337,
	6.98113 10.0314,
	6.98094 10.0302,
	6.98085 10.0296,
	6.98256 10.0201,
	6.98423 10.0152,
	6.99903 9.99534,
	7.00818 9.98535,
	7.03087 9.96533,
	7.07991 9.92897,
	7.0926 9.92052,
	7.10569 9.91514,
	7.11234 9.91336,
	7.12592 9.91224,
	7.13274 9.91169,
	7.14681 9.91533,
	7.15309 9.91832,
	7.16079 9.92763,
	7.1638 9.93224,
	7.16728 9.9504,
	7.16995 9.95938,
	7.17031 9.97714,
	7.1697 9.98594,
	7.16998 9.98813,
	7.14038 10.0236,
	7.11672 10.0383,
	7.11063 10.042,
	7.06016 10.0584,
	7.03452 10.0629,
	7.02805 10.0635,
	"/>
<Contour name="d04cfa13" hidden="false" closed="false" simplified="true" border="0 0 1" fill="0 0 1" mode="11"
 points="6.85457 10.1809,
	6.84704 10.1874,
	6.83477 10.1988,
	6.82013 10.2071,
	6.80442 10.2146,
	6.78467 10.2214,
	6.76583 10.2224,
	"/>
<Contour name="d04cfa13" hidden="false" closed="false" simplified="true" border="0 0 1" fill="0 0 1" mode="11"
 points="7.14896 9.92368,
	7.1427 9.93224,
	7.13038 9.94862,
	7.11209 9.96985,
	7.09452 9.98432,
	7.06272 10.0075,
	7.01686 10.0356,
	7.00111 10.047,
	"/>
<Contour name="d04" hidden="false" closed="true" simplified="true" border="0 0 0" fill="0 0 0" mode="11"
 points="6.4882 10.1973,
	6.53332 10.1804,
	6.57844 10.1748,
	6.58408 10.1719,
	6.6292 10.1917,
	6.67431 10.203,
	6.69687 10.2001,
	6.74199 10.2058,
	6.78711 10.203,
	6.83223 10.1832,
	6.84351 10.1748,
	6.84915 10.1719,
	6.84915 10.1494,
	6.84915 10.1381,
	6.84351 10.1268,
	6.79839 10.0873,
	6.75327 10.0704,
	6.73635 10.0507,
	6.72507 10.0281,
	6.71943 10.0169,
	6.72225 9.99429,
	6.72789 9.98301,
	6.72507 9.93789,
	6.73071 9.89278,
	6.74481 9.87022,
	6.76455 9.84766,
	6.78711 9.83356,
	6.80967 9.83638,
	6.82095 9.83638,
	6.84351 9.85048,
	6.86324 9.87304,
	6.8717 9.8956,
	6.87734 9.94071,
	6.89708 9.98583,
	6.90554 10.0084,
	6.92246 10.0309,
	6.93374 10.0366,
	6.9563 10.0394,
	6.97886 10.0366,
	6.99014 10.0366,
	7.0127 10.0281,
	7.10293 9.95763,
	7.12267 9.93789,
	7.15369 9.89278,
	7.17343 9.87022,
	7.20163 9.8251,
	7.21573 9.77998,
	7.20727 9.73487,
	7.20445 9.68975,
	7.20163 9.66719,
	7.20445 9.64463,
	7.22136 9.59951,
	7.23264 9.57695,
	7.25238 9.5544,
	7.27494 9.5403,
	7.2975 9.53748,
	7.30878 9.53466,
	7.3539 9.5403,
	7.37646 9.55722,
	7.3962 9.57977,
	7.40183 9.59105,
	7.40465 9.63617,
	7.40747 9.64745,
	7.3398 10.0084,
	7.3257 10.0986,
	7.31724 10.1889,
	7.31442 10.234,
	7.27494 10.3242,
	7.21009 10.4144,
	7.11985 10.4229,
	7.02962 10.4116,
	6.84915 10.4003,
	6.80403 10.3975,
	6.78147 10.3975,
	6.77019 10.3975,
	6.67995 10.3524,
	6.58972 10.327,
	6.5446 10.3129,
	6.49948 10.2706,
	6.49102 10.2255,
	6.4882 10.203,
	6.4882 10.2001,
	"/>
<Contour name="d04sp13" hidden="false" closed="true" simplified="true" border="1 0 0" fill="1 0 0" mode="11"
 points="6.47975 10.2142,
	6.4882 10.203,
	6.4882 10.1973,
	6.53332 10.1804,
	6.57844 10.1748,
	6.58408 10.1719,
	6.6292 10.1917,
	6.67431 10.203,
	6.69687 10.2001,
	6.74199 10.2058,
	6.78711 10.203,
	6.83223 10.1832,
	6.84351 10.1748,
	6.84915 10.1719,
	6.84915 10.1494,
	6.84915 10.1381,
	6.84351 10.1268,
	6.79839 10.0873,
	6.75327 10.0704,
	6.73635 10.0507,
	6.72507 10.0281,
	6.71943 10.0169,
	6.72225 9.99429,
	6.72789 9.98301,
	6.72507 9.93789,
	6.73071 9.89278,
	6.74481 9.87022,
	6.76455 9.84766,
	6.78711 9.83356,
	6.80967 9.83638,
	6.82095 9.83638,
	6.84351 9.85048,
	6.86324 9.87304,
	6.8717 9.8956,
	6.87734 9.94071,
	6.89708 9.98583,
	6.90554 10.0084,
	6.92246 10.0309,
	6.93374 10.0366,
	6.9563 10.0394,
	6.97886 10.0366,
	6.99014 10.0366,
	7.0127 10.0281,
	7.10293 9.95763,
	7.12267 9.93789,
	7.15369 9.89278,
	7.17343 9.87022,
	7.20163 9.8251,
	7.21573 9.77998,
	7.20727 9.73487,
	7.20445 9.68975,
	7.20163 9.66719,
	7.20445 9.64463,
	7.22136 9.59951,
	7.23264 9.57695,
	7.25238 9.5544,
	7.27494 9.5403,
	7.2975 9.53748,
	7.30878 9.53466,
	7.3539 9.5403,
	7.37646 9.55722,
	7.3962 9.57977,
	7.40183 9.59105,
	7.40465 9.63617,
	7.40747 9.65873,
	7.39338 9.74897,
	7.36518 9.8392,
	7.35108 9.88432,
	7.32006 10.0648,
	7.31724 10.0873,
	7.32288 10.1776,
	7.3257 10.2227,
	7.29468 10.3129,
	7.28622 10.3355,
	7.2834 10.3468,
	7.2411 10.3834,
	7.21854 10.4003,
	7.20727 10.4088,
	7.11703 10.4229,
	6.93656 10.4116,
	6.89144 10.4088,
	6.86888 10.4088,
	6.77865 10.3947,
	6.73353 10.3891,
	6.55306 10.3073,
	6.5305 10.2904,
	6.51922 10.2791,
	6.49102 10.234,
	6.48538 10.2227,
	6.47975 10.2171,
	"/>
</Transform>

<Transform dim="0"
 xcoef=" 0 1 0 0 0 0"
 ycoef=" 0 0 1 0 0 0">
<Contour name="d07sp14" hidden="false" closed="true" simplified="true" border="1 0 0" fill="1 0 0" mode="11"
 points="5.41491 6.66322,
	5.42443 6.64416,
	5.43396 6.63939,
	5.47208 6.6513,
	5.49114 6.66322,
	5.5102 6.67989,
	5.53402 6.71801,
	5.55069 6.75612,
	5.55308 6.77518,
	5.55069 6.78471,
	5.56261 6.82283,
	5.59834 6.85856,
	5.6174 6.87762,
	5.62693 6.88715,
	5.63407 6.90621,
	5.66028 6.94432,
	5.66504 6.95385,
	5.70316 6.98006,
	5.77939 7.00388,
	5.79845 7.01103,
	5.83657 7.00865,
	5.85563 7.01103,
	5.89374 7.03009,
	5.9128 7.03485,
	5.93186 7.03247,
	5.95092 7.02056,
	6.02715 6.95624,
	6.09147 6.88,
	6.10815 6.86094,
	6.11529 6.82283,
	6.11768 6.78471,
	6.12244 6.76565,
	6.13912 6.7466,
	6.14626 6.73707,
	6.15103 6.73468,
	6.18914 6.75374,
	6.19391 6.75612,
	6.20344 6.74898,
	6.2225 6.7466,
	6.24155 6.75136,
	6.26061 6.76327,
	6.30588 6.8395,
	6.30826 6.87762,
	6.30588 6.91574,
	6.30588 6.93479,
	6.30588 6.94432,
	6.29396 6.96338,
	6.25585 6.99435,
	6.17961 7.04676,
	6.1415 7.0682,
	6.10338 7.08011,
	6.06527 7.09679,
	6.04621 7.10155,
	6.00809 7.12061,
	5.98903 7.13014,
	5.96997 7.14682,
	5.94139 7.18493,
	5.92948 7.20399,
	5.85563 7.2564,
	5.8461 7.25878,
	5.80798 7.24211,
	5.76986 7.20876,
	5.73651 7.17302,
	5.6984 7.13729,
	5.66028 7.1087,
	5.62216 7.09441,
	5.58405 7.06582,
	5.54593 7.042,
	5.50781 7.01103,
	5.47208 6.97529,
	5.46732 6.96576,
	5.44826 6.94671,
	5.44111 6.92765,
	5.43873 6.88953,
	5.42682 6.85142,
	5.43396 6.8133,
	5.42443 6.73707,
	5.42205 6.69895,
	5.41729 6.67989,
	5.41729 6.67036,
	5.41491 6.6656,
	"/>
</Transform>

<Transform dim="0"
 xcoef=" 0 1 0 0 0 0"
 ycoef=" 0 0 1 0 0 0">
<Contour name="d07sp18" hidden="false" closed="true" simplified="true" border="1 0 0" fill="1 0 0" mode="11"
 points="5.25577 7.89276,
	5.26488 7.88366,
	5.2831 7.87682,
	5.31953 7.87227,
	5.33775 7.86316,
	5.37418 7.85633,
	5.44705 7.83128,
	5.48349 7.81762,
	5.50171 7.81306,
	5.50626 7.81078,
	5.5427 7.829,
	5.55181 7.83583,
	5.55636 7.83811,
	5.56091 7.83356,
	5.66111 7.9793,
	5.68844 8.01573,
	5.70893 8.0886,
	5.72032 8.12504,
	5.7226 8.13415,
	5.71576 8.17058,
	5.71121 8.1888,
	5.71121 8.19791,
	5.70666 8.20702,
	5.6725 8.22979,
	5.63606 8.23434,
	5.61784 8.23662,
	5.58141 8.23207,
	5.50854 8.20702,
	5.49032 8.19563,
	5.45616 8.1592,
	5.40607 8.08633,
	5.37646 8.04989,
	5.3423 8.01346,
	5.3127 7.97702,
	5.27626 7.94286,
	5.26488 7.92464,
	5.25805 7.90643,
	5.25577 7.89732,
	5.25577 7.89504,
	"/>
</Transform>

<Transform dim="0"
 xcoef=" 0 1 0 0 0 0"
 ycoef=" 0 0 1 0 0 0">
<Contour name="d17sp31" hidden="false" closed="true" simplified="true" border="1 0 0" fill="1 0 0" mode="11"
 points="4.33469 7.78912,
	4.32697 7.78699,
	4.32312 7.78567,
	4.3156 7.77892,
	4.31184 7.77504,
	4.30634 7.76718,
	4.29865 7.76133,
	4.29672 7.75986,
	4.28056 7.75643,
	4.26391 7.75674,
	4.25551 7.75705,
	4.24715 7.75632,
	4.24292 7.75619,
	4.22625 7.75102,
	4.21789 7.74814,
	4.20094 7.7453,
	4.19673 7.74408,
	4.19373 7.74042,
	4.19183 7.73632,
	4.18416 7.73043,
	4.18007 7.72773,
	4.16417 7.71913,
	4.14852 7.71225,
	4.14461 7.71077,
	4.12929 7.70075,
	4.11425 7.68998,
	4.10684 7.68445,
	4.09251 7.67033,
	4.08549 7.66316,
	4.08197 7.66005,
	4.08028 7.65805,
	4.07674 7.64318,
	4.07577 7.63588,
	4.07627 7.62876,
	4.0763 7.62519,
	4.07656 7.62345,
	4.07664 7.623,
	4.0767 7.62256,
	4.08249 7.61604,
	4.0854 7.6128,
	4.09408 7.60708,
	4.1023 7.59387,
	4.10744 7.58739,
	4.11053 7.58421,
	4.12031 7.57788,
	4.12529 7.57484,
	4.13484 7.57059,
	4.13952 7.56892,
	4.14187 7.56808,
	4.14305 7.56766,
	4.15119 7.56932,
	4.15534 7.56992,
	4.17111 7.57603,
	4.17904 7.57911,
	4.1959 7.58165,
	4.21262 7.58511,
	4.22829 7.59318,
	4.24418 7.60032,
	4.26046 7.60553,
	4.26456 7.60659,
	4.2801 7.61449,
	4.28782 7.61838,
	4.30258 7.6289,
	4.31699 7.64021,
	4.327 7.65516,
	4.32786 7.65891,
	4.32783 7.67402,
	4.32813 7.68161,
	4.32906 7.68538,
	4.33788 7.70038,
	4.34231 7.70787,
	4.34429 7.71163,
	4.34833 7.72685,
	4.35155 7.74221,
	4.35214 7.74607,
	4.35529 7.7537,
	4.35702 7.76146,
	4.35765 7.76536,
	4.35606 7.77337,
	4.35114 7.78165,
	4.34846 7.78581,
	4.3406 7.78779,
	4.33667 7.78851,
	"/>
</Transform>

<Transform dim="0"
 xcoef=" 0 1 0 0 0 0"
 ycoef=" 0 0 1 0 0 0">
<Contour name="d17sp10" hidden="false" closed="true" simplified="true" border="1 0 0" fill="1 0 0" mode="11"
 points="3.29215 8.63134,
	3.28422 8.62707,
	3.26934 8.61206,
	3.26437 8.60337,
	3.26166 8.59905,
	3.2578 8.58085,
	3.25627 8.57166,
	3.25614 8.55282,
	3.25984 8.51426,
	3.25996 8.51363,
	3.26007 8.51302,
	3.26946 8.49276,
	3.28372 8.4743,
	3.31916 8.44565,
	3.35451 8.41611,
	3.3622 8.40784,
	3.36899 8.39954,
	3.38081 8.3829,
	3.38954 8.36608,
	3.40151 8.33186,
	3.40488 8.32328,
	3.40677 8.31901,
	3.40816 8.31691,
	3.40993 8.32599,
	3.41072 8.34371,
	3.41312 8.36136,
	3.42323 8.39642,
	3.4248 8.40076,
	3.43758 8.41526,
	3.45082 8.43061,
	3.45248 8.43278,
	3.46711 8.4423,
	3.47437 8.44771,
	3.48186 8.45201,
	3.48959 8.45516,
	3.52094 8.4648,
	3.51184 8.47164,
	3.50732 8.47478,
	3.49853 8.48331,
	3.49388 8.48757,
	3.49156 8.48971,
	3.47401 8.49792,
	3.45702 8.50228,
	3.44053 8.50384,
	3.43643 8.50423,
	3.43436 8.50471,
	3.41689 8.51684,
	3.38238 8.54564,
	3.36592 8.56286,
	3.36174 8.56716,
	3.34862 8.58447,
	3.33769 8.60183,
	3.33257 8.6105,
	3.32537 8.61954,
	3.30866 8.62773,
	3.30447 8.62993,
	3.29626 8.63087,
	"/>
</Transform>

<Transform dim="0"
 xcoef=" 0 1 0 0 0 0"
 ycoef=" 0 0 1 0 0 0">
<Contour name="d17serb10" hidden="false" closed="true" simplified="true" border="1 0 0" fill="1 0 0" mode="11"
 points="3.47479 8.33194,
	3.46843 8.33139,
	3.46987 8.32388,
	3.4636 8.32332,
	3.46512 8.31577,
	3.47136 8.31634,
	3.47287 8.30877,
	3.47911 8.30934,
	3.47763 8.31691,
	3.48394 8.31745,
	3.48254 8.32498,
	3.47619 8.32443,
	"/>
</Transform>

<Transform dim="0"
 xcoef=" 0 1 0 0 0 0"
 ycoef=" 0 0 1 0 0 0">
<Contour name="d17p10" hidden="false" closed="true" simplified="true" border="1 0 0" fill="1 0 0" mode="11"
 points="3.47527 8.41029,
	3.45985 8.36367,
	3.50442 8.3668,
	"/>
</Transform>

<Transform dim="0"
 xcoef=" 0 1 0 0 0 0"
 ycoef=" 0 0 1 0 0 0">
<Contour name="d17p31" hidden="false" closed="true" simplified="true" border="1 0 0" fill="1 0 0" mode="11"
 points="4.23965 7.87235,
	4.21882 7.83319,
	4.25924 7.83493,
	"/>
</Transform>

<Transform dim="1"
 xcoef=" 0.03 1 0 0 0 0"
 ycoef=" 0 0 1 0 0 0">
<Contour name="d05sp19" hidden="false" closed="true" simplified="true" border="1 0 0" fill="1 0 0" mode="11"
 points="11.1525 9.49512,
	11.1323 9.4798,
	11.1229 9.47109,
	11.1026 9.46271,
	11.0844 9.45053,
	11.0798 9.44794,
	11.0763 9.44166,
	11.0741 9.42607,
	11.0744 9.41094,
	11.0751 9.40352,
	11.0654 9.37415,
	11.0584 9.36219,
	11.0596 9.34773,
	11.0588 9.34037,
	11.0653 9.31243,
	11.0686 9.25641,
	11.0697 9.2496,
	11.0647 9.22132,
	11.0638 9.19385,
	11.0662 9.18055,
	11.0637 9.15331,
	11.0639 9.14832,
	11.0639 9.14664,
	11.0736 9.13611,
	11.0764 9.12981,
	11.075 9.11638,
	11.0774 9.1035,
	11.0864 9.09317,
	11.0916 9.0922,
	11.0943 9.09092,
	11.1155 9.10536,
	11.1258 9.11348,
	11.1443 9.13804,
	11.1614 9.16617,
	11.1612 9.17978,
	11.1592 9.18627,
	11.1599 9.19152,
	11.1773 9.21335,
	11.1844 9.22661,
	11.1925 9.25567,
	11.198 9.28438,
	11.1967 9.31218,
	11.1999 9.36901,
	11.2186 9.39597,
	11.239 9.41913,
	11.2494 9.43233,
	11.2564 9.44695,
	11.257 9.46113,
	11.258 9.46472,
	11.2508 9.46962,
	11.2378 9.47058,
	11.2315 9.47018,
	11.2171 9.48001,
	11.2037 9.48453,
	11.1975 9.48407,
	11.1835 9.49221,
	11.1707 9.49487,
	11.1587 9.49382,
	"/>
</Transform>

<Transform dim="1"
 xcoef=" -0.03 1 0 0 0 0"
 ycoef=" 0 0 1 0 0 0">
<Contour name="d19sp14" hidden="false" closed="true" simplified="true" border="1 0 0" fill="1 0 0" mode="11"
 points="4.8441 11.2503,
	4.84306 11.2491,
	4.87486 11.2183,
	4.88632 11.2026,
	4.91388 11.1714,
	4.91792 11.1676,
	4.93642 11.1355,
	4.94607 11.1194,
	4.95055 11.1027,
	4.95196 11.0855,
	4.95136 11.068,
	4.94801 11.0589,
	4.94583 11.0542,
	4.93013 11.0348,
	4.90639 10.9961,
	4.89328 10.9763,
	4.87837 10.956,
	4.86543 10.9357,
	4.85872 10.9254,
	4.84243 10.8847,
	4.82928 10.8433,
	4.82316 10.8018,
	4.82032 10.7808,
	4.81882 10.7703,
	4.81865 10.7664,
	4.81859 10.7651,
	4.82068 10.7234,
	4.8196 10.7024,
	4.82014 10.692,
	4.82686 10.6717,
	4.83089 10.6615,
	4.83844 10.6528,
	4.84734 10.6467,
	4.85181 10.643,
	4.8701 10.6397,
	4.87931 10.6387,
	4.89777 10.6459,
	4.90696 10.6489,
	4.92515 10.6603,
	4.93426 10.6634,
	4.94343 10.6638,
	4.94798 10.6654,
	4.96696 10.655,
	4.98585 10.6499,
	5.00436 10.6516,
	5.01322 10.6574,
	5.03018 10.6763,
	5.03314 10.6821,
	5.03518 10.685,
	5.03547 10.7082,
	5.03807 10.7314,
	5.03734 10.7542,
	5.02695 10.8415,
	5.02379 10.8825,
	5.01536 10.9597,
	5.0125 10.9965,
	5.00345 11.0676,
	5.00297 11.0851,
	5.00757 11.1201,
	5.01668 11.1549,
	5.02505 11.1723,
	5.04103 11.1902,
	5.05001 11.1971,
	5.05451 11.2005,
	5.12495 11.2196,
	5.13379 11.222,
	5.13494 11.2231,
	5.13068 11.225,
	4.85677 11.2493,
	4.84832 11.2496,
	"/>
</Transform>

<Transform dim="1"
 xcoef=" 0 1 0 0 0 0"
 ycoef=" 0 0 1 0 0 0">
<Contour name="d07c18" hidden="false" closed="true" simplified="true" border="0 0 1" fill="0 0 1" mode="11"
 points="5.2759 7.89268,
	5.27448 7.8925,
	5.25775 7.86539,
	5.254 7.85868,
	5.25181 7.8553,
	5.25179 7.85451,
	5.25106 7.85364,
	5.26189 7.84565,
	5.26458 7.84366,
	5.26593 7.84227,
	5.27691 7.84058,
	5.29859 7.83176,
	5.30936 7.82779,
	5.32013 7.82539,
	5.34156 7.82376,
	5.35213 7.82219,
	5.36347 7.81815,
	5.36628 7.81694,
	5.37735 7.80595,
	5.38285 7.80124,
	5.39375 7.79574,
	5.39915 7.7934,
	5.4203 7.78867,
	5.44076 7.78554,
	5.46046 7.78087,
	5.46997 7.77547,
	5.47468 7.77315,
	5.48408 7.77157,
	5.48873 7.77078,
	5.5056 7.82259,
	5.5063 7.82424,
	5.49815 7.83057,
	5.47996 7.83918,
	5.47096 7.84778,
	5.46148 7.85329,
	5.42061 7.86682,
	5.39902 7.8749,
	5.37702 7.8806,
	5.36658 7.88376,
	5.36131 7.88534,
	5.35869 7.88652,
	5.33679 7.88661,
	5.3258 7.88746,
	5.31493 7.89069,
	5.29271 7.89248,
	5.28706 7.89176,
	"/>
<Contour name="d24c15" hidden="false" closed="true" simplified="true" border="0 0 1" fill="0 0 1" mode="11"
 points="6.48631 7.5165,
	6.46902 7.51311,
	6.45209 7.50825,
	6.43561 7.50135,
	6.42737 7.49812,
	6.41924 7.49432,
	6.41717 7.49361,
	6.41332 7.49036,
	6.41144 7.48843,
	6.40744 7.48612,
	6.40274 7.47557,
	6.39987 7.46514,
	6.39638 7.45471,
	6.393 7.44926,
	6.39114 7.44682,
	6.39023 7.44546,
	6.38245 7.43784,
	6.37452 7.43117,
	6.36647 7.42515,
	6.36243 7.42215,
	6.34659 7.40594,
	6.33858 7.39778,
	6.33047 7.39025,
	6.32675 7.38541,
	6.32557 7.38295,
	6.32562 7.38237,
	6.32563 7.3821,
	6.32636 7.37988,
	6.32789 7.37778,
	6.32861 7.37558,
	6.33066 7.37412,
	6.34884 7.36831,
	6.35112 7.36777,
	6.36045 7.36313,
	6.36515 7.36068,
	6.36752 7.35932,
	6.37695 7.35167,
	6.37939 7.34979,
	6.38695 7.34196,
	6.39175 7.33936,
	6.39412 7.33832,
	6.39879 7.3371,
	6.40786 7.33713,
	6.41241 7.33702,
	6.41467 7.33709,
	6.42344 7.33989,
	6.4278 7.34143,
	6.43635 7.34591,
	6.44481 7.35095,
	6.44901 7.35363,
	6.48178 7.38045,
	6.4838 7.38225,
	6.4915 7.39238,
	6.49924 7.40202,
	6.5022 7.40729,
	6.5089 7.41809,
	6.51182 7.42345,
	6.51418 7.42871,
	6.51548 7.43139,
	6.5177 7.44154,
	6.51892 7.44668,
	6.51913 7.45657,
	6.51949 7.4616,
	6.51639 7.48105,
	6.50786 7.49972,
	6.50537 7.50435,
	6.49519 7.51093,
	6.49007 7.51438,
	6.48757 7.5158,
	"/>
<Contour name="d24cfa15" hidden="false" closed="true" simplified="true" border="0 1 0" fill="0 1 0" mode="11"
 points="6.47291 7.51055,
	6.46732 7.51019,
	6.46454 7.51,
	6.45943 7.50688,
	6.45684 7.50552,
	6.4524 7.49851,
	6.4502 7.4948,
	6.44945 7.49303,
	6.44876 7.48646,
	6.44823 7.48314,
	6.44983 7.47072,
	6.45068 7.45828,
	6.45057 7.452,
	6.44853 7.43925,
	6.44732 7.43289,
	6.44537 7.42643,
	6.44474 7.42328,
	6.43767 7.40997,
	6.43356 7.40328,
	6.42374 7.39088,
	6.41372 7.37935,
	6.40414 7.36622,
	6.39913 7.35968,
	6.39551 7.35339,
	6.39291 7.3473,
	6.39271 7.34586,
	6.39278 7.34516,
	6.39282 7.34481,
	6.39331 7.34347,
	6.39642 7.34111,
	6.39798 7.33995,
	6.4093 7.34171,
	6.42039 7.34525,
	6.42317 7.34606,
	6.42854 7.3494,
	6.43935 7.35512,
	6.44207 7.3563,
	6.46278 7.37426,
	6.48314 7.39367,
	6.48818 7.39869,
	6.49795 7.41101,
	6.50715 7.4245,
	6.51014 7.4312,
	6.51292 7.44408,
	6.51213 7.4564,
	6.50954 7.4685,
	6.5082 7.47459,
	6.50305 7.48637,
	6.50027 7.49225,
	6.49121 7.50338,
	6.47872 7.50974,
	"/>
</Transform>

<Transform dim="1"
 xcoef=" -0.02 1 0 0 0 0"
 ycoef=" 0 0 1 0 0 0">
<Contour name="d05sp21" hidden="false" closed="true" simplified="true" border="1 0 0" fill="1 0 0" mode="11"
 points="9.52057 10.7127,
	9.52308 10.7027,
	9.54184 10.6839,
	9.55185 10.6827,
	9.56185 10.6789,
	9.57186 10.6777,
	9.57686 10.6777,
	9.57937 10.6764,
	9.58937 10.6802,
	9.59938 10.6802,
	9.60939 10.6864,
	9.61564 10.6964,
	9.61814 10.7014,
	9.65817 10.7339,
	9.67819 10.7502,
	9.68819 10.759,
	9.6932 10.764,
	9.73323 10.7865,
	9.75324 10.7952,
	9.76325 10.8015,
	9.77326 10.8102,
	9.78326 10.8165,
	9.86332 10.8428,
	9.86832 10.844,
	9.88834 10.8628,
	9.89834 10.8728,
	9.91085 10.8928,
	9.91586 10.9028,
	9.91836 10.9078,
	9.93837 10.9266,
	9.94838 10.9366,
	9.95338 10.9416,
	9.9734 10.9554,
	9.99341 10.9666,
	10.0334 10.9854,
	10.0434 10.9916,
	10.0835 11.0279,
	10.0885 11.0329,
	10.1022 11.0529,
	10.1135 11.0729,
	10.1185 11.0829,
	10.1198 11.103,
	10.1235 11.113,
	10.1085 11.133,
	10.101 11.143,
	10.0209 11.213,
	10.0009 11.2305,
	9.9809 11.2331,
	9.9759 11.2343,
	9.95589 11.2243,
	9.95088 11.2218,
	9.93087 11.2268,
	9.91085 11.2243,
	9.90585 11.223,
	9.89584 11.2155,
	9.89084 11.2118,
	9.88834 11.2068,
	9.88959 11.1968,
	9.92837 11.173,
	9.94838 11.1618,
	9.95839 11.1555,
	9.97465 11.1367,
	9.97965 11.1317,
	9.98716 11.1117,
	9.99091 11.1017,
	9.98716 11.0817,
	9.9684 11.0417,
	9.96339 11.0317,
	9.95464 11.0229,
	9.94463 11.0166,
	9.92461 11.0154,
	9.91961 11.0154,
	9.87958 10.9991,
	9.85957 10.9854,
	9.84956 10.9779,
	9.82955 10.9679,
	9.81954 10.9641,
	9.80953 10.9566,
	9.78952 10.9554,
	9.7695 10.9566,
	9.74949 10.9516,
	9.73948 10.9478,
	9.7007 10.9128,
	9.66818 10.874,
	9.64817 10.8615,
	9.63816 10.854,
	9.61814 10.844,
	9.59813 10.8403,
	9.59313 10.839,
	9.57311 10.8203,
	9.56561 10.8102,
	9.5631 10.8052,
	9.54309 10.7877,
	9.53308 10.779,
	9.52808 10.7752,
	9.52558 10.774,
	9.52182 10.754,
	9.52057 10.7139,
	"/>
</Transform>

<Transform dim="0"
 xcoef=" 0 1 0 0 0 0"
 ycoef=" 0 0 1 0 0 0">
<Contour name="d19sp13" hidden="false" closed="true" simplified="true" border="1 0 0" fill="1 0 0" mode="11"
 points="5.50987 11.4999,
	5.51225 11.4988,
	5.53132 11.5083,
	5.54085 11.5142,
	5.54323 11.5142,
	5.548 11.5178,
	5.55276 11.519,
	5.5623 11.5262,
	5.57779 11.5452,
	5.59685 11.5571,
	5.60639 11.5631,
	5.62545 11.5798,
	5.63498 11.5869,
	5.64452 11.5917,
	5.66239 11.6096,
	5.66835 11.6191,
	5.6755 11.6382,
	5.68265 11.6763,
	5.68384 11.6858,
	5.68503 11.6906,
	5.68384 11.7097,
	5.67788 11.7287,
	5.67431 11.7669,
	5.67431 11.7859,
	5.67073 11.805,
	5.66477 11.8145,
	5.64571 11.8264,
	5.62664 11.8348,
	5.62426 11.8372,
	5.62307 11.8419,
	5.62307 11.8443,
	5.62188 11.8062,
	5.62188 11.7871,
	5.61711 11.749,
	5.60639 11.7109,
	5.59328 11.6727,
	5.58613 11.6537,
	5.58494 11.6489,
	5.58136 11.6441,
	5.57898 11.6346,
	5.57302 11.6251,
	5.57183 11.6203,
	5.57183 11.6179,
	5.56587 11.6084,
	5.55872 11.5893,
	5.53847 11.5512,
	5.52536 11.5321,
	5.51821 11.5226,
	5.50987 11.5035,
	5.50987 11.5011,
	"/>
</Transform>

<Transform dim="0"
 xcoef=" 0 1 0 0 0 0"
 ycoef=" 0 0 1 0 0 0">
<Contour name="d19p14" hidden="false" closed="true" simplified="true" border="1 0 0" fill="1 0 0" mode="11"
 points="4.9878 11.3328,
	4.97442 11.3091,
	5.00113 11.3104,
	"/>
</Transform>

<Transform dim="1"
 xcoef=" 0 1 0 0 0 0"
 ycoef=" 0 0 1 0 0 0">
<Contour name="d24sp41" hidden="false" closed="true" simplified="true" border="1 0 0" fill="1 0 0" mode="11"
 points="4.97768 5.33193,
	4.98099 5.31869,
	4.98099 5.30544,
	5.00582 5.2922,
	5.01907 5.28558,
	5.07204 5.27234,
	5.09852 5.26737,
	5.1515 5.26572,
	5.20447 5.27565,
	5.21771 5.2773,
	5.26737 5.32862,
	5.2922 5.35345,
	5.39814 5.43456,
	5.44946 5.47595,
	5.45939 5.48753,
	5.46601 5.49085,
	5.47926 5.50409,
	5.49085 5.53057,
	5.48919 5.55706,
	5.48753 5.5703,
	5.48422 5.57692,
	5.4776 5.58355,
	5.46436 5.58851,
	5.43787 5.59017,
	5.41139 5.58851,
	5.39814 5.5852,
	5.37166 5.5703,
	5.34517 5.55044,
	5.33855 5.5372,
	5.32862 5.52395,
	5.27896 5.47264,
	5.26572 5.46105,
	5.21274 5.4296,
	5.15977 5.40311,
	5.13329 5.39152,
	5.12004 5.38656,
	5.0141 5.37663,
	5.00086 5.37331,
	4.99424 5.37331,
	4.98099 5.36669,
	4.97768 5.36338,
	4.97768 5.3369,
	4.97768 5.33359,
	"/>
</Transform>

<Transform dim="0"
 xcoef=" 0 1 0 0 0 0"
 ycoef=" 0 0 1 0 0 0">
<Contour name="d24sp15" hidden="false" closed="true" simplified="true" border="1 0 0" fill="1 0 0" mode="11"
 points="6.58468 7.79043,
	6.54582 7.78679,
	6.50696 7.78072,
	6.4681 7.76857,
	6.45839 7.76615,
	6.43896 7.75522,
	6.42924 7.74914,
	6.42438 7.74671,
	6.4086 7.72728,
	6.4001 7.71757,
	6.38067 7.67871,
	6.37459 7.65928,
	6.37216 7.64956,
	6.37095 7.6107,
	6.37095 7.60585,
	6.37824 7.58641,
	6.38067 7.5767,
	6.38552 7.56698,
	6.40131 7.54755,
	6.4086 7.53784,
	6.42681 7.51841,
	6.44017 7.49898,
	6.44867 7.47955,
	6.44989 7.47469,
	6.44624 7.45526,
	6.42803 7.4164,
	6.41831 7.39697,
	6.41345 7.38725,
	6.40617 7.37754,
	6.38674 7.35811,
	6.36731 7.34718,
	6.32845 7.34111,
	6.31873 7.33868,
	6.2993 7.34232,
	6.27987 7.34354,
	6.27016 7.34232,
	6.23129 7.35811,
	6.21186 7.3654,
	6.20215 7.36904,
	6.18272 7.37025,
	6.16329 7.36904,
	6.14386 7.3654,
	6.12443 7.35932,
	6.11471 7.35204,
	6.11593 7.34597,
	6.15114 7.3071,
	6.16936 7.28767,
	6.18879 7.27189,
	6.20215 7.25246,
	6.21065 7.24274,
	6.21308 7.24031,
	6.22522 7.2306,
	6.23494 7.22453,
	6.24101 7.21481,
	6.24344 7.20995,
	6.26287 7.19417,
	6.2823 7.18567,
	6.43774 7.14316,
	6.45717 7.14073,
	6.46689 7.13952,
	6.48632 7.14316,
	6.52518 7.15531,
	6.54461 7.16866,
	6.54947 7.17109,
	6.62719 7.24031,
	6.66605 7.27674,
	6.68305 7.29618,
	6.71098 7.33504,
	6.72191 7.35447,
	6.73041 7.3739,
	6.73891 7.41276,
	6.74134 7.42247,
	6.74255 7.50019,
	6.74377 7.51962,
	6.74498 7.52934,
	6.74255 7.54877,
	6.73405 7.58763,
	6.73284 7.59734,
	6.72069 7.63621,
	6.71827 7.64592,
	6.70126 7.68478,
	6.69884 7.6945,
	6.67212 7.73336,
	6.65998 7.75279,
	6.62111 7.77829,
	6.60168 7.78436,
	6.59197 7.788,
	6.58711 7.78922,
	6.5859 7.79043,
	"/>
</Transform>

<Transform dim="0"
 xcoef=" 0 1 0 0 0 0"
 ycoef=" 0 0 1 0 0 0">
<Image mag="0.0022379" contrast="1.144" brightness="-0.15" red="true" green="true" blue="true"
 src="063____z62.0.tif" />
<Contour name="d05c15" hidden="false" closed="true" simplified="false" border="0 0 1" fill="0 0 1" mode="11"
 points="0 0,
	9356 0,
	9356 6733,
	0 6733,
	"/>
</Transform>

<Transform dim="0"
 xcoef=" 0 1 0 0 0 0"
 ycoef=" 0 0 1 0 0 0">
<Image mag="0.0022379" contrast="1.144" brightness="-0.15" red="true" green="true" blue="true"
 src="063____z62.0.tif" />
<Contour name="d05c15" hidden="false" closed="true" simplified="false" border="0 0 1" fill="0 0 1" mode="11"
 points="0 0,
	9356 0,
	9356 6733,
	0 6733,
	"/>
</Transform>

<Transform dim="0"
 xcoef=" 0 1 0 0 0 0"
 ycoef=" 0 0 1 0 0 0">
<Image mag="0.0022379" contrast="1.144" brightness="-0.15" red="true" green="true" blue="true"
 src="064____z63.0.tif" />
<Contour name="d05c15" hidden="false" closed="true" simplified="false" border="0 0 1" fill="0 0 1" mode="11"
 points="0 0,
	9356 0,
	9356 6733,
	0 6733,
	"/>
</Transform>

<Transform dim="0"
 xcoef=" 0 1 0 0 0 0"
 ycoef=" 0 0 1 0 0 0">
<Contour name="delete" hidden="false" closed="true" simplified="true" border="0 1 1" fill="0 1 1" mode="11"
 points="4.29379 11.5825,
	4.30534 11.5541,
	4.31334 11.5398,
	4.31778 11.5327,
	4.3311 11.5194,
	4.33821 11.515,
	4.34532 11.5123,
	4.37375 11.491,
	4.38796 11.483,
	4.39152 11.4803,
	4.39329 11.4803,
	4.40751 11.4714,
	4.43594 11.451,
	4.44927 11.4412,
	4.4617 11.4279,
	4.46703 11.4217,
	4.49458 11.4021,
	4.5079 11.3924,
	4.51501 11.387,
	4.52922 11.3799,
	4.54344 11.3701,
	4.54699 11.3675,
	4.55055 11.3666,
	4.57898 11.3515,
	4.58608 11.347,
	4.6003 11.3417,
	4.60741 11.3399,
	4.62162 11.3399,
	4.62873 11.3408,
	4.63584 11.3453,
	4.65894 11.3728,
	4.67493 11.4012,
	4.68203 11.4155,
	4.69092 11.4439,
	4.6927 11.4581,
	4.6927 11.4652,
	4.68914 11.4794,
	4.68203 11.4936,
	4.67315 11.5079,
	4.65805 11.5363,
	4.65005 11.5505,
	4.64561 11.5576,
	4.64294 11.5612,
	4.64294 11.5629,
	4.63317 11.5772,
	4.62962 11.5843,
	4.62695 11.5878,
	4.62606 11.5914,
	4.62429 11.5931,
	4.61896 11.6074,
	4.61718 11.6145,
	4.6154 11.618,
	4.61363 11.6322,
	4.61363 11.6607,
	4.6154 11.6891,
	4.6154 11.7175,
	4.6154 11.7317,
	4.61185 11.746,
	4.60563 11.7602,
	4.60208 11.7673,
	4.60208 11.7691,
	4.59319 11.7833,
	4.58964 11.7904,
	4.5692 11.8188,
	4.56298 11.8259,
	4.54344 11.8543,
	4.53544 11.8686,
	4.53189 11.8721,
	4.52745 11.8792,
	4.50346 11.9068,
	4.4928 11.9201,
	4.4848 11.9343,
	4.48125 11.9414,
	4.47059 11.9556,
	4.46703 11.9592,
	4.45282 11.9681,
	4.4386 11.9743,
	4.42439 11.9734,
	4.41017 11.9707,
	4.39685 11.9627,
	4.38352 11.9494,
	4.37908 11.9423,
	4.37553 11.9387,
	4.36753 11.9245,
	4.36486 11.921,
	4.36486 11.9192,
	4.35598 11.905,
	4.34621 11.8766,
	4.34354 11.8694,
	4.33732 11.8126,
	4.33555 11.7984,
	4.33377 11.7415,
	4.33288 11.7131,
	4.3311 11.6989,
	4.32755 11.6847,
	4.32488 11.6775,
	4.32488 11.674,
	4.31867 11.6598,
	4.30356 11.6313,
	4.29734 11.6171,
	4.29379 11.6029,
	4.29379 11.5887,
	4.29379 11.5851,
	4.29379 11.5834,
	"/>
</Transform>

<Transform dim="0"
 xcoef=" 0 1 0 0 0 0"
 ycoef=" 0 0 1 0 0 0">
<Contour name="d05" comment="dch_traced_06.2019" hidden="false" closed="true" simplified="true" border="1 1 0" fill="1 1 0" mode="11"
 points="9.59024 10.4014,
	9.59342 10.3886,
	9.60773 10.3632,
	9.61886 10.3505,
	9.64431 10.3314,
	9.65067 10.325,
	9.67612 10.3139,
	9.70157 10.3059,
	9.72701 10.2948,
	9.77791 10.2916,
	9.80335 10.2868,
	9.81608 10.2821,
	9.84152 10.2678,
	9.84788 10.263,
	9.87333 10.2614,
	9.89878 10.2646,
	9.92422 10.2725,
	9.93695 10.2789,
	9.94331 10.2837,
	9.94967 10.2853,
	10.0515 10.2821,
	10.1024 10.2709,
	10.1278 10.2725,
	10.1405 10.2725,
	10.166 10.2805,
	10.2169 10.3012,
	10.2296 10.3059,
	10.2805 10.3059,
	10.3059 10.3091,
	10.3314 10.3234,
	10.3425 10.3346,
	10.3695 10.3854,
	10.3839 10.4109,
	10.4173 10.4618,
	10.4332 10.4872,
	10.4888 10.589,
	10.519 10.6399,
	10.5413 10.6908,
	10.554 10.7163,
	10.589 10.818,
	10.6017 10.8689,
	10.6065 10.8817,
	10.6113 10.9071,
	10.6129 10.9326,
	10.6097 10.958,
	10.6033 10.9834,
	10.5922 11.0089,
	10.5906 11.0153,
	10.5747 11.0407,
	10.5636 11.0534,
	10.5572 11.0598,
	10.5445 11.0661,
	10.519 11.0741,
	10.4681 11.0725,
	10.4427 11.0677,
	10.43 11.0646,
	10.3791 11.0407,
	10.3536 11.02,
	10.3282 10.9962,
	10.3155 10.985,
	10.3027 10.9787,
	10.2964 10.9755,
	10.2932 10.9755,
	10.29 10.9723,
	10.2646 10.9612,
	10.2391 10.9532,
	10.2137 10.95,
	10.1628 10.9341,
	10.1501 10.9278,
	10.1437 10.9262,
	10.1183 10.9087,
	10.1055 10.9007,
	10.0992 10.8944,
	10.0928 10.8912,
	10.0705 10.8673,
	10.0578 10.8594,
	10.0069 10.8483,
	9.98148 10.8403,
	9.95603 10.826,
	9.94967 10.8228,
	9.92582 10.8021,
	9.90196 10.7767,
	9.89083 10.764,
	9.88287 10.7512,
	9.86061 10.7274,
	9.83675 10.7067,
	9.8113 10.6892,
	9.80812 10.686,
	9.7954 10.6813,
	9.76995 10.667,
	9.74451 10.6479,
	9.71906 10.6256,
	9.6952 10.6065,
	9.68566 10.5938,
	9.68089 10.5874,
	9.66976 10.5365,
	9.66181 10.5111,
	9.65226 10.4984,
	9.6459 10.492,
	9.64272 10.4856,
	9.61886 10.4618,
	9.59819 10.4363,
	9.59024 10.4236,
	9.59024 10.4109,
	9.59024 10.4045,
	9.59024 10.4029,
	"/>
</Transform>

</Section>