<?xml version="1.0"?>
<!DOCTYPE Section SYSTEM "section.dtd">

<Section index="218" thickness="0.047" alignLocked="true">
<Transform dim="0"
 xcoef=" 0 1 0 0 0 0"
 ycoef=" 0 0 1 0 0 0">
<Image mag="0.002066" contrast="2.15782" brightness="-0.39" red="true" green="true" blue="true"
 src="219____z10.767.jpg" />
<Contour name="domain1" hidden="false" closed="true" simplified="false" border="1 0 1" fill="1 0 1" mode="11"
 points="0 0,
	17608 0,
	17608 16967,
	0 16967,
	"/>
</Transform>

<Transform dim="0"
 xcoef=" 0 1 0 0 0 0"
 ycoef=" 0 0 1 0 0 0">
<Contour name="D04" hidden="false" closed="true" simplified="true" border="0 0 1" fill="0 0 1" mode="11"
 points="18.8931 26.7018,
	18.8333 26.6935,
	18.7794 26.6692,
	18.7366 26.6314,
	18.6996 26.531,
	18.709 26.4782,
	18.7366 26.4306,
	18.7794 26.3928,
	18.8333 26.3686,
	18.8931 26.3603,
	18.9529 26.3686,
	19.0069 26.3928,
	19.0497 26.4306,
	19.0772 26.4782,
	19.0867 26.531,
	19.0772 26.5837,
	19.0497 26.6314,
	19.0069 26.6692,
	18.9529 26.6935,
	"/>
</Transform>

<Transform dim="0"
 xcoef=" 0 1 0 0 0 0"
 ycoef=" 0 0 1 0 0 0">
<Contour name="D13" hidden="false" closed="true" simplified="true" border="0 0 1" fill="0 0 1" mode="11"
 points="21.0244 23.1692,
	20.9646 23.1614,
	20.9106 23.1387,
	20.8678 23.1035,
	20.8308 23.0098,
	20.8404 22.9605,
	20.8678 22.9161,
	20.9106 22.8808,
	20.9646 22.8582,
	21.0244 22.8503,
	21.0843 22.8582,
	21.1382 22.8808,
	21.181 22.9161,
	21.2085 22.9605,
	21.2179 23.0098,
	21.2085 23.0591,
	21.181 23.1035,
	21.1382 23.1387,
	21.0843 23.1614,
	"/>
</Transform>

<Transform dim="0"
 xcoef=" 0 1 0 0 0 0"
 ycoef=" 0 0 1 0 0 0">
<Contour name="D51" hidden="false" closed="true" simplified="true" border="0 0 1" fill="0 0 1" mode="11"
 points="9.16183 22.5984,
	9.10709 22.5907,
	9.05763 22.5685,
	9.01835 22.5338,
	8.98451 22.4418,
	8.99314 22.3935,
	9.01835 22.3498,
	9.05763 22.3152,
	9.10709 22.293,
	9.16183 22.2853,
	9.21665 22.293,
	9.26611 22.3152,
	9.30539 22.3498,
	9.33053 22.3935,
	9.33923 22.4418,
	9.33053 22.4902,
	9.30539 22.5338,
	9.26611 22.5685,
	9.21665 22.5907,
	"/>
</Transform>

<Transform dim="0"
 xcoef=" 0 1 0 0 0 0"
 ycoef=" 0 0 1 0 0 0">
<Contour name="D08" hidden="false" closed="true" simplified="true" border="0 0 1" fill="0 0 1" mode="11"
 points="7.36591 26.3168,
	7.30258 26.309,
	7.24545 26.2863,
	7.20011 26.251,
	7.16097 26.1573,
	7.171 26.1081,
	7.20011 26.0636,
	7.24545 26.0284,
	7.30258 26.0057,
	7.36591 25.998,
	7.42924 26.0057,
	7.48637 26.0284,
	7.5317 26.0636,
	7.56081 26.1081,
	7.57084 26.1573,
	7.56081 26.2066,
	7.5317 26.251,
	7.48637 26.2863,
	7.42924 26.309,
	"/>
</Transform>

<Transform dim="0"
 xcoef=" 0 1 0 0 0 0"
 ycoef=" 0 0 1 0 0 0">
<Contour name="D61" hidden="false" closed="true" simplified="true" border="0 0 1" fill="0 0 1" mode="11"
 points="18.1623 18.8101,
	18.1398 18.8069,
	18.1187 18.7989,
	18.1002 18.7863,
	18.0854 18.77,
	18.075 18.7509,
	18.069 18.7192,
	18.0717 18.6978,
	18.0796 18.6776,
	18.0923 18.6598,
	18.1091 18.6453,
	18.129 18.6349,
	18.1509 18.6292,
	18.1737 18.6285,
	18.1959 18.633,
	18.2164 18.6423,
	18.2341 18.6558,
	18.2478 18.6729,
	18.2571 18.6926,
	18.2611 18.7138,
	18.2598 18.7353,
	18.2531 18.7559,
	18.2415 18.7743,
	18.2257 18.7899,
	18.2065 18.8013,
	18.1849 18.8082,
	"/>
</Transform>

<Transform dim="0"
 xcoef=" 0 1 0 0 0 0"
 ycoef=" 0 0 1 0 0 0">
<Contour name="D63" hidden="false" closed="true" simplified="true" border="0 0 1" fill="0 0 1" mode="11"
 points="9.29975 15.9552,
	9.28527 15.9527,
	9.27145 15.9469,
	9.25877 15.9381,
	9.24772 15.9267,
	9.23867 15.913,
	9.23197 15.8973,
	9.22646 15.8632,
	9.22785 15.8457,
	9.23197 15.8289,
	9.23867 15.8134,
	9.24772 15.7995,
	9.25877 15.7881,
	9.27145 15.7793,
	9.28527 15.7736,
	9.29975 15.7711,
	9.31437 15.772,
	9.32859 15.7761,
	9.3419 15.7834,
	9.35381 15.7935,
	9.36391 15.8062,
	9.37182 15.8209,
	9.37726 15.8372,
	9.38003 15.8544,
	9.38003 15.8719,
	9.37726 15.8891,
	9.37182 15.9054,
	9.36391 15.9201,
	9.35381 15.9327,
	9.3419 15.9429,
	9.32859 15.9502,
	9.31437 15.9544,
	"/>
</Transform>

<Transform dim="0"
 xcoef=" 0 1 0 0 0 0"
 ycoef=" 0 0 1 0 0 0">
<Contour name="D26" hidden="false" closed="true" simplified="true" border="0 0 1" fill="0 0 1" mode="11"
 points="16.3428 27.5588,
	16.2759 27.5509,
	16.2157 27.5283,
	16.1678 27.493,
	16.1265 27.3993,
	16.137 27.35,
	16.1678 27.3056,
	16.2157 27.2704,
	16.2759 27.2477,
	16.3428 27.2399,
	16.4096 27.2477,
	16.4699 27.2704,
	16.5178 27.3056,
	16.5485 27.35,
	16.5591 27.3993,
	16.5485 27.4486,
	16.5178 27.493,
	16.4699 27.5283,
	16.4096 27.5509,
	"/>
</Transform>

<Transform dim="0"
 xcoef=" 0 1 0 0 0 0"
 ycoef=" 0 0 1 0 0 0">
<Contour name="D16" hidden="false" closed="true" simplified="true" border="1 0 0" fill="1 0 0" mode="11"
 points="22.1421 27.8545,
	22.0894 27.8467,
	22.0418 27.824,
	22.004 27.7887,
	21.9713 27.695,
	21.9797 27.6458,
	22.004 27.6013,
	22.0418 27.5662,
	22.0894 27.5435,
	22.1421 27.5357,
	22.1949 27.5435,
	22.2425 27.5662,
	22.2803 27.6013,
	22.3045 27.6458,
	22.3129 27.695,
	22.3045 27.7443,
	22.2803 27.7887,
	22.2425 27.824,
	22.1949 27.8467,
	"/>
</Transform>

<Transform dim="0"
 xcoef=" 0 1 0 0 0 0"
 ycoef=" 0 0 1 0 0 0">
<Contour name="d51" hidden="false" closed="true" simplified="true" border="1 1 0" fill="1 1 0" mode="11"
 points="8.82834 22.7984,
	8.81843 22.7946,
	8.81348 22.7934,
	8.81224 22.7909,
	8.80728 22.7909,
	8.80233 22.7885,
	8.79986 22.7885,
	8.79738 22.786,
	8.77756 22.7773,
	8.77509 22.7773,
	8.76642 22.7699,
	8.75652 22.765,
	8.75156 22.7613,
	8.74166 22.7575,
	8.7367 22.7538,
	8.73422 22.7538,
	8.73175 22.7513,
	8.7268 22.7501,
	8.72183 22.7463,
	8.71936 22.7414,
	8.71069 22.7315,
	8.68593 22.6968,
	8.68097 22.6869,
	8.67974 22.677,
	8.68221 22.6572,
	8.68593 22.6473,
	8.68716 22.6374,
	8.6884 22.6325,
	8.69088 22.6312,
	8.69211 22.6113,
	8.69211 22.6015,
	8.68964 22.5916,
	8.68716 22.5891,
	8.68593 22.5792,
	8.67974 22.5693,
	8.67725 22.5668,
	8.67354 22.5569,
	8.67107 22.5519,
	8.66858 22.5495,
	8.65992 22.5297,
	8.65497 22.5198,
	8.65001 22.4999,
	8.6463 22.49,
	8.64505 22.4851,
	8.64505 22.4826,
	8.64258 22.4814,
	8.64258 22.4764,
	8.64258 22.474,
	8.6401 22.4715,
	8.63887 22.4665,
	8.63515 22.4628,
	8.63515 22.4578,
	8.62401 22.4393,
	8.61658 22.4331,
	8.61658 22.4306,
	8.61286 22.4269,
	8.61038 22.4269,
	8.60171 22.4194,
	8.598 22.4145,
	8.59305 22.412,
	8.59057 22.4083,
	8.5819 22.3996,
	8.57943 22.3947,
	8.57695 22.3922,
	8.57695 22.3873,
	8.57447 22.3848,
	8.57323 22.3748,
	8.57323 22.3699,
	8.57323 22.3686,
	8.57323 22.3674,
	8.57943 22.36,
	8.58933 22.355,
	8.60915 22.3489,
	8.6141 22.3476,
	8.62029 22.3279,
	8.62029 22.3253,
	8.62277 22.3228,
	8.62524 22.303,
	8.62772 22.2932,
	8.63268 22.2833,
	8.63639 22.2782,
	8.6463 22.2733,
	8.65125 22.272,
	8.67107 22.2584,
	8.67974 22.251,
	8.69955 22.2399,
	8.70946 22.2337,
	8.72308 22.2163,
	8.72927 22.2102,
	8.7305 22.2052,
	8.73794 22.1953,
	8.74041 22.1904,
	8.74536 22.1854,
	8.75775 22.168,
	8.76147 22.1656,
	8.76394 22.1606,
	8.78252 22.1446,
	8.785 22.1421,
	8.80481 22.1346,
	8.81472 22.1321,
	8.83081 22.116,
	8.8432 22.0987,
	8.85311 22.0901,
	8.85558 22.0901,
	8.86425 22.0826,
	8.87168 22.0776,
	8.87416 22.0752,
	8.87664 22.0752,
	8.87911 22.0727,
	8.89892 22.064,
	8.9014 22.064,
	8.90636 22.0603,
	8.92617 22.0541,
	8.93112 22.0529,
	8.93979 22.0455,
	8.94846 22.0355,
	8.95465 22.0281,
	8.96332 22.0194,
	8.96704 22.0145,
	8.97695 22.0096,
	8.9819 22.0096,
	8.9918 22.0046,
	9.00171 22.0021,
	9.01162 21.9972,
	9.02152 21.9947,
	9.02524 21.991,
	9.03019 21.9897,
	9.05001 21.9761,
	9.06735 21.9613,
	9.10573 21.9352,
	9.11068 21.934,
	9.1206 21.9266,
	9.13916 21.9191,
	9.15899 21.9142,
	9.16394 21.9117,
	9.18375 21.908,
	9.20356 21.908,
	9.21347 21.9093,
	9.21594 21.9093,
	9.21842 21.9117,
	9.22091 21.9117,
	9.22586 21.9154,
	9.23205 21.9253,
	9.24072 21.9327,
	9.24567 21.9364,
	9.24814 21.9364,
	9.25186 21.9402,
	9.27167 21.9452,
	9.3113 21.9452,
	9.33111 21.944,
	9.35093 21.9452,
	9.36084 21.9514,
	9.36331 21.9514,
	9.37198 21.9576,
	9.37322 21.96,
	9.3757 21.96,
	9.38312 21.9687,
	9.38808 21.9786,
	9.39056 21.9884,
	9.39179 22.0281,
	9.39551 22.048,
	9.39923 22.0579,
	9.39923 22.0628,
	9.4017 22.0653,
	9.40665 22.085,
	9.4079 22.095,
	9.41161 22.1049,
	9.42523 22.121,
	9.43885 22.1396,
	9.44009 22.1792,
	9.44257 22.199,
	9.44752 22.2188,
	9.45123 22.2287,
	9.45123 22.2312,
	9.4599 22.2399,
	9.46362 22.2449,
	9.4822 22.2572,
	9.48715 22.2609,
	9.48963 22.2609,
	9.4921 22.2634,
	9.50201 22.2671,
	9.50696 22.2708,
	9.51192 22.272,
	9.52182 22.2796,
	9.52678 22.282,
	9.53173 22.287,
	9.5404 22.2932,
	9.54783 22.3018,
	9.55031 22.3067,
	9.55279 22.308,
	9.55279 22.3105,
	9.55526 22.3129,
	9.55526 22.3179,
	9.55898 22.3279,
	9.56146 22.3328,
	9.56641 22.3723,
	9.57012 22.3823,
	9.57136 22.4021,
	9.57012 22.4219,
	9.56269 22.4319,
	9.55402 22.4393,
	9.54907 22.4417,
	9.54659 22.4467,
	9.54288 22.4492,
	9.53793 22.4541,
	9.53668 22.459,
	9.52926 22.4689,
	9.52554 22.474,
	9.52182 22.4764,
	9.51192 22.4851,
	9.5082 22.49,
	9.48963 22.5036,
	9.48468 22.5073,
	9.47972 22.5086,
	9.47601 22.5123,
	9.45619 22.5198,
	9.44628 22.5272,
	9.41781 22.5643,
	9.40418 22.5805,
	9.38684 22.5965,
	9.36826 22.6101,
	9.36579 22.6126,
	9.36084 22.6138,
	9.35093 22.6201,
	9.33111 22.6263,
	9.3212 22.63,
	9.31625 22.63,
	9.31378 22.6325,
	9.29397 22.6386,
	9.28406 22.6423,
	9.27911 22.6448,
	9.27663 22.6473,
	9.27167 22.6485,
	9.2692 22.6485,
	9.25928 22.6559,
	9.25681 22.6559,
	9.24691 22.6621,
	9.22709 22.6709,
	9.22461 22.6733,
	9.21966 22.6746,
	9.21719 22.6746,
	9.20975 22.6808,
	9.20728 22.6832,
	9.19738 22.6869,
	9.19613 22.6894,
	9.19118 22.6906,
	9.18251 22.6968,
	9.18003 22.6993,
	9.17508 22.7005,
	9.16765 22.7079,
	9.16518 22.7079,
	9.14783 22.7241,
	9.13793 22.734,
	9.12926 22.7402,
	9.11935 22.7439,
	9.11688 22.7463,
	9.11193 22.7463,
	9.0723 22.7575,
	9.06982 22.7575,
	9.06735 22.76,
	9.04753 22.7613,
	9.02771 22.7687,
	9.02276 22.7687,
	9.01781 22.7712,
	9.01533 22.7712,
	9.01409 22.7736,
	8.97446 22.7835,
	8.97199 22.786,
	8.93236 22.7946,
	8.85311 22.7984,
	"/>
</Transform>

<Transform dim="0"
 xcoef=" 0 1 0 0 0 0"
 ycoef=" 0 0 1 0 0 0">
<Contour name="d04" hidden="false" closed="true" simplified="true" border="0 0 0" fill="0 0 0" mode="11"
 points="18.9228 27.1474,
	18.8928 27.1418,
	18.8779 27.1381,
	18.8628 27.1381,
	18.8479 27.1306,
	18.833 27.1174,
	18.8198 27.1118,
	18.8067 27.1025,
	18.7918 27.0969,
	18.7843 27.0913,
	18.7768 27.0894,
	18.7712 27.0838,
	18.7562 27.0782,
	18.7525 27.0744,
	18.745 27.0725,
	18.7301 27.0632,
	18.7262 27.0632,
	18.7206 27.0576,
	18.7169 27.0576,
	18.6889 27.0371,
	18.6833 27.0333,
	18.6683 27.0202,
	18.6608 27.0145,
	18.6403 26.9903,
	18.629 26.9791,
	18.6178 26.964,
	18.6103 26.9584,
	18.6103 26.9547,
	18.6028 26.9472,
	18.6028 26.9435,
	18.5747 26.9135,
	18.5467 26.8893,
	18.5335 26.878,
	18.5317 26.8742,
	18.5279 26.8742,
	18.5167 26.863,
	18.5055 26.8481,
	18.5055 26.8443,
	18.4999 26.8369,
	18.4962 26.833,
	18.4906 26.8032,
	18.4906 26.7433,
	18.4868 26.6834,
	18.4812 26.6535,
	18.4644 26.5936,
	18.4644 26.5786,
	18.4588 26.5488,
	18.4532 26.4888,
	18.4532 26.4589,
	18.4532 26.4439,
	18.4532 26.442,
	18.4532 26.4402,
	18.4569 26.4327,
	18.4569 26.4252,
	18.4606 26.4215,
	18.4644 26.4066,
	18.4718 26.3915,
	18.4718 26.3878,
	18.483 26.3766,
	18.4868 26.3729,
	18.4906 26.3729,
	18.4925 26.3691,
	18.4962 26.3691,
	18.4981 26.3654,
	18.5055 26.3654,
	18.5074 26.3617,
	18.5654 26.3485,
	18.6252 26.3466,
	18.6552 26.3447,
	18.6833 26.3317,
	18.6908 26.3298,
	18.6945 26.3261,
	18.6982 26.3261,
	18.7132 26.3149,
	18.7206 26.3074,
	18.7244 26.3074,
	18.7244 26.3036,
	18.7319 26.2998,
	18.7319 26.2961,
	18.7394 26.2905,
	18.7394 26.2868,
	18.7618 26.2662,
	18.7749 26.2568,
	18.7806 26.2512,
	18.7843 26.2512,
	18.7918 26.2437,
	18.7955 26.2437,
	18.8067 26.2307,
	18.8217 26.2213,
	18.8292 26.2139,
	18.8311 26.21,
	18.8348 26.21,
	18.8386 26.2026,
	18.8423 26.2026,
	18.8797 26.1464,
	18.8853 26.1408,
	18.8853 26.1371,
	18.8984 26.1222,
	18.9171 26.0978,
	18.9265 26.0829,
	18.9303 26.0754,
	18.934 26.0735,
	18.9359 26.066,
	18.9396 26.0641,
	18.9396 26.0604,
	18.9433 26.0566,
	18.9489 26.0267,
	18.9508 26.0117,
	18.9601 25.9818,
	18.9657 25.9687,
	18.9676 25.9612,
	18.9733 25.9556,
	18.9752 25.9481,
	18.9845 25.9351,
	18.9882 25.9276,
	18.992 25.9238,
	18.9938 25.9163,
	18.9994 25.9107,
	18.9994 25.907,
	19.0069 25.8995,
	19.0069 25.8958,
	19.035 25.8677,
	19.0499 25.8546,
	19.0537 25.849,
	19.0668 25.834,
	19.0949 25.8115,
	19.1192 25.7891,
	19.1248 25.7817,
	19.1286 25.7778,
	19.1286 25.7741,
	19.1528 25.748,
	19.1603 25.7442,
	19.1679 25.7368,
	19.1809 25.7292,
	19.194 25.718,
	19.2015 25.7143,
	19.224 25.6844,
	19.2277 25.6787,
	19.2408 25.6637,
	19.2501 25.6488,
	19.2577 25.6413,
	19.2596 25.6338,
	19.2782 25.6058,
	19.3025 25.5814,
	19.3138 25.5702,
	19.3231 25.5422,
	19.3325 25.5271,
	19.3343 25.5197,
	19.3399 25.5141,
	19.3399 25.5103,
	19.355 25.4973,
	19.3624 25.4916,
	19.3923 25.4878,
	19.4223 25.4878,
	19.4523 25.4935,
	19.4653 25.5029,
	19.4728 25.5085,
	19.4821 25.5215,
	19.4896 25.5515,
	19.4896 25.6114,
	19.4896 25.6413,
	19.4877 25.6488,
	19.4821 25.6563,
	19.4747 25.6862,
	19.4709 25.7461,
	19.4709 25.776,
	19.4915 25.8359,
	19.4971 25.8658,
	19.4971 25.8958,
	19.499 25.9032,
	19.5028 25.907,
	19.5028 25.9107,
	19.5065 25.9126,
	19.5065 25.9163,
	19.5196 25.9276,
	19.527 25.9425,
	19.5308 25.9575,
	19.5308 25.9725,
	19.527 25.9874,
	19.5252 26.0173,
	19.5308 26.0473,
	19.5401 26.0773,
	19.542 26.0922,
	19.542 26.0959,
	19.527 26.0978,
	19.5121 26.0959,
	19.5102 26.0922,
	19.5065 26.0922,
	19.499 26.0866,
	19.484 26.0829,
	19.4765 26.0847,
	19.4728 26.0847,
	19.4597 26.0978,
	19.4523 26.1109,
	19.4484 26.1259,
	19.4484 26.1857,
	19.4484 26.1932,
	19.4354 26.2232,
	19.4316 26.2381,
	19.4316 26.2419,
	19.4279 26.2456,
	19.4092 26.3054,
	19.4092 26.313,
	19.3998 26.3429,
	19.396 26.3579,
	19.396 26.3878,
	19.3923 26.4178,
	19.383 26.4476,
	19.3755 26.4627,
	19.3718 26.4776,
	19.368 26.4813,
	19.3568 26.5113,
	19.3511 26.5188,
	19.3455 26.5319,
	19.3418 26.5393,
	19.3418 26.5431,
	19.3362 26.5488,
	19.3269 26.5786,
	19.3194 26.5917,
	19.3175 26.5993,
	19.3119 26.6067,
	19.3119 26.6105,
	19.3025 26.6254,
	19.2894 26.6554,
	19.2876 26.6628,
	19.2876 26.6666,
	19.282 26.674,
	19.2782 26.689,
	19.2708 26.704,
	19.2689 26.7115,
	19.2633 26.719,
	19.2633 26.7227,
	19.2577 26.7302,
	19.2539 26.7339,
	19.252 26.7415,
	19.2464 26.7471,
	19.2445 26.7545,
	19.2352 26.7695,
	19.2296 26.7844,
	19.2277 26.792,
	19.2221 26.7994,
	19.2184 26.8144,
	19.2146 26.8218,
	19.2146 26.8293,
	19.1996 26.8593,
	19.1921 26.8893,
	19.1809 26.9191,
	19.1791 26.9491,
	19.1809 26.964,
	19.1828 26.9715,
	19.1865 26.9752,
	19.1884 26.9903,
	19.1884 26.9977,
	19.1791 27.0127,
	19.1679 27.0239,
	19.1603 27.0296,
	19.1566 27.0333,
	19.1416 27.0371,
	19.1379 27.0408,
	19.1304 27.0427,
	19.1267 27.0427,
	19.1192 27.0483,
	19.0893 27.0595,
	19.0855 27.0632,
	19.078 27.0651,
	19.0743 27.0651,
	19.0593 27.0764,
	19.0593 27.0801,
	19.035 27.1044,
	19.0201 27.1118,
	19.0125 27.1137,
	19.0088 27.1174,
	19.005 27.1174,
	18.9976 27.123,
	18.9676 27.1343,
	18.9377 27.1418,
	"/>
</Transform>

<Transform dim="0"
 xcoef=" 0 1 0 0 0 0"
 ycoef=" 0 0 1 0 0 0">
<Contour name="d61_original" hidden="false" closed="true" simplified="true" border="0 0 0" fill="0 0 0" mode="11"
 points="18.744 19.4786,
	18.7288 19.473,
	18.6986 19.4464,
	18.6739 19.4237,
	18.6531 19.3915,
	18.6475 19.3764,
	18.6456 19.3461,
	18.6361 19.3328,
	18.6096 19.3064,
	18.5945 19.295,
	18.583 19.2855,
	18.5528 19.2666,
	18.5453 19.2647,
	18.5415 19.2609,
	18.5111 19.2514,
	18.496 19.2457,
	18.4657 19.2419,
	18.4581 19.2382,
	18.3824 19.2382,
	18.3218 19.2268,
	18.3067 19.2231,
	18.2915 19.2231,
	18.2612 19.2174,
	18.246 19.2136,
	18.2441 19.2117,
	18.4865 19.1378,
	18.6077 19.1018,
	18.6683 19.0829,
	18.6986 19.0735,
	18.7062 19.0716,
	18.6986 19.0413,
	18.6929 19.0262,
	18.6929 19.0224,
	18.6891 19.0186,
	18.6891 19.0109,
	18.6815 18.9958,
	18.6796 18.9883,
	18.6739 18.9807,
	18.6683 18.9655,
	18.6664 18.9579,
	18.6475 18.9277,
	18.6456 18.9201,
	18.6134 18.8595,
	18.6058 18.8444,
	18.5983 18.814,
	18.5983 18.7838,
	18.602 18.7686,
	18.602 18.7535,
	18.6058 18.7459,
	18.6077 18.7308,
	18.6077 18.7269,
	18.6115 18.7232,
	18.6115 18.7156,
	18.6247 18.6854,
	18.6323 18.6702,
	18.6361 18.6683,
	18.6361 18.6645,
	18.6569 18.638,
	18.6607 18.638,
	18.6645 18.6343,
	18.672 18.6361,
	18.6777 18.6437,
	18.6796 18.6513,
	18.6835 18.655,
	18.6891 18.6702,
	18.7156 18.6967,
	18.7365 18.7232,
	18.7573 18.744,
	18.7648 18.7497,
	18.7686 18.7497,
	18.7819 18.7592,
	18.7895 18.7648,
	18.7933 18.7648,
	18.7952 18.7686,
	18.7989 18.7686,
	18.8254 18.7933,
	18.8463 18.8178,
	18.8519 18.8254,
	18.8519 18.8293,
	18.8633 18.8444,
	18.8689 18.8519,
	18.8708 18.8595,
	18.8879 18.8898,
	18.8917 18.8917,
	18.8917 18.8993,
	18.9049 18.9277,
	18.9125 18.9579,
	18.9125 19.0186,
	18.9106 19.0488,
	18.9106 19.0639,
	18.903 19.0943,
	18.8917 19.1246,
	18.886 19.1548,
	18.8804 19.2155,
	18.8766 19.2231,
	18.8747 19.2533,
	18.867 19.2836,
	18.8652 19.2987,
	18.8614 19.3025,
	18.8576 19.3177,
	18.8519 19.3253,
	18.85 19.3328,
	18.833 19.3632,
	18.833 19.3669,
	18.8274 19.3726,
	18.8216 19.3877,
	18.8178 19.3915,
	18.8046 19.42,
	18.8008 19.4218,
	18.7989 19.4294,
	18.778 19.4597,
	18.7667 19.4692,
	18.7592 19.4748,
	"/>
</Transform>

<Transform dim="0"
 xcoef=" 0 1 0 0 0 0"
 ycoef=" 0 0 1 0 0 0">
<Contour name="d13" hidden="false" closed="true" simplified="true" border="0 0 0" fill="0 0 0" mode="11"
 points="21.0079 23.6919,
	21.0004 23.691,
	20.9976 23.6882,
	20.9938 23.6882,
	20.9796 23.6732,
	20.9749 23.6656,
	20.974 23.6618,
	20.9712 23.6581,
	20.9702 23.628,
	20.9759 23.6129,
	20.9778 23.611,
	20.9806 23.6035,
	20.9834 23.5998,
	20.9854 23.5696,
	20.9854 23.5621,
	20.9815 23.5471,
	20.9759 23.5321,
	20.974 23.5245,
	20.9731 23.5207,
	20.9712 23.5189,
	20.9702 23.5151,
	20.9637 23.5076,
	20.9599 23.5038,
	20.9562 23.5029,
	20.9411 23.4916,
	20.9345 23.4841,
	20.926 23.47,
	20.9232 23.4625,
	20.9185 23.4559,
	20.911 23.4512,
	20.9073 23.4493,
	20.9054 23.4521,
	20.9035 23.4484,
	20.8433 23.4474,
	20.7831 23.4484,
	20.7531 23.454,
	20.7493 23.4549,
	20.7342 23.4531,
	20.7267 23.4521,
	20.7192 23.4493,
	20.7154 23.4474,
	20.7117 23.4474,
	20.7041 23.4427,
	20.689 23.4371,
	20.674 23.4295,
	20.6721 23.4276,
	20.6684 23.4267,
	20.6656 23.4239,
	20.6618 23.4229,
	20.6317 23.4023,
	20.6279 23.4004,
	20.6251 23.3967,
	20.6232 23.3948,
	20.6195 23.3938,
	20.6045 23.3815,
	20.6017 23.3778,
	20.5997 23.3759,
	20.5978 23.3759,
	20.594 23.3722,
	20.5922 23.3722,
	20.5903 23.3684,
	20.5828 23.3628,
	20.579 23.3618,
	20.5762 23.3581,
	20.5725 23.3571,
	20.5574 23.3421,
	20.5508 23.3345,
	20.5489 23.3308,
	20.5414 23.3251,
	20.5358 23.3176,
	20.5348 23.3139,
	20.5292 23.3064,
	20.5273 23.3026,
	20.5273 23.3007,
	20.5226 23.2942,
	20.5142 23.264,
	20.5104 23.249,
	20.5085 23.2339,
	20.5085 23.2189,
	20.5085 23.2151,
	20.5198 23.185,
	20.5207 23.1775,
	20.5189 23.1625,
	20.5142 23.1475,
	20.5104 23.1398,
	20.5104 23.1361,
	20.5076 23.1323,
	20.4962 23.1023,
	20.4925 23.0948,
	20.4906 23.0872,
	20.4906 23.0722,
	20.4906 23.0712,
	20.4906 23.0703,
	20.4953 23.0553,
	20.5009 23.0478,
	20.5028 23.0439,
	20.5067 23.0411,
	20.5198 23.012,
	20.5226 23.0045,
	20.5273 22.9978,
	20.5348 22.9931,
	20.5367 22.9913,
	20.5517 22.9856,
	20.5668 22.9819,
	20.5743 22.9772,
	20.5762 22.9772,
	20.6063 22.9471,
	20.6195 22.933,
	20.6251 22.9255,
	20.6336 22.9105,
	20.6345 22.9067,
	20.6458 22.8916,
	20.6476 22.8897,
	20.6487 22.886,
	20.6703 22.8559,
	20.6768 22.8408,
	20.6796 22.8333,
	20.6843 22.8267,
	20.6862 22.8249,
	20.6872 22.8211,
	20.6985 22.806,
	20.707 22.791,
	20.7088 22.7872,
	20.7126 22.7835,
	20.722 22.7684,
	20.7248 22.7609,
	20.737 22.7458,
	20.7512 22.7327,
	20.7559 22.7177,
	20.7568 22.7101,
	20.7568 22.7082,
	20.7596 22.7044,
	20.7643 22.6894,
	20.7718 22.6744,
	20.7765 22.6669,
	20.784 22.6602,
	20.7887 22.6527,
	20.7915 22.6499,
	20.7915 22.648,
	20.7944 22.6443,
	20.7944 22.6424,
	20.8057 22.6274,
	20.8066 22.6236,
	20.8188 22.6085,
	20.8264 22.6019,
	20.8292 22.5991,
	20.8329 22.5982,
	20.8405 22.5925,
	20.8555 22.5841,
	20.8856 22.5643,
	20.8932 22.5596,
	20.9007 22.553,
	20.9044 22.5502,
	20.9091 22.5427,
	20.9223 22.5277,
	20.9298 22.5211,
	20.9449 22.5145,
	20.9524 22.5116,
	20.9824 22.5069,
	20.9901 22.506,
	20.9976 22.5032,
	21.0013 22.5022,
	21.0088 22.4976,
	21.039 22.4713,
	21.054 22.459,
	21.0615 22.4543,
	21.0643 22.4515,
	21.0662 22.4515,
	21.0737 22.4458,
	21.1038 22.4318,
	21.1339 22.4224,
	21.1414 22.4213,
	21.149 22.4224,
	21.1791 22.4346,
	21.1866 22.4374,
	21.1904 22.4383,
	21.2054 22.4477,
	21.2129 22.4515,
	21.2166 22.4552,
	21.2185 22.4552,
	21.2261 22.4618,
	21.2299 22.4627,
	21.2374 22.4684,
	21.2411 22.4702,
	21.2543 22.4844,
	21.2618 22.491,
	21.2646 22.4947,
	21.2665 22.4947,
	21.2816 22.5069,
	21.3107 22.5249,
	21.3258 22.5343,
	21.3333 22.5399,
	21.3371 22.5436,
	21.3511 22.5728,
	21.3577 22.5879,
	21.3577 22.5916,
	21.3643 22.6066,
	21.3671 22.6669,
	21.3691 22.6819,
	21.3709 22.6894,
	21.3709 22.6932,
	21.3756 22.7082,
	21.3766 22.7233,
	21.3775 22.7271,
	21.3803 22.7308,
	21.3813 22.7346,
	21.3813 22.7364,
	21.3831 22.7383,
	21.3831 22.7421,
	21.3869 22.7496,
	21.3916 22.7647,
	21.3935 22.7722,
	21.3953 22.776,
	21.3953 22.7797,
	21.3972 22.7835,
	21.3963 22.8436,
	21.3925 22.8738,
	21.386 22.9039,
	21.3822 22.9189,
	21.3794 22.9264,
	21.3775 22.9283,
	21.3747 22.9358,
	21.3728 22.9395,
	21.3652 22.9471,
	21.3615 22.9499,
	21.3577 22.9509,
	21.3539 22.9547,
	21.3464 22.9575,
	21.3389 22.9641,
	21.3361 22.9678,
	21.3324 22.9828,
	21.3333 23.043,
	21.3361 23.1032,
	21.3389 23.1183,
	21.3399 23.122,
	21.3267 23.1822,
	21.3249 23.2123,
	21.3277 23.3326,
	21.3305 23.3478,
	21.3305 23.3553,
	21.3342 23.3703,
	21.338 23.4004,
	21.3389 23.4079,
	21.3371 23.4229,
	21.3371 23.4267,
	21.3352 23.4304,
	21.3324 23.4456,
	21.323 23.4756,
	21.3191 23.4832,
	21.3041 23.4935,
	21.2741 23.4963,
	21.2665 23.4973,
	21.259 23.5001,
	21.2289 23.5029,
	21.2138 23.5038,
	21.2101 23.5038,
	21.195 23.5142,
	21.1658 23.5396,
	21.1527 23.5527,
	21.1396 23.5678,
	21.1104 23.5923,
	21.1001 23.6073,
	21.0869 23.6374,
	21.0793 23.6524,
	21.0756 23.6562,
	21.0746 23.6599,
	21.0727 23.6618,
	21.0727 23.6637,
	21.069 23.6665,
	21.0671 23.6704,
	21.0521 23.6807,
	21.0483 23.6816,
	21.0455 23.6844,
	21.0154 23.691,
	"/>
</Transform>

<Transform dim="0"
 xcoef=" 0 1 0 0 0 0"
 ycoef=" 0 0 1 0 0 0">
<Contour name="d61sp37" hidden="false" closed="true" simplified="true" border="1 0 0" fill="1 0 0" mode="11"
 points="18.8918 19.7761,
	18.8896 19.774,
	18.8875 19.774,
	18.8714 19.7622,
	18.8628 19.7569,
	18.8607 19.7547,
	18.8586 19.7547,
	18.8511 19.7494,
	18.8468 19.7462,
	18.8447 19.7462,
	18.8372 19.7398,
	18.8297 19.7354,
	18.8253 19.7322,
	18.8232 19.7322,
	18.8221 19.7301,
	18.82 19.7301,
	18.8072 19.7151,
	18.8008 19.698,
	18.8008 19.6808,
	18.8008 19.6765,
	18.8008 19.6744,
	18.8008 19.6733,
	18.8072 19.6648,
	18.8093 19.6605,
	18.8114 19.6594,
	18.8114 19.6573,
	18.8179 19.6509,
	18.8211 19.6488,
	18.8265 19.6401,
	18.8286 19.6358,
	18.8308 19.6348,
	18.8318 19.6305,
	18.8436 19.6155,
	18.8436 19.6134,
	18.8554 19.6006,
	18.8692 19.5855,
	18.8854 19.5738,
	18.8886 19.5706,
	18.8907 19.5706,
	18.8939 19.5663,
	18.8961 19.5663,
	18.9035 19.5609,
	18.9078 19.5577,
	18.9099 19.5577,
	18.9121 19.5556,
	18.9142 19.5556,
	18.9153 19.5535,
	18.9496 19.5416,
	18.9667 19.5352,
	18.9753 19.532,
	18.9796 19.5309,
	18.9839 19.5277,
	19.0182 19.516,
	19.0267 19.5117,
	19.0438 19.5064,
	19.0481 19.5064,
	19.0502 19.5042,
	19.0845 19.4977,
	19.0888 19.4989,
	19.0941 19.5064,
	19.0962 19.5149,
	19.0962 19.5235,
	19.0962 19.5277,
	19.0898 19.5363,
	19.0877 19.5395,
	19.0834 19.5438,
	19.0727 19.5577,
	19.0652 19.5652,
	19.0652 19.5674,
	19.0598 19.5748,
	19.0566 19.5791,
	19.0566 19.5812,
	19.0545 19.5834,
	19.0513 19.5909,
	19.0513 19.5931,
	19.0491 19.5952,
	19.0459 19.6027,
	19.0449 19.607,
	19.0427 19.6091,
	19.0427 19.6113,
	19.0406 19.6134,
	19.0395 19.6177,
	19.0374 19.6198,
	19.0374 19.6219,
	19.0352 19.6241,
	19.0352 19.6262,
	19.032 19.6305,
	19.032 19.6326,
	19.0299 19.6348,
	19.0299 19.6369,
	19.0106 19.6701,
	19.0074 19.6733,
	19.0074 19.6755,
	19.0052 19.6776,
	19.0052 19.6797,
	18.9828 19.7119,
	18.9753 19.7204,
	18.9721 19.7247,
	18.9688 19.7269,
	18.956 19.7408,
	18.9528 19.744,
	18.9506 19.7451,
	18.9506 19.7473,
	18.9335 19.7601,
	18.9314 19.7601,
	18.9293 19.7622,
	18.9271 19.7622,
	18.9229 19.7654,
	18.9206 19.7676,
	18.9185 19.7676,
	18.911 19.7729,
	18.8939 19.7761,
	"/>
</Transform>

<Transform dim="0"
 xcoef=" 0 1 0 0 0 0"
 ycoef=" 0 0 1 0 0 0">
<Contour name="d51sp20" hidden="false" closed="true" simplified="true" border="1 0 0" fill="1 0 0" mode="11"
 points="8.72531 22.7411,
	8.721 22.7401,
	8.70432 22.7293,
	8.69624 22.7256,
	8.67955 22.7196,
	8.67525 22.718,
	8.67309 22.717,
	8.67201 22.717,
	8.67094 22.7159,
	8.66663 22.7148,
	8.66555 22.7148,
	8.66448 22.7137,
	8.64725 22.7088,
	8.63863 22.7056,
	8.63432 22.7034,
	8.63218 22.7024,
	8.63002 22.7002,
	8.62948 22.6959,
	8.62948 22.6943,
	8.62948 22.6938,
	8.63218 22.6852,
	8.63218 22.6841,
	8.63379 22.6825,
	8.63432 22.6803,
	8.64187 22.6728,
	8.64564 22.669,
	8.64779 22.6685,
	8.65156 22.6647,
	8.65263 22.6647,
	8.66878 22.6534,
	8.67255 22.6512,
	8.67955 22.6442,
	8.68116 22.6421,
	8.68331 22.641,
	8.68331 22.6399,
	8.68708 22.6362,
	8.68708 22.6351,
	8.69139 22.6313,
	8.69247 22.6319,
	8.69247 22.6362,
	8.68978 22.6448,
	8.68978 22.6458,
	8.68871 22.6469,
	8.68816 22.6512,
	8.68708 22.6523,
	8.6844 22.6609,
	8.68331 22.6782,
	8.6844 22.6825,
	8.6844 22.6846,
	8.68655 22.6889,
	8.68708 22.6911,
	8.68816 22.6916,
	8.68816 22.6927,
	8.69409 22.7007,
	8.69677 22.704,
	8.6984 22.7061,
	8.69947 22.7067,
	8.69947 22.7077,
	8.70324 22.711,
	8.70862 22.718,
	8.71131 22.7218,
	8.71239 22.7239,
	8.71454 22.7256,
	8.71562 22.7277,
	8.71723 22.7288,
	8.71939 22.7309,
	8.72531 22.7395,
	8.72585 22.7406,
	"/>
</Transform>

<Transform dim="0"
 xcoef=" 0 1 0 0 0 0"
 ycoef=" 0 0 1 0 0 0">
<Contour name="d61sp36" hidden="false" closed="true" simplified="true" border="1 0 0" fill="1 0 0" mode="11"
 points="17.2176 19.6036,
	17.207 19.6016,
	17.1963 19.5976,
	17.1909 19.5949,
	17.1883 19.5929,
	17.1869 19.5915,
	17.1856 19.5915,
	17.175 19.5849,
	17.1743 19.5835,
	17.173 19.5835,
	17.1683 19.5795,
	17.1643 19.5742,
	17.1636 19.5689,
	17.1636 19.5662,
	17.1636 19.5649,
	17.1636 19.5642,
	17.1656 19.5589,
	17.1696 19.5536,
	17.1696 19.5523,
	17.1776 19.5442,
	17.1809 19.5389,
	17.1896 19.5302,
	17.1936 19.5255,
	17.2023 19.5189,
	17.2117 19.5102,
	17.2216 19.5029,
	17.225 19.5003,
	17.2263 19.5003,
	17.229 19.4983,
	17.2303 19.4983,
	17.2316 19.4969,
	17.2343 19.4962,
	17.2369 19.4942,
	17.2396 19.4935,
	17.2409 19.4935,
	17.2416 19.4922,
	17.247 19.4915,
	17.2484 19.4902,
	17.259 19.4882,
	17.2803 19.4888,
	17.283 19.4902,
	17.2843 19.4902,
	17.2924 19.4996,
	17.2964 19.5049,
	17.3017 19.5149,
	17.3037 19.5202,
	17.3044 19.5309,
	17.305 19.5362,
	17.303 19.5469,
	17.3017 19.5523,
	17.3017 19.5549,
	17.3004 19.5563,
	17.2997 19.5616,
	17.2977 19.5669,
	17.297 19.5696,
	17.297 19.5709,
	17.295 19.5736,
	17.293 19.5782,
	17.2896 19.5829,
	17.2843 19.5882,
	17.2796 19.5915,
	17.277 19.5936,
	17.2743 19.5943,
	17.2736 19.5956,
	17.271 19.5956,
	17.2657 19.5983,
	17.2444 19.6029,
	17.223 19.6036,
	"/>
</Transform>

<Transform dim="0"
 xcoef=" 0 1 0 0 0 0"
 ycoef=" 0 0 1 0 0 0">
<Contour name="d04sp34" hidden="false" closed="true" simplified="true" border="1 0 0" fill="1 0 0" mode="11"
 points="18.3353 27.3173,
	18.3289 27.3149,
	18.3225 27.3092,
	18.3201 27.2964,
	18.3193 27.2708,
	18.3169 27.2643,
	18.3081 27.2514,
	18.3025 27.2466,
	18.2968 27.2434,
	18.2848 27.233,
	18.2824 27.2298,
	18.2824 27.2282,
	18.2784 27.2218,
	18.2784 27.2194,
	18.2784 27.2185,
	18.2824 27.2121,
	18.2824 27.2105,
	18.2888 27.2065,
	18.3017 27.2017,
	18.3049 27.2009,
	18.3105 27.1961,
	18.3129 27.1897,
	18.3137 27.164,
	18.3137 27.1608,
	18.3121 27.1575,
	18.3113 27.1447,
	18.3113 27.1383,
	18.3113 27.1351,
	18.3137 27.1319,
	18.3145 27.1287,
	18.3233 27.1174,
	18.3289 27.1118,
	18.3321 27.1102,
	18.3329 27.1086,
	18.3345 27.1086,
	18.3353 27.107,
	18.341 27.1046,
	18.3667 27.103,
	18.3795 27.0998,
	18.3859 27.0966,
	18.4116 27.095,
	18.4244 27.095,
	18.4308 27.0966,
	18.434 27.0974,
	18.4373 27.0998,
	18.4389 27.0998,
	18.4454 27.1054,
	18.4486 27.1078,
	18.4502 27.1078,
	18.4558 27.1134,
	18.4606 27.1174,
	18.467 27.123,
	18.4878 27.1463,
	18.4927 27.1519,
	18.4959 27.1583,
	18.4975 27.1608,
	18.5039 27.164,
	18.5095 27.1704,
	18.5103 27.1737,
	18.5119 27.1745,
	18.5119 27.1777,
	18.5135 27.1809,
	18.5135 27.1937,
	18.5103 27.2001,
	18.5063 27.2129,
	18.5039 27.2258,
	18.5031 27.229,
	18.5015 27.2306,
	18.4999 27.237,
	18.4975 27.2418,
	18.4911 27.2482,
	18.4854 27.2522,
	18.4822 27.2539,
	18.4806 27.2555,
	18.479 27.2555,
	18.4782 27.2571,
	18.475 27.2579,
	18.4718 27.2603,
	18.471 27.2619,
	18.4678 27.2627,
	18.4654 27.2651,
	18.4638 27.2651,
	18.4614 27.2676,
	18.4606 27.2692,
	18.4574 27.27,
	18.4357 27.2884,
	18.4324 27.29,
	18.4292 27.2932,
	18.4276 27.2932,
	18.4252 27.2964,
	18.422 27.2972,
	18.4212 27.2988,
	18.4196 27.2988,
	18.4156 27.3012,
	18.4028 27.3068,
	18.3964 27.3108,
	18.3835 27.3149,
	18.3707 27.3173,
	"/>
</Transform>

<Transform dim="0"
 xcoef=" 0 1 0 0 0 0"
 ycoef=" 0 0 1 0 0 0">
<Contour name="d04sp37" hidden="false" closed="true" simplified="true" border="1 0 0" fill="1 0 0" mode="11"
 points="20.0922 26.8838,
	20.0541 26.8825,
	20.0447 26.8825,
	20.0257 26.8766,
	20.0066 26.8648,
	19.9877 26.8577,
	19.9782 26.8565,
	19.9733 26.8565,
	19.9639 26.8529,
	19.9556 26.847,
	19.9473 26.8434,
	19.9437 26.8411,
	19.939 26.8363,
	19.9366 26.8363,
	19.927 26.8291,
	19.9246 26.8267,
	19.9199 26.8256,
	19.9152 26.822,
	19.9069 26.8184,
	19.9045 26.8161,
	19.8998 26.8161,
	19.8962 26.8125,
	19.8783 26.8066,
	19.8404 26.8007,
	19.8308 26.7983,
	19.8261 26.7959,
	19.8213 26.7959,
	19.8166 26.7935,
	19.8142 26.7935,
	19.8118 26.7912,
	19.8071 26.79,
	19.8047 26.79,
	19.8 26.7863,
	19.7953 26.7852,
	19.7858 26.7792,
	19.7821 26.7769,
	19.7809 26.7745,
	19.7786 26.7745,
	19.775 26.7697,
	19.7726 26.7697,
	19.7703 26.765,
	19.7679 26.765,
	19.7643 26.7603,
	19.7572 26.7543,
	19.7442 26.7376,
	19.7371 26.7293,
	19.7322 26.721,
	19.7299 26.7187,
	19.7239 26.6997,
	19.7227 26.6806,
	19.7227 26.6783,
	19.7227 26.6771,
	19.7251 26.6747,
	19.7251 26.67,
	19.7322 26.6605,
	19.7406 26.6546,
	19.7596 26.6486,
	19.7643 26.6475,
	19.7667 26.6451,
	19.7762 26.6439,
	19.7774 26.6414,
	19.787 26.6391,
	19.7917 26.6379,
	19.7941 26.6355,
	19.8035 26.6331,
	19.8083 26.6308,
	19.8107 26.6308,
	19.813 26.6284,
	19.8178 26.6284,
	19.8368 26.6225,
	19.8463 26.6201,
	19.8843 26.6189,
	19.9223 26.6154,
	19.9413 26.6142,
	19.9508 26.613,
	19.9556 26.613,
	19.9936 26.6284,
	19.996 26.6284,
	19.9983 26.6308,
	20.0078 26.6331,
	20.0126 26.6343,
	20.0149 26.6367,
	20.034 26.6426,
	20.0435 26.6439,
	20.0624 26.651,
	20.0815 26.6546,
	20.1194 26.6688,
	20.1243 26.67,
	20.1338 26.6759,
	20.1361 26.6759,
	20.1397 26.6795,
	20.1421 26.6795,
	20.1444 26.6818,
	20.1468 26.6818,
	20.148 26.6842,
	20.1527 26.6854,
	20.1706 26.6962,
	20.1789 26.7009,
	20.2145 26.7282,
	20.2276 26.7437,
	20.23 26.7484,
	20.2312 26.7674,
	20.2312 26.7721,
	20.2264 26.7816,
	20.2181 26.79,
	20.2085 26.79,
	20.199 26.7924,
	20.1919 26.7924,
	20.1896 26.7947,
	20.1801 26.7983,
	20.1634 26.8125,
	20.1492 26.8291,
	20.1456 26.8338,
	20.1444 26.8387,
	20.1385 26.847,
	20.1385 26.8494,
	20.1326 26.8588,
	20.129 26.8624,
	20.129 26.8648,
	20.1243 26.8683,
	20.1219 26.8731,
	20.1194 26.8731,
	20.1111 26.8802,
	"/>
</Transform>

<Transform dim="0"
 xcoef=" 0 1 0 0 0 0"
 ycoef=" 0 0 1 0 0 0">
<Contour name="d51sp21" hidden="false" closed="true" simplified="true" border="1 0 0" fill="1 0 0" mode="11"
 points="9.51757 21.7629,
	9.51263 21.7622,
	9.50768 21.7604,
	9.50645 21.7604,
	9.50522 21.7592,
	9.50028 21.7579,
	9.49842 21.7561,
	9.49595 21.7561,
	9.4941 21.7548,
	9.48915 21.7542,
	9.48421 21.7524,
	9.47432 21.7504,
	9.46938 21.7498,
	9.46691 21.7486,
	9.46568 21.7486,
	9.46444 21.7473,
	9.45455 21.7473,
	9.44467 21.7518,
	9.43973 21.7542,
	9.43726 21.7548,
	9.43602 21.7548,
	9.43478 21.7561,
	9.43232 21.7561,
	9.42242 21.7592,
	9.41254 21.7592,
	9.41007 21.7579,
	9.40884 21.7579,
	9.4039 21.7548,
	9.40265 21.7548,
	9.40019 21.7524,
	9.39895 21.751,
	9.39833 21.7461,
	9.39833 21.7443,
	9.39833 21.7436,
	9.40019 21.7387,
	9.40327 21.7344,
	9.40327 21.7332,
	9.41192 21.7252,
	9.41625 21.7202,
	9.41686 21.7104,
	9.41625 21.6905,
	9.41748 21.6856,
	9.41872 21.6844,
	9.41872 21.6831,
	9.42551 21.6733,
	9.42922 21.6683,
	9.43355 21.6597,
	9.43602 21.6547,
	9.43602 21.6534,
	9.43726 21.6522,
	9.43849 21.6473,
	9.44096 21.6423,
	9.44282 21.6399,
	9.44343 21.6374,
	9.44528 21.6349,
	9.44653 21.6337,
	9.44653 21.6325,
	9.44961 21.6275,
	9.45084 21.6263,
	9.45084 21.6251,
	9.45641 21.6152,
	9.45949 21.6103,
	9.45949 21.609,
	9.47185 21.5911,
	9.47494 21.5867,
	9.49101 21.5707,
	9.49904 21.5627,
	9.50336 21.5589,
	9.51016 21.5509,
	9.51881 21.5416,
	9.52314 21.5373,
	9.52993 21.5287,
	9.53178 21.5268,
	9.53302 21.5262,
	9.53302 21.525,
	9.53672 21.5207,
	9.53858 21.5182,
	9.54043 21.517,
	9.54166 21.5145,
	9.54599 21.5101,
	9.54723 21.5076,
	9.5497 21.5058,
	9.55279 21.5008,
	9.55526 21.4984,
	9.55835 21.4941,
	9.56637 21.4854,
	9.56762 21.483,
	9.57194 21.4787,
	9.57564 21.4756,
	9.57874 21.4713,
	9.58306 21.4682,
	9.58368 21.4669,
	9.58491 21.4669,
	9.58677 21.4645,
	9.58924 21.4639,
	9.59356 21.4607,
	9.59418 21.4594,
	9.59542 21.4594,
	9.60468 21.4527,
	9.61333 21.444,
	9.61827 21.4391,
	9.61952 21.4372,
	9.62754 21.4292,
	9.62816 21.4268,
	9.6294 21.4261,
	9.6294 21.4249,
	9.63063 21.4243,
	9.63063 21.4231,
	9.63248 21.4206,
	9.63434 21.4157,
	9.63496 21.4131,
	9.63619 21.4119,
	9.63681 21.4069,
	9.63743 21.4045,
	9.63867 21.4032,
	9.64423 21.3835,
	9.64546 21.381,
	9.64546 21.3786,
	9.64669 21.3761,
	9.64731 21.3712,
	9.64979 21.3661,
	9.6504 21.3612,
	9.65411 21.3513,
	9.65411 21.3489,
	9.65596 21.3439,
	9.66029 21.3396,
	9.67017 21.3384,
	9.67512 21.3403,
	9.67759 21.3409,
	9.68006 21.3427,
	9.685 21.3439,
	9.68562 21.3452,
	9.68686 21.3452,
	9.68809 21.3464,
	9.69056 21.347,
	9.6918 21.347,
	9.69674 21.3501,
	9.70169 21.352,
	9.70354 21.3538,
	9.70848 21.3557,
	9.71095 21.3557,
	9.71342 21.3575,
	9.72269 21.3618,
	9.73257 21.3681,
	9.73752 21.3718,
	9.73999 21.373,
	9.74493 21.3773,
	9.75234 21.386,
	9.75482 21.3878,
	9.75482 21.3891,
	9.75728 21.3915,
	9.75853 21.3928,
	9.76284 21.4026,
	9.76532 21.4125,
	9.76717 21.4175,
	9.76841 21.4372,
	9.76841 21.4471,
	9.76655 21.452,
	9.76347 21.4564,
	9.76284 21.4588,
	9.75914 21.4631,
	9.75914 21.4645,
	9.75482 21.4694,
	9.74802 21.4774,
	9.74432 21.4824,
	9.74246 21.4836,
	9.74122 21.4861,
	9.73875 21.4879,
	9.73567 21.4922,
	9.72701 21.5015,
	9.72269 21.5064,
	9.72022 21.5082,
	9.72022 21.5095,
	9.71157 21.5176,
	9.70415 21.5262,
	9.69859 21.5355,
	9.69859 21.5367,
	9.6918 21.5466,
	9.67512 21.5639,
	9.67141 21.5683,
	9.66894 21.5701,
	9.66771 21.5726,
	9.66523 21.5744,
	9.65844 21.583,
	9.65658 21.5855,
	9.65535 21.5861,
	9.65473 21.5886,
	9.65225 21.5904,
	9.65102 21.5917,
	9.6504 21.5941,
	9.64794 21.596,
	9.64114 21.6046,
	9.63929 21.6071,
	9.63805 21.6084,
	9.63805 21.6097,
	9.63496 21.614,
	9.63373 21.6152,
	9.62508 21.6349,
	9.62384 21.6374,
	9.6226 21.6386,
	9.62198 21.6411,
	9.62075 21.6423,
	9.62013 21.6448,
	9.62013 21.646,
	9.61395 21.6554,
	9.6121 21.6578,
	9.61148 21.6603,
	9.60963 21.6628,
	9.60777 21.6677,
	9.60716 21.6726,
	9.59912 21.6924,
	9.59912 21.6936,
	9.59604 21.6979,
	9.5948 21.6985,
	9.5948 21.6998,
	9.58739 21.7097,
	9.58429 21.7147,
	9.58306 21.7165,
	9.58183 21.7171,
	9.58121 21.7196,
	9.57318 21.7289,
	9.56885 21.7332,
	9.567 21.735,
	9.56637 21.7362,
	9.56206 21.7375,
	9.55773 21.7418,
	9.55402 21.7449,
	9.55341 21.7461,
	9.55155 21.7467,
	9.54661 21.751,
	9.54537 21.751,
	9.53672 21.7573,
	9.52745 21.7622,
	"/>
</Transform>

<Transform dim="0"
 xcoef=" 0 1 0 0 0 0"
 ycoef=" 0 0 1 0 0 0">
<Contour name="d51p20" hidden="false" closed="true" simplified="true" border="1 0 0" fill="1 0 0" mode="11"
 points="8.77677 22.7096,
	8.76175 22.6822,
	8.7918 22.6822,
	"/>
</Transform>

<Transform dim="0"
 xcoef=" 0 1 0 0 0 0"
 ycoef=" 0 0 1 0 0 0">
<Contour name="d04c34" hidden="false" closed="true" simplified="true" border="0 0 1" fill="0 0 1" mode="11"
 points="18.3881 27.3681,
	18.379 27.3675,
	18.3745 27.3658,
	18.3722 27.3647,
	18.37 27.3647,
	18.366 27.3623,
	18.3649 27.3623,
	18.3564 27.3572,
	18.3519 27.3539,
	18.3485 27.3516,
	18.345 27.3482,
	18.3411 27.3437,
	18.336 27.3346,
	18.3343 27.3301,
	18.3326 27.3211,
	18.3314 27.3029,
	18.3314 27.2938,
	18.3314 27.2893,
	18.3314 27.2882,
	18.3314 27.2876,
	18.3337 27.2786,
	18.3354 27.2741,
	18.3371 27.2724,
	18.3371 27.2712,
	18.3433 27.2632,
	18.3444 27.2626,
	18.3444 27.2615,
	18.3485 27.2581,
	18.3508 27.2559,
	18.3519 27.2559,
	18.3519 27.2547,
	18.3559 27.2519,
	18.357 27.2496,
	18.3609 27.2474,
	18.3638 27.2457,
	18.3683 27.2434,
	18.3694 27.2423,
	18.3705 27.2423,
	18.3717 27.2412,
	18.3739 27.2406,
	18.3762 27.2389,
	18.3785 27.2389,
	18.3807 27.2372,
	18.3898 27.2344,
	18.3944 27.2338,
	18.3989 27.2321,
	18.408 27.2304,
	18.4102 27.2293,
	18.4125 27.2293,
	18.417 27.2265,
	18.4181 27.2265,
	18.4198 27.2248,
	18.4221 27.2242,
	18.4232 27.2231,
	18.4243 27.2231,
	18.4249 27.2219,
	18.4272 27.2214,
	18.4317 27.2185,
	18.4362 27.2168,
	18.4407 27.2139,
	18.4419 27.2139,
	18.4459 27.2111,
	18.4482 27.2105,
	18.4493 27.2094,
	18.4674 27.2043,
	18.4787 27.2043,
	18.481 27.2055,
	18.4855 27.206,
	18.4866 27.2071,
	18.4889 27.2077,
	18.4907 27.2094,
	18.4918 27.2094,
	18.498 27.2179,
	18.4997 27.2197,
	18.5003 27.2219,
	18.5031 27.2259,
	18.5048 27.2276,
	18.5048 27.2287,
	18.5088 27.2333,
	18.5099 27.2355,
	18.5099 27.2366,
	18.511 27.2366,
	18.5167 27.2451,
	18.5195 27.2542,
	18.5195 27.2564,
	18.5206 27.2587,
	18.5218 27.2677,
	18.5218 27.2859,
	18.5195 27.2904,
	18.5167 27.2995,
	18.5144 27.304,
	18.5133 27.3057,
	18.5122 27.3063,
	18.5122 27.3074,
	18.5088 27.3114,
	18.5076 27.3119,
	18.5076 27.3131,
	18.5037 27.316,
	18.5026 27.3165,
	18.5026 27.3177,
	18.5014 27.3188,
	18.5003 27.3188,
	18.4969 27.3222,
	18.4958 27.3222,
	18.4866 27.3284,
	18.4855 27.3284,
	18.4815 27.3318,
	18.4731 27.3358,
	18.4719 27.3369,
	18.4629 27.3409,
	18.4606 27.342,
	18.4601 27.3431,
	18.4589 27.3431,
	18.4505 27.3482,
	18.4476 27.3505,
	18.4454 27.351,
	18.4431 27.3527,
	18.4419 27.3527,
	18.4396 27.3544,
	18.4385 27.3555,
	18.4362 27.3561,
	18.434 27.3578,
	18.4255 27.3612,
	18.4243 27.3612,
	18.4243 27.3623,
	18.4063 27.3675,
	"/>
</Transform>

<Transform dim="0"
 xcoef=" 0 1 0 0 0 0"
 ycoef=" 0 0 1 0 0 0">
<Contour name="d04p38" hidden="false" closed="true" simplified="true" border="1 0 0" fill="1 0 0" mode="11"
 points="18.5704 26.6042,
	18.5527 26.5715,
	18.5882 26.5715,
	"/>
</Transform>

<Transform dim="0"
 xcoef=" 0 1 0 0 0 0"
 ycoef=" 0 0 1 0 0 0">
<Contour name="d04c38" hidden="false" closed="true" simplified="true" border="0 0 1" fill="0 0 1" mode="11"
 points="18.469 26.7388,
	18.4593 26.7357,
	18.4569 26.7351,
	18.4533 26.7315,
	18.4521 26.7291,
	18.4503 26.7279,
	18.4437 26.7189,
	18.4406 26.7147,
	18.4394 26.7135,
	18.4352 26.7039,
	18.4352 26.7015,
	18.434 26.6991,
	18.434 26.6967,
	18.4328 26.6942,
	18.4316 26.6845,
	18.4304 26.6821,
	18.4292 26.6725,
	18.4244 26.6539,
	18.4213 26.6345,
	18.4195 26.6153,
	18.4183 26.6056,
	18.4165 26.5284,
	18.4165 26.5188,
	18.4165 26.5164,
	18.4165 26.5152,
	18.4165 26.5146,
	18.4183 26.505,
	18.4207 26.5002,
	18.4213 26.4977,
	18.4213 26.4965,
	18.4231 26.4947,
	18.4244 26.4899,
	18.4262 26.4874,
	18.4262 26.4862,
	18.4286 26.485,
	18.4298 26.4826,
	18.4322 26.4802,
	18.4388 26.473,
	18.4581 26.461,
	18.4605 26.461,
	18.4629 26.4598,
	18.4726 26.4586,
	18.4822 26.4586,
	18.487 26.4598,
	18.4919 26.4622,
	18.4943 26.4628,
	18.4967 26.4646,
	18.4979 26.4646,
	18.5003 26.4664,
	18.5009 26.4676,
	18.5021 26.4676,
	18.5063 26.4712,
	18.5082 26.4724,
	18.5112 26.4766,
	18.5124 26.479,
	18.5136 26.4796,
	18.5136 26.4808,
	18.5154 26.4838,
	18.5166 26.485,
	18.5166 26.4874,
	18.522 26.4971,
	18.5244 26.502,
	18.5274 26.511,
	18.5292 26.5158,
	18.5292 26.5182,
	18.5328 26.5278,
	18.5334 26.5327,
	18.5346 26.5339,
	18.5346 26.5363,
	18.5346 26.5375,
	18.5358 26.5387,
	18.5377 26.5484,
	18.5383 26.5508,
	18.5383 26.552,
	18.5395 26.5532,
	18.5407 26.5628,
	18.5419 26.5676,
	18.5431 26.6062,
	18.5431 26.6448,
	18.5461 26.6833,
	18.5467 26.7027,
	18.5449 26.7123,
	18.5413 26.7219,
	18.5395 26.7261,
	18.5316 26.7351,
	18.522 26.7376,
	18.4834 26.7388,
	"/>
</Transform>

<Transform dim="0"
 xcoef=" 0 1 0 0 0 0"
 ycoef=" 0 0 1 0 0 0">
<Contour name="d04cfa34" hidden="false" closed="false" simplified="true" border="1 0 0" fill="1 0 0" mode="11"
 points="18.4933 27.2268,
	18.474 27.242,
	18.4532 27.2549,
	18.4355 27.267,
	18.4131 27.2806,
	18.397 27.2878,
	18.3721 27.2958,
	18.3352 27.303,
	"/>
</Transform>

<Transform dim="0"
 xcoef=" 0 1 0 0 0 0"
 ycoef=" 0 0 1 0 0 0">
<Contour name="d04cfa38" hidden="false" closed="false" simplified="true" border="1 0 0" fill="1 0 0" mode="11"
 points="18.4661 26.4675,
	18.4667 26.4693,
	18.4691 26.4796,
	18.4733 26.5013,
	18.4817 26.5356,
	18.492 26.5814,
	18.5004 26.617,
	18.5083 26.6544,
	18.5125 26.6924,
	18.5125 26.7345,
	"/>
</Transform>

<Transform dim="0"
 xcoef=" 0 1 0 0 0 0"
 ycoef=" 0 0 1 0 0 0">
<Contour name="d63p35" hidden="false" closed="true" simplified="false" border="1 0 0" fill="1 0 0" mode="-13"
 points="9.56841 15.063,
	9.55133 15.0459,
	9.56841 15.0288,
	9.5855 15.0459,
	"/>
</Transform>

<Transform dim="0"
 xcoef=" 0 1 0 0 0 0"
 ycoef=" 0 0 1 0 0 0">
<Contour name="d61sp39" hidden="false" closed="true" simplified="true" border="1 0 0" fill="1 0 0" mode="11"
 points="17.7408 17.7981,
	17.7416 17.7948,
	17.7424 17.7931,
	17.7424 17.7915,
	17.7466 17.7786,
	17.7474 17.7769,
	17.7474 17.7761,
	17.7487 17.7744,
	17.7487 17.7736,
	17.7495 17.7732,
	17.7499 17.7715,
	17.7512 17.7699,
	17.7512 17.769,
	17.7524 17.7674,
	17.7524 17.7665,
	17.7532 17.7661,
	17.7545 17.7632,
	17.7553 17.7616,
	17.7562 17.7611,
	17.7562 17.7603,
	17.7607 17.7541,
	17.7653 17.7487,
	17.7707 17.7437,
	17.774 17.7408,
	17.7848 17.7316,
	17.7869 17.7296,
	17.7877 17.7296,
	17.7935 17.725,
	17.7952 17.7238,
	17.796 17.7238,
	17.7985 17.7213,
	17.7994 17.7213,
	17.8027 17.7184,
	17.8089 17.7138,
	17.8118 17.7117,
	17.8135 17.7113,
	17.8168 17.7084,
	17.8176 17.7084,
	17.8234 17.7042,
	17.8251 17.7034,
	17.8255 17.7026,
	17.8263 17.7026,
	17.8276 17.7009,
	17.8284 17.7009,
	17.8288 17.7001,
	17.8297 17.7001,
	17.8309 17.6988,
	17.8322 17.6984,
	17.8355 17.6959,
	17.8409 17.6922,
	17.843 17.6909,
	17.8492 17.686,
	17.8608 17.6781,
	17.8675 17.6743,
	17.8729 17.6706,
	17.8758 17.6685,
	17.8766 17.6685,
	17.8787 17.6673,
	17.8791 17.6664,
	17.8808 17.6664,
	17.8824 17.6648,
	17.8887 17.6614,
	17.8903 17.6602,
	17.892 17.6602,
	17.8949 17.6581,
	17.8965 17.6573,
	17.8974 17.6565,
	17.899 17.656,
	17.9028 17.654,
	17.9036 17.654,
	17.904 17.6531,
	17.9073 17.6523,
	17.909 17.6515,
	17.9098 17.6515,
	17.9107 17.6506,
	17.914 17.6498,
	17.9157 17.649,
	17.9165 17.649,
	17.9173 17.6482,
	17.9206 17.6477,
	17.9223 17.6465,
	17.9256 17.6457,
	17.9273 17.6452,
	17.9281 17.6452,
	17.9289 17.6444,
	17.9356 17.6428,
	17.9422 17.6403,
	17.9431 17.6403,
	17.9439 17.6394,
	17.9572 17.6349,
	17.9589 17.6344,
	17.9597 17.6336,
	17.973 17.629,
	17.9746 17.629,
	17.978 17.6278,
	17.9913 17.6253,
	17.9946 17.6253,
	18.0012 17.6236,
	18.0029 17.6228,
	18.0062 17.6228,
	18.0091 17.6216,
	18.0124 17.6212,
	18.0133 17.6212,
	18.0141 17.6203,
	18.0174 17.6203,
	18.0207 17.6191,
	18.0224 17.6191,
	18.0228 17.6182,
	18.0261 17.6178,
	18.0394 17.6128,
	18.0407 17.6116,
	18.0423 17.6116,
	18.0486 17.6091,
	18.0519 17.6079,
	18.0536 17.6079,
	18.0544 17.607,
	18.0577 17.6062,
	18.0594 17.6054,
	18.061 17.6054,
	18.0677 17.6033,
	18.071 17.6025,
	18.0727 17.6016,
	18.0793 17.6008,
	18.0926 17.6004,
	18.0992 17.6016,
	18.1026 17.6029,
	18.1042 17.6029,
	18.1059 17.6041,
	18.1088 17.6054,
	18.115 17.6095,
	18.1167 17.6108,
	18.1171 17.6116,
	18.1179 17.6116,
	18.1233 17.6166,
	18.125 17.6195,
	18.1271 17.6216,
	18.1275 17.6232,
	18.1283 17.6241,
	18.1283 17.6249,
	18.1308 17.6274,
	18.1308 17.629,
	18.1321 17.6303,
	18.1341 17.6369,
	18.1366 17.6502,
	18.137 17.6768,
	18.1366 17.6901,
	18.1375 17.7167,
	18.1375 17.7233,
	18.1383 17.73,
	18.1383 17.7366,
	18.1383 17.7383,
	18.1379 17.7387,
	18.1383 17.7404,
	18.1366 17.7433,
	18.1346 17.7499,
	18.1333 17.7516,
	18.1333 17.7524,
	18.1308 17.7557,
	18.1283 17.762,
	18.1279 17.7636,
	18.1271 17.7645,
	18.1267 17.7661,
	18.1258 17.767,
	18.125 17.7703,
	18.1246 17.7719,
	18.1246 17.7728,
	18.1233 17.774,
	18.1229 17.7757,
	18.1229 17.7765,
	18.1221 17.7773,
	18.1208 17.7807,
	18.1196 17.7823,
	18.1171 17.789,
	18.1134 17.7956,
	18.1109 17.7985,
	18.1109 17.7994,
	18.1092 17.8006,
	18.1092 17.8014,
	18.1067 17.8039,
	18.1034 17.806,
	18.103 17.8068,
	18.1013 17.8072,
	18.1005 17.8081,
	18.0997 17.8081,
	18.098 17.8093,
	18.0963 17.8093,
	18.093 17.8106,
	18.0914 17.8106,
	18.088 17.8118,
	18.0747 17.8131,
	18.0614 17.8135,
	18.0548 17.8135,
	18.0482 17.8118,
	18.0465 17.8118,
	18.0457 17.8118,
	18.0448 17.811,
	18.0315 17.8093,
	18.0249 17.8089,
	18.0182 17.8093,
	18.0116 17.8118,
	18.0099 17.8122,
	18.0037 17.816,
	18.0029 17.8168,
	18.002 17.8168,
	17.9991 17.8189,
	17.9971 17.8205,
	17.9942 17.8218,
	17.9908 17.8239,
	17.9892 17.8243,
	17.9829 17.828,
	17.9813 17.8293,
	17.9805 17.8293,
	17.9771 17.8317,
	17.9755 17.8322,
	17.9746 17.833,
	17.973 17.8334,
	17.9713 17.833,
	17.9697 17.8342,
	17.963 17.8342,
	17.9497 17.8305,
	17.9431 17.828,
	17.9397 17.8268,
	17.9364 17.8263,
	17.9298 17.8239,
	17.9289 17.8239,
	17.9281 17.823,
	17.9265 17.823,
	17.9256 17.8222,
	17.9223 17.8214,
	17.9206 17.8205,
	17.919 17.8205,
	17.9181 17.8197,
	17.9049 17.8176,
	17.9015 17.8176,
	17.8999 17.818,
	17.897 17.8205,
	17.8953 17.8214,
	17.8949 17.8222,
	17.8941 17.8222,
	17.8941 17.823,
	17.8924 17.8243,
	17.8916 17.8259,
	17.8887 17.828,
	17.8874 17.8288,
	17.8841 17.8322,
	17.8812 17.8347,
	17.8808 17.8355,
	17.8799 17.8355,
	17.8783 17.8371,
	17.8729 17.8409,
	17.8725 17.8417,
	17.8708 17.8421,
	17.87 17.843,
	17.8691 17.843,
	17.8687 17.8438,
	17.8625 17.8467,
	17.8558 17.8509,
	17.8546 17.8517,
	17.8538 17.8517,
	17.8529 17.8525,
	17.8513 17.8529,
	17.8496 17.8542,
	17.8488 17.8542,
	17.8484 17.855,
	17.8467 17.8554,
	17.8463 17.8563,
	17.833 17.8621,
	17.8297 17.8633,
	17.8288 17.8641,
	17.8272 17.8641,
	17.8255 17.8654,
	17.8239 17.8654,
	17.8205 17.8666,
	17.8072 17.8679,
	17.8006 17.8679,
	17.7873 17.8641,
	17.7865 17.8641,
	17.7861 17.8633,
	17.7844 17.8633,
	17.7827 17.8625,
	17.7819 17.8625,
	17.7811 17.8617,
	17.7794 17.8617,
	17.779 17.8608,
	17.7757 17.86,
	17.7699 17.8542,
	17.7699 17.8533,
	17.7678 17.85,
	17.767 17.8484,
	17.767 17.8475,
	17.7661 17.8467,
	17.7636 17.8401,
	17.762 17.8367,
	17.7595 17.8334,
	17.7595 17.8326,
	17.7508 17.8214,
	17.7491 17.8197,
	17.7487 17.818,
	17.7478 17.818,
	17.7474 17.8164,
	17.7462 17.8155,
	17.7466 17.8147,
	17.7458 17.8131,
	17.7449 17.8126,
	17.7449 17.8118,
	17.7433 17.8101,
	17.7433 17.8093,
	17.7424 17.8089,
	17.7424 17.8081,
	17.7416 17.8077,
	17.7416 17.8068,
	17.7408 17.806,
	17.7408 17.7994,
	17.7408 17.7985,
	"/>
</Transform>

<Transform dim="0"
 xcoef=" 0 1 0 0 0 0"
 ycoef=" 0 0 1 0 0 0">
<Contour name="d61c39" hidden="false" closed="true" simplified="true" border="0 0 1" fill="0.5 0 1" mode="11"
 points="17.7598 17.8279,
	17.7611 17.823,
	17.7611 17.8036,
	17.7617 17.7987,
	17.7617 17.7963,
	17.7635 17.7914,
	17.7635 17.7902,
	17.7653 17.7878,
	17.7653 17.7866,
	17.7665 17.786,
	17.7665 17.7847,
	17.7683 17.7829,
	17.7683 17.7817,
	17.7714 17.7775,
	17.7732 17.7756,
	17.7738 17.7732,
	17.7817 17.7641,
	17.7829 17.7641,
	17.7914 17.7562,
	17.7939 17.7544,
	17.7945 17.7532,
	17.7957 17.7532,
	17.8042 17.7465,
	17.8066 17.7453,
	17.8072 17.744,
	17.8084 17.744,
	17.8175 17.7368,
	17.8188 17.7368,
	17.8212 17.7349,
	17.8224 17.7349,
	17.8273 17.7313,
	17.8297 17.7307,
	17.8303 17.7295,
	17.8327 17.7289,
	17.8352 17.727,
	17.8364 17.7258,
	17.8406 17.724,
	17.8431 17.724,
	17.8449 17.7222,
	17.8461 17.7222,
	17.8485 17.7204,
	17.8582 17.7173,
	17.868 17.7161,
	17.8874 17.7155,
	17.8971 17.7155,
	17.9068 17.7167,
	17.9117 17.7167,
	17.9311 17.7204,
	17.9336 17.7222,
	17.9384 17.7228,
	17.939 17.724,
	17.9439 17.7246,
	17.9536 17.7283,
	17.9621 17.7313,
	17.9718 17.7374,
	17.9803 17.7428,
	17.9821 17.744,
	17.987 17.7489,
	17.9888 17.7513,
	17.99 17.7519,
	17.99 17.7532,
	17.9973 17.7611,
	17.9985 17.7635,
	18.001 17.7659,
	18.0034 17.7702,
	18.0058 17.7726,
	18.0064 17.775,
	18.0077 17.775,
	18.0083 17.7775,
	18.0143 17.7866,
	18.0162 17.7914,
	18.0162 17.7926,
	18.0174 17.7939,
	18.0204 17.8036,
	18.0216 17.8084,
	18.0228 17.8109,
	18.0228 17.8133,
	18.0247 17.8181,
	18.0247 17.8194,
	18.0259 17.8206,
	18.0277 17.84,
	18.0283 17.8497,
	18.0283 17.8546,
	18.0283 17.857,
	18.0271 17.8582,
	18.0247 17.868,
	18.0228 17.8728,
	18.0228 17.874,
	18.0174 17.8825,
	18.0149 17.8837,
	18.0137 17.8837,
	18.0131 17.885,
	17.9937 17.8916,
	17.9913 17.8929,
	17.9888 17.8929,
	17.9791 17.8965,
	17.9694 17.8983,
	17.9597 17.9014,
	17.9548 17.9026,
	17.9536 17.9026,
	17.953 17.9038,
	17.9506 17.9038,
	17.9408 17.9074,
	17.9317 17.9099,
	17.9293 17.9111,
	17.9244 17.9117,
	17.9147 17.9147,
	17.8759 17.922,
	17.837 17.9263,
	17.8175 17.9257,
	17.8151 17.925,
	17.8139 17.9238,
	17.809 17.9226,
	17.8066 17.9208,
	17.8024 17.919,
	17.7932 17.9135,
	17.7884 17.9093,
	17.7872 17.9093,
	17.786 17.9074,
	17.7847 17.9068,
	17.7847 17.9056,
	17.7835 17.9056,
	17.7799 17.9026,
	17.775 17.8977,
	17.7696 17.8886,
	17.7683 17.8862,
	17.7683 17.8837,
	17.7665 17.8819,
	17.7659 17.8771,
	17.7647 17.8746,
	17.7611 17.8552,
	17.7598 17.8503,
	17.7598 17.8309,
	17.7598 17.8285,
	"/>
<Contour name="d61cfa39" hidden="false" closed="true" simplified="true" border="0 1 0" fill="1 0.5 0" mode="11"
 points="17.7731 17.8398,
	17.7749 17.8339,
	17.7756 17.8325,
	17.7756 17.8317,
	17.7767 17.8303,
	17.7767 17.8288,
	17.7778 17.8274,
	17.7778 17.8266,
	17.7785 17.8259,
	17.7785 17.8244,
	17.7807 17.8186,
	17.7814 17.8157,
	17.7822 17.815,
	17.7825 17.8121,
	17.7833 17.8113,
	17.7833 17.8099,
	17.784 17.8091,
	17.7847 17.8062,
	17.7854 17.8048,
	17.7854 17.8033,
	17.7865 17.8019,
	17.7891 17.796,
	17.7927 17.7902,
	17.7946 17.7873,
	17.796 17.7851,
	17.7967 17.7836,
	17.7975 17.7833,
	17.7975 17.7825,
	17.7997 17.78,
	17.8008 17.7789,
	17.8008 17.7782,
	17.8091 17.7676,
	17.8102 17.7661,
	17.811 17.7658,
	17.811 17.765,
	17.8135 17.7629,
	17.8215 17.7534,
	17.823 17.7523,
	17.827 17.749,
	17.8376 17.7421,
	17.839 17.7417,
	17.8398 17.7417,
	17.8409 17.7406,
	17.8423 17.7403,
	17.843 17.7403,
	17.8438 17.7395,
	17.8452 17.7395,
	17.8511 17.7373,
	17.8525 17.737,
	17.8532 17.7362,
	17.8649 17.7351,
	17.8766 17.7351,
	17.8999 17.7373,
	17.9057 17.7381,
	17.9086 17.7384,
	17.9203 17.7421,
	17.9232 17.7428,
	17.9247 17.7439,
	17.9276 17.7443,
	17.9327 17.7461,
	17.9334 17.7461,
	17.9349 17.7472,
	17.9407 17.749,
	17.9436 17.7497,
	17.9451 17.7505,
	17.9466 17.7505,
	17.948 17.7516,
	17.9495 17.7519,
	17.9502 17.7526,
	17.9531 17.7534,
	17.9589 17.7559,
	17.9597 17.7559,
	17.96 17.7567,
	17.9626 17.7577,
	17.964 17.7581,
	17.9651 17.7592,
	17.9761 17.7639,
	17.9786 17.7658,
	17.9794 17.7658,
	17.9848 17.769,
	17.9892 17.7734,
	17.9907 17.7745,
	17.9907 17.7752,
	17.9947 17.7803,
	17.9958 17.7829,
	17.9976 17.7858,
	17.9972 17.7862,
	17.9983 17.7873,
	17.9983 17.7887,
	17.9994 17.7898,
	18.002 17.7949,
	18.0027 17.7957,
	18.0027 17.7964,
	18.0034 17.7967,
	18.0045 17.7997,
	18.0052 17.8011,
	18.0052 17.8019,
	18.006 17.8022,
	18.0071 17.8051,
	18.0074 17.808,
	18.0063 17.811,
	18.006 17.8121,
	18.0009 17.8175,
	17.9983 17.8193,
	17.9979 17.8201,
	17.9921 17.8226,
	17.9892 17.8241,
	17.9881 17.8252,
	17.9866 17.8255,
	17.9852 17.8266,
	17.9826 17.8277,
	17.9819 17.8277,
	17.9808 17.8288,
	17.9801 17.8288,
	17.9786 17.8299,
	17.9779 17.8299,
	17.9764 17.831,
	17.9757 17.831,
	17.9743 17.8321,
	17.9713 17.8325,
	17.9706 17.8332,
	17.9648 17.8336,
	17.9619 17.8332,
	17.9604 17.8332,
	17.9589 17.8325,
	17.956 17.8321,
	17.9502 17.8303,
	17.9473 17.8296,
	17.9458 17.8288,
	17.9444 17.8288,
	17.944 17.8281,
	17.9411 17.8274,
	17.9396 17.8266,
	17.9389 17.8266,
	17.9374 17.8255,
	17.936 17.8255,
	17.9353 17.8248,
	17.9323 17.8241,
	17.9316 17.8234,
	17.9301 17.8234,
	17.9243 17.8212,
	17.9127 17.8186,
	17.9068 17.8168,
	17.9039 17.8168,
	17.9024 17.8172,
	17.9006 17.8183,
	17.8959 17.8223,
	17.8933 17.8244,
	17.8919 17.8255,
	17.8911 17.8255,
	17.886 17.8296,
	17.8802 17.8328,
	17.8777 17.8343,
	17.8766 17.8354,
	17.8758 17.8354,
	17.8733 17.8376,
	17.8726 17.8376,
	17.8726 17.8383,
	17.8667 17.8419,
	17.8656 17.843,
	17.8649 17.843,
	17.8627 17.8449,
	17.8613 17.846,
	17.8598 17.8463,
	17.854 17.8496,
	17.8525 17.8507,
	17.8511 17.8511,
	17.8503 17.8518,
	17.8489 17.8521,
	17.8481 17.8529,
	17.8452 17.854,
	17.8438 17.854,
	17.8379 17.8562,
	17.8365 17.8562,
	17.835 17.8573,
	17.8292 17.8587,
	17.8285 17.8587,
	17.8277 17.8594,
	17.8248 17.8598,
	17.8234 17.8605,
	17.8219 17.8605,
	17.8161 17.8624,
	17.8146 17.8627,
	17.8139 17.8627,
	17.8131 17.8634,
	17.8117 17.8631,
	17.8059 17.8642,
	17.8 17.8645,
	17.7971 17.8642,
	17.7916 17.862,
	17.7887 17.8602,
	17.788 17.8602,
	17.7876 17.8594,
	17.7862 17.8591,
	17.7854 17.8583,
	17.784 17.858,
	17.7836 17.8573,
	17.7829 17.8573,
	17.7774 17.8529,
	17.7752 17.8507,
	17.7734 17.8478,
	17.7731 17.8419,
	17.7731 17.8405,
	17.7731 17.8401,
	"/>
</Transform>

<Transform dim="0"
 xcoef=" 0 1 0 0 0 0"
 ycoef=" 0 0 1 0 0 0">
<Contour name="d61endos11_cp" hidden="false" closed="true" simplified="true" border="1 0.502 0" fill="1 0 0" mode="11"
 points="18.1972 19.2183,
	18.1978 19.2089,
	18.1995 19.1997,
	18.2024 19.1908,
	18.2064 19.1823,
	18.2114 19.1743,
	18.2173 19.1669,
	18.2241 19.1604,
	18.2317 19.1546,
	18.2399 19.1499,
	18.2486 19.1461,
	18.2578 19.1434,
	18.2672 19.1419,
	18.2768 19.1415,
	18.2863 19.1422,
	18.2956 19.144,
	18.3047 19.147,
	18.3133 19.151,
	18.3214 19.156,
	18.3288 19.1619,
	18.3354 19.1687,
	18.3411 19.1762,
	18.3458 19.1843,
	18.3495 19.193,
	18.3521 19.202,
	18.3536 19.2113,
	18.3539 19.2206,
	18.353 19.23,
	18.351 19.2391,
	18.3478 19.248,
	18.3436 19.2564,
	18.3384 19.2642,
	18.3322 19.2714,
	18.3252 19.2777,
	18.3175 19.2832,
	18.3091 19.2878,
	18.3002 19.2912,
	18.291 19.2936,
	18.2815 19.2949,
	18.272 19.2951,
	18.2625 19.2941,
	18.2532 19.2919,
	18.2442 19.2887,
	18.2357 19.2845,
	18.2278 19.2792,
	18.2206 19.273,
	18.2142 19.2661,
	18.2087 19.2584,
	18.2043 19.2501,
	18.2008 19.2414,
	18.1985 19.2323,
	"/>
</Transform>

<Transform dim="0"
 xcoef=" 0 1 0 0 0 0"
 ycoef=" 0 0 1 0 0 0">
<Contour name="d61" comment="dch_traced_06.2019" hidden="false" closed="true" simplified="true" border="1 1 0" fill="1 1 0" mode="11"
 points="17.7667 19.3027,
	17.7688 19.2376,
	17.7708 19.2051,
	17.7728 19.1889,
	17.7728 19.1808,
	17.7911 19.1483,
	17.7952 19.1401,
	17.8094 19.1239,
	17.8297 19.0914,
	17.8419 19.0589,
	17.8582 19.0264,
	17.8704 18.9939,
	17.8744 18.9898,
	17.8947 18.9248,
	17.9049 18.8598,
	17.913 18.8273,
	17.9171 18.811,
	17.9211 18.746,
	17.9211 18.681,
	17.9232 18.6485,
	17.9232 18.6322,
	17.9272 18.616,
	17.9333 18.551,
	17.9354 18.5347,
	17.9476 18.5022,
	17.9516 18.4859,
	17.9841 18.4209,
	18.0268 18.3559,
	18.0471 18.3234,
	18.0593 18.3072,
	18.0674 18.299,
	18.0715 18.2929,
	18.104 18.2686,
	18.1365 18.2401,
	18.1527 18.2279,
	18.1853 18.2137,
	18.2178 18.2056,
	18.2503 18.2035,
	18.2665 18.2035,
	18.2828 18.2096,
	18.299 18.2117,
	18.3153 18.2218,
	18.3275 18.2381,
	18.3315 18.2543,
	18.3315 18.2868,
	18.3193 18.3193,
	18.3193 18.3234,
	18.3356 18.3397,
	18.3681 18.36,
	18.4006 18.3701,
	18.4087 18.3701,
	18.4412 18.3823,
	18.4494 18.3844,
	18.4819 18.4108,
	18.4981 18.425,
	18.5063 18.4331,
	18.5103 18.4494,
	18.5184 18.4575,
	18.5388 18.49,
	18.5469 18.5063,
	18.5713 18.5388,
	18.5875 18.553,
	18.5956 18.5591,
	18.6282 18.5692,
	18.6444 18.5753,
	18.6607 18.5875,
	18.6729 18.6038,
	18.685 18.6363,
	18.6911 18.6525,
	18.7115 18.685,
	18.7358 18.7175,
	18.7521 18.7338,
	18.7561 18.7399,
	18.7887 18.7622,
	18.8049 18.7765,
	18.8516 18.8394,
	18.872 18.872,
	18.8841 18.8882,
	18.8984 18.9207,
	18.9085 18.9532,
	18.9106 19.0182,
	18.9085 19.0832,
	18.9085 19.0995,
	18.9045 19.1157,
	18.9024 19.1808,
	18.9024 19.197,
	18.8638 19.327,
	18.8516 19.3595,
	18.8476 19.3677,
	18.8476 19.3717,
	18.8435 19.3758,
	18.8374 19.3921,
	18.8313 19.4002,
	18.8313 19.4042,
	18.8212 19.4205,
	18.7887 19.451,
	18.7805 19.4591,
	18.7643 19.4672,
	18.7318 19.4652,
	18.7155 19.4632,
	18.6993 19.4571,
	18.6729 19.4266,
	18.6607 19.4103,
	18.6464 19.3778,
	18.6403 19.3616,
	18.6302 19.3453,
	18.6261 19.3372,
	18.5631 19.2762,
	18.5469 19.2641,
	18.5144 19.2519,
	18.4494 19.2417,
	18.3844 19.2437,
	18.3519 19.2519,
	18.3193 19.2641,
	18.3031 19.2681,
	18.2706 19.2823,
	18.2543 19.2905,
	18.2503 19.2905,
	18.2178 19.3108,
	18.2015 19.325,
	18.1832 19.3575,
	18.1731 19.39,
	18.1507 19.4225,
	18.1182 19.4449,
	18.102 19.453,
	18.0695 19.4632,
	18.0044 19.4733,
	17.9719 19.4814,
	17.9557 19.4875,
	17.9232 19.4875,
	17.8907 19.4814,
	17.8582 19.4672,
	17.8419 19.4571,
	17.8114 19.4266,
	17.7972 19.4103,
	17.7789 19.3778,
	17.7728 19.3616,
	17.7728 19.3535,
	17.7688 19.3453,
	17.7667 19.3128,
	17.7667 19.3047,
	"/>
</Transform>

<Transform dim="1"
 xcoef=" -0.02 1 0 0 0 0"
 ycoef=" -0.03 0 1 0 0 0">
<Contour name="d63sp35" hidden="false" closed="true" simplified="true" border="1 0 0" fill="1 0 0" mode="11"
 points="9.47905 14.9482,
	9.48129 14.9423,
	9.48503 14.9363,
	9.48726 14.9333,
	9.48726 14.9318,
	9.49622 14.9221,
	9.50593 14.9102,
	9.5119 14.9042,
	9.51563 14.8982,
	9.51712 14.8975,
	9.51787 14.8945,
	9.52085 14.8915,
	9.52608 14.8803,
	9.52832 14.8684,
	9.52757 14.8564,
	9.52757 14.8504,
	9.52608 14.8497,
	9.52608 14.8467,
	9.52235 14.8348,
	9.52085 14.8325,
	9.52011 14.8266,
	9.51862 14.8251,
	9.51862 14.8221,
	9.51712 14.8206,
	9.51638 14.8146,
	9.5119 14.8027,
	9.5119 14.7997,
	9.50817 14.7877,
	9.50294 14.7639,
	9.5007 14.7519,
	9.5007 14.7489,
	9.49846 14.743,
	9.49622 14.731,
	9.49398 14.7071,
	9.49324 14.6952,
	9.49548 14.6713,
	9.49772 14.6594,
	9.49921 14.6534,
	9.49921 14.6504,
	9.50145 14.6444,
	9.50145 14.6385,
	9.50443 14.6265,
	9.50667 14.6205,
	9.50667 14.6176,
	9.50966 14.6116,
	9.5119 14.6093,
	9.51414 14.6034,
	9.51638 14.6004,
	9.51712 14.5974,
	9.52085 14.5914,
	9.52235 14.5899,
	9.52235 14.5884,
	9.53056 14.578,
	9.53504 14.5735,
	9.54399 14.5623,
	9.56639 14.5414,
	9.57161 14.5377,
	9.5746 14.5377,
	9.58057 14.5332,
	9.58654 14.5302,
	9.58953 14.5295,
	9.59177 14.5272,
	9.59475 14.5265,
	9.6067 14.519,
	9.60968 14.5183,
	9.61117 14.5168,
	9.62312 14.5138,
	9.62909 14.5123,
	9.63506 14.5123,
	9.64103 14.5153,
	9.64402 14.5168,
	9.64551 14.5168,
	9.64999 14.522,
	9.65223 14.5242,
	9.65372 14.525,
	9.65447 14.528,
	9.65447 14.5295,
	9.65745 14.5325,
	9.66119 14.5444,
	9.66492 14.5683,
	9.66566 14.5922,
	9.66641 14.5981,
	9.66641 14.5996,
	9.6679 14.6011,
	9.6679 14.6041,
	9.67014 14.6071,
	9.67238 14.6123,
	9.67537 14.6153,
	9.67835 14.6205,
	9.68059 14.6228,
	9.68059 14.6243,
	9.68806 14.6355,
	9.6903 14.6385,
	9.69254 14.6444,
	9.69254 14.6474,
	9.69403 14.6489,
	9.69478 14.6549,
	9.69701 14.6608,
	9.69701 14.6847,
	9.69627 14.6907,
	9.69104 14.7026,
	9.6903 14.7056,
	9.68582 14.7109,
	9.67388 14.7176,
	9.67089 14.7183,
	9.66492 14.7221,
	9.66342 14.7221,
	9.65745 14.7258,
	9.63357 14.737,
	9.61043 14.7512,
	9.60072 14.7609,
	9.59475 14.7661,
	9.58654 14.7773,
	9.58654 14.7788,
	9.58281 14.784,
	9.57758 14.8079,
	9.57684 14.8198,
	9.57684 14.8258,
	9.57684 14.8288,
	9.5843 14.8527,
	9.58878 14.8646,
	9.59102 14.8706,
	9.59177 14.8736,
	9.59848 14.8855,
	9.60222 14.8908,
	9.60371 14.8937,
	9.6067 14.8967,
	9.61341 14.9079,
	9.61565 14.9102,
	9.61715 14.9109,
	9.61715 14.9124,
	9.62312 14.9161,
	9.62461 14.9191,
	9.6261 14.9191,
	9.62834 14.9221,
	9.62984 14.9221,
	9.64029 14.9311,
	9.63431 14.9318,
	9.61043 14.9281,
	9.60446 14.9273,
	9.60147 14.9273,
	9.59848 14.9258,
	9.55071 14.9251,
	9.53877 14.9266,
	9.53578 14.9266,
	9.52981 14.9296,
	9.51787 14.9333,
	9.5119 14.9363,
	9.5104 14.9363,
	9.50742 14.9385,
	9.50593 14.94,
	9.50443 14.94,
	9.50294 14.9415,
	9.50145 14.9415,
	9.4895 14.949,
	9.48353 14.952,
	9.48055 14.9535,
	9.4798 14.9542,
	9.47905 14.949,
	"/>
</Transform>

<Transform dim="0"
 xcoef=" 0 1 0 0 0 0"
 ycoef=" 0 0 1 0 0 0">
<Contour name="d63" comment="dch_traced_06.2019" hidden="false" closed="true" simplified="true" border="1 1 0" fill="1 1 0" mode="11"
 points="9.01285 15.6083,
	9.02113 15.5818,
	9.05257 15.5288,
	9.05588 15.5222,
	9.05918 15.4693,
	9.06249 15.456,
	9.07739 15.4296,
	9.08069 15.423,
	9.10551 15.3998,
	9.1171 15.3865,
	9.12703 15.3766,
	9.17501 15.3253,
	9.18163 15.322,
	9.19487 15.3104,
	9.30076 15.2393,
	9.35206 15.1963,
	9.36198 15.1847,
	9.38846 15.1615,
	9.4017 15.1532,
	9.42321 15.1284,
	9.45299 15.0755,
	9.46954 15.049,
	9.4745 15.0358,
	9.49105 15.0093,
	9.50263 14.9961,
	9.5291 14.9762,
	9.55558 14.9646,
	9.58205 14.9597,
	9.68795 14.9514,
	9.71442 14.9481,
	9.76737 14.9464,
	9.82032 14.9547,
	9.83356 14.9563,
	9.84018 14.9597,
	9.86665 14.9646,
	9.89313 14.9729,
	9.94607 15.0027,
	9.95931 15.0093,
	9.98579 15.0291,
	10.0354 15.0738,
	10.0602 15.0986,
	10.0718 15.1102,
	10.0801 15.1235,
	10.0834 15.1367,
	10.0834 15.1632,
	10.0801 15.1896,
	10.0751 15.2029,
	10.0586 15.2294,
	10.0387 15.2558,
	10.0305 15.2691,
	10.0288 15.2757,
	10.0255 15.279,
	10.0106 15.3319,
	10.0056 15.3849,
	9.99737 15.4378,
	9.9924 15.4908,
	9.98413 15.5437,
	9.97917 15.5702,
	9.97586 15.5835,
	9.96428 15.6099,
	9.93615 15.6629,
	9.92456 15.6893,
	9.90967 15.7423,
	9.9014 15.7952,
	9.89478 15.8217,
	9.88485 15.8482,
	9.86334 15.8747,
	9.84183 15.8978,
	9.82694 15.9243,
	9.82529 15.9508,
	9.82032 15.9773,
	9.8137 15.9905,
	9.80378 16.0037,
	9.7773 16.0203,
	9.75083 16.0335,
	9.73924 16.0434,
	9.73593 16.0501,
	9.73263 16.0534,
	9.72932 16.0666,
	9.72601 16.0732,
	9.7227 16.0997,
	9.71442 16.1262,
	9.70781 16.1394,
	9.68299 16.1626,
	9.65651 16.1791,
	9.63004 16.1907,
	9.6168 16.1957,
	9.59033 16.1973,
	9.53738 16.1957,
	9.5109 16.194,
	9.45795 16.1791,
	9.43148 16.1675,
	9.40501 16.1493,
	9.39177 16.1411,
	9.38515 16.1344,
	9.37853 16.1311,
	9.32558 16.0865,
	9.29911 16.0666,
	9.28587 16.06,
	9.27263 16.0501,
	9.2594 16.0434,
	9.23292 16.0385,
	9.20645 16.0401,
	9.17997 16.0484,
	9.16674 16.0583,
	9.15515 16.0716,
	9.14192 16.0798,
	9.12868 16.0848,
	9.10221 16.0815,
	9.08897 16.0765,
	9.07573 16.065,
	9.05918 16.0385,
	9.03767 15.9855,
	9.02609 15.9326,
	9.01947 15.8796,
	9.01616 15.8267,
	9.01782 15.7737,
	9.02113 15.7605,
	9.02113 15.7076,
	9.01285 15.6546,
	9.01285 15.6281,
	9.01285 15.6149,
	9.01285 15.6099,
	"/>
</Transform>

</Section>