<?xml version="1.0"?>
<!DOCTYPE Section SYSTEM "section.dtd">

<Section index="171" thickness="0.047" alignLocked="true">
<Transform dim="0"
 xcoef=" 0 1 0 0 0 0"
 ycoef=" 0 0 1 0 0 0">
<Image mag="0.002066" contrast="2.15782" brightness="-0.3" red="true" green="true" blue="true"
 src="172____z8.445.jpg" />
<Contour name="domain1" hidden="false" closed="true" simplified="false" border="1 0 1" fill="1 0 1" mode="11"
 points="0 0,
	17608 0,
	17608 16967,
	0 16967,
	"/>
</Transform>

<Transform dim="0"
 xcoef=" 0 1 0 0 0 0"
 ycoef=" 0 0 1 0 0 0">
<Contour name="D04" hidden="false" closed="true" simplified="true" border="0 0 1" fill="0 0 1" mode="11"
 points="18.0914 26.8621,
	18.0316 26.8538,
	17.9777 26.8295,
	17.9349 26.7918,
	17.8979 26.6914,
	17.9073 26.6385,
	17.9349 26.5909,
	17.9777 26.5532,
	18.0316 26.5289,
	18.0914 26.5206,
	18.1512 26.5289,
	18.2053 26.5532,
	18.248 26.5909,
	18.2755 26.6385,
	18.285 26.6914,
	18.2755 26.7441,
	18.248 26.7918,
	18.2053 26.8295,
	18.1512 26.8538,
	"/>
</Transform>

<Transform dim="0"
 xcoef=" 0 1 0 0 0 0"
 ycoef=" 0 0 1 0 0 0">
<Contour name="D13" hidden="false" closed="true" simplified="true" border="0 0 1" fill="0 0 1" mode="11"
 points="20.3931 22.0268,
	20.3333 22.019,
	20.2793 21.9964,
	20.2365 21.9611,
	20.1995 21.8674,
	20.209 21.8181,
	20.2365 21.7737,
	20.2793 21.7384,
	20.3333 21.7158,
	20.3931 21.708,
	20.4529 21.7158,
	20.5069 21.7384,
	20.5496 21.7737,
	20.5772 21.8181,
	20.5866 21.8674,
	20.5772 21.9167,
	20.5496 21.9611,
	20.5069 21.9964,
	20.4529 22.019,
	"/>
</Transform>

<Transform dim="0"
 xcoef=" 0 1 0 0 0 0"
 ycoef=" 0 0 1 0 0 0">
<Contour name="D51" hidden="false" closed="true" simplified="true" border="0 0 1" fill="0 0 1" mode="11"
 points="8.73093 22.6686,
	8.67619 22.6608,
	8.62674 22.6386,
	8.58746 22.6039,
	8.55361 22.5119,
	8.56224 22.4636,
	8.58746 22.4199,
	8.62674 22.3854,
	8.67619 22.3631,
	8.73093 22.3554,
	8.78576 22.3631,
	8.83521 22.3854,
	8.87449 22.4199,
	8.89964 22.4636,
	8.90833 22.5119,
	8.89964 22.5603,
	8.87449 22.6039,
	8.83521 22.6386,
	8.78576 22.6608,
	"/>
</Transform>

<Transform dim="0"
 xcoef=" 0 1 0 0 0 0"
 ycoef=" 0 0 1 0 0 0">
<Contour name="D08" hidden="false" closed="true" simplified="true" border="0 0 1" fill="0 0 1" mode="11"
 points="7.12541 26.0963,
	7.06207 26.0885,
	7.00494 26.0658,
	6.95961 26.0306,
	6.92047 25.9369,
	6.9305 25.8877,
	6.95961 25.8432,
	7.00494 25.8079,
	7.06207 25.7853,
	7.12541 25.7775,
	7.18874 25.7853,
	7.24587 25.8079,
	7.2912 25.8432,
	7.32031 25.8877,
	7.33034 25.9369,
	7.32031 25.9862,
	7.2912 26.0306,
	7.24587 26.0658,
	7.18874 26.0885,
	"/>
</Transform>

<Transform dim="0"
 xcoef=" 0 1 0 0 0 0"
 ycoef=" 0 0 1 0 0 0">
<Contour name="D61" hidden="false" closed="true" simplified="true" border="0 0 1" fill="0 0 1" mode="11"
 points="16.5088 17.3871,
	16.4864 17.3839,
	16.4652 17.3759,
	16.4468 17.3633,
	16.432 17.3471,
	16.4215 17.3279,
	16.4155 17.2963,
	16.4182 17.2748,
	16.4261 17.2547,
	16.4389 17.2368,
	16.4556 17.2223,
	16.4756 17.2119,
	16.4975 17.2063,
	16.5202 17.2056,
	16.5425 17.2101,
	16.5629 17.2193,
	16.5807 17.2328,
	16.5944 17.25,
	16.6036 17.2696,
	16.6076 17.2908,
	16.6063 17.3123,
	16.5996 17.3329,
	16.5881 17.3514,
	16.5723 17.3669,
	16.553 17.3783,
	16.5315 17.3852,
	"/>
</Transform>

<Transform dim="0"
 xcoef=" 0 1 0 0 0 0"
 ycoef=" 0 0 1 0 0 0">
<Contour name="D63" hidden="false" closed="true" simplified="true" border="0 0 1" fill="0 0 1" mode="11"
 points="7.51603 16.6366,
	7.50155 16.6341,
	7.48773 16.6284,
	7.47506 16.6195,
	7.464 16.6081,
	7.45495 16.5944,
	7.44825 16.5788,
	7.44274 16.5446,
	7.44413 16.5272,
	7.44825 16.5103,
	7.45495 16.4948,
	7.464 16.481,
	7.47506 16.4695,
	7.48773 16.4607,
	7.50155 16.455,
	7.51603 16.4525,
	7.53065 16.4534,
	7.54487 16.4575,
	7.55818 16.4648,
	7.57009 16.4749,
	7.58019 16.4876,
	7.5881 16.5023,
	7.59354 16.5186,
	7.59631 16.5358,
	7.59631 16.5533,
	7.59354 16.5705,
	7.5881 16.5868,
	7.58019 16.6015,
	7.57009 16.6141,
	7.55818 16.6244,
	7.54487 16.6316,
	7.53065 16.6358,
	"/>
</Transform>

<Transform dim="0"
 xcoef=" 0 1 0 0 0 0"
 ycoef=" 0 0 1 0 0 0">
<Contour name="D26" hidden="false" closed="true" simplified="true" border="0 0 1" fill="0 0 1" mode="11"
 points="15.6914 28.3805,
	15.6246 28.3727,
	15.5644 28.35,
	15.5165 28.3147,
	15.4752 28.221,
	15.4857 28.1717,
	15.5165 28.1273,
	15.5644 28.0921,
	15.6246 28.0694,
	15.6914 28.0616,
	15.7583 28.0694,
	15.8186 28.0921,
	15.8665 28.1273,
	15.8971 28.1717,
	15.9078 28.221,
	15.8971 28.2703,
	15.8665 28.3147,
	15.8186 28.35,
	15.7583 28.3727,
	"/>
</Transform>

<Transform dim="0"
 xcoef=" 0 1 0 0 0 0"
 ycoef=" 0 0 1 0 0 0">
<Contour name="D16" hidden="false" closed="true" simplified="true" border="1 0 0" fill="1 0 0" mode="11"
 points="21.3003 25.9505,
	21.2476 25.9427,
	21.2 25.92,
	21.1622 25.8848,
	21.1296 25.7911,
	21.138 25.7419,
	21.1622 25.6974,
	21.2 25.6622,
	21.2476 25.6396,
	21.3003 25.6317,
	21.3531 25.6396,
	21.4007 25.6622,
	21.4385 25.6974,
	21.4627 25.7419,
	21.4712 25.7911,
	21.4627 25.8404,
	21.4385 25.8848,
	21.4007 25.92,
	21.3531 25.9427,
	"/>
</Transform>

<Transform dim="0"
 xcoef=" 0 1 0 0 0 0"
 ycoef=" 0 0 1 0 0 0">
<Contour name="d51" hidden="false" closed="true" simplified="true" border="1 1 0" fill="1 1 0" mode="11"
 points="8.59176 23.0487,
	8.55323 23.0475,
	8.53396 23.0438,
	8.53155 23.0414,
	8.51228 23.0354,
	8.50385 23.0318,
	8.50024 23.0282,
	8.4906 23.027,
	8.47253 23.0186,
	8.4629 23.0126,
	8.45808 23.0114,
	8.45326 23.0066,
	8.43521 22.9944,
	8.42677 22.986,
	8.42436 22.986,
	8.42076 22.9812,
	8.41112 22.9764,
	8.40389 22.9704,
	8.39907 22.968,
	8.36174 22.933,
	8.3485 22.915,
	8.34247 22.8957,
	8.34006 22.8861,
	8.34006 22.8765,
	8.34006 22.8729,
	8.34006 22.8717,
	8.34728 22.8523,
	8.3509 22.8427,
	8.35451 22.8379,
	8.35813 22.8283,
	8.35813 22.8259,
	8.36897 22.8067,
	8.38462 22.7681,
	8.38824 22.7633,
	8.39064 22.7536,
	8.39305 22.7488,
	8.39305 22.7464,
	8.39546 22.744,
	8.40149 22.7247,
	8.40389 22.7151,
	8.4063 22.7103,
	8.4075 22.7006,
	8.41473 22.6814,
	8.42076 22.6428,
	8.42076 22.6332,
	8.42316 22.6236,
	8.42557 22.585,
	8.42436 22.5465,
	8.41834 22.5272,
	8.41714 22.5224,
	8.41473 22.52,
	8.41352 22.5103,
	8.41112 22.5055,
	8.40871 22.5031,
	8.4063 22.4935,
	8.4063 22.4887,
	8.40149 22.4791,
	8.39907 22.4597,
	8.39907 22.4405,
	8.40027 22.4309,
	8.4063 22.4116,
	8.40991 22.4019,
	8.41112 22.3971,
	8.41473 22.3923,
	8.41594 22.3875,
	8.42677 22.3682,
	8.43039 22.3634,
	8.43159 22.3586,
	8.43521 22.3538,
	8.43641 22.349,
	8.43881 22.3466,
	8.45086 22.3092,
	8.45326 22.3044,
	8.45326 22.302,
	8.45568 22.3008,
	8.45688 22.2912,
	8.4605 22.2828,
	8.4617 22.2792,
	8.46531 22.2754,
	8.46531 22.2706,
	8.46772 22.2682,
	8.46772 22.2658,
	8.47013 22.2634,
	8.47375 22.255,
	8.47375 22.2526,
	8.47976 22.243,
	8.48217 22.2382,
	8.48217 22.2358,
	8.48699 22.231,
	8.50867 22.1948,
	8.51469 22.1876,
	8.5171 22.1827,
	8.52552 22.1743,
	8.52794 22.1743,
	8.54359 22.1623,
	8.55323 22.1563,
	8.55804 22.1539,
	8.55804 22.1515,
	8.57491 22.1358,
	8.57491 22.1333,
	8.57731 22.1321,
	8.57731 22.1297,
	8.58334 22.1201,
	8.58334 22.1177,
	8.58575 22.1153,
	8.58575 22.1129,
	8.58936 22.1081,
	8.59176 22.1057,
	8.59538 22.0961,
	8.6014 22.0864,
	8.60381 22.0816,
	8.60863 22.0779,
	8.60863 22.0755,
	8.6267 22.0599,
	8.6303 22.0563,
	8.63272 22.0563,
	8.64235 22.0491,
	8.66162 22.0395,
	8.67005 22.0358,
	8.67487 22.0322,
	8.67969 22.031,
	8.68209 22.031,
	8.68451 22.0286,
	8.68932 22.0274,
	8.69173 22.0274,
	8.69654 22.0238,
	8.70618 22.0226,
	8.71581 22.019,
	8.72063 22.0154,
	8.75917 22.0045,
	8.77844 21.9973,
	8.78326 21.9973,
	8.79289 21.9925,
	8.81216 21.9888,
	8.81698 21.9888,
	8.85552 21.9768,
	8.86515 21.972,
	8.86997 21.972,
	8.8796 21.9672,
	8.89887 21.966,
	8.90851 21.966,
	8.91814 21.9696,
	8.92055 21.972,
	8.92296 21.972,
	8.92537 21.9744,
	8.93019 21.9744,
	8.93501 21.9792,
	8.94344 21.9852,
	8.94826 21.99,
	8.95307 21.9925,
	8.95789 21.9973,
	8.96271 21.9997,
	8.96753 22.0045,
	8.97234 22.0057,
	8.97355 22.0081,
	9.01208 22.0117,
	9.03135 22.0141,
	9.06989 22.0238,
	9.07471 22.0262,
	9.08314 22.0346,
	9.08434 22.0539,
	9.09278 22.0925,
	9.10481 22.1309,
	9.10723 22.1333,
	9.10843 22.143,
	9.12288 22.1815,
	9.1253 22.184,
	9.1253 22.1888,
	9.1289 22.1936,
	9.14095 22.2322,
	9.14817 22.2706,
	9.15058 22.2804,
	9.14938 22.3188,
	9.14095 22.3574,
	9.13252 22.3767,
	9.1301 22.3803,
	9.09518 22.4128,
	9.07953 22.4309,
	9.07471 22.4357,
	9.07471 22.4381,
	9.04701 22.4693,
	9.04219 22.4742,
	9.03617 22.4827,
	9.00606 22.5175,
	8.9904 22.5356,
	8.97956 22.5525,
	8.96873 22.5718,
	8.95428 22.6103,
	8.95428 22.6127,
	8.95186 22.6152,
	8.95186 22.62,
	8.94826 22.6248,
	8.94826 22.6296,
	8.94464 22.6392,
	8.94103 22.644,
	8.93862 22.6536,
	8.93501 22.6584,
	8.92778 22.6778,
	8.92417 22.6874,
	8.92296 22.6922,
	8.92296 22.6946,
	8.92055 22.697,
	8.91454 22.7163,
	8.91212 22.7211,
	8.91212 22.7235,
	8.90972 22.7259,
	8.9061 22.7355,
	8.9061 22.7404,
	8.90249 22.7452,
	8.90249 22.7476,
	8.89887 22.7524,
	8.89767 22.7572,
	8.89285 22.7621,
	8.88804 22.7705,
	8.88081 22.7801,
	8.88081 22.7825,
	8.87599 22.7873,
	8.87118 22.7957,
	8.85793 22.8115,
	8.84106 22.8295,
	8.83866 22.8331,
	8.83023 22.8427,
	8.82782 22.8475,
	8.82301 22.8523,
	8.81096 22.8717,
	8.80734 22.8765,
	8.80494 22.8777,
	8.80132 22.8861,
	8.7953 22.8957,
	8.78807 22.9029,
	8.77965 22.9126,
	8.77724 22.9174,
	8.77242 22.921,
	8.77001 22.9258,
	8.7375 22.9632,
	8.73508 22.968,
	8.72665 22.9764,
	8.71943 22.9824,
	8.70498 22.9981,
	8.70256 23.0018,
	8.68451 23.0186,
	8.66644 23.0294,
	8.6568 23.0366,
	8.65199 23.0378,
	8.64957 23.0402,
	8.6303 23.045,
	"/>
</Transform>

<Transform dim="0"
 xcoef=" 0 1 0 0 0 0"
 ycoef=" 0 0 1 0 0 0">
<Contour name="d04" hidden="false" closed="true" simplified="true" border="0 0 0" fill="0 0 0" mode="11"
 points="17.7561 27.1124,
	17.7445 27.111,
	17.7431 27.1081,
	17.7373 27.1066,
	17.7344 27.1066,
	17.7315 27.1037,
	17.7257 27.1023,
	17.7228 27.0994,
	17.6995 27.0892,
	17.6937 27.0863,
	17.6879 27.0805,
	17.685 27.0805,
	17.6747 27.0717,
	17.6559 27.0485,
	17.6515 27.0369,
	17.6486 27.034,
	17.6428 27.0107,
	17.6414 26.9875,
	17.6472 26.8944,
	17.6457 26.8479,
	17.6457 26.8246,
	17.6414 26.8014,
	17.6399 26.7781,
	17.6399 26.7723,
	17.6399 26.7694,
	17.6399 26.768,
	17.6646 26.6764,
	17.6646 26.6706,
	17.6675 26.6677,
	17.6835 26.6226,
	17.6864 26.611,
	17.6893 26.6052,
	17.6893 26.5994,
	17.6966 26.5761,
	17.698 26.5703,
	17.7009 26.5674,
	17.7024 26.5558,
	17.7082 26.5441,
	17.7111 26.5325,
	17.714 26.5296,
	17.714 26.5238,
	17.7183 26.5122,
	17.7212 26.5064,
	17.7212 26.5005,
	17.73 26.4773,
	17.73 26.4744,
	17.7329 26.4715,
	17.7329 26.4657,
	17.7416 26.4423,
	17.7445 26.4307,
	17.746 26.4249,
	17.7489 26.4235,
	17.7489 26.4177,
	17.7518 26.4162,
	17.7518 26.4104,
	17.759 26.3987,
	17.7605 26.3929,
	17.7677 26.3813,
	17.7707 26.3784,
	17.7707 26.3755,
	17.7751 26.3712,
	17.778 26.3697,
	17.7794 26.3639,
	17.7954 26.3435,
	17.7983 26.3406,
	17.7983 26.3377,
	17.8128 26.316,
	17.8245 26.2955,
	17.8289 26.2854,
	17.8318 26.2825,
	17.8318 26.2796,
	17.8347 26.2781,
	17.839 26.2665,
	17.8405 26.2607,
	17.8448 26.2548,
	17.8477 26.2432,
	17.8622 26.22,
	17.8957 26.1793,
	17.9131 26.1589,
	17.9321 26.1429,
	17.9538 26.127,
	17.9757 26.1051,
	17.9771 26.1022,
	17.98 26.1022,
	17.9858 26.0979,
	17.9887 26.095,
	17.9945 26.0935,
	18.0003 26.0892,
	18.0106 26.0877,
	18.0164 26.0863,
	18.0178 26.0834,
	18.0236 26.0834,
	18.0294 26.0805,
	18.0309 26.0776,
	18.0425 26.0747,
	18.0541 26.0689,
	18.057 26.0689,
	18.0963 26.0325,
	18.105 26.0238,
	18.1109 26.0179,
	18.1181 26.0063,
	18.1384 25.9874,
	18.1457 25.9816,
	18.1486 25.9816,
	18.15 25.9787,
	18.1529 25.9787,
	18.1545 25.9758,
	18.1777 25.9685,
	18.1893 25.9656,
	18.1951 25.9627,
	18.2416 25.9612,
	18.2533 25.9641,
	18.2649 25.9699,
	18.2765 25.9787,
	18.2794 25.9816,
	18.2823 25.9816,
	18.2925 25.9889,
	18.2968 25.9947,
	18.3027 25.9961,
	18.323 26.0136,
	18.3346 26.0238,
	18.3448 26.0311,
	18.3666 26.0543,
	18.3739 26.0644,
	18.3782 26.0877,
	18.3812 26.1342,
	18.3855 26.1458,
	18.387 26.1517,
	18.3913 26.1575,
	18.3928 26.1633,
	18.3972 26.1692,
	18.4016 26.1721,
	18.4045 26.1779,
	18.4103 26.1822,
	18.4175 26.1895,
	18.4233 26.1938,
	18.4233 26.1967,
	18.4262 26.1967,
	18.4349 26.2069,
	18.4393 26.2098,
	18.4437 26.2157,
	18.4466 26.2157,
	18.4684 26.2345,
	18.4785 26.2432,
	18.5062 26.2854,
	18.5062 26.2912,
	18.5091 26.2941,
	18.5105 26.3057,
	18.5178 26.3276,
	18.5207 26.3392,
	18.5236 26.345,
	18.525 26.3551,
	18.5236 26.361,
	18.5323 26.3842,
	18.5323 26.3871,
	18.5367 26.3929,
	18.5367 26.3958,
	18.544 26.4061,
	18.5484 26.4104,
	18.5527 26.422,
	18.5556 26.4249,
	18.5629 26.4482,
	18.5629 26.4511,
	18.5658 26.4541,
	18.5672 26.4657,
	18.5745 26.4773,
	18.5759 26.4889,
	18.5832 26.5122,
	18.5861 26.5238,
	18.5861 26.547,
	18.5846 26.5587,
	18.5803 26.5703,
	18.5803 26.5761,
	18.5745 26.5877,
	18.5745 26.5935,
	18.5701 26.6052,
	18.5672 26.6284,
	18.5687 26.7214,
	18.5687 26.7447,
	18.56 26.7913,
	18.56 26.8145,
	18.5571 26.8378,
	18.5513 26.861,
	18.5484 26.8639,
	18.5469 26.8755,
	18.5426 26.8872,
	18.5411 26.8988,
	18.5323 26.922,
	18.5294 26.9235,
	18.5294 26.9264,
	18.5192 26.9366,
	18.5076 26.9424,
	18.5047 26.9424,
	18.4814 26.9569,
	18.4713 26.9656,
	18.4655 26.9671,
	18.4626 26.9671,
	18.4524 26.9743,
	18.4466 26.9758,
	18.4407 26.9802,
	18.4349 26.9802,
	18.4291 26.9846,
	18.4233 26.986,
	18.4117 26.9933,
	18.3884 26.9947,
	18.3826 26.9933,
	18.3724 26.9817,
	18.3608 26.9788,
	18.3579 26.9788,
	18.355 26.9758,
	18.3317 26.9743,
	18.3216 26.9788,
	18.3158 26.9802,
	18.3042 26.9875,
	18.2867 27.0063,
	18.2678 27.0282,
	18.2649 27.034,
	18.2445 27.0543,
	18.2329 27.0601,
	18.2097 27.0659,
	18.198 27.0688,
	18.1632 27.0688,
	18.1515 27.0659,
	18.1457 27.0659,
	18.1399 27.0688,
	18.137 27.0688,
	18.1341 27.0717,
	18.1109 27.0762,
	18.0992 27.0834,
	18.0759 27.0892,
	18.0526 27.0921,
	17.9364 27.0921,
	17.8899 27.0849,
	17.8666 27.0849,
	17.855 27.0878,
	17.8434 27.0878,
	17.8202 27.0936,
	17.8143 27.095,
	17.8114 27.095,
	17.8085 27.0979,
	17.7969 27.1008,
	17.7853 27.1066,
	17.7794 27.1066,
	17.7677 27.111,
	"/>
</Transform>

<Transform dim="0"
 xcoef=" 0 1 0 0 0 0"
 ycoef=" 0 0 1 0 0 0">
<Contour name="d13" hidden="false" closed="true" simplified="true" border="0 0 0" fill="0 0 0" mode="11"
 points="20.2657 22.5616,
	20.234 22.5577,
	20.2182 22.5508,
	20.2142 22.5488,
	20.2122 22.5488,
	20.2083 22.5449,
	20.2063 22.5449,
	20.1935 22.5291,
	20.1905 22.5212,
	20.1885 22.5053,
	20.1816 22.4895,
	20.1708 22.4737,
	20.1698 22.4697,
	20.1628 22.4618,
	20.1618 22.4578,
	20.1569 22.4499,
	20.147 22.4182,
	20.144 22.4104,
	20.1411 22.3946,
	20.1411 22.3906,
	20.1361 22.3747,
	20.1332 22.3589,
	20.1282 22.3432,
	20.1253 22.3392,
	20.1223 22.3313,
	20.1133 22.3154,
	20.0906 22.2838,
	20.0887 22.2819,
	20.0877 22.2778,
	20.0739 22.262,
	20.0619 22.2463,
	20.055 22.2393,
	20.055 22.2374,
	20.0511 22.2334,
	20.0511 22.2315,
	20.0373 22.2156,
	20.0304 22.2087,
	20.0214 22.177,
	20.0204 22.1612,
	20.0125 22.1295,
	20.0026 22.0979,
	20.0006 22.0663,
	20.0006 22.0653,
	20.0036 22.0574,
	20.0036 22.0534,
	20.0085 22.0455,
	20.0115 22.0375,
	20.0145 22.006,
	20.0155 21.9743,
	20.0164 21.9585,
	20.0174 21.9506,
	20.0174 21.9467,
	20.0194 21.9426,
	20.0224 21.911,
	20.0224 21.8478,
	20.0224 21.8161,
	20.0224 21.8082,
	20.0264 21.7923,
	20.0264 21.7884,
	20.0294 21.7844,
	20.0313 21.7765,
	20.0323 21.7726,
	20.0323 21.7706,
	20.0353 21.7667,
	20.0373 21.7588,
	20.0392 21.7568,
	20.0392 21.7529,
	20.0422 21.7449,
	20.0432 21.7409,
	20.0481 21.733,
	20.0609 21.7014,
	20.0619 21.6974,
	20.0649 21.6935,
	20.0649 21.6895,
	20.0739 21.6737,
	20.0768 21.6698,
	20.0778 21.6658,
	20.0966 21.6342,
	20.1173 21.6025,
	20.1292 21.5867,
	20.143 21.5709,
	20.149 21.563,
	20.1529 21.555,
	20.1559 21.5392,
	20.1569 21.5234,
	20.1539 21.4601,
	20.1549 21.3968,
	20.1569 21.381,
	20.1598 21.3732,
	20.1608 21.3652,
	20.1638 21.3583,
	20.1638 21.3543,
	20.1708 21.3385,
	20.1727 21.3346,
	20.1767 21.3316,
	20.1846 21.3356,
	20.1925 21.3415,
	20.2083 21.3454,
	20.2478 21.3454,
	20.2557 21.3504,
	20.2577 21.3504,
	20.2617 21.3533,
	20.2775 21.3583,
	20.2933 21.3652,
	20.3012 21.3702,
	20.3052 21.3712,
	20.3211 21.384,
	20.3368 21.3988,
	20.3447 21.4057,
	20.3606 21.4157,
	20.3764 21.4186,
	20.3883 21.4186,
	20.404 21.4116,
	20.412 21.4067,
	20.4268 21.3909,
	20.4328 21.384,
	20.4407 21.3781,
	20.4485 21.3741,
	20.4644 21.3712,
	20.496 21.3563,
	20.5277 21.3454,
	20.5356 21.3435,
	20.5395 21.3415,
	20.5712 21.3405,
	20.587 21.3415,
	20.5949 21.3425,
	20.6029 21.3454,
	20.6068 21.3454,
	20.6226 21.3533,
	20.6305 21.3583,
	20.6345 21.3612,
	20.6364 21.3632,
	20.6384 21.3632,
	20.6414 21.3671,
	20.6453 21.3682,
	20.677 21.3899,
	20.6928 21.4018,
	20.7067 21.4167,
	20.7106 21.4246,
	20.7136 21.4404,
	20.7146 21.5036,
	20.7195 21.5353,
	20.7215 21.5511,
	20.7225 21.6144,
	20.7235 21.646,
	20.7284 21.6777,
	20.7304 21.6816,
	20.7314 21.6895,
	20.7422 21.7054,
	20.7581 21.7202,
	20.769 21.735,
	20.7739 21.7508,
	20.7749 21.7825,
	20.7699 21.8141,
	20.7699 21.822,
	20.7601 21.8537,
	20.7581 21.8616,
	20.7571 21.8656,
	20.7542 21.8695,
	20.7522 21.8774,
	20.7432 21.8932,
	20.7392 21.9012,
	20.7363 21.9051,
	20.7353 21.9091,
	20.7304 21.917,
	20.7156 21.9486,
	20.7067 21.9644,
	20.6928 21.9961,
	20.6859 22.0119,
	20.6829 22.0198,
	20.6809 22.0237,
	20.676 22.0554,
	20.674 22.0633,
	20.6661 22.0791,
	20.6592 22.087,
	20.6572 22.091,
	20.6533 22.095,
	20.6494 22.096,
	20.6473 22.0979,
	20.6433 22.0979,
	20.6354 22.1039,
	20.6266 22.1196,
	20.6226 22.1275,
	20.6197 22.1434,
	20.6216 22.175,
	20.6197 22.1909,
	20.6147 22.2067,
	20.6147 22.2106,
	20.6039 22.2423,
	20.6019 22.2463,
	20.6019 22.2502,
	20.588 22.2819,
	20.5821 22.2977,
	20.5801 22.3016,
	20.5791 22.3095,
	20.5771 22.3115,
	20.5751 22.3194,
	20.5682 22.3353,
	20.5504 22.3668,
	20.5415 22.3827,
	20.5306 22.3985,
	20.5287 22.4025,
	20.5247 22.4044,
	20.5178 22.4113,
	20.5099 22.4163,
	20.506 22.4173,
	20.5019 22.4202,
	20.5 22.4202,
	20.4842 22.4292,
	20.4763 22.4341,
	20.4723 22.4361,
	20.4704 22.4381,
	20.4684 22.4381,
	20.4615 22.445,
	20.4298 22.4657,
	20.4219 22.4717,
	20.418 22.4737,
	20.416 22.4757,
	20.412 22.4767,
	20.3961 22.4885,
	20.3883 22.4944,
	20.3843 22.4974,
	20.3823 22.5013,
	20.3804 22.5013,
	20.3675 22.5161,
	20.3526 22.532,
	20.3447 22.5389,
	20.3132 22.5537,
	20.3111 22.5537,
	20.3091 22.5557,
	20.3052 22.5557,
	20.2973 22.5587,
	"/>
</Transform>

<Transform dim="0"
 xcoef=" 0 1 0 0 0 0"
 ycoef=" 0 0 1 0 0 0">
<Contour name="d04sp21" hidden="false" closed="true" simplified="true" border="1 0 0" fill="1 0 0" mode="11"
 points="19.1722 24.5115,
	19.1671 24.5103,
	19.1645 24.5096,
	19.1632 24.5083,
	19.1605 24.5077,
	19.1586 24.5058,
	19.1561 24.5051,
	19.1522 24.5013,
	19.1484 24.4962,
	19.1465 24.491,
	19.1452 24.4898,
	19.1439 24.4845,
	19.1433 24.4826,
	19.142 24.482,
	19.1426 24.4807,
	19.142 24.4756,
	19.1407 24.4743,
	19.1388 24.464,
	19.1368 24.4229,
	19.1368 24.4223,
	19.1368 24.4217,
	19.1388 24.4114,
	19.142 24.4012,
	19.142 24.3999,
	19.1477 24.3895,
	19.1503 24.3851,
	19.1509 24.3825,
	19.1529 24.3799,
	19.1535 24.3774,
	19.1548 24.3767,
	19.1605 24.3562,
	19.1613 24.3151,
	19.1613 24.3049,
	19.1638 24.2947,
	19.1638 24.2934,
	19.1651 24.2926,
	19.1671 24.2875,
	19.1677 24.2849,
	19.1696 24.283,
	19.1703 24.2805,
	19.1735 24.2753,
	19.1754 24.2728,
	19.1754 24.2715,
	19.1818 24.2619,
	19.1837 24.26,
	19.1837 24.2587,
	19.185 24.258,
	19.185 24.2555,
	19.1863 24.2548,
	19.1863 24.2523,
	19.1875 24.2516,
	19.1875 24.2491,
	19.1888 24.2478,
	19.192 24.2374,
	19.192 24.2349,
	19.1933 24.2342,
	19.1952 24.2291,
	19.1952 24.2266,
	19.1972 24.2246,
	19.1991 24.2195,
	19.2074 24.2099,
	19.2126 24.2067,
	19.2177 24.2048,
	19.219 24.2048,
	19.2203 24.2035,
	19.2306 24.2022,
	19.2408 24.1997,
	19.2459 24.1976,
	19.2665 24.1944,
	19.2768 24.1925,
	19.287 24.1925,
	19.2921 24.1919,
	19.2973 24.1925,
	19.2998 24.1925,
	19.3102 24.1957,
	19.3153 24.1976,
	19.3179 24.1984,
	19.3191 24.1997,
	19.3204 24.1997,
	19.3217 24.2009,
	19.3243 24.2009,
	19.3294 24.2035,
	19.3345 24.2048,
	19.3473 24.2048,
	19.3525 24.2029,
	19.3551 24.2022,
	19.3564 24.2009,
	19.3769 24.1951,
	19.3871 24.1938,
	19.3923 24.1925,
	19.3974 24.1925,
	19.4077 24.1906,
	19.4308 24.1906,
	19.4334 24.1919,
	19.4385 24.1925,
	19.441 24.1925,
	19.4616 24.1997,
	19.4629 24.2009,
	19.468 24.2022,
	19.4687 24.2035,
	19.4712 24.2035,
	19.4738 24.2054,
	19.4744 24.2105,
	19.4738 24.2157,
	19.4738 24.2182,
	19.4719 24.2202,
	19.4712 24.2227,
	19.4668 24.2272,
	19.4655 24.2272,
	19.4636 24.2298,
	19.4623 24.2298,
	19.4436 24.2419,
	19.434 24.2491,
	19.4314 24.2497,
	19.4212 24.2561,
	19.4199 24.2574,
	19.4173 24.258,
	19.4122 24.2612,
	19.4071 24.2632,
	19.402 24.267,
	19.3967 24.2696,
	19.3916 24.2734,
	19.3865 24.276,
	19.3859 24.2773,
	19.3833 24.2779,
	19.3807 24.2798,
	19.3756 24.2805,
	19.3654 24.2849,
	19.3628 24.2856,
	19.3583 24.2888,
	19.357 24.2888,
	19.3525 24.292,
	19.3486 24.2966,
	19.3467 24.2991,
	19.346 24.3011,
	19.3435 24.303,
	19.3435 24.3043,
	19.3422 24.3055,
	19.3422 24.3068,
	19.3403 24.3087,
	19.3403 24.31,
	19.3339 24.3183,
	19.3294 24.3235,
	19.3281 24.326,
	19.3198 24.3344,
	19.3095 24.3434,
	19.305 24.3466,
	19.3018 24.3492,
	19.3005 24.3492,
	19.2979 24.3518,
	19.2934 24.355,
	19.2909 24.3569,
	19.2883 24.3575,
	19.2793 24.3652,
	19.2749 24.3697,
	19.2729 24.3723,
	19.2691 24.3825,
	19.2659 24.3876,
	19.264 24.3928,
	19.2627 24.3941,
	19.2608 24.3986,
	19.2595 24.3999,
	19.2595 24.4012,
	19.2485 24.4204,
	19.2485 24.4217,
	19.2466 24.4242,
	19.2459 24.4268,
	19.2447 24.4281,
	19.2447 24.4294,
	19.2434 24.4306,
	19.2427 24.4332,
	19.2427 24.4345,
	19.237 24.4448,
	19.235 24.4474,
	19.2344 24.45,
	19.2312 24.4551,
	19.2293 24.4602,
	19.2274 24.4628,
	19.2254 24.4679,
	19.2235 24.4704,
	19.2216 24.4749,
	19.2184 24.4801,
	19.2184 24.4813,
	19.2145 24.4866,
	19.2126 24.4885,
	19.2126 24.4898,
	19.2036 24.4994,
	19.2023 24.4994,
	19.1997 24.5019,
	19.1946 24.5051,
	19.192 24.5071,
	19.1824 24.5109,
	"/>
</Transform>

<Transform dim="0"
 xcoef=" 0 1 0 0 0 0"
 ycoef=" 0 0 1 0 0 0">
<Contour name="d61sp24" hidden="false" closed="true" simplified="true" border="1 0 0" fill="1 0 0" mode="11"
 points="16.9676 16.7373,
	16.9553 16.7069,
	16.9467 16.6767,
	16.9439 16.6614,
	16.943 16.6539,
	16.9363 16.6387,
	16.9325 16.633,
	16.9269 16.6255,
	16.9193 16.6188,
	16.9155 16.6159,
	16.9146 16.614,
	16.9127 16.614,
	16.9003 16.6055,
	16.8927 16.5998,
	16.8776 16.5942,
	16.87 16.5913,
	16.8396 16.5932,
	16.8093 16.5989,
	16.8017 16.6017,
	16.797 16.6017,
	16.796 16.6008,
	16.8093 16.5866,
	16.816 16.5809,
	16.8179 16.5809,
	16.833 16.5685,
	16.8406 16.5638,
	16.8538 16.5515,
	16.8643 16.5392,
	16.871 16.5326,
	16.871 16.5307,
	16.8766 16.525,
	16.9022 16.4956,
	16.9146 16.4814,
	16.925 16.4671,
	16.9269 16.4662,
	16.9269 16.4643,
	16.9288 16.4633,
	16.9288 16.4614,
	16.9335 16.4558,
	16.9382 16.4482,
	16.9448 16.4406,
	16.9496 16.4331,
	16.9591 16.4216,
	16.9695 16.4074,
	16.9818 16.3923,
	16.9922 16.38,
	16.997 16.3733,
	16.9998 16.3695,
	17.0017 16.3676,
	17.0017 16.3657,
	17.0236 16.3383,
	17.0254 16.3354,
	17.0387 16.3202,
	17.0453 16.3145,
	17.051 16.307,
	17.0568 16.3022,
	17.0662 16.288,
	17.07 16.2813,
	17.0728 16.2775,
	17.0747 16.2756,
	17.0747 16.2738,
	17.0795 16.2671,
	17.0861 16.2596,
	17.0993 16.2482,
	17.106 16.2435,
	17.1183 16.2301,
	17.1202 16.2292,
	17.1202 16.2273,
	17.1382 16.2027,
	17.1487 16.1885,
	17.1667 16.1601,
	17.1724 16.1534,
	17.1799 16.1487,
	17.1952 16.1496,
	17.2027 16.1506,
	17.2179 16.1496,
	17.2216 16.1487,
	17.2235 16.1487,
	17.2254 16.1468,
	17.2273 16.1468,
	17.2377 16.1363,
	17.2444 16.1316,
	17.252 16.125,
	17.2539 16.125,
	17.2548 16.1231,
	17.2624 16.1202,
	17.2662 16.1183,
	17.27 16.1183,
	17.2738 16.1164,
	17.2889 16.1174,
	17.3041 16.1202,
	17.3193 16.1259,
	17.3268 16.1287,
	17.3421 16.1316,
	17.3496 16.1335,
	17.3563 16.1411,
	17.3581 16.1449,
	17.36 16.1459,
	17.3648 16.161,
	17.3648 16.1686,
	17.3648 16.1723,
	17.3572 16.1865,
	17.3382 16.2169,
	17.3344 16.2245,
	17.3325 16.2264,
	17.3325 16.2283,
	17.3306 16.2292,
	17.324 16.2444,
	17.3212 16.2482,
	17.3212 16.2501,
	17.3098 16.2652,
	17.3051 16.2709,
	17.2985 16.2775,
	17.2851 16.288,
	17.2785 16.2928,
	17.2719 16.3003,
	17.2662 16.306,
	17.2548 16.3212,
	17.2482 16.3278,
	17.2482 16.3297,
	17.2358 16.3421,
	17.233 16.3449,
	17.2311 16.3449,
	17.2188 16.3544,
	17.2122 16.3581,
	17.2084 16.36,
	17.2065 16.3619,
	17.2046 16.3619,
	17.1752 16.3847,
	17.1648 16.3961,
	17.1629 16.3989,
	17.1506 16.4122,
	17.1401 16.4245,
	17.1373 16.4263,
	17.1259 16.4397,
	17.1212 16.4454,
	17.1174 16.4491,
	17.1174 16.451,
	17.1079 16.4652,
	17.1032 16.4728,
	17.1023 16.4767,
	17.0993 16.4805,
	17.0984 16.4842,
	17.0955 16.488,
	17.0946 16.4918,
	17.0918 16.4956,
	17.0908 16.4994,
	17.088 16.5032,
	17.0861 16.5107,
	17.0813 16.5183,
	17.0785 16.5221,
	17.0776 16.526,
	17.0719 16.5335,
	17.0691 16.5373,
	17.0691 16.5392,
	17.0643 16.5449,
	17.0615 16.5487,
	17.0615 16.5506,
	17.0558 16.5572,
	17.0539 16.561,
	17.052 16.5619,
	17.052 16.5638,
	17.0406 16.5781,
	17.0387 16.58,
	17.0387 16.5819,
	17.0349 16.5857,
	17.0254 16.5998,
	17.0207 16.6074,
	17.0179 16.6112,
	17.015 16.6188,
	17.0103 16.6264,
	17.0084 16.6302,
	17.0084 16.6321,
	17.0056 16.6349,
	17.0056 16.6368,
	17.0007 16.6444,
	16.9941 16.6595,
	16.9941 16.6614,
	16.9847 16.6767,
	16.9818 16.6842,
	16.9818 16.6861,
	16.9771 16.6937,
	16.9762 16.6975,
	16.9762 16.6994,
	16.9743 16.7013,
	16.9743 16.705,
	16.9695 16.7203,
	16.9686 16.7354,
	"/>
</Transform>

<Transform dim="0"
 xcoef=" 0 1 0 0 0 0"
 ycoef=" 0 0 1 0 0 0">
<Contour name="d61sp23" hidden="false" closed="true" simplified="true" border="1 0 0" fill="1 0 0" mode="11"
 points="16.5425 18.2585,
	16.5387 18.2571,
	16.5377 18.2571,
	16.5368 18.2561,
	16.5358 18.2561,
	16.532 18.2527,
	16.5281 18.2503,
	16.5257 18.2474,
	16.5243 18.2455,
	16.5232 18.2445,
	16.5232 18.2435,
	16.5218 18.2421,
	16.5194 18.2268,
	16.5199 18.196,
	16.5208 18.1883,
	16.5243 18.173,
	16.5272 18.1653,
	16.5272 18.1634,
	16.5296 18.1562,
	16.5305 18.1542,
	16.5305 18.1523,
	16.5358 18.1369,
	16.5387 18.1293,
	16.5396 18.1254,
	16.5406 18.1235,
	16.5406 18.1216,
	16.5416 18.1206,
	16.543 18.113,
	16.5439 18.1091,
	16.5439 18.1014,
	16.5439 18.0975,
	16.543 18.0956,
	16.5425 18.0918,
	16.5416 18.0899,
	16.5411 18.086,
	16.5387 18.0784,
	16.5382 18.0765,
	16.5372 18.0755,
	16.5358 18.0717,
	16.5344 18.0697,
	16.5344 18.0688,
	16.5291 18.0616,
	16.5232 18.0553,
	16.5199 18.0524,
	16.5175 18.0495,
	16.5141 18.0462,
	16.5127 18.0452,
	16.5113 18.0433,
	16.5084 18.0409,
	16.4945 18.027,
	16.4907 18.0232,
	16.4878 18.0198,
	16.4863 18.0179,
	16.4859 18.0174,
	16.4859 18.0169,
	16.4897 18.0165,
	16.4974 18.0169,
	16.5012 18.0179,
	16.5089 18.0184,
	16.5127 18.0193,
	16.5281 18.0198,
	16.5435 18.0212,
	16.5588 18.0217,
	16.5665 18.0222,
	16.5819 18.0208,
	16.5896 18.0198,
	16.5934 18.0193,
	16.5944 18.0184,
	16.5982 18.0169,
	16.6001 18.0169,
	16.6011 18.016,
	16.6087 18.0145,
	16.6107 18.0131,
	16.6126 18.0131,
	16.6135 18.0121,
	16.6155 18.0121,
	16.6164 18.0112,
	16.6204 18.0102,
	16.6223 18.0092,
	16.6232 18.0092,
	16.6242 18.0082,
	16.628 18.0072,
	16.6299 18.0068,
	16.6309 18.0068,
	16.6319 18.0058,
	16.6357 18.0044,
	16.6376 18.0034,
	16.6386 18.0034,
	16.6462 17.9986,
	16.6539 17.9948,
	16.6558 17.9933,
	16.6568 17.9933,
	16.6573 17.9924,
	16.6582 17.9924,
	16.6654 17.9876,
	16.6693 17.9852,
	16.6732 17.9838,
	16.6804 17.9794,
	16.6847 17.9771,
	16.6856 17.9761,
	16.6866 17.9761,
	16.6871 17.9751,
	16.6909 17.9737,
	16.6919 17.9727,
	16.6938 17.9723,
	16.6947 17.9713,
	16.6986 17.9703,
	16.7058 17.9665,
	16.7096 17.9651,
	16.7241 17.9496,
	16.726 17.9482,
	16.7269 17.9492,
	16.7279 17.9568,
	16.7279 17.9646,
	16.7279 17.9684,
	16.7269 17.9723,
	16.7265 18.0029,
	16.7284 18.0337,
	16.7289 18.049,
	16.7284 18.0645,
	16.7279 18.0683,
	16.7255 18.076,
	16.7255 18.0798,
	16.7226 18.0951,
	16.7217 18.099,
	16.7217 18.1009,
	16.7207 18.1028,
	16.7193 18.1106,
	16.7169 18.1183,
	16.7164 18.1221,
	16.712 18.1374,
	16.7106 18.1413,
	16.7096 18.1422,
	16.7062 18.1499,
	16.7019 18.1572,
	16.6995 18.161,
	16.6995 18.162,
	16.6947 18.1696,
	16.6938 18.1706,
	16.6938 18.1716,
	16.6885 18.1792,
	16.6823 18.1864,
	16.6813 18.1869,
	16.6813 18.1878,
	16.6751 18.195,
	16.6693 18.2008,
	16.6679 18.2017,
	16.6654 18.2052,
	16.662 18.2071,
	16.6587 18.21,
	16.6577 18.21,
	16.6501 18.2153,
	16.6491 18.2153,
	16.6477 18.2167,
	16.6467 18.2167,
	16.6458 18.2177,
	16.6438 18.2181,
	16.6429 18.2191,
	16.641 18.2191,
	16.6405 18.2201,
	16.6328 18.2234,
	16.629 18.2253,
	16.628 18.2253,
	16.6271 18.2263,
	16.6116 18.2325,
	16.6083 18.2349,
	16.6064 18.2364,
	16.6054 18.2364,
	16.5977 18.2407,
	16.5958 18.2421,
	16.592 18.2435,
	16.5905 18.245,
	16.5896 18.245,
	16.5862 18.2474,
	16.5848 18.2483,
	16.5838 18.2483,
	16.58 18.2508,
	16.5723 18.2537,
	16.5714 18.2547,
	16.5674 18.2561,
	16.5655 18.2561,
	16.5636 18.2571,
	16.5617 18.2571,
	16.5578 18.2585,
	"/>
</Transform>

<Transform dim="0"
 xcoef=" 0 1 0 0 0 0"
 ycoef=" 0 0 1 0 0 0">
<Contour name="d61sp22" hidden="false" closed="true" simplified="true" border="1 0 0" fill="1 0 0" mode="11"
 points="15.9747 16.3876,
	15.963 16.3869,
	15.9513 16.3832,
	15.9453 16.3825,
	15.9219 16.3729,
	15.9102 16.3663,
	15.9044 16.3626,
	15.8984 16.3604,
	15.8933 16.3568,
	15.8904 16.3553,
	15.8896 16.3538,
	15.8867 16.3531,
	15.8838 16.3509,
	15.8823 16.3509,
	15.8816 16.3494,
	15.8699 16.3458,
	15.8669 16.3443,
	15.864 16.3443,
	15.8611 16.3429,
	15.8376 16.3421,
	15.8142 16.3443,
	15.8024 16.3451,
	15.7789 16.3443,
	15.7672 16.3443,
	15.7554 16.3421,
	15.732 16.3407,
	15.7144 16.3407,
	15.7026 16.3385,
	15.6997 16.337,
	15.6968 16.337,
	15.6734 16.3289,
	15.6704 16.3289,
	15.6646 16.3267,
	15.6631 16.3267,
	15.6624 16.3252,
	15.6564 16.3245,
	15.6447 16.3201,
	15.6418 16.3193,
	15.6403 16.3179,
	15.6389 16.3179,
	15.6359 16.3157,
	15.6301 16.3135,
	15.6198 16.304,
	15.6155 16.2989,
	15.6133 16.293,
	15.6125 16.2871,
	15.6125 16.2864,
	15.6125 16.2857,
	15.6176 16.2746,
	15.622 16.2695,
	15.625 16.2666,
	15.6264 16.2644,
	15.6316 16.2585,
	15.6396 16.2497,
	15.644 16.2446,
	15.644 16.2431,
	15.6455 16.2417,
	15.6455 16.2402,
	15.6491 16.2343,
	15.6491 16.2313,
	15.6506 16.2284,
	15.6513 16.2167,
	15.6506 16.2108,
	15.6491 16.2094,
	15.6476 16.2035,
	15.6447 16.1977,
	15.644 16.1947,
	15.6294 16.1712,
	15.6272 16.1595,
	15.6323 16.1478,
	15.6418 16.1382,
	15.6433 16.1382,
	15.6447 16.1367,
	15.6476 16.136,
	15.6491 16.1345,
	15.6506 16.1345,
	15.6513 16.1331,
	15.6528 16.1331,
	15.6586 16.1294,
	15.6631 16.1243,
	15.6653 16.1214,
	15.666 16.1184,
	15.6734 16.1067,
	15.6763 16.1009,
	15.6778 16.0994,
	15.6785 16.0965,
	15.6873 16.0854,
	15.6924 16.0803,
	15.6924 16.0788,
	15.7019 16.0693,
	15.7019 16.0678,
	15.7122 16.0591,
	15.7174 16.0539,
	15.7291 16.0466,
	15.732 16.0444,
	15.7335 16.0444,
	15.7342 16.0429,
	15.7371 16.0421,
	15.7401 16.0399,
	15.7518 16.0363,
	15.7987 16.0348,
	15.8222 16.0341,
	15.8339 16.0356,
	15.8368 16.0356,
	15.8398 16.037,
	15.8427 16.037,
	15.8456 16.0392,
	15.8486 16.0399,
	15.8699 16.0539,
	15.8757 16.0569,
	15.8787 16.0576,
	15.8816 16.0598,
	15.8845 16.0598,
	15.8874 16.0613,
	15.9227 16.0613,
	15.9344 16.0598,
	15.9813 16.0598,
	16.0048 16.0627,
	16.0107 16.0635,
	16.0165 16.0657,
	16.0195 16.0657,
	16.0312 16.07,
	16.037 16.073,
	16.0385 16.0744,
	16.0399 16.0744,
	16.051 16.0825,
	16.0539 16.0847,
	16.0554 16.0861,
	16.0569 16.0861,
	16.0576 16.0876,
	16.0591 16.0876,
	16.0613 16.0898,
	16.0627 16.0898,
	16.0642 16.0913,
	16.0657 16.0913,
	16.0686 16.0936,
	16.0693 16.095,
	16.0708 16.095,
	16.0766 16.0994,
	16.0781 16.0994,
	16.0839 16.1038,
	16.0869 16.1045,
	16.0898 16.1067,
	16.0913 16.1082,
	16.0928 16.1082,
	16.098 16.1126,
	16.1082 16.1192,
	16.117 16.1272,
	16.1258 16.139,
	16.1294 16.1449,
	16.1316 16.1507,
	16.1323 16.1624,
	16.1301 16.1683,
	16.1287 16.1712,
	16.1287 16.1727,
	16.1272 16.1734,
	16.1272 16.1763,
	16.1258 16.1778,
	16.1228 16.1896,
	16.1221 16.213,
	16.1214 16.2247,
	16.1192 16.2306,
	16.1177 16.2335,
	16.1177 16.235,
	16.1104 16.2468,
	16.106 16.2512,
	16.098 16.2622,
	16.0788 16.2834,
	16.0708 16.2937,
	16.0671 16.2981,
	16.0649 16.3003,
	16.0635 16.301,
	16.0635 16.3025,
	16.0591 16.3076,
	16.0576 16.3084,
	16.0576 16.3098,
	16.0392 16.3303,
	16.0334 16.3363,
	16.0231 16.3458,
	16.0187 16.3494,
	16.0165 16.3516,
	16.0165 16.3531,
	15.9982 16.3743,
	15.993 16.3794,
	15.9879 16.3825,
	15.985 16.3839,
	15.9835 16.3854,
	15.9776 16.3861,
	"/>
</Transform>

<Transform dim="0"
 xcoef=" 0 1 0 0 0 0"
 ycoef=" 0 0 1 0 0 0">
<Contour name="d04sp22" hidden="false" closed="true" simplified="true" border="1 0 0" fill="1 0 0" mode="11"
 points="17.4197 27.2753,
	17.4096 27.2747,
	17.3995 27.2722,
	17.3945 27.2703,
	17.3933 27.2703,
	17.392 27.269,
	17.387 27.2677,
	17.385 27.2664,
	17.3837 27.2664,
	17.3825 27.2652,
	17.3731 27.2614,
	17.368 27.2595,
	17.3655 27.257,
	17.3611 27.2551,
	17.3561 27.252,
	17.3536 27.2501,
	17.3523 27.2488,
	17.3511 27.2488,
	17.3423 27.2407,
	17.3378 27.2369,
	17.3365 27.235,
	17.3315 27.2319,
	17.3227 27.2237,
	17.3196 27.2193,
	17.317 27.218,
	17.317 27.2167,
	17.3127 27.2123,
	17.3095 27.2079,
	17.3083 27.2073,
	17.3083 27.206,
	17.3013 27.1985,
	17.2944 27.1891,
	17.2907 27.1847,
	17.2907 27.1834,
	17.2887 27.1809,
	17.2874 27.1796,
	17.2855 27.1752,
	17.2862 27.1746,
	17.2843 27.1721,
	17.2837 27.167,
	17.2824 27.1657,
	17.2811 27.1456,
	17.2811 27.1255,
	17.2811 27.121,
	17.2811 27.1204,
	17.2824 27.1103,
	17.2824 27.1091,
	17.2837 27.1078,
	17.2843 27.1028,
	17.2912 27.0827,
	17.2925 27.0814,
	17.2925 27.0789,
	17.2944 27.0764,
	17.2957 27.0751,
	17.2963 27.0725,
	17.2976 27.0719,
	17.2982 27.0694,
	17.3045 27.0593,
	17.3101 27.0505,
	17.312 27.0487,
	17.312 27.0474,
	17.3133 27.0461,
	17.3145 27.0461,
	17.3152 27.0436,
	17.3189 27.0399,
	17.3208 27.0373,
	17.3221 27.0367,
	17.3227 27.0342,
	17.3258 27.0298,
	17.3258 27.0286,
	17.3271 27.0279,
	17.329 27.0228,
	17.329 27.0215,
	17.3302 27.0209,
	17.3315 27.0159,
	17.3321 27.0134,
	17.3334 27.0121,
	17.3334 27.0096,
	17.3359 27.0046,
	17.3365 27.0021,
	17.3498 26.9826,
	17.358 26.975,
	17.3618 26.9706,
	17.3718 26.9649,
	17.3743 26.9636,
	17.3756 26.9636,
	17.3768 26.9624,
	17.387 26.9592,
	17.4071 26.9561,
	17.4272 26.9567,
	17.4373 26.9605,
	17.4424 26.9636,
	17.4443 26.9655,
	17.4443 26.9668,
	17.4474 26.9699,
	17.4474 26.9712,
	17.4493 26.9737,
	17.4505 26.9788,
	17.4518 26.9801,
	17.4524 26.9851,
	17.4537 26.9864,
	17.4537 26.9876,
	17.4549 26.9889,
	17.4549 26.9914,
	17.4574 26.9964,
	17.4587 27.0014,
	17.46 27.0033,
	17.46 27.0046,
	17.4612 27.0052,
	17.4618 27.0102,
	17.4631 27.0127,
	17.4631 27.0153,
	17.4688 27.0355,
	17.4706 27.0556,
	17.4713 27.1362,
	17.4681 27.1765,
	17.4669 27.179,
	17.4656 27.1891,
	17.465 27.1941,
	17.465 27.1966,
	17.4637 27.1991,
	17.4625 27.2092,
	17.4568 27.2294,
	17.4549 27.2394,
	17.4518 27.2495,
	17.4493 27.2545,
	17.4487 27.257,
	17.4487 27.2583,
	17.4468 27.2608,
	17.4468 27.262,
	17.4424 27.2672,
	17.4373 27.2703,
	17.4322 27.2722,
	17.4297 27.2734,
	"/>
</Transform>

<Transform dim="0"
 xcoef=" 0 1 0 0 0 0"
 ycoef=" 0 0 1 0 0 0">
<Contour name="d51sp14" hidden="false" closed="true" simplified="true" border="1 0 0" fill="1 0 0" mode="11"
 points="7.76076 23.1773,
	7.75088 23.1761,
	7.74594 23.1748,
	7.74285 23.173,
	7.73297 23.1724,
	7.71322 23.1668,
	7.71198 23.1668,
	7.71075 23.1656,
	7.70087 23.1625,
	7.6984 23.1613,
	7.69717 23.16,
	7.69469 23.1594,
	7.69346 23.1582,
	7.69223 23.1582,
	7.69099 23.157,
	7.68111 23.1551,
	7.67123 23.1514,
	7.66135 23.1496,
	7.65271 23.1496,
	7.65024 23.1514,
	7.64777 23.1514,
	7.6453 23.1533,
	7.64283 23.1539,
	7.64097 23.1557,
	7.6311 23.16,
	7.62863 23.16,
	7.61874 23.1637,
	7.60886 23.1656,
	7.59899 23.1687,
	7.58911 23.1693,
	7.58417 23.1693,
	7.57923 23.1674,
	7.56997 23.1594,
	7.56812 23.157,
	7.56626 23.1557,
	7.56195 23.1514,
	7.55947 23.1471,
	7.55576 23.1428,
	7.55392 23.1402,
	7.55392 23.139,
	7.55268 23.1378,
	7.55207 23.1285,
	7.55207 23.1279,
	7.55947 23.1082,
	7.56256 23.1033,
	7.56379 23.1008,
	7.56379 23.0996,
	7.56688 23.0946,
	7.56812 23.0921,
	7.56812 23.0908,
	7.57182 23.0859,
	7.57367 23.081,
	7.5749 23.0804,
	7.5749 23.0791,
	7.58109 23.0693,
	7.58355 23.065,
	7.58541 23.0631,
	7.58603 23.0606,
	7.59343 23.0508,
	7.59652 23.0464,
	7.59837 23.0445,
	7.59837 23.0433,
	7.6064 23.0353,
	7.61072 23.0303,
	7.61751 23.0223,
	7.62677 23.0143,
	7.63542 23.0075,
	7.63727 23.0063,
	7.63974 23.0039,
	7.64407 23.0008,
	7.649 22.9957,
	7.65333 22.992,
	7.65518 22.9902,
	7.65641 22.9902,
	7.66073 22.9859,
	7.66196 22.9859,
	7.68049 22.9692,
	7.68296 22.968,
	7.68481 22.9655,
	7.68914 22.9625,
	7.69161 22.96,
	7.69346 22.9588,
	7.69531 22.9563,
	7.69778 22.9551,
	7.69901 22.9526,
	7.70149 22.9514,
	7.71507 22.9334,
	7.72063 22.9242,
	7.72371 22.9192,
	7.72371 22.918,
	7.73051 22.9081,
	7.73297 22.9038,
	7.73668 22.8994,
	7.74162 22.8951,
	7.74409 22.8926,
	7.74779 22.8902,
	7.75273 22.8865,
	7.76261 22.8822,
	7.76508 22.8822,
	7.77435 22.8791,
	7.78422 22.8779,
	7.78916 22.8779,
	7.7941 22.8809,
	7.79781 22.8852,
	7.79966 22.8902,
	7.80275 22.8951,
	7.80769 22.8976,
	7.81077 22.8982,
	7.8114 22.8994,
	7.82127 22.8994,
	7.83115 22.9026,
	7.83609 22.9051,
	7.84042 22.9094,
	7.8435 22.9137,
	7.84411 22.9162,
	7.84597 22.9186,
	7.8472 22.9285,
	7.8472 22.9383,
	7.84782 22.9433,
	7.85338 22.9526,
	7.85462 22.9551,
	7.85956 22.96,
	7.86882 22.9643,
	7.87376 22.9655,
	7.8787 22.9686,
	7.88116 22.9692,
	7.88549 22.9723,
	7.88796 22.9729,
	7.89227 22.9766,
	7.89475 22.9773,
	7.89846 22.981,
	7.90648 22.9902,
	7.90833 22.9951,
	7.90957 22.9976,
	7.91018 23.0075,
	7.90401 23.0273,
	7.9003 23.0371,
	7.89104 23.0569,
	7.88919 23.0619,
	7.8861 23.0668,
	7.88178 23.0767,
	7.88055 23.0791,
	7.88055 23.0804,
	7.8787 23.0828,
	7.8787 23.0841,
	7.87684 23.0865,
	7.87622 23.089,
	7.87437 23.0908,
	7.87437 23.0921,
	7.86819 23.102,
	7.86634 23.107,
	7.86325 23.11,
	7.86264 23.1125,
	7.85894 23.1174,
	7.85831 23.1199,
	7.85585 23.1217,
	7.85585 23.123,
	7.85462 23.1236,
	7.85462 23.1248,
	7.85091 23.1297,
	7.85029 23.1322,
	7.8435 23.1415,
	7.84042 23.1459,
	7.83794 23.1483,
	7.83671 23.1508,
	7.82806 23.1582,
	7.8256 23.16,
	7.82436 23.16,
	7.82374 23.1613,
	7.82251 23.1613,
	7.82189 23.1625,
	7.82066 23.1625,
	7.81942 23.1637,
	7.81695 23.1644,
	7.81572 23.1644,
	7.81386 23.1662,
	7.8114 23.1668,
	7.81015 23.1681,
	7.80028 23.1711,
	7.7904 23.173,
	7.78052 23.1761,
	7.77064 23.1773,
	"/>
</Transform>

<Transform dim="0"
 xcoef=" 0 1 0 0 0 0"
 ycoef=" 0 0 1 0 0 0">
<Contour name="d51sp15" hidden="false" closed="true" simplified="true" border="1 0 0" fill="1 0 0" mode="11"
 points="7.76866 22.1963,
	7.75373 22.1917,
	7.7388 22.1889,
	7.72386 22.1842,
	7.7164 22.1832,
	7.70893 22.1804,
	7.70519 22.1785,
	7.70333 22.1767,
	7.69587 22.1739,
	7.68933 22.1692,
	7.68747 22.1692,
	7.68373 22.1655,
	7.67626 22.1627,
	7.67253 22.1599,
	7.6688 22.159,
	7.66694 22.1571,
	7.6632 22.1562,
	7.65573 22.1515,
	7.6408 22.145,
	7.63706 22.1441,
	7.6352 22.1441,
	7.63334 22.1422,
	7.6184 22.1394,
	7.61094 22.1375,
	7.60346 22.1375,
	7.596 22.1357,
	7.58853 22.1357,
	7.55867 22.1291,
	7.55681 22.1291,
	7.55494 22.1272,
	7.54 22.1253,
	7.52507 22.1263,
	7.51014 22.1309,
	7.50267 22.1328,
	7.49521 22.1366,
	7.48028 22.1385,
	7.46534 22.1375,
	7.45788 22.1422,
	7.45601 22.1441,
	7.45414 22.1441,
	7.45041 22.1478,
	7.44854 22.1478,
	7.44201 22.1534,
	7.42894 22.1674,
	7.42242 22.1739,
	7.41868 22.1767,
	7.41494 22.1776,
	7.40747 22.1823,
	7.39254 22.1842,
	7.36268 22.1832,
	7.34775 22.1813,
	7.31789 22.1748,
	7.30295 22.1701,
	7.29548 22.1674,
	7.29362 22.1655,
	7.29175 22.1655,
	7.28989 22.1636,
	7.28241 22.1608,
	7.27962 22.158,
	7.27588 22.1571,
	7.26936 22.1515,
	7.26562 22.1497,
	7.26282 22.1459,
	7.25722 22.1309,
	7.25536 22.1272,
	7.25536 22.1235,
	7.24882 22.1086,
	7.24509 22.0937,
	7.24322 22.0787,
	7.24322 22.0712,
	7.24322 22.0675,
	7.24322 22.0666,
	7.24322 22.0656,
	7.25255 22.0357,
	7.25536 22.0283,
	7.26095 22.0218,
	7.26282 22.019,
	7.26655 22.0162,
	7.27682 22.005,
	7.28336 21.9975,
	7.29641 21.9853,
	7.29922 21.9835,
	7.30295 21.9798,
	7.33094 21.9593,
	7.33468 21.9574,
	7.33561 21.9555,
	7.33748 21.9555,
	7.34494 21.95,
	7.34775 21.9472,
	7.35148 21.9462,
	7.35708 21.9415,
	7.36082 21.9396,
	7.36268 21.9396,
	7.36455 21.9377,
	7.36641 21.9377,
	7.38041 21.9294,
	7.39535 21.9228,
	7.41028 21.921,
	7.47 21.9256,
	7.48494 21.9275,
	7.49988 21.9312,
	7.50734 21.9331,
	7.51107 21.9331,
	7.51854 21.9359,
	7.52227 21.9377,
	7.52414 21.9377,
	7.52507 21.9396,
	7.53253 21.9396,
	7.54747 21.9433,
	7.554 21.9462,
	7.56894 21.949,
	7.57641 21.9518,
	7.59134 21.9546,
	7.60627 21.9593,
	7.61373 21.9593,
	7.62867 21.9639,
	7.6324 21.9658,
	7.63987 21.9667,
	7.64733 21.9704,
	7.6548 21.9723,
	7.66227 21.977,
	7.66973 21.9798,
	7.67253 21.9807,
	7.67999 21.9853,
	7.68373 21.9881,
	7.68559 21.99,
	7.68747 21.99,
	7.6884 21.992,
	7.69213 21.992,
	7.69587 21.9948,
	7.70333 21.9975,
	7.7108 21.9985,
	7.71266 21.9985,
	7.71452 22.0003,
	7.7444 22.0031,
	7.80412 22.0041,
	7.81905 22.005,
	7.83399 22.0041,
	7.86385 21.9985,
	7.88625 21.9985,
	7.89372 22.0003,
	7.90118 22.0041,
	7.90492 22.0059,
	7.90678 22.0097,
	7.91052 22.0134,
	7.91332 22.0433,
	7.91145 22.103,
	7.90958 22.1179,
	7.90492 22.1328,
	7.90399 22.1366,
	7.89372 22.1515,
	7.89092 22.1543,
	7.89092 22.1562,
	7.87879 22.1683,
	7.86572 22.1785,
	7.85825 22.1832,
	7.85079 22.1851,
	7.84332 22.1889,
	7.81346 22.1945,
	7.79852 22.1963,
	"/>
</Transform>

<Transform dim="0"
 xcoef=" 0 1 0 0 0 0"
 ycoef=" 0 0 1 0 0 0">
<Contour name="d61p23" hidden="false" closed="true" simplified="true" border="1 0 0" fill="1 0 0" mode="11"
 points="16.6011 17.9333,
	16.5767 17.9089,
	16.6011 17.8845,
	16.6255 17.9089,
	"/>
</Transform>

<Transform dim="0"
 xcoef=" 0 1 0 0 0 0"
 ycoef=" 0 0 1 0 0 0">
<Contour name="d04c21b" hidden="false" closed="true" simplified="true" border="0 0 1" fill="0 0 1" mode="11"
 points="19.2386 24.4873,
	19.2311 24.4868,
	19.2161 24.482,
	19.2142 24.4815,
	19.2123 24.4801,
	19.2109 24.4796,
	19.2037 24.4745,
	19.1972 24.4683,
	19.1948 24.4651,
	19.1943 24.4632,
	19.1929 24.4613,
	19.1925 24.4594,
	19.191 24.4575,
	19.1906 24.4557,
	19.1892 24.4538,
	19.1873 24.4463,
	19.1863 24.4425,
	19.1859 24.4349,
	19.1859 24.4316,
	19.1859 24.4311,
	19.1863 24.4274,
	19.1878 24.4236,
	19.1887 24.4217,
	19.1887 24.4198,
	19.1915 24.4123,
	19.1925 24.4085,
	19.1929 24.4067,
	19.1943 24.4048,
	19.1948 24.4029,
	19.1962 24.401,
	19.1967 24.3996,
	19.2066 24.3854,
	19.2089 24.3821,
	19.2089 24.3812,
	19.2118 24.3774,
	19.2147 24.3746,
	19.217 24.3708,
	19.2203 24.368,
	19.2222 24.3666,
	19.2231 24.3647,
	19.2269 24.3614,
	19.2292 24.3591,
	19.2292 24.3582,
	19.2306 24.3563,
	19.2316 24.3558,
	19.232 24.3539,
	19.2377 24.3469,
	19.241 24.3436,
	19.2419 24.3422,
	19.2546 24.3303,
	19.2618 24.3251,
	19.265 24.3233,
	19.2669 24.3219,
	19.2745 24.3195,
	19.282 24.3181,
	19.2839 24.3172,
	19.297 24.3172,
	19.3003 24.3195,
	19.3036 24.3233,
	19.306 24.327,
	19.3075 24.3303,
	19.3098 24.3341,
	19.314 24.3402,
	19.3164 24.344,
	19.3183 24.3459,
	19.3225 24.353,
	19.3225 24.3539,
	19.3234 24.3549,
	19.3244 24.3624,
	19.3244 24.3699,
	19.3239 24.3737,
	19.3211 24.3812,
	19.3201 24.3821,
	19.3201 24.3831,
	19.3178 24.3864,
	19.3164 24.3878,
	19.3159 24.3897,
	19.314 24.3916,
	19.3136 24.3935,
	19.3107 24.3968,
	19.3017 24.4104,
	19.3012 24.4123,
	19.297 24.4194,
	19.2956 24.4208,
	19.2956 24.4217,
	19.2909 24.4283,
	19.289 24.4321,
	19.2792 24.4458,
	19.2749 24.4528,
	19.2698 24.4599,
	19.2688 24.4618,
	19.2655 24.4655,
	19.2608 24.4726,
	19.2585 24.4759,
	19.2518 24.4815,
	19.2508 24.4815,
	19.2476 24.4839,
	19.2457 24.4853,
	"/>
</Transform>

<Transform dim="0"
 xcoef=" 0 1 0 0 0 0"
 ycoef=" 0 0 1 0 0 0">
<Contour name="d51c14" hidden="false" closed="true" simplified="true" border="0 0 1" fill="0 0 1" mode="11"
 points="7.58199 23.1297,
	7.57398 23.1292,
	7.56997 23.1272,
	7.56847 23.1257,
	7.56447 23.1242,
	7.56147 23.1217,
	7.55947 23.1202,
	7.55847 23.1187,
	7.55646 23.1182,
	7.54195 23.1038,
	7.53694 23.0973,
	7.53194 23.0892,
	7.53094 23.0852,
	7.53094 23.0777,
	7.53094 23.0772,
	7.53295 23.0692,
	7.53445 23.0652,
	7.53495 23.0632,
	7.53495 23.0622,
	7.53595 23.0612,
	7.53694 23.0572,
	7.53795 23.0567,
	7.53895 23.0527,
	7.54396 23.0446,
	7.54545 23.0426,
	7.54595 23.0406,
	7.55146 23.0332,
	7.55246 23.0327,
	7.55296 23.0307,
	7.55496 23.0292,
	7.56046 23.0227,
	7.56698 23.0152,
	7.57047 23.0112,
	7.57398 23.0082,
	7.57498 23.0067,
	7.58149 23.0007,
	7.58348 22.9987,
	7.58699 22.9961,
	7.58849 22.9946,
	7.58899 22.9936,
	7.58999 22.9936,
	7.59149 22.9916,
	7.59349 22.9911,
	7.596 22.9881,
	7.603 22.9826,
	7.61651 22.9691,
	7.61651 22.9681,
	7.61801 22.9666,
	7.61902 22.9666,
	7.61902 22.9656,
	7.62301 22.9626,
	7.62802 22.9567,
	7.62952 22.9557,
	7.63302 22.9522,
	7.63302 22.9511,
	7.64003 22.9446,
	7.64304 22.9416,
	7.64404 22.9396,
	7.65805 22.9266,
	7.66405 22.9211,
	7.66555 22.9201,
	7.66955 22.9166,
	7.67556 22.9111,
	7.68307 22.9046,
	7.68607 22.9015,
	7.69407 22.896,
	7.69758 22.8935,
	7.70559 22.8915,
	7.71359 22.8915,
	7.7216 22.8925,
	7.7256 22.894,
	7.7266 22.894,
	7.7271 22.895,
	7.7281 22.895,
	7.7291 22.896,
	7.7331 22.897,
	7.73661 22.9,
	7.7386 22.9005,
	7.74211 22.9041,
	7.74661 22.9116,
	7.74811 22.9156,
	7.74962 22.9316,
	7.74962 22.9396,
	7.74811 22.9476,
	7.74561 22.9557,
	7.74561 22.9636,
	7.74512 22.9676,
	7.74261 22.9756,
	7.73911 22.9836,
	7.7381 22.9876,
	7.73711 22.9886,
	7.73461 22.9966,
	7.7336 22.9971,
	7.7326 23.0012,
	7.7321 23.0032,
	7.72961 23.0072,
	7.7281 23.0112,
	7.72359 23.0192,
	7.7211 23.0232,
	7.7201 23.0242,
	7.7201 23.0252,
	7.71509 23.0322,
	7.71159 23.0362,
	7.70908 23.0401,
	7.69457 23.0532,
	7.69257 23.0552,
	7.69157 23.0552,
	7.68356 23.0617,
	7.67956 23.0632,
	7.67756 23.0652,
	7.67556 23.0657,
	7.67155 23.0687,
	7.66955 23.0692,
	7.66154 23.0747,
	7.65955 23.0762,
	7.65855 23.0782,
	7.65204 23.0852,
	7.64904 23.0887,
	7.64703 23.0917,
	7.64354 23.0948,
	7.64203 23.0963,
	7.64103 23.0968,
	7.64103 23.0978,
	7.63302 23.1048,
	7.62652 23.1108,
	7.61902 23.1162,
	7.61501 23.1187,
	7.61301 23.1207,
	7.61201 23.1217,
	7.61001 23.1222,
	7.60601 23.1247,
	7.602 23.1262,
	7.6 23.1272,
	7.59899 23.1272,
	7.598 23.1282,
	"/>
</Transform>

<Transform dim="0"
 xcoef=" 0 1 0 0 0 0"
 ycoef=" 0 0 1 0 0 0">
<Contour name="d61sp25" hidden="false" closed="true" simplified="true" border="1 0 0" fill="1 0 0" mode="11"
 points="16.1606 18.4315,
	16.1461 18.4306,
	16.1314 18.426,
	16.1241 18.4224,
	16.1223 18.4206,
	16.1205 18.4206,
	16.1178 18.4169,
	16.1141 18.4151,
	16.1078 18.4087,
	16.1078 18.4069,
	16.105 18.4033,
	16.1032 18.4015,
	16.0987 18.3868,
	16.0968 18.3832,
	16.0968 18.3795,
	16.0858 18.3513,
	16.0804 18.3367,
	16.0776 18.3294,
	16.0776 18.3258,
	16.0722 18.3112,
	16.0704 18.3049,
	16.0686 18.3012,
	16.0686 18.2975,
	16.0658 18.2902,
	16.0631 18.2757,
	16.0613 18.2684,
	16.0604 18.2392,
	16.0604 18.2374,
	16.0604 18.2365,
	16.0658 18.2219,
	16.0667 18.2183,
	16.0695 18.2146,
	16.0695 18.2128,
	16.0713 18.2119,
	16.0822 18.1827,
	16.0867 18.1682,
	16.0867 18.1663,
	16.0895 18.1627,
	16.0895 18.1591,
	16.0923 18.1563,
	16.0987 18.1417,
	16.1023 18.1344,
	16.1041 18.1308,
	16.1059 18.1299,
	16.1187 18.1016,
	16.1205 18.0943,
	16.1223 18.0925,
	16.1305 18.0634,
	16.1323 18.0597,
	16.1323 18.0579,
	16.1341 18.056,
	16.1341 18.0524,
	16.1406 18.0378,
	16.1406 18.036,
	16.1433 18.0333,
	16.1461 18.026,
	16.1479 18.0251,
	16.1506 18.0178,
	16.1597 18.0032,
	16.1661 17.9959,
	16.1761 17.9841,
	16.1761 17.9822,
	16.1788 17.9786,
	16.1806 17.9768,
	16.1806 17.975,
	16.1833 17.9722,
	16.1833 17.9704,
	16.1852 17.9686,
	16.1898 17.954,
	16.1925 17.9394,
	16.1934 17.9102,
	16.1943 17.8957,
	16.2007 17.8811,
	16.2025 17.8793,
	16.2098 17.8793,
	16.239 17.8884,
	16.2426 17.8902,
	16.2445 17.8902,
	16.2472 17.8929,
	16.249 17.8929,
	16.2508 17.8947,
	16.2581 17.8975,
	16.2645 17.902,
	16.2663 17.902,
	16.2727 17.9075,
	16.2754 17.9102,
	16.279 17.9111,
	16.2919 17.9212,
	16.2973 17.9249,
	16.3009 17.9276,
	16.3028 17.9276,
	16.3046 17.9303,
	16.3064 17.9303,
	16.32 17.9412,
	16.3237 17.9421,
	16.3273 17.9449,
	16.3282 17.9467,
	16.33 17.9467,
	16.3438 17.9558,
	16.3502 17.9603,
	16.3538 17.9612,
	16.3665 17.9713,
	16.3729 17.9768,
	16.3747 17.9768,
	16.3803 17.9813,
	16.383 17.9841,
	16.3848 17.9841,
	16.3903 17.9886,
	16.3921 17.9886,
	16.4066 17.9995,
	16.4139 18.005,
	16.4175 18.0077,
	16.4139 18.0114,
	16.403 18.0215,
	16.3975 18.0278,
	16.3948 18.0296,
	16.3848 18.0433,
	16.3765 18.0579,
	16.3756 18.0616,
	16.3738 18.0634,
	16.3702 18.0779,
	16.3683 18.0816,
	16.3683 18.0852,
	16.3665 18.0888,
	16.3665 18.0925,
	16.3638 18.0998,
	16.3638 18.1034,
	16.3592 18.118,
	16.3538 18.1471,
	16.3502 18.1618,
	16.3502 18.1636,
	16.3483 18.1654,
	16.3474 18.1691,
	16.3474 18.1709,
	16.3456 18.1727,
	16.3456 18.1745,
	16.3429 18.1782,
	16.342 18.1818,
	16.3374 18.1891,
	16.3356 18.1909,
	16.3291 18.2055,
	16.3264 18.2128,
	16.3246 18.2165,
	16.3219 18.231,
	16.3191 18.2602,
	16.3155 18.2748,
	16.3137 18.282,
	16.31 18.2893,
	16.3091 18.2929,
	16.3 18.3067,
	16.2946 18.3131,
	16.2873 18.3203,
	16.2745 18.3321,
	16.2627 18.3458,
	16.2581 18.3523,
	16.2563 18.3559,
	16.2545 18.3577,
	16.2536 18.3613,
	16.2436 18.375,
	16.2335 18.3868,
	16.2271 18.3932,
	16.2216 18.3978,
	16.218 18.4006,
	16.2162 18.4033,
	16.2034 18.4142,
	16.1898 18.4233,
	16.1752 18.4306,
	"/>
</Transform>

<Transform dim="0"
 xcoef=" 0 1 0 0 0 0"
 ycoef=" 0 0 1 0 0 0">
<Contour name="d04p23" hidden="false" closed="true" simplified="true" border="1 0 0" fill="1 0 0" mode="11"
 points="18.4344 26.9219,
	18.4189 26.9064,
	18.4344 26.891,
	18.4499 26.9064,
	"/>
</Transform>

<Transform dim="0"
 xcoef=" 0 1 0 0 0 0"
 ycoef=" 0 0 1 0 0 0">
<Contour name="d04p24" hidden="false" closed="true" simplified="true" border="1 0 0" fill="1 0 0" mode="11"
 points="17.7302 27.0305,
	17.7168 27.0061,
	17.7435 27.0061,
	"/>
</Transform>

<Transform dim="0"
 xcoef=" 0 1 0 0 0 0"
 ycoef=" 0 0 1 0 0 0">
<Contour name="d04c23" hidden="false" closed="true" simplified="true" border="0 0 1" fill="0 0 1" mode="11"
 points="18.7533 27.5225,
	18.7497 27.5221,
	18.7479 27.5212,
	18.7466 27.5194,
	18.7457 27.519,
	18.7457 27.5181,
	18.7435 27.515,
	18.7413 27.5078,
	18.7399 27.5059,
	18.7395 27.5041,
	18.7372 27.5006,
	18.7359 27.4992,
	18.7354 27.4974,
	18.7341 27.4957,
	18.7337 27.4943,
	18.7314 27.4908,
	18.7301 27.4894,
	18.7296 27.4876,
	18.7282 27.4863,
	18.7278 27.4845,
	18.7233 27.4774,
	18.7224 27.4765,
	18.722 27.4747,
	18.7202 27.4729,
	18.7197 27.4711,
	18.7184 27.4698,
	18.7179 27.468,
	18.7157 27.4649,
	18.7148 27.4644,
	18.7135 27.4613,
	18.7126 27.4604,
	18.7126 27.4595,
	18.7099 27.4558,
	18.7086 27.4527,
	18.7063 27.4496,
	18.705 27.4478,
	18.705 27.4469,
	18.7037 27.4456,
	18.7037 27.4447,
	18.7023 27.4433,
	18.7023 27.4424,
	18.6974 27.4362,
	18.6961 27.4344,
	18.6952 27.434,
	18.6952 27.4331,
	18.6916 27.4304,
	18.6889 27.4273,
	18.6854 27.425,
	18.684 27.4246,
	18.6772 27.4206,
	18.6629 27.4183,
	18.6612 27.4183,
	18.6603 27.4175,
	18.6567 27.4166,
	18.6558 27.4157,
	18.6549 27.4157,
	18.6545 27.4148,
	18.6536 27.4148,
	18.6402 27.4053,
	18.6334 27.3999,
	18.6298 27.3973,
	18.6271 27.3946,
	18.6253 27.3932,
	18.6231 27.3901,
	18.6218 27.3883,
	18.62 27.3812,
	18.6195 27.3669,
	18.6195 27.3632,
	18.6195 27.3623,
	18.6195 27.3619,
	18.6204 27.3601,
	18.6222 27.3458,
	18.6236 27.3387,
	18.6249 27.31,
	18.6253 27.2815,
	18.6267 27.2672,
	18.6316 27.2385,
	18.6325 27.2376,
	18.6329 27.234,
	18.6338 27.2336,
	18.6348 27.2305,
	18.6379 27.2233,
	18.6388 27.2224,
	18.6388 27.2215,
	18.6406 27.2198,
	18.6446 27.2125,
	18.6509 27.2063,
	18.6545 27.204,
	18.658 27.2027,
	18.6652 27.2018,
	18.667 27.2009,
	18.6705 27.2005,
	18.6741 27.1987,
	18.6759 27.1987,
	18.6777 27.1973,
	18.6812 27.1964,
	18.6822 27.1956,
	18.6858 27.1947,
	18.6876 27.1942,
	18.688 27.1933,
	18.6952 27.1911,
	18.6987 27.1906,
	18.6996 27.1898,
	18.7139 27.1893,
	18.7211 27.188,
	18.7246 27.188,
	18.7264 27.1871,
	18.7301 27.1866,
	18.731 27.1857,
	18.7453 27.1835,
	18.7488 27.1835,
	18.756 27.1853,
	18.7596 27.1853,
	18.7667 27.1875,
	18.7676 27.1875,
	18.7685 27.1884,
	18.7694 27.1884,
	18.7703 27.1893,
	18.7721 27.1893,
	18.7793 27.1924,
	18.7864 27.1947,
	18.79 27.1956,
	18.7918 27.1969,
	18.7936 27.1973,
	18.7954 27.1987,
	18.7971 27.1991,
	18.8007 27.2014,
	18.8025 27.2027,
	18.8034 27.2027,
	18.8047 27.2045,
	18.8056 27.2045,
	18.8114 27.2094,
	18.8141 27.2116,
	18.815 27.2125,
	18.8159 27.2125,
	18.8181 27.2152,
	18.8195 27.2161,
	18.8204 27.2179,
	18.8221 27.2193,
	18.8221 27.2202,
	18.8239 27.2215,
	18.8253 27.222,
	18.8267 27.2238,
	18.8285 27.2247,
	18.8338 27.2318,
	18.8383 27.239,
	18.8428 27.2448,
	18.8455 27.2479,
	18.8459 27.2492,
	18.8513 27.2564,
	18.853 27.2577,
	18.8535 27.259,
	18.8548 27.2608,
	18.8562 27.2617,
	18.858 27.2653,
	18.8597 27.2681,
	18.8629 27.2716,
	18.8678 27.2774,
	18.8687 27.2788,
	18.8687 27.2797,
	18.8705 27.281,
	18.8709 27.2828,
	18.8718 27.2832,
	18.8718 27.2841,
	18.874 27.2877,
	18.8746 27.2895,
	18.8759 27.2913,
	18.8768 27.2984,
	18.8768 27.302,
	18.8746 27.3091,
	18.8746 27.31,
	18.8736 27.3109,
	18.8727 27.314,
	18.8691 27.3213,
	18.8673 27.3249,
	18.8664 27.3257,
	18.8651 27.3289,
	18.8629 27.332,
	18.8629 27.3329,
	18.858 27.34,
	18.8557 27.3436,
	18.8548 27.3445,
	18.8548 27.3454,
	18.8504 27.3521,
	18.849 27.3534,
	18.849 27.3543,
	18.845 27.3601,
	18.8401 27.3669,
	18.8379 27.3705,
	18.837 27.3723,
	18.8356 27.3732,
	18.8338 27.3767,
	18.8307 27.3803,
	18.8263 27.387,
	18.8239 27.3901,
	18.8226 27.3919,
	18.8221 27.3937,
	18.8213 27.3941,
	18.8213 27.395,
	18.8172 27.4022,
	18.8123 27.4166,
	18.811 27.4237,
	18.8105 27.4308,
	18.8092 27.438,
	18.8083 27.4398,
	18.8083 27.4416,
	18.8074 27.4433,
	18.8074 27.4451,
	18.8065 27.446,
	18.8056 27.4496,
	18.8047 27.4514,
	18.8047 27.4532,
	18.8034 27.4567,
	18.8025 27.4586,
	18.8025 27.4604,
	18.8003 27.4675,
	18.7989 27.4711,
	18.7985 27.4747,
	18.7963 27.4818,
	18.7949 27.4854,
	18.7945 27.489,
	18.7931 27.4908,
	18.7931 27.4925,
	18.7922 27.4943,
	18.7922 27.4952,
	18.7913 27.4961,
	18.7913 27.4979,
	18.79 27.5015,
	18.7891 27.5024,
	18.7882 27.5059,
	18.7842 27.5132,
	18.7833 27.5141,
	18.7833 27.515,
	18.7802 27.5181,
	18.7784 27.5194,
	18.7712 27.5212,
	18.7569 27.5221,
	"/>
</Transform>

<Transform dim="0"
 xcoef=" 0 1 0 0 0 0"
 ycoef=" 0 0 1 0 0 0">
<Contour name="d04sp23" hidden="false" closed="true" simplified="true" border="1 0 0" fill="1 0 0" mode="11"
 points="18.9099 27.5069,
	18.9087 27.5057,
	18.8987 27.5026,
	18.8938 27.5014,
	18.8926 27.5001,
	18.8726 27.4933,
	18.8677 27.4908,
	18.8652 27.4908,
	18.8627 27.489,
	18.8577 27.4877,
	18.8553 27.4859,
	18.8528 27.4852,
	18.8516 27.4852,
	18.8491 27.4834,
	18.8392 27.4791,
	18.8348 27.4772,
	18.833 27.4753,
	18.8305 27.4747,
	18.8268 27.4716,
	18.8248 27.4698,
	18.8236 27.4698,
	18.8167 27.4617,
	18.8118 27.4517,
	18.8106 27.4467,
	18.8093 27.4442,
	18.8081 27.4343,
	18.8075 27.4145,
	18.8056 27.3946,
	18.8019 27.3747,
	18.8 27.3698,
	18.7988 27.3673,
	18.7988 27.3648,
	18.7969 27.3598,
	18.7957 27.3585,
	18.7951 27.3536,
	18.7938 27.353,
	18.7907 27.343,
	18.7889 27.3406,
	18.787 27.3356,
	18.7745 27.3164,
	18.7733 27.3138,
	18.7689 27.3095,
	18.7658 27.3051,
	18.7646 27.3051,
	18.7621 27.3027,
	18.7609 27.302,
	18.7609 27.3008,
	18.7522 27.294,
	18.7497 27.2921,
	18.7472 27.2915,
	18.746 27.2915,
	18.7435 27.2896,
	18.7336 27.2884,
	18.6938 27.2884,
	18.6739 27.2834,
	18.6727 27.2822,
	18.6677 27.281,
	18.6652 27.2803,
	18.664 27.2791,
	18.659 27.2785,
	18.6541 27.276,
	18.6497 27.2723,
	18.6454 27.2623,
	18.6442 27.2617,
	18.6442 27.2592,
	18.6423 27.2542,
	18.6405 27.2443,
	18.6405 27.2393,
	18.6405 27.2375,
	18.6405 27.2369,
	18.6423 27.2319,
	18.6423 27.2294,
	18.6436 27.2282,
	18.6436 27.227,
	18.6448 27.2257,
	18.6479 27.2157,
	18.6479 27.2132,
	18.6491 27.212,
	18.6522 27.2021,
	18.6535 27.1996,
	18.6535 27.1971,
	18.6572 27.1872,
	18.6597 27.1773,
	18.6609 27.176,
	18.6615 27.1711,
	18.664 27.166,
	18.664 27.1635,
	18.6671 27.1586,
	18.6677 27.1573,
	18.669 27.1573,
	18.6696 27.1561,
	18.6708 27.1561,
	18.6721 27.1549,
	18.6821 27.153,
	18.7019 27.1511,
	18.7217 27.1511,
	18.7317 27.1505,
	18.7417 27.1518,
	18.7516 27.1542,
	18.7565 27.1561,
	18.7615 27.1567,
	18.764 27.1586,
	18.7665 27.1592,
	18.7714 27.1623,
	18.7739 27.1642,
	18.7751 27.1642,
	18.7777 27.1666,
	18.7876 27.1729,
	18.7901 27.1748,
	18.7913 27.1748,
	18.8 27.1816,
	18.8044 27.1841,
	18.813 27.1909,
	18.8155 27.1915,
	18.8205 27.1946,
	18.8211 27.1959,
	18.8254 27.1977,
	18.8305 27.2008,
	18.8317 27.2021,
	18.8342 27.2027,
	18.8441 27.2083,
	18.8491 27.2107,
	18.8516 27.2126,
	18.8528 27.2126,
	18.8695 27.2251,
	18.8708 27.2251,
	18.874 27.2288,
	18.8826 27.2369,
	18.8876 27.2412,
	18.8913 27.2455,
	18.8932 27.2468,
	18.8981 27.2511,
	18.9 27.253,
	18.9012 27.253,
	18.9056 27.2567,
	18.9068 27.2567,
	18.9249 27.2711,
	18.9298 27.2748,
	18.9317 27.2772,
	18.9342 27.2779,
	18.9379 27.2816,
	18.9404 27.2834,
	18.9416 27.2841,
	18.9416 27.2853,
	18.9497 27.2927,
	18.9534 27.2965,
	18.9534 27.2977,
	18.9571 27.302,
	18.9614 27.312,
	18.9621 27.3144,
	18.9633 27.3158,
	18.9633 27.3207,
	18.9614 27.3251,
	18.9614 27.3275,
	18.9602 27.33,
	18.9602 27.3313,
	18.9583 27.3337,
	18.9559 27.3437,
	18.9546 27.3536,
	18.9534 27.356,
	18.9534 27.4356,
	18.9534 27.4554,
	18.9521 27.4654,
	18.9503 27.4704,
	18.9497 27.4729,
	18.9497 27.4741,
	18.9478 27.4766,
	18.9459 27.4809,
	18.9422 27.4859,
	18.941 27.4883,
	18.9397 27.489,
	18.9397 27.4902,
	18.9329 27.4995,
	18.9292 27.5026,
	18.9274 27.5045,
	18.9224 27.5063,
	18.9124 27.5069,
	"/>
</Transform>

<Transform dim="0"
 xcoef=" 0 1 0 0 0 0"
 ycoef=" 0 0 1 0 0 0">
<Contour name="d04sp23" hidden="false" closed="true" simplified="true" border="1 0 0" fill="1 0 0" mode="11"
 points="18.6271 27.1071,
	18.6181 27.1055,
	18.6137 27.1032,
	18.6125 27.1032,
	18.6086 27.1004,
	18.6064 27.0987,
	18.6041 27.0982,
	18.5952 27.0931,
	18.5772 27.0937,
	18.5682 27.0937,
	18.5593 27.0926,
	18.5548 27.0915,
	18.5525 27.0915,
	18.5481 27.0898,
	18.5469 27.0898,
	18.5458 27.0887,
	18.5413 27.087,
	18.5328 27.0819,
	18.5166 27.0695,
	18.5155 27.0695,
	18.5133 27.0673,
	18.5121 27.0662,
	18.5099 27.0656,
	18.5082 27.0639,
	18.5077 27.0645,
	18.5021 27.0572,
	18.4993 27.0533,
	18.4953 27.0488,
	18.4937 27.0477,
	18.4903 27.0438,
	18.4903 27.0427,
	18.488 27.0404,
	18.4863 27.0393,
	18.4829 27.0354,
	18.4807 27.0331,
	18.4723 27.0275,
	18.4712 27.0275,
	18.4701 27.0263,
	18.4656 27.0252,
	18.4572 27.0213,
	18.4527 27.0202,
	18.4516 27.0191,
	18.4471 27.0185,
	18.446 27.0174,
	18.4437 27.0168,
	18.4426 27.0168,
	18.4414 27.0157,
	18.4392 27.0157,
	18.4213 27.0084,
	18.419 27.0079,
	18.4179 27.0079,
	18.4162 27.0062,
	18.414 27.0056,
	18.4117 27.0039,
	18.4112 27.0034,
	18.4106 27.0039,
	18.3949 26.9933,
	18.3926 26.9916,
	18.3887 26.9905,
	18.3881 26.9899,
	18.3926 26.9888,
	18.4106 26.9877,
	18.4129 26.9883,
	18.4173 26.986,
	18.4263 26.9832,
	18.4308 26.981,
	18.433 26.9804,
	18.4375 26.9775,
	18.438 26.9764,
	18.4403 26.9759,
	18.4414 26.9759,
	18.4426 26.9747,
	18.4437 26.9747,
	18.4482 26.9719,
	18.4493 26.9708,
	18.4538 26.9691,
	18.4561 26.9686,
	18.4566 26.9675,
	18.4611 26.9658,
	18.4633 26.9641,
	18.4656 26.9635,
	18.4678 26.9619,
	18.4701 26.9613,
	18.479 26.9557,
	18.4829 26.9535,
	18.4914 26.9473,
	18.4959 26.9439,
	18.4976 26.9423,
	18.4998 26.9417,
	18.5037 26.9378,
	18.5121 26.9328,
	18.5144 26.9322,
	18.5228 26.9259,
	18.525 26.9243,
	18.5261 26.9248,
	18.5289 26.9607,
	18.5306 26.9652,
	18.5306 26.9663,
	18.5323 26.968,
	18.5334 26.9725,
	18.534 26.9747,
	18.5351 26.9759,
	18.5391 26.9843,
	18.5425 26.9888,
	18.5469 26.9927,
	18.5548 26.9983,
	18.557 27,
	18.5581 27,
	18.5671 27.0056,
	18.5716 27.0079,
	18.5727 27.0079,
	18.5772 27.0107,
	18.5783 27.0107,
	18.58 27.0123,
	18.5822 27.0129,
	18.5844 27.0146,
	18.5856 27.0146,
	18.5861 27.0157,
	18.5885 27.0163,
	18.589 27.0174,
	18.598 27.0213,
	18.6025 27.0235,
	18.6036 27.0247,
	18.6081 27.0263,
	18.6097 27.0269,
	18.612 27.0287,
	18.6142 27.0292,
	18.6164 27.0309,
	18.6176 27.032,
	18.6198 27.0326,
	18.622 27.0343,
	18.6243 27.0348,
	18.6327 27.041,
	18.635 27.0415,
	18.6423 27.0494,
	18.6451 27.0527,
	18.6451 27.0539,
	18.6462 27.0544,
	18.6473 27.0589,
	18.6496 27.0634,
	18.6501 27.0723,
	18.649 27.0814,
	18.6479 27.0859,
	18.6468 27.0864,
	18.6457 27.0909,
	18.6445 27.0915,
	18.6445 27.0926,
	18.6417 27.0971,
	18.6345 27.1038,
	18.6321 27.1049,
	18.6316 27.106,
	"/>
</Transform>

<Transform dim="0"
 xcoef=" 0 1 0 0 0 0"
 ycoef=" 0 0 1 0 0 0">
<Contour name="d04sp24" hidden="false" closed="true" simplified="true" border="1 0 0" fill="1 0 0" mode="11"
 points="17.5533 27.3981,
	17.5484 27.3975,
	17.5459 27.3975,
	17.5435 27.3962,
	17.5423 27.3962,
	17.541 27.395,
	17.5361 27.3938,
	17.5319 27.3913,
	17.522 27.3828,
	17.5177 27.3791,
	17.5146 27.3748,
	17.5146 27.3736,
	17.5134 27.3724,
	17.5134 27.3712,
	17.5122 27.3706,
	17.5104 27.3657,
	17.5079 27.3619,
	17.5067 27.3594,
	17.5067 27.3582,
	17.5049 27.3564,
	17.5042 27.3539,
	17.4981 27.3448,
	17.4981 27.3435,
	17.4969 27.3429,
	17.4957 27.338,
	17.4945 27.3356,
	17.4932 27.335,
	17.4908 27.3258,
	17.4896 27.3209,
	17.4896 27.3012,
	17.4896 27.2988,
	17.4896 27.2982,
	17.4914 27.2884,
	17.4932 27.2835,
	17.4932 27.2823,
	17.5042 27.2632,
	17.5042 27.262,
	17.5122 27.2528,
	17.5153 27.2485,
	17.5232 27.2394,
	17.5263 27.2351,
	17.5281 27.2333,
	17.5281 27.232,
	17.5299 27.2296,
	17.5305 27.2271,
	17.5325 27.2253,
	17.5337 27.2204,
	17.5355 27.2179,
	17.5386 27.2087,
	17.5465 27.1891,
	17.5472 27.1867,
	17.549 27.1842,
	17.5496 27.1818,
	17.5557 27.1726,
	17.5557 27.1714,
	17.5624 27.1627,
	17.5661 27.1578,
	17.5728 27.1499,
	17.5759 27.1456,
	17.5771 27.1432,
	17.5783 27.1419,
	17.5783 27.1407,
	17.5809 27.1383,
	17.5815 27.1358,
	17.5827 27.1352,
	17.5827 27.134,
	17.5839 27.1328,
	17.5846 27.1303,
	17.5864 27.1279,
	17.5895 27.118,
	17.5937 27.1082,
	17.595 27.1033,
	17.5962 27.1021,
	17.5974 27.0972,
	17.6005 27.0923,
	17.6023 27.0905,
	17.6029 27.088,
	17.6047 27.0862,
	17.6047 27.085,
	17.6115 27.0751,
	17.6127 27.0739,
	17.6127 27.0726,
	17.6157 27.0696,
	17.6157 27.0683,
	17.6182 27.0659,
	17.6182 27.0647,
	17.6213 27.0598,
	17.6231 27.0573,
	17.6237 27.0549,
	17.6293 27.0457,
	17.6293 27.0445,
	17.6305 27.0433,
	17.6342 27.0335,
	17.6354 27.0286,
	17.6366 27.026,
	17.6366 27.0236,
	17.6415 27.0138,
	17.6421 27.012,
	17.6452 27.0077,
	17.647 27.0095,
	17.6501 27.0193,
	17.6519 27.0242,
	17.6519 27.0254,
	17.6532 27.0267,
	17.655 27.0317,
	17.6568 27.0341,
	17.6574 27.0365,
	17.6593 27.0384,
	17.6599 27.0408,
	17.6617 27.0433,
	17.6623 27.0457,
	17.6642 27.0482,
	17.6648 27.0506,
	17.6715 27.0586,
	17.6765 27.0635,
	17.6814 27.0671,
	17.6887 27.0739,
	17.6912 27.0751,
	17.6955 27.0795,
	17.704 27.0856,
	17.7065 27.0868,
	17.7077 27.088,
	17.7089 27.088,
	17.7132 27.0911,
	17.7156 27.0923,
	17.7169 27.0935,
	17.7193 27.0935,
	17.7199 27.0947,
	17.7249 27.096,
	17.7274 27.0978,
	17.7298 27.0984,
	17.7322 27.1002,
	17.7335 27.1002,
	17.7359 27.1021,
	17.7555 27.1076,
	17.7579 27.1082,
	17.7592 27.1088,
	17.7573 27.1106,
	17.7561 27.1106,
	17.7481 27.1161,
	17.7457 27.1174,
	17.7445 27.1174,
	17.7433 27.1186,
	17.7341 27.123,
	17.7292 27.1254,
	17.728 27.1266,
	17.7267 27.1266,
	17.7243 27.1291,
	17.7218 27.1297,
	17.7199 27.1315,
	17.7187 27.1315,
	17.7138 27.1346,
	17.7126 27.1364,
	17.7046 27.1438,
	17.6955 27.1505,
	17.6863 27.1554,
	17.6838 27.1554,
	17.6796 27.1584,
	17.6771 27.1591,
	17.6747 27.1609,
	17.6733 27.1609,
	17.6709 27.1633,
	17.6684 27.164,
	17.6666 27.1664,
	17.6654 27.1664,
	17.6617 27.1701,
	17.6587 27.1751,
	17.6568 27.1769,
	17.6562 27.1793,
	17.655 27.1793,
	17.6544 27.1818,
	17.6513 27.1855,
	17.6483 27.1903,
	17.6403 27.1983,
	17.6385 27.2007,
	17.6348 27.2038,
	17.6281 27.2118,
	17.6249 27.2166,
	17.6231 27.2192,
	17.6219 27.2192,
	17.6213 27.2216,
	17.6182 27.2265,
	17.617 27.2278,
	17.6102 27.2473,
	17.6072 27.2571,
	17.606 27.2596,
	17.6054 27.2645,
	17.6035 27.2694,
	17.6029 27.2719,
	17.6017 27.2731,
	17.5992 27.2829,
	17.5974 27.2878,
	17.5974 27.2902,
	17.5956 27.2951,
	17.595 27.3147,
	17.5925 27.3344,
	17.5901 27.3442,
	17.5895 27.349,
	17.5864 27.3588,
	17.5852 27.3613,
	17.5852 27.3638,
	17.5833 27.3663,
	17.5821 27.3712,
	17.5797 27.3761,
	17.5791 27.3785,
	17.5791 27.3797,
	17.5771 27.3822,
	17.5771 27.3834,
	17.5741 27.3871,
	17.5741 27.3883,
	17.5704 27.392,
	17.5686 27.3944,
	17.5673 27.3944,
	17.5631 27.3975,
	"/>
</Transform>

<Transform dim="0"
 xcoef=" 0 1 0 0 0 0"
 ycoef=" 0 0 1 0 0 0">
<Contour name="d61p25" hidden="false" closed="true" simplified="true" border="1 0 0" fill="1 0 0" mode="11"
 points="16.3452 17.8966,
	16.3192 17.8708,
	16.3452 17.8448,
	16.371 17.8708,
	"/>
</Transform>

<Transform dim="0"
 xcoef=" 0 1 0 0 0 0"
 ycoef=" 0 0 1 0 0 0">
<Contour name="d04serb24" hidden="false" closed="true" simplified="true" border="1 1 0" fill="1 1 0" mode="11"
 points="17.7087 26.9965,
	17.7087 26.9771,
	17.6894 26.9771,
	17.6894 26.9577,
	17.7087 26.9577,
	17.7087 26.9384,
	17.7282 26.9384,
	17.7282 26.9577,
	17.7475 26.9577,
	17.7475 26.9771,
	17.7282 26.9771,
	17.7282 26.9965,
	"/>
</Transform>

<Transform dim="0"
 xcoef=" 0 1 0 0 0 0"
 ycoef=" 0 0 1 0 0 0">
<Contour name="d04cfa23" hidden="false" closed="true" simplified="true" border="0 1 0" fill="0 1 0" mode="11"
 points="18.8124 27.3834,
	18.8099 27.3828,
	18.8087 27.3816,
	18.8037 27.3797,
	18.7994 27.3754,
	18.7988 27.3704,
	18.7975 27.3679,
	18.7957 27.3579,
	18.7938 27.353,
	18.7938 27.3517,
	18.7926 27.3505,
	18.7926 27.3492,
	18.7913 27.348,
	18.7913 27.3455,
	18.7901 27.3443,
	18.7889 27.3393,
	18.787 27.3375,
	18.7864 27.335,
	18.7802 27.3257,
	18.7726 27.317,
	18.7665 27.3076,
	18.7584 27.3002,
	18.7491 27.294,
	18.7392 27.2896,
	18.7293 27.2865,
	18.7093 27.2847,
	18.6895 27.2841,
	18.6846 27.2828,
	18.6821 27.2828,
	18.6807 27.2816,
	18.6758 27.281,
	18.6659 27.2772,
	18.6609 27.2754,
	18.6566 27.2717,
	18.6541 27.2704,
	18.646 27.261,
	18.646 27.2598,
	18.6429 27.2548,
	18.6417 27.2542,
	18.6398 27.2443,
	18.6398 27.2437,
	18.6398 27.2431,
	18.6423 27.2331,
	18.646 27.2232,
	18.6491 27.2182,
	18.6504 27.2157,
	18.6528 27.2138,
	18.6628 27.2126,
	18.6727 27.2132,
	18.6776 27.212,
	18.6789 27.2107,
	18.6814 27.2107,
	18.6907 27.2052,
	18.692 27.2052,
	18.6945 27.2027,
	18.7143 27.2033,
	18.7242 27.2033,
	18.7267 27.2027,
	18.7317 27.1996,
	18.7516 27.1934,
	18.7565 27.1928,
	18.759 27.1934,
	18.7603 27.1946,
	18.7627 27.1946,
	18.7677 27.1983,
	18.7683 27.1996,
	18.7708 27.2002,
	18.7726 27.2027,
	18.7777 27.2058,
	18.7796 27.2076,
	18.7808 27.2076,
	18.7833 27.2101,
	18.7882 27.2132,
	18.7895 27.2132,
	18.7938 27.2163,
	18.7963 27.2176,
	18.7975 27.2188,
	18.8 27.2195,
	18.8013 27.2208,
	18.8112 27.2239,
	18.8124 27.2239,
	18.813 27.2251,
	18.818 27.227,
	18.8223 27.2307,
	18.8229 27.2331,
	18.8242 27.2338,
	18.8248 27.2362,
	18.8274 27.2387,
	18.828 27.2412,
	18.8299 27.2437,
	18.8336 27.2536,
	18.8429 27.2604,
	18.8472 27.2641,
	18.8485 27.2641,
	18.8534 27.268,
	18.8571 27.2717,
	18.8596 27.2729,
	18.8658 27.2816,
	18.8677 27.2834,
	18.8683 27.2859,
	18.8701 27.2884,
	18.8708 27.2983,
	18.8708 27.3033,
	18.8708 27.3058,
	18.8658 27.3158,
	18.8621 27.3207,
	18.8596 27.3232,
	18.8596 27.3244,
	18.8571 27.3269,
	18.8516 27.3356,
	18.8485 27.3399,
	18.8466 27.3443,
	18.8447 27.3468,
	18.8441 27.3492,
	18.8373 27.3591,
	18.8292 27.3692,
	18.8217 27.3772,
	18.8174 27.3816,
	"/>
</Transform>

<Transform dim="0"
 xcoef=" 0 1 0 0 0 0"
 ycoef=" 0 0 1 0 0 0">
<Contour name="d04cfa21b" hidden="false" closed="false" simplified="true" border="1 0 0" fill="1 0 0" mode="11"
 points="19.3024 24.3298,
	19.2935 24.3359,
	19.2851 24.3417,
	19.2705 24.353,
	19.2601 24.3647,
	19.252 24.3788,
	19.2441 24.393,
	19.2342 24.4137,
	19.2173 24.4434,
	19.2093 24.4712,
	"/>
</Transform>

<Transform dim="0"
 xcoef=" 0 1 0 0 0 0"
 ycoef=" 0 0 1 0 0 0">
<Contour name="d51cfa14" hidden="false" closed="false" simplified="true" border="0 1 0" fill="1 0 0" mode="11"
 points="7.74234 22.9246,
	7.73442 22.9529,
	7.72599 22.9672,
	7.71459 22.9816,
	7.70914 22.989,
	7.67446 23.0242,
	7.66108 23.0321,
	7.64225 23.0459,
	7.62639 23.0604,
	7.61054 23.0777,
	7.59319 23.0995,
	7.56891 23.1258,
	"/>
</Transform>

<Transform dim="0"
 xcoef=" 0 1 0 0 0 0"
 ycoef=" 0 0 1 0 0 0">
<Contour name="d63p27" hidden="false" closed="true" simplified="false" border="1 0 0" fill="1 0 0" mode="-13"
 points="7.26046 16.1907,
	7.24102 16.1713,
	7.26046 16.1518,
	7.2799 16.1713,
	"/>
</Transform>

<Transform dim="1"
 xcoef=" -0.03 1 0 0 0 0"
 ycoef=" -0.04 0 1 0 0 0">
<Contour name="d61p24" hidden="false" closed="true" simplified="true" border="1 0 0" fill="1 0 0" mode="11"
 points="16.8521 16.8124,
	16.8299 16.7716,
	16.8744 16.7716,
	"/>
</Transform>

<Transform dim="0"
 xcoef=" 0 1 0 0 0 0"
 ycoef=" 0 0 1 0 0 0">
<Contour name="d61rs01" hidden="false" closed="true" simplified="false" border="0 0 1" fill="1 0 1" mode="11"
 points="16.8471 16.7629,
	16.8471 16.7594,
	16.8506 16.7559,
	16.854 16.7559,
	16.8575 16.7594,
	16.8575 16.7629,
	16.854 16.7663,
	16.8506 16.7663,
	"/>
<Contour name="d61rs01" hidden="false" closed="true" simplified="false" border="0 0 1" fill="1 0 1" mode="11"
 points="16.8047 16.7715,
	16.8047 16.768,
	16.8081 16.7646,
	16.8116 16.7646,
	16.8151 16.768,
	16.8151 16.7715,
	16.8116 16.775,
	16.8081 16.775,
	"/>
<Contour name="d61rs01" hidden="false" closed="true" simplified="false" border="0 0 1" fill="1 0 1" mode="11"
 points="16.777 16.7715,
	16.777 16.768,
	16.7804 16.7646,
	16.7839 16.7646,
	16.7874 16.768,
	16.7874 16.7715,
	16.7839 16.775,
	16.7804 16.775,
	"/>
<Contour name="d61rs01" hidden="false" closed="true" simplified="false" border="0 0 1" fill="1 0 1" mode="11"
 points="16.77 16.7308,
	16.77 16.7273,
	16.7735 16.7239,
	16.777 16.7239,
	16.7804 16.7273,
	16.7804 16.7308,
	16.777 16.7343,
	16.7735 16.7343,
	"/>
</Transform>

<Transform dim="1"
 xcoef=" -0.1 1 0 0 0 0"
 ycoef=" -0.07 0 1 0 0 0">
<Contour name="d61sern23" hidden="false" closed="true" simplified="true" border="1 1 0" fill="1 1 0" mode="11"
 points="16.4371 17.9112,
	16.4371 17.8978,
	16.4236 17.8978,
	16.4236 17.8843,
	16.4371 17.8843,
	16.4371 17.8709,
	16.4505 17.8709,
	16.4505 17.8843,
	16.464 17.8843,
	16.464 17.8978,
	16.4505 17.8978,
	16.4505 17.9112,
	"/>
</Transform>

<Transform dim="0"
 xcoef=" 0 1 0 0 0 0"
 ycoef=" 0 0 1 0 0 0">
<Contour name="d61serb25" hidden="false" closed="true" simplified="false" border="1 1 0" fill="0 1 0" mode="11"
 points="16.2525 17.8403,
	16.2525 17.8312,
	16.2616 17.8312,
	16.2616 17.8222,
	16.2706 17.8222,
	16.2706 17.8312,
	16.2797 17.8312,
	16.2797 17.8403,
	16.2706 17.8403,
	16.2706 17.8494,
	16.2616 17.8494,
	16.2616 17.8403,
	"/>
</Transform>

<Transform dim="0"
 xcoef=" 0 1 0 0 0 0"
 ycoef=" 0 0 1 0 0 0">
<Contour name="d61" comment="dch_traced_06.2019" hidden="false" closed="true" simplified="true" border="1 1 0" fill="1 1 0" mode="11"
 points="15.839 17.3102,
	15.8614 17.18,
	15.8736 17.1148,
	15.8756 17.0823,
	15.8736 17.066,
	15.8777 17.0334,
	15.8817 17.0172,
	15.9204 16.9541,
	15.9428 16.9215,
	15.957 16.9053,
	15.9672 16.889,
	15.9753 16.8808,
	16.0405 16.8381,
	16.073 16.8239,
	16.0893 16.8178,
	16.1218 16.8137,
	16.187 16.8137,
	16.2521 16.8035,
	16.2846 16.7954,
	16.3009 16.7872,
	16.3335 16.7628,
	16.3925 16.6997,
	16.423 16.6692,
	16.4535 16.6428,
	16.4861 16.6204,
	16.4942 16.6122,
	16.5268 16.5899,
	16.5919 16.5512,
	16.6244 16.5329,
	16.657 16.5186,
	16.6896 16.5105,
	16.6977 16.5064,
	16.8279 16.5003,
	16.8361 16.5003,
	16.8523 16.5064,
	16.8605 16.5125,
	16.8646 16.5125,
	16.8686 16.5166,
	16.8727 16.5166,
	16.889 16.5268,
	16.9053 16.541,
	16.9154 16.5573,
	16.9215 16.5736,
	16.9256 16.6061,
	16.9276 16.7364,
	16.9317 16.8015,
	16.9378 16.834,
	16.9398 16.8991,
	16.9378 16.9643,
	16.9358 16.9968,
	16.9317 17.0131,
	16.9317 17.0212,
	16.9175 17.0538,
	16.8991 17.0864,
	16.891 17.0945,
	16.8707 17.127,
	16.8646 17.1352,
	16.8646 17.1393,
	16.8585 17.1474,
	16.8442 17.2125,
	16.8401 17.2451,
	16.8259 17.3102,
	16.8178 17.3427,
	16.7933 17.4079,
	16.7587 17.473,
	16.7445 17.5055,
	16.7364 17.5218,
	16.718 17.5869,
	16.6712 17.7171,
	16.6651 17.7497,
	16.6611 17.766,
	16.659 17.7985,
	16.6489 17.8311,
	16.6346 17.8637,
	16.6224 17.8799,
	16.5899 17.9064,
	16.5573 17.9227,
	16.5247 17.9328,
	16.5085 17.9389,
	16.4433 17.945,
	16.4108 17.9491,
	16.4027 17.9511,
	16.3375 17.9349,
	16.305 17.9227,
	16.2399 17.9064,
	16.2073 17.8921,
	16.1422 17.8555,
	16.1259 17.8453,
	16.1096 17.8291,
	16.1015 17.8128,
	16.0567 17.7477,
	16.0364 17.7151,
	16.0079 17.6846,
	15.9774 17.6581,
	15.9489 17.6256,
	15.9245 17.593,
	15.9204 17.5849,
	15.9163 17.5808,
	15.9163 17.5767,
	15.9041 17.5605,
	15.8899 17.5279,
	15.8838 17.4953,
	15.8878 17.4302,
	15.8838 17.3977,
	15.8695 17.3651,
	15.8492 17.3326,
	15.839 17.3163,
	15.839 17.3122,
	"/>
</Transform>

<Transform dim="1"
 xcoef=" -0.02 1 0 0 0 0"
 ycoef=" -0.02 0 1 0 0 0">
<Contour name="d63sp27" hidden="false" closed="true" simplified="true" border="1 0 0" fill="1 0 0" mode="11"
 points="7.11365 16.1124,
	7.11729 16.0958,
	7.11989 16.0875,
	7.12145 16.0854,
	7.12145 16.0844,
	7.12249 16.0833,
	7.12405 16.0792,
	7.12509 16.0781,
	7.12665 16.074,
	7.13185 16.0656,
	7.13445 16.0625,
	7.13601 16.061,
	7.13601 16.0599,
	7.14329 16.0532,
	7.14589 16.05,
	7.14953 16.0474,
	7.15161 16.0464,
	7.15576 16.0428,
	7.16408 16.0381,
	7.16772 16.036,
	7.1698 16.0355,
	7.17032 16.0344,
	7.17136 16.0344,
	7.17916 16.0298,
	7.18748 16.0261,
	7.19164 16.0246,
	7.19372 16.0235,
	7.1958 16.0235,
	7.19684 16.0225,
	7.21347 16.0178,
	7.22179 16.0152,
	7.22595 16.0142,
	7.23011 16.0142,
	7.24675 16.0116,
	7.25506 16.0116,
	7.2561 16.0116,
	7.25818 16.0131,
	7.26026 16.0136,
	7.26338 16.0173,
	7.26546 16.0183,
	7.27118 16.0251,
	7.27846 16.0318,
	7.28574 16.0376,
	7.28678 16.0386,
	7.28314 16.0422,
	7.2795 16.0448,
	7.27222 16.0521,
	7.27118 16.0526,
	7.27118 16.0537,
	7.2639 16.0599,
	7.26026 16.0636,
	7.25714 16.0662,
	7.25298 16.0698,
	7.23947 16.0849,
	7.23219 16.0932,
	7.22595 16.101,
	7.22075 16.1088,
	7.21763 16.1129,
	7.21295 16.1207,
	7.20671 16.1285,
	7.20567 16.1306,
	7.20463 16.1317,
	7.20463 16.1327,
	7.19996 16.141,
	7.1984 16.1452,
	7.19684 16.1473,
	7.19632 16.1493,
	7.19632 16.1504,
	7.19528 16.1509,
	7.19268 16.1592,
	7.19164 16.1613,
	7.19164 16.1623,
	7.1906 16.1629,
	7.18904 16.167,
	7.18852 16.1691,
	7.18748 16.1701,
	7.18488 16.1785,
	7.18332 16.18,
	7.18332 16.1811,
	7.18228 16.1821,
	7.18228 16.1831,
	7.1776 16.1915,
	7.17656 16.1935,
	7.17552 16.1946,
	7.17188 16.2029,
	7.1698 16.2065,
	7.1698 16.2076,
	7.16824 16.2096,
	7.16772 16.2117,
	7.16512 16.2159,
	7.16356 16.218,
	7.16304 16.22,
	7.15317 16.2367,
	7.15057 16.2408,
	7.14953 16.2429,
	7.14849 16.244,
	7.14641 16.2398,
	7.14537 16.2356,
	7.14537 16.2336,
	7.14225 16.2252,
	7.14225 16.2242,
	7.14121 16.2232,
	7.13601 16.2065,
	7.13445 16.2024,
	7.13445 16.2003,
	7.12769 16.1837,
	7.12561 16.18,
	7.12561 16.1779,
	7.12405 16.1764,
	7.12093 16.1686,
	7.11885 16.1644,
	7.11521 16.1478,
	7.11365 16.1311,
	7.11365 16.1145,
	7.11365 16.1129,
	"/>
</Transform>

<Transform dim="1"
 xcoef=" -0.02 1 0 0 0 0"
 ycoef=" -0.02 0 1 0 0 0">
<Contour name="d63sp25" hidden="false" closed="true" simplified="true" border="1 0 0" fill="1 0 0" mode="11"
 points="8.10043 16.8337,
	8.11266 16.8107,
	8.11985 16.7992,
	8.12273 16.7934,
	8.12273 16.792,
	8.12632 16.7863,
	8.12704 16.7834,
	8.13423 16.7719,
	8.14646 16.7489,
	8.15293 16.7388,
	8.16084 16.7273,
	8.16588 16.7215,
	8.17235 16.71,
	8.17451 16.7071,
	8.17666 16.7014,
	8.18314 16.6906,
	8.19249 16.6791,
	8.19824 16.6733,
	8.20111 16.6705,
	8.20255 16.6705,
	8.20831 16.6662,
	8.21118 16.6633,
	8.21694 16.6611,
	8.22269 16.6604,
	8.2342 16.6618,
	8.23707 16.6618,
	8.26008 16.6698,
	8.27159 16.6733,
	8.2946 16.6777,
	8.31762 16.6769,
	8.32912 16.6748,
	8.35214 16.664,
	8.37515 16.6503,
	8.38665 16.6467,
	8.39816 16.6467,
	8.40967 16.6489,
	8.42117 16.6525,
	8.42693 16.6546,
	8.43268 16.659,
	8.43556 16.6604,
	8.44131 16.6662,
	8.44203 16.669,
	8.44347 16.6698,
	8.44347 16.6726,
	8.4449 16.6733,
	8.44634 16.6849,
	8.44634 16.6964,
	8.4449 16.7021,
	8.44347 16.705,
	8.44347 16.7165,
	8.44562 16.7222,
	8.4521 16.7338,
	8.45425 16.7453,
	8.45497 16.7568,
	8.46001 16.7683,
	8.46216 16.7712,
	8.46792 16.7733,
	8.47942 16.774,
	8.49093 16.7733,
	8.51394 16.7697,
	8.5197 16.7697,
	8.52545 16.7719,
	8.52833 16.7733,
	8.53264 16.7791,
	8.53408 16.7848,
	8.53408 16.7906,
	8.53336 16.7934,
	8.53336 16.7949,
	8.52185 16.8064,
	8.51035 16.8129,
	8.49956 16.8229,
	8.49453 16.8344,
	8.49093 16.8459,
	8.48949 16.8517,
	8.48374 16.8632,
	8.48086 16.869,
	8.46936 16.879,
	8.46792 16.8805,
	8.42189 16.8812,
	8.41039 16.8812,
	8.39888 16.8826,
	8.37587 16.8877,
	8.36436 16.8891,
	8.35861 16.8891,
	8.33559 16.8963,
	8.32984 16.8984,
	8.28382 16.9063,
	8.2608 16.9085,
	8.2493 16.9092,
	8.23779 16.9085,
	8.22628 16.9063,
	8.21478 16.9028,
	8.20903 16.9013,
	8.18601 16.8912,
	8.18026 16.8884,
	8.16875 16.8848,
	8.16588 16.8826,
	8.16012 16.8812,
	8.15725 16.879,
	8.15149 16.8769,
	8.15006 16.8769,
	8.14862 16.8754,
	8.14286 16.874,
	8.13999 16.8733,
	8.13711 16.8711,
	8.13136 16.8697,
	8.12848 16.8675,
	8.12273 16.8661,
	8.12201 16.8646,
	8.11913 16.8639,
	8.10835 16.8567,
	8.10547 16.8546,
	8.10187 16.8488,
	8.10043 16.8373,
	8.10043 16.8344,
	"/>
<Contour name="d63cfa25" hidden="false" closed="false" simplified="false" border="0 1 0" fill="1 0.5 0" mode="11"
 points="8.4081 16.8675,
	8.39257 16.8681,
	8.36725 16.8704,
	8.34366 16.8721,
	8.3172 16.8733,
	8.27405 16.8871,
	"/>
<Contour name="d63c25" hidden="false" closed="true" simplified="true" border="0 0 1" fill="0 0 1" mode="11"
 points="8.26897 16.8736,
	8.27075 16.8689,
	8.27134 16.8641,
	8.27312 16.8594,
	8.2743 16.8582,
	8.2743 16.857,
	8.28024 16.8481,
	8.28261 16.8458,
	8.28379 16.8458,
	8.28617 16.8434,
	8.29091 16.8404,
	8.3004 16.8374,
	8.30515 16.8357,
	8.30989 16.8357,
	8.31464 16.8345,
	8.33361 16.8345,
	8.3431 16.8357,
	8.34785 16.8363,
	8.35734 16.8398,
	8.37632 16.838,
	8.38581 16.838,
	8.39055 16.8386,
	8.39292 16.8392,
	8.39411 16.8404,
	8.39648 16.841,
	8.39826 16.8428,
	8.40063 16.8434,
	8.40419 16.8475,
	8.40716 16.8505,
	8.40953 16.8546,
	8.41072 16.8594,
	8.4125 16.8784,
	8.41428 16.8879,
	8.41368 16.8974,
	8.41368 16.8997,
	8.4119 16.9045,
	8.40538 16.914,
	8.40301 16.9157,
	8.40182 16.9157,
	8.39767 16.9187,
	8.3953 16.9205,
	8.39055 16.9217,
	8.38818 16.9234,
	8.38699 16.9234,
	8.38581 16.9246,
	8.38106 16.9264,
	8.37157 16.9318,
	8.35319 16.9395,
	8.33421 16.9418,
	8.32946 16.9418,
	8.32709 16.9418,
	8.32235 16.9401,
	8.3176 16.9395,
	8.30811 16.9353,
	8.30337 16.9335,
	8.30099 16.9323,
	8.29981 16.9312,
	8.29862 16.9312,
	8.28913 16.9246,
	8.28676 16.9223,
	8.28142 16.9146,
	8.28024 16.914,
	8.27668 16.9051,
	8.27549 16.9027,
	8.2743 16.9015,
	8.27312 16.8968,
	8.27253 16.8944,
	8.27134 16.8932,
	8.27134 16.8908,
	8.27015 16.8896,
	8.26956 16.8802,
	8.26897 16.8754,
	8.26897 16.8742,
	"/>
</Transform>

<Transform dim="0"
 xcoef=" 0 1 0 0 0 0"
 ycoef=" 0 0 1 0 0 0">
<Contour name="d63" comment="dch_traced_06.2019" hidden="false" closed="true" simplified="true" border="1 1 0" fill="1 1 0" mode="11"
 points="7.03621 16.5758,
	7.05063 16.5182,
	7.06324 16.4893,
	7.06865 16.4749,
	7.13534 16.3595,
	7.15156 16.3307,
	7.16057 16.3163,
	7.17138 16.2875,
	7.17859 16.2586,
	7.1822 16.2298,
	7.19121 16.2009,
	7.20382 16.1721,
	7.22005 16.1433,
	7.24167 16.1144,
	7.25609 16.1018,
	7.28493 16.0838,
	7.31377 16.073,
	7.37144 16.0586,
	7.40028 16.0568,
	7.41469 16.0568,
	7.47237 16.0171,
	7.52824 15.9648,
	7.54086 15.9504,
	7.55888 15.9252,
	7.5787 15.8964,
	7.60574 15.8711,
	7.63458 15.8513,
	7.66341 15.8387,
	7.69225 15.8315,
	7.74992 15.8225,
	7.8076 15.8098,
	7.83643 15.8062,
	7.85085 15.8044,
	7.85806 15.8044,
	7.86527 15.8008,
	7.98062 15.7918,
	8.03829 15.7936,
	8.05271 15.7972,
	8.08155 15.8134,
	8.08876 15.8153,
	8.11759 15.8333,
	8.14463 15.8567,
	8.15544 15.8711,
	8.16085 15.8783,
	8.16986 15.9072,
	8.17347 15.9144,
	8.17527 15.9432,
	8.16986 15.9721,
	8.16085 16.0009,
	8.14643 16.0297,
	8.12841 16.0586,
	8.10318 16.0856,
	8.09056 16.0964,
	8.08696 16.1018,
	8.06172 16.1271,
	8.05091 16.1415,
	8.0401 16.1703,
	8.0401 16.1847,
	8.0437 16.1991,
	8.05812 16.228,
	8.08155 16.2568,
	8.09056 16.2712,
	8.09597 16.2857,
	8.09777 16.3145,
	8.08876 16.3433,
	8.08335 16.3577,
	8.08155 16.365,
	8.07794 16.3686,
	8.07434 16.383,
	8.05992 16.4118,
	8.05451 16.4262,
	8.02027 16.4839,
	7.98242 16.5416,
	7.95899 16.5704,
	7.94457 16.5848,
	7.93736 16.592,
	7.92295 16.5993,
	7.90853 16.6101,
	7.8851 16.6353,
	7.87248 16.6443,
	7.85806 16.6587,
	7.82923 16.6768,
	7.81481 16.6858,
	7.78597 16.6966,
	7.75713 16.7038,
	7.7283 16.7146,
	7.67062 16.7597,
	7.64359 16.7867,
	7.63097 16.7993,
	7.58952 16.857,
	7.56969 16.8858,
	7.55708 16.9002,
	7.52824 16.9165,
	7.4994 16.9255,
	7.47057 16.9219,
	7.45615 16.9201,
	7.44173 16.9129,
	7.41289 16.893,
	7.38406 16.8642,
	7.35522 16.839,
	7.32638 16.8281,
	7.29754 16.8281,
	7.28313 16.83,
	7.26871 16.8354,
	7.24167 16.8606,
	7.22725 16.8732,
	7.22365 16.8768,
	7.19481 16.8858,
	7.13714 16.8804,
	7.1083 16.875,
	7.07947 16.866,
	7.06505 16.8606,
	7.05243 16.8498,
	7.04883 16.8462,
	7.04702 16.8318,
	7.04883 16.8173,
	7.04883 16.8101,
	7.06505 16.7813,
	7.07226 16.7669,
	7.07766 16.738,
	7.07766 16.7236,
	7.07406 16.7092,
	7.05964 16.6804,
	7.05604 16.6768,
	7.04342 16.6479,
	7.03621 16.6191,
	7.03621 16.5902,
	7.03621 16.5776,
	"/>
</Transform>

</Section>