<?xml version="1.0"?>
<!DOCTYPE Section SYSTEM "section.dtd">

<Section index="137" thickness="0.047" alignLocked="true">
<Transform dim="0"
 xcoef=" 0 1 0 0 0 0"
 ycoef=" 0 0 1 0 0 0">
<Image mag="0.002066" contrast="1.86401" brightness="-0.135" red="true" green="true" blue="true"
 src="138____z6.766.jpg" />
<Contour name="domain1" hidden="false" closed="true" simplified="false" border="1 0 1" fill="1 0 1" mode="11"
 points="0 0,
	17608 0,
	17608 16967,
	0 16967,
	"/>
</Transform>

<Transform dim="0"
 xcoef=" 0 1 0 0 0 0"
 ycoef=" 0 0 1 0 0 0">
<Contour name="D04" hidden="false" closed="true" simplified="true" border="0 0 1" fill="0 0 1" mode="11"
 points="18.0714 27.5135,
	18.0116 27.5051,
	17.9576 27.4809,
	17.9149 27.4431,
	17.8779 27.3427,
	17.8873 27.2899,
	17.9149 27.2423,
	17.9576 27.2045,
	18.0116 27.1803,
	18.0714 27.172,
	18.1312 27.1803,
	18.1852 27.2045,
	18.228 27.2423,
	18.2555 27.2899,
	18.265 27.3427,
	18.2555 27.3954,
	18.228 27.4431,
	18.1852 27.4809,
	18.1312 27.5051,
	"/>
</Transform>

<Transform dim="0"
 xcoef=" 0 1 0 0 0 0"
 ycoef=" 0 0 1 0 0 0">
<Contour name="D13" hidden="false" closed="true" simplified="true" border="0 0 1" fill="0 0 1" mode="11"
 points="20.5735 21.0648,
	20.5137 21.057,
	20.4597 21.0344,
	20.4169 20.9991,
	20.3799 20.9054,
	20.3894 20.8561,
	20.4169 20.8117,
	20.4597 20.7764,
	20.5137 20.7538,
	20.5735 20.746,
	20.6333 20.7538,
	20.6872 20.7764,
	20.73 20.8117,
	20.7576 20.8561,
	20.767 20.9054,
	20.7576 20.9547,
	20.73 20.9991,
	20.6872 21.0344,
	20.6333 21.057,
	"/>
</Transform>

<Transform dim="0"
 xcoef=" 0 1 0 0 0 0"
 ycoef=" 0 0 1 0 0 0">
<Contour name="D51" hidden="false" closed="true" simplified="true" border="0 0 1" fill="0 0 1" mode="11"
 points="9.15181 22.869,
	9.09707 22.8613,
	9.04761 22.839,
	9.00833 22.8043,
	8.97449 22.7124,
	8.98312 22.6641,
	9.00833 22.6204,
	9.04761 22.5858,
	9.09707 22.5635,
	9.15181 22.5558,
	9.20663 22.5635,
	9.25609 22.5858,
	9.29537 22.6204,
	9.32051 22.6641,
	9.32921 22.7124,
	9.32051 22.7608,
	9.29537 22.8043,
	9.25609 22.839,
	9.20663 22.8613,
	"/>
</Transform>

<Transform dim="0"
 xcoef=" 0 1 0 0 0 0"
 ycoef=" 0 0 1 0 0 0">
<Contour name="D08" hidden="false" closed="true" simplified="true" border="0 0 1" fill="0 0 1" mode="11"
 points="7.33584 25.6253,
	7.27251 25.6175,
	7.21538 25.5949,
	7.17005 25.5596,
	7.13091 25.4659,
	7.14094 25.4167,
	7.17005 25.3722,
	7.21538 25.3369,
	7.27251 25.3143,
	7.33584 25.3066,
	7.39918 25.3143,
	7.45631 25.3369,
	7.50164 25.3722,
	7.53075 25.4167,
	7.54078 25.4659,
	7.53075 25.5152,
	7.50164 25.5596,
	7.45631 25.5949,
	7.39918 25.6175,
	"/>
</Transform>

<Transform dim="0"
 xcoef=" 0 1 0 0 0 0"
 ycoef=" 0 0 1 0 0 0">
<Contour name="D61" hidden="false" closed="true" simplified="true" border="0 0 1" fill="0 0 1" mode="11"
 points="15.6871 16.7558,
	15.6647 16.7526,
	15.6435 16.7446,
	15.6251 16.732,
	15.6102 16.7158,
	15.5998 16.6966,
	15.5938 16.6649,
	15.5965 16.6435,
	15.6044 16.6234,
	15.6172 16.6055,
	15.6339 16.591,
	15.6538 16.5806,
	15.6758 16.575,
	15.6985 16.5743,
	15.7208 16.5788,
	15.7412 16.588,
	15.759 16.6015,
	15.7727 16.6186,
	15.7819 16.6383,
	15.7859 16.6595,
	15.7846 16.681,
	15.7779 16.7016,
	15.7664 16.7201,
	15.7505 16.7356,
	15.7313 16.747,
	15.7098 16.7539,
	"/>
</Transform>

<Transform dim="0"
 xcoef=" 0 1 0 0 0 0"
 ycoef=" 0 0 1 0 0 0">
<Contour name="D63" hidden="false" closed="true" simplified="true" border="0 0 1" fill="0 0 1" mode="11"
 points="7.09515 16.9873,
	7.08067 16.9848,
	7.06685 16.9791,
	7.05418 16.9703,
	7.04312 16.9589,
	7.03408 16.9451,
	7.02737 16.9295,
	7.02186 16.8953,
	7.02325 16.8779,
	7.02737 16.8611,
	7.03408 16.8455,
	7.04312 16.8317,
	7.05418 16.8203,
	7.06685 16.8114,
	7.08067 16.8057,
	7.09515 16.8032,
	7.10977 16.8041,
	7.12399 16.8082,
	7.1373 16.8156,
	7.14922 16.8257,
	7.15932 16.8383,
	7.16722 16.853,
	7.17266 16.8694,
	7.17543 16.8865,
	7.17543 16.904,
	7.17266 16.9213,
	7.16722 16.9375,
	7.15932 16.9522,
	7.14922 16.9649,
	7.1373 16.9751,
	7.12399 16.9823,
	7.10977 16.9865,
	"/>
</Transform>

<Transform dim="0"
 xcoef=" 0 1 0 0 0 0"
 ycoef=" 0 0 1 0 0 0">
<Contour name="D26" hidden="false" closed="true" simplified="true" border="0 0 1" fill="0 0 1" mode="11"
 points="15.7014 28.9817,
	15.6346 28.9739,
	15.5744 28.9513,
	15.5265 28.916,
	15.4852 28.8223,
	15.4957 28.773,
	15.5265 28.7286,
	15.5744 28.6933,
	15.6346 28.6707,
	15.7014 28.6629,
	15.7683 28.6707,
	15.8286 28.6933,
	15.8765 28.7286,
	15.9072 28.773,
	15.9178 28.8223,
	15.9072 28.8716,
	15.8765 28.916,
	15.8286 28.9513,
	15.7683 28.9739,
	"/>
</Transform>

<Transform dim="0"
 xcoef=" 0 1 0 0 0 0"
 ycoef=" 0 0 1 0 0 0">
<Contour name="D16" hidden="false" closed="true" simplified="true" border="1 0 0" fill="1 0 0" mode="11"
 points="21.2702 25.7801,
	21.2175 25.7723,
	21.1699 25.7497,
	21.1322 25.7144,
	21.0995 25.6207,
	21.1079 25.5715,
	21.1322 25.527,
	21.1699 25.4918,
	21.2175 25.4692,
	21.2702 25.4614,
	21.3231 25.4692,
	21.3707 25.4918,
	21.4084 25.527,
	21.4327 25.5715,
	21.4411 25.6207,
	21.4327 25.67,
	21.4084 25.7144,
	21.3707 25.7497,
	21.3231 25.7723,
	"/>
</Transform>

<Transform dim="0"
 xcoef=" 0 1 0 0 0 0"
 ycoef=" 0 0 1 0 0 0">
<Contour name="d51" hidden="false" closed="true" simplified="true" border="1 1 0" fill="1 1 0" mode="11"
 points="8.92283 23.1271,
	8.91426 23.126,
	8.90569 23.1207,
	8.89068 23.1057,
	8.88746 23.1014,
	8.88424 23.0993,
	8.87888 23.0917,
	8.87568 23.0874,
	8.86817 23.0821,
	8.86495 23.0789,
	8.83065 23.0714,
	8.82207 23.0714,
	8.8135 23.0692,
	8.80921 23.0692,
	8.80706 23.0671,
	8.78992 23.0628,
	8.75562 23.05,
	8.72131 23.0392,
	8.71381 23.0338,
	8.70737 23.0264,
	8.70523 23.0264,
	8.69237 23.0114,
	8.69023 23.0071,
	8.69023 23.005,
	8.68808 23.0028,
	8.68701 22.9942,
	8.68272 22.9856,
	8.68058 22.9813,
	8.68058 22.9792,
	8.67307 22.9706,
	8.67307 22.9685,
	8.65913 22.9535,
	8.63555 22.9235,
	8.63555 22.9213,
	8.63019 22.9149,
	8.62483 22.9063,
	8.62269 22.9053,
	8.62269 22.9031,
	8.62055 22.9009,
	8.62055 22.8988,
	8.61519 22.8902,
	8.60769 22.8731,
	8.60232 22.856,
	8.60232 22.8388,
	8.60232 22.8377,
	8.60554 22.8206,
	8.6109 22.8034,
	8.61412 22.7948,
	8.61841 22.7905,
	8.62805 22.7745,
	8.63341 22.767,
	8.63555 22.7627,
	8.63984 22.7583,
	8.65057 22.7423,
	8.65378 22.7391,
	8.65486 22.7348,
	8.65806 22.7305,
	8.66557 22.7145,
	8.66557 22.7101,
	8.67093 22.7015,
	8.67415 22.693,
	8.67951 22.6844,
	8.68058 22.6801,
	8.69237 22.663,
	8.69665 22.6554,
	8.69772 22.6512,
	8.70201 22.6469,
	8.70309 22.6426,
	8.70845 22.6351,
	8.71059 22.633,
	8.71166 22.6287,
	8.71381 22.6266,
	8.71917 22.6093,
	8.72882 22.5922,
	8.7331 22.589,
	8.73524 22.5847,
	8.73953 22.5815,
	8.7406 22.5772,
	8.74704 22.5719,
	8.7524 22.5643,
	8.7524 22.5622,
	8.76312 22.5461,
	8.76847 22.5376,
	8.77062 22.5365,
	8.77062 22.5344,
	8.77812 22.5269,
	8.77812 22.5247,
	8.79206 22.5086,
	8.79742 22.5022,
	8.81135 22.4851,
	8.81886 22.4765,
	8.83601 22.4668,
	8.85209 22.455,
	8.86817 22.439,
	8.8821 22.424,
	8.88424 22.4207,
	8.88853 22.4164,
	8.89068 22.4143,
	8.89175 22.41,
	8.89711 22.4025,
	8.89818 22.3982,
	8.9014 22.3939,
	8.90676 22.3768,
	8.91105 22.3682,
	8.91318 22.3607,
	8.91318 22.3585,
	8.92498 22.3414,
	8.93784 22.3286,
	8.94213 22.3264,
	8.94963 22.3188,
	8.96142 22.3049,
	8.96357 22.3039,
	8.96357 22.3017,
	8.96571 22.3007,
	8.96679 22.2964,
	8.97322 22.2889,
	8.97644 22.2814,
	8.97965 22.2793,
	8.98287 22.2749,
	8.99036 22.2706,
	8.99465 22.2674,
	8.99894 22.2663,
	9.00109 22.2663,
	9.00966 22.261,
	9.01181 22.2588,
	9.02788 22.2514,
	9.03217 22.2514,
	9.04933 22.2439,
	9.05362 22.2439,
	9.06969 22.2342,
	9.07612 22.2267,
	9.08041 22.2181,
	9.08577 22.2117,
	9.09328 22.2042,
	9.09649 22.201,
	9.10506 22.1988,
	9.10935 22.1988,
	9.12651 22.2042,
	9.14365 22.2063,
	9.17796 22.2074,
	9.18653 22.2074,
	9.20369 22.2117,
	9.21226 22.2138,
	9.21655 22.2149,
	9.22083 22.2181,
	9.22405 22.2234,
	9.22512 22.2277,
	9.22512 22.2299,
	9.22727 22.2321,
	9.22727 22.2342,
	9.23799 22.2481,
	9.23799 22.2503,
	9.25299 22.2642,
	9.25299 22.2814,
	9.25514 22.2857,
	9.25514 22.2878,
	9.25728 22.29,
	9.25728 22.2921,
	9.268 22.3082,
	9.27658 22.3135,
	9.28086 22.3146,
	9.283 22.3167,
	9.29158 22.3199,
	9.29587 22.3199,
	9.29802 22.3221,
	9.31516 22.3296,
	9.31945 22.3329,
	9.33017 22.3489,
	9.33875 22.3564,
	9.34304 22.3596,
	9.34518 22.3628,
	9.34947 22.3649,
	9.35161 22.3692,
	9.3559 22.3724,
	9.36126 22.38,
	9.36447 22.3843,
	9.36769 22.4014,
	9.3634 22.4701,
	9.36555 22.4786,
	9.36662 22.4829,
	9.38056 22.4947,
	9.39556 22.5086,
	9.40307 22.5161,
	9.40735 22.5182,
	9.41486 22.5269,
	9.41808 22.5354,
	9.41915 22.544,
	9.4245 22.5611,
	9.42664 22.5698,
	9.43093 22.5783,
	9.43093 22.5805,
	9.43308 22.5826,
	9.43308 22.5869,
	9.43951 22.604,
	9.44058 22.6125,
	9.44702 22.6298,
	9.45131 22.6469,
	9.45345 22.6512,
	9.45667 22.6855,
	9.45452 22.7198,
	9.44273 22.754,
	9.42879 22.7873,
	9.42664 22.7894,
	9.42557 22.7937,
	9.41915 22.8012,
	9.417 22.8055,
	9.41272 22.8099,
	9.40735 22.8163,
	9.39985 22.8238,
	9.39556 22.827,
	9.39341 22.8291,
	9.37627 22.8323,
	9.36769 22.8345,
	9.35911 22.8388,
	9.35054 22.8452,
	9.34626 22.8495,
	9.34089 22.857,
	9.33768 22.8613,
	9.33125 22.8774,
	9.32803 22.8859,
	9.32696 22.8945,
	9.32374 22.9031,
	9.32052 22.9074,
	9.32052 22.9117,
	9.31731 22.9203,
	9.31516 22.9213,
	9.31516 22.9256,
	9.31303 22.9267,
	9.31303 22.9309,
	9.31088 22.9331,
	9.31088 22.9352,
	9.30874 22.9363,
	9.30874 22.9406,
	9.30552 22.9449,
	9.30445 22.9491,
	9.30016 22.9535,
	9.29802 22.9546,
	9.29802 22.9567,
	9.283 22.9663,
	9.27444 22.9738,
	9.268 22.9792,
	9.25299 22.9942,
	9.24014 23.0114,
	9.21333 23.0392,
	9.20582 23.0456,
	9.19833 23.05,
	9.18975 23.0521,
	9.17259 23.0521,
	9.13829 23.0489,
	9.134 23.0489,
	9.12544 23.0543,
	9.11686 23.0575,
	9.10828 23.0639,
	9.10399 23.065,
	9.09541 23.0703,
	9.07827 23.0735,
	9.06111 23.0735,
	9.04397 23.0714,
	9.03539 23.0692,
	9.01824 23.0692,
	9.00966 23.0703,
	9.00538 23.0714,
	9.00323 23.0735,
	8.99894 23.0746,
	8.98501 23.0885,
	8.98287 23.0896,
	8.98287 23.0917,
	8.97858 23.095,
	8.97322 23.1025,
	8.95606 23.1185,
	8.94857 23.1239,
	8.93999 23.126,
	"/>
</Transform>

<Transform dim="0"
 xcoef=" 0 1 0 0 0 0"
 ycoef=" 0 0 1 0 0 0">
<Contour name="d04" hidden="false" closed="true" simplified="true" border="0 0 0" fill="0 0 0" mode="11"
 points="17.9537 27.578,
	17.9484 27.5766,
	17.9458 27.574,
	17.9326 27.574,
	17.9299 27.5714,
	17.9194 27.5687,
	17.8994 27.5555,
	17.8889 27.5501,
	17.8849 27.5462,
	17.8743 27.5422,
	17.873 27.5395,
	17.8624 27.5356,
	17.8571 27.5343,
	17.8557 27.5316,
	17.8531 27.5316,
	17.8439 27.5237,
	17.8386 27.5224,
	17.828 27.5158,
	17.8081 27.4972,
	17.7724 27.4694,
	17.7525 27.4548,
	17.7433 27.4482,
	17.7393 27.4429,
	17.73 27.4363,
	17.7207 27.4271,
	17.7154 27.4231,
	17.7128 27.4191,
	17.7101 27.4191,
	17.7062 27.4138,
	17.7035 27.4138,
	17.6982 27.4085,
	17.6771 27.3939,
	17.6664 27.3847,
	17.6572 27.3781,
	17.6506 27.3702,
	17.6374 27.3489,
	17.6374 27.3463,
	17.6334 27.3423,
	17.6268 27.3212,
	17.6254 27.3159,
	17.6227 27.3145,
	17.6227 27.3092,
	17.6148 27.288,
	17.6095 27.2775,
	17.5976 27.2351,
	17.595 27.2245,
	17.595 27.2033,
	17.595 27.1993,
	17.595 27.198,
	17.6042 27.1556,
	17.6082 27.1451,
	17.6095 27.1345,
	17.6175 27.1133,
	17.6201 27.1027,
	17.6254 27.0921,
	17.6268 27.0868,
	17.6413 27.0669,
	17.644 27.0616,
	17.6532 27.055,
	17.6585 27.0524,
	17.6612 27.0498,
	17.6638 27.0498,
	17.6691 27.0458,
	17.6717 27.0431,
	17.6745 27.0431,
	17.6916 27.0273,
	17.7009 27.0179,
	17.7075 27.0087,
	17.7101 27.0087,
	17.7181 26.9995,
	17.738 26.9823,
	17.7433 26.981,
	17.7472 26.9769,
	17.7578 26.9743,
	17.779 26.961,
	17.787 26.9531,
	17.7922 26.9492,
	17.7988 26.9386,
	17.8041 26.9346,
	17.8121 26.9147,
	17.816 26.9055,
	17.8173 26.8949,
	17.8359 26.8525,
	17.8452 26.8446,
	17.8557 26.8406,
	17.8981 26.8367,
	17.9194 26.8313,
	17.9299 26.8286,
	17.9326 26.826,
	17.9379 26.826,
	17.959 26.8194,
	17.9697 26.8167,
	17.9723 26.8141,
	17.9776 26.8141,
	17.9829 26.8115,
	17.9882 26.8115,
	17.9895 26.8088,
	17.9948 26.8088,
	17.9974 26.8062,
	18.008 26.8049,
	18.0503 26.7916,
	18.061 26.7849,
	18.0821 26.781,
	18.114 26.781,
	18.1351 26.7744,
	18.1404 26.7731,
	18.1457 26.7691,
	18.1509 26.7678,
	18.1933 26.74,
	18.2027 26.7333,
	18.2053 26.7333,
	18.208 26.728,
	18.2106 26.728,
	18.2317 26.7109,
	18.2357 26.7056,
	18.2383 26.7056,
	18.2596 26.6883,
	18.2939 26.654,
	18.3125 26.638,
	18.3231 26.6314,
	18.3284 26.6301,
	18.3337 26.6261,
	18.376 26.6142,
	18.4184 26.6103,
	18.4608 26.6129,
	18.4819 26.6182,
	18.4926 26.6195,
	18.5031 26.6235,
	18.5084 26.6248,
	18.5111 26.6274,
	18.5216 26.6301,
	18.5429 26.6447,
	18.5468 26.65,
	18.5482 26.6553,
	18.5521 26.6606,
	18.5561 26.6698,
	18.5561 26.6725,
	18.5587 26.6751,
	18.5601 26.6857,
	18.564 26.6963,
	18.564 26.7175,
	18.5653 26.728,
	18.5653 26.7333,
	18.5693 26.744,
	18.5693 26.7493,
	18.5719 26.7519,
	18.5759 26.7625,
	18.5759 26.7678,
	18.5799 26.7717,
	18.5812 26.777,
	18.5945 26.7969,
	18.5985 26.8009,
	18.5985 26.8035,
	18.6037 26.8088,
	18.6037 26.8115,
	18.6077 26.8167,
	18.6104 26.8194,
	18.6117 26.8618,
	18.6104 26.9041,
	18.6064 26.9253,
	18.6037 26.9676,
	18.6037 26.9729,
	18.5892 26.9928,
	18.5866 26.9942,
	18.5812 27.0153,
	18.5812 27.0206,
	18.5719 27.0418,
	18.5693 27.0471,
	18.5693 27.0498,
	18.5667 27.0511,
	18.5627 27.0616,
	18.5587 27.0656,
	18.5574 27.0709,
	18.5534 27.0749,
	18.5508 27.0855,
	18.5468 27.0908,
	18.5349 27.1332,
	18.5322 27.1438,
	18.5296 27.149,
	18.5296 27.1543,
	18.5203 27.1756,
	18.5177 27.1782,
	18.5177 27.1808,
	18.4872 27.2193,
	18.4727 27.2404,
	18.4595 27.2589,
	18.4528 27.2682,
	18.4171 27.3092,
	18.4025 27.3278,
	18.384 27.3476,
	18.3747 27.3568,
	18.3721 27.3582,
	18.3721 27.3608,
	18.3363 27.3979,
	18.3284 27.4071,
	18.3178 27.4178,
	18.3006 27.4363,
	18.2926 27.4469,
	18.2847 27.4548,
	18.2662 27.4747,
	18.2569 27.4853,
	18.2543 27.4892,
	18.2357 27.5064,
	18.2172 27.5263,
	18.1973 27.5435,
	18.1761 27.5514,
	18.155 27.5541,
	18.1126 27.5541,
	18.0703 27.5608,
	18.0597 27.5621,
	18.0173 27.574,
	18.0066 27.574,
	17.9961 27.5766,
	"/>
</Transform>

<Transform dim="0"
 xcoef=" 0 1 0 0 0 0"
 ycoef=" 0 0 1 0 0 0">
<Contour name="d13" hidden="false" closed="true" simplified="true" border="0 0 0" fill="0 0 0" mode="11"
 points="20.1748 21.9951,
	20.159 21.9931,
	20.1432 21.9881,
	20.1275 21.9871,
	20.1117 21.9822,
	20.096 21.9793,
	20.0803 21.9743,
	20.0724 21.9714,
	20.0684 21.9714,
	20.0527 21.9645,
	20.037 21.9596,
	20.0292 21.9547,
	20.0212 21.9518,
	20.0133 21.9459,
	20.0094 21.9428,
	20.0016 21.9399,
	19.9858 21.9242,
	19.9819 21.9202,
	19.979 21.9124,
	19.9759 21.8967,
	19.978 21.8336,
	19.977 21.8258,
	19.9749 21.8219,
	19.974 21.814,
	19.9671 21.7982,
	19.9622 21.7825,
	19.9592 21.7668,
	19.9563 21.7638,
	19.9553 21.756,
	19.9494 21.7402,
	19.9465 21.7244,
	19.9376 21.6929,
	19.9367 21.6851,
	19.9337 21.6821,
	19.9308 21.6664,
	19.9258 21.6506,
	19.9228 21.6349,
	19.9208 21.6034,
	19.9208 21.5955,
	19.914 21.5641,
	19.9081 21.5483,
	19.9051 21.5326,
	19.9042 21.5287,
	19.9022 21.5267,
	19.8983 21.5109,
	19.8953 21.4795,
	19.8953 21.4775,
	19.8953 21.4765,
	19.8983 21.4687,
	19.8992 21.4647,
	19.9051 21.4568,
	19.9061 21.4528,
	19.9169 21.4371,
	19.9208 21.4293,
	19.9189 21.3978,
	19.9179 21.382,
	19.915 21.3662,
	19.914 21.3033,
	19.913 21.2719,
	19.914 21.2561,
	19.915 21.2482,
	19.915 21.2443,
	19.9179 21.2364,
	19.9208 21.2325,
	19.9218 21.2246,
	19.9277 21.2088,
	19.9308 21.201,
	19.9327 21.1971,
	19.9337 21.1892,
	19.9406 21.1734,
	19.9445 21.1577,
	19.9445 21.1538,
	19.9494 21.138,
	19.9514 21.1341,
	19.9524 21.0711,
	19.9533 21.0397,
	19.9563 21.0081,
	19.9622 20.9766,
	19.9661 20.9609,
	19.9681 20.953,
	19.972 20.9452,
	19.973 20.9373,
	19.9759 20.9304,
	19.979 20.9274,
	19.979 20.9255,
	19.9839 20.9176,
	19.9849 20.9137,
	19.9888 20.9117,
	19.9908 20.9078,
	19.9908 20.9058,
	19.9937 20.9019,
	19.9957 20.8999,
	19.9966 20.896,
	20.0025 20.8881,
	20.0065 20.8841,
	20.0094 20.8763,
	20.0133 20.8713,
	20.0163 20.8556,
	20.0222 20.8399,
	20.0282 20.832,
	20.0301 20.83,
	20.0321 20.8222,
	20.0321 20.8143,
	20.04 20.8074,
	20.0714 20.8104,
	20.0793 20.8104,
	20.0872 20.8074,
	20.0911 20.8064,
	20.1058 20.7947,
	20.1098 20.7867,
	20.1117 20.7828,
	20.1157 20.7798,
	20.1315 20.7838,
	20.1629 20.7828,
	20.1708 20.7808,
	20.1856 20.77,
	20.1964 20.7553,
	20.1974 20.7514,
	20.2003 20.7474,
	20.2023 20.7395,
	20.2023 20.7355,
	20.2181 20.7267,
	20.221 20.7247,
	20.2249 20.7247,
	20.2407 20.7169,
	20.2564 20.711,
	20.2722 20.709,
	20.28 20.7081,
	20.2957 20.7022,
	20.3115 20.6942,
	20.3263 20.6834,
	20.3341 20.6785,
	20.3381 20.6756,
	20.34 20.6736,
	20.342 20.6736,
	20.3577 20.6589,
	20.3706 20.643,
	20.401 20.6126,
	20.409 20.6057,
	20.4109 20.6057,
	20.4139 20.6018,
	20.4158 20.6018,
	20.4315 20.587,
	20.4394 20.5791,
	20.4433 20.5762,
	20.4453 20.5742,
	20.4453 20.5723,
	20.4531 20.5654,
	20.4551 20.5615,
	20.4572 20.5615,
	20.465 20.5546,
	20.469 20.5515,
	20.4729 20.5506,
	20.4768 20.5466,
	20.4847 20.5417,
	20.4866 20.5417,
	20.4896 20.5378,
	20.4915 20.5378,
	20.5023 20.5221,
	20.5073 20.5142,
	20.5073 20.5123,
	20.5093 20.5113,
	20.5093 20.5073,
	20.5132 20.4994,
	20.5142 20.4955,
	20.5172 20.4915,
	20.5181 20.4876,
	20.5181 20.4856,
	20.5211 20.4817,
	20.526 20.466,
	20.526 20.4621,
	20.529 20.4591,
	20.5329 20.4433,
	20.5388 20.4276,
	20.5407 20.4198,
	20.5447 20.4119,
	20.5466 20.404,
	20.5476 20.4,
	20.5506 20.3961,
	20.5526 20.3882,
	20.5565 20.3804,
	20.5575 20.3765,
	20.5634 20.3686,
	20.5664 20.3606,
	20.5664 20.3567,
	20.5732 20.341,
	20.5752 20.3371,
	20.5831 20.3322,
	20.6146 20.3233,
	20.6224 20.3214,
	20.6303 20.3174,
	20.646 20.3135,
	20.6775 20.3135,
	20.709 20.3184,
	20.7247 20.3224,
	20.7405 20.3312,
	20.7484 20.3371,
	20.7523 20.3381,
	20.7592 20.3449,
	20.7631 20.3469,
	20.7789 20.3617,
	20.7927 20.3774,
	20.7996 20.3843,
	20.8045 20.3922,
	20.8064 20.4,
	20.8045 20.4158,
	20.8015 20.4237,
	20.7947 20.4551,
	20.7897 20.4709,
	20.7887 20.4866,
	20.7887 20.4945,
	20.7927 20.5103,
	20.7877 20.526,
	20.7749 20.5417,
	20.7651 20.5575,
	20.7631 20.5595,
	20.7622 20.5634,
	20.7602 20.5654,
	20.7563 20.5811,
	20.7553 20.5889,
	20.7582 20.5968,
	20.7631 20.6048,
	20.7641 20.6087,
	20.771 20.6165,
	20.771 20.6185,
	20.7739 20.6224,
	20.7759 20.6244,
	20.7769 20.6283,
	20.7828 20.6362,
	20.7847 20.6401,
	20.7887 20.644,
	20.7976 20.6598,
	20.8084 20.6746,
	20.8094 20.6785,
	20.8153 20.6854,
	20.8153 20.6873,
	20.8182 20.6913,
	20.8212 20.6992,
	20.83 20.7149,
	20.8349 20.7306,
	20.8369 20.7464,
	20.8349 20.7622,
	20.8339 20.7661,
	20.828 20.7739,
	20.8261 20.7779,
	20.8182 20.7857,
	20.8143 20.7897,
	20.8172 20.8527,
	20.8182 20.8841,
	20.8202 20.8921,
	20.8212 20.9235,
	20.8222 20.9393,
	20.8222 20.9472,
	20.8222 20.9511,
	20.8271 20.9668,
	20.8271 20.9688,
	20.83 20.9727,
	20.832 20.9805,
	20.8409 20.9963,
	20.8458 21.0121,
	20.8478 21.016,
	20.8478 21.0789,
	20.8497 21.0947,
	20.8547 21.1104,
	20.8615 21.1262,
	20.8645 21.1341,
	20.8645 21.1361,
	20.8694 21.1439,
	20.8713 21.1479,
	20.8821 21.2108,
	20.8871 21.2423,
	20.888 21.3053,
	20.8871 21.3368,
	20.8792 21.3683,
	20.8723 21.384,
	20.8635 21.3997,
	20.8615 21.4037,
	20.8596 21.4056,
	20.8586 21.4095,
	20.833 21.4411,
	20.8271 21.4489,
	20.8192 21.4548,
	20.8182 21.4587,
	20.8104 21.4657,
	20.8084 21.4696,
	20.7798 21.5001,
	20.7661 21.5159,
	20.7445 21.5473,
	20.7326 21.5631,
	20.7306 21.5651,
	20.7297 21.569,
	20.7159 21.5847,
	20.6844 21.6162,
	20.6805 21.6202,
	20.6726 21.6251,
	20.6648 21.6319,
	20.649 21.6427,
	20.645 21.6437,
	20.6293 21.6545,
	20.6136 21.6635,
	20.6057 21.6674,
	20.5742 21.69,
	20.5723 21.69,
	20.5654 21.6969,
	20.5575 21.7008,
	20.526 21.7264,
	20.5103 21.7402,
	20.5023 21.7451,
	20.4739 21.7766,
	20.4601 21.7923,
	20.4582 21.7943,
	20.4582 21.7962,
	20.4453 21.812,
	20.4404 21.8199,
	20.4247 21.8346,
	20.4207 21.8376,
	20.4168 21.8385,
	20.4099 21.8464,
	20.402 21.8524,
	20.3941 21.8602,
	20.3931 21.8642,
	20.3823 21.8799,
	20.3774 21.8877,
	20.3745 21.8907,
	20.3676 21.9065,
	20.3657 21.9075,
	20.3647 21.9114,
	20.3528 21.9271,
	20.3449 21.933,
	20.3292 21.9418,
	20.3214 21.9469,
	20.3056 21.9518,
	20.2977 21.9547,
	20.2938 21.9557,
	20.2869 21.9606,
	20.283 21.9616,
	20.281 21.9616,
	20.2732 21.9665,
	20.2573 21.9734,
	20.2495 21.9773,
	20.2456 21.9783,
	20.2416 21.9812,
	20.2338 21.9832,
	20.2259 21.9871,
	20.2181 21.9881,
	20.2101 21.9921,
	20.2062 21.9941,
	"/>
</Transform>

<Transform dim="0"
 xcoef=" 0 1 0 0 0 0"
 ycoef=" 0 0 1 0 0 0">
<Contour name="d51sp06" hidden="false" closed="true" simplified="true" border="1 0 0" fill="1 0 0" mode="11"
 points="9.68678 21.5281,
	9.66849 21.5258,
	9.66392 21.5235,
	9.66163 21.5235,
	9.66049 21.5213,
	9.65135 21.519,
	9.63306 21.5109,
	9.63077 21.5086,
	9.62849 21.5086,
	9.62392 21.5052,
	9.61478 21.5018,
	9.6102 21.4983,
	9.60563 21.4972,
	9.59649 21.4904,
	9.58277 21.4755,
	9.58048 21.4732,
	9.57362 21.4367,
	9.57362 21.4275,
	9.57134 21.4184,
	9.57134 21.4161,
	9.55991 21.3989,
	9.55648 21.3943,
	9.55533 21.3898,
	9.54848 21.3807,
	9.54734 21.3761,
	9.54391 21.3738,
	9.53934 21.3646,
	9.53247 21.3566,
	9.53133 21.352,
	9.52448 21.3429,
	9.52448 21.3406,
	9.52105 21.3361,
	9.51877 21.3349,
	9.51877 21.3327,
	9.51304 21.3235,
	9.50962 21.3189,
	9.50847 21.3143,
	9.50847 21.312,
	9.50619 21.3097,
	9.50619 21.3052,
	9.49475 21.2686,
	9.49133 21.2503,
	9.48904 21.2412,
	9.48904 21.2366,
	9.46961 21.1634,
	9.46733 21.1452,
	9.46733 21.1268,
	9.4639 21.1086,
	9.46162 21.0995,
	9.46047 21.0949,
	9.45704 21.0903,
	9.45475 21.0812,
	9.45247 21.0766,
	9.45247 21.0401,
	9.45247 21.032,
	9.45247 21.0308,
	9.45475 20.9943,
	9.46276 20.9577,
	9.46619 20.9486,
	9.4719 20.9395,
	9.47418 20.9348,
	9.47647 20.9337,
	9.47761 20.9291,
	9.48219 20.9246,
	9.48447 20.9211,
	9.48904 20.9189,
	9.49818 20.9189,
	9.51647 20.9268,
	9.52105 20.9314,
	9.52562 20.9337,
	9.53133 20.9429,
	9.53476 20.952,
	9.5382 20.9703,
	9.53934 20.9794,
	9.54277 20.9841,
	9.54277 20.9886,
	9.5519 21.0069,
	9.55877 21.0149,
	9.55877 21.0172,
	9.56677 21.0263,
	9.57019 21.032,
	9.57134 21.0366,
	9.57477 21.0401,
	9.57477 21.0423,
	9.57706 21.0435,
	9.57706 21.0458,
	9.58163 21.0492,
	9.58277 21.0537,
	9.58734 21.0572,
	9.59877 21.0743,
	9.59877 21.0766,
	9.60448 21.0846,
	9.60677 21.0892,
	9.60677 21.0938,
	9.60905 21.0949,
	9.60905 21.0995,
	9.61363 21.1086,
	9.61478 21.1177,
	9.6182 21.1268,
	9.61935 21.1315,
	9.62277 21.1361,
	9.62277 21.1384,
	9.62963 21.1475,
	9.63077 21.152,
	9.63763 21.1577,
	9.63992 21.1577,
	9.6422 21.16,
	9.66049 21.1577,
	9.66506 21.1577,
	9.67421 21.1543,
	9.67878 21.1532,
	9.67992 21.1509,
	9.68907 21.1498,
	9.69364 21.1463,
	9.73022 21.1395,
	9.7325 21.1395,
	9.73479 21.1372,
	9.74393 21.1338,
	9.7485 21.1338,
	9.75307 21.1315,
	9.75536 21.1315,
	9.75764 21.1292,
	9.76679 21.1257,
	9.77593 21.1246,
	9.79422 21.1189,
	9.81251 21.1154,
	9.8308 21.1097,
	9.83537 21.1097,
	9.83765 21.1075,
	9.85594 21.1018,
	9.86052 21.1006,
	9.87765 21.0881,
	9.87995 21.0858,
	9.88452 21.0846,
	9.88795 21.0801,
	9.89252 21.0777,
	9.8948 21.0743,
	9.90395 21.0674,
	9.91309 21.0583,
	9.91881 21.0526,
	9.93595 21.0378,
	9.94395 21.0297,
	9.94852 21.0251,
	9.94852 21.0229,
	9.95423 21.0149,
	9.95653 21.0126,
	9.95996 21.0035,
	9.9611 20.9989,
	9.96338 20.9978,
	9.96567 20.9886,
	9.96681 20.9841,
	9.98967 20.9475,
	9.99539 20.9383,
	9.99882 20.9291,
	9.99996 20.856,
	9.99653 20.8194,
	9.99081 20.8012,
	9.98852 20.7966,
	9.98738 20.7874,
	9.9851 20.7851,
	9.97939 20.7669,
	9.97939 20.7646,
	9.9771 20.7623,
	9.9771 20.7577,
	9.97482 20.7555,
	9.97138 20.7371,
	9.96567 20.7189,
	9.96453 20.6823,
	9.96681 20.6731,
	9.97138 20.6697,
	9.97366 20.6651,
	9.99195 20.6583,
	10.0102 20.6537,
	10.0194 20.6515,
	10.024 20.648,
	10.0331 20.6457,
	10.0376 20.6445,
	10.0399 20.6422,
	10.0422 20.6422,
	10.0594 20.6263,
	10.0628 20.6217,
	10.0811 20.6183,
	10.0857 20.6183,
	10.0879 20.6206,
	10.0925 20.6206,
	10.1108 20.6331,
	10.1143 20.6377,
	10.1188 20.64,
	10.1188 20.6422,
	10.1359 20.6594,
	10.1405 20.664,
	10.1428 20.6663,
	10.1428 20.6686,
	10.1474 20.6708,
	10.1509 20.6754,
	10.1509 20.6777,
	10.1657 20.6937,
	10.1908 20.7268,
	10.1989 20.7348,
	10.2012 20.7394,
	10.2057 20.7428,
	10.2069 20.7475,
	10.2126 20.7566,
	10.2171 20.7748,
	10.2183 20.8114,
	10.2183 20.8206,
	10.2183 20.8251,
	10.2148 20.8297,
	10.2114 20.8388,
	10.208 20.8423,
	10.2069 20.8469,
	10.2012 20.856,
	10.1966 20.8743,
	10.1932 20.9109,
	10.1989 20.9291,
	10.2 20.9383,
	10.2251 21.0103,
	10.2342 21.0263,
	10.2377 21.0308,
	10.2388 21.0355,
	10.2423 21.0401,
	10.2423 21.0423,
	10.2446 21.0446,
	10.256 21.0812,
	10.2571 21.0858,
	10.2594 21.0881,
	10.2628 21.1063,
	10.2628 21.1246,
	10.2628 21.1338,
	10.2549 21.1429,
	10.2388 21.1566,
	10.2251 21.1749,
	10.2228 21.1761,
	10.2217 21.1807,
	10.2103 21.1989,
	10.2057 21.208,
	10.2034 21.2092,
	10.2034 21.2115,
	10.1955 21.2206,
	10.1862 21.2264,
	10.168 21.2321,
	10.1589 21.2355,
	10.1566 21.2378,
	10.1474 21.2401,
	10.1428 21.2401,
	10.1382 21.2435,
	10.1291 21.2446,
	10.12 21.2481,
	10.1108 21.2492,
	10.1017 21.256,
	10.0948 21.2652,
	10.0936 21.2697,
	10.0822 21.2881,
	10.0754 21.2972,
	10.0731 21.3018,
	10.064 21.3109,
	10.0468 21.3258,
	10.0319 21.3429,
	10.0262 21.3509,
	10.0228 21.3543,
	10.0228 21.3566,
	10.0171 21.3635,
	10.0114 21.3727,
	10.0091 21.3772,
	10.0068 21.3784,
	10.0034 21.3875,
	9.99996 21.3921,
	9.99882 21.3955,
	9.98624 21.4115,
	9.97824 21.4173,
	9.97252 21.423,
	9.93595 21.4298,
	9.91767 21.4321,
	9.90852 21.4344,
	9.90623 21.4367,
	9.88795 21.4389,
	9.85137 21.4481,
	9.84452 21.4481,
	9.84223 21.4503,
	9.83994 21.4503,
	9.83765 21.4526,
	9.83308 21.4526,
	9.82394 21.456,
	9.81936 21.4572,
	9.80451 21.4698,
	9.78737 21.4858,
	9.78279 21.4892,
	9.7805 21.4938,
	9.7725 21.5018,
	9.76794 21.504,
	9.75879 21.5121,
	9.74164 21.5224,
	9.72335 21.5281,
	"/>
</Transform>

<Transform dim="0"
 xcoef=" 0 1 0 0 0 0"
 ycoef=" 0 0 1 0 0 0">
<Contour name="d61sp15" hidden="false" closed="true" simplified="true" border="1 0 0" fill="1 0 0" mode="11"
 points="15.9808 17.6876,
	15.975 17.6873,
	15.9721 17.6873,
	15.9663 17.6862,
	15.9546 17.6854,
	15.9313 17.6814,
	15.9298 17.6807,
	15.9269 17.6804,
	15.9254 17.6796,
	15.924 17.6796,
	15.9233 17.6789,
	15.9218 17.6785,
	15.9211 17.6785,
	15.9203 17.6778,
	15.9174 17.6767,
	15.916 17.6756,
	15.9153 17.6756,
	15.9149 17.6749,
	15.912 17.6737,
	15.9116 17.673,
	15.9109 17.673,
	15.9102 17.6723,
	15.9094 17.6723,
	15.9036 17.6683,
	15.9007 17.6664,
	15.9003 17.6657,
	15.8988 17.6653,
	15.8937 17.6613,
	15.8879 17.6577,
	15.8781 17.6497,
	15.8773 17.6497,
	15.877 17.649,
	15.8762 17.649,
	15.8751 17.6475,
	15.8642 17.6395,
	15.8584 17.6355,
	15.8559 17.6341,
	15.8499 17.6301,
	15.8496 17.6293,
	15.8467 17.6282,
	15.8456 17.6275,
	15.8452 17.6268,
	15.8445 17.6268,
	15.8416 17.6241,
	15.8408 17.6241,
	15.8358 17.6201,
	15.8336 17.6183,
	15.8307 17.6161,
	15.8296 17.615,
	15.8296 17.6147,
	15.8292 17.6143,
	15.8408 17.6125,
	15.8438 17.6121,
	15.8452 17.6121,
	15.8481 17.611,
	15.854 17.6107,
	15.8657 17.6085,
	15.8686 17.6074,
	15.8802 17.6056,
	15.8861 17.6041,
	15.8875 17.6034,
	15.8904 17.6034,
	15.8962 17.6023,
	15.8977 17.6016,
	15.9036 17.6009,
	15.9051 17.6001,
	15.9517 17.5921,
	15.9634 17.5899,
	15.9663 17.5892,
	15.9677 17.5885,
	15.9736 17.5874,
	15.9743 17.5867,
	15.9801 17.5859,
	15.9808 17.5852,
	15.9837 17.5848,
	15.9867 17.5838,
	15.9881 17.583,
	15.9896 17.583,
	15.9925 17.5819,
	15.9932 17.5819,
	15.9939 17.5812,
	15.9954 17.5808,
	15.9962 17.5808,
	15.9969 17.5801,
	15.9999 17.5794,
	16.0013 17.5782,
	16.0126 17.5727,
	16.0184 17.5698,
	16.0191 17.5698,
	16.0199 17.5691,
	16.0228 17.568,
	16.0279 17.5644,
	16.0286 17.5633,
	16.03 17.5626,
	16.0373 17.5731,
	16.0413 17.5789,
	16.044 17.5848,
	16.0454 17.5878,
	16.0534 17.611,
	16.0542 17.6139,
	16.0545 17.6154,
	16.0552 17.6161,
	16.0556 17.6176,
	16.0556 17.6183,
	16.0563 17.619,
	16.0567 17.622,
	16.0574 17.6223,
	16.0574 17.6238,
	16.0582 17.6252,
	16.0582 17.6268,
	16.0589 17.6275,
	16.0592 17.6304,
	16.0611 17.6362,
	16.0611 17.6421,
	16.0611 17.645,
	16.0611 17.6464,
	16.0603 17.6479,
	16.0603 17.6493,
	16.0582 17.6552,
	16.0574 17.6559,
	16.0574 17.6566,
	16.0563 17.6581,
	16.0563 17.6588,
	16.0556 17.6592,
	16.0545 17.6621,
	16.052 17.665,
	16.052 17.6657,
	16.048 17.6697,
	16.0451 17.6723,
	16.0435 17.6733,
	16.0431 17.6741,
	16.0424 17.6741,
	16.042 17.6749,
	16.0402 17.676,
	16.0395 17.676,
	16.0366 17.6778,
	16.0359 17.6778,
	16.0333 17.6796,
	16.0217 17.684,
	16.0159 17.6854,
	16.01 17.6858,
	16.0042 17.6869,
	15.9925 17.6876,
	"/>
</Transform>

<Transform dim="0"
 xcoef=" 0 1 0 0 0 0"
 ycoef=" 0 0 1 0 0 0">
<Contour name="d04sp13" hidden="false" closed="true" simplified="true" border="1 0 0" fill="1 0 0" mode="11"
 points="17.178 27.7726,
	17.1641 27.7687,
	17.1624 27.7683,
	17.1615 27.7674,
	17.1598 27.7674,
	17.1581 27.7665,
	17.1572 27.7657,
	17.1538 27.7644,
	17.1529 27.7635,
	17.152 27.7635,
	17.1512 27.7622,
	17.1482 27.7596,
	17.1459 27.7566,
	17.1433 27.7544,
	17.1398 27.7518,
	17.1381 27.7506,
	17.1373 27.7506,
	17.1347 27.748,
	17.1334 27.7467,
	17.1325 27.7467,
	17.1299 27.7435,
	17.1234 27.7366,
	17.1213 27.7345,
	17.1213 27.7336,
	17.1195 27.7327,
	17.1195 27.7319,
	17.1178 27.731,
	17.1178 27.7301,
	17.107 27.7185,
	17.1044 27.7155,
	17.1027 27.7142,
	17.1027 27.7133,
	17.0997 27.7107,
	17.0939 27.7042,
	17.0922 27.7025,
	17.0883 27.6959,
	17.0875 27.6942,
	17.0875 27.6907,
	17.0875 27.689,
	17.0875 27.6886,
	17.0875 27.6881,
	17.0939 27.6821,
	17.1005 27.6786,
	17.104 27.6778,
	17.1049 27.6769,
	17.1083 27.6765,
	17.1092 27.6756,
	17.11 27.6756,
	17.1105 27.6747,
	17.1139 27.6747,
	17.1208 27.6726,
	17.1243 27.6722,
	17.1312 27.6696,
	17.1347 27.6691,
	17.1486 27.6644,
	17.152 27.6631,
	17.1538 27.6626,
	17.1555 27.6614,
	17.1572 27.6609,
	17.1581 27.6609,
	17.1585 27.6601,
	17.162 27.6588,
	17.1689 27.654,
	17.1745 27.6483,
	17.1758 27.6474,
	17.1762 27.6466,
	17.1771 27.6466,
	17.1823 27.6405,
	17.1832 27.6388,
	17.1888 27.634,
	17.1948 27.628,
	17.1979 27.6258,
	17.2001 27.6228,
	17.2031 27.6193,
	17.2049 27.6176,
	17.2057 27.6163,
	17.2092 27.6133,
	17.2126 27.6111,
	17.2195 27.6107,
	17.223 27.6107,
	17.2299 27.6133,
	17.2334 27.615,
	17.2342 27.615,
	17.2355 27.6163,
	17.2373 27.6168,
	17.2386 27.618,
	17.2394 27.618,
	17.2533 27.6267,
	17.2585 27.6314,
	17.2628 27.6384,
	17.2641 27.6418,
	17.265 27.6435,
	17.265 27.6575,
	17.2646 27.6609,
	17.2616 27.6678,
	17.2603 27.6709,
	17.2594 27.6717,
	17.2555 27.6855,
	17.2555 27.6925,
	17.2533 27.7064,
	17.2529 27.7081,
	17.252 27.709,
	17.2512 27.7124,
	17.2499 27.7142,
	17.2486 27.7172,
	17.2438 27.7237,
	17.2411 27.7263,
	17.236 27.7332,
	17.2312 27.7388,
	17.2299 27.7405,
	17.229 27.7409,
	17.2286 27.7427,
	17.2234 27.7488,
	17.2234 27.7497,
	17.2226 27.7506,
	17.2217 27.7506,
	17.2217 27.7514,
	17.2191 27.7544,
	17.2182 27.7544,
	17.2174 27.7562,
	17.2118 27.7609,
	17.2053 27.7652,
	17.2018 27.7674,
	17.2001 27.7678,
	17.1988 27.7691,
	17.1918 27.7713,
	17.1849 27.7726,
	"/>
</Transform>

<Transform dim="0"
 xcoef=" 0 1 0 0 0 0"
 ycoef=" 0 0 1 0 0 0">
<Contour name="d04sp14" hidden="false" closed="true" simplified="true" border="1 0 0" fill="1 0 0" mode="11"
 points="18.7925 27.4527,
	18.7887 27.4513,
	18.7868 27.4508,
	18.7793 27.4452,
	18.7773 27.4447,
	18.7698 27.4391,
	18.7628 27.432,
	18.7567 27.4245,
	18.752 27.417,
	18.7496 27.4132,
	18.7482 27.4113,
	18.7454 27.4037,
	18.7444 27.4018,
	18.7444 27.4,
	18.743 27.3981,
	18.7421 27.3948,
	18.7388 27.3873,
	18.7369 27.3859,
	18.7355 27.3821,
	18.735 27.3802,
	18.7293 27.3727,
	18.7279 27.3708,
	18.7274 27.3689,
	18.7246 27.3652,
	18.7236 27.3613,
	18.7208 27.3575,
	18.718 27.35,
	18.7171 27.3425,
	18.7171 27.335,
	18.7171 27.3317,
	18.7171 27.3312,
	18.7185 27.3275,
	18.7185 27.3237,
	18.7185 27.3228,
	18.7208 27.319,
	18.7222 27.3152,
	18.7269 27.3076,
	18.7279 27.3057,
	18.7313 27.302,
	18.7327 27.3001,
	18.7331 27.2982,
	18.736 27.2944,
	18.7364 27.2926,
	18.7426 27.285,
	18.744 27.2832,
	18.7444 27.2813,
	18.7444 27.2803,
	18.7454 27.2803,
	18.7463 27.2794,
	18.7468 27.2775,
	18.7482 27.2761,
	18.7487 27.2742,
	18.7501 27.2728,
	18.7505 27.2709,
	18.7538 27.2672,
	18.7585 27.2596,
	18.7609 27.2558,
	18.7623 27.2539,
	18.7628 27.252,
	18.7628 27.2511,
	18.7642 27.2492,
	18.7651 27.2483,
	18.7656 27.2464,
	18.7656 27.2454,
	18.7675 27.244,
	18.7708 27.2365,
	18.7717 27.2346,
	18.7717 27.2337,
	18.7779 27.2262,
	18.7784 27.2185,
	18.7789 27.2148,
	18.7793 27.2129,
	18.7803 27.2124,
	18.7803 27.2115,
	18.7873 27.2044,
	18.7892 27.203,
	18.7967 27.2012,
	18.8005 27.1997,
	18.8155 27.1969,
	18.823 27.1955,
	18.8249 27.1946,
	18.8288 27.1941,
	18.8307 27.1936,
	18.8326 27.1922,
	18.8401 27.1889,
	18.8438 27.1866,
	18.8514 27.1795,
	18.8551 27.1762,
	18.8702 27.1667,
	18.8853 27.1597,
	18.9004 27.1554,
	18.9022 27.1554,
	18.906 27.154,
	18.9135 27.1531,
	18.921 27.1507,
	18.9362 27.1479,
	18.9663 27.1446,
	18.9965 27.1451,
	19.0002 27.1456,
	19.0021 27.1465,
	19.0054 27.1503,
	19.0073 27.1522,
	19.0073 27.1531,
	19.0082 27.154,
	19.0087 27.1559,
	19.0115 27.1597,
	19.012 27.1672,
	19.0148 27.1711,
	19.0162 27.1748,
	19.0187 27.1786,
	19.0201 27.1861,
	19.0206 27.1899,
	19.0206 27.1917,
	19.0191 27.1932,
	19.0191 27.195,
	19.0167 27.1988,
	19.0096 27.2049,
	19.0059 27.2077,
	18.9908 27.2138,
	18.989 27.2138,
	18.9852 27.2157,
	18.9833 27.2167,
	18.9795 27.2171,
	18.972 27.2215,
	18.9682 27.2238,
	18.9541 27.2384,
	18.9489 27.2459,
	18.947 27.2497,
	18.9461 27.2534,
	18.9428 27.261,
	18.9423 27.2628,
	18.9423 27.2638,
	18.9409 27.2657,
	18.9409 27.2667,
	18.9385 27.2705,
	18.9367 27.278,
	18.9362 27.2799,
	18.9348 27.2818,
	18.9329 27.2893,
	18.9315 27.293,
	18.9305 27.294,
	18.9301 27.2977,
	18.9277 27.3015,
	18.9249 27.309,
	18.9244 27.3109,
	18.9196 27.3185,
	18.9135 27.326,
	18.9107 27.3298,
	18.9032 27.3364,
	18.8994 27.3397,
	18.8957 27.342,
	18.8919 27.3453,
	18.89 27.3472,
	18.8863 27.3491,
	18.8825 27.3519,
	18.8816 27.3528,
	18.8797 27.3533,
	18.8645 27.3642,
	18.8612 27.3675,
	18.8579 27.3699,
	18.8523 27.3774,
	18.8499 27.3812,
	18.8495 27.383,
	18.8415 27.3981,
	18.841 27.4018,
	18.8377 27.4094,
	18.8373 27.4113,
	18.8358 27.4132,
	18.8354 27.417,
	18.8321 27.4245,
	18.8302 27.4283,
	18.8293 27.432,
	18.823 27.4391,
	18.8226 27.441,
	18.8188 27.4447,
	18.8113 27.449,
	18.8075 27.4513,
	18.8 27.4527,
	"/>
</Transform>

<Transform dim="0"
 xcoef=" 0 1 0 0 0 0"
 ycoef=" 0 0 1 0 0 0">
<Contour name="d61sp16" hidden="false" closed="true" simplified="true" border="1 0 0" fill="1 0 0" mode="11"
 points="16.6349 16.4993,
	16.6292 16.4983,
	16.6277 16.4976,
	16.6263 16.4976,
	16.6249 16.4965,
	16.622 16.4958,
	16.619 16.4943,
	16.618 16.4936,
	16.6158 16.4908,
	16.614 16.485,
	16.6137 16.4793,
	16.6155 16.4735,
	16.6155 16.4678,
	16.6147 16.462,
	16.6126 16.4563,
	16.6115 16.4535,
	16.6108 16.452,
	16.6101 16.4513,
	16.6101 16.4506,
	16.6083 16.4477,
	16.6083 16.447,
	16.6051 16.4416,
	16.6047 16.4402,
	16.6037 16.4388,
	16.6033 16.4331,
	16.6033 16.4327,
	16.6051 16.4298,
	16.6097 16.4258,
	16.6122 16.4237,
	16.6234 16.4169,
	16.6288 16.4133,
	16.6295 16.4133,
	16.6324 16.4111,
	16.6352 16.4097,
	16.636 16.4097,
	16.6385 16.4079,
	16.6442 16.4058,
	16.6449 16.4058,
	16.6456 16.4051,
	16.647 16.4051,
	16.6499 16.4033,
	16.6614 16.3993,
	16.6617 16.3986,
	16.6733 16.3965,
	16.679 16.3965,
	16.6818 16.3968,
	16.6833 16.3968,
	16.689 16.3986,
	16.6919 16.3997,
	16.6933 16.4004,
	16.6947 16.4004,
	16.7058 16.4036,
	16.7115 16.4051,
	16.713 16.4051,
	16.7144 16.4058,
	16.7374 16.4097,
	16.7489 16.4111,
	16.7603 16.4115,
	16.7833 16.4104,
	16.7947 16.4108,
	16.7976 16.4122,
	16.799 16.4126,
	16.8048 16.4158,
	16.8163 16.4179,
	16.822 16.4187,
	16.8278 16.4187,
	16.8306 16.4197,
	16.8321 16.4197,
	16.8349 16.4208,
	16.8356 16.4215,
	16.8385 16.4219,
	16.8392 16.4226,
	16.8421 16.4233,
	16.8428 16.4233,
	16.8456 16.4251,
	16.8507 16.4306,
	16.8514 16.4363,
	16.8514 16.442,
	16.8514 16.4434,
	16.8503 16.4463,
	16.8499 16.4477,
	16.8499 16.4484,
	16.8464 16.4538,
	16.8442 16.456,
	16.8428 16.4567,
	16.8399 16.4592,
	16.8346 16.4628,
	16.8338 16.4635,
	16.8331 16.4635,
	16.8303 16.4653,
	16.8188 16.4696,
	16.816 16.4703,
	16.8131 16.4717,
	16.8124 16.4717,
	16.8109 16.4728,
	16.8101 16.4728,
	16.8094 16.4735,
	16.808 16.4738,
	16.8073 16.4746,
	16.8066 16.4746,
	16.8037 16.4765,
	16.803 16.4772,
	16.8023 16.4772,
	16.8012 16.4782,
	16.7998 16.4786,
	16.7983 16.4797,
	16.7969 16.48,
	16.7955 16.4811,
	16.7897 16.4829,
	16.7883 16.4836,
	16.7869 16.4836,
	16.7854 16.4847,
	16.7624 16.489,
	16.7596 16.4893,
	16.7582 16.4893,
	16.7524 16.4911,
	16.7467 16.4918,
	16.7353 16.4918,
	16.7123 16.4929,
	16.7008 16.4922,
	16.6951 16.4922,
	16.6722 16.4947,
	16.6606 16.4968,
	16.6578 16.4976,
	16.6549 16.4976,
	16.6492 16.4986,
	16.6463 16.4993,
	"/>
</Transform>

<Transform dim="0"
 xcoef=" 0 1 0 0 0 0"
 ycoef=" 0 0 1 0 0 0">
<Contour name="d61sp14" hidden="false" closed="true" simplified="true" border="1 0 0" fill="1 0 0" mode="11"
 points="15.1858 17.5507,
	15.1722 17.5499,
	15.1587 17.5473,
	15.1451 17.5431,
	15.1315 17.5372,
	15.1307 17.5355,
	15.1239 17.533,
	15.1104 17.5244,
	15.1037 17.5202,
	15.0825 17.4983,
	15.0766 17.4915,
	15.0673 17.4796,
	15.063 17.4728,
	15.0614 17.472,
	15.0614 17.4703,
	15.0588 17.4669,
	15.0538 17.4534,
	15.0529 17.4263,
	15.0529 17.4128,
	15.0529 17.406,
	15.0529 17.4052,
	15.0546 17.4018,
	15.0571 17.3883,
	15.0588 17.3814,
	15.0622 17.3747,
	15.063 17.3713,
	15.063 17.3696,
	15.0732 17.3586,
	15.0782 17.3527,
	15.0816 17.3502,
	15.0851 17.3494,
	15.0868 17.3477,
	15.1003 17.3434,
	15.1037 17.3434,
	15.1104 17.3409,
	15.1138 17.3392,
	15.1172 17.3392,
	15.1443 17.3315,
	15.1713 17.3214,
	15.1849 17.318,
	15.1917 17.3172,
	15.1951 17.3155,
	15.2086 17.3146,
	15.2103 17.3146,
	15.212 17.3129,
	15.2391 17.302,
	15.2526 17.2977,
	15.2593 17.2961,
	15.261 17.2961,
	15.2737 17.2867,
	15.2797 17.2824,
	15.2839 17.2774,
	15.2907 17.2715,
	15.3025 17.2622,
	15.3152 17.2512,
	15.3381 17.23,
	15.3516 17.2216,
	15.355 17.2199,
	15.3566 17.2182,
	15.36 17.2173,
	15.3617 17.2173,
	15.3626 17.219,
	15.3609 17.2207,
	15.3592 17.2275,
	15.3575 17.2292,
	15.3482 17.2563,
	15.344 17.2698,
	15.3389 17.2969,
	15.3364 17.3037,
	15.3347 17.3172,
	15.3347 17.3443,
	15.3355 17.3578,
	15.3381 17.3713,
	15.3566 17.4254,
	15.3592 17.4314,
	15.3592 17.433,
	15.3609 17.4348,
	15.3609 17.4382,
	15.3787 17.4924,
	15.3795 17.4957,
	15.3804 17.4974,
	15.3795 17.4991,
	15.3779 17.4991,
	15.3659 17.5084,
	15.355 17.5194,
	15.3499 17.5228,
	15.3364 17.5321,
	15.333 17.5338,
	15.3313 17.5355,
	15.3296 17.5355,
	15.3262 17.5381,
	15.3194 17.5406,
	15.316 17.5423,
	15.3143 17.544,
	15.3008 17.5473,
	15.2873 17.5482,
	15.2839 17.5482,
	15.2772 17.5448,
	15.2737 17.544,
	15.2712 17.5414,
	15.2644 17.5389,
	15.2576 17.5347,
	15.2509 17.5321,
	15.2475 17.5313,
	15.2441 17.5321,
	15.2382 17.5364,
	15.2349 17.5381,
	15.2332 17.5397,
	15.2196 17.5431,
	15.2128 17.544,
	15.2094 17.5457,
	15.2027 17.5465,
	15.1993 17.5482,
	"/>
</Transform>

<Transform dim="0"
 xcoef=" 0 1 0 0 0 0"
 ycoef=" 0 0 1 0 0 0">
<Contour name="d04sp16" hidden="false" closed="true" simplified="true" border="1 0 0" fill="1 0 0" mode="11"
 points="18.3204 28.0661,
	18.3122 28.0656,
	18.308 28.064,
	18.2998 28.0625,
	18.2977 28.0614,
	18.2956 28.0614,
	18.2935 28.0604,
	18.2925 28.0594,
	18.2914 28.0594,
	18.2889 28.0568,
	18.2878 28.0568,
	18.2863 28.0547,
	18.2852 28.0547,
	18.2816 28.0511,
	18.2811 28.0501,
	18.2801 28.0501,
	18.2775 28.046,
	18.2739 28.0434,
	18.2729 28.0413,
	18.2718 28.0403,
	18.2718 28.0392,
	18.2708 28.0387,
	18.2703 28.0367,
	18.2677 28.034,
	18.2677 28.033,
	18.2662 28.0309,
	18.2662 28.0288,
	18.2651 28.0283,
	18.2651 28.0262,
	18.2641 28.0252,
	18.2641 28.0211,
	18.2641 28.0206,
	18.2641 28.0201,
	18.2656 28.018,
	18.2662 28.0159,
	18.2682 28.0149,
	18.2682 28.0139,
	18.276 28.0087,
	18.2801 28.0066,
	18.2842 28.0061,
	18.2883 28.0046,
	18.2925 28.002,
	18.2945 28.0015,
	18.2966 27.9999,
	18.2988 27.9994,
	18.3008 27.9979,
	18.3019 27.9979,
	18.3039 27.9963,
	18.308 27.9948,
	18.3101 27.9932,
	18.3178 27.9896,
	18.3189 27.9886,
	18.3209 27.9881,
	18.3225 27.9865,
	18.3266 27.9849,
	18.3302 27.9823,
	18.3323 27.9818,
	18.3338 27.9802,
	18.338 27.9787,
	18.339 27.9777,
	18.3551 27.9709,
	18.3572 27.9709,
	18.3654 27.9673,
	18.3819 27.9622,
	18.3944 27.9622,
	18.4027 27.9648,
	18.4104 27.9684,
	18.4145 27.9699,
	18.4212 27.9756,
	18.4238 27.9792,
	18.4253 27.9876,
	18.4253 27.9958,
	18.4223 28.0123,
	18.4223 28.0206,
	18.4217 28.0247,
	18.4212 28.0268,
	18.4155 28.0346,
	18.4119 28.0372,
	18.4099 28.0392,
	18.4078 28.0398,
	18.4073 28.0408,
	18.4052 28.0413,
	18.4042 28.0413,
	18.4027 28.0429,
	18.386 28.0475,
	18.3819 28.048,
	18.3737 28.0506,
	18.3726 28.0506,
	18.3716 28.0516,
	18.3675 28.0527,
	18.3654 28.0527,
	18.3633 28.0537,
	18.3613 28.0537,
	18.3608 28.0547,
	18.3566 28.0552,
	18.3525 28.0568,
	18.3504 28.0573,
	18.3494 28.0573,
	18.3474 28.0588,
	18.339 28.0614,
	18.3349 28.0635,
	18.3307 28.0645,
	18.3297 28.0645,
	18.3287 28.0656,
	"/>
</Transform>

<Transform dim="0"
 xcoef=" 0 1 0 0 0 0"
 ycoef=" 0 0 1 0 0 0">
<Contour name="d61p14" hidden="false" closed="true" simplified="true" border="1 0 0" fill="1 0 0" mode="11"
 points="15.4533 17.3896,
	15.4371 17.3598,
	15.4696 17.3598,
	"/>
</Transform>

<Transform dim="0"
 xcoef=" 0 1 0 0 0 0"
 ycoef=" 0 0 1 0 0 0">
<Contour name="d04c14" hidden="false" closed="true" simplified="true" border="0 0 1" fill="0 0 1" mode="11"
 points="18.9183 27.2553,
	18.9037 27.2543,
	18.8964 27.2539,
	18.8927 27.2534,
	18.8909 27.2525,
	18.8616 27.2534,
	18.8323 27.2534,
	18.8176 27.253,
	18.8103 27.2525,
	18.803 27.2507,
	18.7993 27.2507,
	18.792 27.2489,
	18.7883 27.2475,
	18.7865 27.2466,
	18.7847 27.2466,
	18.7828 27.2457,
	18.7819 27.2448,
	18.7801 27.2443,
	18.7792 27.2443,
	18.7754 27.242,
	18.7736 27.2406,
	18.7727 27.2406,
	18.769 27.2379,
	18.7677 27.2365,
	18.7658 27.2361,
	18.7631 27.2333,
	18.7562 27.2269,
	18.7535 27.2233,
	18.7526 27.2214,
	18.7517 27.2205,
	18.7508 27.2058,
	18.7508 27.1985,
	18.7508 27.1948,
	18.7508 27.1944,
	18.754 27.1798,
	18.7562 27.1724,
	18.7576 27.1687,
	18.7576 27.1669,
	18.7585 27.1659,
	18.7585 27.1641,
	18.7594 27.1632,
	18.7594 27.1614,
	18.7658 27.1467,
	18.7672 27.1449,
	18.7686 27.1413,
	18.7695 27.1399,
	18.7695 27.139,
	18.7718 27.1353,
	18.7736 27.1335,
	18.7741 27.1317,
	18.7754 27.1303,
	18.7754 27.1294,
	18.781 27.1233,
	18.7847 27.1201,
	18.7865 27.1183,
	18.7897 27.116,
	18.7906 27.116,
	18.7938 27.1133,
	18.7975 27.1128,
	18.7984 27.1119,
	18.8002 27.1115,
	18.8011 27.1115,
	18.802 27.1105,
	18.8314 27.1087,
	18.8606 27.1083,
	18.868 27.106,
	18.8689 27.106,
	18.8698 27.1051,
	18.8735 27.1041,
	18.8754 27.1028,
	18.8891 27.0968,
	18.89 27.0968,
	18.8918 27.0955,
	18.8955 27.0941,
	18.8973 27.0927,
	18.8991 27.0923,
	18.901 27.0909,
	18.9151 27.0868,
	18.9298 27.0854,
	18.9591 27.085,
	18.9664 27.0854,
	18.9738 27.0868,
	18.9766 27.0868,
	18.9775 27.0877,
	18.9921 27.0909,
	18.9958 27.0909,
	18.9976 27.0918,
	18.9994 27.0918,
	19.0012 27.0927,
	19.0031 27.0927,
	19.0067 27.0941,
	19.0086 27.095,
	19.0104 27.095,
	19.014 27.0964,
	19.0159 27.0968,
	19.0177 27.0982,
	19.0215 27.0996,
	19.0233 27.1009,
	19.0242 27.1009,
	19.026 27.1028,
	19.0269 27.1046,
	19.0269 27.1064,
	19.0283 27.1101,
	19.0283 27.1394,
	19.0278 27.1541,
	19.0265 27.1687,
	19.0256 27.1761,
	19.0256 27.1907,
	19.0251 27.198,
	19.0228 27.2053,
	19.0215 27.209,
	19.0163 27.2149,
	19.0131 27.2186,
	19.0099 27.2214,
	19.009 27.2214,
	19.0076 27.2228,
	19.0067 27.2228,
	19.0058 27.2242,
	19.0022 27.226,
	19.0017 27.2269,
	18.9999 27.2274,
	18.9994 27.2283,
	18.9976 27.2288,
	18.9944 27.231,
	18.9926 27.232,
	18.9921 27.2329,
	18.9889 27.2342,
	18.9871 27.2347,
	18.9857 27.2361,
	18.9839 27.2365,
	18.982 27.2379,
	18.9811 27.2388,
	18.9793 27.2393,
	18.9779 27.2406,
	18.977 27.2406,
	18.9738 27.2429,
	18.972 27.2443,
	18.9702 27.2448,
	18.9682 27.2461,
	18.9664 27.2466,
	18.965 27.248,
	18.9614 27.2493,
	18.9605 27.2502,
	18.9532 27.2521,
	18.9495 27.253,
	18.9477 27.2539,
	18.933 27.2553,
	"/>
</Transform>

<Transform dim="0"
 xcoef=" 0 1 0 0 0 0"
 ycoef=" 0 0 1 0 0 0">
<Contour name="d04c21a" hidden="false" closed="true" simplified="true" border="0 0 1" fill="0 0 1" mode="11"
 points="18.7896 25.5528,
	18.7805 25.5522,
	18.7758 25.5511,
	18.7736 25.5511,
	18.769 25.5488,
	18.7645 25.5477,
	18.7622 25.5471,
	18.761 25.546,
	18.7565 25.5448,
	18.7553 25.5437,
	18.7519 25.5437,
	18.7508 25.5425,
	18.7462 25.5414,
	18.7451 25.5414,
	18.7439 25.5402,
	18.7428 25.5402,
	18.7417 25.539,
	18.7371 25.5379,
	18.7365 25.5367,
	18.732 25.5356,
	18.7228 25.5316,
	18.7188 25.5288,
	18.7165 25.5288,
	18.7074 25.5231,
	18.6983 25.5191,
	18.6971 25.5191,
	18.6948 25.5168,
	18.6765 25.5071,
	18.6742 25.5065,
	18.6719 25.5048,
	18.6697 25.5043,
	18.6657 25.5009,
	18.6611 25.4991,
	18.6429 25.4969,
	18.6246 25.4916,
	18.6223 25.4916,
	18.6132 25.4888,
	18.6109 25.4882,
	18.6086 25.4865,
	18.6063 25.4865,
	18.6046 25.4848,
	18.6001 25.4842,
	18.5989 25.4842,
	18.5978 25.4831,
	18.5794 25.478,
	18.5772 25.4768,
	18.5726 25.4762,
	18.5635 25.4734,
	18.5589 25.4717,
	18.5566 25.4711,
	18.5555 25.47,
	18.5464 25.4671,
	18.5453 25.4671,
	18.5441 25.466,
	18.5075 25.4574,
	18.503 25.4563,
	18.5018 25.4563,
	18.5007 25.4552,
	18.4962 25.4546,
	18.4922 25.4523,
	18.4875 25.4512,
	18.4852 25.4506,
	18.4841 25.4495,
	18.4818 25.4495,
	18.4772 25.4478,
	18.475 25.4472,
	18.4727 25.4455,
	18.4636 25.442,
	18.4613 25.4403,
	18.4567 25.4385,
	18.4556 25.4374,
	18.4545 25.4374,
	18.4522 25.4357,
	18.451 25.4346,
	18.4499 25.4346,
	18.4482 25.4323,
	18.4436 25.4294,
	18.4373 25.422,
	18.4367 25.4197,
	18.4338 25.4152,
	18.4321 25.4129,
	18.4316 25.4106,
	18.4299 25.4083,
	18.4293 25.4061,
	18.4276 25.4044,
	18.4253 25.3951,
	18.4247 25.3769,
	18.4247 25.3763,
	18.4247 25.3758,
	18.4264 25.3667,
	18.4321 25.3483,
	18.4338 25.3438,
	18.4344 25.3415,
	18.4361 25.3392,
	18.4367 25.3369,
	18.4384 25.3346,
	18.4395 25.3341,
	18.4395 25.3329,
	18.4419 25.3307,
	18.4476 25.3221,
	18.4493 25.321,
	18.4556 25.3124,
	18.4584 25.3084,
	18.4607 25.3067,
	18.4664 25.2992,
	18.4704 25.2958,
	18.4721 25.2941,
	18.4727 25.2929,
	18.4738 25.2929,
	18.4778 25.2895,
	18.4801 25.2878,
	18.4812 25.2878,
	18.4818 25.2867,
	18.4841 25.2861,
	18.4847 25.285,
	18.4886 25.2833,
	18.491 25.2827,
	18.4933 25.281,
	18.5115 25.2753,
	18.5298 25.2736,
	18.5481 25.2736,
	18.5527 25.2753,
	18.5549 25.2753,
	18.5572 25.2764,
	18.5755 25.2793,
	18.5794 25.2804,
	18.5817 25.2804,
	18.6183 25.2924,
	18.6274 25.2952,
	18.6285 25.2964,
	18.6331 25.2975,
	18.6355 25.2981,
	18.6372 25.2998,
	18.6395 25.3004,
	18.6406 25.3004,
	18.6412 25.3016,
	18.6435 25.3016,
	18.6446 25.3027,
	18.6469 25.3027,
	18.656 25.3062,
	18.6605 25.3073,
	18.6628 25.3079,
	18.6634 25.309,
	18.6657 25.309,
	18.668 25.3101,
	18.6702 25.3101,
	18.6714 25.3113,
	18.6805 25.3141,
	18.6852 25.3147,
	18.6943 25.3176,
	18.6988 25.3193,
	18.7034 25.3198,
	18.7079 25.3221,
	18.7262 25.3278,
	18.7354 25.3307,
	18.7399 25.3324,
	18.7445 25.3329,
	18.7456 25.3341,
	18.7548 25.3369,
	18.7593 25.3386,
	18.7616 25.3398,
	18.7627 25.3398,
	18.7673 25.3426,
	18.7713 25.3443,
	18.7799 25.3496,
	18.7822 25.3518,
	18.7862 25.3547,
	18.7885 25.3558,
	18.7902 25.3581,
	18.7913 25.3581,
	18.7993 25.3644,
	18.8073 25.3723,
	18.8147 25.3792,
	18.8181 25.3832,
	18.8198 25.3843,
	18.8204 25.3866,
	18.8244 25.3906,
	18.8307 25.3981,
	18.8342 25.4026,
	18.8364 25.4044,
	18.8364 25.4055,
	18.8387 25.4072,
	18.8387 25.4083,
	18.8404 25.4101,
	18.8416 25.4106,
	18.8421 25.4129,
	18.8484 25.422,
	18.8513 25.426,
	18.8513 25.4271,
	18.8541 25.4311,
	18.8552 25.4334,
	18.8564 25.4346,
	18.857 25.4368,
	18.8587 25.4391,
	18.8598 25.4437,
	18.8609 25.4461,
	18.8609 25.4483,
	18.8638 25.4523,
	18.8644 25.4569,
	18.8661 25.4614,
	18.8666 25.4706,
	18.8661 25.4797,
	18.8644 25.4888,
	18.8609 25.498,
	18.8587 25.5026,
	18.8581 25.5048,
	18.8564 25.5071,
	18.8564 25.5083,
	18.853 25.5117,
	18.8507 25.5157,
	18.8433 25.5236,
	18.841 25.5265,
	18.8399 25.5265,
	18.837 25.5305,
	18.8353 25.5316,
	18.8313 25.5356,
	18.829 25.5373,
	18.8285 25.5385,
	18.8273 25.5385,
	18.8244 25.5414,
	18.8221 25.542,
	18.8175 25.5448,
	18.8158 25.5465,
	18.8136 25.5471,
	18.8113 25.5488,
	18.8101 25.5488,
	18.8079 25.5505,
	18.7987 25.5522,
	"/>
</Transform>

<Transform dim="0"
 xcoef=" 0 1 0 0 0 0"
 ycoef=" 0 0 1 0 0 0">
<Contour name="d04cfa14" hidden="false" closed="true" simplified="true" border="0 1 0" fill="0 1 0" mode="11"
 points="18.932 27.2297,
	18.929 27.2289,
	18.9044 27.2289,
	18.8922 27.2282,
	18.886 27.227,
	18.8738 27.2259,
	18.8676 27.2255,
	18.8645 27.2255,
	18.8584 27.224,
	18.8554 27.2232,
	18.8546 27.2224,
	18.8531 27.222,
	18.8523 27.222,
	18.8512 27.2205,
	18.8489 27.2143,
	18.8489 27.2128,
	18.8481 27.2112,
	18.8462 27.199,
	18.8462 27.1868,
	18.8462 27.1853,
	18.8462 27.1849,
	18.8477 27.1818,
	18.8496 27.1795,
	18.8523 27.1768,
	18.8531 27.1768,
	18.8546 27.1757,
	18.855 27.1749,
	18.8607 27.1723,
	18.8638 27.1702,
	18.8653 27.1695,
	18.8661 27.1695,
	18.8668 27.1687,
	18.8726 27.1664,
	18.8742 27.1653,
	18.8757 27.1649,
	18.8765 27.1649,
	18.8773 27.1641,
	18.8803 27.1634,
	18.8864 27.1607,
	18.8987 27.1569,
	18.9048 27.1546,
	18.9109 27.153,
	18.9139 27.1519,
	18.917 27.1515,
	18.9201 27.1504,
	18.932 27.1481,
	18.9381 27.1469,
	18.9626 27.1462,
	18.9872 27.1435,
	18.9933 27.1446,
	18.9963 27.145,
	18.9994 27.1462,
	19.0021 27.1488,
	19.004 27.1515,
	19.0047 27.153,
	19.0063 27.1542,
	19.0074 27.1569,
	19.0082 27.1584,
	19.0089 27.1592,
	19.0089 27.1599,
	19.0097 27.1607,
	19.0124 27.1668,
	19.0143 27.1699,
	19.0147 27.1715,
	19.0158 27.173,
	19.0166 27.1761,
	19.0162 27.1822,
	19.0124 27.1875,
	19.0074 27.1933,
	19.0028 27.1983,
	19.0005 27.2002,
	18.9975 27.2025,
	18.9959 27.204,
	18.9944 27.2047,
	18.994 27.2055,
	18.9925 27.2059,
	18.9906 27.207,
	18.9875 27.2082,
	18.986 27.209,
	18.9845 27.209,
	18.9814 27.2101,
	18.9784 27.2105,
	18.966 27.2139,
	18.9645 27.2143,
	18.9637 27.2143,
	18.963 27.2151,
	18.9599 27.2155,
	18.9569 27.217,
	18.9511 27.219,
	18.9496 27.2201,
	18.9481 27.2205,
	18.9427 27.2247,
	18.9431 27.2255,
	18.9412 27.2285,
	18.9397 27.2289,
	18.9389 27.2289,
	18.9381 27.2297,
	"/>
</Transform>

<Transform dim="0"
 xcoef=" 0 1 0 0 0 0"
 ycoef=" 0 0 1 0 0 0">
<Contour name="d04cfa21a" hidden="false" closed="true" simplified="true" border="0 1 0" fill="0 1 0" mode="11"
 points="18.7987 25.54,
	18.7966 25.5394,
	18.7934 25.5357,
	18.7923 25.5315,
	18.7902 25.5272,
	18.7892 25.5251,
	18.7881 25.524,
	18.7876 25.5219,
	18.7849 25.5182,
	18.7838 25.516,
	18.7828 25.5155,
	18.7822 25.5134,
	18.7796 25.5097,
	18.7758 25.5059,
	18.7731 25.5022,
	18.7662 25.4948,
	18.7635 25.491,
	18.7598 25.4878,
	18.7582 25.4856,
	18.7439 25.474,
	18.7407 25.4713,
	18.737 25.4676,
	18.7359 25.4676,
	18.7317 25.4639,
	18.7306 25.4628,
	18.7294 25.4628,
	18.7273 25.4607,
	18.7231 25.4585,
	18.7146 25.4559,
	18.7124 25.4559,
	18.7082 25.4543,
	18.706 25.4538,
	18.7039 25.4522,
	18.6954 25.4516,
	18.6933 25.4516,
	18.689 25.4532,
	18.6804 25.4543,
	18.6634 25.4543,
	18.6549 25.4538,
	18.6507 25.4532,
	18.6422 25.4506,
	18.6337 25.4469,
	18.6314 25.4463,
	18.6293 25.4447,
	18.6272 25.4441,
	18.6192 25.4382,
	18.6182 25.4382,
	18.6102 25.4335,
	18.6059 25.4308,
	18.6017 25.4292,
	18.5996 25.4282,
	18.5985 25.4282,
	18.5974 25.4271,
	18.5889 25.4239,
	18.5718 25.4234,
	18.5633 25.4234,
	18.5548 25.4244,
	18.5506 25.425,
	18.5484 25.425,
	18.5463 25.426,
	18.5442 25.426,
	18.5399 25.4276,
	18.5377 25.4276,
	18.5366 25.4282,
	18.5281 25.4276,
	18.5196 25.425,
	18.5175 25.4244,
	18.5164 25.4244,
	18.5154 25.4234,
	18.5111 25.4234,
	18.5026 25.4218,
	18.4984 25.4212,
	18.4963 25.4212,
	18.4941 25.4223,
	18.4931 25.4223,
	18.492 25.4234,
	18.4876 25.425,
	18.4839 25.4282,
	18.4834 25.4287,
	18.4664 25.4276,
	18.4627 25.4255,
	18.4547 25.4186,
	18.4531 25.4165,
	18.4526 25.4143,
	18.4499 25.4106,
	18.4483 25.4069,
	18.4478 25.3984,
	18.4478 25.394,
	18.4478 25.3919,
	18.4478 25.3914,
	18.4478 25.3908,
	18.451 25.3823,
	18.4542 25.3786,
	18.4542 25.3776,
	18.4579 25.3733,
	18.4659 25.3664,
	18.469 25.3632,
	18.4776 25.3579,
	18.4802 25.3558,
	18.4823 25.3558,
	18.4834 25.3536,
	18.4855 25.3531,
	18.4936 25.3477,
	18.4978 25.3445,
	18.5 25.3434,
	18.501 25.3434,
	18.509 25.3376,
	18.5111 25.3365,
	18.5122 25.3365,
	18.5133 25.3355,
	18.5175 25.3349,
	18.5196 25.3339,
	18.5389 25.3339,
	18.541 25.3349,
	18.5452 25.3349,
	18.5463 25.336,
	18.5506 25.3371,
	18.5527 25.3371,
	18.5607 25.3408,
	18.5617 25.3408,
	18.5628 25.3419,
	18.5638 25.3419,
	18.5676 25.3445,
	18.5697 25.3461,
	18.5708 25.3461,
	18.5787 25.3531,
	18.5824 25.3558,
	18.583 25.3568,
	18.5851 25.3574,
	18.5937 25.3632,
	18.6011 25.3669,
	18.6022 25.368,
	18.6363 25.3669,
	18.6533 25.3669,
	18.6703 25.3659,
	18.6788 25.3669,
	18.6832 25.368,
	18.6837 25.3691,
	18.688 25.3696,
	18.6901 25.3701,
	18.6912 25.3712,
	18.6933 25.3717,
	18.6944 25.3717,
	18.7029 25.3776,
	18.7034 25.3786,
	18.7045 25.3786,
	18.713 25.385,
	18.7172 25.3877,
	18.7183 25.3877,
	18.7262 25.3935,
	18.7301 25.3962,
	18.7311 25.3973,
	18.7322 25.3973,
	18.7343 25.3995,
	18.7364 25.4005,
	18.7375 25.4005,
	18.738 25.4016,
	18.7391 25.4016,
	18.7412 25.4032,
	18.7423 25.4042,
	18.7444 25.4048,
	18.7465 25.4064,
	18.7487 25.4069,
	18.7503 25.4085,
	18.7513 25.4085,
	18.7556 25.4111,
	18.7577 25.4127,
	18.7598 25.4133,
	18.7673 25.4191,
	18.7683 25.4202,
	18.7694 25.4202,
	18.771 25.4218,
	18.7731 25.4223,
	18.7768 25.425,
	18.7791 25.426,
	18.7801 25.4271,
	18.7812 25.4271,
	18.7849 25.4297,
	18.787 25.4319,
	18.7881 25.4319,
	18.7902 25.4335,
	18.7923 25.434,
	18.7939 25.4361,
	18.795 25.4361,
	18.7971 25.4377,
	18.7977 25.4388,
	18.7998 25.4393,
	18.8035 25.442,
	18.8046 25.443,
	18.8056 25.443,
	18.8094 25.4458,
	18.8109 25.4479,
	18.8131 25.4484,
	18.821 25.4543,
	18.8237 25.457,
	18.8248 25.457,
	18.8318 25.4633,
	18.8344 25.4665,
	18.835 25.4686,
	18.8366 25.4708,
	18.8371 25.4729,
	18.8419 25.4814,
	18.8429 25.4835,
	18.8429 25.4846,
	18.844 25.4851,
	18.8451 25.4894,
	18.8461 25.4904,
	18.8472 25.499,
	18.8477 25.5033,
	18.8472 25.5054,
	18.8413 25.5123,
	18.8376 25.516,
	18.8371 25.5176,
	18.835 25.5192,
	18.8302 25.5261,
	18.827 25.5299,
	18.8258 25.5299,
	18.8179 25.5357,
	18.8168 25.5357,
	18.8157 25.5368,
	18.8072 25.5394,
	"/>
</Transform>

<Transform dim="0"
 xcoef=" 0 1 0 0 0 0"
 ycoef=" 0 0 1 0 0 0">
<Contour name="d04sp21" hidden="false" closed="true" simplified="true" border="1 0 0" fill="1 0 0" mode="11"
 points="18.7457 25.7154,
	18.7398 25.7132,
	18.7369 25.7132,
	18.7311 25.711,
	18.728 25.7103,
	18.7266 25.7103,
	18.7236 25.7081,
	18.7119 25.7037,
	18.7061 25.7,
	18.7024 25.6942,
	18.7002 25.692,
	18.6995 25.6898,
	18.6973 25.6876,
	18.6965 25.6846,
	18.6943 25.6831,
	18.6929 25.6801,
	18.6929 25.6787,
	18.6877 25.6743,
	18.6796 25.6633,
	18.6774 25.6618,
	18.6774 25.6604,
	18.6745 25.6574,
	18.6723 25.656,
	18.6253 25.656,
	18.6136 25.6545,
	18.6077 25.653,
	18.6019 25.6501,
	18.596 25.6457,
	18.5916 25.6421,
	18.5909 25.6406,
	18.5894 25.6406,
	18.5798 25.631,
	18.5754 25.6251,
	18.5725 25.6229,
	18.5725 25.6215,
	18.5659 25.6097,
	18.5607 25.5987,
	18.5578 25.5929,
	18.5542 25.5811,
	18.549 25.5694,
	18.5454 25.5635,
	18.5454 25.562,
	18.5439 25.5606,
	18.5439 25.5591,
	18.5395 25.554,
	18.5365 25.5488,
	18.5321 25.5445,
	18.524 25.5326,
	18.5072 25.5129,
	18.4991 25.5033,
	18.494 25.4975,
	18.4866 25.4871,
	18.4829 25.4813,
	18.4807 25.4791,
	18.48 25.4761,
	18.4763 25.4703,
	18.4741 25.4681,
	18.4734 25.4652,
	18.4712 25.4622,
	18.4705 25.4593,
	18.4683 25.4564,
	18.4675 25.4505,
	18.4624 25.4387,
	18.4617 25.4358,
	18.4602 25.4343,
	18.4587 25.4284,
	18.458 25.4255,
	18.4558 25.4226,
	18.4536 25.4167,
	18.4522 25.4153,
	18.4514 25.4094,
	18.45 25.4079,
	18.45 25.405,
	18.4485 25.4043,
	18.4478 25.3925,
	18.4478 25.3917,
	18.45 25.3859,
	18.458 25.3756,
	18.4595 25.3741,
	18.4609 25.3741,
	18.4661 25.3683,
	18.4675 25.3676,
	18.4675 25.3661,
	18.4785 25.3566,
	18.4836 25.3529,
	18.4866 25.3507,
	18.488 25.3492,
	18.4895 25.3492,
	18.4955 25.3455,
	18.4984 25.3448,
	18.4999 25.3433,
	18.5116 25.3396,
	18.5174 25.3374,
	18.5292 25.336,
	18.541 25.336,
	18.5468 25.3367,
	18.5498 25.3367,
	18.5527 25.3382,
	18.5542 25.3382,
	18.5549 25.3396,
	18.5578 25.3396,
	18.5607 25.3418,
	18.5622 25.3433,
	18.5637 25.3433,
	18.5739 25.3514,
	18.5842 25.358,
	18.5872 25.3588,
	18.5901 25.361,
	18.5916 25.361,
	18.5931 25.3624,
	18.5989 25.3639,
	18.6019 25.3654,
	18.6253 25.3676,
	18.6723 25.3676,
	18.6781 25.3683,
	18.6796 25.3698,
	18.6914 25.3734,
	18.6929 25.3749,
	18.7046 25.38,
	18.7104 25.3829,
	18.7119 25.3844,
	18.7148 25.3851,
	18.7178 25.3873,
	18.7207 25.3881,
	18.7435 25.4013,
	18.7457 25.4035,
	18.7486 25.4043,
	18.7545 25.4079,
	18.7574 25.4101,
	18.7603 25.4109,
	18.7633 25.4131,
	18.7647 25.4153,
	18.7677 25.416,
	18.7721 25.4197,
	18.7728 25.4211,
	18.7743 25.4211,
	18.7757 25.4226,
	18.7772 25.4226,
	18.7883 25.4299,
	18.7934 25.4336,
	18.7949 25.435,
	18.7963 25.435,
	18.8073 25.4431,
	18.8088 25.4447,
	18.8102 25.4447,
	18.8146 25.4483,
	18.8257 25.4564,
	18.8309 25.4615,
	18.8382 25.4725,
	18.8433 25.4842,
	18.8448 25.4901,
	18.8448 25.4915,
	18.847 25.4946,
	18.8506 25.518,
	18.8506 25.5415,
	18.8506 25.5532,
	18.8462 25.5767,
	18.8448 25.5818,
	18.8448 25.5877,
	18.8433 25.5907,
	18.8433 25.5922,
	18.8418 25.5936,
	18.8411 25.5995,
	18.8374 25.6112,
	18.8352 25.6171,
	18.8352 25.62,
	18.8323 25.6258,
	18.8287 25.6377,
	18.8279 25.6406,
	18.8279 25.6421,
	18.8265 25.6435,
	18.8257 25.6494,
	18.8242 25.6508,
	18.822 25.6567,
	18.8212 25.6596,
	18.819 25.6626,
	18.8183 25.6655,
	18.8161 25.6677,
	18.8161 25.6706,
	18.808 25.6816,
	18.8037 25.6861,
	18.8007 25.6883,
	18.7971 25.6934,
	18.7919 25.6978,
	18.7905 25.6985,
	18.7905 25.7,
	18.7802 25.7081,
	18.775 25.711,
	18.7721 25.7132,
	18.7662 25.7154,
	"/>
</Transform>

<Transform dim="0"
 xcoef=" 0 1 0 0 0 0"
 ycoef=" 0 0 1 0 0 0">
<Contour name="d51c06" hidden="false" closed="true" simplified="true" border="0 0 1" fill="0 0 1" mode="11"
 points="9.7222 21.2689,
	9.71348 21.2678,
	9.70477 21.2656,
	9.70041 21.2651,
	9.69607 21.2629,
	9.69388 21.2618,
	9.68517 21.2607,
	9.67646 21.258,
	9.66775 21.2542,
	9.66557 21.2537,
	9.65741 21.2482,
	9.6536 21.245,
	9.6536 21.2439,
	9.64978 21.2401,
	9.64706 21.2363,
	9.64706 21.2352,
	9.64597 21.2341,
	9.64597 21.2319,
	9.64488 21.2298,
	9.64488 21.2287,
	9.6438 21.2276,
	9.6438 21.2254,
	9.64216 21.2232,
	9.64216 21.221,
	9.63617 21.2036,
	9.63454 21.1992,
	9.63454 21.1971,
	9.63127 21.1884,
	9.63018 21.184,
	9.62964 21.1819,
	9.62854 21.1808,
	9.62854 21.1786,
	9.62746 21.1781,
	9.62691 21.1736,
	9.62583 21.1725,
	9.62583 21.1704,
	9.62474 21.1693,
	9.62256 21.1606,
	9.62093 21.1562,
	9.61983 21.1388,
	9.61983 21.104,
	9.61983 21.0996,
	9.61983 21.0991,
	9.62147 21.0904,
	9.6231 21.086,
	9.6231 21.0839,
	9.62528 21.0794,
	9.62528 21.0783,
	9.62691 21.0762,
	9.62854 21.0723,
	9.63127 21.068,
	9.63944 21.0609,
	9.64161 21.0599,
	9.6427 21.0588,
	9.64488 21.0582,
	9.64597 21.0571,
	9.65033 21.056,
	9.6525 21.056,
	9.65468 21.055,
	9.67211 21.0544,
	9.68953 21.056,
	9.69171 21.056,
	9.6928 21.0571,
	9.70151 21.0582,
	9.71893 21.0577,
	9.72328 21.0571,
	9.72437 21.0571,
	9.72547 21.056,
	9.72982 21.055,
	9.732 21.055,
	9.73308 21.0539,
	9.7418 21.0512,
	9.74997 21.0474,
	9.75214 21.0468,
	9.7565 21.0441,
	9.76521 21.0414,
	9.7663 21.0414,
	9.76848 21.0397,
	9.77174 21.0397,
	9.77228 21.0387,
	9.77338 21.0387,
	9.77774 21.0359,
	9.78208 21.0343,
	9.78427 21.0338,
	9.78644 21.032,
	9.7908 21.0304,
	9.79298 21.0288,
	9.79734 21.0277,
	9.80169 21.025,
	9.80387 21.0233,
	9.80605 21.0228,
	9.81313 21.0174,
	9.8213 21.0109,
	9.82293 21.0092,
	9.82401 21.0092,
	9.84144 20.9973,
	9.8458 20.9935,
	9.8496 20.9907,
	9.85178 20.9902,
	9.86648 20.9765,
	9.8703 20.9733,
	9.87138 20.9711,
	9.87955 20.9629,
	9.88281 20.9591,
	9.885 20.957,
	9.88608 20.9559,
	9.88608 20.9548,
	9.8899 20.9504,
	9.89098 20.9483,
	9.89317 20.9477,
	9.89371 20.9455,
	9.89588 20.9434,
	9.89697 20.9412,
	9.90078 20.9369,
	9.90187 20.9351,
	9.90895 20.9281,
	9.91385 20.9232,
	9.91603 20.9215,
	9.91712 20.9194,
	9.9193 20.9177,
	9.92038 20.9156,
	9.93454 20.9009,
	9.93672 20.8971,
	9.94325 20.8906,
	9.95034 20.8829,
	9.95414 20.8791,
	9.95524 20.8769,
	9.95632 20.8758,
	9.95741 20.8758,
	9.96558 20.8682,
	9.97864 20.8682,
	9.983 20.8693,
	9.98735 20.8715,
	9.98954 20.872,
	9.99171 20.8736,
	9.99389 20.8742,
	9.99552 20.8758,
	9.99661 20.8758,
	10.001 20.8785,
	10.0021 20.8796,
	10.0043 20.8801,
	10.0124 20.8872,
	10.0162 20.8911,
	10.0168 20.8933,
	10.0222 20.902,
	10.0233 20.9063,
	10.0244 20.9074,
	10.0244 20.9118,
	10.0276 20.9205,
	10.0287 20.9291,
	10.0304 20.9335,
	10.032 20.951,
	10.032 20.9684,
	10.0314 20.9771,
	10.0309 20.9814,
	10.0298 20.9836,
	10.0298 20.9859,
	10.0266 20.9946,
	10.0244 20.9989,
	10.0244 21.0011,
	10.0228 21.0032,
	10.02 21.0119,
	10.0173 21.0163,
	10.0162 21.0206,
	10.0146 21.0228,
	10.0141 21.025,
	10.013 21.0261,
	10.0124 21.0282,
	10.0097 21.0327,
	10.0092 21.0349,
	10.0065 21.0392,
	10.0048 21.0436,
	9.99444 21.0609,
	9.99389 21.0631,
	9.9879 21.0713,
	9.98572 21.0751,
	9.98464 21.0751,
	9.98409 21.0772,
	9.98245 21.0794,
	9.98245 21.0806,
	9.97864 21.0844,
	9.9781 21.0866,
	9.97484 21.0904,
	9.9732 21.0942,
	9.96667 21.1023,
	9.9634 21.1061,
	9.96285 21.1083,
	9.96068 21.1105,
	9.95524 21.1186,
	9.95305 21.1208,
	9.95197 21.1219,
	9.95197 21.123,
	9.94815 21.1268,
	9.94815 21.1279,
	9.94434 21.1318,
	9.94217 21.1339,
	9.94217 21.135,
	9.93998 21.1367,
	9.9389 21.1388,
	9.93672 21.141,
	9.93672 21.1421,
	9.93345 21.1454,
	9.91875 21.1617,
	9.91603 21.1655,
	9.91385 21.1671,
	9.91277 21.1693,
	9.91058 21.1709,
	9.9095 21.1731,
	9.90732 21.1742,
	9.90351 21.1786,
	9.90241 21.1791,
	9.90241 21.1802,
	9.89915 21.1835,
	9.89807 21.184,
	9.89807 21.1851,
	9.89425 21.1889,
	9.89207 21.19,
	9.89098 21.1922,
	9.8899 21.1933,
	9.88881 21.1933,
	9.88173 21.2009,
	9.87791 21.2047,
	9.87683 21.2047,
	9.86975 21.2117,
	9.86648 21.215,
	9.86431 21.2161,
	9.8605 21.2199,
	9.85723 21.2226,
	9.84035 21.2352,
	9.83817 21.2363,
	9.83654 21.2385,
	9.83436 21.239,
	9.82565 21.245,
	9.82347 21.2466,
	9.8213 21.2472,
	9.81748 21.2499,
	9.8153 21.2504,
	9.81094 21.2537,
	9.80877 21.2542,
	9.8066 21.2559,
	9.80441 21.2564,
	9.80278 21.258,
	9.8006 21.258,
	9.79624 21.2607,
	9.79407 21.2618,
	9.79188 21.2618,
	9.78318 21.2651,
	9.76575 21.2678,
	9.74833 21.2689,
	"/>
</Transform>

<Transform dim="0"
 xcoef=" 0 1 0 0 0 0"
 ycoef=" 0 0 1 0 0 0">
<Contour name="d51cfa06" hidden="false" closed="true" simplified="true" border="0 1 0" fill="0 1 0" mode="11"
 points="9.74343 21.234,
	9.72326 21.2331,
	9.71318 21.2324,
	9.70814 21.2321,
	9.69805 21.2306,
	9.69553 21.2302,
	9.69427 21.2296,
	9.68419 21.228,
	9.6741 21.2255,
	9.66402 21.222,
	9.66276 21.2217,
	9.66024 21.2198,
	9.65929 21.2188,
	9.65898 21.2088,
	9.65772 21.1987,
	9.65708 21.1937,
	9.65708 21.1912,
	9.65519 21.1811,
	9.65488 21.1709,
	9.65488 21.1684,
	9.65488 21.1671,
	9.65488 21.1668,
	9.65551 21.1662,
	9.65645 21.1637,
	9.65708 21.1631,
	9.65708 21.1624,
	9.65929 21.1602,
	9.66181 21.1587,
	9.66244 21.1587,
	9.66308 21.158,
	9.66559 21.1574,
	9.66685 21.1571,
	9.66749 21.1571,
	9.66812 21.1565,
	9.67063 21.1555,
	9.67568 21.1546,
	9.68072 21.153,
	9.68576 21.1521,
	9.68828 21.1508,
	9.68954 21.1508,
	9.69458 21.1486,
	9.69963 21.1473,
	9.70971 21.1464,
	9.71979 21.1445,
	9.72484 21.1439,
	9.73493 21.1404,
	9.73744 21.1398,
	9.7387 21.1395,
	9.73934 21.1388,
	9.74186 21.1379,
	9.74311 21.1376,
	9.74753 21.1348,
	9.75005 21.1332,
	9.75131 21.1329,
	9.75384 21.1313,
	9.75888 21.1294,
	9.76896 21.1271,
	9.77148 21.1265,
	9.774 21.1265,
	9.77905 21.1252,
	9.78156 21.1243,
	9.78409 21.1243,
	9.78913 21.1227,
	9.79039 21.1221,
	9.79164 21.1221,
	9.80174 21.1186,
	9.80678 21.1174,
	9.81182 21.1155,
	9.81434 21.1152,
	9.81938 21.1133,
	9.82065 21.1133,
	9.82569 21.1114,
	9.8282 21.1111,
	9.83829 21.1076,
	9.84837 21.1057,
	9.85153 21.1057,
	9.85247 21.107,
	9.85562 21.117,
	9.85751 21.1271,
	9.85783 21.1373,
	9.85625 21.1423,
	9.85594 21.1436,
	9.85594 21.1442,
	9.85437 21.1467,
	9.85373 21.148,
	9.85373 21.1486,
	9.85184 21.1511,
	9.85184 21.1524,
	9.85058 21.1536,
	9.84995 21.1543,
	9.84964 21.1555,
	9.84743 21.158,
	9.84743 21.1587,
	9.84523 21.1612,
	9.84523 21.1618,
	9.84396 21.1627,
	9.84113 21.1675,
	9.84081 21.1687,
	9.83892 21.1712,
	9.8386 21.1725,
	9.83703 21.175,
	9.8364 21.1756,
	9.83609 21.177,
	9.83514 21.1783,
	9.83514 21.1789,
	9.83356 21.1814,
	9.83199 21.183,
	9.83167 21.1842,
	9.82758 21.1889,
	9.82695 21.1902,
	9.82569 21.1912,
	9.82505 21.1924,
	9.82379 21.1937,
	9.82316 21.1943,
	9.82316 21.1949,
	9.82128 21.1968,
	9.81781 21.2015,
	9.80898 21.2084,
	9.80772 21.2091,
	9.80614 21.211,
	9.80551 21.211,
	9.80142 21.2147,
	9.79953 21.2163,
	9.79827 21.2176,
	9.79764 21.2176,
	9.79511 21.2198,
	9.79448 21.2198,
	9.79386 21.2207,
	9.7926 21.2217,
	9.79133 21.222,
	9.78944 21.2235,
	9.78881 21.2243,
	9.78819 21.2243,
	9.78597 21.2258,
	9.78566 21.2265,
	9.7844 21.2268,
	9.78314 21.228,
	9.7781 21.2309,
	9.77683 21.2312,
	9.7762 21.2318,
	9.77369 21.2328,
	9.76361 21.234,
	"/>
</Transform>

<Transform dim="0"
 xcoef=" 0 1 0 0 0 0"
 ycoef=" 0 0 1 0 0 0">
<Contour name="d13sp10" hidden="false" closed="true" simplified="true" border="1 0 0" fill="1 0 0" mode="11"
 points="20.8046 20.3963,
	20.7961 20.3847,
	20.7751 20.3638,
	20.7705 20.3583,
	20.7681 20.3567,
	20.7619 20.3513,
	20.7604 20.349,
	20.7573 20.3482,
	20.7519 20.3435,
	20.7464 20.3412,
	20.7401 20.3373,
	20.7378 20.3358,
	20.7363 20.3358,
	20.7355 20.3342,
	20.7231 20.3288,
	20.72 20.3273,
	20.7185 20.3257,
	20.7123 20.3234,
	20.7092 20.3218,
	20.7061 20.3218,
	20.6999 20.3187,
	20.675 20.3164,
	20.6626 20.3164,
	20.6564 20.3172,
	20.6315 20.3242,
	20.6191 20.3273,
	20.6129 20.3288,
	20.6098 20.3304,
	20.6083 20.3304,
	20.6075 20.3296,
	20.6129 20.3257,
	20.6145 20.3257,
	20.6245 20.3141,
	20.6338 20.3039,
	20.6354 20.3024,
	20.6354 20.3008,
	20.6377 20.2993,
	20.6572 20.2745,
	20.6657 20.2628,
	20.6672 20.2597,
	20.6696 20.2581,
	20.6703 20.255,
	20.6719 20.255,
	20.6727 20.2519,
	20.6765 20.2457,
	20.6796 20.2426,
	20.682 20.2364,
	20.6827 20.231,
	20.6851 20.2287,
	20.6874 20.2225,
	20.6897 20.2194,
	20.6928 20.2077,
	20.6959 20.2015,
	20.6959 20.1984,
	20.6991 20.1922,
	20.7076 20.1673,
	20.7107 20.1611,
	20.7107 20.1596,
	20.713 20.1565,
	20.713 20.1549,
	20.7208 20.1433,
	20.7309 20.1324,
	20.7432 20.1247,
	20.7457 20.1224,
	20.7573 20.1176,
	20.7604 20.1169,
	20.7612 20.1153,
	20.7643 20.1153,
	20.7705 20.1114,
	20.7821 20.1014,
	20.7875 20.0952,
	20.7938 20.0905,
	20.7984 20.0859,
	20.8015 20.0843,
	20.8031 20.0843,
	20.8077 20.0804,
	20.8201 20.0812,
	20.8325 20.0859,
	20.8387 20.0897,
	20.8419 20.0921,
	20.8427 20.0936,
	20.8458 20.0944,
	20.8466 20.0959,
	20.8481 20.0959,
	20.8582 20.1052,
	20.8613 20.1114,
	20.8628 20.1176,
	20.8621 20.1425,
	20.8613 20.1487,
	20.8621 20.1549,
	20.8628 20.158,
	20.8667 20.1642,
	20.8783 20.1728,
	20.8814 20.1751,
	20.8845 20.1759,
	20.8908 20.1798,
	20.8924 20.1798,
	20.8947 20.1829,
	20.8962 20.1829,
	20.9017 20.1883,
	20.9032 20.1914,
	20.9032 20.1976,
	20.9032 20.2007,
	20.8993 20.2061,
	20.8986 20.2077,
	20.897 20.2077,
	20.8908 20.2116,
	20.8893 20.2116,
	20.8876 20.2131,
	20.8814 20.2147,
	20.8799 20.2147,
	20.8783 20.2162,
	20.8659 20.2202,
	20.8628 20.2209,
	20.8613 20.2209,
	20.8597 20.2225,
	20.8535 20.2248,
	20.8419 20.2333,
	20.8372 20.238,
	20.8194 20.2628,
	20.8163 20.2675,
	20.8139 20.2706,
	20.8124 20.2714,
	20.8116 20.2745,
	20.8077 20.2807,
	20.8062 20.2815,
	20.8054 20.2846,
	20.8031 20.2869,
	20.7984 20.2977,
	20.7961 20.3008,
	20.7922 20.3133,
	20.7922 20.3195,
	20.7938 20.3257,
	20.7938 20.3319,
	20.7953 20.3381,
	20.7953 20.3443,
	20.8023 20.3692,
	20.8046 20.3816,
	20.8054 20.394,
	"/>
</Transform>

<Transform dim="0"
 xcoef=" 0 1 0 0 0 0"
 ycoef=" 0 0 1 0 0 0">
<Contour name="d13p10" hidden="false" closed="true" simplified="true" border="1 0 0" fill="1 0 0" mode="11"
 points="20.7219 20.4878,
	20.6846 20.4505,
	20.7219 20.4133,
	20.7592 20.4505,
	"/>
</Transform>

<Transform dim="0"
 xcoef=" 0 1 0 0 0 0"
 ycoef=" 0 0 1 0 0 0">
<Contour name="d51sp10" hidden="false" closed="true" simplified="true" border="1 0 0" fill="1 0 0" mode="11"
 points="9.62224 23.5887,
	9.61632 23.5872,
	9.60445 23.5872,
	9.5926 23.5842,
	9.58667 23.582,
	9.58074 23.5813,
	9.57481 23.5783,
	9.56888 23.5768,
	9.55702 23.5716,
	9.55406 23.5693,
	9.55109 23.5686,
	9.54961 23.5671,
	9.54368 23.5664,
	9.53775 23.5642,
	9.52589 23.562,
	9.51996 23.5612,
	9.51847 23.5612,
	9.51773 23.5597,
	9.49401 23.556,
	9.48216 23.5538,
	9.4703 23.5531,
	9.45844 23.5509,
	9.44659 23.5501,
	9.42287 23.5449,
	9.411 23.5405,
	9.40804 23.5383,
	9.40729 23.5368,
	9.40582 23.5368,
	9.40063 23.5316,
	9.3984 23.5287,
	9.3984 23.5272,
	9.39099 23.516,
	9.38877 23.5101,
	9.38877 23.5071,
	9.38877 23.5064,
	9.39692 23.496,
	9.40656 23.4879,
	9.40952 23.4871,
	9.41545 23.4827,
	9.42731 23.4782,
	9.43027 23.4767,
	9.45399 23.473,
	9.45992 23.4715,
	9.50736 23.4678,
	9.5548 23.4663,
	9.56666 23.4663,
	9.57259 23.4656,
	9.57407 23.4641,
	9.57555 23.4641,
	9.58074 23.4597,
	9.58444 23.4538,
	9.58667 23.4478,
	9.59334 23.4368,
	9.59482 23.4345,
	9.59631 23.4338,
	9.59631 23.4323,
	9.60594 23.4226,
	9.60742 23.4196,
	9.6089 23.4196,
	9.61409 23.4145,
	9.62595 23.4071,
	9.62892 23.4048,
	9.64078 23.4011,
	9.65264 23.4004,
	9.66449 23.4011,
	9.67042 23.4026,
	9.67339 23.4041,
	9.67636 23.4041,
	9.68821 23.4108,
	9.6934 23.4152,
	9.69637 23.4204,
	9.69785 23.4219,
	9.69785 23.4233,
	9.70452 23.4345,
	9.70674 23.4375,
	9.70674 23.4404,
	9.7097 23.4464,
	9.7097 23.4493,
	9.71193 23.4552,
	9.71119 23.479,
	9.70674 23.5027,
	9.7023 23.5145,
	9.70082 23.5204,
	9.69563 23.5324,
	9.69414 23.5353,
	9.69266 23.5368,
	9.69043 23.5427,
	9.68377 23.5538,
	9.6808 23.5568,
	9.6808 23.5583,
	9.67116 23.5693,
	9.66005 23.5805,
	9.65857 23.582,
	9.65708 23.582,
	9.65189 23.5857,
	9.64004 23.5879,
	9.62817 23.5887,
	"/>
</Transform>

<Transform dim="0"
 xcoef=" 0 1 0 0 0 0"
 ycoef=" 0 0 1 0 0 0">
<Contour name="d51c10" hidden="false" closed="true" simplified="true" border="0 0 1" fill="0 0 1" mode="11"
 points="9.60256 23.6196,
	9.59028 23.6177,
	9.58412 23.6158,
	9.58106 23.615,
	9.57952 23.6146,
	9.57798 23.6135,
	9.57491 23.6127,
	9.57337 23.6123,
	9.57261 23.6123,
	9.57184 23.6116,
	9.56876 23.6104,
	9.56569 23.61,
	9.55955 23.6077,
	9.55647 23.6074,
	9.55033 23.6054,
	9.5488 23.6047,
	9.54572 23.6043,
	9.54495 23.6035,
	9.54188 23.6028,
	9.54073 23.602,
	9.53919 23.602,
	9.53612 23.6008,
	9.53535 23.6001,
	9.52921 23.5985,
	9.52613 23.597,
	9.52306 23.5962,
	9.51692 23.5936,
	9.51116 23.5901,
	9.50502 23.5855,
	9.50232 23.5832,
	9.49964 23.5802,
	9.49848 23.5786,
	9.49733 23.5663,
	9.49695 23.5601,
	9.49695 23.5571,
	9.49695 23.5563,
	9.49695 23.5559,
	9.4981 23.5498,
	9.49848 23.5467,
	9.50079 23.5406,
	9.50079 23.539,
	9.50194 23.5375,
	9.50194 23.5367,
	9.50617 23.5306,
	9.50885 23.5283,
	9.51001 23.5268,
	9.51269 23.5248,
	9.51423 23.524,
	9.51462 23.5232,
	9.51615 23.5228,
	9.51768 23.5217,
	9.51845 23.5217,
	9.51923 23.5209,
	9.52229 23.5205,
	9.52844 23.5186,
	9.54073 23.5175,
	9.55302 23.5179,
	9.55916 23.5183,
	9.56531 23.5202,
	9.56838 23.5205,
	9.58067 23.5248,
	9.58374 23.5259,
	9.58528 23.5264,
	9.58605 23.5264,
	9.58912 23.5283,
	9.59219 23.5295,
	9.59372 23.5298,
	9.59449 23.5306,
	9.59527 23.5306,
	9.59603 23.5314,
	9.59757 23.5314,
	9.59833 23.5321,
	9.60409 23.5344,
	9.60717 23.5364,
	9.6087 23.5367,
	9.61447 23.541,
	9.61715 23.5425,
	9.62291 23.5467,
	9.6279 23.5509,
	9.62867 23.5521,
	9.63021 23.5536,
	9.6306 23.5551,
	9.63251 23.5578,
	9.63444 23.564,
	9.63559 23.5763,
	9.6306 23.5886,
	9.6279 23.5947,
	9.62752 23.5962,
	9.62368 23.6024,
	9.62214 23.6054,
	9.61985 23.6085,
	9.61985 23.6093,
	9.6183 23.6108,
	9.61408 23.6166,
	9.61331 23.6166,
	9.61178 23.6181,
	9.6087 23.6192,
	"/>
</Transform>

<Transform dim="0"
 xcoef=" 0 1 0 0 0 0"
 ycoef=" 0 0 1 0 0 0">
<Contour name="d04cfa14" hidden="false" closed="false" simplified="true" border="1 0 0" fill="1 0 0" mode="11"
 points="18.7789 27.2253,
	18.8095 27.2118,
	18.8466 27.2038,
	"/>
</Transform>

<Transform dim="0"
 xcoef=" 0 1 0 0 0 0"
 ycoef=" 0 0 1 0 0 0">
<Contour name="d51cfa06" hidden="false" closed="false" simplified="true" border="0 1 0" fill="1 0 0" mode="11"
 points="9.97155 21.0165,
	9.96143 21.0452,
	9.93051 21.0896,
	9.88441 21.1249,
	9.85517 21.1329,
	"/>
</Transform>

<Transform dim="0"
 xcoef=" 0 1 0 0 0 0"
 ycoef=" 0 0 1 0 0 0">
<Contour name="d51cfa06" hidden="false" closed="false" simplified="true" border="0 1 0" fill="1 0 0" mode="11"
 points="9.84886 21.1664,
	9.84318 21.1803,
	9.83814 21.1891,
	9.83026 21.1992,
	9.82049 21.2099,
	9.80946 21.2202,
	9.79623 21.2298,
	9.77827 21.2364,
	9.76754 21.2389,
	9.754 21.2401,
	9.72721 21.2392,
	9.71334 21.2386,
	9.69538 21.2367,
	9.67427 21.2313,
	9.65504 21.2228,
	"/>
</Transform>

<Transform dim="0"
 xcoef=" 0 1 0 0 0 0"
 ycoef=" 0 0 1 0 0 0">
<Contour name="d04cfa21a" hidden="false" closed="false" simplified="true" border="1 0 0" fill="1 0 0" mode="11"
 points="18.7901 25.5469,
	18.7805 25.533,
	18.7719 25.5197,
	18.7587 25.5032,
	18.7443 25.4888,
	18.7293 25.4771,
	18.707 25.468,
	18.6868 25.4664,
	18.6718 25.4654,
	18.6543 25.4643,
	18.6378 25.4617,
	18.6255 25.4574,
	18.6106 25.4521,
	18.5994 25.4447,
	18.5781 25.436,
	18.5685 25.436,
	18.5547 25.4371,
	18.543 25.4371,
	18.5318 25.4371,
	18.5179 25.436,
	18.5084 25.4334,
	18.4956 25.4323,
	18.4849 25.4355,
	"/>
</Transform>

<Transform dim="0"
 xcoef=" 0 1 0 0 0 0"
 ycoef=" 0 0 1 0 0 0">
<Contour name="mito09" hidden="false" closed="false" simplified="true" border="1 1 0" fill="1 1 0" mode="11"
 points="22.2457 25.8356,
	22.5079 25.9029,
	"/>
</Transform>

<Transform dim="0"
 xcoef=" 0 1 0 0 0 0"
 ycoef=" 0 0 1 0 0 0">
<Contour name="d51cfa10" hidden="false" closed="false" simplified="true" border="0 1 0" fill="1 0 0" mode="11"
 points="9.63277 23.5716,
	9.61794 23.5664,
	9.60535 23.5635,
	9.58682 23.5591,
	9.57199 23.5539,
	9.55272 23.5465,
	9.5379 23.5406,
	9.50529 23.5332,
	"/>
</Transform>

<Transform dim="0"
 xcoef=" 0 1 0 0 0 0"
 ycoef=" 0 0 1 0 0 0">
<Contour name="d63p36" hidden="false" closed="true" simplified="false" border="1 0 0" fill="1 0 0" mode="-13"
 points="7.4093 16.0072,
	7.42947 16.0072,
	7.41939 16.0257,
	"/>
</Transform>

<Transform dim="0"
 xcoef=" 0 1 0 0 0 0"
 ycoef=" 0 0 1 0 0 0">
<Contour name="d63sp15" hidden="false" closed="true" simplified="true" border="1 0 0" fill="1 0 0" mode="11"
 points="7.8466 17.0657,
	7.85047 17.0618,
	7.85822 17.0579,
	7.87372 17.057,
	7.88147 17.057,
	7.88534 17.057,
	7.88922 17.0589,
	7.89115 17.0589,
	7.89309 17.0609,
	7.89696 17.0618,
	7.90471 17.0667,
	7.90665 17.0686,
	7.91052 17.0696,
	7.91246 17.0715,
	7.91634 17.0725,
	7.91827 17.0744,
	7.92602 17.0773,
	7.94152 17.087,
	7.94927 17.0918,
	7.95121 17.0938,
	7.95314 17.0938,
	7.96089 17.0986,
	7.96477 17.1015,
	7.97252 17.1044,
	7.97348 17.1064,
	7.97542 17.1064,
	7.98317 17.1112,
	7.98704 17.1132,
	7.98898 17.1132,
	8.00157 17.1257,
	8.00738 17.1316,
	8.01029 17.1354,
	8.01223 17.1364,
	8.01223 17.1383,
	8.01416 17.1393,
	8.01416 17.1412,
	8.02385 17.1548,
	8.02676 17.1587,
	8.02676 17.1606,
	8.0316 17.1674,
	8.03451 17.1703,
	8.03644 17.1781,
	8.04129 17.1858,
	8.04129 17.1877,
	8.04419 17.1916,
	8.04613 17.1994,
	8.05485 17.2139,
	8.05678 17.2158,
	8.08584 17.2778,
	8.0965 17.3078,
	8.09746 17.3156,
	8.10037 17.3233,
	8.10618 17.3543,
	8.11102 17.3698,
	8.11393 17.3776,
	8.11587 17.3815,
	8.11587 17.3834,
	8.11974 17.3873,
	8.12362 17.3892,
	8.12555 17.3911,
	8.12749 17.3911,
	8.12943 17.3931,
	8.13718 17.396,
	8.14493 17.396,
	8.15267 17.3979,
	8.18367 17.3979,
	8.19142 17.3979,
	8.20692 17.4037,
	8.20788 17.4057,
	8.20982 17.4057,
	8.2137 17.4086,
	8.21563 17.4105,
	8.21757 17.4105,
	8.23016 17.4202,
	8.24469 17.4309,
	8.24856 17.4338,
	8.2505 17.4357,
	8.25244 17.4357,
	8.25438 17.4376,
	8.26987 17.4425,
	8.27762 17.4454,
	8.27956 17.4454,
	8.2815 17.4473,
	8.28537 17.4473,
	8.30087 17.4551,
	8.31637 17.4589,
	8.32412 17.4619,
	8.32799 17.4628,
	8.32993 17.4648,
	8.33186 17.4648,
	8.33961 17.4696,
	8.34349 17.4725,
	8.34542 17.4725,
	8.37448 17.4948,
	8.38707 17.5093,
	8.39095 17.5171,
	8.39289 17.5248,
	8.39579 17.5287,
	8.39579 17.5326,
	8.39579 17.5345,
	8.39773 17.5364,
	8.3987 17.5442,
	8.40063 17.5481,
	8.40063 17.5558,
	8.40257 17.5636,
	8.40257 17.5945,
	8.39579 17.6255,
	8.39289 17.6333,
	8.39095 17.6372,
	8.39095 17.6391,
	8.38804 17.643,
	8.38707 17.6469,
	8.38417 17.6507,
	8.3832 17.6546,
	8.36286 17.6846,
	8.35705 17.6914,
	8.35317 17.6953,
	8.35124 17.6992,
	8.34736 17.7021,
	8.34252 17.7088,
	8.32993 17.7195,
	8.32412 17.7253,
	8.32218 17.7272,
	8.3183 17.7282,
	8.30377 17.7389,
	8.29603 17.7457,
	8.28925 17.7505,
	8.28537 17.7544,
	8.27956 17.7592,
	8.27569 17.7621,
	8.27375 17.7641,
	8.27181 17.7641,
	8.25728 17.7757,
	8.24275 17.7844,
	8.235 17.7892,
	8.23307 17.7892,
	8.23113 17.7912,
	8.22726 17.7921,
	8.22338 17.795,
	8.21951 17.796,
	8.20595 17.8057,
	8.19917 17.8115,
	8.19723 17.8115,
	8.19045 17.8164,
	8.1827 17.8193,
	8.18173 17.8212,
	8.16623 17.8222,
	8.15074 17.8212,
	8.14299 17.8212,
	8.13524 17.8173,
	8.13136 17.8164,
	8.12458 17.8115,
	8.11684 17.8047,
	8.11393 17.8018,
	8.11199 17.8018,
	8.0994 17.7892,
	8.0965 17.7854,
	8.0965 17.7834,
	8.09456 17.7825,
	8.09359 17.7786,
	8.08875 17.7718,
	8.08681 17.7708,
	8.08681 17.7689,
	8.07615 17.7544,
	8.07422 17.7524,
	8.06937 17.7214,
	8.06841 17.6904,
	8.06937 17.6594,
	8.07228 17.6439,
	8.07422 17.6362,
	8.07422 17.6343,
	8.07615 17.6323,
	8.08584 17.6013,
	8.08875 17.5936,
	8.08875 17.5897,
	8.09165 17.582,
	8.09165 17.5781,
	8.09359 17.5742,
	8.09456 17.5587,
	8.08972 17.4967,
	8.08875 17.4812,
	8.08681 17.4735,
	8.08681 17.4696,
	8.0839 17.4619,
	8.07906 17.4551,
	8.07712 17.4512,
	8.07712 17.4493,
	8.07422 17.4454,
	8.07228 17.4434,
	8.07131 17.4396,
	8.06937 17.4386,
	8.06841 17.4347,
	8.06647 17.4338,
	8.06647 17.4318,
	8.05678 17.4173,
	8.05388 17.4095,
	8.05194 17.4057,
	8.05 17.4037,
	8.05 17.4018,
	8.03935 17.3863,
	8.03935 17.3844,
	8.02773 17.3698,
	8.02773 17.3679,
	8.01998 17.3611,
	8.00738 17.3505,
	7.99964 17.3447,
	7.99286 17.3408,
	7.98995 17.3379,
	7.98608 17.3369,
	7.97155 17.3272,
	7.9638 17.3233,
	7.95605 17.3214,
	7.95217 17.3185,
	7.95024 17.3185,
	7.93571 17.3078,
	7.92893 17.3011,
	7.91052 17.273,
	7.90956 17.2691,
	7.89987 17.2536,
	7.89212 17.2391,
	7.89115 17.2352,
	7.88825 17.2323,
	7.88825 17.2304,
	7.88631 17.2284,
	7.88631 17.2245,
	7.87469 17.1936,
	7.87275 17.1858,
	7.87178 17.1819,
	7.86888 17.1781,
	7.86597 17.1713,
	7.86597 17.1693,
	7.86403 17.1674,
	7.86113 17.1596,
	7.86113 17.1577,
	7.85919 17.1558,
	7.85822 17.148,
	7.85628 17.1442,
	7.85435 17.1287,
	7.85435 17.1209,
	7.85144 17.1132,
	7.8466 17.0822,
	7.8466 17.0667,
	"/>
</Transform>

<Transform dim="0"
 xcoef=" 0 1 0 0 0 0"
 ycoef=" 0 0 1 0 0 0">
<Contour name="d51endoh06_cp" hidden="false" closed="true" simplified="true" border="1 0.502 0" fill="1 0 0" mode="11"
 points="9.97256 21.0102,
	9.97298 21.0028,
	9.97425 20.9955,
	9.97634 20.9884,
	9.97922 20.9816,
	9.98287 20.9751,
	9.98723 20.9691,
	9.99225 20.9636,
	9.99787 20.9587,
	10.004 20.9545,
	10.0106 20.9509,
	10.0175 20.9482,
	10.0247 20.9462,
	10.0321 20.945,
	10.0396 20.9447,
	10.0471 20.9453,
	10.0544 20.9466,
	10.0616 20.9488,
	10.0684 20.9517,
	10.0749 20.9554,
	10.0809 20.9599,
	10.0864 20.9649,
	10.0913 20.9705,
	10.0955 20.9767,
	10.0989 20.9833,
	10.1016 20.9902,
	10.1035 20.9974,
	10.1045 21.0047,
	10.1048 21.0121,
	10.1041 21.0195,
	10.1027 21.0268,
	10.1004 21.0338,
	10.0973 21.0406,
	10.0934 21.0469,
	10.0889 21.0528,
	10.0837 21.0582,
	10.078 21.0629,
	10.0717 21.067,
	10.065 21.0703,
	10.058 21.0729,
	10.0508 21.0747,
	10.0433 21.0756,
	10.0359 21.0757,
	10.0284 21.075,
	10.0211 21.0734,
	10.014 21.071,
	10.0072 21.0679,
	10.0009 21.064,
	9.99499 21.0594,
	9.98967 21.0542,
	9.98497 21.0485,
	9.98095 21.0422,
	9.97768 21.0355,
	9.97519 21.0285,
	9.97351 21.0213,
	"/>
</Transform>

<Transform dim="0"
 xcoef=" 0 1 0 0 0 0"
 ycoef=" 0 0 1 0 0 0">
<Contour name="d61endos07_whorl" hidden="false" closed="true" simplified="true" border="1 0.502 0" fill="1 0 0" mode="11"
 points="15.8278 16.999,
	15.8288 16.9831,
	15.8317 16.9678,
	15.8364 16.9537,
	15.8426 16.9415,
	15.8503 16.9315,
	15.859 16.9242,
	15.8684 16.9199,
	15.8782 16.9187,
	15.8879 16.9207,
	15.8971 16.9258,
	15.9056 16.9338,
	15.913 16.9444,
	15.9189 16.9571,
	15.9231 16.9715,
	15.9255 16.987,
	15.926 17.003,
	15.9245 17.0188,
	15.9212 17.0338,
	15.9161 17.0475,
	15.9094 17.0592,
	15.9015 17.0685,
	15.8926 17.0751,
	15.8831 17.0787,
	15.8733 17.0791,
	15.8636 17.0763,
	15.8545 17.0704,
	15.8463 17.0618,
	15.8393 17.0506,
	15.8338 17.0374,
	15.83 17.0227,
	"/>
</Transform>

<Transform dim="1"
 xcoef=" 0.04 1 0 0 0 0"
 ycoef=" -0.02 0 1 0 0 0">
<Contour name="d61p15" hidden="false" closed="true" simplified="true" border="1 0 0" fill="1 0 0" mode="11"
 points="15.9494 17.5358,
	15.9328 17.5192,
	15.9494 17.5026,
	15.966 17.5192,
	"/>
</Transform>

<Transform dim="0"
 xcoef=" 0 1 0 0 0 0"
 ycoef=" 0 0 1 0 0 0">
<Contour name="d63endos04_mvb" hidden="false" closed="true" simplified="true" border="1 0.502 0" fill="1 0 0" mode="11"
 points="7.1928 16.1459,
	7.19336 16.1365,
	7.19504 16.1272,
	7.19781 16.118,
	7.20167 16.1091,
	7.20657 16.1004,
	7.21249 16.0921,
	7.21938 16.0842,
	7.22717 16.0768,
	7.23583 16.0699,
	7.24526 16.0636,
	7.25542 16.058,
	7.2662 16.053,
	7.27754 16.0487,
	7.28935 16.0452,
	7.30152 16.0424,
	7.31398 16.0405,
	7.32662 16.0394,
	7.33935 16.039,
	7.35206 16.0396,
	7.36467 16.0409,
	7.37707 16.043,
	7.38916 16.046,
	7.40086 16.0497,
	7.41206 16.0541,
	7.4227 16.0593,
	7.43268 16.0651,
	7.44193 16.0716,
	7.45037 16.0786,
	7.45795 16.0862,
	7.4646 16.0942,
	7.47026 16.1026,
	7.47491 16.1113,
	7.4785 16.1203,
	7.481 16.1295,
	7.4824 16.1388,
	7.48268 16.1482,
	7.48184 16.1576,
	7.47989 16.1669,
	7.47684 16.176,
	7.47272 16.1849,
	7.46756 16.1934,
	7.46139 16.2017,
	7.45427 16.2094,
	7.44626 16.2167,
	7.4374 16.2235,
	7.42778 16.2296,
	7.41746 16.2351,
	7.40653 16.2399,
	7.39506 16.244,
	7.38316 16.2474,
	7.3709 16.2499,
	7.35839 16.2516,
	7.34571 16.2526,
	7.33298 16.2527,
	7.32029 16.252,
	7.30772 16.2504,
	7.29539 16.2481,
	7.28339 16.2449,
	7.27181 16.241,
	7.26073 16.2364,
	7.25025 16.2311,
	7.24045 16.2251,
	7.2314 16.2185,
	7.22316 16.2113,
	7.21582 16.2036,
	7.20941 16.1955,
	7.20399 16.187,
	7.19961 16.1782,
	7.19629 16.1692,
	7.19406 16.1599,
	"/>
</Transform>

<Transform dim="0"
 xcoef=" 0 1 0 0 0 0"
 ycoef=" 0 0 1 0 0 0">
<Contour name="d61sern14" hidden="false" closed="true" simplified="true" border="1 1 0" fill="1 1 0" mode="11"
 points="15.2975 17.4196,
	15.2975 17.4008,
	15.2787 17.4008,
	15.2787 17.3818,
	15.2975 17.3818,
	15.2975 17.363,
	15.3164 17.363,
	15.3164 17.3818,
	15.3353 17.3818,
	15.3353 17.4008,
	15.3164 17.4008,
	15.3164 17.4196,
	"/>
</Transform>

<Transform dim="0"
 xcoef=" 0 1 0 0 0 0"
 ycoef=" 0 0 1 0 0 0">
<Contour name="mito09_php2016" hidden="false" closed="false" simplified="true" border="1 0.501961 0" fill="1 0 0" mode="11"
 points="22.2626 25.8132,
	22.5084 25.895,
	"/>
</Transform>

<Transform dim="0"
 xcoef=" 0 1 0 0 0 0"
 ycoef=" 0 0 1 0 0 0">
<Contour name="d61" comment="dch_traced_06.2019" hidden="false" closed="true" simplified="true" border="1 1 0" fill="1 1 0" mode="11"
 points="15.3144 17.2927,
	15.3187 17.2586,
	15.3272 17.2244,
	15.3507 17.1903,
	15.3827 17.1583,
	15.3998 17.1433,
	15.4126 17.1263,
	15.4318 17.0921,
	15.4467 17.0751,
	15.4553 17.0665,
	15.4702 17.0324,
	15.4809 16.9982,
	15.5001 16.8616,
	15.5022 16.7934,
	15.4979 16.7592,
	15.4851 16.7251,
	15.4851 16.708,
	15.4915 16.6909,
	15.5129 16.6568,
	15.579 16.5202,
	15.5876 16.486,
	15.594 16.469,
	15.6153 16.4348,
	15.6495 16.4028,
	15.658 16.3985,
	15.7263 16.3431,
	15.7604 16.3196,
	15.7946 16.3046,
	15.8287 16.2982,
	15.8629 16.2854,
	15.897 16.2598,
	15.9141 16.2492,
	15.9824 16.2299,
	16.0165 16.2235,
	16.0507 16.2214,
	16.0848 16.2278,
	16.119 16.2513,
	16.1531 16.2684,
	16.1702 16.2705,
	16.1873 16.2769,
	16.1958 16.279,
	16.2299 16.3004,
	16.2641 16.3281,
	16.2982 16.3601,
	16.3132 16.3772,
	16.3238 16.3943,
	16.3302 16.4028,
	16.3345 16.437,
	16.3324 16.4711,
	16.3174 16.5394,
	16.2769 16.676,
	16.2534 16.7443,
	16.2235 16.8126,
	16.2129 16.8467,
	16.2065 16.8809,
	16.2043 16.9491,
	16.2107 17.0174,
	16.2107 17.0857,
	16.2001 17.154,
	16.1894 17.1882,
	16.183 17.2052,
	16.1382 17.2735,
	16.1232 17.3077,
	16.1126 17.3418,
	16.1062 17.376,
	16.0998 17.4443,
	16.0998 17.4613,
	16.0891 17.4955,
	16.0656 17.5296,
	16.0485 17.5467,
	16.0144 17.5702,
	15.9803 17.5894,
	15.9461 17.6022,
	15.8778 17.6171,
	15.8095 17.6171,
	15.7412 17.6235,
	15.7071 17.6278,
	15.6388 17.6257,
	15.6047 17.6235,
	15.5364 17.6107,
	15.5022 17.6,
	15.4851 17.5936,
	15.4809 17.5936,
	15.4467 17.5702,
	15.3848 17.504,
	15.3571 17.472,
	15.3379 17.4379,
	15.3272 17.4037,
	15.3208 17.3866,
	15.3144 17.3183,
	15.3144 17.3013,
	15.3144 17.2949,
	"/>
</Transform>

<Transform dim="0"
 xcoef=" 0 1 0 0 0 0"
 ycoef=" 0 0 1 0 0 0">
<Contour name="d63" comment="dch_traced_06.2019" hidden="false" closed="true" simplified="true" border="1 1 0" fill="1 1 0" mode="11"
 points="6.63615 16.5566,
	6.64269 16.5217,
	6.6536 16.4868,
	6.66232 16.4693,
	6.66232 16.465,
	6.66668 16.4606,
	6.66886 16.4519,
	6.68195 16.4345,
	6.68849 16.4257,
	6.72338 16.4039,
	6.74083 16.3908,
	6.75828 16.3821,
	6.79317 16.3559,
	6.81062 16.3407,
	6.82806 16.3298,
	6.89785 16.3167,
	6.93274 16.3036,
	6.94146 16.2992,
	6.94582 16.2992,
	6.98072 16.2774,
	6.99816 16.2665,
	7.00689 16.2644,
	7.04178 16.2447,
	7.05704 16.2338,
	7.12465 16.1706,
	7.1421 16.1553,
	7.15082 16.1466,
	7.15518 16.1422,
	7.15954 16.1422,
	7.19443 16.1182,
	7.22497 16.0899,
	7.25768 16.055,
	7.27512 16.0397,
	7.34491 15.9961,
	7.3798 15.9765,
	7.41469 15.9656,
	7.44959 15.9656,
	7.46703 15.9678,
	7.47576 15.9678,
	7.48012 15.9699,
	7.48448 15.9678,
	7.4932 15.9765,
	7.49756 15.9852,
	7.50629 15.9939,
	7.5281 16.0288,
	7.55427 16.0637,
	7.62187 16.1291,
	7.65458 16.1553,
	7.67203 16.1684,
	7.70038 16.2033,
	7.7091 16.2207,
	7.71346 16.2295,
	7.72437 16.2992,
	7.72873 16.3167,
	7.73527 16.3254,
	7.73527 16.3298,
	7.73963 16.3341,
	7.73963 16.3385,
	7.74399 16.3429,
	7.75054 16.3778,
	7.75272 16.4126,
	7.75926 16.4475,
	7.75926 16.465,
	7.74399 16.5348,
	7.72437 16.6046,
	7.70038 16.6743,
	7.68511 16.7092,
	7.68511 16.7136,
	7.68075 16.718,
	7.66767 16.7528,
	7.65894 16.7703,
	7.65458 16.7747,
	7.65458 16.779,
	7.63277 16.8139,
	7.62841 16.8226,
	7.61969 16.8314,
	7.5957 16.8662,
	7.56081 16.899,
	7.49102 16.9557,
	7.47358 16.9709,
	7.43868 16.9927,
	7.40379 17.0211,
	7.37762 17.0538,
	7.36672 17.0712,
	7.35145 17.0887,
	7.31874 17.117,
	7.30566 17.1345,
	7.29475 17.1694,
	7.28821 17.1868,
	7.23805 17.2566,
	7.20534 17.2893,
	7.17045 17.3068,
	7.153 17.309,
	7.11811 17.3046,
	7.10066 17.298,
	7.08321 17.2871,
	7.06577 17.2719,
	7.03088 17.2501,
	7.01343 17.237,
	7.00034 17.2195,
	6.99162 17.2108,
	6.96981 17.1759,
	6.95673 17.1585,
	6.92184 17.1301,
	6.90439 17.117,
	6.87168 17.0843,
	6.84769 17.0494,
	6.84115 17.0407,
	6.81934 16.9709,
	6.80843 16.9535,
	6.77572 16.9251,
	6.74301 16.8924,
	6.70158 16.8226,
	6.65578 16.6831,
	6.64269 16.6133,
	6.63615 16.5784,
	6.63615 16.5609,
	6.63615 16.5588,
	"/>
</Transform>

<Transform dim="1"
 xcoef=" -0.01 1 0 0 0 0"
 ycoef=" -0.05 0 1 0 0 0">
<Contour name="d63sp36" hidden="false" closed="true" simplified="true" border="1 0 0" fill="1 0 0" mode="11"
 points="7.34551 15.9276,
	7.35098 15.9212,
	7.35464 15.9194,
	7.35555 15.9175,
	7.35738 15.9175,
	7.36103 15.9148,
	7.37564 15.9102,
	7.37747 15.9102,
	7.3793 15.9084,
	7.40852 15.8975,
	7.42313 15.8892,
	7.42679 15.8883,
	7.43044 15.8856,
	7.43409 15.8847,
	7.43775 15.8819,
	7.43957 15.8801,
	7.44323 15.8801,
	7.44414 15.8783,
	7.45875 15.8755,
	7.46606 15.8755,
	7.46971 15.8755,
	7.47154 15.8755,
	7.47519 15.8783,
	7.4761 15.8819,
	7.47793 15.8828,
	7.48067 15.8901,
	7.48341 15.9194,
	7.48341 15.923,
	7.48524 15.9267,
	7.48798 15.9413,
	7.49163 15.9486,
	7.49163 15.9504,
	7.49711 15.9559,
	7.5035 15.9705,
	7.50259 15.9723,
	7.50076 15.9723,
	7.48798 15.9632,
	7.48615 15.9632,
	7.47976 15.9586,
	7.47884 15.9568,
	7.47702 15.9568,
	7.46971 15.9504,
	7.46606 15.9468,
	7.46058 15.9422,
	7.45327 15.9367,
	7.43957 15.9285,
	7.43592 15.9258,
	7.42861 15.923,
	7.39939 15.9203,
	7.37016 15.9249,
	7.36651 15.9258,
	7.36468 15.9258,
	7.36286 15.9276,
	7.34824 15.9294,
	7.34551 15.9285,
	"/>
</Transform>

</Section>