<?xml version="1.0"?>
<!DOCTYPE Section SYSTEM "section.dtd">

<Section index="221" thickness="0.047" alignLocked="true">
<Transform dim="0"
 xcoef=" 0 1 0 0 0 0"
 ycoef=" 0 0 1 0 0 0">
<Image mag="0.002066" contrast="1.86401" brightness="-0.18" red="true" green="true" blue="true"
 src="222____z10.915.jpg" />
<Contour name="domain1" hidden="false" closed="true" simplified="false" border="1 0 1" fill="1 0 1" mode="11"
 points="0 0,
	17608 0,
	17608 16967,
	0 16967,
	"/>
</Transform>

<Transform dim="0"
 xcoef=" 0 1 0 0 0 0"
 ycoef=" 0 0 1 0 0 0">
<Contour name="D04" hidden="false" closed="true" simplified="true" border="0 0 1" fill="0 0 1" mode="11"
 points="18.8931 26.7018,
	18.8333 26.6935,
	18.7794 26.6692,
	18.7366 26.6314,
	18.6996 26.531,
	18.709 26.4782,
	18.7366 26.4306,
	18.7794 26.3928,
	18.8333 26.3686,
	18.8931 26.3603,
	18.9529 26.3686,
	19.0069 26.3928,
	19.0497 26.4306,
	19.0772 26.4782,
	19.0867 26.531,
	19.0772 26.5837,
	19.0497 26.6314,
	19.0069 26.6692,
	18.9529 26.6935,
	"/>
</Transform>

<Transform dim="0"
 xcoef=" 0 1 0 0 0 0"
 ycoef=" 0 0 1 0 0 0">
<Contour name="D13" hidden="false" closed="true" simplified="true" border="0 0 1" fill="0 0 1" mode="11"
 points="21.0244 23.1692,
	20.9646 23.1614,
	20.9106 23.1387,
	20.8678 23.1035,
	20.8308 23.0098,
	20.8404 22.9605,
	20.8678 22.9161,
	20.9106 22.8808,
	20.9646 22.8582,
	21.0244 22.8503,
	21.0843 22.8582,
	21.1382 22.8808,
	21.181 22.9161,
	21.2085 22.9605,
	21.2179 23.0098,
	21.2085 23.0591,
	21.181 23.1035,
	21.1382 23.1387,
	21.0843 23.1614,
	"/>
</Transform>

<Transform dim="0"
 xcoef=" 0 1 0 0 0 0"
 ycoef=" 0 0 1 0 0 0">
<Contour name="D51" hidden="false" closed="true" simplified="true" border="0 0 1" fill="0 0 1" mode="11"
 points="9.16183 22.5984,
	9.10709 22.5907,
	9.05763 22.5685,
	9.01835 22.5338,
	8.98451 22.4418,
	8.99314 22.3935,
	9.01835 22.3498,
	9.05763 22.3152,
	9.10709 22.293,
	9.16183 22.2853,
	9.21665 22.293,
	9.26611 22.3152,
	9.30539 22.3498,
	9.33053 22.3935,
	9.33923 22.4418,
	9.33053 22.4902,
	9.30539 22.5338,
	9.26611 22.5685,
	9.21665 22.5907,
	"/>
</Transform>

<Transform dim="0"
 xcoef=" 0 1 0 0 0 0"
 ycoef=" 0 0 1 0 0 0">
<Contour name="D08" hidden="false" closed="true" simplified="true" border="0 0 1" fill="0 0 1" mode="11"
 points="7.33584 26.407,
	7.27251 26.3991,
	7.21538 26.3765,
	7.17005 26.3412,
	7.13091 26.2475,
	7.14094 26.1983,
	7.17005 26.1538,
	7.21538 26.1186,
	7.27251 26.0959,
	7.33584 26.0882,
	7.39918 26.0959,
	7.45631 26.1186,
	7.50164 26.1538,
	7.53075 26.1983,
	7.54078 26.2475,
	7.53075 26.2968,
	7.50164 26.3412,
	7.45631 26.3765,
	7.39918 26.3991,
	"/>
</Transform>

<Transform dim="0"
 xcoef=" 0 1 0 0 0 0"
 ycoef=" 0 0 1 0 0 0">
<Contour name="D61" hidden="false" closed="true" simplified="true" border="0 0 1" fill="0 0 1" mode="11"
 points="18.3026 18.8302,
	18.2801 18.827,
	18.259 18.8189,
	18.2405 18.8063,
	18.2257 18.7901,
	18.2153 18.7709,
	18.2093 18.7393,
	18.212 18.7178,
	18.2199 18.6977,
	18.2326 18.6798,
	18.2493 18.6653,
	18.2693 18.6549,
	18.2912 18.6493,
	18.314 18.6486,
	18.3362 18.6531,
	18.3567 18.6623,
	18.3744 18.6758,
	18.3881 18.693,
	18.3974 18.7126,
	18.4014 18.7339,
	18.4001 18.7553,
	18.3933 18.7759,
	18.3818 18.7944,
	18.366 18.8099,
	18.3468 18.8213,
	18.3252 18.8283,
	"/>
</Transform>

<Transform dim="0"
 xcoef=" 0 1 0 0 0 0"
 ycoef=" 0 0 1 0 0 0">
<Contour name="D26" hidden="false" closed="true" simplified="true" border="0 0 1" fill="0 0 1" mode="11"
 points="16.3428 27.5588,
	16.2759 27.5509,
	16.2157 27.5283,
	16.1678 27.493,
	16.1265 27.3993,
	16.137 27.35,
	16.1678 27.3056,
	16.2157 27.2704,
	16.2759 27.2477,
	16.3428 27.2399,
	16.4096 27.2477,
	16.4699 27.2704,
	16.5178 27.3056,
	16.5485 27.35,
	16.5591 27.3993,
	16.5485 27.4486,
	16.5178 27.493,
	16.4699 27.5283,
	16.4096 27.5509,
	"/>
</Transform>

<Transform dim="0"
 xcoef=" 0 1 0 0 0 0"
 ycoef=" 0 0 1 0 0 0">
<Contour name="D16" hidden="false" closed="true" simplified="true" border="1 0 0" fill="1 0 0" mode="11"
 points="22.1421 27.8545,
	22.0894 27.8467,
	22.0418 27.824,
	22.004 27.7887,
	21.9713 27.695,
	21.9797 27.6458,
	22.004 27.6013,
	22.0418 27.5662,
	22.0894 27.5435,
	22.1421 27.5357,
	22.1949 27.5435,
	22.2425 27.5662,
	22.2803 27.6013,
	22.3045 27.6458,
	22.3129 27.695,
	22.3045 27.7443,
	22.2803 27.7887,
	22.2425 27.824,
	22.1949 27.8467,
	"/>
</Transform>

<Transform dim="0"
 xcoef=" 0 1 0 0 0 0"
 ycoef=" 0 0 1 0 0 0">
<Contour name="d04_INC" hidden="false" closed="true" simplified="true" border="1 0 0" fill="1 0 0" mode="11"
 points="19.427 25.8511,
	19.4386 25.8348,
	19.427 25.8185,
	19.434 25.8185,
	19.4432 25.8325,
	19.4526 25.8185,
	19.4596 25.8185,
	19.4479 25.8348,
	19.4596 25.8511,
	19.4526 25.8511,
	19.4432 25.8372,
	19.434 25.8511,
	"/>
</Transform>

<Transform dim="0"
 xcoef=" 0 1 0 0 0 0"
 ycoef=" 0 0 1 0 0 0">
<Contour name="d51" hidden="false" closed="true" simplified="true" border="1 1 0" fill="1 1 0" mode="11"
 points="8.94573 22.7344,
	8.93773 22.7309,
	8.92175 22.7254,
	8.91376 22.7224,
	8.89778 22.7189,
	8.88979 22.7165,
	8.82586 22.7155,
	8.80989 22.7155,
	8.7939 22.714,
	8.78591 22.713,
	8.78192 22.713,
	8.77392 22.7104,
	8.76594 22.7094,
	8.73397 22.6964,
	8.72598 22.6919,
	8.72199 22.6889,
	8.714 22.681,
	8.71 22.677,
	8.708 22.675,
	8.707 22.674,
	8.7055 22.67,
	8.70301 22.666,
	8.69951 22.6579,
	8.69452 22.642,
	8.69301 22.638,
	8.69152 22.63,
	8.68903 22.598,
	8.68403 22.566,
	8.68203 22.5581,
	8.68053 22.5541,
	8.67753 22.5501,
	8.67454 22.5421,
	8.67304 22.5381,
	8.66804 22.5302,
	8.66205 22.5222,
	8.66155 22.5202,
	8.65855 22.5166,
	8.65656 22.5146,
	8.63708 22.4827,
	8.63559 22.4787,
	8.62609 22.4627,
	8.61311 22.4467,
	8.60611 22.4387,
	8.60462 22.4368,
	8.60362 22.4358,
	8.60162 22.4353,
	8.58564 22.4202,
	8.57265 22.4043,
	8.56616 22.3963,
	8.56316 22.3928,
	8.56316 22.3908,
	8.56017 22.3868,
	8.55867 22.3848,
	8.55568 22.3768,
	8.55417 22.3748,
	8.55318 22.3708,
	8.55168 22.3688,
	8.54918 22.3528,
	8.54818 22.3369,
	8.54818 22.3329,
	8.54818 22.3319,
	8.54818 22.3314,
	8.55518 22.3153,
	8.55767 22.3074,
	8.56316 22.2754,
	8.56366 22.2594,
	8.56716 22.2435,
	8.56867 22.2395,
	8.56916 22.2375,
	8.57215 22.2335,
	8.58814 22.219,
	8.60412 22.2055,
	8.6121 22.199,
	8.61311 22.197,
	8.61361 22.196,
	8.6156 22.196,
	8.6231 22.1886,
	8.6266 22.1851,
	8.63458 22.18,
	8.63659 22.1785,
	8.63758 22.1765,
	8.64558 22.173,
	8.66155 22.1625,
	8.66955 22.1576,
	8.67703 22.1516,
	8.68053 22.1476,
	8.68453 22.1451,
	8.68652 22.1446,
	8.69452 22.1371,
	8.69852 22.133,
	8.73047 22.1076,
	8.73847 22.1011,
	8.75444 22.0861,
	8.75844 22.0826,
	8.76644 22.0771,
	8.77342 22.0691,
	8.78941 22.0552,
	8.7934 22.0522,
	8.80939 22.0447,
	8.87331 22.0227,
	8.88929 22.0162,
	8.8903 22.0162,
	8.89828 22.0097,
	8.90627 22.0023,
	8.91326 21.9943,
	8.91676 21.9902,
	8.92675 21.9743,
	8.92925 21.9703,
	8.94523 21.9543,
	8.94922 21.9513,
	8.95722 21.9478,
	8.9652 21.9453,
	8.98118 21.9383,
	9.01315 21.9198,
	9.02914 21.9099,
	9.06109 21.8954,
	9.06509 21.8933,
	9.09706 21.8838,
	9.10504 21.8823,
	9.13701 21.8714,
	9.16897 21.8639,
	9.18495 21.8599,
	9.20093 21.8569,
	9.20893 21.8554,
	9.24089 21.8449,
	9.24488 21.8429,
	9.24688 21.8424,
	9.25088 21.8394,
	9.25287 21.8384,
	9.26087 21.8389,
	9.26486 21.8404,
	9.26686 21.8414,
	9.27485 21.8424,
	9.29083 21.848,
	9.29483 21.849,
	9.35875 21.8789,
	9.37474 21.8878,
	9.38272 21.8943,
	9.38672 21.8974,
	9.39072 21.8989,
	9.39471 21.9019,
	9.4027 21.9094,
	9.4092 21.9168,
	9.41419 21.9248,
	9.41668 21.9288,
	9.41819 21.9328,
	9.41919 21.9488,
	9.41819 21.9807,
	9.41769 21.9968,
	9.41718 22.0008,
	9.41569 22.0048,
	9.41219 22.0072,
	9.41019 22.0077,
	9.40769 22.0112,
	9.4057 22.0192,
	9.4022 22.0272,
	9.39971 22.0352,
	9.39921 22.0432,
	9.39921 22.0472,
	9.4007 22.0552,
	9.4017 22.0592,
	9.4057 22.0672,
	9.41319 22.0746,
	9.41718 22.0786,
	9.41769 22.0806,
	9.42018 22.0846,
	9.42168 22.0887,
	9.43267 22.1046,
	9.43916 22.1126,
	9.44266 22.1166,
	9.44765 22.1246,
	9.45114 22.1286,
	9.46663 22.1605,
	9.46813 22.1645,
	9.46962 22.1725,
	9.47013 22.1805,
	9.46912 22.1965,
	9.46863 22.2045,
	9.46813 22.2065,
	9.46912 22.2145,
	9.47063 22.2185,
	9.47312 22.2224,
	9.47662 22.2264,
	9.47762 22.2279,
	9.48561 22.2335,
	9.4876 22.234,
	9.48961 22.2355,
	9.4906 22.2365,
	9.4926 22.2365,
	9.49659 22.239,
	9.52856 22.2455,
	9.54454 22.2495,
	9.54854 22.251,
	9.55253 22.2534,
	9.55453 22.2544,
	9.55902 22.2624,
	9.56402 22.2784,
	9.56601 22.2864,
	9.56901 22.2944,
	9.57201 22.3104,
	9.57251 22.3144,
	9.5745 22.3183,
	9.5755 22.3344,
	9.5755 22.3503,
	9.5745 22.3583,
	9.5745 22.3623,
	9.57301 22.3638,
	9.57251 22.3678,
	9.57051 22.3718,
	9.55753 22.3878,
	9.55453 22.3918,
	9.55053 22.3943,
	9.51907 22.4258,
	9.50308 22.4397,
	9.48711 22.4502,
	9.47113 22.4597,
	9.45514 22.4662,
	9.45114 22.4677,
	9.44915 22.4696,
	9.44115 22.4717,
	9.43317 22.4752,
	9.42917 22.4772,
	9.42518 22.4782,
	9.42118 22.4817,
	9.41718 22.4832,
	9.4092 22.4887,
	9.40719 22.4897,
	9.39971 22.4977,
	9.39921 22.4997,
	9.39372 22.5076,
	9.38871 22.5237,
	9.38523 22.5316,
	9.38073 22.5396,
	9.37423 22.5476,
	9.37124 22.5516,
	9.36724 22.5541,
	9.35975 22.5616,
	9.35576 22.564,
	9.35376 22.565,
	9.34976 22.5686,
	9.34777 22.5706,
	9.33977 22.5746,
	9.33179 22.5801,
	9.3158 22.5931,
	9.3118 22.596,
	9.27985 22.6105,
	9.26386 22.6171,
	9.2319 22.634,
	9.21591 22.6425,
	9.20793 22.6465,
	9.19194 22.6569,
	9.17596 22.6665,
	9.17196 22.669,
	9.17047 22.671,
	9.16248 22.6745,
	9.15849 22.677,
	9.12652 22.6864,
	9.11054 22.6909,
	9.10255 22.6934,
	9.09855 22.6949,
	9.09656 22.6959,
	9.08856 22.6969,
	9.07259 22.7014,
	9.06459 22.7039,
	9.06259 22.7044,
	9.06159 22.7044,
	9.0596 22.7059,
	9.0516 22.7079,
	9.04961 22.7089,
	9.04162 22.7099,
	9.02564 22.715,
	9.01764 22.716,
	9.01365 22.7184,
	9.00965 22.7189,
	9.00566 22.7214,
	8.99767 22.7239,
	8.9657 22.7314,
	8.95772 22.7334,
	8.94972 22.7339,
	"/>
</Transform>

<Transform dim="0"
 xcoef=" 0 1 0 0 0 0"
 ycoef=" 0 0 1 0 0 0">
<Contour name="d13" hidden="false" closed="true" simplified="true" border="0 0 0" fill="0 0 0" mode="11"
 points="20.9548 23.6557,
	20.945 23.6505,
	20.9426 23.6487,
	20.9417 23.6478,
	20.9411 23.6429,
	20.9408 23.6404,
	20.945 23.6208,
	20.9469 23.6183,
	20.9487 23.6134,
	20.9542 23.6037,
	20.957 23.5988,
	20.9576 23.5975,
	20.9594 23.578,
	20.9603 23.5681,
	20.9606 23.5485,
	20.9588 23.5388,
	20.9536 23.5191,
	20.945 23.4996,
	20.9408 23.4898,
	20.938 23.4849,
	20.9315 23.475,
	20.9284 23.4701,
	20.9125 23.4506,
	20.9046 23.4408,
	20.9028 23.4383,
	20.9 23.4334,
	20.8902 23.4251,
	20.8852 23.4208,
	20.8755 23.4153,
	20.8706 23.4126,
	20.8657 23.4104,
	20.8559 23.4074,
	20.8461 23.4052,
	20.8412 23.4043,
	20.8363 23.4025,
	20.835 23.4019,
	20.8155 23.3988,
	20.8057 23.3973,
	20.8008 23.3967,
	20.7811 23.397,
	20.7763 23.3976,
	20.7714 23.3976,
	20.7518 23.4049,
	20.7322 23.4129,
	20.7126 23.4214,
	20.7077 23.4236,
	20.7053 23.4245,
	20.7004 23.4278,
	20.6979 23.4294,
	20.6967 23.4304,
	20.6917 23.4307,
	20.6819 23.4347,
	20.6795 23.4356,
	20.6697 23.4362,
	20.6648 23.4365,
	20.655 23.4356,
	20.6502 23.4341,
	20.6452 23.4319,
	20.6256 23.4184,
	20.6232 23.4165,
	20.6219 23.4156,
	20.6195 23.4153,
	20.6167 23.4107,
	20.6119 23.4077,
	20.6094 23.4065,
	20.5995 23.3979,
	20.5946 23.3948,
	20.5922 23.3933,
	20.5849 23.3835,
	20.5812 23.3785,
	20.5794 23.3761,
	20.5748 23.3715,
	20.5717 23.3666,
	20.5702 23.3642,
	20.5656 23.3605,
	20.5635 23.3556,
	20.5622 23.3532,
	20.5616 23.352,
	20.5518 23.3425,
	20.5493 23.34,
	20.5478 23.3376,
	20.5456 23.3326,
	20.5444 23.3302,
	20.5371 23.3204,
	20.5334 23.3155,
	20.5316 23.3106,
	20.5249 23.3008,
	20.5215 23.2959,
	20.52 23.2935,
	20.5117 23.2738,
	20.5099 23.2689,
	20.5099 23.2592,
	20.5099 23.2543,
	20.5102 23.2518,
	20.5123 23.2494,
	20.5129 23.2488,
	20.5142 23.239,
	20.5148 23.234,
	20.5151 23.2316,
	20.5145 23.2267,
	20.5142 23.2242,
	20.5139 23.223,
	20.5074 23.2132,
	20.5043 23.2083,
	20.5037 23.2071,
	20.4994 23.2022,
	20.4994 23.201,
	20.4994 23.2004,
	20.4921 23.1906,
	20.4881 23.1856,
	20.4817 23.1758,
	20.4655 23.1563,
	20.4624 23.1514,
	20.4618 23.1502,
	20.4594 23.1477,
	20.4588 23.1453,
	20.4585 23.1441,
	20.4541 23.1391,
	20.4461 23.1195,
	20.4422 23.1097,
	20.44 23.1049,
	20.437 23.0951,
	20.4357 23.0901,
	20.4351 23.0889,
	20.4339 23.0693,
	20.4339 23.0595,
	20.4339 23.0589,
	20.4339 23.0586,
	20.436 23.0488,
	20.437 23.0438,
	20.4434 23.0243,
	20.4504 23.0047,
	20.4585 22.9851,
	20.4624 22.9753,
	20.4658 22.9704,
	20.4676 22.968,
	20.4688 22.967,
	20.4786 22.964,
	20.4835 22.9628,
	20.4847 22.9621,
	20.4945 22.9618,
	20.5043 22.96,
	20.5093 22.9591,
	20.5191 22.9548,
	20.524 22.9527,
	20.5264 22.9518,
	20.5313 22.9483,
	20.5362 22.9443,
	20.5383 22.9419,
	20.5383 22.9407,
	20.5429 22.9367,
	20.5564 22.9171,
	20.5574 22.9159,
	20.558 22.9135,
	20.5583 22.9122,
	20.5674 22.9034,
	20.5693 22.9008,
	20.5791 22.8956,
	20.5888 22.8938,
	20.5937 22.8929,
	20.5986 22.8914,
	20.6036 22.8892,
	20.606 22.8889,
	20.6085 22.888,
	20.6134 22.8849,
	20.6158 22.8843,
	20.6354 22.8703,
	20.6403 22.8672,
	20.6427 22.8657,
	20.6452 22.8635,
	20.6566 22.8442,
	20.6581 22.8393,
	20.6596 22.8295,
	20.6654 22.81,
	20.6663 22.8074,
	20.6718 22.7976,
	20.6746 22.7928,
	20.6786 22.783,
	20.6853 22.7732,
	20.6887 22.7683,
	20.6902 22.7659,
	20.6929 22.756,
	20.6954 22.7511,
	20.696 22.7499,
	20.7046 22.7401,
	20.7089 22.7352,
	20.7111 22.7328,
	20.7218 22.7132,
	20.7303 22.6935,
	20.7346 22.6838,
	20.7441 22.6642,
	20.7472 22.6543,
	20.7488 22.6494,
	20.7494 22.647,
	20.7497 22.6421,
	20.75 22.6397,
	20.7576 22.6201,
	20.7594 22.6152,
	20.7601 22.6139,
	20.7622 22.6114,
	20.7637 22.6066,
	20.7708 22.5968,
	20.772 22.5943,
	20.7763 22.5894,
	20.7778 22.5846,
	20.7845 22.5748,
	20.7882 22.5699,
	20.7888 22.5687,
	20.7938 22.5643,
	20.7962 22.5618,
	20.8011 22.5585,
	20.806 22.5557,
	20.8158 22.5466,
	20.8207 22.542,
	20.8219 22.5408,
	20.8246 22.5359,
	20.8262 22.5334,
	20.8317 22.5138,
	20.8329 22.5089,
	20.8338 22.5064,
	20.8369 22.5015,
	20.8381 22.4991,
	20.8431 22.4942,
	20.8455 22.4918,
	20.8519 22.482,
	20.8556 22.4722,
	20.8574 22.4672,
	20.8599 22.4574,
	20.8611 22.4525,
	20.8617 22.4501,
	20.866 22.4403,
	20.8681 22.4354,
	20.8715 22.4305,
	20.8794 22.4207,
	20.8837 22.4158,
	20.8859 22.4133,
	20.8871 22.4121,
	20.8921 22.4094,
	20.8933 22.4081,
	20.8957 22.4075,
	20.8963 22.4063,
	20.8967 22.4057,
	20.9015 22.4045,
	20.9064 22.4008,
	20.9089 22.399,
	20.9101 22.3981,
	20.915 22.3962,
	20.9174 22.3953,
	20.9272 22.3889,
	20.9321 22.3855,
	20.9345 22.3837,
	20.9371 22.3834,
	20.9383 22.3822,
	20.9389 22.3816,
	20.9414 22.3812,
	20.9588 22.3616,
	20.9637 22.357,
	20.9661 22.3555,
	20.9759 22.3512,
	20.9808 22.3491,
	20.9907 22.3469,
	21.0004 22.3405,
	21.0087 22.3307,
	21.013 22.3257,
	21.0139 22.3245,
	21.0237 22.3199,
	21.0433 22.3169,
	21.0482 22.3156,
	21.0678 22.3135,
	21.0776 22.3123,
	21.0874 22.3141,
	21.107 22.3187,
	21.1265 22.3245,
	21.1364 22.3274,
	21.1462 22.331,
	21.1511 22.3332,
	21.1535 22.3341,
	21.1548 22.3347,
	21.1612 22.3445,
	21.1749 22.364,
	21.1821 22.3738,
	21.1836 22.3764,
	21.2016 22.3956,
	21.2065 22.399,
	21.209 22.4008,
	21.2135 22.4054,
	21.216 22.4066,
	21.2172 22.4072,
	21.2369 22.425,
	21.2466 22.4339,
	21.2564 22.4434,
	21.2589 22.4455,
	21.2613 22.4467,
	21.2638 22.447,
	21.2644 22.447,
	21.2742 22.455,
	21.2791 22.4587,
	21.2889 22.4672,
	21.2938 22.4701,
	21.3036 22.4795,
	21.3134 22.4875,
	21.3182 22.4915,
	21.3232 22.496,
	21.3254 22.4985,
	21.3266 22.4997,
	21.3269 22.5022,
	21.3364 22.511,
	21.3443 22.5209,
	21.362 22.5405,
	21.3633 22.5417,
	21.368 22.5444,
	21.368 22.5456,
	21.368 22.5463,
	21.3771 22.556,
	21.3817 22.5609,
	21.3841 22.5634,
	21.3872 22.5684,
	21.3875 22.5708,
	21.3945 22.5806,
	21.3951 22.583,
	21.3955 22.5842,
	21.3973 22.5867,
	21.3982 22.5879,
	21.3997 22.5928,
	21.4052 22.6026,
	21.408 22.6075,
	21.4095 22.6124,
	21.4113 22.6222,
	21.412 22.6271,
	21.411 22.6663,
	21.411 22.6688,
	21.415 22.6786,
	21.4169 22.6835,
	21.4179 22.6859,
	21.4218 22.6908,
	21.4228 22.692,
	21.4228 22.6945,
	21.4228 22.6957,
	21.4258 22.7006,
	21.4273 22.703,
	21.4304 22.7129,
	21.4316 22.7153,
	21.4322 22.7166,
	21.4322 22.7263,
	21.4322 22.7312,
	21.4322 22.7337,
	21.4298 22.7386,
	21.4286 22.741,
	21.4279 22.7422,
	21.4276 22.7471,
	21.4246 22.752,
	21.4231 22.7545,
	21.4176 22.7741,
	21.4156 22.779,
	21.415 22.7839,
	21.4132 22.8231,
	21.4123 22.8427,
	21.4113 22.8524,
	21.4083 22.8721,
	21.4065 22.8819,
	21.3979 22.9014,
	21.3955 22.9064,
	21.3918 22.9113,
	21.39 22.9138,
	21.389 22.915,
	21.3887 22.9199,
	21.3841 22.9297,
	21.3829 22.9345,
	21.3826 22.9358,
	21.3805 22.9382,
	21.3744 22.9579,
	21.3725 22.9628,
	21.3689 22.9676,
	21.3523 22.9872,
	21.3477 22.9918,
	21.3462 22.9942,
	21.3446 22.9992,
	21.3437 23.0017,
	21.3422 23.0408,
	21.3407 23.0604,
	21.34 23.0629,
	21.3388 23.0653,
	21.337 23.0678,
	21.3342 23.0776,
	21.3342 23.0788,
	21.3321 23.0812,
	21.3303 23.091,
	21.3293 23.096,
	21.329 23.1155,
	21.3293 23.1351,
	21.3297 23.145,
	21.33 23.1499,
	21.3287 23.1694,
	21.3281 23.1792,
	21.3248 23.1989,
	21.3232 23.2086,
	21.3211 23.2184,
	21.3199 23.2233,
	21.3192 23.243,
	21.3161 23.2625,
	21.3143 23.2723,
	21.3134 23.2821,
	21.3131 23.2871,
	21.3109 23.292,
	21.3106 23.2969,
	21.2956 23.3361,
	21.2871 23.3556,
	21.2828 23.3654,
	21.2717 23.3851,
	21.2662 23.3948,
	21.2592 23.4046,
	21.257 23.4071,
	21.2561 23.4083,
	21.2555 23.4107,
	21.2552 23.412,
	21.2417 23.4316,
	21.235 23.4414,
	21.2317 23.4463,
	21.2304 23.4487,
	21.2298 23.4499,
	21.2102 23.4692,
	21.2004 23.4779,
	21.1808 23.4971,
	21.1728 23.5069,
	21.1688 23.5118,
	21.1557 23.5314,
	21.1532 23.5363,
	21.1517 23.5388,
	21.1496 23.5403,
	21.1493 23.5427,
	21.1487 23.544,
	21.1465 23.5464,
	21.1459 23.5489,
	21.1456 23.5501,
	21.1422 23.555,
	21.1404 23.5599,
	21.1392 23.5623,
	21.1373 23.5641,
	21.1364 23.5666,
	21.1361 23.5678,
	21.1288 23.5777,
	21.125 23.5826,
	21.1232 23.585,
	21.1183 23.5896,
	21.1159 23.5917,
	21.1146 23.593,
	21.1097 23.5957,
	21.1049 23.5991,
	21.1 23.6037,
	21.0975 23.6055,
	21.0926 23.607,
	21.0877 23.6092,
	21.0779 23.6147,
	21.073 23.6174,
	21.0717 23.618,
	21.0522 23.6218,
	21.0424 23.6236,
	21.04 23.6239,
	21.0203 23.63,
	21.0105 23.6331,
	21.0056 23.6346,
	21.0032 23.6358,
	20.9934 23.6423,
	20.9885 23.6453,
	20.9835 23.6475,
	20.9786 23.6502,
	20.9762 23.652,
	20.9756 23.6526,
	20.9658 23.6545,
	20.9609 23.6554,
	20.956 23.6557,
	"/>
</Transform>

<Transform dim="0"
 xcoef=" 0 1 0 0 0 0"
 ycoef=" 0 0 1 0 0 0">
<Contour name="d04sp34" hidden="false" closed="true" simplified="true" border="1 0 0" fill="1 0 0" mode="11"
 points="18.3462 27.2921,
	18.3416 27.291,
	18.3394 27.2865,
	18.3377 27.2774,
	18.3371 27.2684,
	18.3337 27.2593,
	18.3326 27.2547,
	18.332 27.2525,
	18.3303 27.2496,
	18.3292 27.2451,
	18.3286 27.2429,
	18.3275 27.2417,
	18.3258 27.2327,
	18.3258 27.2287,
	18.3258 27.2282,
	18.3314 27.2197,
	18.3348 27.2151,
	18.3371 27.2139,
	18.3371 27.2128,
	18.3394 27.2111,
	18.3399 27.21,
	18.3405 27.2105,
	18.3416 27.2088,
	18.3456 27.2043,
	18.353 27.1981,
	18.357 27.1947,
	18.3581 27.193,
	18.3655 27.1857,
	18.3717 27.1783,
	18.3739 27.1772,
	18.3739 27.1761,
	18.3762 27.1749,
	18.3773 27.1732,
	18.395 27.163,
	18.3961 27.163,
	18.3972 27.1618,
	18.3983 27.1618,
	18.3989 27.1607,
	18.408 27.159,
	18.417 27.1584,
	18.4215 27.1584,
	18.426 27.1601,
	18.4306 27.1607,
	18.4396 27.1647,
	18.4488 27.1675,
	18.4567 27.1727,
	18.4578 27.1727,
	18.4618 27.1761,
	18.4646 27.18,
	18.4663 27.1823,
	18.4674 27.1834,
	18.4697 27.1925,
	18.4702 27.2015,
	18.4702 27.206,
	18.4702 27.2083,
	18.4674 27.2173,
	18.4668 27.2197,
	18.4657 27.2208,
	18.4651 27.2231,
	18.4635 27.2253,
	18.4635 27.2265,
	18.4499 27.2417,
	18.4414 27.2468,
	18.4368 27.2496,
	18.4345 27.2502,
	18.4334 27.2513,
	18.4323 27.2513,
	18.4311 27.2525,
	18.4266 27.2542,
	18.4243 27.2547,
	18.4232 27.2559,
	18.4142 27.2581,
	18.4097 27.2593,
	18.4051 27.2621,
	18.404 27.2621,
	18.4 27.2649,
	18.3972 27.2672,
	18.3961 27.2672,
	18.3915 27.2707,
	18.3892 27.2724,
	18.3881 27.2724,
	18.3858 27.2746,
	18.3847 27.2746,
	18.3756 27.2814,
	18.3711 27.2842,
	18.3689 27.2854,
	18.3677 27.2865,
	18.3638 27.2882,
	18.3626 27.2882,
	18.3621 27.2893,
	18.3598 27.2893,
	18.3553 27.291,
	"/>
</Transform>

<Transform dim="0"
 xcoef=" 0 1 0 0 0 0"
 ycoef=" 0 0 1 0 0 0">
<Contour name="d51sp21" hidden="false" closed="true" simplified="true" border="1 0 0" fill="1 0 0" mode="11"
 points="9.41893 21.9497,
	9.40851 21.924,
	9.40288 21.9112,
	9.39807 21.9072,
	9.39807 21.9056,
	9.39166 21.9,
	9.37882 21.8927,
	9.37722 21.8927,
	9.37562 21.8911,
	9.3692 21.8903,
	9.34354 21.8775,
	9.34194 21.8759,
	9.34033 21.8759,
	9.33873 21.8743,
	9.33551 21.8735,
	9.33311 21.8711,
	9.33151 21.8711,
	9.3291 21.8687,
	9.32589 21.8679,
	9.32269 21.8655,
	9.32108 21.8655,
	9.31788 21.8631,
	9.31145 21.8607,
	9.30825 21.8583,
	9.28258 21.8503,
	9.28098 21.8503,
	9.28018 21.8487,
	9.27376 21.8479,
	9.27056 21.8462,
	9.26413 21.8454,
	9.25852 21.843,
	9.25692 21.843,
	9.25612 21.8422,
	9.25852 21.839,
	9.26413 21.835,
	9.26574 21.835,
	9.26734 21.8334,
	9.27938 21.8286,
	9.28579 21.827,
	9.29702 21.819,
	9.30985 21.8118,
	9.31627 21.811,
	9.31948 21.8102,
	9.32108 21.8086,
	9.3275 21.807,
	9.3291 21.8054,
	9.33231 21.8054,
	9.33873 21.8014,
	9.34514 21.7989,
	9.34835 21.7965,
	9.34995 21.7965,
	9.35076 21.7949,
	9.35637 21.7925,
	9.36199 21.7869,
	9.3684 21.7829,
	9.37482 21.7773,
	9.38605 21.7701,
	9.39246 21.7693,
	9.39888 21.7701,
	9.40529 21.7725,
	9.40851 21.7741,
	9.41011 21.7741,
	9.42213 21.7829,
	9.42856 21.7885,
	9.43176 21.7917,
	9.43577 21.7973,
	9.43577 21.7989,
	9.43818 21.8014,
	9.43898 21.8046,
	9.44379 21.8102,
	9.44539 21.8166,
	9.4486 21.823,
	9.4502 21.8294,
	9.4502 21.8422,
	9.4494 21.8487,
	9.447 21.8519,
	9.44459 21.8575,
	9.42775 21.8815,
	9.42775 21.8847,
	9.42614 21.8863,
	9.42534 21.912,
	9.42374 21.9248,
	9.42374 21.928,
	9.42213 21.9312,
	9.41973 21.9441,
	"/>
</Transform>

<Transform dim="0"
 xcoef=" 0 1 0 0 0 0"
 ycoef=" 0 0 1 0 0 0">
<Contour name="d04p38" hidden="false" closed="true" simplified="true" border="1 0 0" fill="1 0 0" mode="11"
 points="18.6001 26.6367,
	18.5822 26.6042,
	18.6178 26.6042,
	"/>
</Transform>

<Transform dim="0"
 xcoef=" 0 1 0 0 0 0"
 ycoef=" 0 0 1 0 0 0">
<Contour name="d04c38" hidden="false" closed="true" simplified="true" border="0 0 1" fill="0 0 1" mode="11"
 points="18.5148 26.6881,
	18.4955 26.6845,
	18.4907 26.6821,
	18.4894 26.6821,
	18.4846 26.6785,
	18.4774 26.6707,
	18.472 26.6611,
	18.4708 26.6587,
	18.4708 26.6563,
	18.4678 26.6466,
	18.466 26.6369,
	18.4647 26.5984,
	18.4647 26.596,
	18.4647 26.5953,
	18.466 26.5761,
	18.4714 26.5375,
	18.4732 26.5278,
	18.4738 26.523,
	18.475 26.5224,
	18.4768 26.5128,
	18.4786 26.508,
	18.4792 26.5032,
	18.4804 26.502,
	18.4834 26.4923,
	18.484 26.4899,
	18.484 26.4887,
	18.4852 26.4874,
	18.4864 26.4826,
	18.4888 26.4778,
	18.4888 26.4766,
	18.4919 26.4718,
	18.4919 26.4706,
	18.4931 26.47,
	18.4931 26.4688,
	18.4991 26.4598,
	18.5009 26.455,
	18.5021 26.4538,
	18.5021 26.4526,
	18.5088 26.444,
	18.51 26.4422,
	18.5148 26.4386,
	18.5172 26.4362,
	18.522 26.4338,
	18.5316 26.4332,
	18.5413 26.435,
	18.5461 26.4368,
	18.5473 26.4368,
	18.5492 26.4386,
	18.5504 26.4386,
	18.5522 26.441,
	18.5546 26.4416,
	18.5558 26.444,
	18.5582 26.4452,
	18.5582 26.4464,
	18.56 26.4477,
	18.5606 26.4501,
	18.5624 26.4526,
	18.5654 26.4622,
	18.5678 26.4814,
	18.5684 26.52,
	18.5678 26.5393,
	18.5678 26.549,
	18.5654 26.5586,
	18.5588 26.5779,
	18.5588 26.5972,
	18.557 26.6357,
	18.5552 26.6551,
	18.5498 26.6743,
	18.5473 26.6791,
	18.5431 26.6839,
	18.5389 26.6857,
	18.5196 26.6875,
	"/>
</Transform>

<Transform dim="0"
 xcoef=" 0 1 0 0 0 0"
 ycoef=" 0 0 1 0 0 0">
<Contour name="d04p39" hidden="false" closed="true" simplified="true" border="1 0 0" fill="1 0 0" mode="11"
 points="19.4165 25.8347,
	19.4001 25.8183,
	19.4165 25.8021,
	19.4327 25.8183,
	"/>
</Transform>

<Transform dim="0"
 xcoef=" 0 1 0 0 0 0"
 ycoef=" 0 0 1 0 0 0">
<Contour name="d04sp39_pastanalyzedlength" hidden="false" closed="true" simplified="true" border="1 0 0" fill="1 0 0" mode="11"
 points="19.4834 25.7715,
	19.4807 25.7701,
	19.48 25.7687,
	19.4772 25.7687,
	19.4717 25.7653,
	19.4689 25.7639,
	19.4675 25.7625,
	19.4648 25.7618,
	19.4634 25.7618,
	19.4606 25.7598,
	19.4551 25.7584,
	19.4523 25.757,
	19.4496 25.757,
	19.4439 25.7542,
	19.4218 25.7508,
	19.3968 25.7508,
	19.3948 25.7529,
	19.3892 25.7535,
	19.3837 25.7556,
	19.3796 25.7605,
	19.3775 25.7625,
	19.3768 25.7618,
	19.3775 25.7605,
	19.3754 25.7577,
	19.3747 25.7549,
	19.3747 25.7535,
	19.3733 25.7522,
	19.3713 25.7411,
	19.3706 25.7299,
	19.3706 25.7244,
	19.372 25.7189,
	19.3726 25.7161,
	19.3726 25.7147,
	19.374 25.7134,
	19.3747 25.7078,
	19.383 25.6975,
	19.3878 25.6919,
	19.3913 25.6864,
	19.3927 25.685,
	19.3948 25.6739,
	19.3927 25.6628,
	19.3858 25.6414,
	19.3844 25.64,
	19.3775 25.6178,
	19.3761 25.615,
	19.3761 25.6136,
	19.3747 25.6123,
	19.374 25.6067,
	19.3726 25.606,
	19.3713 25.6005,
	19.3685 25.595,
	19.3671 25.5895,
	19.3657 25.588,
	19.365 25.5824,
	19.363 25.5797,
	19.3609 25.5742,
	19.3595 25.5714,
	19.3595 25.5686,
	19.3574 25.5666,
	19.3484 25.5458,
	19.347 25.5402,
	19.3456 25.5395,
	19.3449 25.534,
	19.3366 25.5119,
	19.3352 25.5063,
	19.3304 25.4953,
	19.3297 25.4896,
	19.3262 25.4786,
	19.3262 25.4675,
	19.3262 25.4661,
	19.3262 25.4655,
	19.3297 25.4544,
	19.3297 25.453,
	19.3311 25.4516,
	19.3325 25.4461,
	19.3332 25.4432,
	19.3332 25.4419,
	19.3352 25.4391,
	19.3352 25.4363,
	19.338 25.4308,
	19.3387 25.428,
	19.3463 25.417,
	19.354 25.408,
	19.3616 25.3976,
	19.3671 25.3879,
	19.3685 25.3865,
	19.3692 25.3837,
	19.3706 25.383,
	19.3754 25.3727,
	19.3878 25.3512,
	19.3961 25.3428,
	19.4045 25.3366,
	19.4149 25.3304,
	19.4253 25.3256,
	19.4308 25.3242,
	19.4419 25.3242,
	19.4474 25.3269,
	19.4488 25.3269,
	19.4544 25.3318,
	19.4565 25.3345,
	19.4572 25.3373,
	19.4592 25.3401,
	19.4599 25.3428,
	19.462 25.3456,
	19.4654 25.3568,
	19.4661 25.3623,
	19.4682 25.3678,
	19.4689 25.3733,
	19.4724 25.3844,
	19.4724 25.3858,
	19.4744 25.3885,
	19.4758 25.3941,
	19.4779 25.3969,
	19.4848 25.4191,
	19.4862 25.4246,
	19.4841 25.5132,
	19.4841 25.5243,
	19.4834 25.5298,
	19.48 25.5409,
	19.4779 25.5431,
	19.4772 25.5486,
	19.4751 25.5541,
	19.4737 25.5555,
	19.4717 25.561,
	19.4572 25.5831,
	19.4558 25.5838,
	19.4558 25.5852,
	19.4544 25.5859,
	19.4544 25.5873,
	19.4502 25.5929,
	19.4481 25.595,
	19.4474 25.5978,
	19.4453 25.6005,
	19.4453 25.6019,
	19.4432 25.6047,
	19.4432 25.606,
	19.4419 25.6074,
	19.4384 25.6295,
	19.4384 25.6518,
	19.4391 25.6628,
	19.4419 25.6739,
	19.4439 25.6794,
	19.4439 25.6808,
	19.4453 25.6822,
	19.4453 25.685,
	19.4467 25.6878,
	19.4467 25.6892,
	19.4481 25.6899,
	19.4488 25.6954,
	19.4509 25.7009,
	19.4544 25.7058,
	19.4551 25.7113,
	19.4565 25.712,
	19.4572 25.7175,
	19.4592 25.7203,
	19.4613 25.7258,
	19.4613 25.7272,
	19.4634 25.7299,
	19.4641 25.7328,
	19.4661 25.7356,
	19.4682 25.7404,
	19.4689 25.7432,
	19.4724 25.748,
	19.4751 25.7508,
	19.4751 25.7522,
	19.4765 25.7535,
	19.4765 25.7549,
	19.48 25.7598,
	19.4813 25.7611,
	19.4813 25.7625,
	19.4834 25.7653,
	19.4841 25.7681,
	19.4862 25.7708,
	"/>
</Transform>

<Transform dim="0"
 xcoef=" 0 1 0 0 0 0"
 ycoef=" 0 0 1 0 0 0">
<Contour name="d51p21" hidden="false" closed="true" simplified="true" border="1 0 0" fill="1 0 0" mode="11"
 points="9.32762 21.9486,
	9.31009 21.931,
	9.32762 21.9135,
	9.34514 21.931,
	"/>
</Transform>

<Transform dim="0"
 xcoef=" 0 1 0 0 0 0"
 ycoef=" 0 0 1 0 0 0">
<Contour name="d13sp16" hidden="false" closed="true" simplified="true" border="1 0 0" fill="1 0 0" mode="11"
 points="21.1614 22.3409,
	21.1601 22.3406,
	21.1594 22.34,
	21.1568 22.3393,
	21.1555 22.339,
	21.1552 22.3383,
	21.15 22.3367,
	21.1487 22.3361,
	21.1481 22.3354,
	21.138 22.3315,
	21.1328 22.3299,
	21.1302 22.3292,
	21.1296 22.3286,
	21.1269 22.3283,
	21.1262 22.3283,
	21.1256 22.3276,
	21.1249 22.3276,
	21.1243 22.3269,
	21.123 22.3269,
	21.1126 22.3233,
	21.1074 22.3217,
	21.1048 22.321,
	21.1035 22.3207,
	21.1032 22.3201,
	21.1019 22.3201,
	21.0993 22.3191,
	21.098 22.3184,
	21.0954 22.3181,
	21.0928 22.3171,
	21.0915 22.3171,
	21.0889 22.3158,
	21.0837 22.3152,
	21.0628 22.3145,
	21.055 22.3145,
	21.045 22.3175,
	21.0424 22.3184,
	21.032 22.3201,
	21.0293 22.3201,
	21.0241 22.3213,
	21.0215 22.3217,
	21.0189 22.3226,
	21.0176 22.3233,
	21.0169 22.323,
	21.0169 22.3226,
	21.0182 22.322,
	21.0264 22.3129,
	21.0283 22.311,
	21.0326 22.3058,
	21.0339 22.3041,
	21.0339 22.3035,
	21.0375 22.2993,
	21.0404 22.2941,
	21.0417 22.2918,
	21.0424 22.2912,
	21.0433 22.2886,
	21.044 22.2879,
	21.044 22.2873,
	21.0456 22.285,
	21.0466 22.284,
	21.0488 22.2787,
	21.0501 22.2761,
	21.0508 22.2752,
	21.0508 22.2745,
	21.0514 22.2739,
	21.0514 22.2732,
	21.0524 22.2719,
	21.0557 22.2618,
	21.0566 22.2605,
	21.0576 22.2579,
	21.0583 22.2573,
	21.0583 22.2567,
	21.0592 22.2557,
	21.0592 22.255,
	21.0638 22.2502,
	21.069 22.2476,
	21.0742 22.2463,
	21.0794 22.2459,
	21.0821 22.2459,
	21.0873 22.2476,
	21.0886 22.2479,
	21.0892 22.2485,
	21.0918 22.2492,
	21.0944 22.2508,
	21.0954 22.2518,
	21.0967 22.2521,
	21.0973 22.2531,
	21.098 22.2531,
	21.1022 22.2573,
	21.1071 22.2615,
	21.1087 22.2638,
	21.1093 22.2641,
	21.1093 22.2648,
	21.1116 22.2674,
	21.1132 22.27,
	21.1142 22.2713,
	21.1148 22.2716,
	21.1152 22.2729,
	21.1158 22.2732,
	21.1158 22.2739,
	21.1178 22.2761,
	21.1191 22.2774,
	21.1191 22.2782,
	21.1204 22.2794,
	21.1265 22.2889,
	21.1299 22.2938,
	21.1305 22.2944,
	21.1305 22.2951,
	21.1373 22.3041,
	21.1406 22.3087,
	21.1406 22.3093,
	21.1412 22.3093,
	21.1425 22.3116,
	21.1461 22.3162,
	21.1503 22.3213,
	21.1536 22.3262,
	21.1558 22.3286,
	21.1591 22.3331,
	21.1601 22.3357,
	21.1607 22.337,
	21.1607 22.3377,
	21.1614 22.338,
	21.1614 22.3393,
	21.162 22.3406,
	"/>
</Transform>

<Transform dim="0"
 xcoef=" 0 1 0 0 0 0"
 ycoef=" 0 0 1 0 0 0">
<Contour name="d13p16" hidden="false" closed="true" simplified="true" border="1 0 0" fill="1 0 0" mode="11"
 points="21.0856 22.4083,
	21.0618 22.3649,
	21.1092 22.3649,
	"/>
</Transform>

<Transform dim="0"
 xcoef=" 0 1 0 0 0 0"
 ycoef=" 0 0 1 0 0 0">
<Contour name="d61p38" hidden="false" closed="true" simplified="true" border="1 0 0" fill="1 0 0" mode="11"
 points="17.9925 19.1418,
	17.9747 19.109,
	18.0105 19.109,
	"/>
</Transform>

<Transform dim="0"
 xcoef=" 0 1 0 0 0 0"
 ycoef=" 0 0 1 0 0 0">
<Contour name="d61c38" hidden="false" closed="true" simplified="true" border="0 0 1" fill="0 0 1" mode="11"
 points="17.866 19.2792,
	17.8602 19.277,
	17.8551 19.2734,
	17.8537 19.2734,
	17.8442 19.2654,
	17.8428 19.2632,
	17.837 19.2573,
	17.8327 19.2523,
	17.8276 19.2414,
	17.8261 19.2407,
	17.8254 19.2378,
	17.824 19.2364,
	17.8159 19.2132,
	17.8108 19.1899,
	17.8072 19.1668,
	17.8065 19.1203,
	17.8065 19.1086,
	17.8065 19.1029,
	17.8065 19.1,
	17.8065 19.0985,
	17.8065 19.0978,
	17.8101 19.0746,
	17.8116 19.0688,
	17.813 19.0659,
	17.813 19.0629,
	17.8152 19.0571,
	17.8152 19.0542,
	17.8233 19.0311,
	17.824 19.0282,
	17.8261 19.0253,
	17.8261 19.0238,
	17.8276 19.0224,
	17.8298 19.0165,
	17.8334 19.0107,
	17.8385 19.0056,
	17.8428 19.002,
	17.8457 19.0006,
	17.8471 18.9991,
	17.8587 18.997,
	17.8645 18.9948,
	17.8704 18.9948,
	17.8762 18.9962,
	17.8813 18.9999,
	17.8842 19.002,
	17.8878 19.0071,
	17.89 19.0093,
	17.8907 19.0122,
	17.8943 19.0172,
	17.8943 19.0188,
	17.8957 19.0202,
	17.8957 19.0217,
	17.8979 19.0238,
	17.9052 19.047,
	17.9073 19.0586,
	17.9088 19.0644,
	17.9088 19.0703,
	17.9109 19.0819,
	17.9124 19.105,
	17.9124 19.1283,
	17.9124 19.1399,
	17.9109 19.1515,
	17.9102 19.1543,
	17.9088 19.1558,
	17.9088 19.1587,
	17.9044 19.1704,
	17.9037 19.1762,
	17.9052 19.1878,
	17.9073 19.2342,
	17.9088 19.2573,
	17.9088 19.2632,
	17.9052 19.2683,
	17.9023 19.2712,
	17.8994 19.2719,
	17.8979 19.2734,
	17.8921 19.2748,
	17.8863 19.2784,
	17.8748 19.2792,
	"/>
</Transform>

<Transform dim="0"
 xcoef=" 0 1 0 0 0 0"
 ycoef=" 0 0 1 0 0 0">
<Contour name="d04cfa38" hidden="false" closed="false" simplified="true" border="1 0 0" fill="1 0 0" mode="11"
 points="18.5559 26.4494,
	18.5547 26.4555,
	18.5481 26.4766,
	18.5426 26.4922,
	18.5365 26.5133,
	18.5305 26.5362,
	18.5257 26.5658,
	18.5245 26.5953,
	18.5239 26.6278,
	18.5263 26.6532,
	18.5341 26.6827,
	"/>
</Transform>

<Transform dim="0"
 xcoef=" 0 1 0 0 0 0"
 ycoef=" 0 0 1 0 0 0">
<Contour name="d61cfa38" hidden="false" closed="false" simplified="true" border="0 1 0" fill="1 0 0" mode="11"
 points="17.8917 19.0113,
	17.8881 19.0237,
	17.8809 19.0462,
	17.8751 19.0709,
	17.87 19.1064,
	17.8693 19.1376,
	17.8707 19.1724,
	17.8758 19.2036,
	17.8881 19.2486,
	17.8975 19.274,
	"/>
</Transform>

<Transform dim="0"
 xcoef=" 0 1 0 0 0 0"
 ycoef=" 0 0 1 0 0 0">
<Contour name="d63p35" hidden="false" closed="true" simplified="false" border="1 0 0" fill="1 0 0" mode="-13"
 points="9.59771 15.0386,
	9.58062 15.0215,
	9.59771 15.0044,
	9.6148 15.0215,
	"/>
</Transform>

<Transform dim="0"
 xcoef=" 0 1 0 0 0 0"
 ycoef=" 0 0 1 0 0 0">
<Contour name="d63cfa35" hidden="false" closed="false" simplified="false" border="0 1 0" fill="1 0.5 0" mode="11"
 points="9.62175 14.5121,
	9.62175 14.5144,
	9.62932 14.5414,
	9.63878 14.5783,
	9.65013 14.618,
	9.6596 14.662,
	9.67805 14.7094,
	"/>
</Transform>

<Transform dim="0"
 xcoef=" 0 1 0 0 0 0"
 ycoef=" 0 0 1 0 0 0">
<Contour name="d63sp35" hidden="false" closed="true" simplified="true" border="1 0 0" fill="1 0 0" mode="11"
 points="9.38263 14.7411,
	9.38563 14.7351,
	9.38788 14.7321,
	9.38788 14.7306,
	9.39687 14.7194,
	9.39837 14.7179,
	9.40287 14.7059,
	9.40362 14.6939,
	9.40812 14.6699,
	9.41036 14.6459,
	9.41111 14.6339,
	9.41186 14.6279,
	9.41186 14.6264,
	9.41336 14.6249,
	9.41411 14.6189,
	9.41486 14.6159,
	9.41711 14.6129,
	9.41711 14.6114,
	9.42611 14.6002,
	9.42761 14.5987,
	9.42911 14.5987,
	9.43136 14.5957,
	9.4426 14.5875,
	9.44785 14.5822,
	9.45085 14.5792,
	9.45459 14.5732,
	9.45609 14.5717,
	9.45684 14.5687,
	9.45909 14.5657,
	9.46359 14.5537,
	9.46584 14.5477,
	9.46659 14.5417,
	9.46884 14.5357,
	9.46884 14.5327,
	9.47034 14.5297,
	9.47409 14.5057,
	9.47633 14.4997,
	9.47708 14.4937,
	9.47933 14.4877,
	9.48008 14.4818,
	9.48158 14.4803,
	9.48233 14.4743,
	9.48683 14.4623,
	9.48908 14.4563,
	9.49358 14.4503,
	9.49358 14.4488,
	9.49957 14.4443,
	9.50107 14.4428,
	9.50257 14.4428,
	9.50482 14.4405,
	9.51682 14.436,
	9.52281 14.4353,
	9.53481 14.4315,
	9.5588 14.43,
	9.58278 14.4308,
	9.58578 14.4323,
	9.59778 14.4338,
	9.60977 14.4375,
	9.61502 14.4428,
	9.61502 14.4443,
	9.61652 14.4458,
	9.61652 14.4473,
	9.61802 14.4488,
	9.62027 14.4548,
	9.62102 14.4608,
	9.62551 14.4728,
	9.62701 14.4788,
	9.63001 14.4848,
	9.63076 14.4907,
	9.63451 14.5027,
	9.63676 14.5147,
	9.64126 14.5267,
	9.64126 14.5297,
	9.6465 14.5417,
	9.64725 14.5447,
	9.64725 14.5462,
	9.64875 14.5477,
	9.6555 14.5717,
	9.657 14.5777,
	9.657 14.5837,
	9.65775 14.5867,
	9.65775 14.5882,
	9.65925 14.5897,
	9.65925 14.5927,
	9.66075 14.5942,
	9.6645 14.6182,
	9.66824 14.6302,
	9.66974 14.6332,
	9.67124 14.6339,
	9.67124 14.6354,
	9.67274 14.6369,
	9.67349 14.6399,
	9.67574 14.6429,
	9.67574 14.6444,
	9.67724 14.6459,
	9.67799 14.6519,
	9.67949 14.6549,
	9.67949 14.6564,
	9.68099 14.6579,
	9.68099 14.6609,
	9.68923 14.6849,
	9.69298 14.6969,
	9.69448 14.7089,
	9.69448 14.7149,
	9.69523 14.7179,
	9.69523 14.7194,
	9.68474 14.7291,
	9.68324 14.7321,
	9.67274 14.7434,
	9.67199 14.7464,
	9.67049 14.7471,
	9.67049 14.7486,
	9.66824 14.7516,
	9.66375 14.7636,
	9.66225 14.7696,
	9.66225 14.7756,
	9.66 14.7876,
	9.65925 14.8356,
	9.65925 14.8416,
	9.66075 14.8476,
	9.66075 14.8506,
	9.66225 14.8536,
	9.66225 14.8566,
	9.66375 14.8596,
	9.66375 14.8611,
	9.66525 14.8626,
	9.6675 14.8686,
	9.6675 14.8716,
	9.67124 14.8768,
	9.67274 14.8783,
	9.67349 14.8813,
	9.68249 14.8918,
	9.68174 14.8933,
	9.67874 14.8926,
	9.67574 14.8903,
	9.67274 14.8903,
	9.66974 14.8888,
	9.64576 14.8866,
	9.63376 14.8866,
	9.62776 14.8866,
	9.61577 14.8903,
	9.61427 14.8918,
	9.60827 14.8941,
	9.60677 14.8941,
	9.59478 14.9008,
	9.59178 14.9031,
	9.59028 14.9046,
	9.58878 14.9046,
	9.57829 14.9143,
	9.57529 14.9158,
	9.57304 14.9188,
	9.57004 14.9203,
	9.56479 14.9255,
	9.56329 14.9255,
	9.56104 14.9285,
	9.5498 14.936,
	9.54455 14.9398,
	9.54305 14.9398,
	9.54155 14.9413,
	9.53631 14.9435,
	9.53031 14.9473,
	9.52731 14.9488,
	9.51532 14.9593,
	9.50932 14.9645,
	9.50857 14.9585,
	9.51232 14.9345,
	9.51382 14.9225,
	9.51382 14.9106,
	9.51382 14.9046,
	9.51307 14.9016,
	9.51307 14.9001,
	9.51082 14.8978,
	9.51082 14.8963,
	9.50557 14.8926,
	9.48158 14.8851,
	9.47558 14.8836,
	9.47259 14.8828,
	9.46734 14.8776,
	9.46659 14.8746,
	9.46659 14.8731,
	9.46509 14.8723,
	9.46434 14.8483,
	9.46359 14.8423,
	9.46134 14.8363,
	9.46059 14.8333,
	9.46059 14.8318,
	9.45909 14.8303,
	9.45684 14.8243,
	9.4486 14.8131,
	9.44635 14.8101,
	9.44035 14.8071,
	9.42836 14.8041,
	9.42536 14.8034,
	9.42386 14.8019,
	9.41786 14.7996,
	9.41486 14.7996,
	9.40887 14.7966,
	9.40737 14.7951,
	9.40437 14.7944,
	9.39912 14.7891,
	9.39762 14.7869,
	9.39462 14.7839,
	9.39312 14.7824,
	9.39237 14.7794,
	9.38937 14.7764,
	9.38788 14.7704,
	9.38788 14.7674,
	9.38638 14.7659,
	9.38413 14.7539,
	9.38263 14.7479,
	9.38263 14.7419,
	"/>
</Transform>

<Transform dim="0"
 xcoef=" 0 1 0 0 0 0"
 ycoef=" 0 0 1 0 0 0">
<Contour name="d63c35" hidden="false" closed="true" simplified="true" border="0 0 1" fill="0 0 1" mode="11"
 points="9.5946 14.5446,
	9.5967 14.5334,
	9.5967 14.532,
	9.5981 14.5313,
	9.60019 14.5258,
	9.60159 14.523,
	9.60649 14.5181,
	9.61138 14.5146,
	9.61697 14.5097,
	9.61977 14.5069,
	9.62116 14.5055,
	9.62256 14.5055,
	9.62815 14.5006,
	9.63305 14.4978,
	9.63374 14.4964,
	9.63934 14.4957,
	9.65052 14.4908,
	9.6617 14.488,
	9.66729 14.4859,
	9.67848 14.4852,
	9.68407 14.4852,
	9.68966 14.4866,
	9.69525 14.4901,
	9.69805 14.4922,
	9.70434 14.5027,
	9.70923 14.5139,
	9.70993 14.5195,
	9.71412 14.5306,
	9.71622 14.553,
	9.71692 14.5642,
	9.71832 14.5698,
	9.71832 14.5754,
	9.71972 14.581,
	9.71972 14.5866,
	9.72181 14.5977,
	9.72181 14.6033,
	9.7288 14.6257,
	9.7337 14.6481,
	9.73439 14.6704,
	9.73439 14.6732,
	9.7288 14.6844,
	9.70714 14.7026,
	9.70574 14.7026,
	9.70154 14.7068,
	9.69595 14.7117,
	9.69036 14.7152,
	9.67918 14.7173,
	9.67359 14.718,
	9.67079 14.7187,
	9.66939 14.7201,
	9.6666 14.7201,
	9.661 14.7222,
	9.65541 14.7222,
	9.64423 14.718,
	9.63864 14.7159,
	9.63305 14.7124,
	9.63165 14.7124,
	9.62676 14.7075,
	9.62536 14.7075,
	9.61977 14.7019,
	9.61767 14.6998,
	9.61767 14.6984,
	9.61627 14.697,
	9.61347 14.6858,
	9.61208 14.6802,
	9.61208 14.6746,
	9.61068 14.669,
	9.60998 14.6579,
	9.5995 14.6131,
	9.5967 14.6019,
	9.5953 14.5908,
	9.5946 14.546,
	9.5946 14.5453,
	"/>
</Transform>

<Transform dim="0"
 xcoef=" 0 1 0 0 0 0"
 ycoef=" 0 0 1 0 0 0">
<Contour name="d61serb38" hidden="false" closed="true" simplified="false" border="1 1 0" fill="0 1 0" mode="11"
 points="17.9432 19.2099,
	17.9432 19.2003,
	17.9528 19.2003,
	17.9528 19.1907,
	17.9624 19.1907,
	17.9624 19.2003,
	17.972 19.2003,
	17.972 19.2099,
	17.9624 19.2099,
	17.9624 19.2195,
	17.9528 19.2195,
	17.9528 19.2099,
	"/>
</Transform>

<Transform dim="0"
 xcoef=" 0 1 0 0 0 0"
 ycoef=" 0 0 1 0 0 0">
<Contour name="D63" hidden="false" closed="true" simplified="true" border="0 0 1" fill="0 0 1" mode="11"
 points="9.51019 15.7447,
	9.49571 15.7422,
	9.48189 15.7365,
	9.46921 15.7277,
	9.45816 15.7163,
	9.44911 15.7025,
	9.44241 15.6869,
	9.4369 15.6527,
	9.43829 15.6353,
	9.44241 15.6185,
	9.44911 15.6029,
	9.45816 15.5891,
	9.46921 15.5777,
	9.48189 15.5689,
	9.49571 15.5631,
	9.51019 15.5606,
	9.52481 15.5615,
	9.53903 15.5657,
	9.55234 15.573,
	9.56425 15.5831,
	9.57435 15.5957,
	9.58226 15.6104,
	9.5877 15.6268,
	9.59047 15.6439,
	9.59047 15.6615,
	9.5877 15.6787,
	9.58226 15.6949,
	9.57435 15.7097,
	9.56425 15.7223,
	9.55234 15.7325,
	9.53903 15.7397,
	9.52481 15.7439,
	"/>
</Transform>

<Transform dim="0"
 xcoef=" 0 1 0 0 0 0"
 ycoef=" 0 0 1 0 0 0">
<Contour name="d63_zlenguideline2" hidden="false" closed="true" simplified="true" border="0 1 0" fill="1 0 0" mode="11"
 points="9.3786 15.4971,
	9.3794 15.4796,
	9.38179 15.4622,
	9.38576 15.445,
	9.39128 15.4282,
	9.3983 15.4119,
	9.40679 15.3961,
	9.41667 15.3811,
	9.42789 15.3669,
	9.44036 15.3536,
	9.45399 15.3413,
	9.4687 15.3301,
	9.48437 15.3201,
	9.50089 15.3113,
	9.51816 15.3038,
	9.53605 15.2977,
	9.55443 15.293,
	9.57317 15.2897,
	9.59215 15.2879,
	9.61123 15.2875,
	9.63028 15.2886,
	9.64916 15.2912,
	9.66774 15.2952,
	9.68589 15.3006,
	9.70348 15.3074,
	9.72039 15.3155,
	9.7365 15.325,
	9.75171 15.3356,
	9.76589 15.3473,
	9.77895 15.3601,
	9.7908 15.3739,
	9.80137 15.3885,
	9.81056 15.4039,
	9.81832 15.42,
	9.8246 15.4365,
	9.82934 15.4535,
	9.83253 15.4709,
	9.83412 15.4884,
	9.83412 15.5059,
	9.83253 15.5234,
	9.82934 15.5407,
	9.8246 15.5577,
	9.81832 15.5743,
	9.81056 15.5904,
	9.80137 15.6058,
	9.7908 15.6204,
	9.77895 15.6342,
	9.76589 15.647,
	9.75171 15.6587,
	9.7365 15.6693,
	9.72039 15.6787,
	9.70348 15.6869,
	9.68589 15.6937,
	9.66774 15.6991,
	9.64916 15.7031,
	9.63028 15.7057,
	9.61123 15.7068,
	9.59215 15.7064,
	9.57317 15.7046,
	9.55443 15.7013,
	9.53605 15.6966,
	9.51816 15.6904,
	9.50089 15.683,
	9.48437 15.6742,
	9.4687 15.6642,
	9.45399 15.653,
	9.44036 15.6407,
	9.42789 15.6274,
	9.41667 15.6132,
	9.40679 15.5982,
	9.3983 15.5824,
	9.39128 15.5661,
	9.38576 15.5493,
	9.38179 15.5321,
	"/>
</Transform>

<Transform dim="0"
 xcoef=" 0 1 0 0 0 0"
 ycoef=" 0 0 1 0 0 0">
<Contour name="d61" comment="dch_traced_06.2019" hidden="false" closed="true" simplified="true" border="1 1 0" fill="1 1 0" mode="11"
 points="17.8622 19.1137,
	17.8704 19.0812,
	17.8764 19.065,
	17.8764 19.0568,
	17.8825 19.0406,
	17.8846 18.9756,
	17.8907 18.9431,
	17.8907 18.9349,
	17.8947 18.9268,
	17.8968 18.9106,
	17.9008 18.9024,
	17.9029 18.8862,
	17.9557 18.8232,
	17.978 18.7907,
	17.9963 18.7582,
	18.0065 18.7257,
	18.0105 18.7094,
	18.0105 18.6444,
	18.0166 18.5794,
	18.0187 18.5631,
	18.0248 18.5469,
	18.0248 18.5388,
	18.043 18.4737,
	18.0471 18.4656,
	18.0532 18.4331,
	18.0634 18.4006,
	18.0776 18.3356,
	18.0857 18.3031,
	18.104 18.2706,
	18.1263 18.2381,
	18.1406 18.2239,
	18.1568 18.2137,
	18.1609 18.2096,
	18.1771 18.2056,
	18.2096 18.2076,
	18.2421 18.2137,
	18.2746 18.2279,
	18.3397 18.2706,
	18.3701 18.297,
	18.4697 18.427,
	18.5225 18.492,
	18.5469 18.5245,
	18.6058 18.5896,
	18.6302 18.6221,
	18.6444 18.6383,
	18.6911 18.7033,
	18.7054 18.7196,
	18.7216 18.7318,
	18.7501 18.7643,
	18.7765 18.7927,
	18.8069 18.8252,
	18.8334 18.8577,
	18.8435 18.8902,
	18.8435 18.9065,
	18.8537 18.939,
	18.8598 18.9552,
	18.8862 18.9837,
	18.8943 18.9999,
	18.8984 19.0081,
	18.8963 19.0406,
	18.8963 19.0568,
	18.8659 19.1869,
	18.8496 19.2519,
	18.8435 19.2844,
	18.8415 19.3494,
	18.8415 19.3819,
	18.8415 19.3981,
	18.8537 19.4632,
	18.8537 19.4957,
	18.8476 19.5282,
	18.8354 19.5607,
	18.8232 19.5769,
	18.8069 19.5932,
	18.7907 19.6054,
	18.7582 19.6237,
	18.7257 19.6379,
	18.7094 19.6379,
	18.6932 19.6338,
	18.6769 19.6196,
	18.6647 19.6033,
	18.6607 19.5993,
	18.6586 19.5668,
	18.6586 19.5505,
	18.6668 19.518,
	18.6729 19.5018,
	18.6749 19.4693,
	18.6729 19.453,
	18.6342 19.388,
	18.618 19.3555,
	18.6078 19.323,
	18.5997 19.3067,
	18.5692 19.2783,
	18.5367 19.26,
	18.5042 19.2539,
	18.4392 19.2539,
	18.4067 19.258,
	18.3986 19.262,
	18.3905 19.262,
	18.3579 19.2742,
	18.3254 19.2722,
	18.2604 19.26,
	18.2279 19.258,
	18.2117 19.26,
	18.1954 19.2661,
	18.1873 19.2702,
	18.1771 19.2864,
	18.167 19.3514,
	18.167 19.3595,
	18.1548 19.3921,
	18.1324 19.4246,
	18.1162 19.4367,
	18.0999 19.4428,
	18.0837 19.4449,
	18.0674 19.4428,
	18.0349 19.4307,
	17.9719 19.3839,
	17.9394 19.3514,
	17.913 19.3209,
	17.8927 19.2884,
	17.8785 19.2559,
	17.8643 19.1909,
	17.8622 19.1259,
	17.8622 19.1178,
	17.8622 19.1157,
	"/>
</Transform>

</Section>