<?xml version="1.0"?>
<!DOCTYPE Section SYSTEM "section.dtd">

<Section index="122" thickness="0.047" alignLocked="true">
<Transform dim="0"
 xcoef=" 0 1 0 0 0 0"
 ycoef=" 0 0 1 0 0 0">
<Image mag="0.002066" contrast="1.77525" brightness="-0.18" red="true" green="true" blue="true"
 src="123____z6.025.jpg" />
<Contour name="domain1" hidden="false" closed="true" simplified="false" border="1 0 1" fill="1 0 1" mode="11"
 points="0 0,
	17608 0,
	17608 16967,
	0 16967,
	"/>
</Transform>

<Transform dim="0"
 xcoef=" 0 1 0 0 0 0"
 ycoef=" 0 0 1 0 0 0">
<Contour name="D04" hidden="false" closed="true" simplified="true" border="0 0 1" fill="0 0 1" mode="11"
 points="18.2818 27.5135,
	18.222 27.5051,
	18.1681 27.4809,
	18.1253 27.4431,
	18.0883 27.3427,
	18.0977 27.2899,
	18.1253 27.2423,
	18.1681 27.2045,
	18.222 27.1803,
	18.2818 27.172,
	18.3416 27.1803,
	18.3957 27.2045,
	18.4384 27.2423,
	18.4659 27.2899,
	18.4754 27.3427,
	18.4659 27.3954,
	18.4384 27.4431,
	18.3957 27.4809,
	18.3416 27.5051,
	"/>
</Transform>

<Transform dim="0"
 xcoef=" 0 1 0 0 0 0"
 ycoef=" 0 0 1 0 0 0">
<Contour name="D13" hidden="false" closed="true" simplified="true" border="0 0 1" fill="0 0 1" mode="11"
 points="20.6236 20.8844,
	20.5638 20.8766,
	20.5098 20.854,
	20.467 20.8187,
	20.43 20.725,
	20.4395 20.6757,
	20.467 20.6313,
	20.5098 20.596,
	20.5638 20.5734,
	20.6236 20.5656,
	20.6834 20.5734,
	20.7373 20.596,
	20.7801 20.6313,
	20.8077 20.6757,
	20.8171 20.725,
	20.8077 20.7743,
	20.7801 20.8187,
	20.7373 20.854,
	20.6834 20.8766,
	"/>
</Transform>

<Transform dim="0"
 xcoef=" 0 1 0 0 0 0"
 ycoef=" 0 0 1 0 0 0">
<Contour name="D51" hidden="false" closed="true" simplified="true" border="0 0 1" fill="0 0 1" mode="11"
 points="9.55265 22.9491,
	9.4979 22.9414,
	9.44845 22.9192,
	9.40917 22.8845,
	9.37533 22.7925,
	9.38396 22.7442,
	9.40917 22.7005,
	9.44845 22.666,
	9.4979 22.6437,
	9.55265 22.636,
	9.60747 22.6437,
	9.65692 22.666,
	9.69621 22.7005,
	9.72135 22.7442,
	9.73005 22.7925,
	9.72135 22.8409,
	9.69621 22.8845,
	9.65692 22.9192,
	9.60747 22.9414,
	"/>
</Transform>

<Transform dim="0"
 xcoef=" 0 1 0 0 0 0"
 ycoef=" 0 0 1 0 0 0">
<Contour name="D08" hidden="false" closed="true" simplified="true" border="0 0 1" fill="0 0 1" mode="11"
 points="7.67656 25.4349,
	7.61322 25.4271,
	7.55609 25.4045,
	7.51076 25.3692,
	7.47162 25.2755,
	7.48165 25.2263,
	7.51076 25.1818,
	7.55609 25.1465,
	7.61322 25.1239,
	7.67656 25.1162,
	7.73989 25.1239,
	7.79702 25.1465,
	7.84235 25.1818,
	7.87146 25.2263,
	7.88149 25.2755,
	7.87146 25.3248,
	7.84235 25.3692,
	7.79702 25.4045,
	7.73989 25.4271,
	"/>
</Transform>

<Transform dim="0"
 xcoef=" 0 1 0 0 0 0"
 ycoef=" 0 0 1 0 0 0">
<Contour name="D61" hidden="false" closed="true" simplified="true" border="0 0 1" fill="0 0 1" mode="11"
 points="15.6871 16.7558,
	15.6647 16.7526,
	15.6435 16.7446,
	15.6251 16.732,
	15.6102 16.7158,
	15.5998 16.6966,
	15.5938 16.6649,
	15.5965 16.6435,
	15.6044 16.6234,
	15.6172 16.6055,
	15.6339 16.591,
	15.6538 16.5806,
	15.6758 16.575,
	15.6985 16.5743,
	15.7208 16.5788,
	15.7412 16.588,
	15.759 16.6015,
	15.7727 16.6186,
	15.7819 16.6383,
	15.7859 16.6595,
	15.7846 16.681,
	15.7779 16.7016,
	15.7664 16.7201,
	15.7505 16.7356,
	15.7313 16.747,
	15.7098 16.7539,
	"/>
</Transform>

<Transform dim="0"
 xcoef=" 0 1 0 0 0 0"
 ycoef=" 0 0 1 0 0 0">
<Contour name="D63" hidden="false" closed="true" simplified="true" border="0 0 1" fill="0 0 1" mode="11"
 points="7.09515 16.9873,
	7.08067 16.9848,
	7.06685 16.9791,
	7.05418 16.9703,
	7.04312 16.9589,
	7.03408 16.9451,
	7.02737 16.9295,
	7.02186 16.8953,
	7.02325 16.8779,
	7.02737 16.8611,
	7.03408 16.8455,
	7.04312 16.8317,
	7.05418 16.8203,
	7.06685 16.8114,
	7.08067 16.8057,
	7.09515 16.8032,
	7.10977 16.8041,
	7.12399 16.8082,
	7.1373 16.8156,
	7.14922 16.8257,
	7.15932 16.8383,
	7.16722 16.853,
	7.17266 16.8694,
	7.17543 16.8865,
	7.17543 16.904,
	7.17266 16.9213,
	7.16722 16.9375,
	7.15932 16.9522,
	7.14922 16.9649,
	7.1373 16.9751,
	7.12399 16.9823,
	7.10977 16.9865,
	"/>
</Transform>

<Transform dim="0"
 xcoef=" 0 1 0 0 0 0"
 ycoef=" 0 0 1 0 0 0">
<Contour name="D26" hidden="false" closed="true" simplified="true" border="0 0 1" fill="0 0 1" mode="11"
 points="15.6413 29.2322,
	15.5745 29.2244,
	15.5142 29.2018,
	15.4663 29.1665,
	15.4251 29.0728,
	15.4356 29.0235,
	15.4663 28.9791,
	15.5142 28.9438,
	15.5745 28.9212,
	15.6413 28.9134,
	15.7082 28.9212,
	15.7685 28.9438,
	15.8164 28.9791,
	15.847 29.0235,
	15.8577 29.0728,
	15.847 29.1221,
	15.8164 29.1665,
	15.7685 29.2018,
	15.7082 29.2244,
	"/>
</Transform>

<Transform dim="0"
 xcoef=" 0 1 0 0 0 0"
 ycoef=" 0 0 1 0 0 0">
<Contour name="D16" hidden="false" closed="true" simplified="true" border="1 0 0" fill="1 0 0" mode="11"
 points="21.3805 25.5096,
	21.3278 25.5018,
	21.2802 25.4791,
	21.2424 25.4438,
	21.2097 25.3502,
	21.2181 25.301,
	21.2424 25.2565,
	21.2802 25.2213,
	21.3278 25.1986,
	21.3805 25.1908,
	21.4333 25.1986,
	21.4809 25.2213,
	21.5187 25.2565,
	21.5429 25.301,
	21.5513 25.3502,
	21.5429 25.3995,
	21.5187 25.4438,
	21.4809 25.4791,
	21.4333 25.5018,
	"/>
</Transform>

<Transform dim="0"
 xcoef=" 0 1 0 0 0 0"
 ycoef=" 0 0 1 0 0 0">
<Contour name="d51" hidden="false" closed="true" simplified="true" border="0 0 0" fill="0 0 0" mode="11"
 points="9.45807 23.2962,
	9.41963 23.295,
	9.38239 23.2817,
	9.38119 23.2793,
	9.37278 23.2757,
	9.35476 23.2626,
	9.34875 23.2542,
	9.34514 23.2494,
	9.34155 23.2109,
	9.34034 23.1724,
	9.34034 23.1533,
	9.33914 23.1437,
	9.32953 23.1244,
	9.32592 23.1196,
	9.32353 23.1172,
	9.32353 23.1148,
	9.3067 23.1016,
	9.2983 23.0943,
	9.29589 23.0943,
	9.28748 23.0859,
	9.28268 23.0847,
	9.24784 23.0572,
	9.23943 23.05,
	9.23703 23.0451,
	9.23223 23.0403,
	9.22021 23.0223,
	9.22021 23.0199,
	9.2082 23.0031,
	9.20099 22.9934,
	9.19859 22.9934,
	9.19618 22.9886,
	9.18898 22.9826,
	9.15173 22.9587,
	9.13612 22.943,
	9.13371 22.943,
	9.1157 22.9262,
	9.09768 22.913,
	9.08926 22.907,
	9.07004 22.9021,
	9.05082 22.9009,
	9.0316 22.8973,
	9.02199 22.8949,
	9.01719 22.8925,
	9.01238 22.8925,
	9.00757 22.8901,
	9.00277 22.8853,
	8.99916 22.8829,
	8.99075 22.8745,
	8.98715 22.8709,
	8.98715 22.8685,
	8.97033 22.8517,
	8.96193 22.8433,
	8.95352 22.8265,
	8.94991 22.8217,
	8.94871 22.8169,
	8.9463 22.8145,
	8.94511 22.8048,
	8.9403 22.7952,
	8.93669 22.776,
	8.93669 22.758,
	8.93669 22.7568,
	8.9415 22.7376,
	8.9463 22.6991,
	8.95111 22.6799,
	8.95352 22.6703,
	8.95352 22.6655,
	8.95592 22.6631,
	8.95592 22.6583,
	8.97154 22.6199,
	8.98115 22.6018,
	8.98715 22.5922,
	8.99075 22.5826,
	8.99436 22.5778,
	8.99557 22.5682,
	8.99796 22.5657,
	9.00157 22.5562,
	9.00397 22.5514,
	9.00397 22.5466,
	9.01238 22.5274,
	9.01838 22.5081,
	9.02079 22.5033,
	9.02199 22.4937,
	9.02319 22.4889,
	9.0256 22.4865,
	9.0304 22.4672,
	9.03761 22.4588,
	9.03881 22.4541,
	9.05563 22.4373,
	9.06404 22.4289,
	9.07124 22.4229,
	9.08687 22.406,
	9.10248 22.3928,
	9.11209 22.3844,
	9.1205 22.3784,
	9.13852 22.3591,
	9.13852 22.3567,
	9.14693 22.3472,
	9.14813 22.3424,
	9.15534 22.334,
	9.15534 22.3316,
	9.16254 22.3255,
	9.16495 22.3207,
	9.17336 22.3123,
	9.19138 22.3003,
	9.19979 22.2931,
	9.20219 22.2931,
	9.207 22.2895,
	9.2082 22.2871,
	9.213 22.2859,
	9.21781 22.2823,
	9.23703 22.2811,
	9.24664 22.2811,
	9.26586 22.2847,
	9.28508 22.2907,
	9.3043 22.2931,
	9.31392 22.2943,
	9.33314 22.3015,
	9.33553 22.3015,
	9.35476 22.3135,
	9.35956 22.3159,
	9.36197 22.3183,
	9.36677 22.3195,
	9.3848 22.334,
	9.3932 22.34,
	9.41242 22.3436,
	9.4845 22.3436,
	9.49412 22.3484,
	9.50252 22.3555,
	9.50613 22.3603,
	9.50853 22.3603,
	9.51694 22.3687,
	9.51934 22.3699,
	9.51934 22.3723,
	9.53736 22.388,
	9.54697 22.3952,
	9.56259 22.4108,
	9.56499 22.4108,
	9.57821 22.4241,
	9.59502 22.4409,
	9.59743 22.4445,
	9.60223 22.4481,
	9.60343 22.4529,
	9.61905 22.4672,
	9.63707 22.4829,
	9.64548 22.4901,
	9.64909 22.4937,
	9.65149 22.4937,
	9.68632 22.525,
	9.70314 22.5418,
	9.71636 22.5573,
	9.72957 22.5754,
	9.72957 22.5778,
	9.73438 22.5826,
	9.73678 22.5874,
	9.74519 22.5958,
	9.7512 22.6054,
	9.75841 22.6247,
	9.76322 22.6439,
	9.76322 22.6535,
	9.76561 22.6583,
	9.76561 22.6631,
	9.76802 22.6679,
	9.77283 22.7063,
	9.77522 22.716,
	9.78003 22.7256,
	9.78003 22.7304,
	9.78603 22.7496,
	9.78844 22.7688,
	9.78724 22.8073,
	9.78244 22.8169,
	9.77642 22.8361,
	9.77522 22.8409,
	9.77283 22.8433,
	9.76681 22.8626,
	9.76681 22.8649,
	9.76441 22.8673,
	9.76322 22.8769,
	9.7572 22.8961,
	9.75361 22.9154,
	9.74759 22.9346,
	9.74639 22.9539,
	9.74159 22.973,
	9.73558 22.9826,
	9.72597 22.9886,
	9.72117 22.991,
	9.71876 22.991,
	9.71636 22.9934,
	9.71156 22.9946,
	9.70434 23.0031,
	9.69594 23.0223,
	9.68753 23.0608,
	9.68632 23.0656,
	9.67191 23.0811,
	9.66951 23.0847,
	9.6647 23.0883,
	9.65389 23.1076,
	9.65268 23.1172,
	9.64187 23.1557,
	9.64187 23.1581,
	9.63948 23.1605,
	9.63587 23.1701,
	9.62746 23.1796,
	9.62506 23.1844,
	9.62265 23.1868,
	9.62026 23.1868,
	9.60464 23.2037,
	9.58902 23.2169,
	9.5806 23.2229,
	9.5758 23.2277,
	9.57099 23.2289,
	9.5662 23.2337,
	9.55658 23.2398,
	9.55177 23.2434,
	9.54938 23.2458,
	9.54697 23.2458,
	9.53857 23.253,
	9.52896 23.2578,
	9.52535 23.2614,
	9.52054 23.2626,
	9.51093 23.2686,
	9.50853 23.271,
	9.50613 23.271,
	9.50252 23.2745,
	9.49772 23.2757,
	9.47969 23.2878,
	9.4773 23.2878,
	9.47489 23.2902,
	9.47249 23.2902,
	9.46768 23.2938,
	"/>
</Transform>

<Transform dim="0"
 xcoef=" 0 1 0 0 0 0"
 ycoef=" 0 0 1 0 0 0">
<Contour name="d04" hidden="false" closed="true" simplified="true" border="0 0 0" fill="0 0 0" mode="11"
 points="18.1853 27.8623,
	18.1413 27.8609,
	18.1303 27.8568,
	18.1248 27.8568,
	18.1139 27.8513,
	18.1084 27.8499,
	18.0863 27.8361,
	18.0836 27.8334,
	18.0808 27.8334,
	18.074 27.8265,
	18.0533 27.8224,
	18.0314 27.821,
	18.0204 27.8224,
	18.0093 27.8265,
	17.9874 27.8279,
	17.9654 27.8265,
	17.9434 27.821,
	17.9379 27.821,
	17.9324 27.8169,
	17.9117 27.8087,
	17.9062 27.8073,
	17.9007 27.8032,
	17.8802 27.7949,
	17.8692 27.7907,
	17.8636 27.7866,
	17.8581 27.7852,
	17.8526 27.7811,
	17.832 27.7729,
	17.8211 27.7647,
	17.8127 27.7537,
	17.8004 27.733,
	17.7908 27.7234,
	17.788 27.7193,
	17.766 27.6972,
	17.7468 27.6794,
	17.7413 27.678,
	17.7399 27.6753,
	17.7372 27.6753,
	17.7344 27.6725,
	17.6904 27.6712,
	17.6795 27.6712,
	17.6574 27.6657,
	17.6519 27.6657,
	17.63 27.6575,
	17.6272 27.6547,
	17.6216 27.6533,
	17.612 27.645,
	17.5997 27.6244,
	17.5956 27.6025,
	17.5915 27.5159,
	17.5915 27.5145,
	17.5983 27.5048,
	17.6093 27.4979,
	17.6134 27.4938,
	17.6161 27.4842,
	17.6161 27.4402,
	17.6203 27.4182,
	17.623 27.4072,
	17.63 27.3962,
	17.6327 27.3948,
	17.6327 27.3921,
	17.6464 27.3715,
	17.6505 27.3604,
	17.6574 27.3495,
	17.6601 27.3385,
	17.6629 27.3357,
	17.6684 27.2917,
	17.6684 27.2477,
	17.6711 27.2258,
	17.6781 27.2037,
	17.6808 27.1941,
	17.6836 27.1886,
	17.6863 27.1859,
	17.6863 27.1832,
	17.7069 27.1638,
	17.7124 27.1625,
	17.722 27.1556,
	17.7276 27.1515,
	17.7344 27.1446,
	17.7427 27.1337,
	17.7495 27.1268,
	17.7523 27.1268,
	17.7743 27.1089,
	17.8114 27.0773,
	17.8211 27.069,
	17.8252 27.0649,
	17.8265 27.0621,
	17.8307 27.0608,
	17.8348 27.0566,
	17.8458 27.0566,
	17.8567 27.0621,
	17.8678 27.0649,
	17.8705 27.0676,
	17.8925 27.0773,
	17.8939 27.0801,
	17.9048 27.0814,
	17.9269 27.0897,
	17.9488 27.091,
	17.9654 27.091,
	17.9764 27.0869,
	17.9874 27.0856,
	17.9983 27.0801,
	18.0204 27.0731,
	18.0231 27.0731,
	18.0245 27.0704,
	18.0355 27.0676,
	18.0754 27.0388,
	18.0959 27.0236,
	18.1001 27.0195,
	18.1028 27.0195,
	18.107 27.014,
	18.1125 27.0126,
	18.1482 26.9797,
	18.1579 26.97,
	18.162 26.9659,
	18.1634 26.9618,
	18.1675 26.959,
	18.1839 26.9385,
	18.1935 26.9288,
	18.2004 26.9205,
	18.2115 26.9109,
	18.2115 26.9082,
	18.2266 26.8903,
	18.2266 26.8876,
	18.2334 26.8779,
	18.2375 26.8724,
	18.2403 26.871,
	18.2403 26.8683,
	18.2458 26.8628,
	18.2527 26.8532,
	18.2527 26.8505,
	18.2596 26.8395,
	18.2678 26.8174,
	18.2747 26.8078,
	18.2788 26.8051,
	18.2857 26.7941,
	18.2884 26.7914,
	18.2884 26.7886,
	18.2939 26.783,
	18.2966 26.7775,
	18.3022 26.7748,
	18.305 26.7748,
	18.3105 26.7707,
	18.3985 26.7693,
	18.4424 26.7707,
	18.4644 26.7721,
	18.4864 26.7762,
	18.5029 26.7762,
	18.5057 26.7789,
	18.5166 26.7817,
	18.5221 26.7817,
	18.5442 26.7886,
	18.5552 26.7941,
	18.5702 26.8161,
	18.5771 26.8257,
	18.5812 26.8354,
	18.5882 26.8436,
	18.5978 26.8532,
	18.6005 26.8546,
	18.6005 26.8573,
	18.606 26.8614,
	18.6129 26.8724,
	18.6184 26.8779,
	18.6211 26.8834,
	18.6238 26.8849,
	18.6238 26.8876,
	18.6321 26.8986,
	18.6363 26.9027,
	18.6377 26.9068,
	18.6459 26.9178,
	18.6569 26.9288,
	18.6651 26.9371,
	18.6733 26.9481,
	18.6761 26.9535,
	18.6788 26.9563,
	18.6788 26.959,
	18.683 26.9632,
	18.6844 26.9686,
	18.6913 26.9782,
	18.694 26.9838,
	18.6968 26.9866,
	18.6968 26.9893,
	18.7009 26.9948,
	18.7091 27.0168,
	18.7132 27.0278,
	18.7146 27.0717,
	18.7146 27.0828,
	18.7091 27.1048,
	18.7022 27.1488,
	18.7022 27.1597,
	18.6926 27.2037,
	18.6844 27.2258,
	18.6844 27.2285,
	18.6582 27.2698,
	18.6445 27.2904,
	18.6404 27.3,
	18.6266 27.3206,
	18.6101 27.3399,
	18.6101 27.3426,
	18.6074 27.344,
	18.606 27.3495,
	18.6033 27.3522,
	18.6005 27.3742,
	18.6005 27.3852,
	18.6005 27.3907,
	18.6033 27.3962,
	18.6046 27.4072,
	18.6074 27.4128,
	18.6088 27.4567,
	18.5992 27.4787,
	18.5909 27.4869,
	18.5882 27.4911,
	18.5785 27.5007,
	18.5716 27.5117,
	18.5716 27.5145,
	18.5648 27.5255,
	18.5648 27.5282,
	18.551 27.5502,
	18.5442 27.5585,
	18.5414 27.564,
	18.5358 27.5695,
	18.529 27.5791,
	18.5249 27.5832,
	18.5235 27.5887,
	18.5166 27.5983,
	18.5111 27.6039,
	18.5111 27.6066,
	18.5057 27.6121,
	18.5057 27.6148,
	18.4877 27.6368,
	18.474 27.6575,
	18.4658 27.6671,
	18.4603 27.6767,
	18.4575 27.678,
	18.4575 27.6808,
	18.4424 27.7015,
	18.4245 27.722,
	18.4094 27.7399,
	18.4067 27.7399,
	18.3971 27.7496,
	18.3901 27.7551,
	18.386 27.7564,
	18.3682 27.7715,
	18.3269 27.8004,
	18.3242 27.8032,
	18.3214 27.8032,
	18.3173 27.8073,
	18.3118 27.8087,
	18.3077 27.8128,
	18.2966 27.8155,
	18.2857 27.821,
	18.2802 27.8224,
	18.2774 27.8251,
	18.2568 27.8334,
	18.2514 27.8375,
	18.2403 27.8416,
	18.2348 27.8444,
	18.2321 27.8444,
	18.2293 27.8472,
	"/>
</Transform>

<Transform dim="0"
 xcoef=" 0 1 0 0 0 0"
 ycoef=" 0 0 1 0 0 0">
<Contour name="d13" hidden="false" closed="true" simplified="true" border="0 0 0" fill="0 0 0" mode="11"
 points="20.131 21.7296,
	20.1147 21.7265,
	20.0986 21.7195,
	20.0905 21.7154,
	20.0824 21.7083,
	20.0794 21.7043,
	20.0763 21.6961,
	20.0712 21.688,
	20.0651 21.6719,
	20.0631 21.6638,
	20.0611 21.6598,
	20.0611 21.6516,
	20.057 21.6354,
	20.056 21.6192,
	20.053 21.603,
	20.052 21.5382,
	20.052 21.5301,
	20.056 21.522,
	20.0692 21.5058,
	20.0712 21.5017,
	20.0794 21.4957,
	20.0844 21.4876,
	20.0874 21.4836,
	20.0885 21.4674,
	20.0874 21.4511,
	20.0874 21.4491,
	20.0844 21.4451,
	20.0814 21.437,
	20.0681 21.4208,
	20.0661 21.4198,
	20.0661 21.4178,
	20.058 21.4106,
	20.0368 21.3783,
	20.0308 21.3459,
	20.0308 21.3134,
	20.0308 21.2973,
	20.0308 21.2963,
	20.0338 21.2882,
	20.0348 21.2841,
	20.0409 21.276,
	20.0429 21.274,
	20.0449 21.274,
	20.0489 21.2709,
	20.057 21.2689,
	20.0651 21.2709,
	20.0692 21.273,
	20.0733 21.272,
	20.0773 21.2638,
	20.0794 21.2557,
	20.0794 21.2477,
	20.0783 21.2436,
	20.0753 21.2396,
	20.0743 21.2355,
	20.0712 21.2315,
	20.0661 21.2152,
	20.0641 21.1829,
	20.0651 21.1505,
	20.0722 21.118,
	20.0733 21.11,
	20.0763 21.1059,
	20.0763 21.1019,
	20.0783 21.0978,
	20.0814 21.0331,
	20.0814 20.9682,
	20.0814 20.9601,
	20.0905 20.9277,
	20.0935 20.9237,
	20.0975 20.9075,
	20.0986 20.8913,
	20.0925 20.8265,
	20.0945 20.8103,
	20.0955 20.8063,
	20.0996 20.8022,
	20.1076 20.7982,
	20.1157 20.7921,
	20.1198 20.789,
	20.1219 20.788,
	20.1229 20.7839,
	20.1259 20.7799,
	20.13 20.7637,
	20.132 20.7556,
	20.133 20.7394,
	20.136 20.7313,
	20.1381 20.7273,
	20.1391 20.7192,
	20.1441 20.7121,
	20.1441 20.7101,
	20.1573 20.6938,
	20.1643 20.6867,
	20.1755 20.6706,
	20.1816 20.6625,
	20.2129 20.6301,
	20.2292 20.6139,
	20.2332 20.6109,
	20.2352 20.6089,
	20.2393 20.6078,
	20.2555 20.5946,
	20.2717 20.5835,
	20.2798 20.5764,
	20.2879 20.5734,
	20.304 20.5633,
	20.3061 20.5613,
	20.3385 20.546,
	20.3547 20.542,
	20.3628 20.542,
	20.4276 20.5319,
	20.4316 20.5319,
	20.4478 20.5268,
	20.4559 20.5258,
	20.4722 20.5197,
	20.4802 20.5177,
	20.4843 20.5147,
	20.5004 20.5096,
	20.5167 20.5015,
	20.5187 20.5015,
	20.5511 20.4732,
	20.5673 20.458,
	20.5815 20.4417,
	20.5916 20.4256,
	20.6008 20.3932,
	20.6038 20.3891,
	20.6089 20.3567,
	20.6089 20.3405,
	20.6028 20.3244,
	20.6028 20.3223,
	20.5997 20.3193,
	20.5976 20.3111,
	20.5966 20.3071,
	20.5936 20.303,
	20.5916 20.2707,
	20.5946 20.2544,
	20.5986 20.2464,
	20.5997 20.2423,
	20.6149 20.2272,
	20.623 20.2241,
	20.6554 20.2171,
	20.6716 20.2119,
	20.6797 20.2079,
	20.6878 20.2069,
	20.6918 20.2038,
	20.7 20.2018,
	20.7161 20.1937,
	20.7242 20.1907,
	20.7283 20.1897,
	20.7323 20.1867,
	20.7647 20.1755,
	20.7728 20.1745,
	20.7809 20.1755,
	20.789 20.1806,
	20.8053 20.1877,
	20.8093 20.1897,
	20.8174 20.1907,
	20.8255 20.1897,
	20.8295 20.1897,
	20.8458 20.1745,
	20.8538 20.1695,
	20.8619 20.1663,
	20.866 20.1643,
	20.8821 20.1623,
	20.8903 20.1613,
	20.9065 20.1623,
	20.9146 20.1653,
	20.9186 20.1663,
	20.9206 20.1663,
	20.9369 20.1786,
	20.951 20.1927,
	20.9621 20.2089,
	20.9672 20.2171,
	20.9702 20.2251,
	20.9733 20.2413,
	20.9712 20.2575,
	20.9702 20.2657,
	20.9692 20.2697,
	20.9591 20.2859,
	20.9581 20.2899,
	20.948 20.3061,
	20.9399 20.3132,
	20.9237 20.3193,
	20.9156 20.3223,
	20.9075 20.3294,
	20.9055 20.3375,
	20.9055 20.3415,
	20.8984 20.3577,
	20.8903 20.3901,
	20.8903 20.3982,
	20.8893 20.4022,
	20.8872 20.4043,
	20.8842 20.4367,
	20.8842 20.4529,
	20.8883 20.461,
	20.8903 20.4651,
	20.8913 20.4732,
	20.8944 20.4813,
	20.8954 20.5137,
	20.8954 20.5298,
	20.8954 20.5379,
	20.9004 20.5542,
	20.9035 20.5623,
	20.9055 20.5663,
	20.9216 20.5815,
	20.9277 20.5885,
	20.944 20.6008,
	20.952 20.6058,
	20.9551 20.6089,
	20.9591 20.6099,
	20.9632 20.6129,
	20.9642 20.6149,
	20.9682 20.6159,
	20.9845 20.628,
	20.9895 20.6361,
	20.9926 20.6524,
	20.9905 20.6686,
	20.9885 20.6726,
	20.9865 20.6888,
	20.9865 20.705,
	20.9865 20.7131,
	20.9875 20.7172,
	20.9926 20.7252,
	20.9956 20.7414,
	20.9956 20.7738,
	20.9915 20.79,
	20.9885 20.7941,
	20.9692 20.8589,
	20.9601 20.8751,
	20.9591 20.8791,
	20.947 20.8954,
	20.9307 20.9105,
	20.9226 20.9166,
	20.9166 20.9247,
	20.9125 20.9287,
	20.8933 20.9611,
	20.866 20.9936,
	20.8599 21.0017,
	20.8569 21.0097,
	20.8518 21.0178,
	20.8406 21.0502,
	20.8133 21.115,
	20.7962 21.1474,
	20.7728 21.1799,
	20.7718 21.1839,
	20.7597 21.2001,
	20.7546 21.2082,
	20.7516 21.2122,
	20.7466 21.2285,
	20.7404 21.2365,
	20.7384 21.2406,
	20.7343 21.2446,
	20.7333 21.2487,
	20.7273 21.2567,
	20.7252 21.2608,
	20.7212 21.2638,
	20.7161 21.272,
	20.7 21.2851,
	20.6918 21.2922,
	20.6797 21.3084,
	20.6655 21.3246,
	20.6504 21.3388,
	20.6462 21.3418,
	20.6452 21.3438,
	20.6432 21.3438,
	20.628 21.357,
	20.62 21.363,
	20.6159 21.3661,
	20.6139 21.3682,
	20.6119 21.3682,
	20.6038 21.3753,
	20.5997 21.3793,
	20.5976 21.3813,
	20.5956 21.3813,
	20.5633 21.4066,
	20.548 21.4208,
	20.541 21.4279,
	20.5369 21.4299,
	20.5298 21.438,
	20.5218 21.4441,
	20.5147 21.4521,
	20.5127 21.4542,
	20.5107 21.4542,
	20.4954 21.4704,
	20.4873 21.4785,
	20.4549 21.4977,
	20.4387 21.5068,
	20.4226 21.518,
	20.3921 21.5493,
	20.3861 21.5574,
	20.3699 21.5727,
	20.3537 21.5858,
	20.3456 21.5898,
	20.3415 21.5929,
	20.3395 21.5929,
	20.3355 21.5959,
	20.303 21.607,
	20.2869 21.6152,
	20.2707 21.6283,
	20.2544 21.6445,
	20.2464 21.6526,
	20.2403 21.6608,
	20.2079 21.688,
	20.1917 21.7012,
	20.1836 21.7063,
	20.1796 21.7073,
	20.1715 21.7134,
	20.1633 21.7164,
	20.1593 21.7195,
	20.1552 21.7205,
	20.1512 21.7235,
	20.135 21.7286,
	"/>
</Transform>

<Transform dim="0"
 xcoef=" 0 1 0 0 0 0"
 ycoef=" 0 0 1 0 0 0">
<Contour name="d13sp08" hidden="false" closed="true" simplified="true" border="1 0 0" fill="1 0 0" mode="11"
 points="20.9705 20.2373,
	20.9591 20.2191,
	20.9534 20.21,
	20.95 20.2054,
	20.95 20.2031,
	20.9466 20.1997,
	20.9455 20.1952,
	20.9421 20.1918,
	20.9387 20.1827,
	20.9317 20.1736,
	20.9249 20.1678,
	20.9067 20.1621,
	20.8977 20.1621,
	20.8794 20.1691,
	20.8612 20.1725,
	20.8521 20.1725,
	20.851 20.1713,
	20.8567 20.1621,
	20.8578 20.1576,
	20.8612 20.153,
	20.8646 20.144,
	20.8669 20.1394,
	20.868 20.1303,
	20.8703 20.1281,
	20.876 20.1098,
	20.8782 20.1007,
	20.8782 20.0984,
	20.8805 20.0961,
	20.8839 20.078,
	20.8862 20.0757,
	20.8931 20.0392,
	20.8999 20.021,
	20.9045 20.0119,
	20.9067 20.0096,
	20.9067 20.0073,
	20.9101 20.0028,
	20.9113 19.9994,
	20.9181 19.9903,
	20.9215 19.9869,
	20.9215 19.9846,
	20.9272 19.9754,
	20.9329 19.9686,
	20.9387 19.9595,
	20.9534 19.947,
	20.9568 19.9436,
	20.9591 19.9436,
	20.9636 19.9391,
	20.9716 19.9334,
	20.9818 19.9162,
	20.9842 19.914,
	20.9899 19.8958,
	20.991 19.8867,
	20.9944 19.8775,
	20.9956 19.8684,
	21.0001 19.8593,
	21.0024 19.8502,
	21.0046 19.8457,
	21.0046 19.8412,
	21.0069 19.8389,
	21.0205 19.8024,
	21.0308 19.7854,
	21.0434 19.7671,
	21.0593 19.7523,
	21.0638 19.7489,
	21.0661 19.7467,
	21.0684 19.7467,
	21.0786 19.7398,
	21.0878 19.7363,
	21.106 19.7363,
	21.1424 19.7444,
	21.1515 19.7478,
	21.156 19.7489,
	21.1583 19.7512,
	21.1629 19.7523,
	21.1674 19.7558,
	21.1719 19.7569,
	21.18 19.7626,
	21.1891 19.7705,
	21.1948 19.7796,
	21.1982 19.7888,
	21.1993 19.807,
	21.1948 19.8252,
	21.1902 19.8297,
	21.188 19.8343,
	21.18 19.8423,
	21.1777 19.8457,
	21.1606 19.8627,
	21.1458 19.8764,
	21.1345 19.8935,
	21.131 19.8969,
	21.1299 19.9015,
	21.1094 19.9368,
	21.1037 19.9459,
	21.098 19.9527,
	21.0946 19.9561,
	21.0923 19.9561,
	21.0844 19.9618,
	21.0798 19.9652,
	21.0706 19.9686,
	21.0627 19.9743,
	21.0593 19.9789,
	21.057 19.9801,
	21.0445 20.0164,
	21.0377 20.0347,
	21.0331 20.0529,
	21.032 20.062,
	21.0285 20.0711,
	21.0228 20.1075,
	21.0217 20.144,
	21.0217 20.153,
	21.0183 20.1621,
	21.0171 20.1667,
	21.0149 20.1691,
	21.0149 20.1713,
	21.0126 20.1725,
	21.0115 20.177,
	20.9956 20.1906,
	20.9876 20.1952,
	20.9865 20.1975,
	20.9842 20.1975,
	20.9773 20.2031,
	20.9727 20.2111,
	20.9716 20.2294,
	"/>
</Transform>

<Transform dim="0"
 xcoef=" 0 1 0 0 0 0"
 ycoef=" 0 0 1 0 0 0">
<Contour name="d13sp08" hidden="false" closed="true" simplified="true" border="1 0 0" fill="1 0 0" mode="11"
 points="21.2731 19.6654,
	21.2638 19.6619,
	21.2615 19.6613,
	21.2569 19.6584,
	21.2523 19.6567,
	21.25 19.6561,
	21.2488 19.655,
	21.2476 19.655,
	21.2471 19.6538,
	21.2448 19.6538,
	21.2442 19.6527,
	21.243 19.6527,
	21.2407 19.6509,
	21.2384 19.6504,
	21.2361 19.6486,
	21.2176 19.6417,
	21.2083 19.6381,
	21.206 19.6358,
	21.2049 19.6358,
	21.2003 19.633,
	21.1922 19.6255,
	21.1899 19.6214,
	21.1887 19.6203,
	21.1887 19.6191,
	21.183 19.6099,
	21.1783 19.6012,
	21.1766 19.5995,
	21.1766 19.5984,
	21.1713 19.5902,
	21.1661 19.581,
	21.1644 19.5792,
	21.1638 19.5769,
	21.1621 19.5746,
	21.1586 19.566,
	21.1575 19.5613,
	21.1575 19.5567,
	21.1575 19.5562,
	21.1575 19.5556,
	21.1627 19.5464,
	21.1661 19.5422,
	21.1661 19.5411,
	21.1725 19.5324,
	21.1742 19.5313,
	21.1742 19.5301,
	21.1818 19.5209,
	21.1835 19.5186,
	21.1841 19.5163,
	21.187 19.5122,
	21.1881 19.5099,
	21.1893 19.5088,
	21.1893 19.5065,
	21.1916 19.5018,
	21.1968 19.4833,
	21.1985 19.4787,
	21.1991 19.4741,
	21.2003 19.4729,
	21.2066 19.4545,
	21.2101 19.4451,
	21.2118 19.4405,
	21.2164 19.433,
	21.2193 19.429,
	21.2193 19.4278,
	21.2216 19.4255,
	21.2216 19.4244,
	21.2257 19.4198,
	21.2321 19.4111,
	21.2355 19.4071,
	21.2367 19.4071,
	21.2407 19.403,
	21.25 19.3972,
	21.2546 19.396,
	21.2569 19.3954,
	21.258 19.3943,
	21.2592 19.3943,
	21.2632 19.3914,
	21.2649 19.3897,
	21.2661 19.3897,
	21.2743 19.3822,
	21.2789 19.3776,
	21.2818 19.3735,
	21.2858 19.3695,
	21.2881 19.3678,
	21.2927 19.3672,
	21.2973 19.3678,
	21.2996 19.3718,
	21.3008 19.381,
	21.2973 19.3995,
	21.2956 19.4042,
	21.2956 19.4065,
	21.2945 19.4088,
	21.2945 19.41,
	21.2933 19.4111,
	21.2916 19.4203,
	21.2904 19.4226,
	21.2904 19.4411,
	21.2904 19.4457,
	21.2927 19.455,
	21.2956 19.4735,
	21.2956 19.4919,
	21.2979 19.529,
	21.2979 19.5475,
	21.2979 19.5567,
	21.2979 19.5613,
	21.2968 19.566,
	21.2962 19.5677,
	21.2979 19.5723,
	21.2979 19.5746,
	21.2991 19.5758,
	21.2991 19.5781,
	21.3002 19.5792,
	21.3008 19.5838,
	21.3031 19.5885,
	21.3048 19.607,
	21.3054 19.644,
	21.3054 19.6532,
	21.3031 19.655,
	21.3025 19.6561,
	21.3008 19.6567,
	21.2916 19.6625,
	21.2893 19.6636,
	21.28 19.6654,
	"/>
</Transform>

<Transform dim="0"
 xcoef=" 0 1 0 0 0 0"
 ycoef=" 0 0 1 0 0 0">
<Contour name="d51sp06" hidden="false" closed="true" simplified="true" border="1 0 0" fill="1 0 0" mode="11"
 points="10.2982 21.7316,
	10.2862 21.7264,
	10.2803 21.7241,
	10.2788 21.7226,
	10.2773 21.7226,
	10.2743 21.7197,
	10.2713 21.7182,
	10.2699 21.7159,
	10.2669 21.7137,
	10.2632 21.7093,
	10.255 21.6973,
	10.255 21.6958,
	10.2513 21.6898,
	10.2498 21.6883,
	10.2498 21.6854,
	10.2461 21.6794,
	10.2438 21.6742,
	10.2401 21.6683,
	10.2393 21.6653,
	10.2393 21.6638,
	10.2378 21.6631,
	10.2296 21.6392,
	10.2281 21.6273,
	10.2252 21.6154,
	10.2266 21.5915,
	10.2266 21.5796,
	10.2244 21.5737,
	10.2237 21.5707,
	10.2162 21.5587,
	10.2118 21.5468,
	10.2103 21.5409,
	10.2103 21.5394,
	10.2088 21.5379,
	10.2088 21.5319,
	10.2058 21.52,
	10.2043 21.5186,
	10.2029 21.5126,
	10.2029 21.5095,
	10.1991 21.4976,
	10.1977 21.4947,
	10.1932 21.4709,
	10.1923 21.4649,
	10.1923 21.4619,
	10.1901 21.4559,
	10.1857 21.4321,
	10.1842 21.4262,
	10.1827 21.4232,
	10.1775 21.3993,
	10.1753 21.3874,
	10.173 21.3635,
	10.1723 21.3398,
	10.1723 21.3368,
	10.1723 21.3353,
	10.1723 21.3346,
	10.1745 21.3227,
	10.1753 21.2988,
	10.179 21.275,
	10.1812 21.2689,
	10.1819 21.263,
	10.1901 21.2392,
	10.1939 21.2273,
	10.1962 21.2213,
	10.1977 21.2183,
	10.1977 21.2153,
	10.1999 21.2094,
	10.2014 21.2079,
	10.2014 21.2049,
	10.2029 21.2034,
	10.2029 21.2005,
	10.2051 21.1945,
	10.2073 21.1915,
	10.2095 21.1856,
	10.2133 21.1796,
	10.2155 21.1774,
	10.2214 21.1782,
	10.2274 21.1811,
	10.2333 21.1826,
	10.2363 21.1848,
	10.2378 21.1848,
	10.2385 21.1863,
	10.2401 21.1863,
	10.2409 21.1878,
	10.2468 21.1893,
	10.2587 21.1945,
	10.2617 21.1967,
	10.284 21.2049,
	10.29 21.2071,
	10.293 21.2086,
	10.296 21.2086,
	10.3079 21.2131,
	10.3108 21.2138,
	10.3123 21.2153,
	10.3242 21.219,
	10.3272 21.2198,
	10.3287 21.2198,
	10.3346 21.2243,
	10.3377 21.2243,
	10.3429 21.2281,
	10.3488 21.2295,
	10.3607 21.2377,
	10.3667 21.2414,
	10.3778 21.2518,
	10.3823 21.2556,
	10.3906 21.2667,
	10.3988 21.2906,
	10.4017 21.2965,
	10.4032 21.3025,
	10.404 21.3055,
	10.4054 21.3062,
	10.4062 21.3092,
	10.4084 21.3122,
	10.4196 21.3197,
	10.4285 21.3294,
	10.4322 21.3346,
	10.4338 21.3353,
	10.4345 21.3383,
	10.4427 21.3494,
	10.4442 21.3509,
	10.4449 21.3539,
	10.4487 21.3598,
	10.4501 21.3658,
	10.4553 21.3778,
	10.4591 21.4016,
	10.4591 21.4254,
	10.4591 21.4373,
	10.4561 21.4611,
	10.4553 21.5088,
	10.4568 21.5327,
	10.4561 21.5565,
	10.4561 21.5625,
	10.4531 21.5744,
	10.4516 21.5759,
	10.4494 21.5811,
	10.4412 21.5915,
	10.4211 21.6132,
	10.4166 21.6191,
	10.4069 21.6273,
	10.401 21.6325,
	10.3958 21.6362,
	10.3943 21.6377,
	10.3913 21.6384,
	10.3793 21.6466,
	10.3778 21.6481,
	10.3749 21.6488,
	10.3704 21.654,
	10.3689 21.6571,
	10.3659 21.6601,
	10.3659 21.6631,
	10.3622 21.6683,
	10.3607 21.6698,
	10.3585 21.675,
	10.3585 21.6765,
	10.357 21.6772,
	10.357 21.6787,
	10.3555 21.6802,
	10.3555 21.6831,
	10.3503 21.695,
	10.3496 21.698,
	10.3496 21.6995,
	10.3481 21.701,
	10.3436 21.713,
	10.3399 21.7189,
	10.3339 21.7241,
	10.322 21.7286,
	10.316 21.7308,
	10.3041 21.7316,
	"/>
</Transform>

<Transform dim="0"
 xcoef=" 0 1 0 0 0 0"
 ycoef=" 0 0 1 0 0 0">
<Contour name="D31" hidden="false" closed="true" simplified="true" border="1 0 0" fill="1 0 0" mode="11"
 points="18.9746 24.9524,
	18.9329 24.9106,
	18.9329 24.869,
	18.9746 24.8273,
	19.0163 24.8273,
	19.058 24.869,
	19.058 24.9106,
	19.0163 24.9524,
	"/>
</Transform>

<Transform dim="0"
 xcoef=" 0 1 0 0 0 0"
 ycoef=" 0 0 1 0 0 0">
<Contour name="d61sp12" hidden="false" closed="true" simplified="true" border="1 0 0" fill="1 0 0" mode="11"
 points="16.2736 17.4892,
	16.2643 17.4886,
	16.2551 17.4868,
	16.2458 17.4863,
	16.2366 17.4834,
	16.2342 17.4834,
	16.233 17.4821,
	16.2284 17.4804,
	16.2272 17.4804,
	16.2087 17.4688,
	16.2041 17.4654,
	16.2018 17.4642,
	16.2012 17.463,
	16.2001 17.463,
	16.1914 17.4561,
	16.1891 17.4538,
	16.1855 17.4509,
	16.182 17.4469,
	16.1809 17.4469,
	16.1734 17.4388,
	16.1699 17.4353,
	16.1664 17.4306,
	16.1607 17.4231,
	16.1543 17.4138,
	16.1526 17.4121,
	16.1526 17.4109,
	16.1456 17.4022,
	16.1404 17.3936,
	16.134 17.375,
	16.1328 17.3703,
	16.1328 17.3657,
	16.1328 17.3634,
	16.1328 17.3628,
	16.1328 17.3622,
	16.134 17.3611,
	16.1357 17.3565,
	16.1363 17.3542,
	16.1433 17.3478,
	16.1479 17.3437,
	16.1526 17.3409,
	16.1543 17.3391,
	16.1555 17.3391,
	16.163 17.3327,
	16.1641 17.3327,
	16.1647 17.3315,
	16.167 17.3309,
	16.1693 17.3286,
	16.1705 17.3286,
	16.1751 17.3251,
	16.1844 17.3205,
	16.1891 17.3188,
	16.1914 17.3176,
	16.1926 17.3176,
	16.1937 17.3165,
	16.1983 17.3147,
	16.2007 17.3136,
	16.2018 17.3136,
	16.203 17.3124,
	16.2053 17.3124,
	16.2076 17.3107,
	16.2099 17.3107,
	16.2122 17.309,
	16.2307 17.3026,
	16.2401 17.2991,
	16.2424 17.2991,
	16.247 17.2974,
	16.2563 17.2957,
	16.2609 17.2957,
	16.2655 17.2945,
	16.2724 17.2945,
	16.2748 17.2933,
	16.2934 17.2916,
	16.3026 17.2898,
	16.3119 17.2892,
	16.3304 17.2852,
	16.3351 17.284,
	16.3374 17.284,
	16.342 17.2823,
	16.3513 17.2805,
	16.3524 17.2805,
	16.3536 17.2794,
	16.3721 17.2753,
	16.3744 17.2747,
	16.3756 17.2747,
	16.3767 17.2736,
	16.4138 17.2678,
	16.4231 17.2678,
	16.4417 17.2707,
	16.4509 17.2736,
	16.4521 17.2736,
	16.4602 17.2799,
	16.4631 17.2828,
	16.4631 17.284,
	16.4642 17.2846,
	16.4642 17.2857,
	16.4659 17.288,
	16.4706 17.3066,
	16.4706 17.3251,
	16.47 17.3298,
	16.47 17.3321,
	16.4688 17.3332,
	16.4688 17.3344,
	16.4659 17.3391,
	16.4584 17.3472,
	16.4538 17.3507,
	16.4503 17.3547,
	16.4469 17.3576,
	16.4428 17.3617,
	16.437 17.3698,
	16.4347 17.3732,
	16.4336 17.3738,
	16.4336 17.375,
	16.4272 17.3831,
	16.4272 17.3842,
	16.4202 17.3936,
	16.415 17.4017,
	16.4132 17.4034,
	16.4127 17.4057,
	16.4092 17.4098,
	16.4069 17.4132,
	16.3982 17.4219,
	16.3889 17.4294,
	16.3849 17.4329,
	16.3832 17.4347,
	16.3803 17.4364,
	16.379 17.4364,
	16.3779 17.4376,
	16.3767 17.4376,
	16.3727 17.4405,
	16.3703 17.4422,
	16.3692 17.4434,
	16.368 17.4434,
	16.3646 17.4469,
	16.3634 17.4469,
	16.3588 17.4509,
	16.3559 17.4538,
	16.3547 17.4538,
	16.3501 17.4578,
	16.342 17.4642,
	16.3397 17.4659,
	16.3386 17.4659,
	16.338 17.4671,
	16.3368 17.4671,
	16.3275 17.4734,
	16.3252 17.4752,
	16.324 17.4763,
	16.3228 17.4763,
	16.3217 17.4775,
	16.3205 17.4775,
	16.3188 17.4792,
	16.3176 17.4792,
	16.3165 17.4804,
	16.3153 17.4804,
	16.313 17.4821,
	16.3119 17.4821,
	16.3107 17.4834,
	16.3014 17.4868,
	16.2922 17.4886,
	"/>
</Transform>

<Transform dim="0"
 xcoef=" 0 1 0 0 0 0"
 ycoef=" 0 0 1 0 0 0">
<Contour name="d61sp12" hidden="false" closed="true" simplified="true" border="1 0 0" fill="1 0 0" mode="11"
 points="16.0343 17.2904,
	16.0337 17.2898,
	16.0523 17.2742,
	16.0564 17.2707,
	16.0581 17.269,
	16.0604 17.2684,
	16.0691 17.2626,
	16.0726 17.2591,
	16.0859 17.2417,
	16.0911 17.2324,
	16.0946 17.2238,
	16.0946 17.2215,
	16.0958 17.2191,
	16.0958 17.2168,
	16.0975 17.2145,
	16.1004 17.2053,
	16.1027 17.2006,
	16.1033 17.1995,
	16.1045 17.2001,
	16.1062 17.2093,
	16.1062 17.2278,
	16.1062 17.2371,
	16.1039 17.2557,
	16.1033 17.2603,
	16.1027 17.2626,
	16.1016 17.2638,
	16.1004 17.2684,
	16.0952 17.2776,
	16.0923 17.2817,
	16.0841 17.288,
	16.0818 17.2886,
	16.0807 17.2886,
	16.0795 17.2898,
	16.061 17.2904,
	16.0424 17.2898,
	16.0378 17.2904,
	"/>
</Transform>

<Transform dim="0"
 xcoef=" 0 1 0 0 0 0"
 ycoef=" 0 0 1 0 0 0">
<Contour name="d61p12" hidden="false" closed="true" simplified="true" border="1 0 0" fill="1 0 0" mode="11"
 points="16.0352 17.231,
	16.0207 17.2046,
	16.0497 17.2046,
	"/>
</Transform>

<Transform dim="0"
 xcoef=" 0 1 0 0 0 0"
 ycoef=" 0 0 1 0 0 0">
<Contour name="d61c15" hidden="false" closed="true" simplified="true" border="0 0 1" fill="0 0 1" mode="11"
 points="16.5983 17.9624,
	16.5916 17.9602,
	16.5882 17.959,
	16.5815 17.9548,
	16.5782 17.9519,
	16.5727 17.9473,
	16.5693 17.9439,
	16.5668 17.941,
	16.5659 17.9393,
	16.5651 17.9385,
	16.5651 17.9376,
	16.5609 17.9313,
	16.5576 17.9251,
	16.5534 17.9192,
	16.55 17.9154,
	16.55 17.9146,
	16.5458 17.9082,
	16.5446 17.9065,
	16.5446 17.9057,
	16.5433 17.904,
	16.5425 17.9032,
	16.5362 17.8898,
	16.5362 17.8889,
	16.5349 17.8873,
	16.5349 17.8864,
	16.5341 17.886,
	16.5329 17.8827,
	16.532 17.881,
	16.5312 17.8801,
	16.5308 17.8785,
	16.5308 17.8776,
	16.5299 17.8768,
	16.5257 17.8633,
	16.5245 17.8599,
	16.5236 17.8532,
	16.5236 17.8465,
	16.5236 17.8457,
	16.5236 17.8453,
	16.5245 17.8436,
	16.5245 17.8428,
	16.5295 17.8361,
	16.5391 17.8243,
	16.5488 17.8138,
	16.5551 17.8083,
	16.5584 17.8062,
	16.5651 17.8046,
	16.5719 17.8041,
	16.5744 17.8067,
	16.5757 17.8083,
	16.5773 17.8092,
	16.5782 17.8104,
	16.5799 17.8121,
	16.5807 17.8134,
	16.5861 17.8193,
	16.5882 17.8222,
	16.5899 17.8239,
	16.5908 17.8256,
	16.5916 17.8264,
	16.5916 17.8273,
	16.597 17.8327,
	16.6 17.8352,
	16.6012 17.8365,
	16.6012 17.8373,
	16.6067 17.8428,
	16.6096 17.8453,
	16.6184 17.8558,
	16.621 17.8591,
	16.6227 17.8612,
	16.6227 17.862,
	16.6252 17.8641,
	16.6252 17.865,
	16.6277 17.8676,
	16.6285 17.8693,
	16.6294 17.8697,
	16.6294 17.8705,
	16.634 17.8768,
	16.6348 17.8785,
	16.6357 17.8793,
	16.6411 17.8927,
	16.6432 17.9061,
	16.644 17.9196,
	16.644 17.923,
	16.6432 17.9263,
	16.6432 17.928,
	16.642 17.9313,
	16.642 17.9322,
	16.6411 17.933,
	16.6386 17.9397,
	16.6378 17.941,
	16.6378 17.9418,
	16.6357 17.9448,
	16.6348 17.9452,
	16.6348 17.946,
	16.6319 17.9494,
	16.6311 17.9506,
	16.6294 17.9519,
	16.629 17.9527,
	16.6273 17.9531,
	16.6269 17.954,
	16.626 17.954,
	16.6252 17.9548,
	16.6244 17.9548,
	16.6235 17.9556,
	16.6167 17.9577,
	16.615 17.9582,
	16.6142 17.9582,
	16.6134 17.959,
	16.6067 17.9615,
	16.6 17.9624,
	"/>
</Transform>

<Transform dim="0"
 xcoef=" 0 1 0 0 0 0"
 ycoef=" 0 0 1 0 0 0">
<Contour name="d13sp09" hidden="false" closed="true" simplified="true" border="1 0 0" fill="1 0 0" mode="11"
 points="20.2443 22.2794,
	20.2234 22.2749,
	20.2181 22.2722,
	20.2141 22.2683,
	20.2095 22.2579,
	20.2076 22.2526,
	20.2063 22.25,
	20.2063 22.2487,
	20.205 22.2474,
	20.205 22.2448,
	20.2037 22.2435,
	20.2017 22.2382,
	20.201 22.2277,
	20.203 22.2172,
	20.205 22.212,
	20.205 22.2094,
	20.2069 22.2041,
	20.2076 22.1937,
	20.2056 22.1884,
	20.2043 22.1858,
	20.2037 22.1845,
	20.2023 22.1845,
	20.201 22.1832,
	20.1906 22.1825,
	20.1853 22.1832,
	20.1827 22.1845,
	20.1775 22.1852,
	20.1669 22.1891,
	20.1565 22.1917,
	20.146 22.1924,
	20.1408 22.1924,
	20.1382 22.1917,
	20.1336 22.1865,
	20.1297 22.1759,
	20.1284 22.1655,
	20.1271 22.1235,
	20.1271 22.1026,
	20.1271 22.0921,
	20.1271 22.0868,
	20.1271 22.0848,
	20.1271 22.0842,
	20.1284 22.0789,
	20.1284 22.0763,
	20.131 22.0711,
	20.131 22.0685,
	20.1323 22.0672,
	20.1323 22.0659,
	20.1473 22.0456,
	20.1545 22.0357,
	20.1591 22.0311,
	20.1604 22.0285,
	20.1624 22.0272,
	20.1624 22.0259,
	20.1762 22.0076,
	20.1867 21.9978,
	20.1912 21.9932,
	20.1938 21.9919,
	20.1945 21.9905,
	20.1958 21.9905,
	20.1978 21.9879,
	20.2004 21.9872,
	20.2023 21.9852,
	20.205 21.9846,
	20.2076 21.9826,
	20.2102 21.982,
	20.2148 21.9787,
	20.2253 21.9754,
	20.2358 21.9709,
	20.2404 21.9689,
	20.2417 21.9689,
	20.2423 21.9676,
	20.2476 21.9656,
	20.2502 21.965,
	20.2528 21.963,
	20.258 21.9617,
	20.2633 21.9584,
	20.2686 21.9565,
	20.2738 21.9532,
	20.2941 21.946,
	20.3151 21.9426,
	20.336 21.9413,
	20.3465 21.94,
	20.3675 21.9394,
	20.3832 21.9394,
	20.3858 21.9407,
	20.3884 21.9407,
	20.3911 21.942,
	20.4015 21.9433,
	20.4041 21.9447,
	20.4095 21.9454,
	20.4199 21.9486,
	20.4304 21.9532,
	20.4402 21.9597,
	20.4415 21.9597,
	20.4507 21.9669,
	20.4546 21.9709,
	20.4559 21.9735,
	20.4573 21.9735,
	20.4606 21.9787,
	20.4619 21.9794,
	20.4625 21.982,
	20.4658 21.9865,
	20.4671 21.9879,
	20.4678 21.9905,
	20.471 21.9951,
	20.4723 21.9965,
	20.4743 22.0017,
	20.4756 22.0023,
	20.4756 22.005,
	20.4769 22.0056,
	20.4769 22.0082,
	20.4789 22.0108,
	20.4795 22.0135,
	20.4808 22.0148,
	20.4822 22.02,
	20.4841 22.0226,
	20.4841 22.0252,
	20.4867 22.0305,
	20.49 22.041,
	20.492 22.0619,
	20.49 22.0724,
	20.4841 22.0822,
	20.4808 22.0875,
	20.4789 22.0902,
	20.4789 22.0915,
	20.4776 22.0921,
	20.4776 22.0934,
	20.4756 22.096,
	20.4756 22.0974,
	20.4723 22.1026,
	20.4704 22.1078,
	20.4704 22.1104,
	20.4684 22.1157,
	20.4671 22.1183,
	20.4671 22.1209,
	20.4658 22.1222,
	20.4552 22.1641,
	20.4513 22.1746,
	20.45 22.1759,
	20.4494 22.1785,
	20.4343 22.1976,
	20.4258 22.2068,
	20.4245 22.2074,
	20.4245 22.2087,
	20.4147 22.2172,
	20.4101 22.2218,
	20.4074 22.2231,
	20.4068 22.2244,
	20.4055 22.2244,
	20.3956 22.231,
	20.393 22.233,
	20.3878 22.2343,
	20.3852 22.2356,
	20.3826 22.2356,
	20.3773 22.2382,
	20.3669 22.2415,
	20.3643 22.2415,
	20.3432 22.248,
	20.3419 22.2494,
	20.3393 22.25,
	20.338 22.25,
	20.3354 22.2526,
	20.3341 22.2526,
	20.3328 22.2539,
	20.3315 22.2539,
	20.3288 22.2559,
	20.319 22.2598,
	20.3138 22.2618,
	20.3098 22.2644,
	20.3072 22.265,
	20.3059 22.265,
	20.3032 22.267,
	20.2928 22.2703,
	20.2876 22.2729,
	20.2823 22.2735,
	20.2771 22.2755,
	20.2719 22.2762,
	20.2706 22.2775,
	20.2495 22.2794,
	"/>
</Transform>

<Transform dim="0"
 xcoef=" 0 1 0 0 0 0"
 ycoef=" 0 0 1 0 0 0">
<Contour name="d13c09" hidden="false" closed="true" simplified="true" border="0 0 1" fill="0 0 1" mode="11"
 points="20.4406 22.0662,
	20.4104 22.0653,
	20.3951 22.0648,
	20.3913 22.0643,
	20.3838 22.0615,
	20.3828 22.0615,
	20.3819 22.0605,
	20.3781 22.0591,
	20.3748 22.0568,
	20.3715 22.0553,
	20.3696 22.0539,
	20.3392 22.0487,
	20.3316 22.0478,
	20.3165 22.0445,
	20.3013 22.0421,
	20.271 22.0392,
	20.2633 22.0377,
	20.2558 22.0373,
	20.252 22.0363,
	20.2501 22.0363,
	20.2482 22.0354,
	20.2406 22.0349,
	20.2397 22.034,
	20.2246 22.0316,
	20.217 22.0302,
	20.2131 22.0292,
	20.198 22.0297,
	20.1942 22.0297,
	20.1904 22.0273,
	20.1895 22.0273,
	20.1885 22.0264,
	20.1885 22.0254,
	20.1876 22.0245,
	20.188 22.0207,
	20.1871 22.0056,
	20.1871 21.9752,
	20.1871 21.9738,
	20.1871 21.9733,
	20.1885 21.9658,
	20.1899 21.962,
	20.1899 21.961,
	20.1909 21.9601,
	20.1918 21.9563,
	20.1928 21.9558,
	20.1928 21.9539,
	20.1928 21.953,
	20.1937 21.952,
	20.1937 21.9511,
	20.1947 21.9501,
	20.1947 21.9483,
	20.1966 21.9449,
	20.197 21.9431,
	20.1994 21.9392,
	20.2008 21.9373,
	20.2008 21.9363,
	20.2018 21.9359,
	20.2018 21.9349,
	20.2032 21.9335,
	20.2032 21.9325,
	20.2051 21.9316,
	20.2055 21.9297,
	20.2084 21.9259,
	20.2093 21.9245,
	20.2155 21.9188,
	20.2175 21.9174,
	20.2184 21.9174,
	20.2217 21.915,
	20.2236 21.9136,
	20.2255 21.9132,
	20.2288 21.9108,
	20.2298 21.9108,
	20.2302 21.9098,
	20.2312 21.9098,
	20.235 21.9075,
	20.2425 21.9051,
	20.2444 21.9046,
	20.2454 21.9037,
	20.2529 21.9013,
	20.2548 21.9013,
	20.2586 21.8999,
	20.2605 21.899,
	20.2624 21.899,
	20.2629 21.898,
	20.2705 21.8966,
	20.2743 21.8951,
	20.2762 21.8951,
	20.2772 21.8941,
	20.2847 21.8922,
	20.2885 21.8908,
	20.2904 21.8904,
	20.2913 21.8904,
	20.2923 21.8894,
	20.2961 21.8889,
	20.2999 21.887,
	20.3074 21.8847,
	20.3112 21.8842,
	20.3151 21.8828,
	20.3302 21.8799,
	20.334 21.8795,
	20.3359 21.8785,
	20.351 21.8766,
	20.3586 21.8752,
	20.3663 21.8752,
	20.3738 21.8743,
	20.3814 21.8743,
	20.3852 21.8733,
	20.389 21.8733,
	20.3928 21.8724,
	20.4231 21.8719,
	20.4269 21.8724,
	20.4288 21.8724,
	20.4307 21.8733,
	20.4326 21.8733,
	20.4345 21.8743,
	20.4364 21.8743,
	20.4383 21.8752,
	20.4392 21.8752,
	20.4401 21.8762,
	20.4439 21.8771,
	20.4477 21.879,
	20.4534 21.8842,
	20.4606 21.8894,
	20.463 21.8922,
	20.4667 21.8957,
	20.4715 21.9018,
	20.4729 21.9037,
	20.4734 21.9056,
	20.4786 21.9132,
	20.48 21.9169,
	20.4814 21.9188,
	20.4819 21.9207,
	20.4833 21.9226,
	20.4833 21.9236,
	20.4847 21.9255,
	20.4852 21.9273,
	20.4866 21.9292,
	20.4875 21.933,
	20.4875 21.9349,
	20.4899 21.9425,
	20.4913 21.9501,
	20.4923 21.9653,
	20.4923 21.9804,
	20.4923 21.988,
	20.4923 21.9919,
	20.4913 21.9956,
	20.4913 21.9994,
	20.489 22.007,
	20.4875 22.0108,
	20.4871 22.0146,
	20.4819 22.0297,
	20.4795 22.0373,
	20.4757 22.0449,
	20.4729 22.0482,
	20.4729 22.0492,
	20.4663 22.0568,
	20.463 22.0596,
	20.4558 22.0629,
	20.4482 22.0653,
	"/>
</Transform>

<Transform dim="0"
 xcoef=" 0 1 0 0 0 0"
 ycoef=" 0 0 1 0 0 0">
<Contour name="d51p08" hidden="false" closed="true" simplified="true" border="1 0 0" fill="1 0 0" mode="11"
 points="9.07672 22.7602,
	9.06353 22.736,
	9.08992 22.736,
	"/>
</Transform>

<Transform dim="0"
 xcoef=" 0 1 0 0 0 0"
 ycoef=" 0 0 1 0 0 0">
<Contour name="d51c08" hidden="false" closed="true" simplified="true" border="0 0 1" fill="0 0 1" mode="11"
 points="8.94558 22.8145,
	8.93455 22.8141,
	8.92904 22.8117,
	8.92765 22.811,
	8.92627 22.8096,
	8.92385 22.8079,
	8.92282 22.8069,
	8.92213 22.8069,
	8.92007 22.8044,
	8.91904 22.803,
	8.91904 22.8023,
	8.91765 22.8009,
	8.91559 22.7954,
	8.91421 22.7844,
	8.91351 22.7403,
	8.91351 22.7183,
	8.91351 22.7075,
	8.91351 22.7071,
	8.91455 22.6961,
	8.91662 22.6851,
	8.91696 22.6824,
	8.91868 22.6769,
	8.91904 22.6741,
	8.9211 22.6686,
	8.92179 22.6659,
	8.92248 22.6645,
	8.92248 22.6638,
	8.92317 22.6635,
	8.92317 22.662,
	8.92558 22.6568,
	8.92627 22.6561,
	8.9273 22.6537,
	8.9311 22.6486,
	8.93593 22.6444,
	8.9373 22.6441,
	8.93765 22.6434,
	8.93903 22.6431,
	8.94041 22.642,
	8.94179 22.642,
	8.94455 22.641,
	8.95558 22.64,
	8.96109 22.6403,
	8.97213 22.6424,
	8.97489 22.6431,
	8.97626 22.6437,
	8.97696 22.6437,
	8.97765 22.6444,
	8.97903 22.6444,
	8.98454 22.6475,
	8.98937 22.6513,
	8.99282 22.6565,
	8.99385 22.6578,
	8.99385 22.6585,
	8.99488 22.6599,
	8.99523 22.6613,
	8.99627 22.6623,
	8.99627 22.6631,
	8.99696 22.6638,
	8.99696 22.6652,
	8.99902 22.6707,
	9.0004 22.6762,
	9.00144 22.6789,
	9.00385 22.6899,
	9.00419 22.6955,
	8.99937 22.7176,
	8.99937 22.7286,
	8.99833 22.7396,
	8.99765 22.7451,
	8.99765 22.7672,
	8.99765 22.7782,
	8.99696 22.7892,
	8.99523 22.7947,
	8.99419 22.7972,
	8.99419 22.7978,
	8.99213 22.8006,
	8.99213 22.8013,
	8.98971 22.803,
	8.98868 22.8044,
	8.9873 22.8051,
	8.98662 22.8058,
	8.98592 22.8058,
	8.98557 22.8064,
	8.98282 22.8072,
	8.98006 22.8086,
	8.97454 22.81,
	8.97317 22.8103,
	8.97179 22.8114,
	8.96903 22.8124,
	8.96765 22.8131,
	8.95661 22.8141,
	"/>
</Transform>

<Transform dim="0"
 xcoef=" 0 1 0 0 0 0"
 ycoef=" 0 0 1 0 0 0">
<Contour name="d61sp15" hidden="false" closed="true" simplified="true" border="1 0 0" fill="1 0 0" mode="11"
 points="16.4973 18.0643,
	16.4937 18.0639,
	16.4901 18.0626,
	16.4884 18.0621,
	16.4739 18.0626,
	16.4596 18.0621,
	16.4525 18.0621,
	16.4453 18.0603,
	16.4417 18.0599,
	16.44 18.0594,
	16.4391 18.0594,
	16.4382 18.0585,
	16.4364 18.0585,
	16.4292 18.0557,
	16.4288 18.0548,
	16.4251 18.054,
	16.4233 18.0526,
	16.4197 18.0513,
	16.4188 18.0513,
	16.4184 18.0504,
	16.4153 18.049,
	16.4117 18.0468,
	16.4108 18.0468,
	16.4103 18.0459,
	16.4086 18.0455,
	16.4077 18.0446,
	16.4045 18.0432,
	16.4023 18.0414,
	16.4014 18.0414,
	16.3996 18.0401,
	16.3992 18.0392,
	16.3974 18.0388,
	16.3969 18.0379,
	16.396 18.0379,
	16.3893 18.0334,
	16.3826 18.0276,
	16.3795 18.0244,
	16.3749 18.0186,
	16.3736 18.0168,
	16.3736 18.0159,
	16.3727 18.0151,
	16.3682 18.0006,
	16.366 17.9863,
	16.366 17.9576,
	16.3655 17.9433,
	16.3646 17.9397,
	16.3646 17.9379,
	16.3624 17.9308,
	16.362 17.929,
	16.362 17.9281,
	16.3611 17.9272,
	16.3602 17.9236,
	16.3588 17.9218,
	16.3584 17.9201,
	16.3561 17.9165,
	16.3544 17.9151,
	16.3544 17.9142,
	16.3517 17.9119,
	16.3481 17.9097,
	16.3472 17.9088,
	16.34 17.9074,
	16.3365 17.9065,
	16.3329 17.9079,
	16.3256 17.9128,
	16.3198 17.9187,
	16.3176 17.9218,
	16.3162 17.9236,
	16.3153 17.9245,
	16.3153 17.9254,
	16.3127 17.9285,
	16.3127 17.9294,
	16.3104 17.933,
	16.3095 17.9335,
	16.3095 17.9344,
	16.3064 17.9375,
	16.3028 17.9379,
	16.2992 17.9375,
	16.2975 17.937,
	16.2939 17.9339,
	16.2894 17.9277,
	16.2876 17.9241,
	16.2876 17.9232,
	16.2867 17.9223,
	16.2867 17.9205,
	16.2845 17.9132,
	16.2835 17.9124,
	16.2835 17.9106,
	16.2822 17.907,
	16.2822 17.9052,
	16.2808 17.9016,
	16.2799 17.8945,
	16.2799 17.8802,
	16.2799 17.8784,
	16.2799 17.8775,
	16.2799 17.877,
	16.2808 17.8734,
	16.2835 17.8447,
	16.2845 17.8376,
	16.2858 17.834,
	16.2867 17.8331,
	16.2872 17.8313,
	16.2881 17.8309,
	16.2894 17.8273,
	16.2934 17.8215,
	16.2966 17.8188,
	16.2984 17.8169,
	16.2992 17.8169,
	16.3064 17.8124,
	16.31 17.8102,
	16.3109 17.8102,
	16.3145 17.808,
	16.318 17.8066,
	16.3247 17.8017,
	16.3261 17.7999,
	16.327 17.799,
	16.327 17.7981,
	16.3279 17.7972,
	16.3324 17.7834,
	16.3369 17.7771,
	16.3383 17.7758,
	16.3387 17.7749,
	16.3396 17.7749,
	16.3427 17.7713,
	16.3459 17.769,
	16.3476 17.7676,
	16.3548 17.7654,
	16.3691 17.7658,
	16.3799 17.7658,
	16.3835 17.7649,
	16.3853 17.7645,
	16.3866 17.7631,
	16.3875 17.7631,
	16.3884 17.7622,
	16.3893 17.7622,
	16.3929 17.76,
	16.3947 17.7587,
	16.3983 17.7573,
	16.4001 17.7573,
	16.4072 17.7542,
	16.409 17.7529,
	16.4162 17.7511,
	16.4197 17.7502,
	16.4215 17.7497,
	16.4224 17.7497,
	16.4233 17.7488,
	16.4306 17.747,
	16.4449 17.7466,
	16.452 17.7475,
	16.4556 17.7484,
	16.4592 17.7484,
	16.4735 17.7529,
	16.4879 17.7587,
	16.4897 17.7591,
	16.4915 17.7605,
	16.4933 17.7609,
	16.4946 17.7622,
	16.4955 17.7622,
	16.4964 17.7631,
	16.4973 17.7631,
	16.5 17.7654,
	16.5067 17.7708,
	16.5098 17.7744,
	16.5121 17.7776,
	16.5152 17.7807,
	16.5165 17.782,
	16.5165 17.7829,
	16.5174 17.7829,
	16.5197 17.786,
	16.5232 17.7892,
	16.5287 17.7963,
	16.5323 17.7995,
	16.5345 17.8026,
	16.535 17.8044,
	16.5376 17.8075,
	16.5385 17.8089,
	16.5394 17.8093,
	16.5394 17.8102,
	16.5448 17.8165,
	16.5493 17.8228,
	16.5511 17.8259,
	16.5537 17.8291,
	16.5555 17.8313,
	16.5555 17.8322,
	16.5604 17.8385,
	16.5627 17.842,
	16.5636 17.8434,
	16.5645 17.8438,
	16.5645 17.8447,
	16.5694 17.851,
	16.5753 17.8577,
	16.5775 17.8608,
	16.5775 17.8617,
	16.5825 17.8681,
	16.5851 17.8712,
	16.5851 17.8721,
	16.5954 17.8851,
	16.5959 17.8869,
	16.6008 17.8936,
	16.6048 17.9007,
	16.6048 17.9016,
	16.6093 17.9083,
	16.6115 17.9156,
	16.6129 17.9174,
	16.6129 17.9183,
	16.6142 17.9201,
	16.6164 17.9272,
	16.6164 17.929,
	16.6173 17.9308,
	16.6173 17.9326,
	16.6187 17.9362,
	16.6187 17.9379,
	16.6237 17.9522,
	16.6246 17.954,
	16.6246 17.9558,
	16.6268 17.9631,
	16.6277 17.9649,
	16.63 17.9792,
	16.6304 18.0078,
	16.6304 18.0151,
	16.6286 18.0222,
	16.6228 18.0294,
	16.6196 18.0316,
	16.6182 18.0334,
	16.6173 18.0334,
	16.6155 18.0347,
	16.612 18.0356,
	16.6012 18.0356,
	16.5869 18.0329,
	16.5834 18.032,
	16.5762 18.0325,
	16.5703 18.0379,
	16.5698 18.0396,
	16.5676 18.0432,
	16.5636 18.0472,
	16.5618 18.049,
	16.56 18.0499,
	16.5582 18.0517,
	16.5511 18.054,
	16.5475 18.0553,
	16.5457 18.0562,
	16.5439 18.0562,
	16.5367 18.059,
	16.5223 18.0621,
	16.5205 18.0621,
	16.5188 18.063,
	16.5045 18.0643,
	"/>
</Transform>

<Transform dim="0"
 xcoef=" 0 1 0 0 0 0"
 ycoef=" 0 0 1 0 0 0">
<Contour name="d13cfa09" hidden="false" closed="true" simplified="true" border="0 1 0" fill="0 1 0" mode="11"
 points="20.4671 22.0438,
	20.4635 22.0406,
	20.4617 22.0392,
	20.4607 22.0392,
	20.4571 22.0369,
	20.4552 22.0355,
	20.4534 22.0351,
	20.4516 22.0337,
	20.4443 22.0324,
	20.4407 22.031,
	20.437 22.0305,
	20.4334 22.0292,
	20.4261 22.0278,
	20.4225 22.0274,
	20.4207 22.0265,
	20.4134 22.0251,
	20.4098 22.0251,
	20.3806 22.0201,
	20.3734 22.0187,
	20.3725 22.0178,
	20.3688 22.0174,
	20.3616 22.0147,
	20.3542 22.0133,
	20.3506 22.0119,
	20.336 22.0097,
	20.3324 22.0092,
	20.3306 22.0083,
	20.3288 22.0083,
	20.3269 22.0074,
	20.3197 22.0065,
	20.316 22.0056,
	20.3087 22.0056,
	20.3014 22.0047,
	20.2978 22.0038,
	20.2832 22.0033,
	20.2687 22.0019,
	20.2541 22.0015,
	20.2396 22.0028,
	20.2359 22.0038,
	20.2323 22.0038,
	20.2305 22.0047,
	20.2158 22.0065,
	20.2086 22.0074,
	20.2068 22.0078,
	20.2059 22.0087,
	20.2022 22.0101,
	20.2004 22.0106,
	20.1995 22.0115,
	20.1977 22.0119,
	20.1959 22.0133,
	20.195 22.0133,
	20.1927 22.016,
	20.1922 22.0169,
	20.1913 22.0165,
	20.1913 22.0128,
	20.1913 22.0124,
	20.1913 22.0119,
	20.1918 22.0047,
	20.1922 22.001,
	20.195 21.9938,
	20.1959 21.9929,
	20.1972 21.9896,
	20.2004 21.9864,
	20.2059 21.9814,
	20.2077 21.981,
	20.2086 21.981,
	20.2104 21.9796,
	20.225 21.9746,
	20.2268 21.9741,
	20.2273 21.9732,
	20.2309 21.9728,
	20.2377 21.9701,
	20.2396 21.9691,
	20.2414 21.9691,
	20.245 21.9673,
	20.2468 21.9673,
	20.2473 21.9664,
	20.2482 21.9664,
	20.2518 21.9641,
	20.2527 21.9641,
	20.2532 21.9632,
	20.2568 21.9628,
	20.2586 21.9614,
	20.2604 21.961,
	20.2614 21.9601,
	20.2651 21.9592,
	20.2724 21.956,
	20.2742 21.9555,
	20.276 21.9542,
	20.305 21.9442,
	20.3197 21.9418,
	20.3779 21.9409,
	20.3924 21.9413,
	20.3961 21.9413,
	20.4033 21.9437,
	20.407 21.9442,
	20.4107 21.9455,
	20.4125 21.946,
	20.4134 21.9469,
	20.4171 21.9478,
	20.4189 21.9483,
	20.4207 21.9496,
	20.4225 21.9501,
	20.4243 21.9514,
	20.4261 21.9514,
	20.4298 21.9537,
	20.4307 21.9537,
	20.4325 21.9555,
	20.4334 21.9555,
	20.4352 21.9573,
	20.4361 21.9573,
	20.4393 21.9596,
	20.4407 21.961,
	20.4425 21.9614,
	20.4488 21.9664,
	20.4525 21.9691,
	20.4556 21.9728,
	20.4585 21.9755,
	20.4585 21.9764,
	20.468 21.99,
	20.4685 21.9919,
	20.4698 21.9938,
	20.4703 21.9956,
	20.4712 21.996,
	20.4726 21.9997,
	20.4739 22.0015,
	20.4744 22.0033,
	20.4744 22.0042,
	20.4757 22.006,
	20.478 22.0133,
	20.4789 22.0206,
	20.4789 22.0242,
	20.4785 22.026,
	20.4785 22.0269,
	20.4775 22.0278,
	20.4762 22.0315,
	20.4757 22.0333,
	20.4757 22.0342,
	20.4744 22.036,
	20.4739 22.0378,
	20.4712 22.0411,
	20.4698 22.0429,
	20.4689 22.0429,
	20.468 22.0438,
	"/>
</Transform>

<Transform dim="0"
 xcoef=" 0 1 0 0 0 0"
 ycoef=" 0 0 1 0 0 0">
<Contour name="d13p08" hidden="false" closed="true" simplified="true" border="1 0 0" fill="1 0 0" mode="11"
 points="20.871 20.2642,
	20.839 20.2055,
	20.903 20.2055,
	"/>
</Transform>

<Transform dim="0"
 xcoef=" 0 1 0 0 0 0"
 ycoef=" 0 0 1 0 0 0">
<Contour name="d04c13b" hidden="false" closed="true" simplified="true" border="0 0 1" fill="0 0 1" mode="11"
 points="17.3077 28.7588,
	17.3031 28.7582,
	17.3008 28.7582,
	17.2985 28.7571,
	17.2974 28.7559,
	17.2951 28.7553,
	17.2911 28.7512,
	17.2887 28.7489,
	17.287 28.7449,
	17.2864 28.7357,
	17.2864 28.7311,
	17.2864 28.7288,
	17.2864 28.7283,
	17.2881 28.7237,
	17.2898 28.7214,
	17.2898 28.7202,
	17.2911 28.7191,
	17.2916 28.7168,
	17.2951 28.7122,
	17.3031 28.7058,
	17.3123 28.7041,
	17.3215 28.7035,
	17.3284 28.7035,
	17.333 28.7052,
	17.3353 28.7063,
	17.34 28.7058,
	17.3491 28.7063,
	17.3537 28.7076,
	17.3555 28.7099,
	17.3566 28.7105,
	17.3566 28.7116,
	17.3595 28.7156,
	17.3606 28.7179,
	17.3618 28.7191,
	17.3629 28.7283,
	17.3629 28.7374,
	17.3623 28.742,
	17.3618 28.7443,
	17.3618 28.7455,
	17.3572 28.7495,
	17.3532 28.7524,
	17.3353 28.7576,
	17.3261 28.7588,
	"/>
</Transform>

<Transform dim="0"
 xcoef=" 0 1 0 0 0 0"
 ycoef=" 0 0 1 0 0 0">
<Contour name="d04sp13" hidden="false" closed="true" simplified="true" border="1 0 0" fill="1 0 0" mode="11"
 points="17.2801 28.7426,
	17.2617 28.7374,
	17.2571 28.7357,
	17.2525 28.7329,
	17.2485 28.7283,
	17.2468 28.726,
	17.2462 28.7237,
	17.2445 28.7214,
	17.2392 28.7029,
	17.2381 28.6937,
	17.2381 28.6845,
	17.2381 28.6799,
	17.2381 28.6794,
	17.2386 28.6702,
	17.2404 28.661,
	17.2409 28.6517,
	17.2439 28.6334,
	17.2468 28.6242,
	17.2485 28.6196,
	17.2485 28.615,
	17.2496 28.6127,
	17.2496 28.6115,
	17.2508 28.6103,
	17.2508 28.608,
	17.2525 28.6057,
	17.2537 28.6011,
	17.2542 28.5988,
	17.2554 28.5977,
	17.2583 28.5885,
	17.2583 28.5862,
	17.2606 28.5816,
	17.2611 28.5793,
	17.2611 28.5781,
	17.2669 28.5701,
	17.268 28.5701,
	17.2692 28.569,
	17.2783 28.5684,
	17.2875 28.569,
	17.2968 28.5707,
	17.3014 28.5718,
	17.3026 28.573,
	17.3048 28.5736,
	17.3094 28.577,
	17.3163 28.5862,
	17.3169 28.5885,
	17.3186 28.5902,
	17.3203 28.5942,
	17.3267 28.6028,
	17.3307 28.6074,
	17.3388 28.6144,
	17.3405 28.6156,
	17.3428 28.6179,
	17.344 28.6179,
	17.3486 28.6213,
	17.3491 28.6224,
	17.3503 28.6224,
	17.3543 28.6265,
	17.3572 28.6311,
	17.3595 28.6334,
	17.3646 28.642,
	17.371 28.65,
	17.3721 28.6523,
	17.3733 28.6534,
	17.3733 28.6546,
	17.3744 28.6557,
	17.3744 28.6569,
	17.3778 28.6616,
	17.3778 28.6627,
	17.379 28.6639,
	17.3796 28.6662,
	17.3813 28.6685,
	17.3819 28.6708,
	17.3819 28.6719,
	17.383 28.6725,
	17.3842 28.6771,
	17.3853 28.6782,
	17.3853 28.6805,
	17.3866 28.6828,
	17.3866 28.6851,
	17.3877 28.6874,
	17.3883 28.6966,
	17.3866 28.6983,
	17.3866 28.7006,
	17.3853 28.7018,
	17.3853 28.7029,
	17.3842 28.7035,
	17.3842 28.7058,
	17.3778 28.7145,
	17.3767 28.7168,
	17.3744 28.7185,
	17.3715 28.7225,
	17.3704 28.7237,
	17.3692 28.7237,
	17.3606 28.7294,
	17.3423 28.7357,
	17.333 28.7386,
	17.3284 28.7392,
	17.3272 28.7392,
	17.3261 28.7403,
	17.2893 28.742,
	"/>
</Transform>

<Transform dim="0"
 xcoef=" 0 1 0 0 0 0"
 ycoef=" 0 0 1 0 0 0">
<Contour name="d13_Interest" hidden="false" closed="true" simplified="true" border="0 0 1" fill="0 0 1" mode="11"
 points="20.1916 22.2674,
	20.1862 22.2672,
	20.1809 22.2668,
	20.1756 22.2661,
	20.1704 22.2652,
	20.1652 22.2641,
	20.1601 22.2628,
	20.1551 22.2612,
	20.1503 22.2595,
	20.1456 22.2575,
	20.1411 22.2553,
	20.1367 22.2529,
	20.1326 22.2503,
	20.1286 22.2476,
	20.1248 22.2446,
	20.1213 22.2416,
	20.1179 22.2383,
	20.1149 22.2349,
	20.1121 22.2314,
	20.1096 22.2277,
	20.1073 22.224,
	20.1054 22.2202,
	20.1037 22.2163,
	20.1023 22.2123,
	20.1013 22.2083,
	20.1005 22.2042,
	20.0999 22.196,
	20.1 22.1919,
	20.1005 22.1878,
	20.1013 22.1837,
	20.1023 22.1796,
	20.1037 22.1756,
	20.1054 22.1717,
	20.1073 22.1679,
	20.1096 22.1642,
	20.1121 22.1606,
	20.1149 22.1571,
	20.1179 22.1537,
	20.1213 22.1504,
	20.1248 22.1474,
	20.1286 22.1444,
	20.1326 22.1417,
	20.1367 22.1391,
	20.1411 22.1367,
	20.1456 22.1345,
	20.1503 22.1324,
	20.1551 22.1307,
	20.1601 22.1291,
	20.1652 22.1278,
	20.1704 22.1267,
	20.1756 22.1258,
	20.1809 22.1251,
	20.1862 22.1247,
	20.1916 22.1245,
	20.1969 22.1246,
	20.2023 22.1249,
	20.2076 22.1254,
	20.2128 22.1262,
	20.2181 22.1272,
	20.2232 22.1284,
	20.2282 22.1299,
	20.2331 22.1315,
	20.2379 22.1334,
	20.2425 22.1356,
	20.2469 22.1379,
	20.2512 22.1404,
	20.2553 22.143,
	20.2592 22.1459,
	20.2628 22.1489,
	20.2663 22.152,
	20.2695 22.1553,
	20.2724 22.1588,
	20.275 22.1624,
	20.2774 22.166,
	20.2795 22.1698,
	20.2813 22.1737,
	20.2829 22.1776,
	20.2841 22.1816,
	20.285 22.1858,
	20.2856 22.1898,
	20.2859 22.1939,
	20.2859 22.1981,
	20.2856 22.2022,
	20.285 22.2062,
	20.2841 22.2103,
	20.2829 22.2143,
	20.2813 22.2182,
	20.2795 22.2221,
	20.2774 22.2259,
	20.275 22.2295,
	20.2724 22.2332,
	20.2695 22.2367,
	20.2663 22.24,
	20.2628 22.2431,
	20.2592 22.2461,
	20.2553 22.249,
	20.2512 22.2516,
	20.2469 22.2541,
	20.2425 22.2564,
	20.2379 22.2585,
	20.2331 22.2604,
	20.2282 22.262,
	20.2232 22.2635,
	20.2181 22.2647,
	20.2128 22.2657,
	20.2076 22.2665,
	20.2023 22.267,
	20.1969 22.2673,
	"/>
</Transform>

<Transform dim="0"
 xcoef=" 0 1 0 0 0 0"
 ycoef=" 0 0 1 0 0 0">
<Contour name="d61c12" hidden="false" closed="true" simplified="true" border="0 0 1" fill="0 0 1" mode="11"
 points="16.3205 17.5042,
	16.3138 17.5038,
	16.3104 17.5033,
	16.3041 17.5008,
	16.3012 17.4987,
	16.2957 17.4924,
	16.2932 17.4895,
	16.2928 17.4878,
	16.2915 17.4861,
	16.2911 17.4845,
	16.2873 17.4785,
	16.2865 17.4768,
	16.2857 17.476,
	16.2848 17.4726,
	16.2831 17.4693,
	16.281 17.4625,
	16.2805 17.4491,
	16.2805 17.4474,
	16.2805 17.447,
	16.2826 17.4407,
	16.2835 17.4399,
	16.2835 17.439,
	16.2899 17.4331,
	16.2962 17.4289,
	16.2991 17.4268,
	16.3008 17.4255,
	16.3041 17.4243,
	16.305 17.4234,
	16.3184 17.4188,
	16.3201 17.418,
	16.326 17.4117,
	16.3319 17.4071,
	16.3323 17.4062,
	16.3332 17.4062,
	16.3399 17.402,
	16.3462 17.3991,
	16.3495 17.3966,
	16.3504 17.3966,
	16.3533 17.394,
	16.3567 17.3924,
	16.3634 17.3903,
	16.3668 17.3894,
	16.3803 17.3894,
	16.3836 17.3903,
	16.3853 17.3903,
	16.392 17.3932,
	16.3937 17.3936,
	16.3941 17.3945,
	16.3958 17.3949,
	16.3975 17.3961,
	16.3996 17.3987,
	16.4025 17.4012,
	16.405 17.4045,
	16.4059 17.4054,
	16.4059 17.4062,
	16.4105 17.4121,
	16.4118 17.4138,
	16.4122 17.4154,
	16.4143 17.4188,
	16.4164 17.4255,
	16.4172 17.4322,
	16.4172 17.4357,
	16.4164 17.439,
	16.4147 17.4424,
	16.4143 17.4441,
	16.4134 17.4449,
	16.413 17.4466,
	16.4122 17.4474,
	16.4122 17.4483,
	16.4113 17.4491,
	16.4109 17.4508,
	16.4101 17.4512,
	16.4088 17.4546,
	16.4059 17.4579,
	16.4013 17.4642,
	16.3992 17.4667,
	16.3941 17.473,
	16.3916 17.4755,
	16.3883 17.4776,
	16.3866 17.4785,
	16.3857 17.4793,
	16.3849 17.4793,
	16.3799 17.4836,
	16.379 17.4836,
	16.3772 17.4849,
	16.3764 17.4857,
	16.3747 17.4861,
	16.3743 17.487,
	16.3735 17.487,
	16.3701 17.4895,
	16.3634 17.4924,
	16.3626 17.4933,
	16.3592 17.4945,
	16.3584 17.4954,
	16.3567 17.4954,
	16.35 17.4975,
	16.3491 17.4975,
	16.3475 17.4987,
	16.3407 17.5008,
	16.3391 17.5017,
	16.3357 17.5021,
	16.334 17.5029,
	"/>
</Transform>

<Transform dim="0"
 xcoef=" 0 1 0 0 0 0"
 ycoef=" 0 0 1 0 0 0">
<Contour name="d51cfa08" hidden="false" closed="false" simplified="true" border="0 1 0" fill="1 0 0" mode="11"
 points="8.96734 22.6516,
	8.96734 22.6918,
	8.96734 22.7061,
	8.96734 22.7286,
	8.96734 22.7538,
	8.96848 22.7848,
	8.96906 22.8124,
	"/>
</Transform>

<Transform dim="0"
 xcoef=" 0 1 0 0 0 0"
 ycoef=" 0 0 1 0 0 0">
<Contour name="mito08" hidden="false" closed="false" simplified="true" border="1 1 0" fill="1 1 0" mode="11"
 points="21.9183 18.3312,
	21.7752 18.1021,
	"/>
</Transform>

<Transform dim="0"
 xcoef=" 0 1 0 0 0 0"
 ycoef=" 0 0 1 0 0 0">
<Contour name="d61cfa15" hidden="false" closed="false" simplified="true" border="0 1 0" fill="1 0 0" mode="11"
 points="16.5335 17.8334,
	16.5373 17.8397,
	16.544 17.8523,
	16.559 17.8796,
	16.573 17.9005,
	16.5939 17.9295,
	16.6098 17.958,
	"/>
</Transform>

<Transform dim="0"
 xcoef=" 0 1 0 0 0 0"
 ycoef=" 0 0 1 0 0 0">
<Contour name="d13cfa09" hidden="false" closed="false" simplified="true" border="1 0 0" fill="1 0 0" mode="11"
 points="20.192 22.0247,
	20.2061 22.0206,
	20.2198 22.0174,
	20.243 22.0142,
	20.2694 22.012,
	20.2916 22.0129,
	20.3176 22.016,
	20.3453 22.0233,
	20.3686 22.0288,
	20.4109 22.0342,
	20.4509 22.0466,
	20.466 22.0507,
	"/>
</Transform>

<Transform dim="0"
 xcoef=" 0 1 0 0 0 0"
 ycoef=" 0 0 1 0 0 0">
<Contour name="d04cfa13b" hidden="false" closed="false" simplified="true" border="1 0 0" fill="1 0 0" mode="11"
 points="17.3538 28.7176,
	17.2923 28.7302,
	"/>
</Transform>

<Transform dim="0"
 xcoef=" 0 1 0 0 0 0"
 ycoef=" 0 0 1 0 0 0">
<Contour name="d61cfa12" hidden="false" closed="false" simplified="true" border="0 1 0" fill="1 0 0" mode="11"
 points="16.398 17.4011,
	16.3925 17.407,
	16.3845 17.4145,
	16.371 17.4259,
	16.345 17.4415,
	16.3235 17.4553,
	16.2908 17.4746,
	"/>
</Transform>

<Transform dim="0"
 xcoef=" 0 1 0 0 0 0"
 ycoef=" 0 0 1 0 0 0">
<Contour name="d63p11" hidden="false" closed="true" simplified="false" border="1 0 0" fill="1 0 0" mode="-13"
 points="7.10642 16.2647,
	7.08832 16.2466,
	7.10642 16.2285,
	7.12451 16.2466,
	"/>
</Transform>

<Transform dim="0"
 xcoef=" 0 1 0 0 0 0"
 ycoef=" 0 0 1 0 0 0">
<Contour name="d63sp10" hidden="false" closed="true" simplified="true" border="1 0 0" fill="1 0 0" mode="11"
 points="6.0956 17.6819,
	6.09766 17.6792,
	6.09766 17.6778,
	6.09904 17.6764,
	6.09904 17.675,
	6.11351 17.655,
	6.12109 17.6461,
	6.12453 17.642,
	6.13004 17.6371,
	6.13142 17.6358,
	6.1328 17.6358,
	6.1328 17.6344,
	6.13831 17.6302,
	6.14107 17.6275,
	6.1452 17.624,
	6.14727 17.622,
	6.14864 17.622,
	6.16862 17.6048,
	6.17964 17.5986,
	6.18102 17.5972,
	6.18653 17.5951,
	6.18929 17.5951,
	6.20031 17.5917,
	6.22236 17.5917,
	6.2444 17.5979,
	6.25543 17.6013,
	6.27747 17.6034,
	6.36565 17.6041,
	6.37668 17.6034,
	6.38219 17.602,
	6.3877 17.602,
	6.39321 17.6006,
	6.39597 17.6006,
	6.41801 17.5917,
	6.41939 17.5903,
	6.4249 17.5882,
	6.43592 17.5806,
	6.44626 17.5717,
	6.45521 17.5614,
	6.46348 17.5524,
	6.47864 17.5317,
	6.48277 17.5269,
	6.48277 17.5255,
	6.48622 17.5207,
	6.48828 17.5179,
	6.48828 17.5166,
	6.50206 17.4959,
	6.50619 17.4918,
	6.50826 17.4897,
	6.50964 17.4897,
	6.51171 17.4876,
	6.52273 17.4856,
	6.53375 17.4856,
	6.54477 17.4876,
	6.55029 17.4883,
	6.55304 17.4883,
	6.56406 17.4918,
	6.56958 17.4959,
	6.57164 17.4966,
	6.57715 17.5007,
	6.58129 17.5049,
	6.58267 17.5069,
	6.58267 17.5083,
	6.58473 17.5111,
	6.5868 17.5221,
	6.5868 17.5248,
	6.58955 17.5304,
	6.59093 17.5352,
	6.59369 17.5407,
	6.59507 17.5421,
	6.59507 17.5434,
	6.60402 17.5538,
	6.60816 17.5593,
	6.60953 17.5607,
	6.60953 17.5717,
	6.60953 17.5772,
	6.60609 17.5882,
	6.60402 17.5937,
	6.60402 17.5951,
	6.60264 17.5965,
	6.59851 17.6075,
	6.59851 17.6103,
	6.59713 17.6116,
	6.59644 17.6144,
	6.59507 17.6158,
	6.59369 17.6213,
	6.59162 17.624,
	6.59162 17.6254,
	6.57784 17.6475,
	6.57095 17.6578,
	6.56889 17.6599,
	6.56889 17.6612,
	6.56544 17.6661,
	6.56338 17.6688,
	6.56338 17.6702,
	6.562 17.6709,
	6.562 17.6723,
	6.55511 17.6826,
	6.55511 17.684,
	6.54891 17.695,
	6.54753 17.6978,
	6.54615 17.6984,
	6.54133 17.7088,
	6.53926 17.7108,
	6.53857 17.7136,
	6.53168 17.7246,
	6.5248 17.7343,
	6.52411 17.737,
	6.51928 17.7425,
	6.51928 17.7439,
	6.51584 17.7481,
	6.50619 17.7584,
	6.49035 17.7763,
	6.47037 17.7921,
	6.4497 17.8045,
	6.44144 17.8128,
	6.43592 17.8169,
	6.4249 17.8176,
	6.41388 17.8169,
	6.40837 17.8163,
	6.40286 17.8169,
	6.4001 17.8176,
	6.38908 17.8238,
	6.37805 17.8259,
	6.37254 17.8266,
	6.36979 17.8266,
	6.36703 17.8252,
	6.35601 17.8231,
	6.3505 17.8218,
	6.34912 17.8218,
	6.34774 17.8204,
	6.34223 17.8197,
	6.33121 17.8163,
	6.3257 17.8149,
	6.32294 17.8135,
	6.32019 17.8135,
	6.31881 17.8135,
	6.31743 17.8121,
	6.30641 17.8094,
	6.30503 17.808,
	6.30227 17.808,
	6.28023 17.8018,
	6.27472 17.8011,
	6.2692 17.799,
	6.26645 17.799,
	6.26369 17.7977,
	6.24165 17.7935,
	6.23063 17.7915,
	6.22925 17.7901,
	6.22649 17.7901,
	6.20445 17.7825,
	6.1824 17.7722,
	6.18102 17.7708,
	6.17964 17.7708,
	6.16862 17.7646,
	6.16587 17.7625,
	6.16311 17.7618,
	6.16242 17.7605,
	6.16104 17.7605,
	6.15553 17.757,
	6.15347 17.7549,
	6.15071 17.7543,
	6.13073 17.7391,
	6.11213 17.7232,
	6.10317 17.7143,
	6.10317 17.7129,
	6.10042 17.7102,
	6.09904 17.7088,
	6.09904 17.7074,
	6.09766 17.706,
	6.0956 17.695,
	6.0956 17.684,
	6.0956 17.6826,
	"/>
</Transform>

<Transform dim="0"
 xcoef=" 0 1 0 0 0 0"
 ycoef=" 0 0 1 0 0 0">
<Contour name="d63c10" hidden="false" closed="true" simplified="true" border="0 0 1" fill="0 0 1" mode="11"
 points="6.17689 17.7632,
	6.17827 17.7605,
	6.17827 17.7577,
	6.18516 17.7467,
	6.1948 17.7363,
	6.19893 17.7315,
	6.20169 17.7288,
	6.20307 17.7288,
	6.20789 17.7246,
	6.2134 17.7219,
	6.22442 17.7191,
	6.23545 17.7191,
	6.24647 17.7219,
	6.24923 17.7219,
	6.24992 17.7232,
	6.26094 17.7267,
	6.28298 17.7363,
	6.29263 17.7432,
	6.29814 17.7453,
	6.29952 17.7467,
	6.3009 17.7467,
	6.31054 17.7543,
	6.31536 17.7577,
	6.31743 17.7605,
	6.3195 17.7618,
	6.32501 17.7673,
	6.32776 17.7701,
	6.32776 17.7715,
	6.3319 17.777,
	6.33327 17.7797,
	6.33465 17.7811,
	6.33534 17.7839,
	6.33672 17.7846,
	6.33672 17.7873,
	6.3381 17.7901,
	6.33879 17.8011,
	6.33741 17.8121,
	6.33672 17.8176,
	6.33327 17.8287,
	6.33121 17.8342,
	6.33052 17.8369,
	6.32914 17.8383,
	6.32914 17.8397,
	6.32776 17.8411,
	6.32776 17.8424,
	6.32294 17.8466,
	6.32019 17.8486,
	6.30916 17.8507,
	6.28712 17.8486,
	6.28161 17.8466,
	6.27885 17.8466,
	6.27609 17.8452,
	6.27334 17.8452,
	6.27196 17.8438,
	6.26645 17.8424,
	6.26507 17.8424,
	6.26369 17.8411,
	6.25818 17.8404,
	6.24716 17.8369,
	6.24165 17.8355,
	6.23889 17.8342,
	6.23614 17.8342,
	6.23063 17.8321,
	6.22787 17.8307,
	6.22511 17.8307,
	6.21409 17.8266,
	6.21271 17.8252,
	6.20169 17.8211,
	6.19136 17.8142,
	6.18653 17.8094,
	6.18447 17.808,
	6.18102 17.8025,
	6.17827 17.7915,
	6.17689 17.7804,
	6.17689 17.7694,
	6.17689 17.7639,
	"/>
</Transform>

<Transform dim="0"
 xcoef=" 0 1 0 0 0 0"
 ycoef=" 0 0 1 0 0 0">
<Contour name="d63cfa10" hidden="false" closed="false" simplified="false" border="0 1 0" fill="1 0.5 0" mode="11"
 points="6.33562 17.8007,
	6.31771 17.789,
	6.29635 17.7786,
	6.26397 17.7662,
	6.22884 17.7538,
	6.19508 17.7476,
	"/>
</Transform>

<Transform dim="0"
 xcoef=" 0 1 0 0 0 0"
 ycoef=" 0 0 1 0 0 0">
<Contour name="d63sp11" hidden="false" closed="true" simplified="true" border="1 0 0" fill="1 0 0" mode="11"
 points="6.9438 16.1594,
	6.94713 16.1488,
	6.94846 16.1461,
	6.95179 16.1035,
	6.95378 16.0982,
	6.95378 16.0955,
	6.95511 16.0942,
	6.95711 16.0889,
	6.95711 16.0876,
	6.95844 16.0862,
	6.95844 16.0849,
	6.96176 16.0796,
	6.96376 16.0743,
	6.96576 16.0716,
	6.96576 16.0703,
	6.96709 16.0689,
	6.96908 16.0636,
	6.96975 16.061,
	6.97174 16.0583,
	6.97241 16.0556,
	6.97374 16.055,
	6.97374 16.0536,
	6.97573 16.051,
	6.97573 16.0496,
	6.97706 16.0483,
	6.97906 16.0437,
	6.97906 16.0423,
	6.98106 16.0397,
	6.98571 16.029,
	6.98904 16.019,
	6.9897 16.0164,
	6.9897 16.0151,
	6.99103 16.0137,
	6.99303 16.0031,
	6.99436 16.0004,
	6.99436 15.9978,
	6.99769 15.9871,
	7.00035 15.9818,
	7.00367 15.9711,
	7.01365 15.9499,
	7.01365 15.9485,
	7.01498 15.9479,
	7.01631 15.9425,
	7.01831 15.9399,
	7.02164 15.9292,
	7.02164 15.9279,
	7.02297 15.9266,
	7.02629 15.9159,
	7.02696 15.9133,
	7.02829 15.9119,
	7.02895 15.9066,
	7.03228 15.896,
	7.03361 15.8933,
	7.03361 15.8907,
	7.03494 15.888,
	7.03494 15.8853,
	7.0396 15.8747,
	7.04026 15.872,
	7.04226 15.8694,
	7.04558 15.8587,
	7.04558 15.8561,
	7.04692 15.8534,
	7.04891 15.8428,
	7.04958 15.8215,
	7.04958 15.8108,
	7.05091 15.8002,
	7.05224 15.7995,
	7.05224 15.7969,
	7.05357 15.7955,
	7.05556 15.7909,
	7.05556 15.7895,
	7.05689 15.7882,
	7.05889 15.7829,
	7.06222 15.7782,
	7.06754 15.7742,
	7.06953 15.7722,
	7.0702 15.7709,
	7.07153 15.7709,
	7.07685 15.7656,
	7.07818 15.7656,
	7.07951 15.7643,
	7.08084 15.7643,
	7.08483 15.7603,
	7.09016 15.7583,
	7.09282 15.7576,
	7.09415 15.7563,
	7.09947 15.7549,
	7.10213 15.7536,
	7.10479 15.7536,
	7.11544 15.7496,
	7.12608 15.747,
	7.12874 15.747,
	7.1314 15.7456,
	7.13406 15.7456,
	7.13938 15.7436,
	7.15003 15.7436,
	7.15535 15.7456,
	7.16466 15.7523,
	7.16865 15.7556,
	7.17863 15.7629,
	7.18262 15.7669,
	7.18462 15.7689,
	7.18595 15.7689,
	7.19526 15.7796,
	7.19659 15.7802,
	7.19659 15.7816,
	7.20458 15.7909,
	7.21256 15.7982,
	7.21323 15.7995,
	7.21456 15.7995,
	7.2232 15.8068,
	7.23318 15.8168,
	7.23717 15.8221,
	7.2385 15.8235,
	7.2385 15.8248,
	7.24117 15.8275,
	7.2425 15.8301,
	7.24383 15.8308,
	7.24383 15.8321,
	7.25048 15.8421,
	7.25048 15.8434,
	7.25381 15.8487,
	7.2558 15.8514,
	7.25647 15.8541,
	7.2578 15.8554,
	7.2578 15.8567,
	7.25913 15.8581,
	7.25913 15.8594,
	7.26112 15.862,
	7.26511 15.8727,
	7.26778 15.878,
	7.27443 15.8993,
	7.27509 15.902,
	7.27642 15.9026,
	7.28973 15.9452,
	7.29172 15.9479,
	7.29505 15.9585,
	7.29971 15.9691,
	7.30237 15.9745,
	7.30237 15.9758,
	7.3037 15.9765,
	7.3037 15.9791,
	7.30569 15.9844,
	7.30702 15.9858,
	7.31035 15.9964,
	7.31035 15.9978,
	7.31168 15.9991,
	7.31368 16.0097,
	7.31501 16.0104,
	7.31567 16.0317,
	7.31501 16.037,
	7.31301 16.0423,
	7.31301 16.0437,
	7.31168 16.045,
	7.30237 16.0663,
	7.30104 16.0689,
	7.30104 16.0703,
	7.29971 16.0716,
	7.29971 16.0743,
	7.29838 16.0756,
	7.29838 16.0782,
	7.29439 16.0889,
	7.29172 16.0995,
	7.28773 16.1102,
	7.2864 16.1128,
	7.2864 16.1155,
	7.28308 16.1261,
	7.28175 16.1275,
	7.27642 16.1488,
	7.27642 16.1514,
	7.27576 16.1528,
	7.25447 16.1534,
	7.23318 16.1528,
	7.22254 16.1528,
	7.20125 16.1501,
	7.17996 16.1461,
	7.09481 16.1395,
	7.05224 16.1388,
	7.03095 16.1381,
	7.02031 16.1381,
	7.01498 16.1381,
	7.01232 16.1395,
	7.00966 16.1395,
	7.00833 16.1395,
	7.007 16.1408,
	7.00434 16.1408,
	6.9937 16.1448,
	6.99037 16.1468,
	6.94779 16.1601,
	6.94513 16.1607,
	6.9438 16.1601,
	"/>
</Transform>

<Transform dim="0"
 xcoef=" 0 1 0 0 0 0"
 ycoef=" 0 0 1 0 0 0">
<Contour name="d63cfa11" hidden="false" closed="false" simplified="false" border="0 1 0" fill="1 0.5 0" mode="11"
 points="7.16353 15.7796,
	7.17684 15.8009,
	7.19214 15.8209,
	7.21342 15.8482,
	7.23205 15.8768,
	7.24536 15.8994,
	7.25467 15.9227,
	7.27063 15.9632,
	7.28793 16.0131,
	"/>
</Transform>

<Transform dim="0"
 xcoef=" 0 1 0 0 0 0"
 ycoef=" 0 0 1 0 0 0">
<Contour name="d63c11" hidden="false" closed="true" simplified="true" border="0 0 1" fill="0 0 1" mode="11"
 points="7.15511 15.804,
	7.15675 15.7952,
	7.16004 15.7865,
	7.16059 15.7821,
	7.16442 15.7739,
	7.16552 15.7733,
	7.16552 15.7722,
	7.17921 15.7585,
	7.18304 15.7542,
	7.18962 15.7481,
	7.194 15.7449,
	7.19838 15.7432,
	7.19948 15.7421,
	7.20057 15.7421,
	7.20496 15.7394,
	7.20715 15.7383,
	7.21591 15.7372,
	7.22029 15.7377,
	7.22906 15.741,
	7.23015 15.7421,
	7.23234 15.7421,
	7.23618 15.7438,
	7.24001 15.7465,
	7.24111 15.7465,
	7.24166 15.7476,
	7.24275 15.7476,
	7.25097 15.7542,
	7.25535 15.758,
	7.25754 15.7596,
	7.25864 15.7618,
	7.26302 15.7657,
	7.26466 15.7679,
	7.2685 15.7706,
	7.27452 15.7783,
	7.27781 15.7816,
	7.28 15.7832,
	7.28 15.7843,
	7.28548 15.792,
	7.28822 15.7958,
	7.29205 15.7996,
	7.29479 15.804,
	7.29644 15.8057,
	7.29698 15.8078,
	7.30301 15.8155,
	7.30849 15.8243,
	7.31068 15.8287,
	7.31068 15.8298,
	7.31232 15.8319,
	7.31232 15.833,
	7.31342 15.8336,
	7.31506 15.838,
	7.31616 15.8402,
	7.31616 15.8413,
	7.31725 15.8424,
	7.32328 15.8599,
	7.32437 15.8643,
	7.32492 15.8665,
	7.32492 15.8676,
	7.32602 15.8687,
	7.33259 15.9037,
	7.33588 15.9212,
	7.33697 15.9563,
	7.33752 15.9651,
	7.33697 15.9738,
	7.33423 15.9826,
	7.33149 15.987,
	7.32875 15.9903,
	7.32547 15.9946,
	7.32109 15.9985,
	7.31396 16.0034,
	7.31013 16.0061,
	7.30794 16.0078,
	7.30684 16.0078,
	7.30465 16.0094,
	7.30356 16.0094,
	7.29917 16.0122,
	7.29479 16.0138,
	7.2926 16.0149,
	7.28384 16.016,
	7.27507 16.0155,
	7.27069 16.0144,
	7.26959 16.0144,
	7.2685 16.0133,
	7.26412 16.0122,
	7.25973 16.01,
	7.25754 16.0089,
	7.25645 16.0078,
	7.25426 16.0072,
	7.25316 16.0061,
	7.24933 16.0045,
	7.24823 16.0034,
	7.24713 16.0034,
	7.24659 16.0023,
	7.24549 16.0023,
	7.23837 15.9946,
	7.23563 15.9908,
	7.22851 15.982,
	7.22577 15.9777,
	7.22413 15.9755,
	7.22303 15.9711,
	7.22084 15.9667,
	7.22084 15.9656,
	7.21975 15.9645,
	7.21372 15.947,
	7.21098 15.9382,
	7.20989 15.9338,
	7.20989 15.9327,
	7.20879 15.9316,
	7.20879 15.9273,
	7.20605 15.9185,
	7.20057 15.9108,
	7.20003 15.9086,
	7.19893 15.9081,
	7.19893 15.907,
	7.19783 15.9064,
	7.19729 15.9043,
	7.19619 15.9032,
	7.19619 15.9021,
	7.19017 15.8933,
	7.18085 15.8769,
	7.16935 15.8604,
	7.16552 15.8522,
	7.16387 15.8478,
	7.16113 15.8435,
	7.1562 15.8259,
	7.15511 15.8084,
	7.15511 15.8046,
	"/>
</Transform>

<Transform dim="0"
 xcoef=" 0 1 0 0 0 0"
 ycoef=" 0 0 1 0 0 0">
<Contour name="d63sp12" hidden="false" closed="true" simplified="true" border="1 0 0" fill="1 0 0" mode="11"
 points="6.23911 16.8685,
	6.2451 16.8493,
	6.2487 16.8397,
	6.25109 16.8349,
	6.25469 16.8307,
	6.25948 16.8266,
	6.26427 16.8236,
	6.28225 16.8152,
	6.29123 16.8092,
	6.29603 16.8062,
	6.29842 16.8044,
	6.29962 16.8044,
	6.30322 16.8014,
	6.30801 16.7984,
	6.3122 16.7966,
	6.3146 16.7948,
	6.32419 16.7942,
	6.33377 16.7966,
	6.33497 16.7978,
	6.34455 16.7996,
	6.34935 16.8014,
	6.35893 16.8032,
	6.36373 16.8044,
	6.37331 16.8086,
	6.3781 16.811,
	6.3805 16.8116,
	6.39009 16.8176,
	6.39488 16.8206,
	6.39788 16.8236,
	6.40447 16.8325,
	6.40566 16.8337,
	6.40566 16.8349,
	6.41106 16.8439,
	6.41225 16.8487,
	6.41345 16.8499,
	6.41525 16.8595,
	6.41645 16.8643,
	6.41585 16.8739,
	6.41465 16.8751,
	6.41465 16.8775,
	6.41345 16.8787,
	6.41285 16.8811,
	6.39728 16.8972,
	6.38949 16.9038,
	6.3805 16.9104,
	6.36133 16.917,
	6.35654 16.9182,
	6.35174 16.9182,
	6.34695 16.917,
	6.33737 16.9116,
	6.32838 16.9098,
	6.31879 16.9104,
	6.314 16.9104,
	6.3116 16.9098,
	6.29243 16.9116,
	6.28285 16.9098,
	6.27326 16.9068,
	6.26847 16.905,
	6.26667 16.9032,
	6.26547 16.9032,
	6.26427 16.902,
	6.26308 16.902,
	6.25349 16.896,
	6.2499 16.8925,
	6.2487 16.8925,
	6.24211 16.8853,
	6.23971 16.8805,
	6.23911 16.8709,
	6.23911 16.8691,
	"/>
</Transform>

<Transform dim="0"
 xcoef=" 0 1 0 0 0 0"
 ycoef=" 0 0 1 0 0 0">
<Contour name="d63sp13" hidden="false" closed="true" simplified="true" border="1 0 0" fill="1 0 0" mode="11"
 points="7.91164 16.4962,
	7.91245 16.4946,
	7.91245 16.493,
	7.91366 16.4897,
	7.91366 16.4889,
	7.91447 16.4881,
	7.91731 16.4816,
	7.92095 16.4752,
	7.92095 16.4744,
	7.92176 16.4735,
	7.92176 16.4727,
	7.92379 16.4695,
	7.925 16.4679,
	7.925 16.4671,
	7.93108 16.461,
	7.93269 16.4594,
	7.93836 16.4565,
	7.94484 16.4533,
	7.94565 16.4533,
	7.95173 16.4492,
	7.95334 16.4476,
	7.95496 16.4468,
	7.95537 16.446,
	7.95618 16.446,
	7.95699 16.4448,
	7.96023 16.442,
	7.96185 16.4395,
	7.96711 16.4339,
	7.97156 16.4286,
	7.97278 16.427,
	7.97359 16.4266,
	7.97359 16.4258,
	7.97602 16.4233,
	7.97885 16.4201,
	7.97966 16.4189,
	7.9825 16.416,
	7.98493 16.414,
	7.98817 16.4128,
	7.98898 16.4128,
	7.98979 16.412,
	7.99626 16.412,
	7.9995 16.412,
	8.00598 16.4132,
	8.00922 16.414,
	8.01084 16.4152,
	8.01246 16.4152,
	8.0157 16.4165,
	8.01732 16.4173,
	8.01813 16.4181,
	8.01894 16.4181,
	8.02218 16.4205,
	8.0238 16.4213,
	8.02461 16.4213,
	8.02501 16.4221,
	8.02663 16.4225,
	8.03797 16.4302,
	8.0408 16.4322,
	8.04404 16.4351,
	8.04688 16.4371,
	8.04769 16.4383,
	8.05376 16.4428,
	8.057 16.446,
	8.06226 16.4517,
	8.06429 16.4541,
	8.06631 16.4573,
	8.06793 16.459,
	8.06874 16.4606,
	8.06955 16.4614,
	8.06955 16.4622,
	8.07076 16.4634,
	8.07076 16.4642,
	8.07157 16.465,
	8.074 16.4715,
	8.07481 16.4723,
	8.07481 16.4739,
	8.07765 16.4804,
	8.07886 16.4833,
	8.08332 16.4889,
	8.08615 16.4918,
	8.08736 16.493,
	8.08736 16.4938,
	8.08817 16.4942,
	8.08858 16.4974,
	8.08696 16.5039,
	8.08615 16.5047,
	8.08575 16.5063,
	8.08575 16.5071,
	8.08494 16.508,
	8.08372 16.5112,
	8.08291 16.512,
	8.08251 16.5136,
	8.07886 16.5197,
	8.0736 16.5254,
	8.06833 16.5318,
	8.06226 16.5371,
	8.05659 16.5416,
	8.05497 16.542,
	8.04971 16.5464,
	8.0489 16.5464,
	8.04849 16.5472,
	8.04769 16.5472,
	8.04202 16.5517,
	8.04161 16.5525,
	8.0408 16.5525,
	8.03756 16.5549,
	8.03675 16.5557,
	8.03594 16.5557,
	8.02987 16.5594,
	8.02663 16.561,
	8.02582 16.5618,
	8.02501 16.5618,
	8.0242 16.5626,
	8.01772 16.5655,
	8.0161 16.5663,
	8.01529 16.5671,
	8.00882 16.5691,
	8.0072 16.5699,
	7.99424 16.5719,
	7.991 16.5727,
	7.98776 16.5744,
	7.98695 16.5744,
	7.98655 16.5752,
	7.98331 16.5764,
	7.9825 16.5772,
	7.98169 16.5772,
	7.97885 16.5796,
	7.97764 16.5804,
	7.97723 16.5812,
	7.97642 16.5812,
	7.97561 16.5825,
	7.97237 16.5853,
	7.96954 16.5873,
	7.9663 16.5885,
	7.95982 16.5893,
	7.95658 16.5885,
	7.95011 16.5841,
	7.94768 16.5812,
	7.94241 16.5768,
	7.94039 16.574,
	7.93512 16.5679,
	7.92703 16.5553,
	7.92703 16.5545,
	7.925 16.5513,
	7.9246 16.5497,
	7.92379 16.5489,
	7.91852 16.5359,
	7.9165 16.5294,
	7.91569 16.5278,
	7.91569 16.5262,
	7.91366 16.5197,
	7.91164 16.5067,
	7.91164 16.5003,
	7.91164 16.497,
	7.91164 16.4966,
	"/>
</Transform>

<Transform dim="0"
 xcoef=" 0 1 0 0 0 0"
 ycoef=" 0 0 1 0 0 0">
<Contour name="d63sp36" hidden="false" closed="true" simplified="true" border="1 0 0" fill="1 0 0" mode="11"
 points="7.97809 15.5462,
	7.98122 15.542,
	7.98331 15.5404,
	7.98748 15.5394,
	7.98957 15.5394,
	7.99374 15.5373,
	8.01043 15.5336,
	8.01461 15.5326,
	8.01878 15.5305,
	8.02295 15.5295,
	8.02504 15.529,
	8.02608 15.529,
	8.0266 15.5279,
	8.03078 15.5263,
	8.03286 15.5263,
	8.03495 15.5248,
	8.03704 15.5248,
	8.03808 15.5237,
	8.03912 15.5237,
	8.04017 15.5227,
	8.04851 15.5201,
	8.05269 15.5185,
	8.05686 15.518,
	8.0579 15.517,
	8.0746 15.5154,
	8.09129 15.5154,
	8.10798 15.5185,
	8.11633 15.5206,
	8.1205 15.5211,
	8.12467 15.5227,
	8.14137 15.5248,
	8.14971 15.5248,
	8.16641 15.5227,
	8.1831 15.5222,
	8.18519 15.5227,
	8.18623 15.5237,
	8.18831 15.5243,
	8.18988 15.5263,
	8.19092 15.5305,
	8.18936 15.5472,
	8.18884 15.5514,
	8.18884 15.5535,
	8.18727 15.5556,
	8.18675 15.5597,
	8.1831 15.5681,
	8.1831 15.5691,
	8.17788 15.5769,
	8.17475 15.5806,
	8.17371 15.5827,
	8.16536 15.5895,
	8.16328 15.5905,
	8.15649 15.5973,
	8.14971 15.603,
	8.13459 15.6145,
	8.1325 15.6155,
	8.13198 15.6166,
	8.12989 15.6171,
	8.12624 15.6202,
	8.12259 15.6223,
	8.12207 15.6234,
	8.11424 15.627,
	8.11007 15.6286,
	8.10798 15.6302,
	8.09963 15.6328,
	8.09129 15.6338,
	8.0746 15.6338,
	8.06625 15.6338,
	8.0579 15.6307,
	8.05373 15.6296,
	8.05321 15.6286,
	8.05216 15.6286,
	8.0506 15.627,
	8.04643 15.626,
	8.04434 15.626,
	8.04382 15.6249,
	8.03965 15.6234,
	8.03756 15.6228,
	8.03652 15.6218,
	8.03547 15.6218,
	8.03443 15.6208,
	8.03339 15.6208,
	8.02921 15.6182,
	8.02243 15.6119,
	8.01982 15.6088,
	8.01461 15.6009,
	8.01304 15.5989,
	8.01304 15.5978,
	8.01148 15.5962,
	8.01148 15.5952,
	8.00626 15.5879,
	8.00522 15.5869,
	8.00522 15.5858,
	7.99322 15.5717,
	7.98644 15.5649,
	7.98487 15.5634,
	7.98383 15.5629,
	7.98383 15.5618,
	7.98018 15.5582,
	7.97861 15.554,
	7.97809 15.5498,
	7.97809 15.5477,
	7.97809 15.5467,
	"/>
<Contour name="d63cfa36" hidden="false" closed="false" simplified="false" border="0 1 0" fill="1 0.5 0" mode="11"
 points="8.12643 15.5364,
	8.11126 15.5357,
	8.10042 15.535,
	8.08886 15.5357,
	8.07621 15.5364,
	8.0614 15.539,
	8.04767 15.5422,
	8.03068 15.5466,
	7.99564 15.5578,
	"/>
</Transform>

<Transform dim="0"
 xcoef=" 0 1 0 0 0 0"
 ycoef=" 0 0 1 0 0 0">
<Contour name="d63c36" hidden="false" closed="true" simplified="true" border="0 0 1" fill="0 0 1" mode="11"
 points="7.98568 15.5079,
	7.98779 15.5012,
	7.98948 15.4978,
	7.99244 15.4944,
	7.99835 15.4893,
	8.00173 15.4872,
	8.00342 15.4864,
	8.00384 15.4855,
	8.00722 15.4843,
	8.00891 15.4834,
	8.00976 15.4834,
	8.0106 15.4826,
	8.01145 15.4826,
	8.01483 15.4805,
	8.01821 15.4792,
	8.0199 15.4784,
	8.02159 15.4784,
	8.02454 15.4771,
	8.02539 15.4762,
	8.03891 15.4733,
	8.04567 15.4716,
	8.05243 15.4716,
	8.05919 15.4707,
	8.0727 15.4707,
	8.08622 15.4716,
	8.09298 15.472,
	8.09974 15.4737,
	8.10312 15.4745,
	8.10481 15.475,
	8.10566 15.4758,
	8.10735 15.4758,
	8.11073 15.4771,
	8.11368 15.4792,
	8.11495 15.4805,
	8.1158 15.4805,
	8.12213 15.4855,
	8.1272 15.4914,
	8.1272 15.4923,
	8.12931 15.4953,
	8.13058 15.4969,
	8.13185 15.5003,
	8.13185 15.502,
	8.13312 15.5054,
	8.13396 15.5071,
	8.13481 15.5206,
	8.13481 15.5223,
	8.13396 15.524,
	8.13396 15.5257,
	8.13269 15.529,
	8.13185 15.5307,
	8.13185 15.5324,
	8.12974 15.5358,
	8.12847 15.5392,
	8.12805 15.5409,
	8.12593 15.5443,
	8.12509 15.5447,
	8.12509 15.5455,
	8.11917 15.5519,
	8.11748 15.5531,
	8.11664 15.5544,
	8.11073 15.559,
	8.10735 15.5603,
	8.1065 15.5612,
	8.09974 15.5633,
	8.0989 15.5641,
	8.09552 15.5645,
	8.09383 15.5654,
	8.08031 15.5666,
	8.06679 15.5666,
	8.06003 15.5666,
	8.05327 15.5675,
	8.04651 15.5692,
	8.04313 15.5696,
	8.03975 15.5709,
	8.02623 15.5717,
	8.01272 15.5717,
	8.00934 15.5717,
	8.00596 15.5704,
	8.00427 15.5696,
	8.00342 15.5696,
	7.99709 15.5641,
	7.99624 15.5641,
	7.99159 15.559,
	7.99033 15.5557,
	7.98948 15.5548,
	7.98948 15.5514,
	7.98737 15.5379,
	7.9861 15.5312,
	7.98568 15.5176,
	7.98568 15.5109,
	7.98568 15.5092,
	7.98568 15.5083,
	"/>
</Transform>

<Transform dim="0"
 xcoef=" 0 1 0 0 0 0"
 ycoef=" 0 0 1 0 0 0">
<Contour name="d51san06" hidden="false" closed="true" simplified="false" border="1 0 0" fill="0 1 0" mode="-11"
 points="10.3073 21.4405,
	10.3073 21.4299,
	10.3179 21.4299,
	10.3179 21.4192,
	10.3286 21.4192,
	10.3286 21.4299,
	10.3392 21.4299,
	10.3392 21.4405,
	10.3286 21.4405,
	10.3286 21.4512,
	10.3179 21.4512,
	10.3179 21.4405,
	"/>
</Transform>

<Transform dim="1"
 xcoef=" 0.03 1 0 0 0 0"
 ycoef=" -0.07 0 1 0 0 0">
<Contour name="d61serb12" hidden="false" closed="true" simplified="true" border="1 1 0" fill="1 1 0" mode="11"
 points="16.0159 17.2119,
	16.0159 17.2005,
	16.0045 17.2005,
	16.0045 17.189,
	16.0159 17.189,
	16.0159 17.1776,
	16.0272 17.1776,
	16.0272 17.189,
	16.0386 17.189,
	16.0386 17.2005,
	16.0272 17.2005,
	16.0272 17.2119,
	"/>
</Transform>

<Transform dim="0"
 xcoef=" 0 1 0 0 0 0"
 ycoef=" 0 0 1 0 0 0">
<Contour name="mito08_php2016" hidden="false" closed="false" simplified="true" border="1 0.501961 0" fill="1 0 0" mode="11"
 points="21.6392 18.2074,
	21.7757 18.3954,
	"/>
</Transform>

</Section>