<?xml version="1.0"?>
<!DOCTYPE Section SYSTEM "section.dtd">

<Section index="225" thickness="0.047" alignLocked="true">
<Transform dim="0"
 xcoef=" 0 1 0 0 0 0"
 ycoef=" 0 0 1 0 0 0">
<Image mag="0.002066" contrast="1.77081" brightness="-0.18" red="true" green="true" blue="true"
 src="226____z11.112.jpg" />
<Contour name="domain1" hidden="false" closed="true" simplified="false" border="1 0 1" fill="1 0 1" mode="11"
 points="0 0,
	17608 0,
	17608 16967,
	0 16967,
	"/>
</Transform>

<Transform dim="0"
 xcoef=" 0 1 0 0 0 0"
 ycoef=" 0 0 1 0 0 0">
<Contour name="D04" hidden="false" closed="true" simplified="true" border="0 0 1" fill="0 0 1" mode="11"
 points="18.8931 26.7018,
	18.8333 26.6935,
	18.7794 26.6692,
	18.7366 26.6314,
	18.6996 26.531,
	18.709 26.4782,
	18.7366 26.4306,
	18.7794 26.3928,
	18.8333 26.3686,
	18.8931 26.3603,
	18.9529 26.3686,
	19.0069 26.3928,
	19.0497 26.4306,
	19.0772 26.4782,
	19.0867 26.531,
	19.0772 26.5837,
	19.0497 26.6314,
	19.0069 26.6692,
	18.9529 26.6935,
	"/>
</Transform>

<Transform dim="0"
 xcoef=" 0 1 0 0 0 0"
 ycoef=" 0 0 1 0 0 0">
<Contour name="D13" hidden="false" closed="true" simplified="true" border="0 0 1" fill="0 0 1" mode="11"
 points="21.0244 23.1692,
	20.9646 23.1614,
	20.9106 23.1387,
	20.8678 23.1035,
	20.8308 23.0098,
	20.8404 22.9605,
	20.8678 22.9161,
	20.9106 22.8808,
	20.9646 22.8582,
	21.0244 22.8503,
	21.0843 22.8582,
	21.1382 22.8808,
	21.181 22.9161,
	21.2085 22.9605,
	21.2179 23.0098,
	21.2085 23.0591,
	21.181 23.1035,
	21.1382 23.1387,
	21.0843 23.1614,
	"/>
</Transform>

<Transform dim="0"
 xcoef=" 0 1 0 0 0 0"
 ycoef=" 0 0 1 0 0 0">
<Contour name="D51" hidden="false" closed="true" simplified="true" border="0 0 1" fill="0 0 1" mode="11"
 points="9.08166 22.5684,
	9.02692 22.5606,
	8.97747 22.5384,
	8.93819 22.5037,
	8.90434 22.4117,
	8.91297 22.3634,
	8.93819 22.3197,
	8.97747 22.2852,
	9.02692 22.2629,
	9.08166 22.2552,
	9.13649 22.2629,
	9.18594 22.2852,
	9.22522 22.3197,
	9.25037 22.3634,
	9.25906 22.4117,
	9.25037 22.4601,
	9.22522 22.5037,
	9.18594 22.5384,
	9.13649 22.5606,
	"/>
</Transform>

<Transform dim="0"
 xcoef=" 0 1 0 0 0 0"
 ycoef=" 0 0 1 0 0 0">
<Contour name="D08" hidden="false" closed="true" simplified="true" border="0 0 1" fill="0 0 1" mode="11"
 points="7.33584 26.407,
	7.27251 26.3991,
	7.21538 26.3765,
	7.17005 26.3412,
	7.13091 26.2475,
	7.14094 26.1983,
	7.17005 26.1538,
	7.21538 26.1186,
	7.27251 26.0959,
	7.33584 26.0882,
	7.39918 26.0959,
	7.45631 26.1186,
	7.50164 26.1538,
	7.53075 26.1983,
	7.54078 26.2475,
	7.53075 26.2968,
	7.50164 26.3412,
	7.45631 26.3765,
	7.39918 26.3991,
	"/>
</Transform>

<Transform dim="0"
 xcoef=" 0 1 0 0 0 0"
 ycoef=" 0 0 1 0 0 0">
<Contour name="D61" hidden="false" closed="true" simplified="true" border="0 0 1" fill="0 0 1" mode="11"
 points="18.3026 18.8302,
	18.2801 18.827,
	18.259 18.8189,
	18.2405 18.8063,
	18.2257 18.7901,
	18.2153 18.7709,
	18.2093 18.7393,
	18.212 18.7178,
	18.2199 18.6977,
	18.2326 18.6798,
	18.2493 18.6653,
	18.2693 18.6549,
	18.2912 18.6493,
	18.314 18.6486,
	18.3362 18.6531,
	18.3567 18.6623,
	18.3744 18.6758,
	18.3881 18.693,
	18.3974 18.7126,
	18.4014 18.7339,
	18.4001 18.7553,
	18.3933 18.7759,
	18.3818 18.7944,
	18.366 18.8099,
	18.3468 18.8213,
	18.3252 18.8283,
	"/>
</Transform>

<Transform dim="0"
 xcoef=" 0 1 0 0 0 0"
 ycoef=" 0 0 1 0 0 0">
<Contour name="D63" hidden="false" closed="true" simplified="true" border="0 0 1" fill="0 0 1" mode="11"
 points="9.51019 15.7447,
	9.49571 15.7422,
	9.48189 15.7365,
	9.46921 15.7277,
	9.45816 15.7163,
	9.44911 15.7025,
	9.44241 15.6869,
	9.4369 15.6527,
	9.43829 15.6353,
	9.44241 15.6185,
	9.44911 15.6029,
	9.45816 15.5891,
	9.46921 15.5777,
	9.48189 15.5689,
	9.49571 15.5631,
	9.51019 15.5606,
	9.52481 15.5615,
	9.53903 15.5657,
	9.55234 15.573,
	9.56425 15.5831,
	9.57435 15.5957,
	9.58226 15.6104,
	9.5877 15.6268,
	9.59047 15.6439,
	9.59047 15.6615,
	9.5877 15.6787,
	9.58226 15.6949,
	9.57435 15.7097,
	9.56425 15.7223,
	9.55234 15.7325,
	9.53903 15.7397,
	9.52481 15.7439,
	"/>
</Transform>

<Transform dim="0"
 xcoef=" 0 1 0 0 0 0"
 ycoef=" 0 0 1 0 0 0">
<Contour name="D26" hidden="false" closed="true" simplified="true" border="0 0 1" fill="0 0 1" mode="11"
 points="16.3428 27.5588,
	16.2759 27.5509,
	16.2157 27.5283,
	16.1678 27.493,
	16.1265 27.3993,
	16.137 27.35,
	16.1678 27.3056,
	16.2157 27.2704,
	16.2759 27.2477,
	16.3428 27.2399,
	16.4096 27.2477,
	16.4699 27.2704,
	16.5178 27.3056,
	16.5485 27.35,
	16.5591 27.3993,
	16.5485 27.4486,
	16.5178 27.493,
	16.4699 27.5283,
	16.4096 27.5509,
	"/>
</Transform>

<Transform dim="0"
 xcoef=" 0 1 0 0 0 0"
 ycoef=" 0 0 1 0 0 0">
<Contour name="D16" hidden="false" closed="true" simplified="true" border="1 0 0" fill="1 0 0" mode="11"
 points="22.3425 28.0749,
	22.2898 28.0671,
	22.2422 28.0445,
	22.2044 28.0092,
	22.1717 27.9155,
	22.1801 27.8663,
	22.2044 27.8218,
	22.2422 27.7866,
	22.2898 27.764,
	22.3425 27.7562,
	22.3953 27.764,
	22.4429 27.7866,
	22.4807 27.8218,
	22.5049 27.8663,
	22.5133 27.9155,
	22.5049 27.9648,
	22.4807 28.0092,
	22.4429 28.0445,
	22.3953 28.0671,
	"/>
</Transform>

<Transform dim="0"
 xcoef=" 0 1 0 0 0 0"
 ycoef=" 0 0 1 0 0 0">
<Contour name="d51" hidden="false" closed="true" simplified="true" border="0 0 0" fill="0 0 0" mode="11"
 points="8.82318 22.7758,
	8.78494 22.7746,
	8.76581 22.7722,
	8.75625 22.771,
	8.75147 22.7699,
	8.7419 22.7639,
	8.73951 22.759,
	8.7431 22.7399,
	8.7431 22.7304,
	8.7431 22.7256,
	8.73951 22.7173,
	8.73712 22.7137,
	8.72875 22.7052,
	8.71919 22.6993,
	8.70006 22.6909,
	8.69767 22.6885,
	8.69528 22.6885,
	8.68691 22.6814,
	8.68213 22.679,
	8.67257 22.6694,
	8.65822 22.6515,
	8.65703 22.6467,
	8.65344 22.6431,
	8.65225 22.6383,
	8.64985 22.6359,
	8.64627 22.5977,
	8.64508 22.5594,
	8.64149 22.5212,
	8.64029 22.5116,
	8.64029 22.5068,
	8.63551 22.4973,
	8.63193 22.4925,
	8.62834 22.483,
	8.62594 22.4782,
	8.62356 22.4758,
	8.62236 22.4709,
	8.61519 22.4614,
	8.61041 22.4231,
	8.60802 22.3467,
	8.60682 22.3276,
	8.60443 22.3179,
	8.60443 22.2988,
	8.60443 22.2977,
	8.60443 22.2965,
	8.60682 22.2917,
	8.60802 22.2821,
	8.62116 22.2439,
	8.62953 22.2247,
	8.63312 22.2151,
	8.63671 22.2104,
	8.6391 22.208,
	8.64268 22.1996,
	8.64747 22.1949,
	8.65344 22.1853,
	8.67137 22.1721,
	8.67616 22.1673,
	8.68094 22.1661,
	8.68572 22.1614,
	8.6881 22.159,
	8.6905 22.159,
	8.69289 22.1542,
	8.69767 22.1506,
	8.71919 22.1135,
	8.72516 22.104,
	8.73353 22.0957,
	8.73832 22.0921,
	8.7431 22.0909,
	8.76222 22.08,
	8.76701 22.0765,
	8.80526 22.0645,
	8.82438 22.0514,
	8.83155 22.0455,
	8.83633 22.0407,
	8.84112 22.0382,
	8.84112 22.0358,
	8.8459 22.0322,
	8.84949 22.0227,
	8.84949 22.0179,
	8.86024 21.9988,
	8.86981 21.9904,
	8.8722 21.988,
	8.87459 21.988,
	8.87579 21.9856,
	8.89492 21.982,
	8.8997 21.9796,
	8.90208 21.9773,
	8.91165 21.9773,
	8.92121 21.9749,
	8.92599 21.9749,
	8.94512 21.9665,
	8.98337 21.9594,
	9.0025 21.957,
	9.05988 21.957,
	9.079 21.9534,
	9.08139 21.951,
	9.09095 21.9486,
	9.09335 21.9462,
	9.09573 21.9462,
	9.09813 21.9439,
	9.10051 21.9439,
	9.10291 21.9414,
	9.11128 21.9378,
	9.12084 21.9318,
	9.12563 21.9294,
	9.12801 21.9294,
	9.13041 21.9271,
	9.13279 21.9271,
	9.13519 21.9247,
	9.15432 21.9259,
	9.16388 21.9294,
	9.16866 21.9306,
	9.17105 21.933,
	9.17583 21.933,
	9.19495 21.9414,
	9.20452 21.9439,
	9.20571 21.9462,
	9.22484 21.951,
	9.2344 21.9558,
	9.25353 21.9606,
	9.30612 21.9606,
	9.32525 21.9677,
	9.33481 21.9725,
	9.33721 21.9749,
	9.34199 21.9761,
	9.34677 21.9796,
	9.3659 21.9868,
	9.36828 21.9868,
	9.37307 21.9904,
	9.37785 21.9917,
	9.38144 21.9953,
	9.38622 21.9964,
	9.39578 22.0024,
	9.40176 22.0084,
	9.40415 22.0084,
	9.41251 22.0167,
	9.4173 22.0191,
	9.42088 22.0239,
	9.42566 22.0251,
	9.4424 22.0419,
	9.45555 22.0598,
	9.45913 22.0645,
	9.45913 22.0669,
	9.46511 22.0753,
	9.4675 22.0765,
	9.4687 22.0812,
	9.47588 22.0909,
	9.47945 22.0992,
	9.48424 22.1028,
	9.48424 22.1052,
	9.49141 22.1135,
	9.49619 22.1219,
	9.50935 22.1387,
	9.51293 22.1435,
	9.51293 22.1459,
	9.5201 22.1542,
	9.52249 22.159,
	9.52727 22.1638,
	9.52967 22.1673,
	9.53445 22.1697,
	9.53923 22.1745,
	9.54401 22.1757,
	9.54879 22.1793,
	9.56792 22.1853,
	9.5727 22.1865,
	9.57509 22.1889,
	9.57748 22.1889,
	9.59421 22.202,
	9.59661 22.2044,
	9.5978 22.2092,
	9.6002 22.2116,
	9.60498 22.2307,
	9.60498 22.3072,
	9.60139 22.3167,
	9.59542 22.3264,
	9.59302 22.33,
	9.58465 22.3383,
	9.57987 22.3395,
	9.57867 22.3419,
	9.56911 22.3455,
	9.56433 22.3467,
	9.55596 22.3538,
	9.54998 22.3622,
	9.5464 22.3646,
	9.53804 22.3729,
	9.53325 22.3778,
	9.52847 22.3802,
	9.52608 22.3826,
	9.52369 22.3826,
	9.50576 22.3945,
	9.50098 22.3957,
	9.49141 22.4016,
	9.48185 22.4052,
	9.47707 22.4088,
	9.47467 22.4112,
	9.46511 22.4148,
	9.46153 22.4195,
	9.45675 22.4207,
	9.43762 22.4363,
	9.40415 22.4638,
	9.38741 22.4782,
	9.38263 22.4794,
	9.37427 22.4877,
	9.37187 22.4877,
	9.35275 22.5032,
	9.34796 22.5044,
	9.34318 22.5092,
	9.32525 22.5212,
	9.31569 22.5296,
	9.3133 22.5296,
	9.30493 22.5379,
	9.29537 22.5439,
	9.29417 22.5463,
	9.29178 22.5463,
	9.28222 22.5546,
	9.27265 22.5606,
	9.26906 22.5642,
	9.26668 22.5642,
	9.25711 22.5714,
	9.23799 22.5798,
	9.22005 22.5905,
	9.18539 22.6157,
	9.16985 22.6264,
	9.16626 22.63,
	9.16268 22.6312,
	9.15789 22.6359,
	9.13997 22.6491,
	9.1316 22.655,
	9.1292 22.655,
	9.11964 22.6622,
	9.11726 22.6647,
	9.11486 22.6647,
	9.1065 22.6718,
	9.1041 22.6718,
	9.10051 22.6754,
	9.09813 22.6754,
	9.08857 22.6814,
	9.05031 22.6969,
	9.04553 22.6969,
	9.00728 22.7101,
	8.93077 22.728,
	8.92599 22.7304,
	8.91643 22.7316,
	8.90686 22.7352,
	8.88893 22.7483,
	8.88057 22.7542,
	8.87101 22.7578,
	8.86623 22.7627,
	8.85666 22.7651,
	8.85187 22.7663,
	8.8471 22.7699,
	8.82797 22.7734,
	"/>
</Transform>

<Transform dim="0"
 xcoef=" 0 1 0 0 0 0"
 ycoef=" 0 0 1 0 0 0">
<Contour name="d04sp39_pastanalyzedlength" hidden="false" closed="true" simplified="true" border="1 0 0" fill="1 0 0" mode="11"
 points="19.4144 25.2535,
	19.4122 25.2523,
	19.41 25.2523,
	19.4078 25.2512,
	19.4067 25.2501,
	19.4044 25.2501,
	19.3999 25.2479,
	19.3911 25.2451,
	19.3889 25.2446,
	19.3878 25.2446,
	19.3873 25.2435,
	19.3829 25.2424,
	19.3746 25.2363,
	19.3713 25.2336,
	19.3674 25.2291,
	19.3658 25.228,
	19.3658 25.2269,
	19.3508 25.2159,
	19.3469 25.2126,
	19.3447 25.2121,
	19.3431 25.2099,
	19.3343 25.2042,
	19.3326 25.2026,
	19.3304 25.202,
	19.326 25.1993,
	19.3216 25.1976,
	19.3194 25.1971,
	19.3183 25.196,
	19.3005 25.1899,
	19.2994 25.1899,
	19.2978 25.1877,
	19.2939 25.1861,
	19.2923 25.1855,
	19.2884 25.1811,
	19.2868 25.1794,
	19.2868 25.1772,
	19.2835 25.1684,
	19.2824 25.164,
	19.2824 25.1618,
	19.2812 25.1607,
	19.2812 25.1585,
	19.2796 25.154,
	19.279 25.1496,
	19.2774 25.1452,
	19.2768 25.1408,
	19.2752 25.1364,
	19.2735 25.1187,
	19.2735 25.1015,
	19.2735 25.101,
	19.2757 25.0922,
	19.2768 25.0911,
	19.2796 25.0823,
	19.2796 25.08,
	19.2829 25.0712,
	19.2829 25.0701,
	19.284 25.069,
	19.2846 25.0646,
	19.2846 25.0635,
	19.2906 25.0551,
	19.2945 25.0513,
	19.2956 25.0502,
	19.3 25.0491,
	19.3022 25.048,
	19.3111 25.048,
	19.3155 25.0496,
	19.3177 25.0502,
	19.3221 25.0529,
	19.3232 25.0529,
	19.3315 25.0579,
	19.3354 25.0613,
	19.3398 25.0635,
	19.3409 25.0635,
	19.342 25.0646,
	19.3442 25.0652,
	19.3447 25.0663,
	19.3536 25.0685,
	19.3625 25.0696,
	19.3713 25.0696,
	19.3757 25.0701,
	19.3801 25.0718,
	19.384 25.0762,
	19.3845 25.0784,
	19.3906 25.0872,
	19.3933 25.0916,
	19.395 25.0955,
	19.3955 25.0977,
	19.3977 25.0993,
	19.3977 25.1004,
	19.401 25.1048,
	19.4028 25.1065,
	19.4028 25.1076,
	19.4044 25.1088,
	19.41 25.1165,
	19.4155 25.1253,
	19.4177 25.1297,
	19.4188 25.132,
	19.4199 25.1331,
	19.4199 25.1353,
	19.4215 25.1375,
	19.4243 25.1463,
	19.4254 25.1507,
	19.4265 25.1529,
	19.4287 25.1706,
	19.4292 25.1883,
	19.4292 25.1971,
	19.4292 25.1993,
	19.4309 25.2037,
	19.4342 25.2214,
	19.4353 25.2303,
	19.4353 25.2391,
	19.4353 25.2413,
	19.4303 25.2501,
	19.4265 25.2523,
	19.4243 25.2523,
	19.4232 25.2535,
	"/>
</Transform>

<Transform dim="0"
 xcoef=" 0 1 0 0 0 0"
 ycoef=" 0 0 1 0 0 0">
<Contour name="d13sp16" hidden="false" closed="true" simplified="true" border="1 0 0" fill="1 0 0" mode="11"
 points="21.0611 22.233,
	21.0575 22.2325,
	21.0558 22.2321,
	21.0549 22.2321,
	21.0483 22.2267,
	21.0452 22.2241,
	21.0421 22.2206,
	21.0408 22.2193,
	21.0386 22.2122,
	21.0386 22.2052,
	21.0386 22.2017,
	21.0386 22.1999,
	21.0386 22.1995,
	21.0386 22.199,
	21.0417 22.185,
	21.0426 22.1832,
	21.0439 22.1761,
	21.0443 22.1725,
	21.0492 22.1585,
	21.0505 22.1549,
	21.0505 22.1541,
	21.0514 22.1532,
	21.0523 22.1497,
	21.0562 22.1426,
	21.0597 22.1365,
	21.0628 22.1333,
	21.0699 22.1311,
	21.0981 22.1307,
	21.1122 22.1293,
	21.1192 22.1271,
	21.1227 22.1258,
	21.1232 22.1249,
	21.1249 22.1245,
	21.1267 22.1232,
	21.1303 22.1219,
	21.1321 22.1205,
	21.1461 22.1161,
	21.1532 22.1139,
	21.1549 22.1131,
	21.1567 22.1131,
	21.1637 22.1109,
	21.1673 22.1095,
	21.1814 22.1082,
	21.1849 22.1082,
	21.192 22.1109,
	21.1937 22.1113,
	21.2003 22.1161,
	21.2017 22.1179,
	21.2017 22.1188,
	21.2025 22.1192,
	21.2025 22.1201,
	21.2034 22.1205,
	21.2043 22.1346,
	21.2039 22.1488,
	21.203 22.1523,
	21.203 22.1532,
	21.2021 22.1541,
	21.2012 22.1576,
	21.2008 22.1593,
	21.1999 22.1602,
	21.1986 22.1637,
	21.1942 22.1708,
	21.192 22.1743,
	21.1893 22.1769,
	21.1858 22.1796,
	21.1849 22.1805,
	21.1832 22.1809,
	21.1814 22.1827,
	21.1797 22.1832,
	21.1779 22.1845,
	21.1761 22.1845,
	21.1747 22.1858,
	21.1712 22.1867,
	21.158 22.1959,
	21.1514 22.1999,
	21.1483 22.2021,
	21.1466 22.203,
	21.1461 22.2039,
	21.1444 22.2039,
	21.1439 22.2047,
	21.1431 22.2047,
	21.1409 22.2061,
	21.1373 22.2074,
	21.1356 22.2083,
	21.1347 22.2091,
	21.1312 22.21,
	21.1294 22.2113,
	21.1258 22.2118,
	21.1249 22.2127,
	21.1214 22.2135,
	21.1197 22.214,
	21.1188 22.2149,
	21.1117 22.2171,
	21.1109 22.2171,
	21.1091 22.2184,
	21.0959 22.2228,
	21.0941 22.2232,
	21.0924 22.2245,
	21.0893 22.2254,
	21.0875 22.2267,
	21.0858 22.2272,
	21.0849 22.2281,
	21.0814 22.2285,
	21.0805 22.2294,
	21.0769 22.2302,
	21.076 22.2302,
	21.0751 22.2311,
	21.0681 22.233,
	"/>
</Transform>

<Transform dim="0"
 xcoef=" 0 1 0 0 0 0"
 ycoef=" 0 0 1 0 0 0">
<Contour name="d61p38" hidden="false" closed="true" simplified="true" border="1 0 0" fill="1 0 0" mode="11"
 points="18.0224 19.1627,
	18.0044 19.1299,
	18.0402 19.1299,
	"/>
</Transform>

<Transform dim="0"
 xcoef=" 0 1 0 0 0 0"
 ycoef=" 0 0 1 0 0 0">
<Contour name="d61c38" hidden="false" closed="true" simplified="true" border="0 0 1" fill="0 0 1" mode="11"
 points="17.9741 19.3147,
	17.9624 19.314,
	17.9509 19.3097,
	17.9494 19.3082,
	17.948 19.3082,
	17.9429 19.3038,
	17.9364 19.2922,
	17.9335 19.2864,
	17.9335 19.285,
	17.932 19.2835,
	17.9313 19.2806,
	17.9313 19.2792,
	17.9299 19.2777,
	17.9299 19.2748,
	17.9212 19.2516,
	17.919 19.24,
	17.9176 19.2392,
	17.9138 19.2161,
	17.9117 19.1928,
	17.9109 19.1464,
	17.9109 19.1232,
	17.9109 19.1174,
	17.9109 19.1145,
	17.9109 19.1131,
	17.9109 19.1123,
	17.9131 19.0659,
	17.9168 19.0195,
	17.9205 18.9962,
	17.9284 18.9731,
	17.9306 18.9672,
	17.932 18.9657,
	17.9371 18.9541,
	17.9393 18.9513,
	17.9393 18.9498,
	17.9429 18.9447,
	17.9443 18.9426,
	17.9494 18.9368,
	17.9603 18.9288,
	17.9633 18.9281,
	17.9647 18.9266,
	17.9676 18.9266,
	17.9705 18.9252,
	17.9821 18.9252,
	17.9879 18.9259,
	17.9937 18.9281,
	18.0045 18.9353,
	18.0089 18.9411,
	18.0111 18.9469,
	18.0148 18.9527,
	18.0162 18.9585,
	18.0184 19.1442,
	18.0191 19.1675,
	18.0162 19.1906,
	18.0148 19.2022,
	18.0133 19.208,
	18.0133 19.2545,
	18.0126 19.2661,
	18.0126 19.2719,
	18.0103 19.2835,
	18.0024 19.3068,
	17.9973 19.3118,
	17.9857 19.314,
	"/>
</Transform>

<Transform dim="0"
 xcoef=" 0 1 0 0 0 0"
 ycoef=" 0 0 1 0 0 0">
<Contour name="d04p40" hidden="false" closed="true" simplified="true" border="1 0 0" fill="1 0 0" mode="11"
 points="19.3932 26.6121,
	19.3792 26.5864,
	19.4072 26.5864,
	"/>
</Transform>

<Transform dim="0"
 xcoef=" 0 1 0 0 0 0"
 ycoef=" 0 0 1 0 0 0">
<Contour name="d04p41" hidden="false" closed="true" simplified="true" border="1 0 0" fill="1 0 0" mode="11"
 points="19.0458 27.1102,
	19.027 27.0913,
	19.0458 27.0724,
	19.0646 27.0913,
	"/>
</Transform>

<Transform dim="0"
 xcoef=" 0 1 0 0 0 0"
 ycoef=" 0 0 1 0 0 0">
<Contour name="d61cfa38" hidden="false" closed="false" simplified="true" border="0 1 0" fill="1 0 0" mode="11"
 points="17.9976 18.9439,
	17.9926 18.9606,
	17.9853 18.9845,
	17.9766 19.0135,
	17.973 19.0673,
	17.9737 19.1231,
	17.9752 19.1674,
	17.9759 19.2124,
	17.9795 19.2653,
	17.9882 19.3139,
	"/>
</Transform>

<Transform dim="0"
 xcoef=" 0 1 0 0 0 0"
 ycoef=" 0 0 1 0 0 0">
<Contour name="d61rs04" hidden="false" closed="true" simplified="false" border="0 0 1" fill="1 0 1" mode="11"
 points="18.767 19.0491,
	18.767 19.0446,
	18.7716 19.04,
	18.7761 19.04,
	18.7807 19.0446,
	18.7807 19.0491,
	18.7761 19.0537,
	18.7716 19.0537,
	"/>
<Contour name="d61rs04" hidden="false" closed="true" simplified="false" border="0 0 1" fill="1 0 1" mode="11"
 points="18.7681 19.0195,
	18.7681 19.0149,
	18.7727 19.0103,
	18.7773 19.0103,
	18.7818 19.0149,
	18.7818 19.0195,
	18.7773 19.024,
	18.7727 19.024,
	"/>
</Transform>

</Section>