<?xml version="1.0"?>
<!DOCTYPE Section SYSTEM "section.dtd">

<Section index="87" thickness="0.047" alignLocked="true">
<Transform dim="0"
 xcoef=" 0 1 0 0 0 0"
 ycoef=" 0 0 1 0 0 0">
<Contour name="D04" hidden="false" closed="true" simplified="true" border="0 0 1" fill="0 0 1" mode="11"
 points="18.5023 27.5135,
	18.4424 27.5051,
	18.3885 27.4809,
	18.3458 27.4431,
	18.3088 27.3427,
	18.3182 27.2899,
	18.3458 27.2423,
	18.3885 27.2045,
	18.4424 27.1803,
	18.5023 27.172,
	18.5621 27.1803,
	18.6161 27.2045,
	18.6589 27.2423,
	18.6864 27.2899,
	18.6959 27.3427,
	18.6864 27.3954,
	18.6589 27.4431,
	18.6161 27.4809,
	18.5621 27.5051,
	"/>
</Transform>

<Transform dim="0"
 xcoef=" 0 1 0 0 0 0"
 ycoef=" 0 0 1 0 0 0">
<Contour name="D13" hidden="false" closed="true" simplified="true" border="0 0 1" fill="0 0 1" mode="11"
 points="20.6236 20.5237,
	20.5638 20.5159,
	20.5098 20.4932,
	20.467 20.458,
	20.43 20.3643,
	20.4395 20.315,
	20.467 20.2706,
	20.5098 20.2353,
	20.5638 20.2126,
	20.6236 20.2048,
	20.6834 20.2126,
	20.7373 20.2353,
	20.7801 20.2706,
	20.8077 20.315,
	20.8171 20.3643,
	20.8077 20.4136,
	20.7801 20.458,
	20.7373 20.4932,
	20.6834 20.5159,
	"/>
</Transform>

<Transform dim="0"
 xcoef=" 0 1 0 0 0 0"
 ycoef=" 0 0 1 0 0 0">
<Contour name="D51" hidden="false" closed="true" simplified="true" border="0 0 1" fill="0 0 1" mode="11"
 points="9.41235 23.38,
	9.35761 23.3723,
	9.30816 23.3501,
	9.26887 23.3154,
	9.23503 23.2234,
	9.24366 23.1751,
	9.26887 23.1314,
	9.30816 23.0969,
	9.35761 23.0746,
	9.41235 23.0669,
	9.46718 23.0746,
	9.51663 23.0969,
	9.55591 23.1314,
	9.58106 23.1751,
	9.58975 23.2234,
	9.58106 23.2718,
	9.55591 23.3154,
	9.51663 23.3501,
	9.46718 23.3723,
	"/>
</Transform>

<Transform dim="0"
 xcoef=" 0 1 0 0 0 0"
 ycoef=" 0 0 1 0 0 0">
<Contour name="D08" hidden="false" closed="true" simplified="true" border="0 0 1" fill="0 0 1" mode="11"
 points="8.11748 25.3748,
	8.05414 25.367,
	7.99701 25.3443,
	7.95168 25.3091,
	7.91254 25.2154,
	7.92257 25.1662,
	7.95168 25.1217,
	7.99701 25.0864,
	8.05414 25.0638,
	8.11748 25.056,
	8.18081 25.0638,
	8.23793 25.0864,
	8.28327 25.1217,
	8.31238 25.1662,
	8.32241 25.2154,
	8.31238 25.2647,
	8.28327 25.3091,
	8.23793 25.3443,
	8.18081 25.367,
	"/>
</Transform>

<Transform dim="0"
 xcoef=" 0 1 0 0 0 0"
 ycoef=" 0 0 1 0 0 0">
<Contour name="D61" hidden="false" closed="true" simplified="true" border="0 0 1" fill="0 0 1" mode="11"
 points="15.4266 16.5454,
	15.4041 16.5422,
	15.383 16.5342,
	15.3645 16.5215,
	15.3497 16.5053,
	15.3393 16.4862,
	15.3333 16.4545,
	15.336 16.4331,
	15.3439 16.4129,
	15.3566 16.3951,
	15.3734 16.3806,
	15.3933 16.3701,
	15.4152 16.3645,
	15.438 16.3638,
	15.4602 16.3683,
	15.4807 16.3775,
	15.4984 16.3911,
	15.5121 16.4082,
	15.5214 16.4279,
	15.5254 16.4491,
	15.5241 16.4705,
	15.5174 16.4912,
	15.5058 16.5096,
	15.49 16.5252,
	15.4708 16.5366,
	15.4492 16.5435,
	"/>
</Transform>

<Transform dim="0"
 xcoef=" 0 1 0 0 0 0"
 ycoef=" 0 0 1 0 0 0">
<Contour name="D63" hidden="false" closed="true" simplified="true" border="0 0 1" fill="0 0 1" mode="11"
 points="7.09515 17.4383,
	7.08067 17.4358,
	7.06685 17.43,
	7.05418 17.4212,
	7.04312 17.4098,
	7.03408 17.3961,
	7.02737 17.3804,
	7.02186 17.3463,
	7.02325 17.3288,
	7.02737 17.312,
	7.03408 17.2965,
	7.04312 17.2826,
	7.05418 17.2712,
	7.06685 17.2624,
	7.08067 17.2567,
	7.09515 17.2542,
	7.10977 17.2551,
	7.12399 17.2592,
	7.1373 17.2665,
	7.14922 17.2766,
	7.15932 17.2892,
	7.16722 17.304,
	7.17266 17.3203,
	7.17543 17.3374,
	7.17543 17.355,
	7.17266 17.3722,
	7.16722 17.3885,
	7.15932 17.4032,
	7.14922 17.4158,
	7.1373 17.426,
	7.12399 17.4332,
	7.10977 17.4375,
	"/>
</Transform>

<Transform dim="0"
 xcoef=" 0 1 0 0 0 0"
 ycoef=" 0 0 1 0 0 0">
<Contour name="D26" hidden="false" closed="true" simplified="true" border="0 0 1" fill="0 0 1" mode="11"
 points="15.491 29.7533,
	15.4242 29.7455,
	15.3639 29.7229,
	15.316 29.6876,
	15.2747 29.5939,
	15.2853 29.5446,
	15.316 29.5002,
	15.3639 29.4649,
	15.4242 29.4423,
	15.491 29.4345,
	15.5578 29.4423,
	15.6182 29.4649,
	15.6661 29.5002,
	15.6967 29.5446,
	15.7073 29.5939,
	15.6967 29.6432,
	15.6661 29.6876,
	15.6182 29.7229,
	15.5578 29.7455,
	"/>
</Transform>

<Transform dim="0"
 xcoef=" 0 1 0 0 0 0"
 ycoef=" 0 0 1 0 0 0">
<Contour name="D16" hidden="false" closed="true" simplified="true" border="1 0 0" fill="1 0 0" mode="11"
 points="21.4206 25.1789,
	21.3678 25.1711,
	21.3203 25.1484,
	21.2825 25.1132,
	21.2498 25.0195,
	21.2582 24.9703,
	21.2825 24.9258,
	21.3203 24.8906,
	21.3678 24.8679,
	21.4206 24.8601,
	21.4734 24.8679,
	21.521 24.8906,
	21.5587 24.9258,
	21.583 24.9703,
	21.5914 25.0195,
	21.583 25.0688,
	21.5587 25.1132,
	21.521 25.1484,
	21.4734 25.1711,
	"/>
</Transform>

<Transform dim="0"
 xcoef=" 0 1 0 0 0 0"
 ycoef=" 0 0 1 0 0 0">
<Contour name="d13sp05" hidden="false" closed="true" simplified="true" border="1 0 0" fill="1 0 0" mode="11"
 points="21.2809 20.6674,
	21.2497 20.6664,
	21.2342 20.6635,
	21.2264 20.6625,
	21.2245 20.6606,
	21.2166 20.6576,
	21.2128 20.6576,
	21.2108 20.6557,
	21.1963 20.6509,
	21.1924 20.6499,
	21.1846 20.6449,
	21.1769 20.642,
	21.1729 20.6411,
	21.1573 20.6323,
	21.1418 20.6265,
	21.1341 20.6236,
	21.1302 20.6207,
	21.1146 20.6158,
	21.1126 20.6158,
	21.1107 20.6139,
	21.1029 20.6119,
	21.101 20.6119,
	21.099 20.61,
	21.0679 20.5983,
	21.0601 20.5954,
	21.029 20.5934,
	20.9979 20.5944,
	20.994 20.5963,
	20.9784 20.5992,
	20.9707 20.5992,
	20.9085 20.61,
	20.8773 20.611,
	20.8734 20.6081,
	20.8696 20.6071,
	20.8618 20.6013,
	20.8618 20.5992,
	20.8599 20.5983,
	20.8589 20.5827,
	20.8589 20.5818,
	20.8589 20.5808,
	20.8647 20.5662,
	20.8657 20.5585,
	20.8686 20.5506,
	20.8705 20.5467,
	20.8715 20.539,
	20.8725 20.5351,
	20.8744 20.5332,
	20.8754 20.5293,
	20.8783 20.5254,
	20.8783 20.5235,
	20.8822 20.5196,
	20.887 20.5118,
	20.8939 20.506,
	20.8959 20.504,
	20.8997 20.503,
	20.9017 20.501,
	20.9094 20.4991,
	20.9133 20.4962,
	20.9288 20.4913,
	20.9318 20.4884,
	20.9356 20.4875,
	20.9396 20.4845,
	20.9435 20.4836,
	20.9513 20.4787,
	20.9551 20.4748,
	20.9571 20.4748,
	20.961 20.471,
	20.9629 20.471,
	20.9697 20.4642,
	20.9775 20.4593,
	20.9931 20.4544,
	21.0086 20.4515,
	21.0125 20.4515,
	21.0164 20.4495,
	21.0202 20.4495,
	21.0241 20.4476,
	21.0261 20.4476,
	21.027 20.4456,
	21.033 20.4456,
	21.0368 20.4418,
	21.0436 20.4369,
	21.0475 20.433,
	21.0495 20.4301,
	21.0572 20.4224,
	21.0611 20.4194,
	21.063 20.4194,
	21.0659 20.4156,
	21.0679 20.4156,
	21.0698 20.4136,
	21.0718 20.4136,
	21.0737 20.4117,
	21.0776 20.4117,
	21.1087 20.4028,
	21.1243 20.3999,
	21.1399 20.3951,
	21.1467 20.3902,
	21.1486 20.3902,
	21.1554 20.3844,
	21.1622 20.3805,
	21.1759 20.3699,
	21.1778 20.3699,
	21.1807 20.366,
	21.1885 20.3611,
	21.1924 20.3571,
	21.1943 20.3571,
	21.2089 20.3484,
	21.2128 20.3465,
	21.2166 20.3465,
	21.2176 20.3484,
	21.2478 20.3611,
	21.2633 20.3669,
	21.2672 20.3699,
	21.2711 20.3708,
	21.277 20.3767,
	21.2915 20.3864,
	21.2983 20.3931,
	21.3003 20.3931,
	21.3071 20.399,
	21.31 20.4028,
	21.3119 20.4028,
	21.3158 20.4058,
	21.3168 20.4078,
	21.3187 20.4078,
	21.3217 20.4107,
	21.3256 20.4117,
	21.3411 20.4204,
	21.3431 20.4204,
	21.3469 20.4233,
	21.3508 20.4243,
	21.3547 20.4272,
	21.3625 20.4282,
	21.3781 20.433,
	21.3859 20.435,
	21.3897 20.4369,
	21.3975 20.4379,
	21.3994 20.4398,
	21.4306 20.4456,
	21.4461 20.4485,
	21.4616 20.4534,
	21.4656 20.4534,
	21.4695 20.4574,
	21.4705 20.4613,
	21.4724 20.4632,
	21.4763 20.4787,
	21.4782 20.4865,
	21.4782 20.4942,
	21.4782 20.4981,
	21.4724 20.5138,
	21.4705 20.5157,
	21.4705 20.5176,
	21.4685 20.5186,
	21.4656 20.5264,
	21.4626 20.5293,
	21.4616 20.5332,
	21.4587 20.537,
	21.4558 20.5448,
	21.4539 20.5467,
	21.4529 20.5506,
	21.45 20.5546,
	21.449 20.5585,
	21.4471 20.5595,
	21.4471 20.5614,
	21.4374 20.5759,
	21.4238 20.5886,
	21.4219 20.5905,
	21.4199 20.5905,
	21.4062 20.6022,
	21.3994 20.6071,
	21.3956 20.61,
	21.3936 20.6119,
	21.3917 20.6119,
	21.3839 20.6187,
	21.3771 20.6236,
	21.3732 20.6246,
	21.3663 20.6294,
	21.3625 20.6323,
	21.3605 20.6323,
	21.3566 20.6352,
	21.3547 20.6372,
	21.3528 20.6372,
	21.3518 20.6391,
	21.344 20.642,
	21.3431 20.644,
	21.3353 20.6469,
	21.3343 20.6489,
	21.3042 20.6625,
	21.2964 20.6654,
	"/>
</Transform>

<Transform dim="0"
 xcoef=" 0 1 0 0 0 0"
 ycoef=" 0 0 1 0 0 0">
<Contour name="d04sp02" hidden="false" closed="true" simplified="true" border="1 0 0" fill="1 0 0" mode="11"
 points="18.8939 26.8935,
	18.8915 26.8911,
	18.8899 26.8911,
	18.877 26.883,
	18.8712 26.879,
	18.8672 26.8749,
	18.8672 26.8733,
	18.8567 26.862,
	18.8487 26.85,
	18.839 26.8371,
	18.8326 26.8305,
	18.8278 26.8257,
	18.8252 26.8225,
	18.8204 26.8185,
	18.818 26.8169,
	18.8148 26.8136,
	18.8116 26.8128,
	18.8051 26.8088,
	18.8019 26.8064,
	18.7987 26.8056,
	18.7955 26.8032,
	18.7834 26.7992,
	18.7768 26.7967,
	18.7511 26.7943,
	18.7252 26.7959,
	18.6995 26.8032,
	18.6962 26.8056,
	18.693 26.8064,
	18.6866 26.8104,
	18.685 26.8104,
	18.6816 26.8128,
	18.6559 26.8193,
	18.643 26.8217,
	18.6366 26.8233,
	18.6332 26.8241,
	18.6316 26.8249,
	18.63 26.8241,
	18.63 26.8233,
	18.6398 26.812,
	18.6406 26.8088,
	18.6486 26.7967,
	18.6503 26.7935,
	18.6503 26.7919,
	18.6575 26.7789,
	18.6631 26.766,
	18.6664 26.7596,
	18.6664 26.758,
	18.668 26.7564,
	18.6704 26.7499,
	18.672 26.7467,
	18.6736 26.7451,
	18.6946 26.6935,
	18.6978 26.6805,
	18.6995 26.6789,
	18.7035 26.6531,
	18.7035 26.6402,
	18.6954 26.6144,
	18.6962 26.5885,
	18.6987 26.5821,
	18.6995 26.5789,
	18.7035 26.5724,
	18.7131 26.5636,
	18.7131 26.562,
	18.7156 26.5587,
	18.7212 26.5329,
	18.7236 26.52,
	18.7236 26.5136,
	18.7326 26.4877,
	18.7374 26.4748,
	18.7374 26.4732,
	18.739 26.4724,
	18.7406 26.466,
	18.7414 26.4627,
	18.7414 26.4611,
	18.743 26.4595,
	18.7519 26.4337,
	18.7543 26.4304,
	18.7567 26.4248,
	18.7583 26.4232,
	18.7583 26.4216,
	18.7624 26.4159,
	18.7624 26.4143,
	18.7672 26.4087,
	18.7672 26.4071,
	18.7688 26.4063,
	18.7696 26.403,
	18.776 26.3981,
	18.781 26.3933,
	18.7939 26.3861,
	18.8003 26.3853,
	18.8011 26.3836,
	18.8043 26.3836,
	18.8075 26.382,
	18.8334 26.3788,
	18.8463 26.3788,
	18.8592 26.3772,
	18.885 26.3772,
	18.8979 26.3788,
	18.8995 26.3788,
	18.9003 26.3804,
	18.9035 26.3804,
	18.91 26.3828,
	18.9116 26.3845,
	18.9148 26.3853,
	18.9196 26.3893,
	18.9254 26.3949,
	18.927 26.4079,
	18.9262 26.4208,
	18.9246 26.4272,
	18.923 26.4304,
	18.923 26.432,
	18.9214 26.4337,
	18.9172 26.4465,
	18.9172 26.4482,
	18.9156 26.4498,
	18.9124 26.4627,
	18.9108 26.4692,
	18.9108 26.4756,
	18.9084 26.4885,
	18.9043 26.5401,
	18.9003 26.566,
	18.8979 26.5789,
	18.8979 26.5918,
	18.8987 26.5983,
	18.8987 26.5999,
	18.9003 26.6007,
	18.9027 26.6071,
	18.9068 26.612,
	18.91 26.6144,
	18.9116 26.616,
	18.9132 26.616,
	18.9164 26.6216,
	18.9172 26.6475,
	18.9164 26.6604,
	18.9116 26.6861,
	18.9092 26.6991,
	18.9068 26.7056,
	18.9068 26.7088,
	18.9027 26.7217,
	18.9003 26.7345,
	18.8995 26.7604,
	18.9003 26.812,
	18.9003 26.8379,
	18.9003 26.8508,
	18.8971 26.8765,
	18.8971 26.8895,
	18.8971 26.8927,
	"/>
</Transform>

<Transform dim="0"
 xcoef=" 0 1 0 0 0 0"
 ycoef=" 0 0 1 0 0 0">
<Contour name="d51sp02" hidden="false" closed="true" simplified="true" border="1 0 0" fill="1 0 0" mode="11"
 points="10.4309 23.6632,
	10.4216 23.6614,
	10.4193 23.6597,
	10.4147 23.6579,
	10.41 23.6574,
	10.4013 23.651,
	10.3966 23.6492,
	10.3943 23.6481,
	10.3931 23.6481,
	10.3885 23.6451,
	10.3862 23.6451,
	10.3837 23.6434,
	10.3791 23.6417,
	10.3768 23.6417,
	10.3756 23.6405,
	10.3663 23.6376,
	10.357 23.637,
	10.3547 23.6364,
	10.3535 23.6364,
	10.3523 23.6376,
	10.35 23.6376,
	10.3313 23.6457,
	10.3133 23.651,
	10.3086 23.6527,
	10.3075 23.6539,
	10.3028 23.6544,
	10.2935 23.6574,
	10.2841 23.6585,
	10.2748 23.6585,
	10.2701 23.6574,
	10.2655 23.655,
	10.2643 23.655,
	10.2603 23.6515,
	10.2574 23.6492,
	10.2574 23.6469,
	10.2568 23.6457,
	10.2568 23.6451,
	10.2579 23.644,
	10.2579 23.6428,
	10.262 23.6399,
	10.2707 23.6323,
	10.2731 23.6312,
	10.2754 23.6289,
	10.2777 23.6283,
	10.2864 23.6206,
	10.2906 23.6165,
	10.297 23.6084,
	10.2987 23.6067,
	10.2987 23.6055,
	10.3011 23.6032,
	10.3057 23.5939,
	10.3069 23.5915,
	10.3069 23.5904,
	10.308 23.5892,
	10.3098 23.5846,
	10.311 23.5822,
	10.311 23.5811,
	10.3121 23.5799,
	10.3127 23.5776,
	10.3144 23.5753,
	10.315 23.5728,
	10.315 23.5717,
	10.3168 23.5693,
	10.3179 23.5647,
	10.3203 23.56,
	10.3214 23.5554,
	10.3226 23.5542,
	10.3331 23.5169,
	10.3336 23.5146,
	10.3348 23.5134,
	10.3366 23.5041,
	10.3395 23.4948,
	10.3395 23.4925,
	10.3425 23.4838,
	10.3442 23.4744,
	10.3494 23.4557,
	10.3518 23.4464,
	10.3518 23.4418,
	10.3552 23.4325,
	10.3558 23.4277,
	10.3599 23.4184,
	10.3657 23.4097,
	10.3704 23.4068,
	10.3727 23.4056,
	10.3739 23.4045,
	10.3762 23.4039,
	10.3773 23.4033,
	10.3797 23.4039,
	10.3891 23.4021,
	10.3937 23.401,
	10.3949 23.3998,
	10.3995 23.3981,
	10.4077 23.3917,
	10.424 23.377,
	10.4322 23.3712,
	10.4369 23.3683,
	10.4386 23.3672,
	10.4398 23.3672,
	10.4409 23.366,
	10.4421 23.366,
	10.4514 23.3602,
	10.4537 23.359,
	10.4549 23.359,
	10.4561 23.3579,
	10.4572 23.3579,
	10.4601 23.3549,
	10.4613 23.3549,
	10.4659 23.3515,
	10.4683 23.3503,
	10.4706 23.348,
	10.4718 23.3468,
	10.4729 23.3468,
	10.477 23.3427,
	10.4781 23.3427,
	10.494 23.3298,
	10.498 23.3269,
	10.4992 23.3258,
	10.5085 23.3223,
	10.5178 23.3205,
	10.5271 23.3205,
	10.5365 23.3223,
	10.5388 23.3223,
	10.5435 23.3246,
	10.5458 23.3252,
	10.547 23.3264,
	10.5481 23.3264,
	10.5493 23.3275,
	10.5505 23.3275,
	10.5545 23.3316,
	10.5569 23.3333,
	10.5592 23.3381,
	10.5609 23.3404,
	10.5627 23.3451,
	10.5638 23.3474,
	10.565 23.3485,
	10.565 23.3509,
	10.5662 23.352,
	10.5662 23.3532,
	10.5691 23.3579,
	10.5691 23.359,
	10.5702 23.3602,
	10.5714 23.3648,
	10.5714 23.3741,
	10.5708 23.3788,
	10.5691 23.3835,
	10.5691 23.3859,
	10.565 23.3952,
	10.5528 23.4325,
	10.5452 23.4511,
	10.5394 23.4697,
	10.5371 23.4744,
	10.5348 23.4838,
	10.5336 23.4849,
	10.5307 23.4942,
	10.5295 23.496,
	10.5295 23.4971,
	10.5284 23.4983,
	10.5284 23.5006,
	10.5265 23.5024,
	10.5259 23.5047,
	10.5242 23.507,
	10.5224 23.5117,
	10.5166 23.5204,
	10.516 23.5227,
	10.5137 23.525,
	10.5091 23.5333,
	10.5079 23.5345,
	10.5062 23.5391,
	10.5044 23.5414,
	10.5003 23.5507,
	10.4986 23.5554,
	10.4957 23.56,
	10.4957 23.5624,
	10.494 23.5641,
	10.494 23.5653,
	10.4922 23.5676,
	10.4916 23.5699,
	10.4916 23.5711,
	10.4899 23.5734,
	10.487 23.5828,
	10.4846 23.5875,
	10.4817 23.5968,
	10.4806 23.6014,
	10.4793 23.6038,
	10.4787 23.6084,
	10.477 23.6107,
	10.4752 23.6154,
	10.4735 23.6248,
	10.4712 23.6294,
	10.47 23.6341,
	10.4694 23.6364,
	10.4677 23.6382,
	10.4659 23.6428,
	10.463 23.6475,
	10.463 23.6486,
	10.4566 23.6574,
	10.452 23.6603,
	10.4497 23.662,
	"/>
</Transform>

<Transform dim="0"
 xcoef=" 0 1 0 0 0 0"
 ycoef=" 0 0 1 0 0 0">
<Contour name="d51" hidden="false" closed="true" simplified="true" border="1 1 0" fill="1 1 0" mode="11"
 points="9.25623 23.7239,
	9.21849 23.7216,
	9.21377 23.7216,
	9.20905 23.7192,
	9.19961 23.718,
	9.19725 23.718,
	9.19489 23.7156,
	9.18546 23.7144,
	9.18074 23.7132,
	9.17838 23.7109,
	9.17367 23.7109,
	9.13592 23.6979,
	9.12648 23.6944,
	9.12412 23.6944,
	9.1194 23.6909,
	9.10996 23.6873,
	9.10052 23.6814,
	9.09817 23.6814,
	9.0958 23.6791,
	9.08637 23.6767,
	9.06749 23.666,
	9.04863 23.6519,
	9.04037 23.6449,
	9.03919 23.6071,
	9.03919 23.5977,
	9.03919 23.593,
	9.02976 23.5741,
	9.02739 23.5741,
	9.02032 23.5658,
	9.0156 23.5623,
	9.00969 23.554,
	9.00616 23.5493,
	9.0038 23.547,
	9.0038 23.5446,
	9.00026 23.5399,
	8.9979 23.5375,
	8.99201 23.5186,
	8.98847 23.5092,
	8.98729 23.4998,
	8.98492 23.4974,
	8.98492 23.4927,
	8.98257 23.4904,
	8.98139 23.3394,
	8.98139 23.3382,
	8.98139 23.337,
	8.98492 23.3181,
	8.98729 23.2803,
	8.98964 23.2615,
	9.00498 23.186,
	9.00734 23.1671,
	9.01206 23.1483,
	9.01678 23.1105,
	9.02267 23.0916,
	9.02267 23.0892,
	9.02857 23.081,
	9.03329 23.0763,
	9.03919 23.0669,
	9.04744 23.0586,
	9.05098 23.0539,
	9.05216 23.0516,
	9.05453 23.0516,
	9.06749 23.0362,
	9.0793 23.0185,
	9.08284 23.0091,
	9.08284 23.0044,
	9.08637 22.9949,
	9.08873 22.9902,
	9.08991 22.9807,
	9.09463 22.9713,
	9.10524 22.9335,
	9.10878 22.9147,
	9.11115 22.9053,
	9.1135 22.9005,
	9.12176 22.8628,
	9.13002 22.8439,
	9.13592 22.8345,
	9.13946 22.8251,
	9.14653 22.8168,
	9.14653 22.8145,
	9.14889 22.8121,
	9.1536 22.8121,
	9.16304 22.8062,
	9.16776 22.8038,
	9.17248 22.8038,
	9.18192 22.7991,
	9.21966 22.7908,
	9.2291 22.7873,
	9.23382 22.7873,
	9.25269 22.7802,
	9.26213 22.7779,
	9.27157 22.772,
	9.27629 22.7708,
	9.27983 22.7673,
	9.28455 22.7661,
	9.28808 22.7626,
	9.29044 22.7626,
	9.2928 22.7602,
	9.29516 22.7602,
	9.31403 22.7483,
	9.32347 22.7448,
	9.32583 22.7425,
	9.32819 22.7425,
	9.32937 22.7401,
	9.3388 22.7377,
	9.34117 22.7377,
	9.34942 22.7295,
	9.35178 22.7295,
	9.36004 22.7213,
	9.36829 22.7154,
	9.37066 22.713,
	9.37537 22.7118,
	9.38009 22.707,
	9.39897 22.6964,
	9.40132 22.6964,
	9.40604 22.6917,
	9.41548 22.687,
	9.42491 22.68,
	9.42728 22.68,
	9.43553 22.6741,
	9.44497 22.6717,
	9.4544 22.6717,
	9.46384 22.6753,
	9.48154 22.6917,
	9.4898 22.7,
	9.49333 22.7047,
	9.49569 22.7059,
	9.49569 22.7082,
	9.50041 22.713,
	9.5122 22.7319,
	9.52046 22.7413,
	9.52518 22.746,
	9.5299 22.7483,
	9.53816 22.7566,
	9.54641 22.7626,
	9.54995 22.7661,
	9.55231 22.7661,
	9.57 22.7779,
	9.57826 22.7838,
	9.58298 22.7873,
	9.58533 22.7873,
	9.59242 22.7943,
	9.59713 22.7967,
	9.61364 22.8133,
	9.61836 22.8168,
	9.62427 22.8251,
	9.62899 22.8298,
	9.63488 22.8392,
	9.63842 22.8486,
	9.6396 22.8675,
	9.6396 22.8769,
	9.64432 22.8852,
	9.6573 22.8981,
	9.66555 22.9077,
	9.67735 22.9241,
	9.68442 22.9324,
	9.68679 22.9371,
	9.68679 22.9394,
	9.69386 22.9465,
	9.69386 22.9513,
	9.70094 22.9607,
	9.70919 22.9678,
	9.72807 22.9772,
	9.73633 22.9831,
	9.73987 22.9854,
	9.74222 22.9854,
	9.74459 22.9878,
	9.74694 22.9878,
	9.76464 23.0008,
	9.77407 23.0079,
	9.77643 23.0103,
	9.77879 23.0103,
	9.78823 23.0173,
	9.79295 23.0197,
	9.79648 23.0244,
	9.80592 23.0303,
	9.80946 23.0338,
	9.813 23.035,
	9.82126 23.042,
	9.82598 23.0456,
	9.82833 23.0492,
	9.83305 23.0527,
	9.83423 23.0574,
	9.83777 23.0622,
	9.84013 23.0645,
	9.84366 23.0833,
	9.84485 23.1023,
	9.84485 23.1117,
	9.84013 23.1305,
	9.83659 23.1399,
	9.83423 23.1448,
	9.83423 23.1495,
	9.83423 23.1518,
	9.83187 23.153,
	9.82833 23.1624,
	9.82244 23.1718,
	9.80474 23.1883,
	9.78705 23.2014,
	9.77762 23.2072,
	9.77407 23.2108,
	9.76936 23.212,
	9.7611 23.2202,
	9.7552 23.2296,
	9.74812 23.2485,
	9.74222 23.2862,
	9.73868 23.3051,
	9.73868 23.324,
	9.73633 23.3429,
	9.73515 23.3523,
	9.72452 23.3712,
	9.71863 23.3794,
	9.71745 23.3842,
	9.70566 23.4007,
	9.70212 23.4054,
	9.70212 23.4078,
	9.6974 23.4113,
	9.69151 23.4207,
	9.67616 23.4373,
	9.67144 23.442,
	9.66555 23.4502,
	9.66083 23.4538,
	9.66083 23.4561,
	9.6455 23.4738,
	9.63724 23.4833,
	9.63016 23.4904,
	9.61364 23.508,
	9.59949 23.5245,
	9.59477 23.5281,
	9.59242 23.5328,
	9.59005 23.5328,
	9.56056 23.567,
	9.54523 23.5835,
	9.52753 23.5989,
	9.52046 23.6059,
	9.51574 23.6083,
	9.51102 23.613,
	9.50631 23.6153,
	9.50395 23.6153,
	9.48625 23.6284,
	9.47682 23.6343,
	9.47445 23.6343,
	9.4662 23.6402,
	9.46148 23.6425,
	9.4603 23.6449,
	9.45794 23.6449,
	9.45558 23.6472,
	9.44614 23.6496,
	9.43672 23.6555,
	9.432 23.6578,
	9.42963 23.6578,
	9.4202 23.6637,
	9.41076 23.6672,
	9.40132 23.6732,
	9.3966 23.6732,
	9.38717 23.6791,
	9.38481 23.6814,
	9.38245 23.6814,
	9.37773 23.6862,
	9.36004 23.6968,
	9.35532 23.6979,
	9.34588 23.705,
	9.32701 23.7121,
	9.32229 23.7144,
	9.31286 23.7156,
	9.29398 23.7216,
	"/>
</Transform>

<Transform dim="0"
 xcoef=" 0 1 0 0 0 0"
 ycoef=" 0 0 1 0 0 0">
<Contour name="d04" hidden="false" closed="true" simplified="true" border="0 0 0" fill="0 0 0" mode="11"
 points="18.4754 27.9742,
	18.432 27.9674,
	18.4212 27.9674,
	18.4103 27.9647,
	18.3995 27.9647,
	18.3561 27.9539,
	18.3452 27.9498,
	18.3425 27.9498,
	18.3398 27.9471,
	18.2977 27.9335,
	18.2869 27.9294,
	18.2815 27.9267,
	18.2788 27.924,
	18.2733 27.9226,
	18.253 27.9104,
	18.2475 27.9064,
	18.2421 27.905,
	18.2313 27.8983,
	18.2259 27.8942,
	18.215 27.8915,
	18.2123 27.8887,
	18.1689 27.8792,
	18.1255 27.8765,
	18.1242 27.8738,
	18.1024 27.867,
	18.097 27.863,
	18.0916 27.863,
	18.0875 27.8589,
	18.0821 27.8576,
	18.0767 27.8535,
	18.0713 27.8535,
	18.0522 27.8426,
	18.0414 27.8372,
	18.0238 27.8223,
	18.0238 27.8128,
	18.0238 27.8115,
	18.0374 27.7246,
	18.0414 27.6812,
	18.0482 27.6378,
	18.0509 27.627,
	18.0536 27.6216,
	18.0549 27.6108,
	18.0591 27.5998,
	18.0618 27.5782,
	18.0618 27.5348,
	18.0618 27.5239,
	18.0618 27.5185,
	18.0672 27.5077,
	18.097 27.4684,
	18.1188 27.4534,
	18.1255 27.4452,
	18.1282 27.4452,
	18.154 27.4032,
	18.1567 27.3978,
	18.1595 27.3951,
	18.1595 27.3924,
	18.1635 27.387,
	18.1676 27.3788,
	18.1716 27.3748,
	18.1716 27.3694,
	18.177 27.3584,
	18.1784 27.3476,
	18.1811 27.3449,
	18.1852 27.3232,
	18.1892 27.3123,
	18.2069 27.292,
	18.2137 27.2825,
	18.234 27.2621,
	18.2367 27.2567,
	18.2421 27.254,
	18.2448 27.2486,
	18.2652 27.2297,
	18.2679 27.2256,
	18.2774 27.2147,
	18.2774 27.212,
	18.2815 27.2066,
	18.2896 27.1631,
	18.2936 27.1523,
	18.295 27.1469,
	18.3005 27.1442,
	18.3005 27.1415,
	18.3113 27.132,
	18.3195 27.1224,
	18.3235 27.1184,
	18.3249 27.1157,
	18.3276 27.1157,
	18.3316 27.1103,
	18.3398 27.1035,
	18.348 27.0927,
	18.348 27.09,
	18.3534 27.0873,
	18.3547 27.0818,
	18.3683 27.0641,
	18.371 27.0628,
	18.371 27.0601,
	18.3859 27.0411,
	18.3886 27.0398,
	18.3899 27.0344,
	18.394 27.0317,
	18.4117 27.0126,
	18.4212 27.0045,
	18.4239 27.0045,
	18.4429 26.9869,
	18.4619 26.9652,
	18.4713 26.9557,
	18.4713 26.953,
	18.4808 26.9435,
	18.4862 26.9394,
	18.5066 26.9327,
	18.512 26.9313,
	18.5134 26.9285,
	18.5174 26.9272,
	18.5568 26.8987,
	18.5921 26.8635,
	18.5948 26.8635,
	18.5975 26.858,
	18.6002 26.8567,
	18.6002 26.854,
	18.6178 26.8336,
	18.6382 26.816,
	18.6409 26.8119,
	18.6517 26.8092,
	18.6571 26.8052,
	18.6788 26.7984,
	18.7222 26.7916,
	18.7331 26.7876,
	18.7656 26.7876,
	18.7874 26.797,
	18.7982 26.8011,
	18.8023 26.8052,
	18.8077 26.8065,
	18.8171 26.8133,
	18.8212 26.8173,
	18.8239 26.8173,
	18.8281 26.8228,
	18.8308 26.8228,
	18.8402 26.8295,
	18.8443 26.8349,
	18.8538 26.8418,
	18.8727 26.8607,
	18.8796 26.8702,
	18.885 26.8756,
	18.8877 26.881,
	18.8904 26.8824,
	18.8918 26.8879,
	18.8958 26.8933,
	18.8999 26.9028,
	18.9026 26.9245,
	18.908 26.9462,
	18.9094 26.957,
	18.9134 26.9679,
	18.9148 26.9788,
	18.9202 26.9896,
	18.9215 26.995,
	18.9215 26.9977,
	18.9244 27.0004,
	18.9271 27.0221,
	18.9284 27.033,
	18.9244 27.0547,
	18.9148 27.0764,
	18.9148 27.0791,
	18.908 27.09,
	18.9026 27.1116,
	18.9026 27.1334,
	18.9026 27.1442,
	18.9148 27.1863,
	18.9148 27.1971,
	18.9148 27.1998,
	18.9188 27.2052,
	18.9202 27.216,
	18.9215 27.2215,
	18.9244 27.2242,
	18.9257 27.2351,
	18.9257 27.2378,
	18.9284 27.2391,
	18.9365 27.2608,
	18.9433 27.2717,
	18.9433 27.2744,
	18.9487 27.2798,
	18.9501 27.2852,
	18.9555 27.2907,
	18.9867 27.3761,
	18.9908 27.387,
	18.9975 27.3978,
	19.0002 27.3991,
	19.0002 27.4018,
	19.0029 27.4045,
	19.0043 27.41,
	19.0111 27.4209,
	19.0151 27.4412,
	19.0138 27.4629,
	19.007 27.4846,
	19.0057 27.528,
	19.0057 27.5388,
	19.0029 27.5497,
	19.0029 27.5551,
	18.9989 27.566,
	18.9962 27.5714,
	18.9962 27.5741,
	18.9921 27.5795,
	18.9908 27.5849,
	18.9867 27.5904,
	18.984 27.6012,
	18.9813 27.604,
	18.9786 27.6148,
	18.9759 27.6175,
	18.9732 27.6283,
	18.9705 27.6311,
	18.9705 27.6338,
	18.9677 27.6365,
	18.9677 27.6392,
	18.9582 27.65,
	18.9514 27.6596,
	18.9487 27.6636,
	18.9433 27.6677,
	18.9433 27.6704,
	18.9379 27.6745,
	18.9094 27.7138,
	18.8958 27.7328,
	18.8877 27.7422,
	18.885 27.7477,
	18.8742 27.7559,
	18.8578 27.7762,
	18.8497 27.7856,
	18.8457 27.7897,
	18.8457 27.7924,
	18.8294 27.8128,
	18.8104 27.8318,
	18.8009 27.8412,
	18.7955 27.8454,
	18.7941 27.8481,
	18.7914 27.8481,
	18.7874 27.8535,
	18.7847 27.8535,
	18.7764 27.8603,
	18.7656 27.867,
	18.7602 27.8711,
	18.7575 27.8711,
	18.7534 27.8765,
	18.7494 27.8779,
	18.7385 27.886,
	18.7358 27.8887,
	18.7331 27.8887,
	18.7168 27.9064,
	18.7141 27.9064,
	18.71 27.9118,
	18.6938 27.9267,
	18.6843 27.9348,
	18.6788 27.9362,
	18.6734 27.9403,
	18.6517 27.9471,
	18.6409 27.9484,
	18.6382 27.9512,
	18.6164 27.9552,
	18.573 27.9687,
	18.5622 27.9715,
	18.5188 27.9742,
	"/>
</Transform>

<Transform dim="0"
 xcoef=" 0 1 0 0 0 0"
 ycoef=" 0 0 1 0 0 0">
<Contour name="d04sp04" hidden="false" closed="true" simplified="true" border="1 0 0" fill="1 0 0" mode="11"
 points="17.9602 28.4204,
	17.9576 28.4198,
	17.9525 28.4174,
	17.9502 28.4158,
	17.9454 28.4116,
	17.9432 28.4094,
	17.939 28.4058,
	17.9383 28.4058,
	17.9345 28.4023,
	17.9332 28.4016,
	17.9319 28.4004,
	17.931 28.3997,
	17.9306 28.3991,
	17.93 28.3991,
	17.9261 28.3952,
	17.9248 28.3942,
	17.9216 28.3901,
	17.9207 28.3888,
	17.9207 28.3881,
	17.92 28.3875,
	17.92 28.3868,
	17.9194 28.3862,
	17.9194 28.3849,
	17.9184 28.3823,
	17.9181 28.3798,
	17.9168 28.3785,
	17.9165 28.3772,
	17.9152 28.3759,
	17.9142 28.3733,
	17.9138 28.3721,
	17.9138 28.3714,
	17.9132 28.3708,
	17.9122 28.3655,
	17.9122 28.3604,
	17.9122 28.3578,
	17.9122 28.3568,
	17.9122 28.3565,
	17.9128 28.3539,
	17.9132 28.3527,
	17.9138 28.352,
	17.9142 28.3494,
	17.9171 28.3392,
	17.9174 28.3289,
	17.9184 28.3237,
	17.9194 28.321,
	17.9197 28.3198,
	17.9207 28.3185,
	17.9207 28.3178,
	17.93 28.3104,
	17.9322 28.3088,
	17.9374 28.3037,
	17.9383 28.3024,
	17.939 28.3021,
	17.9393 28.3008,
	17.94 28.3005,
	17.9403 28.2992,
	17.9435 28.2944,
	17.9445 28.2921,
	17.9445 28.2915,
	17.9451 28.2908,
	17.9464 28.2857,
	17.9474 28.2831,
	17.9477 28.278,
	17.9477 28.2754,
	17.9477 28.274,
	17.9467 28.2717,
	17.9451 28.2692,
	17.9445 28.2685,
	17.9445 28.2679,
	17.9422 28.2653,
	17.9406 28.2634,
	17.9396 28.2621,
	17.939 28.2618,
	17.939 28.2611,
	17.9377 28.2598,
	17.9361 28.2573,
	17.9361 28.2566,
	17.9355 28.2563,
	17.9338 28.2512,
	17.9332 28.2505,
	17.9322 28.2454,
	17.9319 28.2351,
	17.9319 28.2299,
	17.9322 28.2274,
	17.9329 28.2267,
	17.9332 28.224,
	17.9345 28.2215,
	17.9348 28.2202,
	17.9367 28.2183,
	17.938 28.2173,
	17.9387 28.2167,
	17.94 28.2167,
	17.9412 28.216,
	17.9464 28.2157,
	17.9515 28.216,
	17.9567 28.2176,
	17.9589 28.2186,
	17.9592 28.2192,
	17.9599 28.2192,
	17.9621 28.2212,
	17.9629 28.2212,
	17.9639 28.2224,
	17.9645 28.2224,
	17.9696 28.226,
	17.97 28.2267,
	17.9706 28.2267,
	17.9716 28.228,
	17.9729 28.2283,
	17.9777 28.2315,
	17.9803 28.2328,
	17.9815 28.2335,
	17.9867 28.2332,
	17.9893 28.2322,
	17.9918 28.2319,
	17.997 28.2299,
	17.9995 28.229,
	18.0002 28.229,
	18.0012 28.228,
	18.0024 28.2277,
	18.0037 28.2267,
	18.0089 28.2247,
	18.0115 28.224,
	18.0167 28.2244,
	18.018 28.225,
	18.0186 28.225,
	18.0193 28.2257,
	18.0199 28.2257,
	18.0206 28.2263,
	18.0231 28.2274,
	18.0244 28.2277,
	18.0286 28.2312,
	18.0302 28.2335,
	18.0321 28.2364,
	18.0357 28.2467,
	18.0366 28.257,
	18.0366 28.2621,
	18.0366 28.2647,
	18.0357 28.2698,
	18.035 28.2724,
	18.0344 28.2737,
	18.0344 28.2751,
	18.0324 28.2802,
	18.0299 28.2854,
	18.0283 28.2879,
	18.0276 28.2886,
	18.0276 28.2892,
	18.0244 28.2934,
	18.0206 28.2982,
	18.0115 28.3056,
	18.0103 28.3069,
	18.0079 28.3082,
	18.0066 28.3088,
	18.0063 28.3095,
	18.005 28.3098,
	17.9963 28.3165,
	17.9918 28.3201,
	17.9899 28.3217,
	17.9886 28.3221,
	17.988 28.3234,
	17.987 28.324,
	17.9848 28.3263,
	17.9841 28.3266,
	17.9841 28.3273,
	17.9822 28.3298,
	17.9812 28.3324,
	17.9809 28.3337,
	17.9799 28.3347,
	17.979 28.3398,
	17.9774 28.3449,
	17.9774 28.3462,
	17.9758 28.3514,
	17.9751 28.3539,
	17.9751 28.3552,
	17.9745 28.3559,
	17.9732 28.3662,
	17.9732 28.3766,
	17.9738 28.3817,
	17.9745 28.3843,
	17.9745 28.3868,
	17.9767 28.3971,
	17.9774 28.4023,
	17.9774 28.4074,
	17.9774 28.41,
	17.9764 28.4126,
	17.9758 28.4129,
	17.9751 28.4155,
	17.9745 28.4168,
	17.9719 28.4191,
	17.9706 28.4201,
	"/>
</Transform>

<Transform dim="0"
 xcoef=" 0 1 0 0 0 0"
 ycoef=" 0 0 1 0 0 0">
<Contour name="d04sp03" hidden="false" closed="true" simplified="true" border="1 0 0" fill="1 0 0" mode="11"
 points="19.6912 28.5831,
	19.6871 28.5791,
	19.6791 28.5791,
	19.6469 28.5671,
	19.6449 28.563,
	19.6368 28.5609,
	19.6207 28.5469,
	19.5884 28.5408,
	19.5804 28.5388,
	19.5764 28.5348,
	19.5603 28.5308,
	19.5583 28.5268,
	19.4938 28.5126,
	19.4616 28.5045,
	19.4293 28.4925,
	19.4133 28.4824,
	19.3971 28.4664,
	19.375 28.4341,
	19.3649 28.4179,
	19.3589 28.4018,
	19.3166 28.3394,
	19.3126 28.3314,
	19.3044 28.3234,
	19.2723 28.3052,
	19.2561 28.2911,
	19.2501 28.2831,
	19.2461 28.2831,
	19.24 28.275,
	19.232 28.2709,
	19.2239 28.2629,
	19.1937 28.2428,
	19.1776 28.2347,
	19.1614 28.2206,
	19.1474 28.2105,
	19.1313 28.1964,
	19.1152 28.1864,
	19.087 28.1541,
	19.0709 28.1381,
	19.0587 28.1219,
	19.0587 28.1159,
	19.0567 28.1138,
	19.0587 28.1098,
	19.091 28.1159,
	19.1071 28.1219,
	19.1233 28.134,
	19.1554 28.1481,
	19.1877 28.1561,
	19.2037 28.1561,
	19.2683 28.1783,
	19.3004 28.1904,
	19.3166 28.1985,
	19.381 28.2186,
	19.4133 28.2307,
	19.4293 28.2367,
	19.4374 28.2408,
	19.4696 28.2367,
	19.5019 28.2367,
	19.5341 28.2408,
	19.5663 28.2528,
	19.5824 28.2609,
	19.6147 28.2629,
	19.6307 28.2689,
	19.6469 28.279,
	19.6549 28.2811,
	19.663 28.2871,
	19.6791 28.2931,
	19.6871 28.2991,
	19.6952 28.3012,
	19.7576 28.3354,
	19.7737 28.3415,
	19.7818 28.3415,
	19.7899 28.3475,
	19.7979 28.3495,
	19.8301 28.3757,
	19.8443 28.3898,
	19.8463 28.4059,
	19.8382 28.4381,
	19.8382 28.4421,
	19.8342 28.4462,
	19.816 28.5106,
	19.814 28.5187,
	19.808 28.5268,
	19.808 28.5348,
	19.802 28.5428,
	19.802 28.5469,
	19.7899 28.563,
	19.7818 28.5711,
	19.7737 28.5751,
	19.7697 28.5751,
	19.7617 28.5811,
	19.7456 28.5831,
	19.7133 28.5811,
	19.7113 28.5791,
	19.7033 28.5831,
	"/>
</Transform>

<Transform dim="0"
 xcoef=" 0 1 0 0 0 0"
 ycoef=" 0 0 1 0 0 0">
<Contour name="d04sp03" hidden="false" closed="true" simplified="true" border="1 0 0" fill="1 0 0" mode="11"
 points="18.6897 28.5554,
	18.6857 28.5533,
	18.6816 28.5533,
	18.6796 28.5513,
	18.6715 28.5493,
	18.6645 28.5453,
	18.6504 28.5312,
	18.6384 28.5182,
	18.6272 28.507,
	18.6222 28.499,
	18.6192 28.4959,
	18.6182 28.4919,
	18.6091 28.4778,
	18.6091 28.4738,
	18.6051 28.4657,
	18.6051 28.4617,
	18.6031 28.4596,
	18.6031 28.4556,
	18.6001 28.4476,
	18.6001 28.4315,
	18.6001 28.4305,
	18.6051 28.4225,
	18.6061 28.4184,
	18.6111 28.4113,
	18.6131 28.4103,
	18.6131 28.4083,
	18.6192 28.4012,
	18.6252 28.3962,
	18.6272 28.3922,
	18.6312 28.3902,
	18.6332 28.3862,
	18.6404 28.3791,
	18.6444 28.3761,
	18.6494 28.369,
	18.6514 28.367,
	18.6514 28.3649,
	18.6575 28.3579,
	18.6575 28.3559,
	18.6635 28.3489,
	18.6715 28.3418,
	18.6756 28.3378,
	18.6776 28.3378,
	18.6857 28.3328,
	18.6877 28.3328,
	18.6917 28.3298,
	18.7239 28.3227,
	18.7321 28.3196,
	18.7481 28.3166,
	18.7562 28.3146,
	18.7622 28.3096,
	18.7703 28.3025,
	18.7743 28.2985,
	18.7854 28.2854,
	18.8236 28.2209,
	18.8288 28.2128,
	18.8308 28.2088,
	18.8328 28.2068,
	18.8278 28.1907,
	18.8268 28.1827,
	18.8236 28.1745,
	18.8226 28.1665,
	18.8206 28.1625,
	18.8206 28.1605,
	18.8186 28.1585,
	18.8186 28.1504,
	18.8166 28.1484,
	18.8146 28.1323,
	18.8126 28.1242,
	18.8126 28.1081,
	18.8126 28.1041,
	18.8116 28.1031,
	18.8186 28.0708,
	18.8216 28.0628,
	18.8226 28.0587,
	18.8328 28.0426,
	18.8388 28.0376,
	18.8459 28.0295,
	18.8489 28.0275,
	18.8599 28.0144,
	18.8629 28.0104,
	18.87 28.0053,
	18.873 28.0013,
	18.8801 27.9973,
	18.8842 27.9943,
	18.8852 27.9923,
	18.8872 27.9923,
	18.8952 27.9873,
	18.9033 27.9841,
	18.9113 27.9831,
	18.9153 27.9831,
	18.9305 27.9933,
	18.9335 27.9963,
	18.9375 27.9973,
	18.9516 28.0084,
	18.9526 28.0104,
	18.9566 28.0114,
	18.9637 28.0164,
	18.9647 28.0184,
	18.9687 28.0194,
	18.9718 28.0234,
	18.9738 28.0244,
	18.9738 28.0265,
	18.9779 28.0285,
	18.9819 28.0356,
	18.9839 28.0376,
	18.9839 28.0396,
	18.9869 28.0426,
	18.9869 28.0447,
	18.9899 28.0487,
	18.9929 28.0567,
	18.9949 28.0607,
	18.9949 28.0768,
	18.9949 28.085,
	18.9909 28.1011,
	18.9889 28.1081,
	18.9869 28.1121,
	18.9869 28.1161,
	18.9829 28.1242,
	18.9819 28.1323,
	18.9728 28.1645,
	18.9667 28.1807,
	18.9647 28.1847,
	18.9566 28.1897,
	18.9526 28.1907,
	18.9486 28.1937,
	18.9466 28.1958,
	18.9426 28.1968,
	18.9345 28.2018,
	18.9305 28.2038,
	18.9285 28.2038,
	18.9214 28.2088,
	18.9143 28.2118,
	18.8992 28.2229,
	18.8962 28.227,
	18.8922 28.2431,
	18.8902 28.2511,
	18.8902 28.2552,
	18.8872 28.2632,
	18.8842 28.2794,
	18.8832 28.2874,
	18.8822 28.2915,
	18.8822 28.2935,
	18.8801 28.2945,
	18.8791 28.2985,
	18.8771 28.3005,
	18.8761 28.3045,
	18.864 28.3196,
	18.8599 28.3227,
	18.8579 28.3267,
	18.8559 28.3267,
	18.8539 28.3308,
	18.8479 28.3358,
	18.8348 28.3489,
	18.8236 28.3619,
	18.8166 28.37,
	18.8066 28.3841,
	18.7995 28.3912,
	18.7975 28.3952,
	18.7945 28.3972,
	18.7895 28.4133,
	18.7875 28.4153,
	18.7824 28.4315,
	18.7794 28.4395,
	18.7773 28.4416,
	18.7763 28.4456,
	18.7632 28.4596,
	18.7562 28.4657,
	18.7532 28.4698,
	18.7512 28.4708,
	18.7512 28.4728,
	18.7401 28.4879,
	18.7361 28.4959,
	18.7341 28.4969,
	18.7311 28.505,
	18.7289 28.507,
	18.7289 28.511,
	18.7269 28.5151,
	18.7249 28.5161,
	18.7249 28.5202,
	18.7229 28.5212,
	18.7229 28.5252,
	18.7179 28.5332,
	18.7159 28.5373,
	18.7119 28.5403,
	18.7119 28.5423,
	18.7078 28.5443,
	18.7058 28.5483,
	18.6978 28.5533,
	18.6938 28.5554,
	"/>
</Transform>

<Transform dim="0"
 xcoef=" 0 1 0 0 0 0"
 ycoef=" 0 0 1 0 0 0">
<Contour name="d51sp03" hidden="false" closed="true" simplified="true" border="1 0 0" fill="1 0 0" mode="11"
 points="9.6543 24.7226,
	9.65047 24.7207,
	9.64664 24.7207,
	9.64281 24.7188,
	9.63898 24.7188,
	9.63132 24.714,
	9.61601 24.7083,
	9.60069 24.6997,
	9.59686 24.6987,
	9.59303 24.6958,
	9.58919 24.6949,
	9.58537 24.692,
	9.58345 24.692,
	9.57962 24.6891,
	9.57197 24.6863,
	9.56814 24.6844,
	9.56047 24.6834,
	9.55282 24.6796,
	9.54899 24.6786,
	9.54132 24.6738,
	9.53941 24.6718,
	9.5375 24.6718,
	9.53367 24.668,
	9.53175 24.6652,
	9.52984 24.6652,
	9.51643 24.6546,
	9.50974 24.6489,
	9.50782 24.6461,
	9.50399 24.6441,
	9.49059 24.6317,
	9.4858 24.6249,
	9.47909 24.6182,
	9.47527 24.6154,
	9.47335 24.6116,
	9.47144 24.6116,
	9.46473 24.6039,
	9.46091 24.6001,
	9.45995 24.5982,
	9.45804 24.5982,
	9.44463 24.5848,
	9.4408 24.5819,
	9.43889 24.579,
	9.43506 24.578,
	9.4207 24.5646,
	9.41878 24.5646,
	9.41303 24.5589,
	9.40921 24.558,
	9.40347 24.5532,
	9.39581 24.5484,
	9.39293 24.5455,
	9.38911 24.5446,
	9.37378 24.5321,
	9.37092 24.5301,
	9.36708 24.5263,
	9.36613 24.5244,
	9.36421 24.5244,
	9.35942 24.5177,
	9.35272 24.5101,
	9.34506 24.5044,
	9.34315 24.5044,
	9.34027 24.5005,
	9.32688 24.4919,
	9.31252 24.4872,
	9.28187 24.4823,
	9.26656 24.4775,
	9.25889 24.4775,
	9.24358 24.4737,
	9.23592 24.4708,
	9.23209 24.4708,
	9.21678 24.4632,
	9.21486 24.4632,
	9.21102 24.4603,
	9.20911 24.4603,
	9.20816 24.4584,
	9.2005 24.4555,
	9.19284 24.4508,
	9.18901 24.4498,
	9.18135 24.445,
	9.17369 24.4431,
	9.17177 24.4412,
	9.14114 24.4315,
	9.13348 24.4296,
	9.12965 24.4277,
	9.12774 24.4277,
	9.1239 24.4249,
	9.12007 24.4239,
	9.11242 24.4182,
	9.09997 24.4057,
	9.09423 24.3981,
	9.09232 24.3943,
	9.0904 24.3933,
	9.0904 24.3895,
	9.0904 24.3885,
	9.09232 24.3865,
	9.09232 24.3846,
	9.10571 24.3722,
	9.10859 24.3684,
	9.1105 24.3684,
	9.11816 24.3627,
	9.12582 24.3598,
	9.13061 24.355,
	9.13252 24.355,
	9.13443 24.3512,
	9.13826 24.3474,
	9.14402 24.3329,
	9.14593 24.3291,
	9.14593 24.3215,
	9.14976 24.3062,
	9.15263 24.2985,
	9.15358 24.2908,
	9.15741 24.2832,
	9.15933 24.2755,
	9.15933 24.2717,
	9.15933 24.2698,
	9.16124 24.2679,
	9.16603 24.2526,
	9.16699 24.2488,
	9.17273 24.241,
	9.17369 24.2372,
	9.17656 24.2334,
	9.17848 24.2315,
	9.17944 24.2276,
	9.19188 24.2152,
	9.19954 24.2104,
	9.20242 24.2076,
	9.20433 24.2076,
	9.21102 24.2018,
	9.21486 24.2009,
	9.22252 24.1951,
	9.23784 24.1912,
	9.25315 24.1903,
	9.26847 24.1932,
	9.29911 24.1941,
	9.32974 24.1884,
	9.36039 24.1874,
	9.3757 24.1884,
	9.38336 24.1912,
	9.38719 24.1912,
	9.39485 24.1941,
	9.39868 24.1941,
	9.40633 24.199,
	9.42165 24.2057,
	9.42931 24.2085,
	9.43122 24.2104,
	9.43315 24.2104,
	9.43698 24.2133,
	9.4408 24.2143,
	9.44846 24.219,
	9.46378 24.2257,
	9.47909 24.2305,
	9.48293 24.2324,
	9.48484 24.2343,
	9.48867 24.2343,
	9.51836 24.2478,
	9.52218 24.2488,
	9.52984 24.2535,
	9.54516 24.2593,
	9.55282 24.2621,
	9.55473 24.2621,
	9.55665 24.2641,
	9.58728 24.2746,
	9.59112 24.2746,
	9.59877 24.2774,
	9.61408 24.2793,
	9.61792 24.2812,
	9.62558 24.2812,
	9.62941 24.2832,
	9.63132 24.2851,
	9.63323 24.2851,
	9.63515 24.287,
	9.64281 24.2879,
	9.64473 24.2898,
	9.64856 24.2908,
	9.65239 24.2938,
	9.65621 24.2947,
	9.67057 24.3052,
	9.67824 24.311,
	9.68398 24.3177,
	9.68781 24.3215,
	9.69068 24.3291,
	9.6926 24.3445,
	9.6926 24.3751,
	9.6926 24.3905,
	9.69546 24.4057,
	9.70122 24.421,
	9.71461 24.4488,
	9.72036 24.4632,
	9.72132 24.467,
	9.72132 24.4689,
	9.72323 24.4708,
	9.72515 24.5015,
	9.72418 24.5321,
	9.72227 24.5474,
	9.72036 24.5551,
	9.71844 24.5858,
	9.71844 24.647,
	9.71844 24.6623,
	9.71653 24.6777,
	9.7127 24.6853,
	9.71079 24.6891,
	9.71079 24.6911,
	9.706 24.6987,
	9.70408 24.7006,
	9.70408 24.7025,
	9.70025 24.7054,
	9.69546 24.7121,
	9.68877 24.7169,
	9.68685 24.7188,
	9.68493 24.7188,
	9.6811 24.7216,
	9.66579 24.7226,
	"/>
</Transform>

<Transform dim="0"
 xcoef=" 0 1 0 0 0 0"
 ycoef=" 0 0 1 0 0 0">
<Contour name="d04p02" hidden="false" closed="true" simplified="true" border="1 0 0" fill="1 0 0" mode="11"
 points="18.7631 26.9379,
	18.7467 26.9076,
	18.7797 26.9076,
	"/>
</Transform>

<Transform dim="0"
 xcoef=" 0 1 0 0 0 0"
 ycoef=" 0 0 1 0 0 0">
<Contour name="d61_original" hidden="false" closed="true" simplified="true" border="0 0 0" fill="0 0 0" mode="11"
 points="15.3334 16.9742,
	15.2923 16.973,
	15.2115 16.9371,
	15.2013 16.9307,
	15.1911 16.9268,
	15.186 16.9243,
	15.1834 16.9243,
	15.1821 16.9217,
	15.1769 16.9217,
	15.1731 16.9166,
	15.1628 16.9115,
	15.1552 16.9037,
	15.15 16.9024,
	15.1462 16.8973,
	15.1436 16.8947,
	15.1411 16.8947,
	15.1269 16.8781,
	15.1244 16.8743,
	15.1192 16.8691,
	15.1052 16.8499,
	15.0988 16.8409,
	15.0937 16.8371,
	15.0795 16.8192,
	15.0629 16.7999,
	15.0552 16.7909,
	15.0501 16.7858,
	15.0475 16.7807,
	15.0373 16.7717,
	15.0205 16.7576,
	15.0129 16.7486,
	15.0013 16.7307,
	14.9886 16.7101,
	14.9886 16.7076,
	14.9846 16.7024,
	14.9833 16.6973,
	14.9769 16.6871,
	14.9744 16.6769,
	14.9718 16.6717,
	14.9693 16.6512,
	14.9693 16.6307,
	14.9667 16.6101,
	14.9629 16.605,
	14.9603 16.5948,
	14.9488 16.5743,
	14.9488 16.5718,
	14.9321 16.5525,
	14.9167 16.5358,
	14.9078 16.5269,
	14.8962 16.5076,
	14.8937 16.4666,
	14.8937 16.4461,
	14.8898 16.4051,
	14.8859 16.3846,
	14.8859 16.3435,
	14.8859 16.323,
	14.8859 16.3204,
	14.8859 16.3191,
	14.8872 16.2987,
	14.8924 16.2974,
	14.895 16.3,
	14.9052 16.3038,
	14.9078 16.3063,
	14.918 16.3102,
	14.9282 16.3166,
	14.9385 16.3191,
	14.9488 16.3243,
	14.959 16.3268,
	14.9795 16.3372,
	14.9898 16.3397,
	15.0308 16.3589,
	15.0411 16.3627,
	15.082 16.3859,
	15.0924 16.391,
	15.1334 16.4191,
	15.1539 16.4333,
	15.1641 16.4384,
	15.1847 16.455,
	15.1949 16.4614,
	15.2 16.464,
	15.2052 16.4691,
	15.2859 16.5165,
	15.6141 16.6973,
	15.618 16.7076,
	15.618 16.7101,
	15.6205 16.7127,
	15.6205 16.7153,
	15.6244 16.7205,
	15.6308 16.7409,
	15.6333 16.7435,
	15.6346 16.7537,
	15.6423 16.7743,
	15.6423 16.7948,
	15.6423 16.805,
	15.6397 16.8153,
	15.6308 16.8358,
	15.6244 16.846,
	15.6231 16.8511,
	15.6154 16.8615,
	15.6115 16.8666,
	15.6064 16.8679,
	15.6025 16.873,
	15.5936 16.8781,
	15.591 16.8781,
	15.5808 16.8858,
	15.5705 16.8896,
	15.5654 16.8935,
	15.5449 16.9011,
	15.5346 16.905,
	15.5244 16.9115,
	15.5193 16.9127,
	15.5089 16.9191,
	15.4885 16.9268,
	15.4859 16.9294,
	15.4449 16.9422,
	15.4346 16.946,
	15.4295 16.9486,
	15.427 16.9486,
	15.4257 16.9511,
	15.4206 16.9524,
	15.4154 16.9563,
	15.3949 16.9627,
	15.3538 16.9704,
	"/>
</Transform>

<Transform dim="0"
 xcoef=" 0 1 0 0 0 0"
 ycoef=" 0 0 1 0 0 0">
<Contour name="d04c03b" hidden="false" closed="true" simplified="true" border="0 0 1" fill="0 0 1" mode="11"
 points="18.6376 28.557,
	18.6294 28.5539,
	18.6263 28.5514,
	18.6243 28.5504,
	18.6177 28.5428,
	18.6152 28.5393,
	18.6132 28.5367,
	18.6132 28.5357,
	18.6121 28.5347,
	18.6111 28.5307,
	18.6091 28.5266,
	18.6086 28.5185,
	18.6086 28.5145,
	18.6086 28.5138,
	18.6096 28.5098,
	18.6101 28.5078,
	18.6116 28.5057,
	18.6121 28.5037,
	18.6147 28.4997,
	18.6182 28.4921,
	18.6197 28.4906,
	18.6207 28.49,
	18.6207 28.489,
	18.6278 28.4835,
	18.6288 28.4835,
	18.6324 28.4809,
	18.6345 28.4794,
	18.6355 28.4794,
	18.6376 28.4779,
	18.6457 28.4764,
	18.6497 28.4774,
	18.6517 28.4784,
	18.6522 28.4794,
	18.6533 28.4794,
	18.6608 28.4855,
	18.6634 28.489,
	18.6649 28.4906,
	18.6679 28.4987,
	18.6695 28.5027,
	18.6695 28.5068,
	18.6705 28.5103,
	18.671 28.5123,
	18.672 28.5128,
	18.6725 28.521,
	18.6725 28.5251,
	18.6715 28.5291,
	18.6695 28.5332,
	18.6689 28.5352,
	18.6679 28.5357,
	18.6674 28.5377,
	18.6624 28.5458,
	18.6588 28.5484,
	18.6548 28.5519,
	18.6538 28.5529,
	18.6527 28.5529,
	18.6517 28.5539,
	18.6507 28.5539,
	18.6497 28.555,
	18.6416 28.557,
	"/>
</Transform>

<Transform dim="0"
 xcoef=" 0 1 0 0 0 0"
 ycoef=" 0 0 1 0 0 0">
<Contour name="d13" hidden="false" closed="true" simplified="true" border="0 0 0" fill="0 0 0" mode="11"
 points="20.4821 20.8711,
	20.4382 20.8684,
	20.4273 20.8643,
	20.4218 20.8643,
	20.3998 20.8547,
	20.3903 20.8479,
	20.3862 20.8451,
	20.3725 20.8245,
	20.3725 20.8218,
	20.3505 20.8163,
	20.3286 20.815,
	20.3177 20.815,
	20.3136 20.8109,
	20.3108 20.8109,
	20.293 20.7903,
	20.2862 20.7793,
	20.2834 20.778,
	20.2821 20.7725,
	20.278 20.767,
	20.278 20.7615,
	20.2711 20.7506,
	20.267 20.7409,
	20.2533 20.7218,
	20.2355 20.704,
	20.2273 20.6957,
	20.2162 20.6848,
	20.208 20.6752,
	20.2053 20.6725,
	20.2053 20.6698,
	20.2026 20.667,
	20.1998 20.645,
	20.1998 20.6341,
	20.2094 20.5903,
	20.2121 20.5848,
	20.2121 20.5793,
	20.2149 20.5739,
	20.2149 20.5711,
	20.2177 20.5684,
	20.2218 20.5464,
	20.2204 20.4588,
	20.2177 20.4478,
	20.2177 20.4423,
	20.2067 20.4218,
	20.1998 20.3998,
	20.1998 20.378,
	20.2067 20.356,
	20.2067 20.3121,
	20.2039 20.3108,
	20.1998 20.2998,
	20.1916 20.2889,
	20.1862 20.2793,
	20.1821 20.2739,
	20.1807 20.2684,
	20.1807 20.2657,
	20.178 20.2628,
	20.1793 20.2519,
	20.1739 20.208,
	20.1698 20.1862,
	20.1684 20.1807,
	20.1656 20.178,
	20.1587 20.156,
	20.1587 20.1451,
	20.1587 20.1396,
	20.1587 20.1382,
	20.1587 20.1369,
	20.1615 20.1314,
	20.1615 20.1259,
	20.1642 20.1205,
	20.1642 20.1149,
	20.1698 20.1039,
	20.1711 20.0985,
	20.178 20.0875,
	20.1875 20.078,
	20.1944 20.0683,
	20.1998 20.0656,
	20.2067 20.056,
	20.2162 20.0451,
	20.2287 20.0245,
	20.2341 20.0135,
	20.2423 20.0026,
	20.2478 19.9944,
	20.2657 19.9751,
	20.2766 19.9656,
	20.2821 19.9615,
	20.2848 19.9587,
	20.2875 19.9587,
	20.293 19.9533,
	20.2985 19.9519,
	20.3094 19.9451,
	20.3121 19.9451,
	20.3232 19.9382,
	20.367 19.9204,
	20.378 19.9176,
	20.3793 19.9149,
	20.3848 19.9149,
	20.3862 19.9122,
	20.3971 19.9094,
	20.4026 19.9053,
	20.408 19.904,
	20.4136 19.8998,
	20.4163 19.8998,
	20.4218 19.8957,
	20.4245 19.893,
	20.4273 19.893,
	20.4327 19.8875,
	20.4355 19.8875,
	20.478 19.8505,
	20.4862 19.8423,
	20.4971 19.8341,
	20.4998 19.8299,
	20.5396 19.7999,
	20.545 19.7985,
	20.5657 19.7862,
	20.5711 19.782,
	20.593 19.7738,
	20.5985 19.771,
	20.6013 19.7683,
	20.6068 19.7669,
	20.6109 19.7628,
	20.6163 19.7615,
	20.6355 19.7451,
	20.6382 19.7451,
	20.6492 19.7382,
	20.6547 19.7327,
	20.6574 19.7327,
	20.6684 19.7258,
	20.6739 19.7217,
	20.6848 19.7176,
	20.6875 19.7176,
	20.6889 19.7149,
	20.7327 19.7135,
	20.7437 19.7094,
	20.7492 19.7094,
	20.7547 19.7067,
	20.7574 19.7067,
	20.7602 19.704,
	20.7821 19.6985,
	20.7931 19.6985,
	20.804 19.7026,
	20.8259 19.7067,
	20.8396 19.7067,
	20.8424 19.704,
	20.8479 19.704,
	20.8588 19.6985,
	20.9027 19.6971,
	20.9136 19.6958,
	20.9245 19.6917,
	20.9355 19.6903,
	20.9465 19.6917,
	20.967 19.7053,
	20.9697 19.7081,
	20.9725 19.7081,
	20.9779 19.7122,
	20.9807 19.7149,
	20.9834 19.7149,
	20.9945 19.7217,
	21.0054 19.7313,
	21.0109 19.734,
	21.0136 19.7382,
	21.0232 19.7451,
	21.0315 19.756,
	21.0369 19.7615,
	21.0492 19.7833,
	21.0561 19.7944,
	21.0574 19.7999,
	21.0574 19.8026,
	21.0643 19.8135,
	21.0643 19.8163,
	21.067 19.819,
	21.0738 19.841,
	21.0752 19.8848,
	21.0738 19.9067,
	21.0711 19.9176,
	21.0697 19.9231,
	21.0533 19.9437,
	21.0451 19.9546,
	21.0397 19.9601,
	21.0369 19.9656,
	21.0342 19.9683,
	21.0342 19.971,
	21.0204 19.9916,
	21.0163 19.9971,
	21.0163 19.9998,
	21.0109 20.0053,
	21.0109 20.008,
	21.0081 20.0094,
	21.0081 20.0122,
	20.9945 20.0328,
	20.989 20.0437,
	20.9863 20.0464,
	20.9766 20.0683,
	20.9738 20.0793,
	20.9711 20.0821,
	20.9684 20.093,
	20.9684 20.0957,
	20.9656 20.0985,
	20.9656 20.1012,
	20.9629 20.1039,
	20.9602 20.1149,
	20.9574 20.1205,
	20.9574 20.1259,
	20.9533 20.1369,
	20.9506 20.1423,
	20.9506 20.1478,
	20.9451 20.1587,
	20.9451 20.1615,
	20.941 20.1656,
	20.9397 20.1711,
	20.9273 20.1916,
	20.9232 20.1971,
	20.915 20.2177,
	20.9109 20.2396,
	20.9081 20.2505,
	20.904 20.256,
	20.9027 20.2615,
	20.8904 20.2834,
	20.8862 20.2875,
	20.8848 20.293,
	20.8807 20.2985,
	20.8793 20.3039,
	20.8752 20.3094,
	20.8738 20.315,
	20.8697 20.3204,
	20.8684 20.3259,
	20.8547 20.3478,
	20.852 20.3492,
	20.8506 20.3546,
	20.841 20.3657,
	20.8355 20.3766,
	20.8327 20.3821,
	20.8327 20.3848,
	20.8273 20.3903,
	20.8218 20.4012,
	20.815 20.4095,
	20.8068 20.4204,
	20.8027 20.4245,
	20.8027 20.4273,
	20.7875 20.4478,
	20.7848 20.4505,
	20.7684 20.4944,
	20.767 20.4998,
	20.7629 20.5054,
	20.7588 20.515,
	20.7547 20.5204,
	20.7547 20.5232,
	20.7423 20.5437,
	20.7355 20.5547,
	20.7355 20.5575,
	20.7314 20.5616,
	20.7273 20.5711,
	20.7136 20.5916,
	20.7109 20.5971,
	20.7081 20.5998,
	20.7081 20.6027,
	20.7027 20.6081,
	20.6889 20.6273,
	20.6834 20.6327,
	20.6684 20.6533,
	20.6478 20.6739,
	20.6437 20.6793,
	20.6259 20.693,
	20.6081 20.7109,
	20.593 20.7314,
	20.5807 20.7533,
	20.5766 20.7643,
	20.5766 20.767,
	20.5739 20.7698,
	20.567 20.7917,
	20.5575 20.8136,
	20.5534 20.8177,
	20.5534 20.8204,
	20.5437 20.8286,
	20.5273 20.8492,
	20.5177 20.8574,
	20.5136 20.8629,
	20.504 20.8697,
	"/>
</Transform>

<Transform dim="0"
 xcoef=" 0 1 0 0 0 0"
 ycoef=" 0 0 1 0 0 0">
<Contour name="d51c02" hidden="false" closed="true" simplified="true" border="0 0 1" fill="0 0 1" mode="11"
 points="10.5439 23.5679,
	10.5322 23.5653,
	10.5263 23.5631,
	10.5237 23.5617,
	10.5223 23.5609,
	10.5216 23.5609,
	10.519 23.5591,
	10.5186 23.5584,
	10.5172 23.558,
	10.5117 23.5529,
	10.5092 23.5504,
	10.5073 23.5482,
	10.5048 23.5456,
	10.503 23.5434,
	10.5004 23.5409,
	10.4997 23.5398,
	10.499 23.5394,
	10.499 23.5387,
	10.4953 23.5336,
	10.4931 23.531,
	10.4931 23.5303,
	10.4909 23.5274,
	10.4906 23.5259,
	10.4895 23.5247,
	10.4895 23.524,
	10.4887 23.5233,
	10.4887 23.5226,
	10.488 23.5222,
	10.488 23.5207,
	10.4862 23.5178,
	10.4851 23.5149,
	10.484 23.5134,
	10.4822 23.5076,
	10.4807 23.5047,
	10.4792 23.4989,
	10.4781 23.4959,
	10.477 23.4901,
	10.4766 23.4784,
	10.4766 23.4754,
	10.4766 23.4743,
	10.4766 23.474,
	10.4777 23.471,
	10.4781 23.4681,
	10.4804 23.4627,
	10.4811 23.4597,
	10.4818 23.459,
	10.4818 23.4583,
	10.4825 23.4576,
	10.4833 23.4546,
	10.4858 23.4488,
	10.4876 23.4463,
	10.4887 23.4433,
	10.4906 23.4404,
	10.4931 23.4346,
	10.4935 23.4331,
	10.4953 23.4302,
	10.4957 23.4287,
	10.499 23.4228,
	10.5008 23.4199,
	10.5019 23.417,
	10.5026 23.4166,
	10.5037 23.4137,
	10.5059 23.4108,
	10.5062 23.4093,
	10.507 23.409,
	10.507 23.4082,
	10.5088 23.4053,
	10.5095 23.4046,
	10.5099 23.4031,
	10.511 23.4017,
	10.5113 23.4002,
	10.515 23.3944,
	10.5161 23.3933,
	10.5165 23.3918,
	10.5183 23.3889,
	10.5186 23.3878,
	10.5223 23.382,
	10.5237 23.3804,
	10.5241 23.379,
	10.5259 23.376,
	10.5263 23.375,
	10.5311 23.3691,
	10.5366 23.3637,
	10.5479 23.3571,
	10.5508 23.3564,
	10.5523 23.3556,
	10.5581 23.3553,
	10.564 23.3556,
	10.5669 23.3567,
	10.5676 23.3575,
	10.5705 23.3582,
	10.572 23.3585,
	10.5734 23.3596,
	10.5749 23.36,
	10.5757 23.3607,
	10.5764 23.3607,
	10.5816 23.3651,
	10.5841 23.3666,
	10.5881 23.3702,
	10.5881 23.3709,
	10.5899 23.3735,
	10.591 23.3746,
	10.591 23.3753,
	10.5932 23.3779,
	10.5947 23.3808,
	10.5958 23.3822,
	10.5961 23.3838,
	10.5983 23.3867,
	10.602 23.3984,
	10.6038 23.4042,
	10.6063 23.4159,
	10.6074 23.4217,
	10.6078 23.4246,
	10.6089 23.4276,
	10.6089 23.4335,
	10.6096 23.4364,
	10.61 23.4481,
	10.61 23.4539,
	10.6093 23.4597,
	10.6085 23.4627,
	10.6082 23.4641,
	10.6074 23.4648,
	10.606 23.4703,
	10.606 23.471,
	10.6053 23.4718,
	10.6042 23.4747,
	10.6038 23.4762,
	10.602 23.4788,
	10.6012 23.4792,
	10.6009 23.4806,
	10.5969 23.4865,
	10.5961 23.4868,
	10.5958 23.4883,
	10.5943 23.4897,
	10.5907 23.4952,
	10.5899 23.4967,
	10.5885 23.4978,
	10.5881 23.4992,
	10.5867 23.5003,
	10.5852 23.5032,
	10.5845 23.5036,
	10.5845 23.5043,
	10.5834 23.5054,
	10.583 23.5069,
	10.5808 23.5098,
	10.5808 23.5105,
	10.5786 23.5131,
	10.5783 23.5145,
	10.5761 23.5171,
	10.5757 23.5185,
	10.5738 23.5215,
	10.5731 23.5222,
	10.5731 23.5229,
	10.5698 23.5289,
	10.568 23.5318,
	10.5654 23.5376,
	10.565 23.5391,
	10.564 23.5405,
	10.5596 23.5522,
	10.5581 23.5551,
	10.5578 23.5566,
	10.5578 23.5573,
	10.5545 23.5631,
	10.5527 23.5657,
	10.5497 23.5679,
	"/>
</Transform>

<Transform dim="0"
 xcoef=" 0 1 0 0 0 0"
 ycoef=" 0 0 1 0 0 0">
<Contour name="d04c05" hidden="false" closed="true" simplified="true" border="0 0 1" fill="0 0 1" mode="11"
 points="17.6129 26.5769,
	17.5963 26.5722,
	17.5943 26.5712,
	17.5932 26.5712,
	17.5922 26.5702,
	17.5901 26.5696,
	17.5819 26.565,
	17.5782 26.5619,
	17.5766 26.5609,
	17.5725 26.5572,
	17.5699 26.5541,
	17.5673 26.55,
	17.5642 26.5468,
	17.5616 26.5427,
	17.5616 26.5417,
	17.5601 26.5396,
	17.5601 26.5386,
	17.5591 26.538,
	17.5591 26.536,
	17.5575 26.5318,
	17.557 26.5277,
	17.556 26.5267,
	17.5523 26.5102,
	17.5508 26.4935,
	17.5508 26.477,
	17.5508 26.4729,
	17.5508 26.4708,
	17.5508 26.4703,
	17.5508 26.4698,
	17.5518 26.4677,
	17.5523 26.4636,
	17.5523 26.4615,
	17.5534 26.4595,
	17.5534 26.4574,
	17.5549 26.4533,
	17.5549 26.4511,
	17.556 26.4501,
	17.558 26.4418,
	17.5591 26.4397,
	17.5591 26.4377,
	17.5601 26.4366,
	17.5627 26.4284,
	17.5637 26.4263,
	17.5637 26.4242,
	17.5658 26.4206,
	17.5658 26.4186,
	17.5725 26.403,
	17.5725 26.4019,
	17.5751 26.3978,
	17.5756 26.3957,
	17.5771 26.3942,
	17.5776 26.3921,
	17.5788 26.3911,
	17.5793 26.389,
	17.5819 26.3854,
	17.5819 26.3844,
	17.587 26.3761,
	17.5886 26.3741,
	17.5886 26.373,
	17.5907 26.371,
	17.5907 26.3699,
	17.5932 26.3663,
	17.5953 26.3648,
	17.5958 26.3627,
	17.5989 26.3586,
	17.6041 26.3518,
	17.6077 26.3481,
	17.6092 26.3461,
	17.6108 26.345,
	17.6149 26.3414,
	17.6185 26.3388,
	17.6201 26.3373,
	17.6211 26.3373,
	17.6227 26.3357,
	17.6237 26.3357,
	17.6258 26.3342,
	17.6341 26.3332,
	17.6507 26.3337,
	17.6589 26.3363,
	17.663 26.3378,
	17.6651 26.3394,
	17.6692 26.3404,
	17.6713 26.3409,
	17.6754 26.3435,
	17.6766 26.3435,
	17.6771 26.3445,
	17.6812 26.3461,
	17.6817 26.3471,
	17.6838 26.3476,
	17.6859 26.3492,
	17.6869 26.3492,
	17.6905 26.3528,
	17.691 26.3538,
	17.6921 26.3538,
	17.6952 26.357,
	17.6972 26.3586,
	17.6977 26.3606,
	17.7034 26.3673,
	17.7055 26.371,
	17.706 26.373,
	17.7075 26.3751,
	17.7106 26.3833,
	17.7106 26.3844,
	17.7117 26.3854,
	17.7132 26.3937,
	17.7143 26.3957,
	17.7153 26.4124,
	17.7148 26.4289,
	17.7132 26.4371,
	17.7106 26.4454,
	17.7101 26.4475,
	17.7101 26.4485,
	17.7086 26.4506,
	17.7081 26.4548,
	17.707 26.4558,
	17.7045 26.4641,
	17.7029 26.4682,
	17.7014 26.4703,
	17.6998 26.4739,
	17.6993 26.476,
	17.6946 26.4842,
	17.6926 26.4884,
	17.6926 26.4904,
	17.6915 26.4915,
	17.6905 26.4951,
	17.6905 26.4971,
	17.6895 26.4982,
	17.6869 26.5065,
	17.6859 26.5086,
	17.6859 26.5107,
	17.6833 26.5189,
	17.6817 26.521,
	17.6807 26.5251,
	17.6807 26.5262,
	17.6797 26.5272,
	17.6792 26.5313,
	17.6781 26.5324,
	17.6723 26.549,
	17.6698 26.5531,
	17.6677 26.5547,
	17.6677 26.5557,
	17.6656 26.5578,
	17.6646 26.5593,
	17.661 26.5629,
	17.6589 26.5645,
	17.6584 26.5655,
	17.6574 26.5655,
	17.6501 26.5702,
	17.6419 26.5727,
	17.6377 26.5743,
	17.6357 26.5743,
	17.6336 26.5753,
	17.617 26.5769,
	"/>
</Transform>

<Transform dim="0"
 xcoef=" 0 1 0 0 0 0"
 ycoef=" 0 0 1 0 0 0">
<Contour name="d04sp05" hidden="false" closed="true" simplified="true" border="1 0 0" fill="1 0 0" mode="11"
 points="17.7317 26.6009,
	17.7194 26.5971,
	17.7073 26.5917,
	17.7043 26.5909,
	17.6982 26.5872,
	17.6921 26.5818,
	17.6861 26.578,
	17.6738 26.5743,
	17.6708 26.5735,
	17.6677 26.5712,
	17.6647 26.5705,
	17.6632 26.5705,
	17.6617 26.5689,
	17.6602 26.5689,
	17.6586 26.5674,
	17.6465 26.5629,
	17.6404 26.5606,
	17.6359 26.5568,
	17.6344 26.5568,
	17.6321 26.5545,
	17.6306 26.5545,
	17.6244 26.5492,
	17.6191 26.5453,
	17.6092 26.534,
	17.6009 26.5241,
	17.5979 26.518,
	17.5956 26.5158,
	17.588 26.4914,
	17.588 26.4883,
	17.5865 26.4868,
	17.5865 26.4626,
	17.5865 26.4603,
	17.5865 26.4595,
	17.5963 26.4352,
	17.6032 26.4238,
	17.6032 26.4223,
	17.6047 26.4207,
	17.6047 26.4192,
	17.6062 26.4177,
	17.6062 26.4162,
	17.6085 26.4132,
	17.6092 26.4101,
	17.613 26.4056,
	17.6146 26.4024,
	17.6161 26.4009,
	17.6161 26.3994,
	17.6351 26.3751,
	17.6458 26.3675,
	17.6465 26.366,
	17.6495 26.3653,
	17.6511 26.3653,
	17.6541 26.363,
	17.6662 26.3607,
	17.6785 26.3607,
	17.6815 26.3622,
	17.6876 26.3622,
	17.6906 26.3638,
	17.7027 26.366,
	17.7088 26.3691,
	17.7118 26.3691,
	17.7134 26.3706,
	17.7149 26.3706,
	17.7164 26.3721,
	17.7194 26.3721,
	17.7209 26.3736,
	17.7226 26.3736,
	17.7233 26.3751,
	17.7264 26.3759,
	17.7279 26.3759,
	17.7309 26.3782,
	17.737 26.3789,
	17.743 26.3812,
	17.7461 26.3827,
	17.7476 26.3827,
	17.7483 26.3842,
	17.7544 26.3865,
	17.7559 26.388,
	17.759 26.3888,
	17.7712 26.3964,
	17.7735 26.3979,
	17.775 26.3979,
	17.7788 26.4017,
	17.7818 26.4024,
	17.7871 26.4063,
	17.7879 26.4078,
	17.7894 26.4078,
	17.7924 26.4101,
	17.7932 26.4116,
	17.7947 26.4116,
	17.8 26.4162,
	17.8061 26.4223,
	17.8152 26.4329,
	17.8198 26.4374,
	17.8221 26.4397,
	17.8221 26.4412,
	17.8312 26.4527,
	17.832 26.4557,
	17.835 26.4588,
	17.8358 26.461,
	17.8396 26.4671,
	17.8411 26.4686,
	17.8418 26.4717,
	17.8418 26.4732,
	17.8441 26.4762,
	17.8456 26.4823,
	17.8456 26.4838,
	17.8471 26.4853,
	17.8479 26.4914,
	17.8517 26.5036,
	17.854 26.5279,
	17.8517 26.5523,
	17.8509 26.5583,
	17.8471 26.5705,
	17.8434 26.5765,
	17.8411 26.5796,
	17.8305 26.5864,
	17.8244 26.5887,
	17.8214 26.5909,
	17.8152 26.5917,
	17.8122 26.5925,
	17.8106 26.594,
	17.7864 26.5986,
	17.7742 26.6009,
	"/>
</Transform>

<Transform dim="0"
 xcoef=" 0 1 0 0 0 0"
 ycoef=" 0 0 1 0 0 0">
<Contour name="d04cfa05" hidden="false" closed="true" simplified="true" border="0 1 0" fill="0 1 0" mode="11"
 points="17.6418 26.5525,
	17.6366 26.5509,
	17.6353 26.5509,
	17.6327 26.5496,
	17.6313 26.5496,
	17.626 26.5476,
	17.6207 26.5439,
	17.6181 26.5419,
	17.6171 26.541,
	17.6158 26.5406,
	17.6119 26.5364,
	17.6099 26.5341,
	17.6079 26.5324,
	17.6073 26.5321,
	17.6073 26.5314,
	17.606 26.5305,
	17.606 26.5298,
	17.602 26.5255,
	17.5958 26.5154,
	17.5952 26.5141,
	17.5945 26.5134,
	17.5902 26.5029,
	17.5896 26.5019,
	17.5896 26.5013,
	17.5889 26.5005,
	17.5886 26.4993,
	17.5886 26.4985,
	17.5879 26.4979,
	17.5869 26.4926,
	17.5866 26.4716,
	17.5866 26.4611,
	17.5866 26.4598,
	17.5866 26.4595,
	17.5879 26.4542,
	17.5899 26.4489,
	17.5902 26.4476,
	17.5902 26.4469,
	17.5912 26.4456,
	17.5919 26.445,
	17.5929 26.4423,
	17.5932 26.441,
	17.5961 26.4361,
	17.5968 26.4348,
	17.5974 26.4341,
	17.5978 26.4328,
	17.5988 26.4315,
	17.5988 26.4308,
	17.6004 26.4282,
	17.6014 26.4269,
	17.6017 26.4256,
	17.6037 26.423,
	17.6047 26.4217,
	17.6047 26.421,
	17.6053 26.4207,
	17.6053 26.42,
	17.606 26.4194,
	17.606 26.4187,
	17.6076 26.4161,
	17.6086 26.4148,
	17.6089 26.4135,
	17.6099 26.4121,
	17.6102 26.4108,
	17.6119 26.4082,
	17.6129 26.4069,
	17.6132 26.4056,
	17.6148 26.4032,
	17.6158 26.4019,
	17.6162 26.4006,
	17.6178 26.3979,
	17.6188 26.3966,
	17.6188 26.396,
	17.6207 26.3933,
	17.6237 26.3884,
	17.626 26.3858,
	17.633 26.3763,
	17.6346 26.374,
	17.6395 26.3691,
	17.6448 26.3658,
	17.65 26.3638,
	17.6527 26.3625,
	17.6632 26.3612,
	17.671 26.3612,
	17.6737 26.3622,
	17.6751 26.3622,
	17.6803 26.3641,
	17.6816 26.3651,
	17.6823 26.3651,
	17.6843 26.3668,
	17.6853 26.3681,
	17.6859 26.3681,
	17.6869 26.3694,
	17.6876 26.3694,
	17.6918 26.3743,
	17.6938 26.3769,
	17.6951 26.3786,
	17.6951 26.3792,
	17.6971 26.3819,
	17.6997 26.3864,
	17.702 26.3917,
	17.7023 26.393,
	17.7023 26.3937,
	17.703 26.3943,
	17.703 26.395,
	17.7036 26.3956,
	17.704 26.3983,
	17.7056 26.4035,
	17.7063 26.4049,
	17.7063 26.4062,
	17.7069 26.4069,
	17.7076 26.4121,
	17.7072 26.4135,
	17.7066 26.4135,
	17.7036 26.4151,
	17.7033 26.4157,
	17.6981 26.4177,
	17.6954 26.419,
	17.6912 26.4236,
	17.6876 26.4285,
	17.6856 26.4312,
	17.6843 26.4338,
	17.6836 26.4345,
	17.6833 26.4358,
	17.6823 26.4371,
	17.6803 26.4423,
	17.6794 26.445,
	17.6794 26.4463,
	17.6784 26.4489,
	17.6777 26.4542,
	17.678 26.4595,
	17.678 26.4621,
	17.6774 26.4647,
	17.6764 26.4661,
	17.6747 26.4713,
	17.6737 26.4739,
	17.6737 26.4752,
	17.6727 26.4779,
	17.672 26.4785,
	17.6707 26.4834,
	17.6694 26.4861,
	17.6678 26.4913,
	17.6674 26.4939,
	17.6642 26.5045,
	17.6622 26.5098,
	17.6622 26.5111,
	17.6602 26.5164,
	17.6589 26.519,
	17.6586 26.5203,
	17.6579 26.5209,
	17.6576 26.5236,
	17.6566 26.5262,
	17.6556 26.5314,
	17.656 26.5341,
	17.6569 26.5367,
	17.6602 26.5413,
	17.6609 26.5419,
	17.6612 26.5433,
	17.6619 26.5439,
	17.6622 26.5465,
	17.6625 26.548,
	17.6625 26.5486,
	17.6599 26.5499,
	17.6589 26.5509,
	17.6563 26.5519,
	17.655 26.5525,
	"/>
</Transform>

<Transform dim="0"
 xcoef=" 0 1 0 0 0 0"
 ycoef=" 0 0 1 0 0 0">
<Contour name="d04sern02" hidden="false" closed="true" simplified="true" border="1 1 0" fill="1 1 0" mode="11"
 points="18.7806 26.7465,
	18.7806 26.7237,
	18.7578 26.7237,
	18.7578 26.7009,
	18.7806 26.7009,
	18.7806 26.6781,
	18.8033 26.6781,
	18.8033 26.7009,
	18.8262 26.7009,
	18.8262 26.7237,
	18.8033 26.7237,
	18.8033 26.7465,
	"/>
</Transform>

<Transform dim="0"
 xcoef=" 0 1 0 0 0 0"
 ycoef=" 0 0 1 0 0 0">
<Contour name="d04endon_te02" hidden="false" closed="true" simplified="true" border="0 1 0" fill="0 1 0" mode="11"
 points="18.735 26.8576,
	18.7293 26.8519,
	18.7293 26.8462,
	18.735 26.8405,
	18.7407 26.8405,
	18.7464 26.8462,
	18.7464 26.8519,
	18.7407 26.8576,
	"/>
</Transform>

<Transform dim="0"
 xcoef=" 0 1 0 0 0 0"
 ycoef=" 0 0 1 0 0 0">
<Contour name="d04rh03" hidden="false" closed="true" simplified="true" border="0 0 1" fill="0 0 1" mode="11"
 points="19.5269 28.3526,
	19.5198 28.3455,
	19.5198 28.3384,
	19.5269 28.3313,
	19.5341 28.3313,
	19.5412 28.3384,
	19.5412 28.3455,
	19.5341 28.3526,
	"/>
</Transform>

<Transform dim="0"
 xcoef=" 0 1 0 0 0 0"
 ycoef=" 0 0 1 0 0 0">
<Contour name="d04cfa03b" hidden="false" closed="false" simplified="true" border="1 0 0" fill="1 0 0" mode="11"
 points="18.6669 28.5275,
	18.6441 28.5054,
	18.6288 28.4854,
	"/>
</Transform>

<Transform dim="0"
 xcoef=" 0 1 0 0 0 0"
 ycoef=" 0 0 1 0 0 0">
<Contour name="d51cfa02" hidden="false" closed="false" simplified="true" border="0 1 0" fill="1 0 0" mode="11"
 points="10.5607 23.3577,
	10.4965 23.5231,
	"/>
</Transform>

<Transform dim="0"
 xcoef=" 0 1 0 0 0 0"
 ycoef=" 0 0 1 0 0 0">
<Contour name="d04cfa05" hidden="false" closed="false" simplified="true" border="1 0 0" fill="1 0 0" mode="11"
 points="17.7082 26.4201,
	17.7019 26.4227,
	17.6982 26.4267,
	17.6931 26.433,
	17.6894 26.4396,
	17.6861 26.447,
	17.6805 26.467,
	17.6761 26.4829,
	17.6683 26.511,
	17.6646 26.518,
	17.6627 26.525,
	17.6631 26.5324,
	17.6642 26.5386,
	17.6679 26.5443,
	"/>
</Transform>

<Transform dim="0"
 xcoef=" 0 1 0 0 0 0"
 ycoef=" 0 0 1 0 0 0">
<Contour name="d63sp03" hidden="false" closed="true" simplified="true" border="1 0 0" fill="1 0 0" mode="11"
 points="6.13229 18.4813,
	6.13435 18.4731,
	6.13435 18.4689,
	6.13641 18.4648,
	6.13744 18.4566,
	6.1395 18.4545,
	6.14258 18.4381,
	6.14567 18.4298,
	6.1467 18.4216,
	6.14979 18.4133,
	6.15185 18.4092,
	6.15185 18.4051,
	6.15494 18.401,
	6.15494 18.3969,
	6.1673 18.3639,
	6.17347 18.3474,
	6.17656 18.3392,
	6.17862 18.3351,
	6.17862 18.333,
	6.18068 18.331,
	6.18377 18.3227,
	6.18377 18.3186,
	6.19098 18.3021,
	6.19406 18.2939,
	6.20436 18.2774,
	6.20951 18.2692,
	6.22495 18.2527,
	6.23834 18.2362,
	6.24452 18.228,
	6.24452 18.226,
	6.24657 18.2239,
	6.24657 18.2218,
	6.25275 18.2146,
	6.25481 18.2105,
	6.25481 18.2084,
	6.2579 18.2054,
	6.2579 18.2033,
	6.26408 18.1961,
	6.2682 18.1889,
	6.27128 18.1848,
	6.27334 18.1827,
	6.27334 18.1807,
	6.28673 18.1652,
	6.28982 18.1611,
	6.29188 18.1601,
	6.29188 18.158,
	6.32071 18.1323,
	6.33409 18.1178,
	6.33924 18.1117,
	6.36292 18.0798,
	6.37836 18.0653,
	6.39278 18.054,
	6.40101 18.0509,
	6.40513 18.0489,
	6.40925 18.0489,
	6.41749 18.0447,
	6.43396 18.0427,
	6.46691 18.0437,
	6.48338 18.0468,
	6.49162 18.0489,
	6.49574 18.0499,
	6.4978 18.052,
	6.51427 18.0571,
	6.53074 18.0664,
	6.53795 18.0746,
	6.54104 18.0787,
	6.54207 18.0828,
	6.54413 18.0849,
	6.54928 18.1014,
	6.55648 18.1178,
	6.55648 18.1199,
	6.55957 18.123,
	6.55957 18.1251,
	6.5709 18.1384,
	6.57708 18.1446,
	6.58325 18.1529,
	6.58943 18.159,
	6.60487 18.1714,
	6.63576 18.1909,
	6.65121 18.2012,
	6.65327 18.2012,
	6.66974 18.2136,
	6.67798 18.2177,
	6.68209 18.2198,
	6.68415 18.2198,
	6.69239 18.2249,
	6.70063 18.228,
	6.70475 18.229,
	6.7068 18.2311,
	6.72328 18.2362,
	6.72534 18.2362,
	6.7274 18.2383,
	6.73152 18.2383,
	6.73975 18.2424,
	6.74387 18.2445,
	6.74593 18.2465,
	6.74799 18.2465,
	6.74902 18.2486,
	6.75108 18.2486,
	6.76652 18.261,
	6.7727 18.2671,
	6.78814 18.2816,
	6.79844 18.2949,
	6.80359 18.3021,
	6.80668 18.3052,
	6.80668 18.3073,
	6.81285 18.3155,
	6.81491 18.3196,
	6.81697 18.3207,
	6.818 18.3248,
	6.82006 18.3269,
	6.82109 18.331,
	6.84065 18.3639,
	6.85404 18.3794,
	6.86536 18.3948,
	6.86948 18.403,
	6.86948 18.4072,
	6.87566 18.4236,
	6.87772 18.4319,
	6.87772 18.4483,
	6.87257 18.4648,
	6.87154 18.4731,
	6.86845 18.4813,
	6.86742 18.4854,
	6.86433 18.4895,
	6.86433 18.4916,
	6.85301 18.507,
	6.84477 18.5142,
	6.83859 18.5184,
	6.83448 18.5204,
	6.83242 18.5225,
	6.83036 18.5225,
	6.8283 18.5245,
	6.82624 18.5245,
	6.82212 18.5276,
	6.82006 18.5276,
	6.81903 18.5297,
	6.81697 18.5297,
	6.80874 18.5359,
	6.80668 18.5359,
	6.80359 18.539,
	6.80153 18.539,
	6.8005 18.541,
	6.79844 18.541,
	6.783 18.5523,
	6.76961 18.5657,
	6.76755 18.5668,
	6.76755 18.5688,
	6.73975 18.5997,
	6.72328 18.6151,
	6.71607 18.6223,
	6.71298 18.6244,
	6.70063 18.6378,
	6.69342 18.646,
	6.68004 18.6574,
	6.67592 18.6615,
	6.67386 18.6615,
	6.66974 18.6646,
	6.66768 18.6666,
	6.66562 18.6666,
	6.6615 18.6697,
	6.65327 18.6728,
	6.65121 18.6728,
	6.64915 18.6749,
	6.64503 18.6749,
	6.64297 18.6769,
	6.63885 18.6769,
	6.63473 18.68,
	6.63267 18.68,
	6.62856 18.6831,
	6.61311 18.6882,
	6.60899 18.6903,
	6.60693 18.6903,
	6.59046 18.7006,
	6.5884 18.7006,
	6.58737 18.7027,
	6.58325 18.7037,
	6.58016 18.7068,
	6.5781 18.7068,
	6.56987 18.7119,
	6.56781 18.7119,
	6.56678 18.714,
	6.56266 18.714,
	6.55854 18.7171,
	6.55648 18.7171,
	6.54825 18.7222,
	6.54619 18.7222,
	6.54516 18.7243,
	6.5431 18.7243,
	6.53486 18.7305,
	6.53074 18.7315,
	6.49986 18.7552,
	6.49162 18.7583,
	6.48338 18.7593,
	6.46691 18.7572,
	6.46279 18.7572,
	6.45867 18.7593,
	6.42572 18.7593,
	6.40925 18.7583,
	6.34336 18.7644,
	6.32688 18.7644,
	6.31865 18.7634,
	6.30217 18.7583,
	6.29394 18.7552,
	6.28982 18.7541,
	6.2857 18.751,
	6.27746 18.748,
	6.26923 18.7428,
	6.26202 18.7408,
	6.24657 18.7315,
	6.2404 18.7274,
	6.23216 18.7222,
	6.22804 18.7191,
	6.22598 18.7171,
	6.22392 18.7171,
	6.22083 18.714,
	6.21878 18.714,
	6.21054 18.7078,
	6.18377 18.6841,
	6.17759 18.679,
	6.16935 18.6707,
	6.157 18.6543,
	6.15185 18.6378,
	6.14979 18.6337,
	6.14876 18.6254,
	6.1467 18.6213,
	6.14567 18.6048,
	6.14258 18.5884,
	6.14156 18.5801,
	6.1395 18.576,
	6.1395 18.5678,
	6.13744 18.5637,
	6.13641 18.5472,
	6.13332 18.5307,
	6.13229 18.4978,
	6.13229 18.4823,
	"/>
</Transform>

<Transform dim="1"
 xcoef=" 0.01 1 0 0 0 0"
 ycoef=" -0.01 0 1 0 0 0">
<Contour name="d63cfa03" hidden="false" closed="false" simplified="false" border="0 1 0" fill="1 0.5 0" mode="11"
 points="6.40831 18.2484,
	6.41509 18.2535,
	6.42131 18.2609,
	6.42584 18.2682,
	6.43092 18.2789,
	6.43262 18.2891,
	6.43262 18.3004,
	6.43375 18.3134,
	6.43884 18.3293,
	6.44732 18.3451,
	6.45297 18.3564,
	6.4575 18.37,
	6.45919 18.3852,
	6.45863 18.3999,
	6.4558 18.4101,
	6.45297 18.4186,
	6.44675 18.4282,
	6.43714 18.4406,
	6.42866 18.4497,
	6.41622 18.4633,
	6.40379 18.4768,
	6.39078 18.4927,
	6.37665 18.5158,
	6.35629 18.5458,
	6.33594 18.5735,
	"/>
</Transform>

<Transform dim="0"
 xcoef=" 0 1 0 0 0 0"
 ycoef=" 0 0 1 0 0 0">
<Contour name="d63c03" hidden="false" closed="true" simplified="true" border="0 0 1" fill="0 0 1" mode="11"
 points="6.10616 18.491,
	6.10889 18.4801,
	6.10889 18.4774,
	6.11025 18.4746,
	6.11025 18.4719,
	6.1123 18.4664,
	6.1123 18.4637,
	6.11366 18.461,
	6.11434 18.4555,
	6.11434 18.4528,
	6.11571 18.4501,
	6.11571 18.4474,
	6.11912 18.4364,
	6.12116 18.431,
	6.12184 18.4255,
	6.12253 18.4228,
	6.12253 18.4214,
	6.12389 18.4208,
	6.13071 18.3989,
	6.13275 18.3935,
	6.13344 18.3908,
	6.1348 18.3894,
	6.13821 18.3785,
	6.14025 18.3737,
	6.14162 18.3724,
	6.14162 18.371,
	6.14366 18.3683,
	6.14366 18.3669,
	6.15116 18.3567,
	6.15253 18.356,
	6.15253 18.3546,
	6.15389 18.3539,
	6.15389 18.3526,
	6.1573 18.3478,
	6.1573 18.3464,
	6.16207 18.3417,
	6.16548 18.3369,
	6.17298 18.3294,
	6.17708 18.326,
	6.18253 18.3226,
	6.18389 18.3212,
	6.18526 18.3212,
	6.18662 18.3198,
	6.18799 18.3198,
	6.19344 18.3164,
	6.1948 18.3164,
	6.19753 18.3144,
	6.1989 18.3144,
	6.20026 18.313,
	6.21117 18.311,
	6.2139 18.311,
	6.21662 18.3096,
	6.21935 18.3096,
	6.22481 18.3076,
	6.24663 18.3055,
	6.25754 18.3028,
	6.26299 18.3008,
	6.26572 18.3001,
	6.26708 18.3001,
	6.26845 18.2987,
	6.27117 18.2987,
	6.27186 18.2973,
	6.27458 18.2973,
	6.27663 18.2953,
	6.27799 18.2953,
	6.27936 18.2939,
	6.28072 18.2939,
	6.29163 18.2878,
	6.29299 18.2864,
	6.29845 18.2851,
	6.3039 18.2817,
	6.30936 18.2796,
	6.31959 18.2735,
	6.32504 18.2708,
	6.32777 18.2694,
	6.32913 18.2694,
	6.33186 18.2673,
	6.33322 18.2673,
	6.33459 18.266,
	6.34004 18.2639,
	6.34277 18.2626,
	6.34413 18.2626,
	6.34686 18.2605,
	6.34959 18.2598,
	6.35095 18.2585,
	6.35232 18.2585,
	6.35368 18.2571,
	6.35504 18.2571,
	6.35777 18.2551,
	6.3605 18.2551,
	6.36595 18.253,
	6.36868 18.2517,
	6.37959 18.2503,
	6.38505 18.2489,
	6.40687 18.2483,
	6.41232 18.2489,
	6.41505 18.2489,
	6.41641 18.2489,
	6.43414 18.2667,
	6.43755 18.2708,
	6.4396 18.2755,
	6.44301 18.281,
	6.44505 18.2837,
	6.44846 18.2946,
	6.44846 18.296,
	6.44982 18.2973,
	6.44982 18.3001,
	6.45664 18.3212,
	6.46073 18.3321,
	6.4621 18.3376,
	6.4621 18.3403,
	6.46414 18.343,
	6.46755 18.3539,
	6.47096 18.3758,
	6.47233 18.3867,
	6.47233 18.3976,
	6.47233 18.403,
	6.47096 18.4058,
	6.46892 18.4167,
	6.46551 18.4276,
	6.46414 18.4289,
	6.46414 18.4317,
	6.4621 18.4344,
	6.46005 18.4399,
	6.45869 18.4412,
	6.45869 18.4426,
	6.45528 18.448,
	6.45323 18.4501,
	6.45323 18.4514,
	6.44914 18.4569,
	6.44778 18.4596,
	6.44642 18.4603,
	6.44642 18.4617,
	6.43141 18.4828,
	6.42732 18.4883,
	6.42732 18.4896,
	6.41982 18.5005,
	6.41641 18.506,
	6.41505 18.5074,
	6.41505 18.5087,
	6.41164 18.5128,
	6.40346 18.5237,
	6.39596 18.5333,
	6.38641 18.5435,
	6.38164 18.5483,
	6.38027 18.551,
	6.38027 18.5524,
	6.37345 18.5626,
	6.36459 18.5715,
	6.35914 18.5762,
	6.35709 18.5783,
	6.35436 18.579,
	6.35436 18.5803,
	6.35164 18.581,
	6.34141 18.5885,
	6.33663 18.5919,
	6.33391 18.5933,
	6.33254 18.5946,
	6.33118 18.5946,
	6.32845 18.5967,
	6.32709 18.5967,
	6.32572 18.5981,
	6.32436 18.5981,
	6.32163 18.6001,
	6.32027 18.6015,
	6.31891 18.6015,
	6.30868 18.6076,
	6.30322 18.6103,
	6.29231 18.6124,
	6.27049 18.6137,
	6.22685 18.6131,
	6.20503 18.611,
	6.18321 18.6103,
	6.1723 18.609,
	6.15048 18.6035,
	6.14025 18.5987,
	6.13548 18.596,
	6.13071 18.5912,
	6.12798 18.5885,
	6.12457 18.5837,
	6.12457 18.5824,
	6.12116 18.5769,
	6.11434 18.5558,
	6.1123 18.5503,
	6.11025 18.5394,
	6.10889 18.534,
	6.10889 18.5285,
	6.10684 18.5176,
	6.10616 18.4958,
	6.10616 18.493,
	6.10616 18.4917,
	"/>
</Transform>

<Transform dim="0"
 xcoef=" 0 1 0 0 0 0"
 ycoef=" 0 0 1 0 0 0">
<Contour name="d63cfa03" hidden="false" closed="true" simplified="true" border="0 1 0" fill="1 0.5 0" mode="11"
 points="6.14054 18.4821,
	6.14959 18.4646,
	6.15185 18.4556,
	6.15242 18.451,
	6.15355 18.4488,
	6.15355 18.4465,
	6.15524 18.442,
	6.15638 18.4403,
	6.15638 18.438,
	6.15807 18.4358,
	6.15807 18.4335,
	6.16259 18.425,
	6.16542 18.4205,
	6.16542 18.4194,
	6.16655 18.4182,
	6.16655 18.4171,
	6.17221 18.4092,
	6.17899 18.4002,
	6.18125 18.3962,
	6.18464 18.3922,
	6.18691 18.3888,
	6.19991 18.3736,
	6.20613 18.3662,
	6.21009 18.3634,
	6.21178 18.3611,
	6.21404 18.36,
	6.21517 18.3583,
	6.2197 18.3549,
	6.22196 18.3532,
	6.22309 18.3532,
	6.22592 18.3504,
	6.22705 18.3504,
	6.2344 18.3447,
	6.23779 18.3414,
	6.24231 18.3374,
	6.2457 18.3346,
	6.25023 18.3312,
	6.25079 18.33,
	6.25192 18.33,
	6.25305 18.3289,
	6.25419 18.3289,
	6.25871 18.3261,
	6.26267 18.3244,
	6.2638 18.3233,
	6.28189 18.3199,
	6.29093 18.3182,
	6.29942 18.3125,
	6.30337 18.3103,
	6.3045 18.3091,
	6.30677 18.3086,
	6.31072 18.3057,
	6.31298 18.304,
	6.31525 18.3035,
	6.31977 18.3006,
	6.32203 18.2989,
	6.32429 18.2984,
	6.32599 18.2967,
	6.32712 18.2967,
	6.32825 18.2956,
	6.32938 18.2956,
	6.33164 18.2939,
	6.34069 18.291,
	6.34521 18.2893,
	6.34634 18.2893,
	6.34747 18.2882,
	6.3486 18.2882,
	6.35765 18.2831,
	6.3667 18.2803,
	6.37574 18.2797,
	6.378 18.278,
	6.38253 18.2763,
	6.39101 18.2701,
	6.40005 18.2695,
	6.40401 18.2735,
	6.40684 18.2775,
	6.40797 18.2797,
	6.4091 18.2803,
	6.41079 18.2848,
	6.41136 18.3029,
	6.41193 18.312,
	6.41362 18.321,
	6.41645 18.33,
	6.41758 18.3346,
	6.42154 18.3436,
	6.42323 18.3481,
	6.4238 18.3504,
	6.4238 18.3515,
	6.42493 18.3521,
	6.42493 18.3544,
	6.42662 18.3566,
	6.42945 18.3657,
	6.43058 18.3679,
	6.43058 18.3702,
	6.43228 18.3747,
	6.43511 18.3928,
	6.43511 18.4109,
	6.43511 18.4154,
	6.43511 18.4177,
	6.43171 18.4262,
	6.43058 18.4273,
	6.43058 18.4284,
	6.42436 18.4369,
	6.41758 18.4442,
	6.41645 18.4465,
	6.40853 18.4539,
	6.40175 18.4601,
	6.39723 18.4646,
	6.39044 18.472,
	6.38931 18.4736,
	6.38026 18.4821,
	6.37291 18.4906,
	6.37122 18.4929,
	6.37009 18.494,
	6.37009 18.4951,
	6.36839 18.4968,
	6.36839 18.498,
	6.36274 18.5064,
	6.36161 18.5087,
	6.36161 18.5098,
	6.34917 18.5274,
	6.34351 18.5358,
	6.34069 18.5404,
	6.33956 18.5415,
	6.33956 18.5426,
	6.33673 18.5471,
	6.33277 18.5562,
	6.33108 18.5607,
	6.32938 18.563,
	6.32825 18.5675,
	6.32655 18.5692,
	6.32655 18.5703,
	6.32542 18.5715,
	6.32542 18.5726,
	6.32203 18.5765,
	6.31751 18.5799,
	6.31298 18.5816,
	6.31185 18.5828,
	6.30281 18.5867,
	6.29376 18.5896,
	6.28924 18.5912,
	6.28472 18.5918,
	6.28245 18.5929,
	6.26436 18.5946,
	6.25532 18.5963,
	6.25079 18.5969,
	6.24627 18.5986,
	6.22818 18.6014,
	6.21913 18.6026,
	6.21009 18.6026,
	6.20556 18.6014,
	6.20104 18.6014,
	6.19199 18.5992,
	6.18747 18.598,
	6.18521 18.5969,
	6.18408 18.5969,
	6.18295 18.5958,
	6.18069 18.5952,
	6.17164 18.589,
	6.16881 18.5845,
	6.16712 18.5664,
	6.16655 18.5483,
	6.16486 18.5392,
	6.16373 18.537,
	6.16203 18.5279,
	6.1609 18.5274,
	6.16033 18.5228,
	6.15864 18.5183,
	6.15807 18.5161,
	6.15638 18.5138,
	6.15638 18.5127,
	6.15524 18.5115,
	6.15524 18.5104,
	6.15355 18.5081,
	6.15242 18.507,
	6.15242 18.5059,
	6.1462 18.4974,
	6.14337 18.4929,
	6.14224 18.4923,
	6.14168 18.49,
	6.14054 18.4889,
	6.14054 18.4844,
	6.14054 18.4827,
	"/>
</Transform>

<Transform dim="0"
 xcoef=" 0 1 0 0 0 0"
 ycoef=" 0 0 1 0 0 0">
<Contour name="d63sp04" hidden="false" closed="true" simplified="true" border="1 0 0" fill="1 0 0" mode="11"
 points="7.44938 17.6707,
	7.45162 17.6617,
	7.45612 17.6527,
	7.45836 17.6483,
	7.45948 17.6471,
	7.46005 17.6449,
	7.46173 17.6426,
	7.46229 17.6404,
	7.46342 17.6393,
	7.46342 17.6381,
	7.4651 17.6359,
	7.4651 17.6348,
	7.46622 17.6342,
	7.46959 17.6252,
	7.47128 17.6207,
	7.4724 17.6185,
	7.4724 17.6174,
	7.47352 17.6162,
	7.47352 17.6151,
	7.47858 17.6067,
	7.48195 17.6022,
	7.48307 17.6,
	7.487 17.5955,
	7.48981 17.591,
	7.49093 17.5898,
	7.49093 17.5887,
	7.49767 17.5809,
	7.49936 17.5797,
	7.5134 17.5629,
	7.5162 17.559,
	7.51845 17.5573,
	7.51957 17.5556,
	7.528 17.5489,
	7.52856 17.5477,
	7.52968 17.5477,
	7.53811 17.5427,
	7.5426 17.541,
	7.54484 17.5404,
	7.54597 17.5404,
	7.54709 17.5393,
	7.54934 17.5393,
	7.55158 17.5382,
	7.55383 17.5382,
	7.56225 17.5354,
	7.5645 17.5348,
	7.56562 17.5348,
	7.56675 17.5337,
	7.56899 17.5337,
	7.57349 17.532,
	7.57573 17.532,
	7.57798 17.5309,
	7.58247 17.5303,
	7.59146 17.527,
	7.60943 17.523,
	7.61392 17.5213,
	7.61841 17.5208,
	7.6229 17.5191,
	7.63189 17.518,
	7.64088 17.5157,
	7.64537 17.5152,
	7.66334 17.509,
	7.66446 17.509,
	7.66558 17.5079,
	7.66783 17.5073,
	7.66895 17.5062,
	7.67008 17.5062,
	7.67401 17.5028,
	7.67625 17.5017,
	7.67682 17.5006,
	7.67794 17.5006,
	7.68636 17.4944,
	7.68749 17.4944,
	7.68805 17.4933,
	7.68917 17.4933,
	7.69366 17.4904,
	7.69479 17.4893,
	7.69591 17.4893,
	7.69816 17.4876,
	7.70265 17.486,
	7.70714 17.4831,
	7.70939 17.482,
	7.71051 17.482,
	7.71163 17.4809,
	7.71613 17.4792,
	7.71837 17.4775,
	7.72287 17.4758,
	7.72399 17.4747,
	7.72848 17.473,
	7.72961 17.4719,
	7.73185 17.4719,
	7.7341 17.4702,
	7.73859 17.4691,
	7.73971 17.468,
	7.74421 17.4663,
	7.75319 17.4657,
	7.75768 17.4646,
	7.75993 17.4635,
	7.76892 17.4618,
	7.7779 17.459,
	7.78239 17.4573,
	7.78352 17.4562,
	7.78464 17.4562,
	7.79306 17.45,
	7.79419 17.4489,
	7.79531 17.4489,
	7.80373 17.441,
	7.81216 17.432,
	7.81834 17.4247,
	7.82058 17.4225,
	7.82564 17.4141,
	7.83237 17.4057,
	7.84866 17.3927,
	7.84978 17.3927,
	7.85203 17.3911,
	7.85315 17.3899,
	7.85765 17.3882,
	7.85877 17.3871,
	7.86102 17.3871,
	7.86326 17.386,
	7.86775 17.386,
	7.87225 17.3877,
	7.87674 17.3922,
	7.87899 17.4012,
	7.87955 17.4057,
	7.88123 17.4101,
	7.88685 17.4191,
	7.89078 17.4236,
	7.89246 17.4253,
	7.89303 17.4276,
	7.89471 17.4298,
	7.89583 17.4343,
	7.89752 17.4365,
	7.89808 17.4388,
	7.8992 17.4399,
	7.89976 17.4444,
	7.90089 17.4466,
	7.90089 17.4826,
	7.89976 17.4848,
	7.8992 17.4938,
	7.89639 17.5118,
	7.89527 17.5163,
	7.89527 17.5185,
	7.8919 17.5275,
	7.89078 17.532,
	7.88966 17.5331,
	7.88572 17.5421,
	7.88236 17.5466,
	7.88236 17.5477,
	7.88123 17.5489,
	7.88067 17.5511,
	7.87449 17.5601,
	7.87225 17.5618,
	7.87225 17.5629,
	7.86607 17.5719,
	7.8627 17.5758,
	7.85821 17.5797,
	7.85652 17.5814,
	7.85428 17.582,
	7.85315 17.5831,
	7.83518 17.5865,
	7.8262 17.5893,
	7.82227 17.5921,
	7.81609 17.5994,
	7.81328 17.6028,
	7.8116 17.605,
	7.81047 17.605,
	7.81047 17.6061,
	7.80373 17.614,
	7.80261 17.6157,
	7.79868 17.6202,
	7.7925 17.6275,
	7.78464 17.6365,
	7.78183 17.641,
	7.78071 17.6421,
	7.78071 17.6432,
	7.76948 17.6595,
	7.76667 17.664,
	7.76498 17.6685,
	7.76442 17.6707,
	7.7633 17.6718,
	7.76274 17.6741,
	7.76162 17.6752,
	7.76162 17.6775,
	7.75488 17.6954,
	7.75488 17.6977,
	7.75095 17.7067,
	7.74477 17.7156,
	7.74028 17.7201,
	7.73691 17.7241,
	7.73466 17.7258,
	7.7341 17.7269,
	7.73297 17.7269,
	7.71613 17.7392,
	7.7122 17.7415,
	7.71163 17.7426,
	7.71051 17.7426,
	7.70827 17.7448,
	7.70714 17.7448,
	7.70546 17.7465,
	7.70321 17.7471,
	7.69872 17.7505,
	7.69816 17.7516,
	7.69703 17.7516,
	7.69647 17.7527,
	7.69535 17.7527,
	7.6931 17.7544,
	7.69254 17.7555,
	7.69142 17.7555,
	7.68805 17.7589,
	7.68356 17.7611,
	7.68131 17.7628,
	7.68019 17.7628,
	7.67682 17.7656,
	7.66783 17.7712,
	7.6639 17.7746,
	7.66278 17.7746,
	7.64649 17.7864,
	7.64424 17.7875,
	7.64368 17.7886,
	7.64256 17.7886,
	7.63414 17.7943,
	7.63189 17.796,
	7.63077 17.796,
	7.62908 17.7976,
	7.62796 17.7976,
	7.62684 17.7988,
	7.62571 17.7988,
	7.62122 17.8016,
	7.61223 17.8033,
	7.60325 17.8033,
	7.601 17.8021,
	7.58303 17.8004,
	7.57405 17.7988,
	7.5718 17.7988,
	7.56955 17.7976,
	7.56506 17.7971,
	7.56282 17.796,
	7.55439 17.7943,
	7.5499 17.7931,
	7.54765 17.7931,
	7.53867 17.7903,
	7.52968 17.7892,
	7.52519 17.7886,
	7.52294 17.7886,
	7.51396 17.7836,
	7.50778 17.7769,
	7.50441 17.7724,
	7.50385 17.7701,
	7.50273 17.7701,
	7.49992 17.7662,
	7.49206 17.7583,
	7.49206 17.7572,
	7.49093 17.7566,
	7.49093 17.7555,
	7.48756 17.7516,
	7.48644 17.751,
	7.48644 17.7499,
	7.48307 17.7471,
	7.48082 17.7454,
	7.47802 17.742,
	7.47633 17.7409,
	7.47633 17.7398,
	7.47465 17.7387,
	7.4724 17.7347,
	7.46847 17.7302,
	7.4651 17.7269,
	7.46173 17.7224,
	7.4578 17.7134,
	7.45612 17.7089,
	7.45499 17.7078,
	7.45499 17.7055,
	7.45387 17.7044,
	7.45387 17.7022,
	7.4505 17.6932,
	7.4505 17.6909,
	7.44938 17.6898,
	7.44938 17.6718,
	7.44938 17.6713,
	"/>
</Transform>

<Transform dim="0"
 xcoef=" 0 1 0 0 0 0"
 ycoef=" 0 0 1 0 0 0">
<Contour name="d63sp06" hidden="false" closed="true" simplified="true" border="1 0 0" fill="1 0 0" mode="11"
 points="7.45303 16.4353,
	7.45337 16.434,
	7.45538 16.4316,
	7.45773 16.43,
	7.45874 16.429,
	7.46109 16.428,
	7.46377 16.4263,
	7.46914 16.4212,
	7.47384 16.4169,
	7.47418 16.4162,
	7.47485 16.4162,
	7.47686 16.4139,
	7.4819 16.4095,
	7.48626 16.4058,
	7.48895 16.4031,
	7.48995 16.4024,
	7.49197 16.4001,
	7.49633 16.3967,
	7.49734 16.3957,
	7.49801 16.3957,
	7.50774 16.3897,
	7.50909 16.3887,
	7.50976 16.3887,
	7.51043 16.388,
	7.51177 16.3877,
	7.51244 16.387,
	7.51379 16.3867,
	7.51479 16.3857,
	7.51614 16.3853,
	7.52587 16.3786,
	7.53594 16.3712,
	7.54097 16.3675,
	7.54332 16.3655,
	7.54601 16.3642,
	7.55138 16.3632,
	7.56212 16.3635,
	7.56749 16.3648,
	7.56883 16.3655,
	7.57018 16.3655,
	7.57085 16.3662,
	7.57622 16.3675,
	7.57756 16.3682,
	7.57823 16.3682,
	7.5789 16.3689,
	7.58025 16.3689,
	7.58058 16.3695,
	7.58595 16.3712,
	7.58864 16.3729,
	7.58998 16.3732,
	7.59132 16.3742,
	7.59401 16.3753,
	7.59636 16.3769,
	7.59703 16.3776,
	7.5977 16.3776,
	7.60005 16.3796,
	7.60206 16.381,
	7.61247 16.3877,
	7.61784 16.3914,
	7.61918 16.3924,
	7.61952 16.393,
	7.62019 16.393,
	7.62489 16.3971,
	7.62556 16.3981,
	7.62791 16.4008,
	7.63496 16.4112,
	7.63597 16.4139,
	7.63664 16.4192,
	7.63664 16.4246,
	7.63664 16.4273,
	7.63764 16.43,
	7.63764 16.4306,
	7.641 16.4357,
	7.64201 16.437,
	7.64268 16.4397,
	7.64268 16.4451,
	7.64268 16.4478,
	7.641 16.4531,
	7.64033 16.4545,
	7.64033 16.4551,
	7.63865 16.4578,
	7.63764 16.4592,
	7.63764 16.4598,
	7.63563 16.4625,
	7.63496 16.4632,
	7.63496 16.4639,
	7.63362 16.4645,
	7.6316 16.4669,
	7.62623 16.4706,
	7.62489 16.4713,
	7.62455 16.4719,
	7.62388 16.4719,
	7.62321 16.4726,
	7.61784 16.4749,
	7.61516 16.476,
	7.61448 16.476,
	7.61381 16.4766,
	7.60844 16.478,
	7.6071 16.4786,
	7.58562 16.4807,
	7.56413 16.481,
	7.55339 16.4803,
	7.55071 16.4796,
	7.54534 16.4793,
	7.544 16.4786,
	7.54131 16.4783,
	7.53997 16.4783,
	7.5393 16.4776,
	7.53393 16.477,
	7.52318 16.477,
	7.51781 16.478,
	7.51647 16.4786,
	7.51513 16.4786,
	7.51244 16.4796,
	7.50707 16.4807,
	7.50573 16.4813,
	7.50304 16.4817,
	7.4923 16.485,
	7.48962 16.4857,
	7.48828 16.4864,
	7.48693 16.4864,
	7.47619 16.4897,
	7.47082 16.4897,
	7.46814 16.489,
	7.46545 16.4874,
	7.46478 16.4874,
	7.46277 16.485,
	7.46075 16.4796,
	7.46008 16.4783,
	7.45907 16.4729,
	7.4584 16.4716,
	7.45504 16.4501,
	7.45437 16.4474,
	7.45437 16.4461,
	7.4537 16.4447,
	7.45303 16.4394,
	7.45303 16.4367,
	7.45303 16.4357,
	"/>
</Transform>

<Transform dim="0"
 xcoef=" 0 1 0 0 0 0"
 ycoef=" 0 0 1 0 0 0">
<Contour name="d51spinule02" hidden="false" closed="true" simplified="true" border="0 0 0" fill="0 0 1" mode="11"
 points="10.2257 23.623,
	10.2262 23.6159,
	10.2277 23.609,
	10.2301 23.6022,
	10.2334 23.5956,
	10.2376 23.5895,
	10.2427 23.5837,
	10.2485 23.5785,
	10.255 23.5738,
	10.2621 23.5698,
	10.2697 23.5664,
	10.2777 23.5638,
	10.2861 23.5619,
	10.2946 23.5608,
	10.3033 23.5605,
	10.3119 23.561,
	10.3204 23.5623,
	10.3287 23.5644,
	10.3366 23.5672,
	10.3441 23.5707,
	10.3511 23.5749,
	10.3574 23.5798,
	10.3631 23.5851,
	10.3679 23.591,
	10.3719 23.5972,
	10.375 23.6038,
	10.3772 23.6107,
	10.3784 23.6177,
	10.3787 23.6247,
	10.3779 23.6318,
	10.3762 23.6387,
	10.3736 23.6454,
	10.37 23.6519,
	10.3656 23.6579,
	10.3603 23.6635,
	10.3544 23.6687,
	10.3477 23.6732,
	10.3405 23.677,
	10.3327 23.6802,
	10.3246 23.6827,
	10.3162 23.6843,
	10.3076 23.6852,
	10.299 23.6853,
	10.2903 23.6846,
	10.2819 23.6832,
	10.2737 23.6809,
	10.2658 23.6779,
	10.2585 23.6742,
	10.2517 23.6698,
	10.2455 23.6649,
	10.2401 23.6594,
	10.2354 23.6534,
	10.2316 23.6471,
	10.2287 23.6404,
	10.2268 23.6335,
	"/>
</Transform>

<Transform dim="0"
 xcoef=" 0 1 0 0 0 0"
 ycoef=" 0 0 1 0 0 0">
<Contour name="d61endos01_whorl" hidden="false" closed="true" simplified="true" border="1 0.502 0" fill="1 0 0" mode="11"
 points="14.9618 16.2221,
	14.9624 16.2137,
	14.9642 16.2053,
	14.9673 16.1971,
	14.9715 16.189,
	14.9769 16.1811,
	14.9835 16.1735,
	14.9911 16.1662,
	14.9997 16.1593,
	15.0094 16.1527,
	15.0199 16.1466,
	15.0313 16.1411,
	15.0435 16.136,
	15.0564 16.1315,
	15.0699 16.1276,
	15.0839 16.1243,
	15.0983 16.1216,
	15.1131 16.1196,
	15.1282 16.1182,
	15.1433 16.1176,
	15.1586 16.1176,
	15.1738 16.1182,
	15.1888 16.1196,
	15.2036 16.1216,
	15.218 16.1243,
	15.232 16.1276,
	15.2455 16.1315,
	15.2584 16.136,
	15.2706 16.1411,
	15.282 16.1466,
	15.2925 16.1527,
	15.3022 16.1593,
	15.3108 16.1662,
	15.3184 16.1735,
	15.325 16.1811,
	15.3304 16.189,
	15.3346 16.1971,
	15.3377 16.2053,
	15.3395 16.2137,
	15.3401 16.2221,
	15.3395 16.2305,
	15.3377 16.2389,
	15.3346 16.2472,
	15.3304 16.2553,
	15.325 16.2631,
	15.3184 16.2707,
	15.3108 16.278,
	15.3022 16.285,
	15.2925 16.2915,
	15.282 16.2976,
	15.2706 16.3032,
	15.2584 16.3082,
	15.2455 16.3127,
	15.232 16.3167,
	15.218 16.32,
	15.2036 16.3226,
	15.1888 16.3246,
	15.1738 16.326,
	15.1586 16.3267,
	15.1433 16.3267,
	15.1282 16.326,
	15.1131 16.3246,
	15.0983 16.3226,
	15.0839 16.32,
	15.0699 16.3167,
	15.0564 16.3127,
	15.0435 16.3082,
	15.0313 16.3032,
	15.0199 16.2976,
	15.0094 16.2915,
	14.9997 16.285,
	14.9911 16.278,
	14.9835 16.2707,
	14.9769 16.2631,
	14.9715 16.2553,
	14.9673 16.2472,
	14.9642 16.2389,
	"/>
</Transform>

<Transform dim="0"
 xcoef=" 0 1 0 0 0 0"
 ycoef=" 0 0 1 0 0 0">
<Contour name="d61endos02_transendo" hidden="false" closed="true" simplified="true" border="1 0.502 0" fill="1 0 0" mode="11"
 points="15.5975 16.3669,
	15.5983 16.3575,
	15.6006 16.3483,
	15.6043 16.3395,
	15.6095 16.3314,
	15.6158 16.3241,
	15.6233 16.3178,
	15.6317 16.3126,
	15.6409 16.3088,
	15.6506 16.3063,
	15.6605 16.3052,
	15.6706 16.3055,
	15.6804 16.3074,
	15.6898 16.3105,
	15.6987 16.3151,
	15.7066 16.3208,
	15.7136 16.3276,
	15.7194 16.3353,
	15.7238 16.3438,
	15.7268 16.3528,
	15.7284 16.3622,
	15.7284 16.3716,
	15.7268 16.381,
	15.7238 16.39,
	15.7194 16.3985,
	15.7136 16.4062,
	15.7066 16.413,
	15.6987 16.4187,
	15.6898 16.4232,
	15.6804 16.4264,
	15.6706 16.4282,
	15.6605 16.4286,
	15.6506 16.4275,
	15.6409 16.425,
	15.6317 16.4211,
	15.6233 16.416,
	15.6158 16.4097,
	15.6095 16.4024,
	15.6043 16.3943,
	15.6006 16.3855,
	15.5983 16.3763,
	"/>
</Transform>

<Transform dim="0"
 xcoef=" 0 1 0 0 0 0"
 ycoef=" 0 0 1 0 0 0">
<Image mag="0.002066" contrast="1.86401" brightness="-0.18" red="true" green="true" blue="true"
 src="088____z4.297.jpg" />
<Contour name="domain1" hidden="false" closed="true" simplified="false" border="1 0 1" fill="1 0 1" mode="11"
 points="0 0,
	17608 0,
	17608 16967,
	0 16967,
	"/>
</Transform>

<Transform dim="0"
 xcoef=" 0 1 0 0 0 0"
 ycoef=" 0 0 1 0 0 0">
<Contour name="d61" hidden="false" closed="true" simplified="true" border="1 1 0" fill="1 1 0" mode="11"
 points="14.8901 16.1886,
	14.8934 16.1625,
	14.8983 16.1494,
	14.8983 16.1429,
	14.9081 16.1167,
	14.9114 16.0905,
	14.9196 16.0644,
	14.9278 16.0513,
	14.949 16.0251,
	14.967 15.9989,
	14.9785 15.9859,
	15.0112 15.9335,
	15.0292 15.8812,
	15.0373 15.8681,
	15.0602 15.8468,
	15.0864 15.8354,
	15.0897 15.8354,
	15.142 15.8011,
	15.1943 15.77,
	15.2467 15.7455,
	15.2728 15.7356,
	15.3252 15.7062,
	15.3513 15.6915,
	15.3644 15.6849,
	15.3775 15.6751,
	15.4037 15.662,
	15.4167 15.6539,
	15.4429 15.6441,
	15.456 15.6359,
	15.5083 15.6195,
	15.5607 15.6146,
	15.5868 15.6163,
	15.5999 15.6195,
	15.6261 15.6342,
	15.6392 15.6424,
	15.6522 15.6473,
	15.6784 15.6653,
	15.6915 15.6768,
	15.698 15.6817,
	15.7062 15.6948,
	15.7095 15.7013,
	15.7078 15.7275,
	15.7046 15.7405,
	15.6882 15.7667,
	15.6751 15.7929,
	15.6702 15.806,
	15.667 15.8092,
	15.6473 15.8616,
	15.6424 15.8746,
	15.6408 15.8877,
	15.6473 15.9139,
	15.6604 15.9401,
	15.6719 15.9531,
	15.68 15.9793,
	15.68 16.0316,
	15.6817 16.0578,
	15.6833 16.0709,
	15.7078 16.1216,
	15.7422 16.1739,
	15.7651 16.2263,
	15.7749 16.2524,
	15.788 16.2786,
	15.8043 16.3048,
	15.8092 16.3113,
	15.8207 16.3375,
	15.8289 16.3636,
	15.8338 16.3767,
	15.8321 16.429,
	15.8272 16.4552,
	15.8158 16.4814,
	15.7585 16.586,
	15.7536 16.6122,
	15.7536 16.6384,
	15.7471 16.6645,
	15.7356 16.6907,
	15.7209 16.7169,
	15.7177 16.7234,
	15.7111 16.73,
	15.7078 16.7365,
	15.6604 16.7856,
	15.6342 16.8101,
	15.6081 16.8281,
	15.595 16.8379,
	15.5688 16.851,
	15.5165 16.8869,
	15.4903 16.9049,
	15.4642 16.9131,
	15.4118 16.9246,
	15.3595 16.9458,
	15.3464 16.9524,
	15.3203 16.9573,
	15.2941 16.954,
	15.2679 16.9426,
	15.2172 16.8984,
	15.1927 16.8804,
	15.1862 16.8755,
	15.1584 16.8232,
	15.1551 16.8101,
	15.1518 16.8035,
	15.1502 16.7905,
	15.1469 16.7839,
	15.1453 16.7708,
	15.1338 16.7447,
	15.1158 16.7185,
	15.1027 16.7071,
	15.0504 16.676,
	15.039 16.6694,
	15.0193 16.6433,
	15.0079 16.6171,
	15.0063 16.6106,
	14.9883 16.5844,
	14.9736 16.5582,
	14.9637 16.5468,
	14.9507 16.5353,
	14.9245 16.5206,
	14.9163 16.5075,
	14.913 16.501,
	14.9147 16.4748,
	14.9229 16.4487,
	14.913 16.4225,
	14.9065 16.4094,
	14.9016 16.3833,
	14.9 16.3571,
	14.9016 16.3048,
	14.8934 16.2524,
	14.8901 16.2263,
	14.8901 16.2001,
	14.8901 16.1935,
	14.8901 16.1903,
	"/>
</Transform>

<Transform dim="0"
 xcoef=" 0 1 0 0 0 0"
 ycoef=" 0 0 1 0 0 0">
<Contour name="d63" comment="dch_traced_06.2019" hidden="false" closed="true" simplified="true" border="1 1 0" fill="1 1 0" mode="11"
 points="6.49148 17.9718,
	6.4932 17.9166,
	6.49837 17.8615,
	6.50354 17.8339,
	6.52594 17.7788,
	6.54317 17.7236,
	6.55007 17.696,
	6.55351 17.6823,
	6.55696 17.6754,
	6.56041 17.6478,
	6.57592 17.5926,
	6.62072 17.4824,
	6.67414 17.3721,
	6.67414 17.3686,
	6.68965 17.341,
	6.70171 17.3135,
	6.73445 17.2032,
	6.75686 17.148,
	6.76203 17.1343,
	6.79649 17.0791,
	6.80683 17.0653,
	6.81028 17.0584,
	6.81717 17.0515,
	6.82062 17.0446,
	6.84302 17.0188,
	6.84991 17.0119,
	6.85853 16.9981,
	6.88093 16.9705,
	6.89299 16.9568,
	6.90161 16.9447,
	6.92574 16.9189,
	6.98088 16.874,
	6.99467 16.862,
	7.02224 16.8448,
	7.03602 16.8361,
	7.04981 16.831,
	7.07738 16.8292,
	7.09117 16.831,
	7.11874 16.8465,
	7.1308 16.8585,
	7.15837 16.8672,
	7.17216 16.8672,
	7.18595 16.8637,
	7.21352 16.8654,
	7.2273 16.8672,
	7.2342 16.8689,
	7.24626 16.8809,
	7.28072 16.9344,
	7.28762 16.9481,
	7.29796 16.9585,
	7.3531 16.9774,
	7.36689 16.9843,
	7.38067 16.9981,
	7.39963 17.024,
	7.41169 17.0515,
	7.42031 17.0653,
	7.42892 17.0929,
	7.43409 17.1205,
	7.43409 17.1756,
	7.43582 17.2032,
	7.43926 17.217,
	7.43754 17.2445,
	7.43754 17.2583,
	7.43065 17.2859,
	7.42031 17.3135,
	7.41686 17.3204,
	7.41686 17.3238,
	7.41169 17.3307,
	7.39963 17.3583,
	7.39274 17.3721,
	7.39101 17.379,
	7.38584 17.3859,
	7.38412 17.3927,
	7.3755 17.4065,
	7.36344 17.4341,
	7.35999 17.4479,
	7.35655 17.4548,
	7.35482 17.4686,
	7.35827 17.472,
	7.34965 17.4996,
	7.32036 17.5547,
	7.31174 17.5685,
	7.31174 17.572,
	7.29451 17.5995,
	7.28934 17.6064,
	7.28762 17.6133,
	7.25488 17.6685,
	7.23937 17.696,
	7.23075 17.7098,
	7.22558 17.7167,
	7.22558 17.7202,
	7.20835 17.7477,
	7.20145 17.7615,
	7.19801 17.7684,
	7.19456 17.7719,
	7.19456 17.7753,
	7.15837 17.8305,
	7.14631 17.8442,
	7.12908 17.8718,
	7.0791 17.927,
	7.05153 17.9459,
	7.02396 17.9614,
	7.01017 17.97,
	7.00328 17.9769,
	6.9895 17.9855,
	6.96192 18.0114,
	6.94814 18.0217,
	6.94124 18.0286,
	6.88782 18.0683,
	6.86025 18.0889,
	6.84647 18.1027,
	6.80683 18.1579,
	6.79305 18.1699,
	6.76547 18.1872,
	6.75169 18.1906,
	6.74479 18.1941,
	6.68965 18.1941,
	6.66208 18.1906,
	6.63451 18.1837,
	6.62072 18.1785,
	6.60693 18.1699,
	6.59315 18.1579,
	6.58453 18.1441,
	6.57936 18.1303,
	6.57592 18.1268,
	6.56385 18.0993,
	6.55524 18.0855,
	6.52766 18.0614,
	6.5156 18.0476,
	6.49837 18.02,
	6.4932 18.0062,
	6.49148 17.9787,
	6.49148 17.9735,
	"/>
</Transform>

</Section>