<?xml version="1.0"?>
<!DOCTYPE Section SYSTEM "section.dtd">

<Section index="226" thickness="0.047" alignLocked="true">
<Transform dim="0"
 xcoef=" 0 1 0 0 0 0"
 ycoef=" 0 0 1 0 0 0">
<Image mag="0.002066" contrast="1.86401" brightness="-0.18" red="true" green="true" blue="true"
 src="227____z11.162.jpg" />
<Contour name="domain1" hidden="false" closed="true" simplified="false" border="1 0 1" fill="1 0 1" mode="11"
 points="0 0,
	17608 0,
	17608 16967,
	0 16967,
	"/>
</Transform>

<Transform dim="0"
 xcoef=" 0 1 0 0 0 0"
 ycoef=" 0 0 1 0 0 0">
<Contour name="D04" hidden="false" closed="true" simplified="true" border="0 0 1" fill="0 0 1" mode="11"
 points="18.8931 26.7018,
	18.8333 26.6935,
	18.7794 26.6692,
	18.7366 26.6314,
	18.6996 26.531,
	18.709 26.4782,
	18.7366 26.4306,
	18.7794 26.3928,
	18.8333 26.3686,
	18.8931 26.3603,
	18.9529 26.3686,
	19.0069 26.3928,
	19.0497 26.4306,
	19.0772 26.4782,
	19.0867 26.531,
	19.0772 26.5837,
	19.0497 26.6314,
	19.0069 26.6692,
	18.9529 26.6935,
	"/>
</Transform>

<Transform dim="0"
 xcoef=" 0 1 0 0 0 0"
 ycoef=" 0 0 1 0 0 0">
<Contour name="D13" hidden="false" closed="true" simplified="true" border="0 0 1" fill="0 0 1" mode="11"
 points="21.0244 23.1692,
	20.9646 23.1614,
	20.9106 23.1387,
	20.8678 23.1035,
	20.8308 23.0098,
	20.8404 22.9605,
	20.8678 22.9161,
	20.9106 22.8808,
	20.9646 22.8582,
	21.0244 22.8503,
	21.0843 22.8582,
	21.1382 22.8808,
	21.181 22.9161,
	21.2085 22.9605,
	21.2179 23.0098,
	21.2085 23.0591,
	21.181 23.1035,
	21.1382 23.1387,
	21.0843 23.1614,
	"/>
</Transform>

<Transform dim="0"
 xcoef=" 0 1 0 0 0 0"
 ycoef=" 0 0 1 0 0 0">
<Contour name="D51" hidden="false" closed="true" simplified="true" border="0 0 1" fill="0 0 1" mode="11"
 points="9.08166 22.5684,
	9.02692 22.5606,
	8.97747 22.5384,
	8.93819 22.5037,
	8.90434 22.4117,
	8.91297 22.3634,
	8.93819 22.3197,
	8.97747 22.2852,
	9.02692 22.2629,
	9.08166 22.2552,
	9.13649 22.2629,
	9.18594 22.2852,
	9.22522 22.3197,
	9.25037 22.3634,
	9.25906 22.4117,
	9.25037 22.4601,
	9.22522 22.5037,
	9.18594 22.5384,
	9.13649 22.5606,
	"/>
</Transform>

<Transform dim="0"
 xcoef=" 0 1 0 0 0 0"
 ycoef=" 0 0 1 0 0 0">
<Contour name="D08" hidden="false" closed="true" simplified="true" border="0 0 1" fill="0 0 1" mode="11"
 points="7.33584 26.407,
	7.27251 26.3991,
	7.21538 26.3765,
	7.17005 26.3412,
	7.13091 26.2475,
	7.14094 26.1983,
	7.17005 26.1538,
	7.21538 26.1186,
	7.27251 26.0959,
	7.33584 26.0882,
	7.39918 26.0959,
	7.45631 26.1186,
	7.50164 26.1538,
	7.53075 26.1983,
	7.54078 26.2475,
	7.53075 26.2968,
	7.50164 26.3412,
	7.45631 26.3765,
	7.39918 26.3991,
	"/>
</Transform>

<Transform dim="0"
 xcoef=" 0 1 0 0 0 0"
 ycoef=" 0 0 1 0 0 0">
<Contour name="D61" hidden="false" closed="true" simplified="true" border="0 0 1" fill="0 0 1" mode="11"
 points="18.3026 18.8302,
	18.2801 18.827,
	18.259 18.8189,
	18.2405 18.8063,
	18.2257 18.7901,
	18.2153 18.7709,
	18.2093 18.7393,
	18.212 18.7178,
	18.2199 18.6977,
	18.2326 18.6798,
	18.2493 18.6653,
	18.2693 18.6549,
	18.2912 18.6493,
	18.314 18.6486,
	18.3362 18.6531,
	18.3567 18.6623,
	18.3744 18.6758,
	18.3881 18.693,
	18.3974 18.7126,
	18.4014 18.7339,
	18.4001 18.7553,
	18.3933 18.7759,
	18.3818 18.7944,
	18.366 18.8099,
	18.3468 18.8213,
	18.3252 18.8283,
	"/>
</Transform>

<Transform dim="0"
 xcoef=" 0 1 0 0 0 0"
 ycoef=" 0 0 1 0 0 0">
<Contour name="D63" hidden="false" closed="true" simplified="true" border="0 0 1" fill="0 0 1" mode="11"
 points="9.51019 15.7447,
	9.49571 15.7422,
	9.48189 15.7365,
	9.46921 15.7277,
	9.45816 15.7163,
	9.44911 15.7025,
	9.44241 15.6869,
	9.4369 15.6527,
	9.43829 15.6353,
	9.44241 15.6185,
	9.44911 15.6029,
	9.45816 15.5891,
	9.46921 15.5777,
	9.48189 15.5689,
	9.49571 15.5631,
	9.51019 15.5606,
	9.52481 15.5615,
	9.53903 15.5657,
	9.55234 15.573,
	9.56425 15.5831,
	9.57435 15.5957,
	9.58226 15.6104,
	9.5877 15.6268,
	9.59047 15.6439,
	9.59047 15.6615,
	9.5877 15.6787,
	9.58226 15.6949,
	9.57435 15.7097,
	9.56425 15.7223,
	9.55234 15.7325,
	9.53903 15.7397,
	9.52481 15.7439,
	"/>
</Transform>

<Transform dim="0"
 xcoef=" 0 1 0 0 0 0"
 ycoef=" 0 0 1 0 0 0">
<Contour name="D26" hidden="false" closed="true" simplified="true" border="0 0 1" fill="0 0 1" mode="11"
 points="16.3428 27.5588,
	16.2759 27.5509,
	16.2157 27.5283,
	16.1678 27.493,
	16.1265 27.3993,
	16.137 27.35,
	16.1678 27.3056,
	16.2157 27.2704,
	16.2759 27.2477,
	16.3428 27.2399,
	16.4096 27.2477,
	16.4699 27.2704,
	16.5178 27.3056,
	16.5485 27.35,
	16.5591 27.3993,
	16.5485 27.4486,
	16.5178 27.493,
	16.4699 27.5283,
	16.4096 27.5509,
	"/>
</Transform>

<Transform dim="0"
 xcoef=" 0 1 0 0 0 0"
 ycoef=" 0 0 1 0 0 0">
<Contour name="D16" hidden="false" closed="true" simplified="true" border="1 0 0" fill="1 0 0" mode="11"
 points="22.3425 28.0749,
	22.2898 28.0671,
	22.2422 28.0445,
	22.2044 28.0092,
	22.1717 27.9155,
	22.1801 27.8663,
	22.2044 27.8218,
	22.2422 27.7866,
	22.2898 27.764,
	22.3425 27.7562,
	22.3953 27.764,
	22.4429 27.7866,
	22.4807 27.8218,
	22.5049 27.8663,
	22.5133 27.9155,
	22.5049 27.9648,
	22.4807 28.0092,
	22.4429 28.0445,
	22.3953 28.0671,
	"/>
</Transform>

<Transform dim="0"
 xcoef=" 0 1 0 0 0 0"
 ycoef=" 0 0 1 0 0 0">
<Contour name="d51" hidden="false" closed="true" simplified="true" border="1 1 0" fill="1 1 0" mode="11"
 points="8.8255 22.7749,
	8.80491 22.7723,
	8.79461 22.7684,
	8.77401 22.7659,
	8.76372 22.7646,
	8.75985 22.7607,
	8.75857 22.7401,
	8.75342 22.7195,
	8.75084 22.7092,
	8.75084 22.7066,
	8.73669 22.6873,
	8.72768 22.6796,
	8.72382 22.6758,
	8.70322 22.6745,
	8.69292 22.6719,
	8.69164 22.6693,
	8.68907 22.6693,
	8.68391 22.6655,
	8.68134 22.6655,
	8.67877 22.6628,
	8.66976 22.6217,
	8.66976 22.6166,
	8.6659 22.6062,
	8.66332 22.6036,
	8.66332 22.6011,
	8.66075 22.5998,
	8.66075 22.5947,
	8.65818 22.5895,
	8.65818 22.5869,
	8.65561 22.5844,
	8.65431 22.5432,
	8.65561 22.5226,
	8.65431 22.502,
	8.65174 22.4917,
	8.65174 22.4866,
	8.64916 22.4853,
	8.64531 22.475,
	8.64273 22.4698,
	8.64273 22.4595,
	8.64015 22.4544,
	8.63887 22.372,
	8.63244 22.3309,
	8.626 22.3102,
	8.62471 22.2897,
	8.62471 22.2807,
	8.62471 22.2794,
	8.63244 22.2587,
	8.63501 22.2485,
	8.6363 22.2433,
	8.64788 22.2227,
	8.65561 22.2021,
	8.65818 22.1609,
	8.66204 22.1558,
	8.67105 22.1506,
	8.68006 22.1429,
	8.68521 22.1416,
	8.69292 22.1338,
	8.6955 22.1338,
	8.7058 22.1236,
	8.70708 22.1184,
	8.72124 22.0979,
	8.72897 22.0889,
	8.74699 22.0759,
	8.765 22.0605,
	8.77531 22.0554,
	8.78045 22.0515,
	8.7856 22.0515,
	8.79075 22.0477,
	8.79332 22.0451,
	8.7959 22.0451,
	8.79976 22.0413,
	8.80233 22.0413,
	8.80619 22.036,
	8.81134 22.0335,
	8.81392 22.0335,
	8.83193 22.0155,
	8.83837 22.0078,
	8.84867 21.9988,
	8.85639 21.991,
	8.86669 21.9807,
	8.8744 21.9743,
	8.8847 21.9679,
	8.89114 21.9614,
	8.89629 21.9601,
	8.90144 21.9563,
	8.92203 21.9524,
	8.94262 21.9512,
	8.96322 21.9537,
	8.98381 21.9524,
	8.99282 21.9486,
	8.99797 21.946,
	9.01856 21.9421,
	9.03916 21.9344,
	9.04945 21.9318,
	9.05846 21.9267,
	9.06876 21.9254,
	9.08935 21.9177,
	9.10994 21.9164,
	9.12539 21.9164,
	9.1447 21.9254,
	9.15499 21.9292,
	9.15756 21.9292,
	9.16271 21.9331,
	9.17301 21.9344,
	9.17558 21.9369,
	9.19617 21.9435,
	9.21677 21.9473,
	9.22192 21.9486,
	9.22578 21.9524,
	9.24637 21.9563,
	9.25667 21.9589,
	9.26182 21.9614,
	9.28241 21.964,
	9.30301 21.9691,
	9.30815 21.9704,
	9.31072 21.9704,
	9.31587 21.9743,
	9.32618 21.9781,
	9.34547 21.9897,
	9.36607 22.0039,
	9.37508 22.0129,
	9.37765 22.0155,
	9.37765 22.018,
	9.38795 22.0283,
	9.39309 22.0335,
	9.39824 22.036,
	9.40339 22.0413,
	9.40725 22.0438,
	9.4124 22.049,
	9.433 22.0618,
	9.43815 22.0644,
	9.43943 22.067,
	9.44973 22.0708,
	9.45874 22.0772,
	9.46389 22.0785,
	9.4729 22.0862,
	9.48319 22.0915,
	9.49993 22.1056,
	9.50508 22.1082,
	9.51022 22.1133,
	9.52953 22.1261,
	9.5321 22.1261,
	9.54111 22.1326,
	9.55012 22.1416,
	9.5527 22.1416,
	9.57201 22.1596,
	9.57972 22.1686,
	9.5823 22.1712,
	9.58359 22.1763,
	9.58745 22.1815,
	9.58873 22.1867,
	9.59131 22.188,
	9.59131 22.1931,
	9.59517 22.2034,
	9.59774 22.2085,
	9.59774 22.2137,
	9.60032 22.2188,
	9.60161 22.26,
	9.60161 22.2807,
	9.60161 22.2909,
	9.59774 22.3012,
	9.59388 22.3063,
	9.59131 22.3063,
	9.58873 22.3115,
	9.57972 22.3205,
	9.57457 22.3243,
	9.56814 22.3334,
	9.56428 22.336,
	9.55398 22.345,
	9.53854 22.3604,
	9.52309 22.3785,
	9.51924 22.381,
	9.51409 22.3862,
	9.50894 22.3888,
	9.50636 22.3926,
	9.49607 22.3977,
	9.48577 22.4054,
	9.48319 22.4054,
	9.4433 22.4325,
	9.42527 22.4492,
	9.42013 22.4518,
	9.41626 22.4569,
	9.4137 22.4595,
	9.41112 22.4595,
	9.39439 22.4737,
	9.38409 22.4789,
	9.38023 22.484,
	9.36092 22.4956,
	9.35191 22.4994,
	9.34162 22.5058,
	9.33904 22.5058,
	9.31845 22.5201,
	9.3133 22.5226,
	9.31072 22.5252,
	9.30815 22.5252,
	9.27083 22.5496,
	9.25024 22.5637,
	9.24637 22.5677,
	9.24123 22.569,
	9.23222 22.5754,
	9.22835 22.5792,
	9.22578 22.5792,
	9.22063 22.5831,
	9.21934 22.5857,
	9.21419 22.5869,
	9.21033 22.5908,
	9.20776 22.5908,
	9.19747 22.5972,
	9.19231 22.6011,
	9.18974 22.6036,
	9.18459 22.6049,
	9.1743 22.6126,
	9.16915 22.6139,
	9.14984 22.632,
	9.14984 22.6346,
	9.13182 22.6526,
	9.12667 22.6577,
	9.10737 22.6719,
	9.08678 22.6835,
	9.04559 22.695,
	9.03529 22.7002,
	9.03015 22.7027,
	9.025 22.7027,
	9.01985 22.7066,
	8.97866 22.7208,
	8.97351 22.7208,
	8.95292 22.7272,
	8.94777 22.7298,
	8.94262 22.7298,
	8.93747 22.7324,
	8.9349 22.7324,
	8.93232 22.735,
	8.92203 22.7388,
	8.91688 22.7388,
	8.9143 22.7414,
	8.91173 22.7414,
	8.91045 22.7439,
	8.90787 22.7439,
	8.90272 22.7478,
	8.89757 22.7491,
	8.88728 22.7555,
	8.88213 22.7581,
	8.87955 22.7581,
	8.86926 22.7646,
	8.84867 22.771,
	8.84609 22.7736,
	"/>
</Transform>

<Transform dim="0"
 xcoef=" 0 1 0 0 0 0"
 ycoef=" 0 0 1 0 0 0">
<Contour name="d04sa_shaft" hidden="false" closed="true" simplified="true" border="1 0 0" fill="1 0 0" mode="11"
 points="18.6371 26.4993,
	18.6371 26.4857,
	18.6233 26.4857,
	18.6233 26.472,
	18.6371 26.472,
	18.6371 26.4583,
	18.6507 26.4583,
	18.6507 26.472,
	18.6644 26.472,
	18.6644 26.4857,
	18.6507 26.4857,
	18.6507 26.4993,
	"/>
</Transform>

<Transform dim="0"
 xcoef=" 0 1 0 0 0 0"
 ycoef=" 0 0 1 0 0 0">
<Contour name="d04sp39_pastanalyzedlength" hidden="false" closed="true" simplified="true" border="1 0 0" fill="1 0 0" mode="11"
 points="19.3297 25.2025,
	19.3178 25.2022,
	19.306 25.1981,
	19.3044 25.1977,
	19.3029 25.1966,
	19.3022 25.1966,
	19.2996 25.194,
	19.2985 25.1933,
	19.2978 25.1918,
	19.297 25.1914,
	19.2966 25.19,
	19.2948 25.1874,
	19.2941 25.1863,
	19.2933 25.1859,
	19.2907 25.18,
	19.2904 25.1785,
	19.2885 25.1755,
	19.2881 25.1741,
	19.2874 25.1737,
	19.2867 25.1707,
	19.2859 25.17,
	19.2856 25.1685,
	19.2822 25.1626,
	19.2815 25.1611,
	19.2807 25.1604,
	19.2804 25.1589,
	19.2793 25.1574,
	19.2789 25.1558,
	19.2778 25.1544,
	19.2774 25.1529,
	19.2774 25.1521,
	19.2756 25.1492,
	19.2745 25.1481,
	19.2745 25.1466,
	19.2726 25.1436,
	19.2726 25.1421,
	19.2708 25.1392,
	19.2682 25.1344,
	19.2674 25.1329,
	19.2674 25.1322,
	19.2663 25.1307,
	19.2659 25.1292,
	19.2648 25.1277,
	19.2626 25.1218,
	19.2615 25.1188,
	19.2611 25.1174,
	19.2611 25.1166,
	19.26 25.1151,
	19.2585 25.1092,
	19.2578 25.1062,
	19.2578 25.1054,
	19.257 25.1047,
	19.2559 25.0988,
	19.2548 25.0869,
	19.2548 25.081,
	19.2548 25.0781,
	19.2548 25.0766,
	19.2548 25.0762,
	19.2548 25.0758,
	19.2562 25.064,
	19.2573 25.058,
	19.2615 25.0462,
	19.263 25.0432,
	19.2648 25.0373,
	19.27 25.0265,
	19.27 25.0258,
	19.2711 25.0243,
	19.2722 25.0214,
	19.2726 25.0199,
	19.2763 25.0143,
	19.2778 25.0117,
	19.2819 25.0068,
	19.2848 25.0046,
	19.2878 25.0031,
	19.2937 25.0031,
	19.2966 25.0035,
	19.2981 25.0043,
	19.3011 25.0046,
	19.3026 25.0046,
	19.304 25.0054,
	19.316 25.0065,
	19.3189 25.0068,
	19.3219 25.008,
	19.3234 25.0083,
	19.326 25.0102,
	19.3278 25.012,
	19.3278 25.0128,
	19.3315 25.0184,
	19.3326 25.0195,
	19.333 25.021,
	19.3341 25.0221,
	19.3345 25.0236,
	19.3356 25.0251,
	19.3363 25.028,
	19.3363 25.0288,
	19.3371 25.0295,
	19.3374 25.0325,
	19.3382 25.0332,
	19.3393 25.0362,
	19.3397 25.0391,
	19.3408 25.0421,
	19.3408 25.0428,
	19.3419 25.0443,
	19.3426 25.0473,
	19.3441 25.0502,
	19.3441 25.0517,
	19.3456 25.0547,
	19.3456 25.0554,
	19.3493 25.061,
	19.3511 25.0636,
	19.3538 25.0662,
	19.3538 25.067,
	19.3553 25.0681,
	19.3553 25.0688,
	19.3579 25.0707,
	19.359 25.0714,
	19.3619 25.0744,
	19.3634 25.0755,
	19.3675 25.0803,
	19.3701 25.0832,
	19.3712 25.0843,
	19.3712 25.0851,
	19.3719 25.0855,
	19.3719 25.0862,
	19.3756 25.0921,
	19.376 25.0936,
	19.3771 25.0951,
	19.3778 25.098,
	19.3782 25.0995,
	19.379 25.1003,
	19.3804 25.1062,
	19.3815 25.1299,
	19.3815 25.1418,
	19.3815 25.1447,
	19.3808 25.1477,
	19.3808 25.1507,
	19.3767 25.1622,
	19.376 25.1637,
	19.376 25.1644,
	19.3749 25.1659,
	19.3738 25.1681,
	19.373 25.1696,
	19.373 25.1704,
	19.3719 25.1718,
	19.3712 25.1726,
	19.3712 25.1733,
	19.3693 25.1763,
	19.3682 25.1778,
	19.3682 25.1785,
	19.3671 25.18,
	19.3664 25.1803,
	19.366 25.1818,
	19.3642 25.1848,
	19.3616 25.1877,
	19.3575 25.1933,
	19.3553 25.1951,
	19.3522 25.1966,
	19.3507 25.197,
	19.35 25.1977,
	19.347 25.1981,
	19.3415 25.2014,
	"/>
</Transform>

<Transform dim="0"
 xcoef=" 0 1 0 0 0 0"
 ycoef=" 0 0 1 0 0 0">
<Contour name="d13sp16" hidden="false" closed="true" simplified="true" border="1 0 0" fill="1 0 0" mode="11"
 points="21.0849 22.1973,
	21.0778 22.1959,
	21.0743 22.1946,
	21.0725 22.1942,
	21.0668 22.1893,
	21.0637 22.1863,
	21.0633 22.1845,
	21.0611 22.1813,
	21.0597 22.1796,
	21.0597 22.1787,
	21.0575 22.1752,
	21.0567 22.1747,
	21.0567 22.1739,
	21.054 22.1703,
	21.054 22.1695,
	21.0518 22.1664,
	21.0505 22.1646,
	21.0483 22.1576,
	21.0474 22.1505,
	21.0474 22.147,
	21.0474 22.1461,
	21.0474 22.1457,
	21.0483 22.1448,
	21.0487 22.1431,
	21.054 22.1365,
	21.0575 22.1342,
	21.0641 22.1315,
	21.0659 22.1302,
	21.0801 22.1258,
	21.081 22.1249,
	21.0845 22.1245,
	21.0915 22.1223,
	21.095 22.1219,
	21.0985 22.1205,
	21.1056 22.1197,
	21.1126 22.1179,
	21.1144 22.117,
	21.117 22.117,
	21.1179 22.1161,
	21.1249 22.1148,
	21.1391 22.1144,
	21.1461 22.1144,
	21.1602 22.1131,
	21.1673 22.1122,
	21.1708 22.1122,
	21.1725 22.1131,
	21.1743 22.1148,
	21.1752 22.1157,
	21.1752 22.1166,
	21.177 22.1175,
	21.177 22.1183,
	21.1797 22.1219,
	21.1827 22.1289,
	21.1832 22.136,
	21.1827 22.1396,
	21.1814 22.1431,
	21.177 22.1497,
	21.1712 22.1563,
	21.169 22.1593,
	21.1673 22.1602,
	21.1673 22.1611,
	21.1611 22.1659,
	21.1593 22.1673,
	21.1585 22.1673,
	21.1519 22.1717,
	21.1501 22.1721,
	21.1492 22.173,
	21.1475 22.1734,
	21.1461 22.1747,
	21.1426 22.1752,
	21.1409 22.1765,
	21.1373 22.1774,
	21.1356 22.1787,
	21.1214 22.185,
	21.1205 22.1858,
	21.117 22.1867,
	21.1153 22.1876,
	21.1144 22.1876,
	21.1135 22.1885,
	21.1126 22.1885,
	21.1109 22.1898,
	21.1091 22.1902,
	21.106 22.1924,
	21.099 22.1955,
	21.0919 22.1973,
	"/>
</Transform>

<Transform dim="0"
 xcoef=" 0 1 0 0 0 0"
 ycoef=" 0 0 1 0 0 0">
<Contour name="d61p38" hidden="false" closed="true" simplified="true" border="1 0 0" fill="1 0 0" mode="11"
 points="18.0372 19.1299,
	18.0194 19.0971,
	18.0551 19.0971,
	"/>
</Transform>

<Transform dim="0"
 xcoef=" 0 1 0 0 0 0"
 ycoef=" 0 0 1 0 0 0">
<Contour name="d61c38" hidden="false" closed="true" simplified="true" border="0 0 1" fill="0 0 1" mode="11"
 points="17.9588 19.2712,
	17.9472 19.269,
	17.9415 19.2669,
	17.9386 19.2661,
	17.927 19.2582,
	17.9212 19.2537,
	17.9131 19.2458,
	17.9088 19.24,
	17.9073 19.2392,
	17.9052 19.2335,
	17.9037 19.232,
	17.9023 19.2262,
	17.9015 19.2233,
	17.9001 19.2219,
	17.8972 19.2103,
	17.8957 19.2044,
	17.8943 19.2015,
	17.8936 19.1783,
	17.8936 19.1725,
	17.8936 19.1697,
	17.8936 19.1689,
	17.8936 19.1682,
	17.8943 19.1565,
	17.8965 19.1449,
	17.8972 19.1391,
	17.8986 19.1363,
	17.9001 19.1247,
	17.9015 19.1218,
	17.9037 19.1101,
	17.9073 19.0985,
	17.9081 19.0927,
	17.9095 19.0913,
	17.9095 19.0884,
	17.9095 19.0869,
	17.9109 19.0855,
	17.9109 19.0826,
	17.9205 19.0593,
	17.9212 19.0564,
	17.9212 19.055,
	17.9226 19.0535,
	17.9277 19.0419,
	17.9277 19.0405,
	17.9313 19.0347,
	17.9364 19.0231,
	17.9371 19.0202,
	17.9407 19.0151,
	17.9407 19.0136,
	17.9443 19.0085,
	17.9443 19.0071,
	17.9487 19.0013,
	17.9487 18.9999,
	17.9501 18.9991,
	17.9509 18.9962,
	17.9523 18.9948,
	17.9559 18.9832,
	17.9654 18.9607,
	17.972 18.9491,
	17.9756 18.9433,
	17.9799 18.9389,
	17.9821 18.936,
	17.9879 18.9332,
	17.9995 18.9324,
	18.022 18.9484,
	18.0329 18.9578,
	18.035 18.9636,
	18.0372 18.9868,
	18.0372 18.9926,
	18.035 19.0042,
	18.0336 19.0275,
	18.0307 19.039,
	18.0292 19.0506,
	18.0264 19.0622,
	18.0256 19.0681,
	18.0242 19.071,
	18.0242 19.0739,
	18.0242 19.0753,
	18.0227 19.0768,
	18.0213 19.0884,
	18.0206 19.0942,
	18.0184 19.1,
	18.0169 19.1115,
	18.0133 19.1232,
	18.0126 19.129,
	18.0111 19.1305,
	18.0031 19.1536,
	18.0002 19.1594,
	18.0002 19.1609,
	17.998 19.1639,
	17.998 19.2103,
	17.9958 19.2335,
	17.9958 19.2392,
	17.9944 19.245,
	17.9944 19.2479,
	17.9893 19.2596,
	17.9872 19.2618,
	17.9872 19.2632,
	17.9821 19.2669,
	17.9705 19.2712,
	"/>
</Transform>

<Transform dim="0"
 xcoef=" 0 1 0 0 0 0"
 ycoef=" 0 0 1 0 0 0">
<Contour name="d04p40" hidden="false" closed="true" simplified="true" border="1 0 0" fill="1 0 0" mode="11"
 points="19.3653 26.6213,
	19.3513 26.5958,
	19.3792 26.5958,
	"/>
</Transform>

<Transform dim="0"
 xcoef=" 0 1 0 0 0 0"
 ycoef=" 0 0 1 0 0 0">
<Contour name="d04p41" hidden="false" closed="true" simplified="true" border="1 0 0" fill="1 0 0" mode="11"
 points="19.0512 27.0239,
	19.0324 27.0051,
	19.0512 26.9863,
	19.0701 27.0051,
	"/>
</Transform>

<Transform dim="0"
 xcoef=" 0 1 0 0 0 0"
 ycoef=" 0 0 1 0 0 0">
<Contour name="d61cfa38" hidden="false" closed="false" simplified="true" border="0 1 0" fill="1 0 0" mode="11"
 points="18.0238 18.954,
	18.0194 18.9606,
	18.0115 18.9751,
	18.0034 18.9932,
	17.9947 19.036,
	17.9868 19.0752,
	17.981 19.1159,
	17.973 19.1506,
	17.9708 19.1913,
	17.9687 19.2305,
	17.9643 19.2675,
	"/>
</Transform>

<Transform dim="0"
 xcoef=" 0 1 0 0 0 0"
 ycoef=" 0 0 1 0 0 0">
<Contour name="d61_zlenboundary02" hidden="false" closed="true" simplified="true" border="0 1 0" fill="1 0 0" mode="11"
 points="18.139 18.8648,
	18.1394 18.8399,
	18.1407 18.8151,
	18.1429 18.7905,
	18.146 18.7662,
	18.1499 18.7423,
	18.1547 18.7188,
	18.1603 18.696,
	18.1667 18.6737,
	18.1738 18.6522,
	18.1818 18.6315,
	18.1904 18.6118,
	18.1997 18.593,
	18.2097 18.5752,
	18.2203 18.5586,
	18.2314 18.5432,
	18.2431 18.529,
	18.2552 18.5161,
	18.2678 18.5046,
	18.2808 18.4944,
	18.2941 18.4857,
	18.3077 18.4784,
	18.3215 18.4727,
	18.3355 18.4684,
	18.3496 18.4657,
	18.3638 18.4646,
	18.378 18.465,
	18.3922 18.4669,
	18.4063 18.4704,
	18.4202 18.4754,
	18.4339 18.4819,
	18.4473 18.4899,
	18.4605 18.4993,
	18.4733 18.5102,
	18.4856 18.5224,
	18.4976 18.5359,
	18.509 18.5508,
	18.5198 18.5668,
	18.5301 18.584,
	18.5398 18.6023,
	18.5487 18.6215,
	18.557 18.6418,
	18.5646 18.6629,
	18.5714 18.6847,
	18.5773 18.7073,
	18.5825 18.7305,
	18.5869 18.7542,
	18.5904 18.7783,
	18.593 18.8028,
	18.5948 18.8275,
	18.5957 18.8523,
	18.5957 18.8772,
	18.5948 18.9021,
	18.593 18.9268,
	18.5904 18.9513,
	18.5869 18.9754,
	18.5825 18.9991,
	18.5773 19.0223,
	18.5714 19.0448,
	18.5646 19.0667,
	18.557 19.0878,
	18.5487 19.108,
	18.5398 19.1273,
	18.5301 19.1456,
	18.5198 19.1628,
	18.509 19.1788,
	18.4976 19.1937,
	18.4856 19.2072,
	18.4733 19.2194,
	18.4605 19.2303,
	18.4473 19.2397,
	18.4339 19.2477,
	18.4202 19.2542,
	18.4063 19.2592,
	18.3922 19.2627,
	18.378 19.2646,
	18.3638 19.265,
	18.3496 19.2638,
	18.3355 19.2611,
	18.3215 19.2569,
	18.3077 19.2511,
	18.2941 19.2439,
	18.2808 19.2352,
	18.2678 19.225,
	18.2552 19.2135,
	18.2431 19.2006,
	18.2314 19.1864,
	18.2203 19.171,
	18.2097 19.1543,
	18.1997 19.1366,
	18.1904 19.1178,
	18.1818 19.098,
	18.1738 19.0774,
	18.1667 19.0559,
	18.1603 19.0336,
	18.1547 19.0107,
	18.1499 18.9873,
	18.146 18.9634,
	18.1429 18.9391,
	18.1407 18.9145,
	18.1394 18.8897,
	"/>
</Transform>

</Section>