<?xml version="1.0"?>
<!DOCTYPE Section SYSTEM "section.dtd">

<Section index="168" thickness="0.047" alignLocked="true">
<Transform dim="0"
 xcoef=" 0 1 0 0 0 0"
 ycoef=" 0 0 1 0 0 0">
<Image mag="0.002066" contrast="2.15782" brightness="-0.21" red="true" green="true" blue="true"
 src="169____z8.297.jpg" />
<Contour name="domain1" hidden="false" closed="true" simplified="false" border="1 0 1" fill="1 0 1" mode="11"
 points="0 0,
	17608 0,
	17608 16967,
	0 16967,
	"/>
</Transform>

<Transform dim="0"
 xcoef=" 0 1 0 0 0 0"
 ycoef=" 0 0 1 0 0 0">
<Contour name="D04" hidden="false" closed="true" simplified="true" border="0 0 1" fill="0 0 1" mode="11"
 points="18.0914 27.1226,
	18.0316 27.1143,
	17.9777 27.0901,
	17.9349 27.0523,
	17.8979 26.9519,
	17.9073 26.8991,
	17.9349 26.8515,
	17.9777 26.8137,
	18.0316 26.7895,
	18.0914 26.7811,
	18.1512 26.7895,
	18.2053 26.8137,
	18.248 26.8515,
	18.2755 26.8991,
	18.285 26.9519,
	18.2755 27.0046,
	18.248 27.0523,
	18.2053 27.0901,
	18.1512 27.1143,
	"/>
</Transform>

<Transform dim="0"
 xcoef=" 0 1 0 0 0 0"
 ycoef=" 0 0 1 0 0 0">
<Contour name="D13" hidden="false" closed="true" simplified="true" border="0 0 1" fill="0 0 1" mode="11"
 points="20.3931 22.0268,
	20.3333 22.019,
	20.2793 21.9964,
	20.2365 21.9611,
	20.1995 21.8674,
	20.209 21.8181,
	20.2365 21.7737,
	20.2793 21.7384,
	20.3333 21.7158,
	20.3931 21.708,
	20.4529 21.7158,
	20.5069 21.7384,
	20.5496 21.7737,
	20.5772 21.8181,
	20.5866 21.8674,
	20.5772 21.9167,
	20.5496 21.9611,
	20.5069 21.9964,
	20.4529 22.019,
	"/>
</Transform>

<Transform dim="0"
 xcoef=" 0 1 0 0 0 0"
 ycoef=" 0 0 1 0 0 0">
<Contour name="D51" hidden="false" closed="true" simplified="true" border="0 0 1" fill="0 0 1" mode="11"
 points="8.74095 22.7086,
	8.68621 22.7009,
	8.63676 22.6787,
	8.59748 22.644,
	8.56363 22.552,
	8.57226 22.5037,
	8.59748 22.46,
	8.63676 22.4255,
	8.68621 22.4032,
	8.74095 22.3955,
	8.79578 22.4032,
	8.84523 22.4255,
	8.88451 22.46,
	8.90966 22.5037,
	8.91835 22.552,
	8.90966 22.6004,
	8.88451 22.644,
	8.84523 22.6787,
	8.79578 22.7009,
	"/>
</Transform>

<Transform dim="0"
 xcoef=" 0 1 0 0 0 0"
 ycoef=" 0 0 1 0 0 0">
<Contour name="D08" hidden="false" closed="true" simplified="true" border="0 0 1" fill="0 0 1" mode="11"
 points="7.12541 26.0963,
	7.06207 26.0885,
	7.00494 26.0658,
	6.95961 26.0306,
	6.92047 25.9369,
	6.9305 25.8877,
	6.95961 25.8432,
	7.00494 25.8079,
	7.06207 25.7853,
	7.12541 25.7775,
	7.18874 25.7853,
	7.24587 25.8079,
	7.2912 25.8432,
	7.32031 25.8877,
	7.33034 25.9369,
	7.32031 25.9862,
	7.2912 26.0306,
	7.24587 26.0658,
	7.18874 26.0885,
	"/>
</Transform>

<Transform dim="0"
 xcoef=" 0 1 0 0 0 0"
 ycoef=" 0 0 1 0 0 0">
<Contour name="D61" hidden="false" closed="true" simplified="true" border="0 0 1" fill="0 0 1" mode="11"
 points="16.2683 17.1867,
	16.2459 17.1835,
	16.2247 17.1755,
	16.2063 17.1629,
	16.1915 17.1466,
	16.181 17.1275,
	16.175 17.0958,
	16.1777 17.0744,
	16.1856 17.0543,
	16.1984 17.0364,
	16.2151 17.0219,
	16.235 17.0115,
	16.257 17.0059,
	16.2797 17.0052,
	16.302 17.0097,
	16.3224 17.0189,
	16.3402 17.0324,
	16.3539 17.0495,
	16.3631 17.0692,
	16.3671 17.0904,
	16.3658 17.1119,
	16.3591 17.1325,
	16.3476 17.151,
	16.3318 17.1665,
	16.3125 17.1779,
	16.291 17.1848,
	"/>
</Transform>

<Transform dim="0"
 xcoef=" 0 1 0 0 0 0"
 ycoef=" 0 0 1 0 0 0">
<Contour name="D63" hidden="false" closed="true" simplified="true" border="0 0 1" fill="0 0 1" mode="11"
 points="7.27553 16.7268,
	7.26105 16.7243,
	7.24723 16.7186,
	7.23455 16.7097,
	7.2235 16.6983,
	7.21445 16.6846,
	7.20775 16.669,
	7.20224 16.6348,
	7.20363 16.6173,
	7.20775 16.6005,
	7.21445 16.585,
	7.2235 16.5711,
	7.23455 16.5597,
	7.24723 16.5509,
	7.26105 16.5452,
	7.27553 16.5427,
	7.29015 16.5436,
	7.30437 16.5477,
	7.31768 16.555,
	7.32959 16.5651,
	7.33969 16.5778,
	7.3476 16.5925,
	7.35304 16.6088,
	7.35581 16.626,
	7.35581 16.6435,
	7.35304 16.6607,
	7.3476 16.677,
	7.33969 16.6917,
	7.32959 16.7043,
	7.31768 16.7145,
	7.30437 16.7218,
	7.29015 16.726,
	"/>
</Transform>

<Transform dim="0"
 xcoef=" 0 1 0 0 0 0"
 ycoef=" 0 0 1 0 0 0">
<Contour name="D26" hidden="false" closed="true" simplified="true" border="0 0 1" fill="0 0 1" mode="11"
 points="15.6914 28.3805,
	15.6246 28.3727,
	15.5644 28.35,
	15.5165 28.3147,
	15.4752 28.221,
	15.4857 28.1717,
	15.5165 28.1273,
	15.5644 28.0921,
	15.6246 28.0694,
	15.6914 28.0616,
	15.7583 28.0694,
	15.8186 28.0921,
	15.8665 28.1273,
	15.8971 28.1717,
	15.9078 28.221,
	15.8971 28.2703,
	15.8665 28.3147,
	15.8186 28.35,
	15.7583 28.3727,
	"/>
</Transform>

<Transform dim="0"
 xcoef=" 0 1 0 0 0 0"
 ycoef=" 0 0 1 0 0 0">
<Contour name="D16" hidden="false" closed="true" simplified="true" border="1 0 0" fill="1 0 0" mode="11"
 points="21.3003 25.9505,
	21.2476 25.9427,
	21.2 25.92,
	21.1622 25.8848,
	21.1296 25.7911,
	21.138 25.7419,
	21.1622 25.6974,
	21.2 25.6622,
	21.2476 25.6396,
	21.3003 25.6317,
	21.3531 25.6396,
	21.4007 25.6622,
	21.4385 25.6974,
	21.4627 25.7419,
	21.4712 25.7911,
	21.4627 25.8404,
	21.4385 25.8848,
	21.4007 25.92,
	21.3531 25.9427,
	"/>
</Transform>

<Transform dim="0"
 xcoef=" 0 1 0 0 0 0"
 ycoef=" 0 0 1 0 0 0">
<Contour name="d51" hidden="false" closed="true" simplified="true" border="1 1 0" fill="1 1 0" mode="11"
 points="8.56393 23.035,
	8.54504 23.0338,
	8.5356 23.0315,
	8.53088 23.0291,
	8.52851 23.0291,
	8.52144 23.022,
	8.51672 23.0185,
	8.51553 23.0161,
	8.50727 23.0126,
	8.49075 22.996,
	8.4813 22.9878,
	8.47186 22.9819,
	8.46714 22.9807,
	8.46596 22.9784,
	8.46124 22.9772,
	8.4577 22.9736,
	8.45298 22.9725,
	8.4459 22.9642,
	8.44118 22.963,
	8.44118 22.9607,
	8.43291 22.9524,
	8.43056 22.9476,
	8.42584 22.9441,
	8.42466 22.9394,
	8.41757 22.9311,
	8.41167 22.9135,
	8.41167 22.9111,
	8.40931 22.9099,
	8.40813 22.9004,
	8.40813 22.8981,
	8.40577 22.8957,
	8.40223 22.858,
	8.40341 22.8485,
	8.40577 22.8438,
	8.40577 22.8391,
	8.40813 22.8344,
	8.41049 22.8155,
	8.40577 22.7777,
	8.40459 22.7589,
	8.40459 22.7494,
	8.41285 22.7117,
	8.41639 22.6927,
	8.41521 22.6739,
	8.40931 22.6549,
	8.40813 22.6361,
	8.41285 22.5983,
	8.41285 22.5795,
	8.41285 22.57,
	8.39987 22.5323,
	8.38925 22.4567,
	8.38925 22.439,
	8.38925 22.4378,
	8.39397 22.4189,
	8.40223 22.4,
	8.40577 22.3906,
	8.40813 22.3859,
	8.40931 22.3765,
	8.41639 22.3575,
	8.42347 22.3198,
	8.42701 22.3009,
	8.43291 22.2821,
	8.43409 22.2772,
	8.44118 22.269,
	8.44353 22.2643,
	8.44825 22.2596,
	8.45534 22.2537,
	8.46006 22.2513,
	8.46242 22.2513,
	8.47186 22.2443,
	8.48957 22.2337,
	8.49311 22.2289,
	8.49429 22.2265,
	8.49664 22.2265,
	8.49901 22.2218,
	8.50727 22.2171,
	8.50963 22.2124,
	8.51435 22.2077,
	8.52497 22.19,
	8.52969 22.1853,
	8.53206 22.1828,
	8.53324 22.1781,
	8.53914 22.1687,
	8.54032 22.1652,
	8.55684 22.1475,
	8.57336 22.1345,
	8.58045 22.125,
	8.5828 22.1203,
	8.58752 22.1168,
	8.58989 22.1121,
	8.60641 22.0944,
	8.61113 22.0885,
	8.6135 22.0885,
	8.61704 22.0849,
	8.6548 22.0731,
	8.65716 22.0731,
	8.65834 22.0707,
	8.66778 22.0696,
	8.68549 22.0578,
	8.69493 22.0495,
	8.69848 22.0448,
	8.70201 22.0425,
	8.70673 22.0377,
	8.71382 22.0318,
	8.71735 22.0282,
	8.7268 22.0271,
	8.72916 22.0271,
	8.73152 22.0247,
	8.7504 22.0212,
	8.75984 22.0176,
	8.77637 22.0047,
	8.78581 22,
	8.79053 21.9964,
	8.79526 21.9953,
	8.8047 21.9893,
	8.82358 21.9857,
	8.83303 21.9869,
	8.85191 21.9953,
	8.86135 21.9988,
	8.86371 21.9988,
	8.86843 22.0023,
	8.88731 22.0094,
	8.88967 22.0117,
	8.89439 22.0129,
	8.90266 22.0212,
	8.9062 22.0259,
	8.9062 22.0282,
	8.90855 22.0306,
	8.90855 22.0329,
	8.91092 22.0353,
	8.91446 22.0542,
	8.91564 22.0637,
	8.91682 22.0684,
	8.92036 22.0731,
	8.92154 22.0778,
	8.92391 22.0802,
	8.92863 22.0802,
	8.93806 22.0837,
	8.94278 22.0837,
	8.95341 22.066,
	8.95694 22.0613,
	8.96639 22.0554,
	8.98527 22.0484,
	9.02304 22.0484,
	9.03248 22.0507,
	9.0372 22.0531,
	9.04192 22.0531,
	9.05019 22.0578,
	9.05845 22.0648,
	9.06199 22.0696,
	9.06318 22.079,
	9.06435 22.0837,
	9.06435 22.086,
	9.06671 22.0873,
	9.06671 22.092,
	9.07025 22.0956,
	9.07143 22.1003,
	9.07497 22.105,
	9.08206 22.1238,
	9.08678 22.1333,
	9.08796 22.1428,
	9.09504 22.1616,
	9.09858 22.1805,
	9.10212 22.1888,
	9.10802 22.2265,
	9.10802 22.236,
	9.11392 22.2549,
	9.1151 22.2596,
	9.1151 22.2619,
	9.11746 22.2631,
	9.11864 22.2678,
	9.12101 22.269,
	9.12101 22.2737,
	9.12691 22.2821,
	9.14107 22.3186,
	9.14461 22.3375,
	9.14579 22.3753,
	9.14461 22.3847,
	9.13753 22.4024,
	9.13635 22.4071,
	9.13281 22.4118,
	9.13163 22.4165,
	9.11982 22.4355,
	9.11629 22.4378,
	9.10802 22.4473,
	9.10566 22.4508,
	9.08678 22.4685,
	9.05963 22.5004,
	9.05137 22.5074,
	9.0431 22.5121,
	9.03838 22.5157,
	9.03603 22.518,
	9.0313 22.5193,
	9.02186 22.5252,
	9.01714 22.5275,
	9.01242 22.5323,
	9.0077 22.5346,
	9.00062 22.5429,
	8.99826 22.5429,
	8.9959 22.5476,
	8.98764 22.5558,
	8.98055 22.5605,
	8.97819 22.5641,
	8.96993 22.5712,
	8.95223 22.5889,
	8.94397 22.596,
	8.92744 22.6136,
	8.92272 22.6173,
	8.91682 22.6255,
	8.91328 22.6349,
	8.91446 22.6396,
	8.91446 22.642,
	8.92272 22.6502,
	8.92272 22.6549,
	8.92626 22.6597,
	8.92626 22.6786,
	8.92272 22.6833,
	8.92154 22.6927,
	8.91564 22.7022,
	8.9121 22.7117,
	8.90855 22.7164,
	8.90502 22.7258,
	8.90266 22.7305,
	8.89793 22.7352,
	8.89676 22.7399,
	8.88023 22.7576,
	8.87551 22.7612,
	8.87315 22.7648,
	8.86371 22.7742,
	8.85663 22.7824,
	8.85544 22.7872,
	8.85191 22.7907,
	8.84482 22.8096,
	8.8401 22.8285,
	8.8401 22.8379,
	8.83775 22.8473,
	8.83184 22.8568,
	8.82948 22.8616,
	8.81295 22.8792,
	8.77755 22.9064,
	8.75866 22.9229,
	8.7445 22.9359,
	8.7268 22.9501,
	8.72444 22.9501,
	8.71854 22.956,
	8.71617 22.956,
	8.70673 22.963,
	8.70201 22.9642,
	8.69257 22.9701,
	8.68313 22.9736,
	8.68195 22.976,
	8.67959 22.976,
	8.67723 22.9784,
	8.67487 22.9784,
	8.67368 22.9807,
	8.66424 22.9842,
	8.66189 22.9866,
	8.65952 22.9866,
	8.65716 22.989,
	8.65244 22.9901,
	8.63356 23.0008,
	8.62884 23.0044,
	8.62412 23.0055,
	8.61939 23.0091,
	8.61704 23.0091,
	8.60877 23.015,
	8.60405 23.0173,
	8.59933 23.022,
	8.59461 23.0232,
	8.58989 23.0267,
	8.58752 23.0267,
	8.5828 23.0303,
	"/>
</Transform>

<Transform dim="0"
 xcoef=" 0 1 0 0 0 0"
 ycoef=" 0 0 1 0 0 0">
<Contour name="d04" hidden="false" closed="true" simplified="true" border="0 0 0" fill="0 0 0" mode="11"
 points="17.7034 27.2079,
	17.6794 27.2004,
	17.6674 27.1944,
	17.6614 27.1915,
	17.6599 27.1885,
	17.6569 27.1885,
	17.6524 27.1825,
	17.6404 27.175,
	17.6374 27.175,
	17.6284 27.1674,
	17.6118 27.1449,
	17.6073 27.1404,
	17.6058 27.1344,
	17.6029 27.1329,
	17.6029 27.13,
	17.5999 27.1285,
	17.5909 27.1044,
	17.5864 27.0984,
	17.5834 27.0864,
	17.5804 27.0834,
	17.5728 27.0594,
	17.5698 27.0474,
	17.5668 27.0414,
	17.5668 27.0384,
	17.5638 27.0354,
	17.5593 27.0113,
	17.5563 26.9633,
	17.5563 26.9573,
	17.5563 26.9558,
	17.5593 26.9498,
	17.5593 26.9468,
	17.5683 26.9364,
	17.5743 26.9258,
	17.5773 26.9243,
	17.5773 26.9213,
	17.5879 26.9093,
	17.5909 26.9033,
	17.5969 26.8988,
	17.5969 26.8958,
	17.6133 26.8747,
	17.6163 26.8732,
	17.6163 26.8703,
	17.6223 26.8643,
	17.6223 26.8613,
	17.6299 26.8538,
	17.6314 26.8478,
	17.6389 26.8358,
	17.6419 26.8327,
	17.6419 26.8267,
	17.6449 26.8252,
	17.6464 26.8192,
	17.6494 26.8162,
	17.6539 26.8043,
	17.6554 26.7983,
	17.6584 26.7953,
	17.6584 26.7923,
	17.6629 26.7877,
	17.6629 26.7847,
	17.6674 26.7787,
	17.6764 26.7547,
	17.6809 26.7487,
	17.6824 26.7428,
	17.6869 26.7367,
	17.6899 26.7247,
	17.6944 26.7187,
	17.6959 26.7067,
	17.6974 26.7007,
	17.7004 26.6977,
	17.7019 26.6856,
	17.7184 26.6376,
	17.723 26.6256,
	17.7275 26.6196,
	17.7275 26.6137,
	17.732 26.6077,
	17.7409 26.5851,
	17.7469 26.5731,
	17.7499 26.5671,
	17.7499 26.5641,
	17.7529 26.5611,
	17.7529 26.5551,
	17.7559 26.5536,
	17.7634 26.5311,
	17.7664 26.5251,
	17.7664 26.5191,
	17.7694 26.5161,
	17.7694 26.5101,
	17.7725 26.5086,
	17.774 26.4965,
	17.7755 26.4905,
	17.7785 26.489,
	17.7785 26.4831,
	17.7845 26.4711,
	17.7875 26.4591,
	17.7905 26.4561,
	17.792 26.45,
	17.792 26.447,
	17.7965 26.441,
	17.7979 26.435,
	17.7979 26.432,
	17.8054 26.423,
	17.8144 26.399,
	17.8174 26.393,
	17.8174 26.387,
	17.8205 26.381,
	17.825 26.3571,
	17.8265 26.345,
	17.831 26.333,
	17.8325 26.321,
	17.8355 26.318,
	17.843 26.2939,
	17.8445 26.288,
	17.8535 26.276,
	17.876 26.2594,
	17.876 26.2564,
	17.8835 26.2474,
	17.8895 26.2354,
	17.8895 26.2324,
	17.8925 26.2309,
	17.9 26.2084,
	17.9045 26.1964,
	17.909 26.1934,
	17.909 26.1874,
	17.9135 26.1814,
	17.9151 26.1754,
	17.9151 26.1724,
	17.9226 26.1619,
	17.927 26.1559,
	17.9285 26.1499,
	17.942 26.1274,
	17.948 26.1169,
	17.957 26.1048,
	17.9781 26.0869,
	17.9811 26.0869,
	17.9975 26.0658,
	18.0111 26.0418,
	18.0231 26.0329,
	18.0261 26.0329,
	18.0306 26.0284,
	18.0426 26.0239,
	18.0545 26.0163,
	18.0636 26.0073,
	18.0876 25.9878,
	18.0906 25.9878,
	18.0966 25.9833,
	18.1206 25.9758,
	18.1446 25.9713,
	18.1926 25.9683,
	18.2167 25.9683,
	18.2647 25.9773,
	18.2707 25.9788,
	18.2737 25.9788,
	18.2767 25.9818,
	18.2887 25.9833,
	18.2947 25.9833,
	18.3187 25.9908,
	18.3247 25.9938,
	18.3367 25.9953,
	18.3427 25.9968,
	18.3533 26.0088,
	18.3608 26.0209,
	18.3668 26.0239,
	18.3758 26.0358,
	18.3892 26.0568,
	18.3953 26.0658,
	18.4043 26.0764,
	18.4058 26.0824,
	18.4148 26.0944,
	18.4193 26.1048,
	18.4283 26.1153,
	18.4417 26.1379,
	18.4448 26.1439,
	18.4448 26.1469,
	18.4553 26.1589,
	18.4718 26.1799,
	18.4793 26.1919,
	18.4883 26.2145,
	18.4914 26.2265,
	18.4959 26.2309,
	18.4974 26.2429,
	18.5019 26.2549,
	18.5034 26.267,
	18.5078 26.279,
	18.5108 26.285,
	18.5108 26.291,
	18.5168 26.3029,
	18.5183 26.3135,
	18.5213 26.3195,
	18.5198 26.3225,
	18.5243 26.333,
	18.5273 26.336,
	18.5273 26.339,
	18.5303 26.342,
	18.5318 26.354,
	18.5363 26.366,
	18.5363 26.369,
	18.5394 26.3705,
	18.5424 26.3825,
	18.5439 26.3885,
	18.5484 26.3945,
	18.5499 26.4005,
	18.5499 26.4035,
	18.5529 26.4066,
	18.5529 26.4096,
	18.5559 26.4126,
	18.5634 26.4365,
	18.5664 26.4395,
	18.5768 26.4861,
	18.5813 26.5101,
	18.5813 26.5341,
	18.5813 26.5461,
	18.5783 26.5581,
	18.5783 26.5611,
	18.5753 26.5641,
	18.5738 26.5761,
	18.5723 26.5821,
	18.5694 26.5851,
	18.5619 26.6092,
	18.5604 26.6331,
	18.5559 26.6572,
	18.5454 26.6811,
	18.5424 26.6932,
	18.5424 26.7413,
	18.5454 26.7893,
	18.5439 26.8853,
	18.5424 26.8973,
	18.5409 26.9033,
	18.5379 26.9063,
	18.5363 26.9183,
	18.5303 26.9303,
	18.5228 26.9543,
	18.5183 26.9783,
	18.5034 27.0263,
	18.4974 27.0384,
	18.4974 27.0414,
	18.4883 27.0519,
	18.4838 27.0579,
	18.4763 27.0639,
	18.4703 27.0639,
	18.4643 27.0668,
	18.3922 27.0668,
	18.3802 27.0713,
	18.3743 27.0743,
	18.3728 27.0774,
	18.3668 27.0774,
	18.3653 27.0804,
	18.3623 27.0804,
	18.3608 27.0834,
	18.3548 27.0849,
	18.3442 27.0924,
	18.3382 27.0969,
	18.3352 27.0969,
	18.3113 27.1119,
	18.3053 27.1164,
	18.3023 27.1164,
	18.2812 27.13,
	18.2752 27.1344,
	18.2692 27.1359,
	18.2677 27.1389,
	18.2437 27.1494,
	18.2317 27.1539,
	18.2257 27.1554,
	18.2227 27.1554,
	18.2197 27.1584,
	18.2167 27.1584,
	18.2137 27.1614,
	18.2077 27.1614,
	18.2016 27.1644,
	18.1986 27.1644,
	18.1971 27.1674,
	18.1851 27.1689,
	18.1732 27.175,
	18.1672 27.175,
	18.1431 27.1825,
	18.1401 27.1825,
	18.1371 27.1855,
	18.1251 27.1885,
	18.1191 27.1885,
	18.1132 27.1915,
	18.0891 27.193,
	18.0771 27.19,
	18.0711 27.1885,
	18.0681 27.1885,
	18.0651 27.1855,
	18.0621 27.1855,
	18.056 27.181,
	18.0441 27.178,
	18.0411 27.178,
	18.0381 27.175,
	18.0351 27.175,
	18.0126 27.1584,
	17.9886 27.1509,
	17.9826 27.1494,
	17.9796 27.1464,
	17.9736 27.1464,
	17.9615 27.1419,
	17.9495 27.1404,
	17.9435 27.1389,
	17.9315 27.1419,
	17.9075 27.1524,
	17.9045 27.1554,
	17.8805 27.1659,
	17.8775 27.1689,
	17.8654 27.172,
	17.8624 27.175,
	17.8505 27.1795,
	17.8445 27.181,
	17.8385 27.1855,
	17.8355 27.1855,
	17.828 27.19,
	17.825 27.193,
	17.8009 27.2004,
	17.789 27.2049,
	17.7875 27.2079,
	"/>
</Transform>

<Transform dim="0"
 xcoef=" 0 1 0 0 0 0"
 ycoef=" 0 0 1 0 0 0">
<Contour name="d13" hidden="false" closed="true" simplified="true" border="0 0 0" fill="0 0 0" mode="11"
 points="20.1897 22.5465,
	20.166 22.5382,
	20.163 22.5366,
	20.1599 22.5305,
	20.1577 22.5275,
	20.1523 22.503,
	20.147 22.4909,
	20.144 22.4886,
	20.1409 22.4878,
	20.1287 22.4909,
	20.1164 22.4962,
	20.1134 22.4977,
	20.1012 22.5,
	20.0982 22.5015,
	20.0921 22.5023,
	20.086 22.5015,
	20.0837 22.4962,
	20.0845 22.484,
	20.0898 22.4726,
	20.0982 22.4603,
	20.0997 22.4573,
	20.1012 22.4557,
	20.1012 22.4542,
	20.105 22.4481,
	20.1088 22.4359,
	20.1111 22.4115,
	20.1119 22.3993,
	20.1111 22.3748,
	20.1096 22.3687,
	20.1081 22.3657,
	20.1073 22.3596,
	20.1058 22.3581,
	20.1058 22.3566,
	20.1043 22.355,
	20.1035 22.352,
	20.0944 22.3398,
	20.0898 22.3337,
	20.0883 22.3307,
	20.0852 22.3284,
	20.0837 22.3252,
	20.0822 22.3245,
	20.0822 22.323,
	20.0722 22.3108,
	20.0684 22.3047,
	20.0676 22.3016,
	20.0638 22.2955,
	20.0562 22.2711,
	20.0524 22.2589,
	20.0471 22.2467,
	20.0463 22.2437,
	20.0448 22.2421,
	20.044 22.2391,
	20.0417 22.2361,
	20.0372 22.2238,
	20.0349 22.2177,
	20.0349 22.2116,
	20.0273 22.1994,
	20.0242 22.1933,
	20.0211 22.181,
	20.0195 22.1689,
	20.0188 22.1628,
	20.0135 22.1506,
	20.0096 22.1384,
	20.0081 22.1322,
	20.0066 22.1307,
	20.0058 22.1246,
	20.0028 22.1185,
	19.9952 22.0941,
	19.9937 22.0819,
	19.9937 22.0575,
	19.9937 22.0514,
	19.9937 22.0506,
	19.999 22.0018,
	20.0028 21.9773,
	20.0058 21.9285,
	20.0066 21.8797,
	20.0066 21.8553,
	20.0066 21.843,
	20.0066 21.837,
	20.0135 21.8126,
	20.0165 21.8065,
	20.0188 21.8035,
	20.0195 21.8004,
	20.0234 21.795,
	20.0334 21.7706,
	20.0646 21.673,
	20.0669 21.6669,
	20.0669 21.6638,
	20.0699 21.6577,
	20.0714 21.6515,
	20.0722 21.6485,
	20.0761 21.6424,
	20.0814 21.618,
	20.0822 21.615,
	20.0799 21.6089,
	20.0799 21.6058,
	20.0769 21.5997,
	20.0761 21.5966,
	20.0722 21.5905,
	20.0699 21.5783,
	20.0714 21.5723,
	20.0769 21.5601,
	20.0784 21.5569,
	20.0814 21.5546,
	20.0829 21.5531,
	20.089 21.5508,
	20.1012 21.5432,
	20.1226 21.5189,
	20.1272 21.5128,
	20.1302 21.5066,
	20.1325 21.5035,
	20.1333 21.5005,
	20.1371 21.4944,
	20.1386 21.4913,
	20.1386 21.4898,
	20.1409 21.4868,
	20.1485 21.4623,
	20.15 21.4593,
	20.1508 21.4104,
	20.1508 21.3861,
	20.1516 21.3739,
	20.1523 21.3678,
	20.1554 21.3616,
	20.1615 21.3563,
	20.1737 21.3532,
	20.1859 21.3517,
	20.2103 21.3525,
	20.2226 21.3532,
	20.2348 21.357,
	20.2408 21.3609,
	20.2469 21.3662,
	20.2584 21.3739,
	20.2599 21.3739,
	20.2661 21.3792,
	20.2722 21.383,
	20.2752 21.3838,
	20.2813 21.3876,
	20.2935 21.3922,
	20.2988 21.396,
	20.311 21.3975,
	20.3355 21.4059,
	20.3598 21.4159,
	20.3721 21.4212,
	20.3843 21.4242,
	20.3965 21.4288,
	20.4088 21.4311,
	20.4209 21.4311,
	20.427 21.4303,
	20.4331 21.4258,
	20.4415 21.4135,
	20.443 21.412,
	20.443 21.4104,
	20.4476 21.4044,
	20.4599 21.3929,
	20.472 21.3846,
	20.4781 21.3815,
	20.4842 21.3769,
	20.4873 21.3747,
	20.4903 21.3739,
	20.4918 21.3739,
	20.4949 21.3709,
	20.501 21.3669,
	20.5025 21.3654,
	20.5056 21.3647,
	20.5087 21.3624,
	20.5209 21.3616,
	20.527 21.3624,
	20.5331 21.3654,
	20.5361 21.3654,
	20.5422 21.3686,
	20.5452 21.3701,
	20.5513 21.3709,
	20.5636 21.3754,
	20.5758 21.3785,
	20.5819 21.38,
	20.5834 21.38,
	20.5857 21.3823,
	20.6345 21.3983,
	20.6406 21.399,
	20.6467 21.4013,
	20.6529 21.4051,
	20.6582 21.4066,
	20.6643 21.4104,
	20.6674 21.4112,
	20.6704 21.4135,
	20.6735 21.4143,
	20.675 21.4143,
	20.678 21.4174,
	20.6902 21.4227,
	20.6964 21.4265,
	20.6994 21.4273,
	20.7116 21.4364,
	20.7238 21.444,
	20.736 21.4501,
	20.7483 21.4577,
	20.7544 21.4631,
	20.7627 21.4754,
	20.7635 21.4997,
	20.762 21.5242,
	20.7589 21.5486,
	20.7566 21.5974,
	20.7559 21.6218,
	20.749 21.6462,
	20.7467 21.6523,
	20.746 21.6585,
	20.7436 21.6615,
	20.7398 21.6859,
	20.7398 21.7347,
	20.7383 21.7836,
	20.7375 21.7957,
	20.739 21.808,
	20.7421 21.8202,
	20.7428 21.8324,
	20.7452 21.8446,
	20.7467 21.869,
	20.7467 21.8812,
	20.7467 21.8873,
	20.7428 21.8996,
	20.7406 21.9019,
	20.7398 21.9049,
	20.7253 21.9285,
	20.723 21.9346,
	20.7154 21.9469,
	20.7131 21.953,
	20.7131 21.956,
	20.7086 21.9621,
	20.7025 21.9743,
	20.6979 21.9865,
	20.691 21.9988,
	20.6894 22.0049,
	20.6849 22.0109,
	20.6841 22.014,
	20.6795 22.0201,
	20.6727 22.0323,
	20.6719 22.0353,
	20.6681 22.0415,
	20.6674 22.0446,
	20.6636 22.0506,
	20.659 22.0628,
	20.6529 22.075,
	20.6491 22.0873,
	20.6467 22.0896,
	20.6459 22.0957,
	20.6421 22.1018,
	20.6338 22.1261,
	20.6239 22.1506,
	20.6231 22.1536,
	20.6102 22.178,
	20.6033 22.1903,
	20.601 22.1926,
	20.5895 22.2169,
	20.5865 22.223,
	20.5834 22.2353,
	20.5667 22.2597,
	20.5629 22.2658,
	20.5606 22.2688,
	20.559 22.2703,
	20.5583 22.2734,
	20.556 22.2764,
	20.5468 22.3009,
	20.543 22.3131,
	20.5399 22.3191,
	20.5384 22.3252,
	20.5369 22.3269,
	20.5353 22.333,
	20.5338 22.336,
	20.5338 22.3375,
	20.5323 22.339,
	20.5323 22.3421,
	20.53 22.3451,
	20.5254 22.3573,
	20.5216 22.3634,
	20.5194 22.3665,
	20.5186 22.3695,
	20.5186 22.371,
	20.5017 22.3955,
	20.5002 22.3985,
	20.4896 22.4092,
	20.4774 22.4176,
	20.4743 22.4191,
	20.4682 22.4245,
	20.466 22.4268,
	20.4652 22.4283,
	20.4637 22.4283,
	20.4522 22.439,
	20.44 22.4481,
	20.4278 22.4534,
	20.4033 22.4687,
	20.3972 22.4741,
	20.3942 22.4749,
	20.382 22.4848,
	20.3575 22.5008,
	20.3332 22.5137,
	20.3271 22.5175,
	20.324 22.5183,
	20.321 22.5207,
	20.2965 22.5283,
	20.2722 22.5328,
	20.2661 22.5351,
	20.2538 22.5366,
	20.2416 22.5397,
	20.2386 22.5412,
	20.2141 22.545,
	20.2019 22.5465,
	"/>
</Transform>

<Transform dim="0"
 xcoef=" 0 1 0 0 0 0"
 ycoef=" 0 0 1 0 0 0">
<Contour name="d04sp21" hidden="false" closed="true" simplified="true" border="1 0 0" fill="1 0 0" mode="11"
 points="19.1086 24.7086,
	19.106 24.7073,
	19.1047 24.7073,
	19.0996 24.7041,
	19.0919 24.6964,
	19.0887 24.6919,
	19.0874 24.6906,
	19.0868 24.6881,
	19.0849 24.6868,
	19.0817 24.6817,
	19.0817 24.6791,
	19.0797 24.6764,
	19.0785 24.6355,
	19.0765 24.6303,
	19.0759 24.6251,
	19.0733 24.62,
	19.0727 24.6149,
	19.0708 24.6097,
	19.0701 24.6072,
	19.0689 24.6059,
	19.0689 24.6033,
	19.0676 24.6008,
	19.0676 24.5956,
	19.0657 24.5905,
	19.0636 24.5802,
	19.0624 24.575,
	19.0624 24.5725,
	19.0611 24.5699,
	19.0591 24.5494,
	19.0591 24.5288,
	19.0591 24.5186,
	19.0591 24.5179,
	19.0591 24.5173,
	19.063 24.4968,
	19.063 24.4955,
	19.0643 24.4942,
	19.0649 24.4839,
	19.0676 24.4736,
	19.0676 24.4711,
	19.0714 24.4608,
	19.0733 24.4557,
	19.074 24.4532,
	19.074 24.4519,
	19.0753 24.4506,
	19.0753 24.448,
	19.0765 24.4474,
	19.0772 24.4448,
	19.0785 24.4435,
	19.0785 24.4423,
	19.0797 24.441,
	19.0797 24.4397,
	19.0817 24.4371,
	19.0817 24.4358,
	19.0887 24.4274,
	19.0932 24.4255,
	19.0983 24.4249,
	19.1034 24.4229,
	19.124 24.4229,
	19.1292 24.4217,
	19.1336 24.4191,
	19.1381 24.4153,
	19.142 24.4101,
	19.1426 24.4076,
	19.1426 24.4063,
	19.1439 24.405,
	19.1458 24.3948,
	19.1458 24.3895,
	19.1471 24.3883,
	19.1484 24.378,
	19.1497 24.3729,
	19.1509 24.3703,
	19.1516 24.3652,
	19.1522 24.3626,
	19.1541 24.3601,
	19.1541 24.3575,
	19.1573 24.3524,
	19.1593 24.3505,
	19.1599 24.3479,
	19.1613 24.3466,
	19.1632 24.3363,
	19.1664 24.326,
	19.1696 24.3222,
	19.1741 24.3177,
	19.1792 24.3145,
	19.1805 24.3132,
	19.1818 24.3132,
	19.1843 24.3113,
	19.1946 24.3068,
	19.2042 24.2998,
	19.2094 24.2953,
	19.2101 24.294,
	19.212 24.2934,
	19.2139 24.2913,
	19.2152 24.2913,
	19.2248 24.283,
	19.2344 24.276,
	19.2427 24.2709,
	19.2447 24.2689,
	19.2459 24.2689,
	19.2498 24.2657,
	19.2517 24.2638,
	19.2543 24.2632,
	19.2555 24.2612,
	19.2582 24.2606,
	19.2684 24.2548,
	19.271 24.2536,
	19.2723 24.2536,
	19.2729 24.2523,
	19.2781 24.2504,
	19.2806 24.2497,
	19.2838 24.2478,
	19.2889 24.2458,
	19.2992 24.2439,
	19.3198 24.2432,
	19.33 24.2439,
	19.3403 24.2472,
	19.3428 24.2478,
	19.3454 24.2497,
	19.3505 24.2516,
	19.3558 24.2548,
	19.3583 24.2555,
	19.3609 24.2574,
	19.3634 24.258,
	19.366 24.26,
	19.3686 24.2606,
	19.3724 24.2638,
	19.375 24.2664,
	19.3775 24.2677,
	19.3775 24.2689,
	19.3807 24.2734,
	19.3827 24.2753,
	19.3839 24.2805,
	19.3852 24.2811,
	19.3878 24.2913,
	19.3891 24.3017,
	19.3897 24.3428,
	19.3897 24.353,
	19.3884 24.3633,
	19.3859 24.3684,
	19.3852 24.371,
	19.3833 24.3735,
	19.3827 24.3761,
	19.3795 24.3812,
	19.3775 24.3825,
	19.3692 24.3922,
	19.3641 24.3967,
	19.3622 24.3986,
	19.3609 24.3986,
	19.3596 24.3999,
	19.3583 24.3999,
	19.3577 24.4012,
	19.3564 24.4012,
	19.3512 24.405,
	19.346 24.4069,
	19.3409 24.4101,
	19.3384 24.4121,
	19.3358 24.4127,
	19.3313 24.4165,
	19.3288 24.4178,
	19.3262 24.4204,
	19.3249 24.4204,
	19.323 24.4229,
	19.314 24.4294,
	19.3121 24.4319,
	19.3108 24.4319,
	19.3095 24.4338,
	19.2992 24.4429,
	19.2909 24.4512,
	19.2838 24.4602,
	19.2825 24.4628,
	19.2825 24.464,
	19.2806 24.466,
	19.28 24.4685,
	19.2742 24.4781,
	19.2704 24.4833,
	19.2691 24.4845,
	19.2684 24.4872,
	19.2549 24.5058,
	19.2466 24.5154,
	19.237 24.5237,
	19.2357 24.5256,
	19.2274 24.5341,
	19.2222 24.5379,
	19.2139 24.5462,
	19.2133 24.5488,
	19.1959 24.5661,
	19.1875 24.5725,
	19.1779 24.5802,
	19.1773 24.5854,
	19.1747 24.5905,
	19.1735 24.6008,
	19.1754 24.6213,
	19.176 24.6419,
	19.1767 24.6521,
	19.1767 24.6572,
	19.1747 24.6624,
	19.1741 24.6649,
	19.1722 24.6675,
	19.1715 24.67,
	19.1683 24.6745,
	19.1599 24.6842,
	19.1554 24.6874,
	19.1465 24.6958,
	19.1452 24.6958,
	19.1426 24.6983,
	19.1381 24.7015,
	19.1279 24.706,
	19.1266 24.7073,
	19.1164 24.7079,
	19.1111 24.7086,
	"/>
</Transform>

<Transform dim="0"
 xcoef=" 0 1 0 0 0 0"
 ycoef=" 0 0 1 0 0 0">
<Contour name="d61sp24" hidden="false" closed="true" simplified="true" border="1 0 0" fill="1 0 0" mode="11"
 points="16.906 16.6368,
	16.8956 16.6074,
	16.8918 16.5998,
	16.8899 16.5979,
	16.8899 16.5961,
	16.888 16.5942,
	16.887 16.5904,
	16.8842 16.5866,
	16.8833 16.5847,
	16.8833 16.5838,
	16.888 16.5771,
	16.8899 16.5752,
	16.8899 16.5734,
	16.8946 16.5676,
	16.8956 16.5657,
	16.8974 16.5657,
	16.9031 16.56,
	16.907 16.5581,
	16.908 16.5562,
	16.9098 16.5562,
	16.9165 16.5515,
	16.9307 16.5373,
	16.9335 16.5307,
	16.9363 16.5269,
	16.9392 16.5192,
	16.9411 16.5173,
	16.9411 16.5136,
	16.9448 16.506,
	16.9639 16.4454,
	16.9658 16.4416,
	16.9724 16.4112,
	16.9752 16.4036,
	16.9762 16.3961,
	16.9771 16.3923,
	16.9771 16.3904,
	16.979 16.3885,
	16.9818 16.3733,
	16.9847 16.3657,
	16.9903 16.3354,
	16.9922 16.3278,
	16.9922 16.324,
	16.9941 16.3202,
	17.0056 16.2596,
	17.0141 16.2292,
	17.016 16.2216,
	17.016 16.2179,
	17.0207 16.2027,
	17.0236 16.1951,
	17.0236 16.1914,
	17.0254 16.1875,
	17.0283 16.1723,
	17.0387 16.1601,
	17.0415 16.1572,
	17.0491 16.1544,
	17.0795 16.1572,
	17.0946 16.1582,
	17.1023 16.1572,
	17.106 16.1563,
	17.1079 16.1544,
	17.1098 16.1544,
	17.1136 16.1515,
	17.1174 16.1515,
	17.1212 16.1496,
	17.1363 16.1506,
	17.1401 16.1515,
	17.142 16.1515,
	17.1439 16.1534,
	17.1591 16.1582,
	17.1667 16.161,
	17.1742 16.1601,
	17.178 16.1601,
	17.1856 16.1572,
	17.1922 16.1515,
	17.2065 16.1459,
	17.2671 16.1468,
	17.2823 16.1468,
	17.3126 16.1373,
	17.3278 16.1344,
	17.3581 16.1363,
	17.3733 16.1382,
	17.3771 16.1402,
	17.3808 16.1402,
	17.3885 16.143,
	17.3904 16.143,
	17.3914 16.1449,
	17.3932 16.1449,
	17.3999 16.1515,
	17.4036 16.1582,
	17.4055 16.1657,
	17.4055 16.1809,
	17.4027 16.1961,
	17.4008 16.1999,
	17.4008 16.2037,
	17.398 16.2112,
	17.3961 16.215,
	17.3961 16.2188,
	17.3914 16.2339,
	17.3885 16.2492,
	17.3866 16.252,
	17.3866 16.2539,
	17.3808 16.2615,
	17.3742 16.2671,
	17.3667 16.27,
	17.3515 16.2785,
	17.344 16.2832,
	17.3363 16.2862,
	17.3325 16.288,
	17.3306 16.288,
	17.3297 16.2899,
	17.3259 16.2899,
	17.324 16.2918,
	17.3164 16.2947,
	17.3126 16.2966,
	17.3108 16.2966,
	17.307 16.2994,
	17.2994 16.3013,
	17.2956 16.3041,
	17.2813 16.3098,
	17.2794 16.3117,
	17.2775 16.3117,
	17.2501 16.3335,
	17.2368 16.344,
	17.2292 16.3506,
	17.2169 16.36,
	17.2093 16.3657,
	17.2037 16.3704,
	17.1999 16.3723,
	17.1989 16.3742,
	17.197 16.3742,
	17.1913 16.38,
	17.1856 16.3838,
	17.179 16.3895,
	17.1733 16.3932,
	17.161 16.4036,
	17.1534 16.4103,
	17.1506 16.4131,
	17.1487 16.4131,
	17.1468 16.4159,
	17.1344 16.4245,
	17.1269 16.4302,
	17.1259 16.4321,
	17.124 16.4321,
	17.1193 16.4368,
	17.1174 16.4368,
	17.1108 16.4425,
	17.107 16.4454,
	17.106 16.4473,
	17.1042 16.4473,
	17.0899 16.4596,
	17.0823 16.4643,
	17.0785 16.4671,
	17.0766 16.47,
	17.0691 16.4756,
	17.0568 16.4871,
	17.0539 16.4909,
	17.052 16.4909,
	17.0453 16.4965,
	17.0415 16.5003,
	17.0396 16.5003,
	17.0377 16.5032,
	17.0236 16.5155,
	16.996 16.5364,
	16.9894 16.543,
	16.9601 16.5629,
	16.9543 16.5685,
	16.9505 16.5715,
	16.9496 16.5734,
	16.9477 16.5734,
	16.9411 16.58,
	16.9392 16.5828,
	16.9354 16.5847,
	16.9354 16.5866,
	16.924 16.6008,
	16.9193 16.6065,
	16.9193 16.6084,
	16.9108 16.6236,
	16.908 16.6312,
	16.907 16.6349,
	"/>
</Transform>

<Transform dim="0"
 xcoef=" 0 1 0 0 0 0"
 ycoef=" 0 0 1 0 0 0">
<Contour name="d61sp23" hidden="false" closed="true" simplified="true" border="1 0 0" fill="1 0 0" mode="11"
 points="16.6422 18.7201,
	16.6282 18.7183,
	16.6142 18.7078,
	16.6054 18.6938,
	16.5967 18.6658,
	16.5932 18.6518,
	16.5862 18.6378,
	16.5827 18.6237,
	16.5774 18.6185,
	16.5686 18.5905,
	16.5634 18.5764,
	16.5616 18.5484,
	16.5511 18.5204,
	16.5476 18.5064,
	16.5336 18.4783,
	16.5108 18.4521,
	16.4968 18.4433,
	16.4705 18.431,
	16.4565 18.424,
	16.4285 18.403,
	16.4005 18.3854,
	16.3724 18.3714,
	16.3584 18.3662,
	16.3023 18.361,
	16.2743 18.3679,
	16.2463 18.3802,
	16.2182 18.4013,
	16.2042 18.4118,
	16.1762 18.424,
	16.1482 18.4415,
	16.1219 18.4643,
	16.1096 18.4783,
	16.0956 18.4888,
	16.0676 18.5029,
	16.0536 18.5116,
	16.0395 18.5169,
	16.0115 18.5169,
	15.9975 18.5151,
	15.9834 18.5099,
	15.9765 18.5064,
	15.966 18.4924,
	15.9625 18.4853,
	15.9607 18.4573,
	15.9607 18.4503,
	15.9607 18.4486,
	15.9607 18.4468,
	15.9695 18.4187,
	15.9817 18.4065,
	15.9993 18.3784,
	16.0501 18.3259,
	16.0763 18.3014,
	16.0833 18.2943,
	16.1114 18.2786,
	16.1254 18.2733,
	16.1324 18.2698,
	16.1359 18.2663,
	16.1499 18.2611,
	16.1639 18.2524,
	16.192 18.2418,
	16.248 18.2365,
	16.276 18.2383,
	16.283 18.2418,
	16.2971 18.2435,
	16.3041 18.247,
	16.3322 18.2453,
	16.3462 18.24,
	16.3741 18.2243,
	16.3812 18.2208,
	16.3847 18.2173,
	16.3917 18.2155,
	16.404 18.2068,
	16.4109 18.2033,
	16.4144 18.2033,
	16.4179 18.1997,
	16.4249 18.198,
	16.4513 18.1717,
	16.4705 18.1454,
	16.4811 18.1314,
	16.4951 18.1033,
	16.4986 18.0894,
	16.4968 18.0614,
	16.4968 18.0543,
	16.4811 18.0263,
	16.453 18.0035,
	16.4249 17.9895,
	16.397 17.972,
	16.3689 17.9474,
	16.3619 17.9405,
	16.3759 17.9387,
	16.383 17.9387,
	16.4109 17.9474,
	16.467 17.9457,
	16.4811 17.9439,
	16.5091 17.9352,
	16.5651 17.9124,
	16.5774 17.9036,
	16.6054 17.8792,
	16.6107 17.8739,
	16.6124 17.8809,
	16.6107 17.8949,
	16.5949 17.923,
	16.5757 17.9509,
	16.5686 17.965,
	16.5564 18.0211,
	16.5546 18.049,
	16.5564 18.1051,
	16.5564 18.1192,
	16.5634 18.1472,
	16.5686 18.1612,
	16.5686 18.1647,
	16.5722 18.1682,
	16.5774 18.1822,
	16.5897 18.1945,
	16.6037 18.2015,
	16.63 18.2243,
	16.6387 18.2524,
	16.651 18.2803,
	16.6738 18.3084,
	16.686 18.3224,
	16.693 18.3259,
	16.7088 18.354,
	16.7194 18.3819,
	16.7194 18.3889,
	16.7229 18.396,
	16.7229 18.4521,
	16.7211 18.48,
	16.7211 18.4941,
	16.7176 18.5081,
	16.7176 18.5221,
	16.7176 18.5291,
	16.707 18.5572,
	16.7035 18.5712,
	16.7035 18.5747,
	16.7 18.5781,
	16.6983 18.5922,
	16.6913 18.6062,
	16.686 18.6343,
	16.686 18.6378,
	16.6825 18.6413,
	16.6808 18.6483,
	16.6632 18.6763,
	16.6545 18.7043,
	16.6545 18.7078,
	"/>
</Transform>

<Transform dim="0"
 xcoef=" 0 1 0 0 0 0"
 ycoef=" 0 0 1 0 0 0">
<Contour name="d51sp13" hidden="false" closed="true" simplified="true" border="1 0 0" fill="1 0 0" mode="11"
 points="8.73114 21.8046,
	8.72935 21.8037,
	8.72846 21.8037,
	8.72533 21.8011,
	8.72265 21.7974,
	8.71996 21.7907,
	8.71862 21.7835,
	8.71862 21.7693,
	8.71727 21.7406,
	8.71682 21.712,
	8.71682 21.7049,
	8.71548 21.6976,
	8.71504 21.6958,
	8.71504 21.6949,
	8.71414 21.694,
	8.71414 21.6931,
	8.71325 21.6927,
	8.71325 21.6918,
	8.7119 21.6905,
	8.7119 21.6896,
	8.70564 21.6824,
	8.70474 21.6824,
	8.69848 21.6775,
	8.69535 21.6748,
	8.69356 21.673,
	8.69132 21.6695,
	8.68863 21.6623,
	8.68818 21.6479,
	8.68818 21.6462,
	8.68818 21.6457,
	8.68818 21.6453,
	8.68953 21.6417,
	8.69176 21.6381,
	8.6949 21.635,
	8.69848 21.6341,
	8.70206 21.6323,
	8.70922 21.6305,
	8.71101 21.6296,
	8.7119 21.6296,
	8.71235 21.6287,
	8.71593 21.6278,
	8.72265 21.622,
	8.72443 21.6207,
	8.72533 21.6194,
	8.72846 21.6158,
	8.72935 21.614,
	8.73114 21.6122,
	8.73562 21.6059,
	8.73651 21.6041,
	8.73741 21.6032,
	8.73741 21.6023,
	8.74233 21.5956,
	8.74815 21.5889,
	8.75129 21.5862,
	8.75307 21.5853,
	8.75396 21.5853,
	8.75486 21.5844,
	8.76918 21.5813,
	8.78708 21.5813,
	8.78886 21.5818,
	8.78977 21.5818,
	8.79066 21.5826,
	8.79424 21.5835,
	8.79603 21.5844,
	8.79692 21.5844,
	8.79871 21.588,
	8.79961 21.5889,
	8.80006 21.596,
	8.79782 21.6032,
	8.79603 21.6063,
	8.79021 21.6131,
	8.78842 21.614,
	8.78394 21.6198,
	8.78082 21.6229,
	8.77857 21.6256,
	8.77679 21.627,
	8.77589 21.6278,
	8.77589 21.6287,
	8.77276 21.6314,
	8.77008 21.635,
	8.76515 21.6408,
	8.7647 21.6417,
	8.76381 21.6417,
	8.76202 21.6453,
	8.75665 21.6511,
	8.75396 21.6542,
	8.75396 21.6552,
	8.74904 21.6619,
	8.7477 21.6637,
	8.7477 21.6655,
	8.74636 21.669,
	8.74546 21.6708,
	8.74457 21.678,
	8.74412 21.7066,
	8.74457 21.7209,
	8.74323 21.7495,
	8.74323 21.7532,
	8.74098 21.7675,
	8.74098 21.7818,
	8.74009 21.796,
	8.73965 21.7978,
	8.73831 21.7997,
	8.73786 21.8015,
	8.73472 21.8046,
	"/>
</Transform>

<Transform dim="0"
 xcoef=" 0 1 0 0 0 0"
 ycoef=" 0 0 1 0 0 0">
<Contour name="d61sp22" hidden="false" closed="true" simplified="true" border="1 0 0" fill="1 0 0" mode="11"
 points="15.9725 16.4227,
	15.9696 16.4213,
	15.9667 16.4213,
	15.9652 16.4198,
	15.9417 16.4191,
	15.93 16.4169,
	15.9241 16.4154,
	15.9212 16.4132,
	15.9153 16.411,
	15.9058 16.4022,
	15.9014 16.3986,
	15.8977 16.3935,
	15.8955 16.3905,
	15.8948 16.3876,
	15.8933 16.3869,
	15.8933 16.3839,
	15.8911 16.378,
	15.8882 16.3546,
	15.8852 16.3429,
	15.8838 16.3399,
	15.8838 16.3385,
	15.8801 16.3326,
	15.875 16.3274,
	15.8728 16.3252,
	15.8713 16.3252,
	15.8706 16.3237,
	15.8596 16.3186,
	15.8574 16.3179,
	15.8545 16.3157,
	15.853 16.3157,
	15.8515 16.3142,
	15.8486 16.3135,
	15.8471 16.312,
	15.8354 16.3076,
	15.8325 16.3069,
	15.831 16.3069,
	15.8295 16.3054,
	15.8178 16.304,
	15.7943 16.3047,
	15.7826 16.3047,
	15.7709 16.301,
	15.768 16.2996,
	15.765 16.2967,
	15.7628 16.2952,
	15.7518 16.285,
	15.7466 16.279,
	15.743 16.2731,
	15.7415 16.2724,
	15.7393 16.2666,
	15.7379 16.2636,
	15.7371 16.2519,
	15.7371 16.2505,
	15.7371 16.2497,
	15.7393 16.2439,
	15.7393 16.2409,
	15.7415 16.238,
	15.743 16.2321,
	15.7452 16.2291,
	15.7466 16.2233,
	15.7496 16.2174,
	15.7503 16.2145,
	15.7525 16.2116,
	15.7532 16.2086,
	15.7547 16.2072,
	15.7599 16.1955,
	15.7665 16.1837,
	15.7672 16.1807,
	15.7753 16.169,
	15.7811 16.1573,
	15.7884 16.1471,
	15.7972 16.1353,
	15.7972 16.1338,
	15.8024 16.1287,
	15.8068 16.125,
	15.8098 16.1228,
	15.8112 16.1214,
	15.8127 16.1214,
	15.8134 16.1199,
	15.8164 16.1192,
	15.8178 16.1177,
	15.8237 16.1162,
	15.8266 16.1148,
	15.8412 16.1148,
	15.8427 16.1162,
	15.8456 16.1162,
	15.8515 16.1184,
	15.8545 16.1199,
	15.856 16.1199,
	15.8677 16.1272,
	15.8691 16.1287,
	15.8706 16.1287,
	15.8757 16.1331,
	15.8772 16.1331,
	15.8779 16.1345,
	15.8808 16.1353,
	15.8926 16.142,
	15.894 16.142,
	15.8969 16.1442,
	15.9088 16.1478,
	15.9117 16.1478,
	15.9351 16.1551,
	15.938 16.1573,
	15.941 16.1573,
	15.9468 16.161,
	15.9498 16.1617,
	15.9528 16.1639,
	15.9557 16.1646,
	15.9564 16.1661,
	15.9593 16.1668,
	15.9601 16.1683,
	15.9615 16.1683,
	15.9674 16.1734,
	15.9725 16.1771,
	15.9828 16.1882,
	15.9886 16.1933,
	16.0114 16.2094,
	16.0231 16.2145,
	16.0348 16.216,
	16.0407 16.2152,
	16.0525 16.2101,
	16.0583 16.2072,
	16.0613 16.205,
	16.0642 16.2043,
	16.0657 16.2043,
	16.0715 16.2006,
	16.0832 16.1984,
	16.1126 16.1984,
	16.1184 16.2013,
	16.1214 16.2028,
	16.1228 16.2043,
	16.1258 16.205,
	16.136 16.2138,
	16.136 16.2152,
	16.1405 16.2204,
	16.142 16.2233,
	16.142 16.2262,
	16.1434 16.2291,
	16.1442 16.2527,
	16.1442 16.2644,
	16.1442 16.2702,
	16.1456 16.2761,
	16.1456 16.279,
	16.1493 16.2908,
	16.1573 16.3018,
	16.1661 16.3113,
	16.169 16.3171,
	16.1705 16.3201,
	16.172 16.3208,
	16.1742 16.3326,
	16.1742 16.3443,
	16.1698 16.356,
	16.1676 16.3619,
	16.1603 16.3721,
	16.1507 16.3794,
	16.1485 16.3817,
	16.1367 16.3861,
	16.1338 16.3876,
	16.1323 16.3891,
	16.1294 16.3898,
	16.128 16.3913,
	16.1162 16.3964,
	16.1148 16.3964,
	16.1133 16.3978,
	16.1104 16.3986,
	16.1089 16.3986,
	16.1075 16.4,
	16.1045 16.4,
	16.0928 16.4044,
	16.081 16.4066,
	16.0752 16.4081,
	16.0722 16.4081,
	16.0693 16.4095,
	16.0635 16.4103,
	16.0576 16.4132,
	16.0547 16.4132,
	16.0488 16.4154,
	16.0459 16.4169,
	16.0341 16.4191,
	16.0282 16.4198,
	16.0253 16.4213,
	16.0195 16.4213,
	16.0136 16.4227,
	"/>
</Transform>

<Transform dim="0"
 xcoef=" 0 1 0 0 0 0"
 ycoef=" 0 0 1 0 0 0">
<Contour name="d04p22" hidden="false" closed="true" simplified="true" border="1 0 0" fill="1 0 0" mode="11"
 points="17.6812 27.0156,
	17.6658 26.9875,
	17.6965 26.9875,
	"/>
</Transform>

<Transform dim="0"
 xcoef=" 0 1 0 0 0 0"
 ycoef=" 0 0 1 0 0 0">
<Contour name="d04sp22" hidden="false" closed="true" simplified="true" border="1 0 0" fill="1 0 0" mode="11"
 points="17.3693 27.1847,
	17.3643 27.1828,
	17.3618 27.1821,
	17.3574 27.179,
	17.3548 27.1765,
	17.3542 27.174,
	17.3511 27.1689,
	17.3492 27.1487,
	17.3467 27.1387,
	17.3448 27.1362,
	17.3417 27.1261,
	17.341 27.1059,
	17.341 27.0959,
	17.341 27.0934,
	17.341 27.0921,
	17.341 27.0915,
	17.3442 27.0814,
	17.3454 27.0789,
	17.346 27.0688,
	17.3492 27.0587,
	17.3498 27.0562,
	17.3498 27.0549,
	17.3517 27.0524,
	17.363 27.0121,
	17.3668 27.0021,
	17.3749 26.992,
	17.3775 26.9895,
	17.38 26.9882,
	17.3819 26.9857,
	17.387 26.9826,
	17.4071 26.9768,
	17.4171 26.9768,
	17.4272 26.975,
	17.4373 26.9693,
	17.4424 26.9668,
	17.4449 26.9655,
	17.4461 26.9643,
	17.4512 26.963,
	17.4537 26.9624,
	17.4562 26.9605,
	17.4662 26.958,
	17.4713 26.9567,
	17.4915 26.9574,
	17.5015 26.958,
	17.5216 26.9618,
	17.5318 26.9636,
	17.5368 26.9643,
	17.5393 26.9643,
	17.5418 26.9655,
	17.5519 26.9655,
	17.5569 26.9662,
	17.5594 26.9662,
	17.5613 26.968,
	17.5626 26.9731,
	17.5632 26.9756,
	17.5632 26.9768,
	17.5644 26.9781,
	17.5663 26.9882,
	17.5663 26.9983,
	17.5663 27.0033,
	17.5663 27.0058,
	17.5663 27.0071,
	17.5651 27.0083,
	17.555 27.0071,
	17.545 27.0071,
	17.5399 27.0077,
	17.5298 27.0115,
	17.5204 27.0178,
	17.5103 27.0259,
	17.5015 27.0361,
	17.5003 27.0386,
	17.4921 27.0487,
	17.4883 27.0537,
	17.4858 27.0587,
	17.4788 27.0688,
	17.4706 27.0789,
	17.4612 27.0871,
	17.4587 27.0896,
	17.4562 27.0908,
	17.4373 27.111,
	17.4322 27.116,
	17.4297 27.1179,
	17.4284 27.1191,
	17.4272 27.1191,
	17.4222 27.1223,
	17.4197 27.1242,
	17.4184 27.1293,
	17.4134 27.1393,
	17.4071 27.1494,
	17.3995 27.1594,
	17.3819 27.1796,
	17.3768 27.184,
	17.3718 27.1847,
	"/>
</Transform>

<Transform dim="0"
 xcoef=" 0 1 0 0 0 0"
 ycoef=" 0 0 1 0 0 0">
<Contour name="d51sp14" hidden="false" closed="true" simplified="true" border="1 0 0" fill="1 0 0" mode="11"
 points="7.59158 23.2471,
	7.57182 23.2465,
	7.56935 23.2459,
	7.56812 23.2447,
	7.56318 23.2434,
	7.56195 23.2422,
	7.55947 23.2416,
	7.55021 23.2328,
	7.54898 23.2304,
	7.5465 23.2285,
	7.54465 23.2236,
	7.54465 23.2137,
	7.54465 23.2113,
	7.54465 23.2107,
	7.54465 23.21,
	7.5465 23.2051,
	7.5533 23.1959,
	7.55576 23.1934,
	7.5675 23.1754,
	7.57121 23.1656,
	7.57244 23.1631,
	7.57306 23.1582,
	7.57615 23.1483,
	7.578 23.1434,
	7.578 23.1421,
	7.57923 23.1415,
	7.57923 23.139,
	7.57923 23.1378,
	7.58109 23.1353,
	7.58293 23.1304,
	7.58478 23.1279,
	7.58664 23.1236,
	7.58972 23.1193,
	7.58972 23.118,
	7.59097 23.1174,
	7.59097 23.1162,
	7.59343 23.1143,
	7.60023 23.1063,
	7.60825 23.0965,
	7.61319 23.0921,
	7.61998 23.0841,
	7.63727 23.0674,
	7.63851 23.065,
	7.64097 23.0631,
	7.64221 23.0606,
	7.64468 23.0588,
	7.64715 23.0545,
	7.65394 23.0451,
	7.65456 23.0427,
	7.66135 23.034,
	7.66444 23.0297,
	7.66753 23.0266,
	7.66753 23.0254,
	7.66999 23.0242,
	7.67617 23.0168,
	7.68543 23.0088,
	7.68667 23.0075,
	7.68914 23.0069,
	7.69346 23.0039,
	7.69593 23.0026,
	7.6984 23.0002,
	7.70087 22.9988,
	7.70581 22.9945,
	7.71075 22.9933,
	7.71507 22.9908,
	7.72001 22.9902,
	7.72248 22.989,
	7.73236 22.9871,
	7.7373 22.9859,
	7.77681 22.9853,
	7.78175 22.9859,
	7.78422 22.9865,
	7.78546 22.9865,
	7.78978 22.9902,
	7.79287 23.0002,
	7.79349 23.0396,
	7.79101 23.0594,
	7.78978 23.0693,
	7.78978 23.0717,
	7.78855 23.0742,
	7.78669 23.0841,
	7.78546 23.089,
	7.78546 23.0914,
	7.78361 23.0965,
	7.78299 23.0989,
	7.78175 23.1002,
	7.78052 23.1051,
	7.77805 23.11,
	7.77681 23.1125,
	7.77681 23.1137,
	7.77311 23.1187,
	7.76755 23.1273,
	7.76508 23.1297,
	7.76385 23.1304,
	7.76324 23.1328,
	7.76138 23.1341,
	7.75459 23.1434,
	7.75336 23.1459,
	7.75088 23.1483,
	7.75088 23.1496,
	7.74717 23.1545,
	7.74471 23.1594,
	7.74285 23.1613,
	7.74224 23.1637,
	7.73545 23.173,
	7.72989 23.1828,
	7.72742 23.1878,
	7.72619 23.1884,
	7.72619 23.1896,
	7.72495 23.1909,
	7.72495 23.1922,
	7.71198 23.21,
	7.70828 23.215,
	7.70334 23.2193,
	7.70272 23.2205,
	7.70149 23.2205,
	7.69901 23.2224,
	7.69778 23.2242,
	7.69531 23.2248,
	7.69284 23.2273,
	7.67308 23.2353,
	7.66815 23.2365,
	7.66567 23.2378,
	7.65579 23.2397,
	7.65085 23.2416,
	7.6311 23.2459,
	"/>
</Transform>

<Transform dim="0"
 xcoef=" 0 1 0 0 0 0"
 ycoef=" 0 0 1 0 0 0">
<Contour name="d51c15" hidden="false" closed="true" simplified="true" border="0 0 1" fill="0 0 1" mode="11"
 points="7.33132 22.195,
	7.31345 22.1916,
	7.30451 22.1905,
	7.30004 22.1894,
	7.29893 22.1894,
	7.29782 22.1883,
	7.29335 22.1877,
	7.28441 22.1849,
	7.28386 22.1838,
	7.27939 22.1832,
	7.27045 22.1781,
	7.26934 22.177,
	7.26822 22.177,
	7.26375 22.1742,
	7.26263 22.1726,
	7.26041 22.1715,
	7.25314 22.1642,
	7.25036 22.1598,
	7.24756 22.1508,
	7.24645 22.1464,
	7.24645 22.1442,
	7.24365 22.1352,
	7.24309 22.0995,
	7.24309 22.0906,
	7.24309 22.086,
	7.24309 22.0854,
	7.24421 22.081,
	7.24478 22.0632,
	7.24533 22.0542,
	7.247 22.0453,
	7.247 22.0409,
	7.24923 22.0319,
	7.25091 22.0274,
	7.25147 22.0229,
	7.25482 22.0146,
	7.25594 22.0101,
	7.2565 22.0079,
	7.25761 22.0073,
	7.25761 22.0051,
	7.25929 22.0007,
	7.25929 21.9995,
	7.26041 21.999,
	7.26375 21.99,
	7.26487 21.9894,
	7.26822 21.9805,
	7.2699 21.9783,
	7.27045 21.976,
	7.27157 21.9749,
	7.27157 21.9738,
	7.27715 21.9655,
	7.27995 21.961,
	7.28162 21.9588,
	7.28218 21.9565,
	7.28776 21.9493,
	7.29613 21.942,
	7.30004 21.9403,
	7.30451 21.9375,
	7.30898 21.9364,
	7.31121 21.9353,
	7.32908 21.9347,
	7.33801 21.9369,
	7.34639 21.9437,
	7.35532 21.9493,
	7.35755 21.951,
	7.35867 21.951,
	7.3609 21.9526,
	7.36313 21.9532,
	7.36537 21.9549,
	7.38323 21.9599,
	7.3877 21.9599,
	7.42344 21.9671,
	7.43237 21.9699,
	7.43348 21.971,
	7.43795 21.9721,
	7.44242 21.9744,
	7.44353 21.9755,
	7.448 21.9772,
	7.45191 21.9799,
	7.45414 21.9811,
	7.47089 21.9973,
	7.47257 22.0018,
	7.4787 22.0107,
	7.48094 22.0146,
	7.48261 22.0163,
	7.48317 22.0185,
	7.48541 22.0202,
	7.49099 22.0285,
	7.49824 22.0363,
	7.50215 22.0403,
	7.50215 22.0414,
	7.50551 22.0448,
	7.51109 22.0531,
	7.51332 22.0548,
	7.51389 22.057,
	7.52002 22.0637,
	7.52728 22.0726,
	7.52952 22.0743,
	7.52952 22.0754,
	7.53287 22.0788,
	7.53398 22.081,
	7.53789 22.0849,
	7.54012 22.0872,
	7.54124 22.0894,
	7.54236 22.0906,
	7.54292 22.0928,
	7.54403 22.0939,
	7.54403 22.0961,
	7.54515 22.0978,
	7.54626 22.1156,
	7.54515 22.1245,
	7.54292 22.129,
	7.54179 22.1296,
	7.54124 22.1318,
	7.53845 22.1363,
	7.53733 22.1369,
	7.53733 22.138,
	7.53007 22.1453,
	7.52672 22.1481,
	7.52225 22.1514,
	7.51834 22.1536,
	7.51556 22.1564,
	7.51444 22.1564,
	7.51053 22.1598,
	7.50607 22.1614,
	7.50551 22.1625,
	7.50439 22.1625,
	7.50327 22.1637,
	7.49434 22.167,
	7.49211 22.1681,
	7.48988 22.1681,
	7.48875 22.1692,
	7.48652 22.1692,
	7.48541 22.1703,
	7.48317 22.1703,
	7.48094 22.1715,
	7.47201 22.1726,
	7.46307 22.1748,
	7.45861 22.1759,
	7.44967 22.1765,
	7.41394 22.1838,
	7.40501 22.1855,
	7.40054 22.1866,
	7.39831 22.1877,
	7.39385 22.1883,
	7.38491 22.1911,
	7.36704 22.1938,
	"/>
</Transform>

<Transform dim="0"
 xcoef=" 0 1 0 0 0 0"
 ycoef=" 0 0 1 0 0 0">
<Contour name="d61c23b" hidden="false" closed="true" simplified="true" border="0 0 1" fill="0 0 1" mode="11"
 points="16.7073 18.6095,
	16.6978 18.6089,
	16.6931 18.6071,
	16.6919 18.6071,
	16.6907 18.606,
	16.6859 18.6042,
	16.6812 18.6012,
	16.68 18.6012,
	16.6794 18.6,
	16.6782 18.6,
	16.6693 18.5935,
	16.6644 18.5899,
	16.6608 18.5863,
	16.659 18.5838,
	16.6578 18.5827,
	16.6578 18.5815,
	16.6567 18.5803,
	16.6555 18.5707,
	16.6555 18.566,
	16.6555 18.5642,
	16.6555 18.5636,
	16.6614 18.5446,
	16.6626 18.5398,
	16.6638 18.538,
	16.6638 18.5355,
	16.6752 18.5183,
	16.6794 18.5153,
	16.6817 18.5135,
	16.6865 18.5117,
	16.6984 18.5117,
	16.699 18.5123,
	16.7085 18.5117,
	16.7181 18.5123,
	16.7229 18.5129,
	16.7253 18.5129,
	16.7348 18.5171,
	16.7384 18.5207,
	16.7431 18.5248,
	16.7491 18.5332,
	16.7509 18.5523,
	16.7503 18.5618,
	16.7503 18.5666,
	16.7503 18.569,
	16.7491 18.5713,
	16.7473 18.5809,
	16.7443 18.5905,
	16.7425 18.5952,
	16.7419 18.5976,
	16.7384 18.6024,
	16.7336 18.606,
	16.7289 18.6077,
	16.7265 18.6089,
	"/>
</Transform>

<Transform dim="0"
 xcoef=" 0 1 0 0 0 0"
 ycoef=" 0 0 1 0 0 0">
<Contour name="d51sp15" hidden="false" closed="true" simplified="true" border="1 0 0" fill="1 0 0" mode="11"
 points="7.35071 22.1558,
	7.34099 22.1525,
	7.33579 22.1513,
	7.31506 22.1506,
	7.30988 22.15,
	7.29952 22.1467,
	7.29433 22.1448,
	7.29174 22.1428,
	7.28915 22.1422,
	7.2872 22.1403,
	7.28591 22.1403,
	7.28397 22.135,
	7.28267 22.1246,
	7.28267 22.1195,
	7.28591 22.1091,
	7.28655 22.104,
	7.28591 22.0988,
	7.28137 22.0884,
	7.27813 22.078,
	7.27813 22.0754,
	7.27425 22.0651,
	7.27425 22.0547,
	7.27425 22.0521,
	7.27425 22.0515,
	7.27425 22.0508,
	7.27748 22.0405,
	7.27813 22.0352,
	7.28008 22.03,
	7.28008 22.0287,
	7.28137 22.0275,
	7.28267 22.0223,
	7.28397 22.0203,
	7.28397 22.0191,
	7.28591 22.0171,
	7.2872 22.0119,
	7.29044 22.0068,
	7.29174 22.0022,
	7.29498 21.9971,
	7.29627 21.9964,
	7.29692 21.9938,
	7.30081 21.9886,
	7.30081 21.9873,
	7.30405 21.9827,
	7.30535 21.9821,
	7.30535 21.9808,
	7.31248 21.9711,
	7.31571 21.9666,
	7.31831 21.964,
	7.3196 21.9621,
	7.32867 21.9549,
	7.32996 21.9549,
	7.33385 21.9504,
	7.33645 21.9491,
	7.33839 21.9465,
	7.34099 21.9459,
	7.35071 21.9374,
	7.35977 21.9316,
	7.3643 21.9277,
	7.3669 21.9264,
	7.36949 21.9238,
	7.37208 21.9225,
	7.37468 21.9199,
	7.37986 21.9173,
	7.38245 21.9154,
	7.38374 21.9141,
	7.38634 21.9135,
	7.39152 21.9102,
	7.40188 21.9076,
	7.41225 21.907,
	7.42262 21.9076,
	7.43299 21.9096,
	7.43817 21.9115,
	7.44076 21.9122,
	7.44336 21.9141,
	7.44594 21.9141,
	7.45632 21.9186,
	7.4615 21.9219,
	7.46668 21.9238,
	7.47186 21.927,
	7.48223 21.9309,
	7.48352 21.9322,
	7.48612 21.9322,
	7.4913 21.9348,
	7.49648 21.9361,
	7.49908 21.9367,
	7.50037 21.9367,
	7.50296 21.9387,
	7.5237 21.9459,
	7.52629 21.9472,
	7.52758 21.9472,
	7.52888 21.9485,
	7.53147 21.9491,
	7.53277 21.9491,
	7.53407 21.9504,
	7.53665 21.9504,
	7.54183 21.9524,
	7.54249 21.9536,
	7.55286 21.9582,
	7.56127 21.9659,
	7.56646 21.9692,
	7.5697 21.9724,
	7.57229 21.973,
	7.58072 21.9808,
	7.58137 21.9821,
	7.58266 21.9821,
	7.58395 21.9847,
	7.5859 21.986,
	7.59367 21.9958,
	7.59627 21.9971,
	7.59756 21.9997,
	7.60016 22.0009,
	7.60857 22.01,
	7.61246 22.0139,
	7.61506 22.0165,
	7.62089 22.0255,
	7.62413 22.0307,
	7.62607 22.0359,
	7.62736 22.0384,
	7.62672 22.0437,
	7.62542 22.0463,
	7.62024 22.0502,
	7.61894 22.0515,
	7.61635 22.0515,
	7.61117 22.0534,
	7.59044 22.0567,
	7.58006 22.0631,
	7.57165 22.0696,
	7.56127 22.0767,
	7.55221 22.0825,
	7.54961 22.0838,
	7.54767 22.0864,
	7.54572 22.0878,
	7.54119 22.093,
	7.53407 22.1001,
	7.52953 22.1046,
	7.52758 22.1059,
	7.51786 22.1149,
	7.51657 22.1149,
	7.51463 22.1175,
	7.50426 22.1233,
	7.50167 22.124,
	7.49713 22.1272,
	7.48741 22.1318,
	7.47705 22.1337,
	7.45632 22.133,
	7.45112 22.133,
	7.44076 22.1292,
	7.43039 22.1272,
	7.42521 22.1259,
	7.42003 22.1259,
	7.41743 22.1266,
	7.41614 22.1266,
	7.41485 22.1279,
	7.40966 22.1285,
	7.40642 22.1305,
	7.40124 22.133,
	7.39994 22.133,
	7.39541 22.137,
	7.39281 22.1377,
	7.38893 22.1422,
	7.3844 22.1454,
	7.38309 22.1467,
	7.3818 22.1467,
	7.37662 22.15,
	7.37597 22.1513,
	7.36625 22.1551,
	7.35589 22.1558,
	"/>
</Transform>

<Transform dim="0"
 xcoef=" 0 1 0 0 0 0"
 ycoef=" 0 0 1 0 0 0">
<Contour name="d51cfa15" hidden="false" closed="true" simplified="true" border="0 1 0" fill="0 1 0" mode="11"
 points="7.3595 22.1536,
	7.35293 22.1532,
	7.35211 22.1532,
	7.35171 22.1524,
	7.33857 22.1487,
	7.33201 22.1475,
	7.31231 22.1475,
	7.30574 22.1462,
	7.29918 22.1442,
	7.29303 22.1409,
	7.2922 22.1409,
	7.29056 22.1393,
	7.28727 22.1372,
	7.28563 22.1356,
	7.28359 22.133,
	7.28194 22.1298,
	7.28112 22.1293,
	7.28112 22.1285,
	7.27989 22.1269,
	7.27907 22.1236,
	7.27907 22.122,
	7.28112 22.1187,
	7.284 22.1167,
	7.28441 22.1158,
	7.28522 22.1158,
	7.28851 22.1134,
	7.29097 22.1101,
	7.29138 22.1085,
	7.29261 22.1072,
	7.29261 22.1064,
	7.29343 22.1056,
	7.29466 22.099,
	7.29466 22.0925,
	7.29425 22.0892,
	7.2922 22.0858,
	7.29097 22.0826,
	7.28851 22.0793,
	7.2881 22.0776,
	7.28727 22.0768,
	7.28727 22.076,
	7.28563 22.0744,
	7.28522 22.0727,
	7.28318 22.0695,
	7.28276 22.0678,
	7.28153 22.0662,
	7.28153 22.0654,
	7.28071 22.0645,
	7.27907 22.058,
	7.27824 22.0514,
	7.27824 22.0486,
	7.27824 22.0482,
	7.28194 22.035,
	7.28276 22.0333,
	7.28318 22.03,
	7.2922 22.0038,
	7.29507 21.9973,
	7.29918 21.9906,
	7.30123 21.9874,
	7.30204 21.9861,
	7.30287 21.9857,
	7.30287 21.9849,
	7.30821 21.9788,
	7.31272 21.9722,
	7.31477 21.9693,
	7.31641 21.9677,
	7.31846 21.9648,
	7.31846 21.964,
	7.32339 21.9587,
	7.32626 21.9562,
	7.33242 21.9542,
	7.33569 21.9542,
	7.33857 21.9554,
	7.34186 21.9583,
	7.34309 21.9599,
	7.3439 21.9603,
	7.3439 21.962,
	7.34596 21.9652,
	7.34678 21.9661,
	7.34719 21.9677,
	7.35089 21.973,
	7.35293 21.9759,
	7.35909 21.9804,
	7.36237 21.9824,
	7.3751 21.9853,
	7.38822 21.9857,
	7.40136 21.982,
	7.40792 21.9812,
	7.41202 21.9812,
	7.41285 21.982,
	7.41941 21.9841,
	7.42105 21.9841,
	7.42146 21.9849,
	7.42803 21.9869,
	7.42967 21.9874,
	7.43008 21.9882,
	7.43337 21.989,
	7.43501 21.9894,
	7.43829 21.9915,
	7.4387 21.9924,
	7.43952 21.9924,
	7.4424 21.9948,
	7.44403 21.9961,
	7.44485 21.9993,
	7.44526 22.001,
	7.44444 22.0026,
	7.44116 22.0051,
	7.43952 22.0067,
	7.4387 22.0067,
	7.43255 22.0112,
	7.42926 22.0137,
	7.42598 22.0153,
	7.42516 22.0153,
	7.42434 22.0161,
	7.41778 22.0182,
	7.41613 22.0186,
	7.40998 22.0227,
	7.40792 22.0247,
	7.40792 22.0255,
	7.4071 22.0264,
	7.40505 22.0329,
	7.40505 22.0362,
	7.4071 22.0428,
	7.40875 22.0461,
	7.40998 22.0478,
	7.4112 22.051,
	7.41243 22.0527,
	7.41285 22.0543,
	7.4186 22.06,
	7.419 22.0617,
	7.42023 22.0625,
	7.42023 22.0658,
	7.42023 22.0666,
	7.419 22.0682,
	7.4186 22.0699,
	7.41778 22.0707,
	7.41778 22.0715,
	7.41613 22.0727,
	7.41572 22.0744,
	7.41326 22.0772,
	7.41079 22.0838,
	7.4112 22.0872,
	7.41326 22.0904,
	7.41449 22.0921,
	7.41531 22.0921,
	7.4186 22.0941,
	7.42516 22.0962,
	7.42844 22.0974,
	7.43501 22.0986,
	7.44158 22.099,
	7.44322 22.099,
	7.4465 22.0978,
	7.44814 22.0978,
	7.44896 22.097,
	7.4506 22.0966,
	7.45676 22.0921,
	7.45758 22.0921,
	7.46086 22.0892,
	7.46332 22.0862,
	7.46661 22.0838,
	7.46988 22.0826,
	7.47153 22.0809,
	7.47768 22.0768,
	7.47932 22.0756,
	7.48015 22.0748,
	7.48343 22.0736,
	7.49 22.0731,
	7.49656 22.0744,
	7.50312 22.0748,
	7.50477 22.0748,
	7.50559 22.0756,
	7.50641 22.0756,
	7.50764 22.0768,
	7.50805 22.0776,
	7.5097 22.0781,
	7.51133 22.0793,
	7.51174 22.0801,
	7.51256 22.0801,
	7.51585 22.0826,
	7.51626 22.0834,
	7.51708 22.0834,
	7.52036 22.0854,
	7.53309 22.0892,
	7.53596 22.0921,
	7.53636 22.0954,
	7.53391 22.0978,
	7.53062 22.0999,
	7.5298 22.1015,
	7.52693 22.1044,
	7.52611 22.1044,
	7.51954 22.1101,
	7.51708 22.1121,
	7.5138 22.1146,
	7.51256 22.1158,
	7.51093 22.1162,
	7.50436 22.1203,
	7.50108 22.1216,
	7.49492 22.1253,
	7.49164 22.1273,
	7.49 22.1277,
	7.48671 22.1302,
	7.48508 22.1302,
	7.48425 22.131,
	7.47768 22.1322,
	7.46455 22.133,
	7.45799 22.1318,
	7.4547 22.1314,
	7.45143 22.1302,
	7.44814 22.1298,
	7.43501 22.1253,
	7.43172 22.1244,
	7.42516 22.1244,
	7.41202 22.1261,
	7.40546 22.1285,
	7.40217 22.1302,
	7.40136 22.1302,
	7.40054 22.131,
	7.39766 22.1322,
	7.39602 22.133,
	7.3952 22.133,
	7.39192 22.1356,
	7.39028 22.136,
	7.38413 22.1409,
	7.38125 22.1434,
	7.38043 22.1442,
	7.37878 22.1446,
	7.37551 22.1475,
	7.36934 22.1516,
	7.36607 22.1532,
	"/>
</Transform>

<Transform dim="0"
 xcoef=" 0 1 0 0 0 0"
 ycoef=" 0 0 1 0 0 0">
<Contour name="d61p23" hidden="false" closed="true" simplified="true" border="1 0 0" fill="1 0 0" mode="11"
 points="16.4164 17.7103,
	16.392 17.686,
	16.4164 17.6615,
	16.4408 17.686,
	"/>
</Transform>

<Transform dim="0"
 xcoef=" 0 1 0 0 0 0"
 ycoef=" 0 0 1 0 0 0">
<Contour name="d04c21b" hidden="false" closed="true" simplified="true" border="0 0 1" fill="0 0 1" mode="11"
 points="19.2683 24.5079,
	19.2646 24.5075,
	19.2627 24.507,
	19.2618 24.5061,
	19.2541 24.5037,
	19.2476 24.4985,
	19.2438 24.4962,
	19.2419 24.4957,
	19.2353 24.4887,
	19.2339 24.4873,
	19.2316 24.4796,
	19.2302 24.4646,
	19.2302 24.4571,
	19.2302 24.4533,
	19.2302 24.4528,
	19.2306 24.4453,
	19.232 24.4378,
	19.2335 24.4339,
	19.2335 24.4321,
	19.2363 24.4245,
	19.2382 24.4212,
	19.2382 24.4203,
	19.2429 24.4128,
	19.2452 24.409,
	19.2499 24.4029,
	19.2508 24.4024,
	19.2508 24.4015,
	19.2527 24.3996,
	19.2537 24.3991,
	19.2541 24.3973,
	19.256 24.3963,
	19.256 24.3954,
	19.2627 24.3882,
	19.2693 24.3826,
	19.2702 24.3826,
	19.2773 24.3779,
	19.281 24.3755,
	19.2848 24.3741,
	19.2867 24.3732,
	19.2876 24.3723,
	19.2886 24.3723,
	19.2923 24.3699,
	19.2961 24.3685,
	19.3098 24.3596,
	19.3244 24.3516,
	19.3319 24.3473,
	19.3338 24.3459,
	19.3347 24.3459,
	19.3366 24.3445,
	19.3385 24.344,
	19.3399 24.3426,
	19.3437 24.3411,
	19.3441 24.3402,
	19.3479 24.3397,
	19.3502 24.3383,
	19.3541 24.3374,
	19.355 24.3374,
	19.3569 24.336,
	19.3602 24.335,
	19.3621 24.3345,
	19.3626 24.3336,
	19.3701 24.3331,
	19.3738 24.3331,
	19.3757 24.3341,
	19.3776 24.3341,
	19.3795 24.3355,
	19.3804 24.3355,
	19.3837 24.3388,
	19.3861 24.3426,
	19.3875 24.3445,
	19.3875 24.3455,
	19.3889 24.3473,
	19.3894 24.3492,
	19.3908 24.3511,
	19.3917 24.3516,
	19.3922 24.3535,
	19.3936 24.3549,
	19.3936 24.3558,
	19.395 24.3577,
	19.3959 24.3614,
	19.3978 24.3652,
	19.3983 24.369,
	19.3997 24.3727,
	19.4002 24.3765,
	19.4012 24.3784,
	19.4017 24.3821,
	19.4017 24.384,
	19.4026 24.3859,
	19.4031 24.401,
	19.4017 24.4085,
	19.4006 24.4104,
	19.4006 24.4114,
	19.3997 24.4123,
	19.3992 24.4142,
	19.3889 24.4288,
	19.3875 24.4297,
	19.3861 24.4316,
	19.3856 24.4325,
	19.3846 24.4325,
	19.3809 24.4363,
	19.3663 24.4463,
	19.3593 24.451,
	19.3583 24.451,
	19.3569 24.4524,
	19.355 24.4528,
	19.3516 24.4552,
	19.3507 24.4552,
	19.3502 24.4561,
	19.3469 24.4575,
	19.3455 24.4589,
	19.3446 24.4589,
	19.3427 24.4604,
	19.3418 24.4613,
	19.3399 24.4618,
	19.338 24.4632,
	19.3371 24.4632,
	19.3357 24.4651,
	19.3338 24.4655,
	19.3267 24.4712,
	19.3197 24.4778,
	19.3159 24.481,
	19.3154 24.482,
	19.3145 24.482,
	19.3112 24.4858,
	19.3084 24.4882,
	19.3056 24.492,
	19.3041 24.4929,
	19.2975 24.4995,
	19.2914 24.5046,
	19.29 24.5061,
	19.2881 24.5061,
	19.2871 24.507,
	19.2834 24.5079,
	"/>
</Transform>

<Transform dim="0"
 xcoef=" 0 1 0 0 0 0"
 ycoef=" 0 0 1 0 0 0">
<Contour name="d04c22b" hidden="false" closed="true" simplified="true" border="0 0 1" fill="0 0 1" mode="11"
 points="17.3606 27.2366,
	17.3491 27.2356,
	17.3434 27.2341,
	17.3406 27.2338,
	17.3376 27.2327,
	17.3319 27.2316,
	17.3262 27.2298,
	17.3233 27.2291,
	17.3219 27.2281,
	17.3204 27.2277,
	17.3197 27.2277,
	17.319 27.227,
	17.3183 27.227,
	17.3176 27.2263,
	17.3119 27.2238,
	17.3111 27.2231,
	17.3104 27.2231,
	17.3097 27.2223,
	17.309 27.2223,
	17.3086 27.2216,
	17.3072 27.2213,
	17.3043 27.219,
	17.3036 27.2183,
	17.3029 27.2183,
	17.2936 27.2104,
	17.2889 27.2061,
	17.2867 27.204,
	17.2867 27.2033,
	17.2821 27.1979,
	17.2803 27.1954,
	17.2792 27.194,
	17.2789 27.1926,
	17.2774 27.1911,
	17.2774 27.1897,
	17.276 27.1868,
	17.2749 27.1811,
	17.2742 27.1696,
	17.2742 27.1581,
	17.2742 27.1524,
	17.2742 27.151,
	17.2742 27.1503,
	17.2742 27.1499,
	17.2746 27.1471,
	17.2746 27.1456,
	17.276 27.1428,
	17.276 27.1399,
	17.2774 27.1342,
	17.2774 27.1328,
	17.2781 27.132,
	17.2796 27.1263,
	17.2806 27.1235,
	17.281 27.1219,
	17.2817 27.1212,
	17.2824 27.1184,
	17.2835 27.1166,
	17.2857 27.1108,
	17.2878 27.1058,
	17.2889 27.1033,
	17.2899 27.1023,
	17.2899 27.1015,
	17.2918 27.0987,
	17.2929 27.0976,
	17.2929 27.0969,
	17.2947 27.0944,
	17.2972 27.0919,
	17.2986 27.0894,
	17.2993 27.089,
	17.2993 27.0883,
	17.3008 27.0869,
	17.3008 27.0862,
	17.3033 27.0837,
	17.3108 27.0743,
	17.3133 27.0718,
	17.3151 27.0693,
	17.3176 27.0671,
	17.3194 27.0653,
	17.3194 27.0646,
	17.3208 27.0639,
	17.3219 27.0625,
	17.3226 27.0625,
	17.3244 27.0603,
	17.3272 27.0578,
	17.3283 27.0571,
	17.3308 27.0546,
	17.3354 27.0507,
	17.3383 27.0485,
	17.339 27.0485,
	17.3402 27.0471,
	17.3409 27.0471,
	17.342 27.0457,
	17.3448 27.0439,
	17.347 27.0417,
	17.3524 27.0378,
	17.3552 27.0371,
	17.3566 27.0371,
	17.3591 27.0396,
	17.3595 27.041,
	17.3606 27.0421,
	17.3627 27.0478,
	17.3638 27.0492,
	17.3638 27.0507,
	17.3638 27.0514,
	17.3645 27.0521,
	17.3684 27.0635,
	17.3688 27.065,
	17.3688 27.0657,
	17.3695 27.0664,
	17.3699 27.0693,
	17.3713 27.0721,
	17.3713 27.0728,
	17.372 27.0736,
	17.3727 27.0765,
	17.3731 27.0779,
	17.3742 27.0794,
	17.3752 27.0819,
	17.3759 27.0833,
	17.3759 27.0847,
	17.3767 27.0851,
	17.3767 27.0865,
	17.3777 27.088,
	17.3777 27.0894,
	17.3802 27.0951,
	17.3835 27.1066,
	17.3838 27.108,
	17.3838 27.1087,
	17.3845 27.1094,
	17.3856 27.1151,
	17.3867 27.118,
	17.3882 27.1295,
	17.3889 27.1524,
	17.3886 27.1639,
	17.3867 27.1754,
	17.3856 27.1783,
	17.3852 27.1811,
	17.3849 27.1826,
	17.3849 27.1833,
	17.3838 27.1847,
	17.3835 27.1961,
	17.3824 27.2076,
	17.3824 27.2104,
	17.381 27.2162,
	17.3799 27.219,
	17.3799 27.2198,
	17.3792 27.2205,
	17.3774 27.2263,
	17.3767 27.2273,
	17.3759 27.2277,
	17.3759 27.2284,
	17.372 27.2331,
	17.3695 27.2345,
	17.3692 27.2352,
	17.3663 27.2363,
	"/>
</Transform>

<Transform dim="0"
 xcoef=" 0 1 0 0 0 0"
 ycoef=" 0 0 1 0 0 0">
<Contour name="d61p24" hidden="false" closed="true" simplified="true" border="1 0 0" fill="1 0 0" mode="11"
 points="16.8077 16.7123,
	16.7855 16.6717,
	16.8299 16.6717,
	"/>
</Transform>

<Transform dim="0"
 xcoef=" 0 1 0 0 0 0"
 ycoef=" 0 0 1 0 0 0">
<Contour name="d61cfa23b" hidden="false" closed="false" simplified="true" border="0 1 0" fill="1 0 0" mode="11"
 points="16.7019 18.5134,
	16.6823 18.5975,
	"/>
</Transform>

<Transform dim="0"
 xcoef=" 0 1 0 0 0 0"
 ycoef=" 0 0 1 0 0 0">
<Contour name="d04cfa21b" hidden="false" closed="false" simplified="true" border="1 0 0" fill="1 0 0" mode="11"
 points="19.3849 24.3478,
	19.3614 24.3628,
	19.343 24.3732,
	19.3096 24.3949,
	19.2667 24.4363,
	19.2398 24.4858,
	"/>
</Transform>

<Transform dim="0"
 xcoef=" 0 1 0 0 0 0"
 ycoef=" 0 0 1 0 0 0">
<Contour name="d04cfa22b" hidden="false" closed="false" simplified="true" border="1 0 0" fill="1 0 0" mode="11"
 points="17.3696 27.177,
	17.3653 27.1617,
	17.3604 27.1373,
	17.3549 27.0893,
	"/>
</Transform>

<Transform dim="0"
 xcoef=" 0 1 0 0 0 0"
 ycoef=" 0 0 1 0 0 0">
<Contour name="d51cfa15" hidden="false" closed="false" simplified="true" border="0 1 0" fill="1 0 0" mode="11"
 points="7.4496 22.0008,
	7.44386 22.0086,
	7.43852 22.0143,
	7.43154 22.018,
	7.42375 22.0225,
	7.41801 22.0254,
	7.41472 22.0291,
	7.41225 22.0336,
	7.41225 22.0394,
	7.41472 22.0464,
	7.41883 22.0542,
	7.42334 22.0607,
	7.42539 22.0664,
	7.42539 22.0722,
	7.42252 22.0787,
	7.42087 22.0824,
	7.42046 22.0865,
	7.4221 22.0882,
	7.43319 22.0923,
	7.44181 22.0919,
	7.45781 22.0857,
	7.47546 22.0718,
	"/>
</Transform>

<Transform dim="0"
 xcoef=" 0 1 0 0 0 0"
 ycoef=" 0 0 1 0 0 0">
<Contour name="d63p25" hidden="false" closed="true" simplified="false" border="1 0 0" fill="1 0 0" mode="-13"
 points="7.91043 16.5657,
	7.89099 16.5463,
	7.91043 16.5268,
	7.92988 16.5463,
	"/>
</Transform>

<Transform dim="0"
 xcoef=" 0 1 0 0 0 0"
 ycoef=" 0 0 1 0 0 0">
<Contour name="d63p26" hidden="false" closed="true" simplified="false" border="1 0 0" fill="1 0 0" mode="-13"
 points="7.27157 16.1491,
	7.3049 16.1491,
	7.28824 16.1796,
	"/>
</Transform>

<Transform dim="0"
 xcoef=" 0 1 0 0 0 0"
 ycoef=" 0 0 1 0 0 0">
<Contour name="d61endos07_whorl" hidden="false" closed="true" simplified="true" border="1 0.502 0" fill="1 0 0" mode="11"
 points="15.9526 17.1167,
	15.9532 17.105,
	15.9549 17.0934,
	15.9578 17.0822,
	15.9618 17.0715,
	15.9668 17.0614,
	15.9728 17.0521,
	15.9797 17.0437,
	15.9873 17.0364,
	15.9956 17.0302,
	16.0045 17.0253,
	16.0138 17.0216,
	16.0235 17.0194,
	16.0332 17.0185,
	16.043 17.019,
	16.0527 17.0209,
	16.0621 17.0242,
	16.0711 17.0289,
	16.0795 17.0347,
	16.0874 17.0418,
	16.0945 17.0499,
	16.1007 17.059,
	16.1059 17.0689,
	16.1102 17.0795,
	16.1134 17.0906,
	16.1154 17.1021,
	16.1163 17.1138,
	16.116 17.1255,
	16.1145 17.1371,
	16.1119 17.1485,
	16.1082 17.1593,
	16.1034 17.1696,
	16.0977 17.1791,
	16.091 17.1877,
	16.0835 17.1953,
	16.0754 17.2018,
	16.0666 17.207,
	16.0574 17.211,
	16.0479 17.2136,
	16.0381 17.2149,
	16.0283 17.2147,
	16.0186 17.2131,
	16.0091 17.2101,
	16 17.2059,
	15.9914 17.2003,
	15.9834 17.1935,
	15.9761 17.1857,
	15.9697 17.1768,
	15.9642 17.1671,
	15.9597 17.1567,
	15.9562 17.1457,
	15.9539 17.1343,
	"/>
</Transform>

<Transform dim="0"
 xcoef=" 0 1 0 0 0 0"
 ycoef=" 0 0 1 0 0 0">
<Contour name="d61rs01" hidden="false" closed="true" simplified="false" border="0 0 1" fill="1 0 1" mode="11"
 points="16.7899 16.7507,
	16.7899 16.7473,
	16.7934 16.7438,
	16.7969 16.7438,
	16.8003 16.7473,
	16.8003 16.7507,
	16.7969 16.7542,
	16.7934 16.7542,
	"/>
<Contour name="d61rs01" hidden="false" closed="true" simplified="false" border="0 0 1" fill="1 0 1" mode="11"
 points="16.7761 16.7248,
	16.7761 16.7213,
	16.7796 16.7178,
	16.783 16.7178,
	16.7865 16.7213,
	16.7865 16.7248,
	16.783 16.7282,
	16.7796 16.7282,
	"/>
<Contour name="d61rs01" hidden="false" closed="true" simplified="false" border="0 0 1" fill="1 0 1" mode="11"
 points="16.7319 16.7819,
	16.7319 16.7784,
	16.7354 16.775,
	16.7389 16.775,
	16.7423 16.7784,
	16.7423 16.7819,
	16.7389 16.7854,
	16.7354 16.7854,
	"/>
<Contour name="d61rs01" hidden="false" closed="true" simplified="false" border="0 0 1" fill="1 0 1" mode="11"
 points="16.7345 16.7975,
	16.7345 16.794,
	16.738 16.7906,
	16.7415 16.7906,
	16.7449 16.794,
	16.7449 16.7975,
	16.7415 16.8009,
	16.738 16.8009,
	"/>
<Contour name="d61rs01" hidden="false" closed="true" simplified="false" border="0 0 1" fill="1 0 1" mode="11"
 points="16.7839 16.7992,
	16.7839 16.7958,
	16.7874 16.7923,
	16.7908 16.7923,
	16.7943 16.7958,
	16.7943 16.7992,
	16.7908 16.8027,
	16.7874 16.8027,
	"/>
</Transform>

<Transform dim="0"
 xcoef=" 0 1 0 0 0 0"
 ycoef=" 0 0 1 0 0 0">
<Contour name="d63serb25" hidden="false" closed="true" simplified="false" border="1 1 0" fill="0 1 0" mode="11"
 points="7.96043 16.4971,
	7.96043 16.4862,
	7.97133 16.4862,
	7.97133 16.4753,
	7.98223 16.4753,
	7.98223 16.4862,
	7.99313 16.4862,
	7.99313 16.4971,
	7.98223 16.4971,
	7.98223 16.508,
	7.97133 16.508,
	7.97133 16.4971,
	"/>
</Transform>

<Transform dim="1"
 xcoef=" 0.11 1 0 0 0 0"
 ycoef=" -0.13 0 1 0 0 0">
<Contour name="d61serh24" hidden="false" closed="true" simplified="true" border="1 1 0" fill="1 1 0" mode="11"
 points="16.9051 16.5082,
	16.9051 16.4916,
	16.8885 16.4916,
	16.8885 16.4749,
	16.9051 16.4749,
	16.9051 16.4583,
	16.9218 16.4583,
	16.9218 16.4749,
	16.9384 16.4749,
	16.9384 16.4916,
	16.9218 16.4916,
	16.9218 16.5082,
	"/>
</Transform>

<Transform dim="1"
 xcoef=" -0.01 1 0 0 0 0"
 ycoef=" -0.03 0 1 0 0 0">
<Contour name="d63sp25" hidden="false" closed="true" simplified="true" border="1 0 0" fill="1 0 0" mode="11"
 points="7.91903 16.656,
	7.93703 16.633,
	7.94063 16.6272,
	7.94495 16.6229,
	7.95503 16.6114,
	7.95863 16.6063,
	7.96007 16.6063,
	7.97447 16.5862,
	7.97879 16.5811,
	7.98023 16.5804,
	7.98023 16.579,
	7.98815 16.5682,
	7.99247 16.5646,
	8.00039 16.5531,
	8.00399 16.548,
	8.00615 16.5459,
	8.00615 16.5444,
	8.00759 16.543,
	8.00903 16.5437,
	8.01263 16.5552,
	8.01479 16.5667,
	8.01623 16.5696,
	8.01695 16.5754,
	8.01695 16.5783,
	8.01695 16.5797,
	8.01839 16.5811,
	8.01983 16.6042,
	8.01983 16.6157,
	8.01983 16.6215,
	8.01767 16.633,
	8.01767 16.6344,
	8.01623 16.6359,
	8.01407 16.6416,
	8.01047 16.6467,
	8.00903 16.6467,
	8.00399 16.651,
	8.00111 16.6531,
	7.98959 16.6553,
	7.94351 16.6567,
	7.92047 16.6567,
	7.91975 16.6567,
	"/>
<Contour name="d63sp25" hidden="false" closed="true" simplified="true" border="1 0 0" fill="1 0 0" mode="11"
 points="8.12183 16.6778,
	8.12812 16.6707,
	8.13531 16.6653,
	8.1497 16.6608,
	8.15689 16.659,
	8.16048 16.659,
	8.16767 16.6563,
	8.17487 16.6518,
	8.17846 16.6491,
	8.18206 16.6491,
	8.18565 16.6473,
	8.18925 16.6473,
	8.20363 16.6419,
	8.21801 16.6383,
	8.22521 16.6374,
	8.227 16.6356,
	8.24139 16.6329,
	8.29892 16.6329,
	8.30611 16.6338,
	8.3115 16.641,
	8.3142 16.6482,
	8.31959 16.6536,
	8.32229 16.6563,
	8.32409 16.6563,
	8.32768 16.659,
	8.34207 16.6635,
	8.34926 16.668,
	8.35285 16.668,
	8.38162 16.6769,
	8.43915 16.6832,
	8.46792 16.6841,
	8.4823 16.6841,
	8.48949 16.6841,
	8.50387 16.6796,
	8.50747 16.6787,
	8.52095 16.6698,
	8.52815 16.6653,
	8.53174 16.6635,
	8.53893 16.6635,
	8.55242 16.6698,
	8.55781 16.6751,
	8.56051 16.6778,
	8.56051 16.6796,
	8.5659 16.685,
	8.5677 16.6868,
	8.5677 16.6886,
	8.57219 16.6949,
	8.57399 16.6967,
	8.57669 16.7039,
	8.58118 16.7111,
	8.59287 16.7228,
	8.59467 16.7237,
	8.59467 16.7255,
	8.59646 16.7255,
	8.60186 16.7309,
	8.60455 16.7381,
	8.60545 16.7525,
	8.60545 16.7596,
	8.60276 16.774,
	8.60006 16.7812,
	8.59916 16.7884,
	8.59467 16.8028,
	8.59287 16.8064,
	8.59287 16.81,
	8.58298 16.8388,
	8.58118 16.8459,
	8.57759 16.8531,
	8.57669 16.8567,
	8.5686 16.8711,
	8.565 16.8747,
	8.5641 16.8765,
	8.55691 16.8783,
	8.55332 16.8801,
	8.52455 16.881,
	8.51736 16.881,
	8.51017 16.8783,
	8.45264 16.8783,
	8.43825 16.881,
	8.42387 16.881,
	8.40949 16.8828,
	8.40589 16.8828,
	8.3987 16.8855,
	8.34117 16.8891,
	8.3124 16.8936,
	8.29802 16.8972,
	8.29083 16.899,
	8.28723 16.899,
	8.28004 16.9017,
	8.25128 16.9044,
	8.23689 16.9035,
	8.22251 16.899,
	8.22071 16.8972,
	8.21712 16.8963,
	8.20273 16.8873,
	8.19554 16.8846,
	8.19374 16.8828,
	8.19195 16.8828,
	8.19015 16.881,
	8.18296 16.8783,
	8.18116 16.8783,
	8.17936 16.8765,
	8.17577 16.8756,
	8.16228 16.8657,
	8.15869 16.863,
	8.15419 16.8576,
	8.15149 16.8558,
	8.1461 16.8486,
	8.1443 16.845,
	8.1497 16.8163,
	8.15149 16.8019,
	8.15149 16.7947,
	8.1488 16.7803,
	8.147 16.7785,
	8.147 16.7749,
	8.1452 16.7713,
	8.1452 16.7677,
	8.14071 16.7534,
	8.13801 16.739,
	8.13801 16.7354,
	8.12632 16.7075,
	8.12453 16.7057,
	8.12183 16.6913,
	8.12183 16.6841,
	8.12183 16.6805,
	8.12183 16.6787,
	"/>
<Contour name="d63cfa25" hidden="false" closed="false" simplified="false" border="0 1 0" fill="1 0.5 0" mode="11"
 points="8.51626 16.8658,
	8.4967 16.8646,
	8.4662 16.8606,
	8.42363 16.8589,
	8.36668 16.8606,
	8.23953 16.8865,
	"/>
<Contour name="d63c25" hidden="false" closed="true" simplified="true" border="0 0 1" fill="0 0 1" mode="11"
 points="8.23338 16.8748,
	8.23635 16.8653,
	8.23813 16.8606,
	8.24465 16.8523,
	8.25295 16.844,
	8.27134 16.8303,
	8.27549 16.828,
	8.27608 16.8268,
	8.27727 16.8268,
	8.28676 16.8208,
	8.28795 16.8208,
	8.2921 16.8179,
	8.29447 16.8161,
	8.31345 16.8119,
	8.33243 16.8066,
	8.33717 16.8054,
	8.35615 16.8048,
	8.36564 16.8054,
	8.37513 16.8072,
	8.3775 16.8084,
	8.39648 16.8096,
	8.40597 16.8102,
	8.42495 16.8131,
	8.4297 16.8131,
	8.43919 16.8149,
	8.44868 16.8155,
	8.45342 16.8161,
	8.45816 16.8179,
	8.46765 16.8191,
	8.4724 16.8208,
	8.47477 16.8208,
	8.47952 16.8226,
	8.48189 16.8238,
	8.48426 16.8238,
	8.48545 16.825,
	8.49019 16.8262,
	8.50799 16.8374,
	8.51154 16.8422,
	8.51332 16.844,
	8.51332 16.8452,
	8.5157 16.8469,
	8.51807 16.8517,
	8.51807 16.8612,
	8.51807 16.8659,
	8.51688 16.8707,
	8.51629 16.8802,
	8.51451 16.8896,
	8.51332 16.8944,
	8.51332 16.8968,
	8.50976 16.9062,
	8.5068 16.911,
	8.50324 16.9146,
	8.50146 16.9163,
	8.50087 16.9175,
	8.49968 16.9175,
	8.49553 16.9217,
	8.48723 16.9258,
	8.48248 16.9282,
	8.47359 16.9312,
	8.47121 16.9312,
	8.46884 16.9323,
	8.44986 16.9359,
	8.44749 16.9371,
	8.44274 16.9377,
	8.44156 16.9389,
	8.43681 16.9395,
	8.43207 16.9412,
	8.42732 16.9418,
	8.41783 16.9448,
	8.40834 16.946,
	8.4036 16.9478,
	8.40123 16.9478,
	8.39886 16.949,
	8.38937 16.9495,
	8.38462 16.9507,
	8.37988 16.9507,
	8.37513 16.9519,
	8.35615 16.9525,
	8.31819 16.9507,
	8.3087 16.9484,
	8.30396 16.9478,
	8.29447 16.9448,
	8.2921 16.943,
	8.28735 16.9412,
	8.28261 16.9383,
	8.28201 16.9371,
	8.27964 16.9365,
	8.27905 16.9353,
	8.27786 16.9353,
	8.27727 16.9341,
	8.27608 16.9341,
	8.26659 16.927,
	8.26541 16.9252,
	8.26066 16.9223,
	8.2571 16.9187,
	8.25236 16.9151,
	8.24584 16.9074,
	8.24228 16.9033,
	8.2399 16.9009,
	8.23753 16.8962,
	8.23635 16.895,
	8.23635 16.8938,
	8.23516 16.8926,
	8.23338 16.8831,
	8.23338 16.8784,
	8.23338 16.876,
	8.23338 16.8754,
	"/>
</Transform>

<Transform dim="0"
 xcoef=" 0 1 0 0 0 0"
 ycoef=" 0 0 1 0 0 0">
<Contour name="d61" comment="dch_traced_06.2019" hidden="false" closed="true" simplified="true" border="1 1 0" fill="1 1 0" mode="11"
 points="15.7983 17.0802,
	15.8044 17.0151,
	15.8044 16.9989,
	15.8634 16.9337,
	15.896 16.9134,
	15.9123 16.9032,
	15.9448 16.8727,
	15.9733 16.8401,
	15.9876 16.8259,
	15.9957 16.8198,
	16.0282 16.8096,
	16.0608 16.8055,
	16.0771 16.8015,
	16.2073 16.7954,
	16.2399 16.7913,
	16.2724 16.7832,
	16.305 16.771,
	16.3375 16.7547,
	16.3701 16.7323,
	16.3782 16.7242,
	16.4088 16.7018,
	16.4169 16.6957,
	16.4332 16.6896,
	16.4372 16.6855,
	16.5024 16.6631,
	16.5675 16.6244,
	16.6 16.6061,
	16.6163 16.598,
	16.6326 16.5939,
	16.6651 16.5919,
	16.6814 16.5919,
	16.7465 16.5797,
	16.7547 16.5797,
	16.7872 16.5695,
	16.8523 16.5715,
	16.8564 16.5715,
	16.8727 16.5858,
	16.9032 16.6509,
	16.9093 16.6835,
	16.9032 16.7486,
	16.9032 16.7649,
	16.9134 16.7974,
	16.9154 16.8055,
	16.9195 16.8096,
	16.9256 16.8259,
	16.9276 16.8585,
	16.9256 16.891,
	16.9195 16.9236,
	16.8991 16.9887,
	16.9012 17.0212,
	16.9073 17.0375,
	16.9093 17.0538,
	16.8991 17.0864,
	16.8768 17.1189,
	16.8462 17.1474,
	16.8381 17.1555,
	16.8218 17.1881,
	16.8178 17.2044,
	16.7913 17.2695,
	16.7872 17.2858,
	16.771 17.3183,
	16.7649 17.3346,
	16.7628 17.3427,
	16.7587 17.3468,
	16.7486 17.3794,
	16.7201 17.4445,
	16.7018 17.477,
	16.6875 17.5096,
	16.6794 17.5259,
	16.6774 17.534,
	16.6733 17.5381,
	16.6733 17.5422,
	16.6672 17.5503,
	16.6529 17.5828,
	16.6346 17.648,
	16.6285 17.7131,
	16.6285 17.7456,
	16.6346 17.7782,
	16.6326 17.8433,
	16.6224 17.8759,
	16.6163 17.8921,
	16.6041 17.9084,
	16.596 17.9166,
	16.5634 17.9389,
	16.5308 17.9491,
	16.5227 17.9532,
	16.4902 17.9573,
	16.4739 17.9613,
	16.4088 17.9593,
	16.3925 17.9593,
	16.3599 17.9491,
	16.3274 17.9349,
	16.3192 17.9328,
	16.2867 17.9105,
	16.2561 17.8799,
	16.2053 17.8148,
	16.1768 17.7843,
	16.1605 17.768,
	16.128 17.7456,
	16.1117 17.7334,
	16.0791 17.7151,
	16.0628 17.711,
	16.0466 17.7009,
	16.0303 17.6948,
	15.9652 17.6561,
	15.9326 17.6337,
	15.9163 17.6215,
	15.9001 17.6052,
	15.8756 17.5747,
	15.8675 17.5666,
	15.8492 17.534,
	15.8431 17.5177,
	15.839 17.5096,
	15.8207 17.3794,
	15.8085 17.3143,
	15.8024 17.2491,
	15.7983 17.2166,
	15.7983 17.0864,
	15.7983 17.0823,
	"/>
</Transform>

<Transform dim="1"
 xcoef=" -0.01 1 0 0 0 0"
 ycoef=" -0.03 0 1 0 0 0">
<Contour name="d63sp26" hidden="false" closed="true" simplified="true" border="1 0 0" fill="1 0 0" mode="11"
 points="6.96209 16.0006,
	6.96687 15.9965,
	6.9696 15.9944,
	6.98053 15.9924,
	7.00239 15.9931,
	7.02424 15.9965,
	7.03517 15.9985,
	7.04064 16.0006,
	7.042 16.0006,
	7.04337 16.0019,
	7.0461 16.0019,
	7.04883 16.0033,
	7.05157 16.0033,
	7.06249 16.0067,
	7.06386 16.0067,
	7.06523 16.0081,
	7.07615 16.0101,
	7.08708 16.0101,
	7.09255 16.0101,
	7.09528 16.0088,
	7.10074 16.0081,
	7.10211 16.0067,
	7.12397 16.0054,
	7.13489 16.0047,
	7.14582 16.0054,
	7.15129 16.0067,
	7.17314 16.0074,
	7.21686 16.0006,
	7.23871 15.9999,
	7.24964 16.0006,
	7.25511 16.0006,
	7.26604 16.0026,
	7.2674 16.0026,
	7.26808 16.004,
	7.22505 16.019,
	7.21959 16.0204,
	7.21686 16.0224,
	7.21139 16.0238,
	7.20593 16.0272,
	7.20456 16.0272,
	7.20183 16.0293,
	7.20046 16.0306,
	7.1991 16.0306,
	7.19432 16.0347,
	7.19295 16.0361,
	7.19159 16.0361,
	7.18954 16.0388,
	7.17997 16.0463,
	7.17588 16.0504,
	7.17314 16.0525,
	7.17178 16.0545,
	7.17041 16.0552,
	7.17041 16.0566,
	7.16768 16.0586,
	7.16631 16.0614,
	7.16495 16.0621,
	7.16495 16.0634,
	7.16358 16.0641,
	7.16358 16.0655,
	7.15948 16.0709,
	7.15607 16.0819,
	7.1547 16.0873,
	7.15402 16.1092,
	7.15607 16.131,
	7.15812 16.1747,
	7.1588 16.1857,
	7.15812 16.1884,
	7.1547 16.1829,
	7.15334 16.1802,
	7.15197 16.1788,
	7.15197 16.1775,
	7.14787 16.172,
	7.14651 16.1707,
	7.14651 16.1693,
	7.13899 16.159,
	7.13148 16.1508,
	7.1308 16.1495,
	7.12943 16.1495,
	7.11987 16.1406,
	7.11509 16.1372,
	7.11372 16.1372,
	7.11304 16.1358,
	7.11167 16.1358,
	7.10621 16.131,
	7.08913 16.114,
	7.07342 16.0942,
	7.06796 16.0832,
	7.06044 16.0743,
	7.0584 16.073,
	7.05361 16.0682,
	7.05088 16.0661,
	7.04952 16.0661,
	7.04747 16.0641,
	7.0461 16.0641,
	7.04132 16.0607,
	7.03927 16.0586,
	7.03449 16.0566,
	7.03312 16.0566,
	7.03244 16.0552,
	7.02698 16.0532,
	7.02424 16.0518,
	7.02288 16.0518,
	7.02151 16.0504,
	7.00034 16.0416,
	6.99487 16.0381,
	6.99351 16.0381,
	6.99009 16.0347,
	6.98873 16.0347,
	6.97916 16.0265,
	6.97643 16.0252,
	6.96687 16.0156,
	6.96482 16.0129,
	6.96482 16.0115,
	6.96277 16.0095,
	6.96209 16.004,
	6.96209 16.0013,
	"/>
</Transform>

<Transform dim="0"
 xcoef=" 0 1 0 0 0 0"
 ycoef=" 0 0 1 0 0 0">
<Contour name="d63" comment="dch_traced_06.2019" hidden="false" closed="true" simplified="true" border="1 1 0" fill="1 1 0" mode="11"
 points="7.07947 16.6984,
	7.08848 16.6407,
	7.09388 16.6119,
	7.09749 16.5542,
	7.10109 16.5254,
	7.11191 16.4965,
	7.11912 16.4677,
	7.12993 16.4389,
	7.16057 16.3235,
	7.16417 16.3091,
	7.16778 16.3019,
	7.16958 16.2875,
	7.17319 16.2802,
	7.17499 16.2514,
	7.17138 16.2226,
	7.16958 16.2082,
	7.16958 16.2009,
	7.16057 16.1721,
	7.16057 16.1433,
	7.16417 16.1144,
	7.17138 16.1,
	7.1822 16.0856,
	7.21103 16.0568,
	7.23987 16.0441,
	7.26871 16.0369,
	7.32638 16.0387,
	7.35522 16.0387,
	7.36964 16.0387,
	7.42731 16.0243,
	7.45615 16.0135,
	7.47057 16.0081,
	7.4994 15.9901,
	7.51382 15.9811,
	7.52644 15.9684,
	7.53184 15.9648,
	7.55347 15.936,
	7.56969 15.9072,
	7.5787 15.8928,
	7.59312 15.8819,
	7.62196 15.8693,
	7.63638 15.8675,
	7.66522 15.8567,
	7.67963 15.8513,
	7.69405 15.8423,
	7.70126 15.8351,
	7.71027 15.8207,
	7.73911 15.7972,
	7.75353 15.7882,
	7.76795 15.7828,
	7.82562 15.7774,
	7.88329 15.7792,
	7.91213 15.781,
	7.92655 15.781,
	7.95539 15.7882,
	7.96981 15.79,
	7.98422 15.7972,
	7.99684 15.8116,
	8.00585 15.8261,
	8.00946 15.8333,
	8.02387 15.8459,
	8.05271 15.8621,
	8.07794 15.8891,
	8.08155 15.8928,
	8.08155 15.8964,
	8.08696 15.9036,
	8.08696 15.9324,
	8.06353 15.9901,
	8.05091 16.0189,
	8.0473 16.0333,
	8.0455 16.091,
	8.0473 16.1487,
	8.05091 16.1775,
	8.05091 16.2352,
	8.0419 16.2929,
	8.03289 16.3217,
	8.03289 16.3505,
	8.0419 16.4082,
	8.0437 16.437,
	8.03829 16.4659,
	8.02928 16.4947,
	8.00585 16.5524,
	7.98963 16.6101,
	7.98603 16.6245,
	7.97882 16.6389,
	7.95899 16.6677,
	7.94457 16.6822,
	7.8869 16.7182,
	7.85806 16.7308,
	7.84364 16.738,
	7.81481 16.7434,
	7.75713 16.7633,
	7.7283 16.7741,
	7.67062 16.8137,
	7.6562 16.8227,
	7.64179 16.8354,
	7.63458 16.8408,
	7.63097 16.8462,
	7.60213 16.8732,
	7.5733 16.8966,
	7.55888 16.9056,
	7.54446 16.9111,
	7.54086 16.9147,
	7.51202 16.9255,
	7.45435 16.9381,
	7.43993 16.9417,
	7.43272 16.9453,
	7.40388 16.9507,
	7.37504 16.9597,
	7.34621 16.9633,
	7.31737 16.9633,
	7.28853 16.9579,
	7.27411 16.9579,
	7.21644 16.9489,
	7.20202 16.9417,
	7.17499 16.9147,
	7.16057 16.9056,
	7.15336 16.902,
	7.14074 16.8876,
	7.12452 16.8588,
	7.10109 16.8011,
	7.08307 16.7434,
	7.07947 16.729,
	7.07947 16.7002,
	"/>
</Transform>

</Section>