<?xml version="1.0"?>
<!DOCTYPE Section SYSTEM "section.dtd">

<Section index="88" thickness="0.047" alignLocked="true">
<Transform dim="0"
 xcoef=" 0 1 0 0 0 0"
 ycoef=" 0 0 1 0 0 0">
<Image mag="0.002066" contrast="1.86401" brightness="-0.18" red="true" green="true" blue="true"
 src="089____z4.346.jpg" />
<Contour name="domain1" hidden="false" closed="true" simplified="false" border="1 0 1" fill="1 0 1" mode="11"
 points="0 0,
	17608 0,
	17608 16967,
	0 16967,
	"/>
</Transform>

<Transform dim="0"
 xcoef=" 0 1 0 0 0 0"
 ycoef=" 0 0 1 0 0 0">
<Contour name="D04" hidden="false" closed="true" simplified="true" border="0 0 1" fill="0 0 1" mode="11"
 points="18.5023 27.5135,
	18.4424 27.5051,
	18.3885 27.4809,
	18.3458 27.4431,
	18.3088 27.3427,
	18.3182 27.2899,
	18.3458 27.2423,
	18.3885 27.2045,
	18.4424 27.1803,
	18.5023 27.172,
	18.5621 27.1803,
	18.6161 27.2045,
	18.6589 27.2423,
	18.6864 27.2899,
	18.6959 27.3427,
	18.6864 27.3954,
	18.6589 27.4431,
	18.6161 27.4809,
	18.5621 27.5051,
	"/>
</Transform>

<Transform dim="0"
 xcoef=" 0 1 0 0 0 0"
 ycoef=" 0 0 1 0 0 0">
<Contour name="D13" hidden="false" closed="true" simplified="true" border="0 0 1" fill="0 0 1" mode="11"
 points="20.6236 20.5237,
	20.5638 20.5159,
	20.5098 20.4932,
	20.467 20.458,
	20.43 20.3643,
	20.4395 20.315,
	20.467 20.2706,
	20.5098 20.2353,
	20.5638 20.2126,
	20.6236 20.2048,
	20.6834 20.2126,
	20.7373 20.2353,
	20.7801 20.2706,
	20.8077 20.315,
	20.8171 20.3643,
	20.8077 20.4136,
	20.7801 20.458,
	20.7373 20.4932,
	20.6834 20.5159,
	"/>
</Transform>

<Transform dim="0"
 xcoef=" 0 1 0 0 0 0"
 ycoef=" 0 0 1 0 0 0">
<Contour name="D51" hidden="false" closed="true" simplified="true" border="0 0 1" fill="0 0 1" mode="11"
 points="9.41235 23.38,
	9.35761 23.3723,
	9.30816 23.3501,
	9.26887 23.3154,
	9.23503 23.2234,
	9.24366 23.1751,
	9.26887 23.1314,
	9.30816 23.0969,
	9.35761 23.0746,
	9.41235 23.0669,
	9.46718 23.0746,
	9.51663 23.0969,
	9.55591 23.1314,
	9.58106 23.1751,
	9.58975 23.2234,
	9.58106 23.2718,
	9.55591 23.3154,
	9.51663 23.3501,
	9.46718 23.3723,
	"/>
</Transform>

<Transform dim="0"
 xcoef=" 0 1 0 0 0 0"
 ycoef=" 0 0 1 0 0 0">
<Contour name="D08" hidden="false" closed="true" simplified="true" border="0 0 1" fill="0 0 1" mode="11"
 points="8.11748 25.3748,
	8.05414 25.367,
	7.99701 25.3443,
	7.95168 25.3091,
	7.91254 25.2154,
	7.92257 25.1662,
	7.95168 25.1217,
	7.99701 25.0864,
	8.05414 25.0638,
	8.11748 25.056,
	8.18081 25.0638,
	8.23793 25.0864,
	8.28327 25.1217,
	8.31238 25.1662,
	8.32241 25.2154,
	8.31238 25.2647,
	8.28327 25.3091,
	8.23793 25.3443,
	8.18081 25.367,
	"/>
</Transform>

<Transform dim="0"
 xcoef=" 0 1 0 0 0 0"
 ycoef=" 0 0 1 0 0 0">
<Contour name="D61" hidden="false" closed="true" simplified="true" border="0 0 1" fill="0 0 1" mode="11"
 points="15.4266 16.5454,
	15.4041 16.5422,
	15.383 16.5342,
	15.3645 16.5215,
	15.3497 16.5053,
	15.3393 16.4862,
	15.3333 16.4545,
	15.336 16.4331,
	15.3439 16.4129,
	15.3566 16.3951,
	15.3734 16.3806,
	15.3933 16.3701,
	15.4152 16.3645,
	15.438 16.3638,
	15.4602 16.3683,
	15.4807 16.3775,
	15.4984 16.3911,
	15.5121 16.4082,
	15.5214 16.4279,
	15.5254 16.4491,
	15.5241 16.4705,
	15.5174 16.4912,
	15.5058 16.5096,
	15.49 16.5252,
	15.4708 16.5366,
	15.4492 16.5435,
	"/>
</Transform>

<Transform dim="0"
 xcoef=" 0 1 0 0 0 0"
 ycoef=" 0 0 1 0 0 0">
<Contour name="D63" hidden="false" closed="true" simplified="true" border="0 0 1" fill="0 0 1" mode="11"
 points="7.09515 17.4383,
	7.08067 17.4358,
	7.06685 17.43,
	7.05418 17.4212,
	7.04312 17.4098,
	7.03408 17.3961,
	7.02737 17.3804,
	7.02186 17.3463,
	7.02325 17.3288,
	7.02737 17.312,
	7.03408 17.2965,
	7.04312 17.2826,
	7.05418 17.2712,
	7.06685 17.2624,
	7.08067 17.2567,
	7.09515 17.2542,
	7.10977 17.2551,
	7.12399 17.2592,
	7.1373 17.2665,
	7.14922 17.2766,
	7.15932 17.2892,
	7.16722 17.304,
	7.17266 17.3203,
	7.17543 17.3374,
	7.17543 17.355,
	7.17266 17.3722,
	7.16722 17.3885,
	7.15932 17.4032,
	7.14922 17.4158,
	7.1373 17.426,
	7.12399 17.4332,
	7.10977 17.4375,
	"/>
</Transform>

<Transform dim="0"
 xcoef=" 0 1 0 0 0 0"
 ycoef=" 0 0 1 0 0 0">
<Contour name="D26" hidden="false" closed="true" simplified="true" border="0 0 1" fill="0 0 1" mode="11"
 points="15.491 29.7533,
	15.4242 29.7455,
	15.3639 29.7229,
	15.316 29.6876,
	15.2747 29.5939,
	15.2853 29.5446,
	15.316 29.5002,
	15.3639 29.4649,
	15.4242 29.4423,
	15.491 29.4345,
	15.5578 29.4423,
	15.6182 29.4649,
	15.6661 29.5002,
	15.6967 29.5446,
	15.7073 29.5939,
	15.6967 29.6432,
	15.6661 29.6876,
	15.6182 29.7229,
	15.5578 29.7455,
	"/>
</Transform>

<Transform dim="0"
 xcoef=" 0 1 0 0 0 0"
 ycoef=" 0 0 1 0 0 0">
<Contour name="D16" hidden="false" closed="true" simplified="true" border="1 0 0" fill="1 0 0" mode="11"
 points="21.4206 25.1789,
	21.3678 25.1711,
	21.3203 25.1484,
	21.2825 25.1132,
	21.2498 25.0195,
	21.2582 24.9703,
	21.2825 24.9258,
	21.3203 24.8906,
	21.3678 24.8679,
	21.4206 24.8601,
	21.4734 24.8679,
	21.521 24.8906,
	21.5587 24.9258,
	21.583 24.9703,
	21.5914 25.0195,
	21.583 25.0688,
	21.5587 25.1132,
	21.521 25.1484,
	21.4734 25.1711,
	"/>
</Transform>

<Transform dim="0"
 xcoef=" 0 1 0 0 0 0"
 ycoef=" 0 0 1 0 0 0">
<Contour name="d13sp05" hidden="false" closed="true" simplified="true" border="1 0 0" fill="1 0 0" mode="11"
 points="21.2225 20.6687,
	21.2126 20.6668,
	21.2102 20.6662,
	21.2077 20.6643,
	21.2052 20.6637,
	21.2027 20.6619,
	21.1928 20.6588,
	21.1879 20.6575,
	21.1854 20.6569,
	21.1842 20.6557,
	21.1817 20.6557,
	21.1717 20.652,
	21.1699 20.6501,
	21.1674 20.6501,
	21.1575 20.6457,
	21.155 20.6451,
	21.1538 20.6438,
	21.1439 20.6407,
	21.134 20.6358,
	21.1291 20.6321,
	21.1191 20.6271,
	21.1092 20.621,
	21.1067 20.6203,
	21.0968 20.6148,
	21.0943 20.6129,
	21.0931 20.6129,
	21.0832 20.6074,
	21.0744 20.6018,
	21.0701 20.5992,
	21.0676 20.598,
	21.0664 20.5967,
	21.0652 20.5967,
	21.0627 20.5943,
	21.0534 20.5875,
	21.0454 20.5782,
	21.0386 20.5689,
	21.0304 20.559,
	21.0267 20.5547,
	21.0249 20.5522,
	21.0249 20.5509,
	21.0212 20.5459,
	21.0187 20.5416,
	21.0168 20.5398,
	21.0162 20.5373,
	21.0144 20.5348,
	21.0125 20.5249,
	21.0125 20.5243,
	21.0125 20.5237,
	21.0162 20.5138,
	21.028 20.4945,
	21.0324 20.4846,
	21.0336 20.4797,
	21.0349 20.4785,
	21.0367 20.4735,
	21.0367 20.4723,
	21.038 20.471,
	21.0386 20.4686,
	21.0386 20.4673,
	21.0404 20.4655,
	21.0411 20.463,
	21.0442 20.458,
	21.046 20.4556,
	21.046 20.4542,
	21.0491 20.4499,
	21.0522 20.4468,
	21.0522 20.4456,
	21.0565 20.4419,
	21.0584 20.4394,
	21.0615 20.4369,
	21.0627 20.4369,
	21.067 20.4332,
	21.0695 20.4314,
	21.0707 20.4314,
	21.072 20.4301,
	21.0732 20.4301,
	21.0744 20.4289,
	21.0844 20.4258,
	21.0863 20.4239,
	21.0888 20.4233,
	21.09 20.4221,
	21.095 20.4208,
	21.0974 20.4202,
	21.0987 20.419,
	21.1086 20.4165,
	21.111 20.4153,
	21.1135 20.4153,
	21.1234 20.4122,
	21.1433 20.4085,
	21.1532 20.4071,
	21.1928 20.4071,
	21.2126 20.4091,
	21.2225 20.4085,
	21.2424 20.4047,
	21.2523 20.4034,
	21.2622 20.4041,
	21.2671 20.4047,
	21.2771 20.4078,
	21.2858 20.414,
	21.2907 20.4184,
	21.2951 20.4215,
	21.3037 20.4301,
	21.3087 20.4351,
	21.3173 20.4425,
	21.3273 20.4481,
	21.3323 20.4505,
	21.3347 20.4511,
	21.3391 20.4542,
	21.3489 20.4587,
	21.3514 20.4587,
	21.3564 20.4605,
	21.3763 20.4636,
	21.4159 20.4636,
	21.4184 20.4642,
	21.4196 20.4642,
	21.4227 20.4673,
	21.4227 20.4686,
	21.4339 20.4871,
	21.4369 20.4914,
	21.4382 20.4958,
	21.4394 20.497,
	21.44 20.507,
	21.4369 20.5169,
	21.4369 20.5181,
	21.4339 20.5224,
	21.432 20.5249,
	21.432 20.5262,
	21.4227 20.5354,
	21.4184 20.5398,
	21.4165 20.5422,
	21.4159 20.5522,
	21.4152 20.5572,
	21.4096 20.5671,
	21.4022 20.5763,
	21.3979 20.5807,
	21.3967 20.5807,
	21.3929 20.585,
	21.3837 20.593,
	21.365 20.6061,
	21.3601 20.6086,
	21.3502 20.6154,
	21.3489 20.6154,
	21.3391 20.6222,
	21.3347 20.6253,
	21.3323 20.6265,
	21.3298 20.629,
	21.3255 20.6321,
	21.3236 20.6339,
	21.3224 20.6339,
	21.3173 20.6383,
	21.308 20.6445,
	21.3031 20.6475,
	21.3006 20.6489,
	21.2994 20.6501,
	21.2969 20.6507,
	21.2944 20.6526,
	21.2747 20.66,
	21.2647 20.6625,
	21.2622 20.6637,
	21.2572 20.6643,
	21.2523 20.6662,
	21.2424 20.668,
	"/>
</Transform>

<Transform dim="0"
 xcoef=" 0 1 0 0 0 0"
 ycoef=" 0 0 1 0 0 0">
<Contour name="d04sp02" hidden="false" closed="true" simplified="true" border="1 0 0" fill="1 0 0" mode="11"
 points="18.8818 26.8895,
	18.8754 26.8863,
	18.8519 26.8661,
	18.8503 26.8661,
	18.8398 26.8556,
	18.8342 26.8516,
	18.8302 26.8459,
	18.8196 26.833,
	18.8116 26.8225,
	18.8075 26.8169,
	18.8059 26.8161,
	18.8059 26.8144,
	18.8027 26.812,
	18.8027 26.8104,
	18.7995 26.808,
	18.7995 26.8064,
	18.7874 26.7951,
	18.7842 26.7927,
	18.7712 26.7887,
	18.7454 26.7846,
	18.7196 26.7838,
	18.7164 26.7854,
	18.7131 26.7854,
	18.7003 26.7903,
	18.697 26.7911,
	18.6906 26.7959,
	18.6858 26.8008,
	18.6826 26.8032,
	18.6736 26.8144,
	18.6688 26.8193,
	18.6623 26.8257,
	18.6591 26.8289,
	18.6332 26.8322,
	18.6204 26.8338,
	18.6139 26.8346,
	18.6107 26.8363,
	18.6099 26.8346,
	18.6099 26.8338,
	18.6139 26.8273,
	18.6155 26.8241,
	18.6171 26.8233,
	18.6179 26.8201,
	18.622 26.8136,
	18.6244 26.8104,
	18.6252 26.8072,
	18.6276 26.804,
	18.6284 26.8008,
	18.6316 26.7975,
	18.6324 26.7943,
	18.635 26.7919,
	18.6374 26.7854,
	18.6382 26.7789,
	18.6398 26.7773,
	18.6422 26.7709,
	18.643 26.7644,
	18.6446 26.7628,
	18.6454 26.7596,
	18.6454 26.758,
	18.6607 26.7329,
	18.6696 26.7201,
	18.6728 26.7176,
	18.6792 26.7064,
	18.6816 26.6935,
	18.6826 26.6676,
	18.6834 26.6547,
	18.68 26.6289,
	18.6792 26.616,
	18.68 26.6031,
	18.6866 26.5975,
	18.6995 26.5893,
	18.7059 26.5845,
	18.7075 26.5845,
	18.7099 26.5821,
	18.7115 26.5813,
	18.7115 26.5781,
	18.714 26.5716,
	18.7156 26.5587,
	18.7156 26.5329,
	18.7164 26.52,
	18.7188 26.5136,
	18.7196 26.5071,
	18.7236 26.4941,
	18.7236 26.4925,
	18.7252 26.4917,
	18.726 26.4853,
	18.7293 26.4796,
	18.7334 26.4539,
	18.7358 26.428,
	18.7366 26.4151,
	18.7406 26.4022,
	18.7406 26.4006,
	18.7422 26.3989,
	18.743 26.3957,
	18.743 26.3941,
	18.7463 26.3909,
	18.7503 26.3845,
	18.7559 26.3788,
	18.7575 26.3764,
	18.7575 26.3748,
	18.7656 26.3627,
	18.768 26.3603,
	18.768 26.3587,
	18.7704 26.3571,
	18.776 26.3441,
	18.7778 26.3433,
	18.7802 26.3369,
	18.7818 26.3344,
	18.7818 26.3312,
	18.7898 26.3183,
	18.7922 26.3151,
	18.7947 26.3095,
	18.7987 26.3045,
	18.7987 26.3029,
	18.8083 26.2909,
	18.8124 26.2852,
	18.8244 26.2748,
	18.8278 26.274,
	18.8286 26.2723,
	18.8302 26.2723,
	18.8334 26.2699,
	18.8366 26.2691,
	18.8398 26.2667,
	18.8431 26.2659,
	18.8463 26.2635,
	18.8592 26.2611,
	18.8656 26.2611,
	18.8688 26.2619,
	18.8754 26.2667,
	18.877 26.2667,
	18.8826 26.2715,
	18.8858 26.274,
	18.889 26.2748,
	18.8915 26.2772,
	18.8947 26.278,
	18.9003 26.282,
	18.9035 26.2844,
	18.9051 26.2844,
	18.9116 26.2884,
	18.9148 26.2909,
	18.918 26.2917,
	18.9246 26.2973,
	18.9278 26.2981,
	18.9334 26.3021,
	18.9366 26.3037,
	18.9375 26.3054,
	18.9407 26.3054,
	18.9536 26.3127,
	18.9592 26.3175,
	18.9608 26.3175,
	18.9656 26.3224,
	18.9672 26.3224,
	18.9794 26.332,
	18.9883 26.3401,
	18.9899 26.3409,
	18.9899 26.3425,
	18.9923 26.3449,
	18.9947 26.3579,
	18.9955 26.3708,
	18.9931 26.3965,
	18.9931 26.403,
	18.9899 26.4159,
	18.9891 26.4224,
	18.9875 26.4256,
	18.9875 26.4272,
	18.9859 26.4288,
	18.9851 26.4353,
	18.9826 26.4417,
	18.9818 26.4449,
	18.9802 26.4465,
	18.9786 26.4531,
	18.9746 26.4595,
	18.964 26.4716,
	18.9568 26.4788,
	18.9519 26.4845,
	18.9463 26.4974,
	18.9447 26.4998,
	18.9447 26.5031,
	18.9423 26.5095,
	18.9407 26.5128,
	18.9407 26.516,
	18.9383 26.5224,
	18.9375 26.574,
	18.9375 26.5869,
	18.9358 26.5999,
	18.9326 26.6128,
	18.9278 26.6257,
	18.927 26.6289,
	18.927 26.6305,
	18.9254 26.6321,
	18.9254 26.6337,
	18.9214 26.6402,
	18.9196 26.6435,
	18.9196 26.6451,
	18.9116 26.658,
	18.9092 26.6612,
	18.9084 26.6741,
	18.9092 26.6805,
	18.9116 26.6869,
	18.914 26.7128,
	18.9132 26.7386,
	18.9124 26.7516,
	18.9108 26.758,
	18.9108 26.7596,
	18.9092 26.7612,
	18.9084 26.7677,
	18.9035 26.7797,
	18.9035 26.7813,
	18.9019 26.7821,
	18.9019 26.7854,
	18.8987 26.7919,
	18.8987 26.7951,
	18.8971 26.7983,
	18.8971 26.8016,
	18.8955 26.8048,
	18.8955 26.8177,
	18.8939 26.8305,
	18.8899 26.8435,
	18.8899 26.8451,
	18.8882 26.8467,
	18.8882 26.85,
	18.8858 26.8564,
	18.8842 26.8693,
	18.885 26.8822,
	18.885 26.8887,
	"/>
</Transform>

<Transform dim="0"
 xcoef=" 0 1 0 0 0 0"
 ycoef=" 0 0 1 0 0 0">
<Contour name="d51sp02" hidden="false" closed="true" simplified="true" border="1 0 0" fill="1 0 0" mode="11"
 points="10.4131 23.6189,
	10.3968 23.6184,
	10.3887 23.6158,
	10.3867 23.6158,
	10.3847 23.6143,
	10.3805 23.6128,
	10.3764 23.6123,
	10.3688 23.6092,
	10.3648 23.6082,
	10.3607 23.6052,
	10.3587 23.6037,
	10.3577 23.6032,
	10.3577 23.6021,
	10.3541 23.5986,
	10.3531 23.5976,
	10.3531 23.5966,
	10.3501 23.593,
	10.348 23.589,
	10.3465 23.5869,
	10.346 23.5788,
	10.346 23.5783,
	10.346 23.5778,
	10.348 23.5736,
	10.3495 23.5716,
	10.3506 23.5675,
	10.3506 23.5655,
	10.3516 23.5635,
	10.3511 23.5554,
	10.348 23.5473,
	10.3465 23.5391,
	10.3465 23.531,
	10.347 23.527,
	10.3511 23.5192,
	10.3521 23.5187,
	10.3526 23.5167,
	10.3582 23.5091,
	10.3602 23.5071,
	10.3627 23.503,
	10.3643 23.502,
	10.3643 23.501,
	10.3678 23.4974,
	10.3683 23.4954,
	10.3714 23.4913,
	10.3714 23.4903,
	10.3744 23.4863,
	10.3749 23.4842,
	10.3774 23.4802,
	10.3795 23.4775,
	10.3795 23.4765,
	10.3847 23.4694,
	10.3857 23.4684,
	10.3862 23.4664,
	10.3923 23.4583,
	10.4039 23.4435,
	10.4105 23.4364,
	10.4186 23.4297,
	10.4207 23.4277,
	10.4242 23.4257,
	10.4278 23.4226,
	10.4288 23.4226,
	10.4318 23.4201,
	10.433 23.4191,
	10.435 23.4186,
	10.4487 23.4069,
	10.4502 23.4054,
	10.4522 23.4049,
	10.4543 23.4034,
	10.4624 23.4018,
	10.4664 23.4018,
	10.4705 23.4034,
	10.4715 23.4034,
	10.4735 23.4049,
	10.4776 23.4059,
	10.4853 23.411,
	10.4873 23.4125,
	10.4884 23.4125,
	10.4919 23.4161,
	10.4944 23.4196,
	10.4949 23.4237,
	10.4934 23.4277,
	10.4934 23.4297,
	10.4924 23.4309,
	10.4909 23.4349,
	10.4899 23.4359,
	10.4894 23.438,
	10.4863 23.442,
	10.4863 23.443,
	10.4818 23.4501,
	10.4796 23.4537,
	10.4791 23.4557,
	10.4781 23.4567,
	10.4781 23.4588,
	10.4771 23.4608,
	10.4761 23.4618,
	10.4756 23.4659,
	10.4746 23.4679,
	10.4746 23.4689,
	10.4735 23.4699,
	10.472 23.474,
	10.472 23.476,
	10.4685 23.4842,
	10.4685 23.4863,
	10.4659 23.4944,
	10.4649 23.4954,
	10.4649 23.4974,
	10.4634 23.5015,
	10.4624 23.5035,
	10.4624 23.5045,
	10.4614 23.5055,
	10.4609 23.5096,
	10.4578 23.5177,
	10.4573 23.5218,
	10.4563 23.5238,
	10.4563 23.5259,
	10.4553 23.528,
	10.4553 23.53,
	10.4543 23.532,
	10.4543 23.5361,
	10.4507 23.5523,
	10.4502 23.5604,
	10.4467 23.5768,
	10.4441 23.5849,
	10.4436 23.589,
	10.4411 23.5971,
	10.4401 23.5981,
	10.4401 23.6001,
	10.4385 23.6021,
	10.438 23.6042,
	10.4313 23.6123,
	10.4293 23.6133,
	10.4283 23.6148,
	10.4242 23.6164,
	10.4222 23.6169,
	10.4212 23.6179,
	"/>
</Transform>

<Transform dim="0"
 xcoef=" 0 1 0 0 0 0"
 ycoef=" 0 0 1 0 0 0">
<Contour name="d51" hidden="false" closed="true" simplified="true" border="0 0 0" fill="0 0 0" mode="11"
 points="9.29749 23.7687,
	9.25736 23.7548,
	9.24732 23.7523,
	9.24231 23.751,
	9.23854 23.7473,
	9.23604 23.7473,
	9.23478 23.7448,
	9.21596 23.7385,
	9.21095 23.7348,
	9.20593 23.7348,
	9.20468 23.7323,
	9.20218 23.7323,
	9.19716 23.7285,
	9.18712 23.7248,
	9.17835 23.7185,
	9.17333 23.7171,
	9.17082 23.7171,
	9.15325 23.7034,
	9.14824 23.6996,
	9.14573 23.6996,
	9.1357 23.6909,
	9.12567 23.6846,
	9.12316 23.6821,
	9.12065 23.6821,
	9.11564 23.6771,
	9.09682 23.6657,
	9.09181 23.6645,
	9.08929 23.662,
	9.08428 23.6607,
	9.07926 23.6557,
	9.07424 23.6545,
	9.06671 23.647,
	9.06421 23.6457,
	9.06045 23.6056,
	9.05919 23.5855,
	9.05543 23.5805,
	9.05166 23.5704,
	9.0454 23.5604,
	9.04163 23.5504,
	9.03913 23.5491,
	9.03285 23.5304,
	9.02909 23.5202,
	9.02658 23.44,
	9.02658 23.4299,
	9.02658 23.4249,
	9.02658 23.4237,
	9.02658 23.4224,
	9.03035 23.4024,
	9.0316 23.3221,
	9.03035 23.2419,
	9.03411 23.2218,
	9.03411 23.2168,
	9.03661 23.2143,
	9.04038 23.1942,
	9.04288 23.1139,
	9.04665 23.1039,
	9.06421 23.085,
	9.07173 23.0763,
	9.07801 23.07,
	9.09181 23.05,
	9.09932 23.0411,
	9.10434 23.0311,
	9.10811 23.0274,
	9.10811 23.0249,
	9.11437 23.0186,
	9.11437 23.0161,
	9.12567 22.9972,
	9.13068 22.9872,
	9.13444 22.9822,
	9.13695 22.9722,
	9.14322 22.9622,
	9.14322 22.9572,
	9.1495 22.9371,
	9.152 22.932,
	9.15577 22.912,
	9.15827 22.907,
	9.16203 22.8869,
	9.16956 22.8669,
	9.17207 22.8569,
	9.17708 22.8467,
	9.17835 22.8417,
	9.17835 22.8392,
	9.19088 22.8192,
	9.19716 22.8092,
	9.20719 22.7991,
	9.21596 22.7928,
	9.22099 22.7916,
	9.22601 22.7878,
	9.23102 22.7866,
	9.23353 22.7841,
	9.23854 22.7828,
	9.24231 22.7791,
	9.24482 22.7791,
	9.24984 22.7753,
	9.25485 22.774,
	9.25736 22.7703,
	9.26237 22.7665,
	9.26489 22.7665,
	9.2699 22.7615,
	9.27994 22.7564,
	9.28997 22.7489,
	9.29247 22.7489,
	9.29749 22.7439,
	9.30627 22.7389,
	9.31003 22.7364,
	9.31505 22.7314,
	9.31881 22.7301,
	9.32885 22.7214,
	9.34515 22.7088,
	9.38278 22.68,
	9.40159 22.6675,
	9.40661 22.6637,
	9.40912 22.6611,
	9.41414 22.6598,
	9.42417 22.6523,
	9.4342 22.6473,
	9.43672 22.6448,
	9.47685 22.6436,
	9.48688 22.6473,
	9.49691 22.6561,
	9.50569 22.6625,
	9.5082 22.665,
	9.51071 22.665,
	9.51447 22.6687,
	9.51949 22.67,
	9.52952 22.6775,
	9.54959 22.6887,
	9.55837 22.6962,
	9.56339 22.7,
	9.56965 22.7088,
	9.57969 22.7176,
	9.5847 22.7201,
	9.58597 22.7226,
	9.59098 22.7239,
	9.60603 22.7364,
	9.63362 22.7703,
	9.63738 22.7753,
	9.63864 22.7803,
	9.64616 22.7903,
	9.65494 22.8104,
	9.65494 22.8154,
	9.66247 22.8355,
	9.66372 22.8455,
	9.66623 22.848,
	9.67376 22.8681,
	9.68881 22.8881,
	9.70511 22.9045,
	9.71515 22.9133,
	9.71765 22.9183,
	9.72769 22.9283,
	9.73772 22.9358,
	9.74148 22.9396,
	9.74274 22.9421,
	9.74775 22.9421,
	9.75277 22.9446,
	9.75778 22.9496,
	9.76783 22.9559,
	9.78538 22.9747,
	9.79918 22.9935,
	9.80419 22.9972,
	9.80545 23.0023,
	9.81799 23.0211,
	9.82176 23.0261,
	9.82176 23.0311,
	9.82928 23.0512,
	9.83304 23.0713,
	9.83429 23.1114,
	9.83304 23.1516,
	9.83054 23.1566,
	9.83054 23.1616,
	9.82049 23.1791,
	9.81548 23.1891,
	9.81298 23.1917,
	9.80921 23.2017,
	9.80796 23.2067,
	9.80419 23.2118,
	9.80419 23.2168,
	9.79541 23.2368,
	9.79541 23.2419,
	9.79291 23.2469,
	9.79291 23.2494,
	9.7904 23.2519,
	9.78789 23.2619,
	9.78663 23.2669,
	9.78663 23.2694,
	9.78413 23.2719,
	9.7766 23.2908,
	9.76657 23.3108,
	9.7628 23.3158,
	9.75905 23.3258,
	9.75528 23.3309,
	9.75152 23.341,
	9.75152 23.346,
	9.74274 23.366,
	9.74148 23.376,
	9.73647 23.3861,
	9.73395 23.3961,
	9.72894 23.4062,
	9.72518 23.4112,
	9.72142 23.4199,
	9.71264 23.4287,
	9.71139 23.4313,
	9.70887 23.4313,
	9.70386 23.4363,
	9.69884 23.4375,
	9.68129 23.4513,
	9.66372 23.4676,
	9.65494 23.4763,
	9.65494 23.4789,
	9.63864 23.4977,
	9.63362 23.5077,
	9.6261 23.5165,
	9.61481 23.5354,
	9.58722 23.5743,
	9.57342 23.5918,
	9.5684 23.5955,
	9.56589 23.6005,
	9.56087 23.6031,
	9.55712 23.6081,
	9.54834 23.6131,
	9.52952 23.6294,
	9.52074 23.6382,
	9.51824 23.6382,
	9.5082 23.647,
	9.50569 23.647,
	9.50569 23.6495,
	9.48688 23.6657,
	9.46681 23.6796,
	9.45678 23.6834,
	9.448 23.6909,
	9.44549 23.6909,
	9.44172 23.6959,
	9.43922 23.6984,
	9.43672 23.6984,
	9.42793 23.7059,
	9.41915 23.7159,
	9.40536 23.7348,
	9.39783 23.7435,
	9.39281 23.7448,
	9.38779 23.7485,
	9.34766 23.7611,
	9.3276 23.7662,
	9.30753 23.7674,
	"/>
</Transform>

<Transform dim="0"
 xcoef=" 0 1 0 0 0 0"
 ycoef=" 0 0 1 0 0 0">
<Contour name="d04" hidden="false" closed="true" simplified="true" border="0 0 0" fill="0 0 0" mode="11"
 points="18.4686 27.9647,
	18.447 27.9633,
	18.436 27.962,
	18.4306 27.962,
	18.4252 27.9593,
	18.3818 27.9606,
	18.371 27.962,
	18.3656 27.9593,
	18.3602 27.9593,
	18.3588 27.9566,
	18.348 27.9525,
	18.3425 27.9498,
	18.3398 27.9471,
	18.3181 27.9389,
	18.3127 27.9362,
	18.3073 27.9362,
	18.2963 27.9308,
	18.253 27.9186,
	18.2313 27.9159,
	18.2096 27.9104,
	18.2042 27.9091,
	18.2014 27.9064,
	18.1906 27.905,
	18.1852 27.901,
	18.1798 27.8996,
	18.1743 27.8942,
	18.1554 27.8819,
	18.1445 27.8738,
	18.135 27.8684,
	18.1323 27.8684,
	18.1296 27.8657,
	18.1242 27.8657,
	18.1133 27.8603,
	18.0699 27.8467,
	18.0645 27.8426,
	18.0428 27.8372,
	18.0374 27.8358,
	18.036 27.8331,
	18.0306 27.8318,
	18.0103 27.8142,
	18.0007 27.806,
	17.9899 27.7952,
	17.9858 27.7897,
	17.9791 27.768,
	17.9791 27.7463,
	17.9791 27.7449,
	17.9831 27.7341,
	17.9845 27.7287,
	17.9885 27.7233,
	18.0021 27.6799,
	18.0061 27.6691,
	18.0061 27.6636,
	18.0103 27.6528,
	18.013 27.65,
	18.0184 27.6283,
	18.0279 27.6067,
	18.0306 27.604,
	18.0319 27.5985,
	18.0319 27.5958,
	18.0346 27.5931,
	18.0374 27.5822,
	18.0387 27.5768,
	18.0414 27.5741,
	18.0482 27.5524,
	18.0482 27.5415,
	18.0509 27.5361,
	18.0509 27.5145,
	18.0536 27.5091,
	18.0536 27.5062,
	18.0632 27.4981,
	18.0659 27.4981,
	18.0753 27.4887,
	18.0835 27.4819,
	18.0889 27.4792,
	18.0889 27.4765,
	18.1066 27.4589,
	18.1188 27.4398,
	18.1201 27.4344,
	18.1242 27.429,
	18.1255 27.4236,
	18.1296 27.4195,
	18.1309 27.4141,
	18.135 27.4086,
	18.1363 27.4032,
	18.1431 27.3924,
	18.1472 27.387,
	18.1485 27.3815,
	18.1635 27.3625,
	18.1716 27.3517,
	18.1743 27.3462,
	18.177 27.3449,
	18.177 27.3422,
	18.1838 27.3314,
	18.1879 27.3259,
	18.1946 27.3042,
	18.2014 27.2934,
	18.2042 27.288,
	18.2069 27.2852,
	18.2069 27.2825,
	18.2137 27.2731,
	18.2178 27.269,
	18.2191 27.2635,
	18.2232 27.2594,
	18.2245 27.254,
	18.2313 27.2432,
	18.2353 27.2378,
	18.2448 27.216,
	18.2517 27.2052,
	18.2544 27.1998,
	18.2571 27.1984,
	18.2571 27.1957,
	18.2598 27.193,
	18.2612 27.1876,
	18.2652 27.1849,
	18.2666 27.1795,
	18.2801 27.1604,
	18.2869 27.151,
	18.2896 27.1469,
	18.295 27.1428,
	18.2963 27.1401,
	18.2992 27.1401,
	18.3019 27.1347,
	18.3113 27.128,
	18.3276 27.1103,
	18.3357 27.1035,
	18.3398 27.0994,
	18.3411 27.094,
	18.3574 27.0764,
	18.3954 27.0452,
	18.4022 27.0371,
	18.4117 27.0276,
	18.4171 27.0221,
	18.4306 27.0045,
	18.4333 27.0045,
	18.4497 26.9828,
	18.4564 26.9733,
	18.4605 26.9679,
	18.4605 26.9652,
	18.4673 26.9557,
	18.4849 26.9394,
	18.4876 26.9394,
	18.4958 26.9313,
	18.5066 26.9245,
	18.508 26.9217,
	18.5107 26.9217,
	18.5283 26.9042,
	18.5323 26.9001,
	18.535 26.8987,
	18.535 26.896,
	18.5703 26.8635,
	18.5717 26.8607,
	18.5771 26.8594,
	18.5839 26.8513,
	18.5867 26.8513,
	18.5907 26.8459,
	18.5934 26.8459,
	18.5988 26.8404,
	18.6016 26.8404,
	18.607 26.8364,
	18.6097 26.8336,
	18.6151 26.8322,
	18.6259 26.8255,
	18.6368 26.8228,
	18.6395 26.8228,
	18.6504 26.816,
	18.6544 26.8106,
	18.6571 26.8106,
	18.6653 26.8038,
	18.6666 26.8011,
	18.6761 26.797,
	18.6815 26.793,
	18.687 26.7916,
	18.6897 26.7889,
	18.7005 26.7861,
	18.7114 26.7807,
	18.7331 26.7766,
	18.7548 26.7807,
	18.7656 26.7821,
	18.7683 26.7848,
	18.7792 26.7876,
	18.7995 26.7997,
	18.8077 26.8065,
	18.8117 26.8106,
	18.8131 26.8119,
	18.8117 26.8173,
	18.8457 26.8513,
	18.8551 26.8594,
	18.8646 26.8648,
	18.8673 26.8662,
	18.8673 26.8689,
	18.87 26.8689,
	18.8796 26.8783,
	18.8796 26.881,
	18.885 26.8866,
	18.8958 26.9069,
	18.9026 26.9285,
	18.9053 26.9719,
	18.9053 27.0153,
	18.9026 27.0262,
	18.8999 27.0317,
	18.8999 27.0344,
	18.8972 27.0371,
	18.8972 27.0425,
	18.8904 27.0641,
	18.8904 27.0751,
	18.8918 27.0805,
	18.8945 27.0832,
	18.8972 27.1049,
	18.8958 27.1157,
	18.8931 27.1184,
	18.8877 27.1401,
	18.885 27.1456,
	18.8864 27.1672,
	18.8877 27.1727,
	18.8877 27.1754,
	18.8904 27.1768,
	18.8904 27.1822,
	18.8945 27.193,
	18.8972 27.1957,
	18.8972 27.2011,
	18.8999 27.2038,
	18.8999 27.2066,
	18.9026 27.2093,
	18.9026 27.2147,
	18.9067 27.2256,
	18.908 27.231,
	18.9121 27.2364,
	18.9148 27.2473,
	18.9202 27.2581,
	18.9202 27.2608,
	18.9257 27.2662,
	18.9271 27.2717,
	18.9311 27.2771,
	18.9325 27.2825,
	18.9352 27.2839,
	18.9352 27.2866,
	18.9379 27.288,
	18.9392 27.2934,
	18.9419 27.2961,
	18.9433 27.3015,
	18.946 27.3028,
	18.9636 27.3449,
	18.9677 27.3503,
	18.9677 27.353,
	18.9718 27.3584,
	18.9759 27.3694,
	18.9786 27.3721,
	18.9786 27.3748,
	18.9854 27.3856,
	18.9908 27.391,
	18.9908 27.3937,
	18.9975 27.4032,
	19.0029 27.4086,
	19.0084 27.4195,
	19.0097 27.4412,
	19.0084 27.4629,
	19.0057 27.4738,
	19.0043 27.5172,
	19.0029 27.528,
	18.9989 27.5375,
	18.9989 27.5402,
	18.9962 27.5429,
	18.9962 27.5483,
	18.9826 27.5917,
	18.9745 27.6135,
	18.9732 27.6189,
	18.9582 27.6392,
	18.9501 27.6487,
	18.9406 27.6555,
	18.9311 27.665,
	18.9257 27.6663,
	18.9107 27.6839,
	18.908 27.6866,
	18.908 27.6894,
	18.8945 27.7098,
	18.8904 27.7152,
	18.8809 27.7368,
	18.8755 27.7477,
	18.8727 27.7491,
	18.8714 27.7545,
	18.8687 27.7559,
	18.8673 27.7613,
	18.8619 27.7667,
	18.8551 27.7762,
	18.8524 27.7816,
	18.8497 27.7843,
	18.8497 27.787,
	18.8416 27.7952,
	18.8335 27.806,
	18.8308 27.8101,
	18.8198 27.8182,
	18.8144 27.8182,
	18.8117 27.8209,
	18.809 27.8209,
	18.8063 27.8236,
	18.8009 27.825,
	18.7982 27.825,
	18.7928 27.829,
	18.7874 27.8304,
	18.7764 27.8372,
	18.7724 27.8412,
	18.7697 27.8412,
	18.7616 27.8508,
	18.7602 27.8535,
	18.7575 27.8535,
	18.7399 27.8725,
	18.7318 27.8819,
	18.7127 27.8956,
	18.7073 27.901,
	18.7046 27.901,
	18.6843 27.9159,
	18.6734 27.9199,
	18.6693 27.924,
	18.6585 27.928,
	18.6531 27.9294,
	18.6504 27.9294,
	18.6477 27.9321,
	18.6259 27.9389,
	18.6232 27.9389,
	18.6205 27.9417,
	18.5771 27.9579,
	18.4904 27.9633,
	"/>
</Transform>

<Transform dim="0"
 xcoef=" 0 1 0 0 0 0"
 ycoef=" 0 0 1 0 0 0">
<Contour name="d04sp04" hidden="false" closed="true" simplified="true" border="1 0 0" fill="1 0 0" mode="11"
 points="17.9408 28.2643,
	17.9378 28.2631,
	17.9347 28.2627,
	17.9286 28.2608,
	17.9224 28.2581,
	17.9194 28.2574,
	17.9167 28.2558,
	17.9152 28.2547,
	17.9144 28.2531,
	17.9139 28.2409,
	17.9128 28.2348,
	17.9124 28.2224,
	17.9124 28.2209,
	17.9124 28.2205,
	17.9124 28.2201,
	17.9139 28.214,
	17.9144 28.2124,
	17.9155 28.2113,
	17.9159 28.2097,
	17.9159 28.209,
	17.9167 28.2082,
	17.9178 28.2021,
	17.9178 28.1898,
	17.9182 28.1837,
	17.9198 28.1775,
	17.9205 28.1744,
	17.9209 28.1729,
	17.9217 28.1721,
	17.9217 28.1713,
	17.9228 28.1698,
	17.9232 28.1683,
	17.9244 28.1671,
	17.9255 28.164,
	17.9293 28.1587,
	17.9313 28.156,
	17.9362 28.1518,
	17.9393 28.1506,
	17.9401 28.1499,
	17.9462 28.1487,
	17.9512 28.1522,
	17.9535 28.1548,
	17.9535 28.1556,
	17.9581 28.1614,
	17.96 28.164,
	17.9628 28.1667,
	17.9658 28.1683,
	17.972 28.1702,
	17.9781 28.1702,
	17.9812 28.1706,
	17.9873 28.1686,
	17.9996 28.1671,
	18.0057 28.1671,
	18.0084 28.1698,
	18.0088 28.1713,
	18.0099 28.1729,
	18.0103 28.1744,
	18.0103 28.1752,
	18.0115 28.1767,
	18.0127 28.189,
	18.0127 28.2013,
	18.0115 28.2044,
	18.0112 28.2059,
	18.0103 28.2063,
	18.0091 28.209,
	18.0068 28.2117,
	18.0038 28.214,
	18.0022 28.2147,
	18.0015 28.2147,
	18.0003 28.2159,
	17.9988 28.2163,
	17.9973 28.2178,
	17.9957 28.2182,
	17.9946 28.2193,
	17.9938 28.2193,
	17.9888 28.2235,
	17.9846 28.2294,
	17.9827 28.2325,
	17.9816 28.234,
	17.9812 28.2355,
	17.9793 28.2386,
	17.9785 28.2393,
	17.9781 28.2409,
	17.977 28.2424,
	17.9766 28.2439,
	17.9727 28.2501,
	17.9681 28.2554,
	17.9658 28.2577,
	17.9651 28.2577,
	17.9592 28.2612,
	17.9562 28.2623,
	17.9546 28.2627,
	17.9539 28.2627,
	17.9531 28.2635,
	17.95 28.2643,
	"/>
</Transform>

<Transform dim="0"
 xcoef=" 0 1 0 0 0 0"
 ycoef=" 0 0 1 0 0 0">
<Contour name="d04sp03" hidden="false" closed="true" simplified="true" border="1 0 0" fill="1 0 0" mode="11"
 points="18.658 28.5612,
	18.647 28.5605,
	18.6414 28.5591,
	18.6387 28.5584,
	18.6359 28.5563,
	18.6338 28.5508,
	18.6338 28.548,
	18.6323 28.5473,
	18.6289 28.537,
	18.6289 28.5342,
	18.6275 28.5314,
	18.6268 28.5203,
	18.6268 28.5183,
	18.6268 28.5176,
	18.6302 28.5064,
	18.6316 28.5036,
	18.6316 28.5023,
	18.6359 28.4981,
	18.6387 28.496,
	18.6497 28.4926,
	18.6525 28.4905,
	18.6746 28.4843,
	18.6858 28.4836,
	18.6913 28.4856,
	18.6941 28.4863,
	18.6969 28.4884,
	18.699 28.4939,
	18.6996 28.505,
	18.6934 28.5266,
	18.692 28.5321,
	18.6907 28.5335,
	18.6907 28.5349,
	18.6893 28.5363,
	18.6879 28.5363,
	18.6851 28.5383,
	18.6795 28.5404,
	18.6781 28.5411,
	18.6774 28.5439,
	18.6684 28.5543,
	18.6636 28.5591,
	"/>
</Transform>

<Transform dim="0"
 xcoef=" 0 1 0 0 0 0"
 ycoef=" 0 0 1 0 0 0">
<Contour name="d04sp03" hidden="false" closed="true" simplified="true" border="1 0 0" fill="1 0 0" mode="11"
 points="19.5712 28.5831,
	19.543 28.5823,
	19.5289 28.5796,
	19.5219 28.577,
	19.4937 28.5717,
	19.4867 28.5717,
	19.4727 28.5691,
	19.4656 28.5682,
	19.4621 28.5682,
	19.4586 28.5665,
	19.4569 28.5647,
	19.4533 28.5647,
	19.4392 28.5567,
	19.4357 28.5567,
	19.4287 28.5541,
	19.4252 28.5532,
	19.4234 28.5532,
	19.4216 28.5514,
	19.4199 28.5514,
	19.4181 28.5497,
	19.4041 28.5435,
	19.4023 28.5418,
	19.4005 28.5418,
	19.397 28.5383,
	19.3935 28.5374,
	19.3908 28.5348,
	19.3873 28.5339,
	19.3812 28.5277,
	19.375 28.5242,
	19.3654 28.5136,
	19.354 28.4995,
	19.3521 28.4978,
	19.3521 28.496,
	19.3477 28.4899,
	19.3451 28.4864,
	19.3451 28.4846,
	19.3398 28.4785,
	19.3398 28.4767,
	19.3354 28.4714,
	19.331 28.4643,
	19.3284 28.4608,
	19.3284 28.4591,
	19.3258 28.4564,
	19.3258 28.4547,
	19.3214 28.4485,
	19.3179 28.445,
	19.3161 28.4415,
	19.3144 28.4406,
	19.3135 28.4371,
	19.2949 28.4116,
	19.2906 28.4045,
	19.2888 28.4028,
	19.2862 28.3958,
	19.2835 28.3922,
	19.2835 28.3887,
	19.2809 28.3861,
	19.2783 28.38,
	19.2765 28.3782,
	19.2739 28.3712,
	19.2721 28.3693,
	19.266 28.3553,
	19.2625 28.3491,
	19.2607 28.3483,
	19.2607 28.3447,
	19.2562 28.3386,
	19.2536 28.3351,
	19.2527 28.3316,
	19.2492 28.3289,
	19.2474 28.3263,
	19.2457 28.3254,
	19.2448 28.3218,
	19.2334 28.3113,
	19.229 28.306,
	19.2035 28.2893,
	19.1973 28.285,
	19.1947 28.2823,
	19.1929 28.2823,
	19.1859 28.2771,
	19.1833 28.2744,
	19.1815 28.2744,
	19.1762 28.2699,
	19.1692 28.2629,
	19.1577 28.2524,
	19.1524 28.2462,
	19.1489 28.2401,
	19.1437 28.2348,
	19.1401 28.2278,
	19.1393 28.2242,
	19.1366 28.2207,
	19.1358 28.2172,
	19.1349 28.2163,
	19.148 28.2084,
	19.1762 28.2093,
	19.1903 28.2128,
	19.192 28.2128,
	19.1956 28.2154,
	19.1991 28.2154,
	19.2132 28.2207,
	19.2273 28.2233,
	19.2343 28.226,
	19.2413 28.2269,
	19.2483 28.2296,
	19.2765 28.2339,
	19.2835 28.2366,
	19.287 28.2383,
	19.2906 28.2383,
	19.2976 28.2427,
	19.2993 28.2427,
	19.3056 28.2471,
	19.3082 28.2497,
	19.3117 28.2506,
	19.3144 28.2541,
	19.3179 28.255,
	19.3249 28.2594,
	19.3266 28.2594,
	19.3275 28.2612,
	19.3345 28.2629,
	19.3381 28.2655,
	19.3416 28.2664,
	19.3433 28.2682,
	19.3715 28.2771,
	19.3847 28.2814,
	19.3917 28.2841,
	19.4058 28.2841,
	19.4199 28.2858,
	19.4339 28.2858,
	19.448 28.2841,
	19.4516 28.2841,
	19.4533 28.2823,
	19.4674 28.2797,
	19.4814 28.2797,
	19.4849 28.2814,
	19.4867 28.2814,
	19.4876 28.2832,
	19.4946 28.2841,
	19.4982 28.285,
	19.5017 28.2876,
	19.5298 28.292,
	19.558 28.2911,
	19.5721 28.2885,
	19.6108 28.2885,
	19.6248 28.2937,
	19.6318 28.2964,
	19.6336 28.299,
	19.6407 28.3043,
	19.6442 28.3069,
	19.6504 28.3095,
	19.6513 28.3113,
	19.6548 28.3122,
	19.6679 28.3218,
	19.675 28.3237,
	19.6767 28.3254,
	19.6837 28.3263,
	19.6909 28.3298,
	19.6944 28.3307,
	19.6961 28.3307,
	19.6979 28.3325,
	19.7119 28.336,
	19.7154 28.3377,
	19.7189 28.3377,
	19.726 28.3404,
	19.733 28.3412,
	19.7471 28.3456,
	19.7612 28.3456,
	19.7682 28.3447,
	19.7752 28.3404,
	19.7822 28.3395,
	19.7894 28.3404,
	19.8034 28.3465,
	19.8104 28.35,
	19.8131 28.3526,
	19.8166 28.3526,
	19.8183 28.3544,
	19.8201 28.3544,
	19.8236 28.357,
	19.8254 28.357,
	19.8324 28.3614,
	19.836 28.3641,
	19.8395 28.3649,
	19.8457 28.3693,
	19.8483 28.3712,
	19.8536 28.3773,
	19.8562 28.3808,
	19.8606 28.3949,
	19.8597 28.4019,
	19.8588 28.4054,
	19.8536 28.4116,
	19.8465 28.4187,
	19.8404 28.4239,
	19.8378 28.4275,
	19.8342 28.4283,
	19.828 28.4336,
	19.8245 28.4354,
	19.8219 28.4389,
	19.8201 28.4389,
	19.8175 28.4424,
	19.8157 28.4424,
	19.8113 28.4476,
	19.8078 28.4512,
	19.8078 28.4529,
	19.8025 28.4582,
	19.7973 28.4652,
	19.7867 28.4758,
	19.7735 28.4864,
	19.77 28.489,
	19.7682 28.4908,
	19.7647 28.4916,
	19.7577 28.496,
	19.7542 28.496,
	19.7471 28.4995,
	19.733 28.5039,
	19.726 28.5066,
	19.7225 28.5074,
	19.7207 28.5074,
	19.7137 28.5118,
	19.711 28.5146,
	19.7093 28.5146,
	19.7031 28.5189,
	19.7005 28.5216,
	19.697 28.5225,
	19.6909 28.5268,
	19.6881 28.5286,
	19.6872 28.5304,
	19.6837 28.5312,
	19.6688 28.5409,
	19.6653 28.5418,
	19.6521 28.5506,
	19.6451 28.5549,
	19.6434 28.5567,
	19.6416 28.5567,
	19.6275 28.5665,
	19.6134 28.5744,
	19.6099 28.5761,
	19.6064 28.5761,
	19.5994 28.5787,
	"/>
</Transform>

<Transform dim="0"
 xcoef=" 0 1 0 0 0 0"
 ycoef=" 0 0 1 0 0 0">
<Contour name="d04sp03" hidden="false" closed="true" simplified="true" border="1 0 0" fill="1 0 0" mode="11"
 points="18.8629 28.1927,
	18.8549 28.1897,
	18.8438 28.1766,
	18.8408 28.1725,
	18.8398 28.1564,
	18.8388 28.1484,
	18.8358 28.1404,
	18.8308 28.1323,
	18.8176 28.1161,
	18.8146 28.1121,
	18.8136 28.1081,
	18.8116 28.1071,
	18.8096 28.099,
	18.8096 28.092,
	18.8096 28.091,
	18.8206 28.0587,
	18.8236 28.0507,
	18.8268 28.0467,
	18.8278 28.0426,
	18.8388 28.0295,
	18.8469 28.0234,
	18.8549 28.0214,
	18.871 28.0214,
	18.8751 28.0234,
	18.8771 28.0234,
	18.8781 28.0255,
	18.8862 28.0285,
	18.8902 28.0315,
	18.8942 28.0325,
	18.9083 28.0436,
	18.9123 28.0467,
	18.9153 28.0628,
	18.9163 28.0708,
	18.9133 28.1031,
	18.9123 28.1353,
	18.9113 28.1394,
	18.9103 28.1414,
	18.9123 28.1494,
	18.9123 28.1655,
	18.9103 28.1735,
	18.9053 28.1817,
	18.8892 28.1907,
	18.8852 28.1907,
	18.8832 28.1927,
	"/>
</Transform>

<Transform dim="0"
 xcoef=" 0 1 0 0 0 0"
 ycoef=" 0 0 1 0 0 0">
<Contour name="d51sp03" hidden="false" closed="true" simplified="true" border="1 0 0" fill="1 0 0" mode="11"
 points="9.67632 24.7657,
	9.66483 24.7552,
	9.66195 24.7513,
	9.65909 24.7494,
	9.64759 24.7341,
	9.63515 24.7207,
	9.63228 24.7188,
	9.57101 24.7159,
	9.55569 24.713,
	9.54037 24.7083,
	9.53367 24.7054,
	9.52984 24.7035,
	9.52793 24.7006,
	9.52027 24.6939,
	9.51739 24.692,
	9.5126 24.6853,
	9.50878 24.6815,
	9.50495 24.6738,
	9.50207 24.6699,
	9.49538 24.6546,
	9.49059 24.647,
	9.48771 24.6441,
	9.48676 24.6403,
	9.48293 24.6365,
	9.48102 24.6336,
	9.48102 24.6317,
	9.47527 24.6249,
	9.46665 24.6116,
	9.46091 24.6039,
	9.44846 24.5915,
	9.44176 24.5867,
	9.4408 24.5848,
	9.43889 24.5848,
	9.43122 24.5799,
	9.41591 24.5732,
	9.41208 24.5713,
	9.40826 24.5713,
	9.40729 24.5694,
	9.39293 24.5637,
	9.38623 24.5599,
	9.3824 24.5599,
	9.38049 24.558,
	9.37666 24.557,
	9.36899 24.5522,
	9.36134 24.5455,
	9.34985 24.5311,
	9.34027 24.5187,
	9.33357 24.512,
	9.32688 24.5101,
	9.32017 24.5053,
	9.31634 24.5034,
	9.31443 24.5034,
	9.30773 24.4986,
	9.3039 24.4967,
	9.30198 24.4967,
	9.28666 24.4881,
	9.27901 24.4842,
	9.26368 24.4794,
	9.25603 24.4794,
	9.2522 24.4775,
	9.24836 24.4775,
	9.23305 24.4708,
	9.22922 24.4699,
	9.22539 24.467,
	9.22347 24.467,
	9.22252 24.4651,
	9.21486 24.4622,
	9.20911 24.4574,
	9.2072 24.4574,
	9.19284 24.4488,
	9.18901 24.4469,
	9.18709 24.4469,
	9.18327 24.4441,
	9.16891 24.4393,
	9.16124 24.4363,
	9.15358 24.4354,
	9.13826 24.4306,
	9.12295 24.4277,
	9.11529 24.4249,
	9.10763 24.4201,
	9.10571 24.4172,
	9.09901 24.4105,
	9.09615 24.4086,
	9.08848 24.4019,
	9.07412 24.3933,
	9.06838 24.3905,
	9.06072 24.3895,
	9.05402 24.3856,
	9.0521 24.3856,
	9.05114 24.3837,
	9.04731 24.3837,
	9.03966 24.3789,
	9.03583 24.3713,
	9.03295 24.356,
	9.03295 24.3483,
	9.03295 24.3474,
	9.03295 24.3464,
	9.03583 24.3387,
	9.03678 24.3348,
	9.03869 24.3329,
	9.03966 24.3291,
	9.0454 24.3215,
	9.04636 24.3177,
	9.05019 24.3148,
	9.0521 24.311,
	9.06551 24.3005,
	9.07317 24.2957,
	9.08848 24.2889,
	9.1038 24.2841,
	9.10571 24.2822,
	9.10954 24.2812,
	9.11146 24.2812,
	9.11433 24.2784,
	9.11816 24.2774,
	9.12199 24.2746,
	9.13731 24.2679,
	9.14497 24.2641,
	9.14879 24.2612,
	9.15263 24.2602,
	9.15933 24.2545,
	9.16603 24.2469,
	9.16794 24.2429,
	9.17177 24.2391,
	9.18135 24.2238,
	9.18613 24.2162,
	9.18709 24.2124,
	9.19188 24.2047,
	9.19475 24.197,
	9.19763 24.1932,
	9.19954 24.1855,
	9.20816 24.1702,
	9.21199 24.1674,
	9.22252 24.153,
	9.22826 24.1472,
	9.25794 24.129,
	9.2656 24.1252,
	9.26943 24.1224,
	9.27709 24.1195,
	9.28379 24.1147,
	9.28762 24.1138,
	9.29528 24.108,
	9.29911 24.1071,
	9.31347 24.0965,
	9.32017 24.0917,
	9.32305 24.0879,
	9.32688 24.0869,
	9.33357 24.0821,
	9.36421 24.0726,
	9.37953 24.0668,
	9.38719 24.063,
	9.39102 24.0621,
	9.39293 24.0602,
	9.40059 24.0573,
	9.40442 24.0554,
	9.40633 24.0554,
	9.40826 24.0534,
	9.42357 24.0534,
	9.43122 24.0544,
	9.43315 24.0544,
	9.43506 24.0563,
	9.43506 24.064,
	9.42644 24.0783,
	9.42357 24.0821,
	9.4207 24.0898,
	9.41878 24.0936,
	9.41974 24.109,
	9.4207 24.1128,
	9.42262 24.1147,
	9.42262 24.1185,
	9.42453 24.1195,
	9.42453 24.1214,
	9.43506 24.1367,
	9.44176 24.1443,
	9.44559 24.1472,
	9.44942 24.1481,
	9.45037 24.1502,
	9.4542 24.1502,
	9.46952 24.1549,
	9.47335 24.1559,
	9.47527 24.1559,
	9.47718 24.1578,
	9.48102 24.1588,
	9.48293 24.1588,
	9.48484 24.1607,
	9.4925 24.1616,
	9.50016 24.1645,
	9.50207 24.1645,
	9.50495 24.1674,
	9.50878 24.1674,
	9.52122 24.1807,
	9.53367 24.1922,
	9.54132 24.197,
	9.5442 24.199,
	9.54516 24.2009,
	9.54899 24.2018,
	9.55186 24.2057,
	9.56526 24.2152,
	9.57197 24.22,
	9.57579 24.221,
	9.57962 24.2238,
	9.58154 24.2238,
	9.58537 24.2267,
	9.59303 24.2296,
	9.60069 24.2343,
	9.61505 24.2391,
	9.6227 24.241,
	9.63803 24.2478,
	9.64185 24.2488,
	9.64377 24.2507,
	9.64568 24.2507,
	9.64759 24.2526,
	9.66292 24.2564,
	9.66387 24.2583,
	9.67153 24.2612,
	9.67632 24.2679,
	9.67919 24.2755,
	9.6811 24.2793,
	9.6811 24.2812,
	9.68972 24.2966,
	9.69929 24.31,
	9.70504 24.3177,
	9.70504 24.3196,
	9.70791 24.3234,
	9.71079 24.331,
	9.71079 24.3387,
	9.7127 24.3426,
	9.7127 24.3445,
	9.71461 24.3464,
	9.71653 24.3541,
	9.71749 24.3579,
	9.72323 24.3646,
	9.72418 24.3684,
	9.72611 24.3703,
	9.7328 24.3837,
	9.73377 24.3875,
	9.74238 24.4019,
	9.74525 24.4096,
	9.74621 24.4249,
	9.74716 24.4325,
	9.7443 24.4632,
	9.74525 24.4785,
	9.74716 24.4862,
	9.751 24.4938,
	9.751 24.4977,
	9.75674 24.513,
	9.75961 24.5282,
	9.7644 24.5436,
	9.76631 24.5513,
	9.76536 24.5819,
	9.76248 24.5972,
	9.75387 24.6278,
	9.74716 24.6585,
	9.7443 24.6738,
	9.7443 24.6777,
	9.74142 24.6853,
	9.74047 24.693,
	9.73759 24.6997,
	9.73472 24.7149,
	9.72994 24.7303,
	9.72802 24.738,
	9.72611 24.7399,
	9.72418 24.7475,
	9.7194 24.7542,
	9.71653 24.758,
	9.7127 24.759,
	9.71079 24.7609,
	9.70887 24.7609,
	9.70696 24.7628,
	"/>
</Transform>

<Transform dim="0"
 xcoef=" 0 1 0 0 0 0"
 ycoef=" 0 0 1 0 0 0">
<Contour name="d04p02" hidden="false" closed="true" simplified="true" border="1 0 0" fill="1 0 0" mode="11"
 points="18.7467 26.9241,
	18.7302 26.8939,
	18.7631 26.8939,
	"/>
</Transform>

<Transform dim="0"
 xcoef=" 0 1 0 0 0 0"
 ycoef=" 0 0 1 0 0 0">
<Contour name="d13" hidden="false" closed="true" simplified="true" border="0 0 0" fill="0 0 0" mode="11"
 points="20.4629 20.904,
	20.4575 20.9013,
	20.4546 20.8986,
	20.4492 20.8972,
	20.4382 20.8904,
	20.4368 20.8875,
	20.4314 20.8862,
	20.4204 20.8793,
	20.415 20.8752,
	20.4095 20.8738,
	20.4039 20.8684,
	20.3944 20.8615,
	20.3875 20.852,
	20.3821 20.83,
	20.3807 20.8245,
	20.3766 20.8204,
	20.3492 20.8204,
	20.3382 20.815,
	20.3327 20.8136,
	20.3273 20.8095,
	20.3218 20.8081,
	20.3163 20.8027,
	20.3108 20.8013,
	20.2998 20.7931,
	20.2957 20.7903,
	20.2916 20.7848,
	20.2889 20.7848,
	20.2739 20.7656,
	20.2698 20.7602,
	20.267 20.7492,
	20.2643 20.7465,
	20.2643 20.7409,
	20.2587 20.73,
	20.256 20.7191,
	20.2519 20.715,
	20.2505 20.7095,
	20.2464 20.704,
	20.2464 20.7013,
	20.2396 20.6903,
	20.2369 20.6875,
	20.2369 20.6848,
	20.2341 20.6821,
	20.23 20.6711,
	20.2287 20.6492,
	20.2355 20.6054,
	20.241 20.5834,
	20.2423 20.5725,
	20.2464 20.5616,
	20.2464 20.5561,
	20.2505 20.545,
	20.2519 20.5341,
	20.256 20.5232,
	20.2587 20.5012,
	20.2587 20.4575,
	20.2587 20.4464,
	20.2505 20.4026,
	20.2382 20.3587,
	20.2355 20.356,
	20.2341 20.3451,
	20.2259 20.3232,
	20.2259 20.3177,
	20.2232 20.315,
	20.2218 20.3039,
	20.2191 20.3012,
	20.2191 20.2985,
	20.2162 20.2957,
	20.2162 20.2903,
	20.2108 20.2793,
	20.2108 20.2739,
	20.208 20.2684,
	20.208 20.2657,
	20.2053 20.2628,
	20.2053 20.2574,
	20.2012 20.2505,
	20.1875 20.2067,
	20.1862 20.1848,
	20.1862 20.1739,
	20.1862 20.1684,
	20.1862 20.1669,
	20.1862 20.1656,
	20.1916 20.1218,
	20.1944 20.078,
	20.1998 20.056,
	20.1998 20.0533,
	20.2026 20.0519,
	20.2026 20.0492,
	20.2053 20.0464,
	20.2053 20.041,
	20.2121 20.03,
	20.2149 20.0287,
	20.2162 20.0231,
	20.2204 20.0176,
	20.2232 20.0163,
	20.2245 20.0108,
	20.2287 20.0067,
	20.2287 20.0039,
	20.2314 20.0026,
	20.2314 19.9998,
	20.2341 19.9985,
	20.2341 19.9957,
	20.2437 19.9862,
	20.2492 19.9807,
	20.2711 19.9765,
	20.2821 19.9751,
	20.293 19.971,
	20.2985 19.9683,
	20.3039 19.9683,
	20.3259 19.9587,
	20.3314 19.9574,
	20.3423 19.9505,
	20.3533 19.9464,
	20.3587 19.9451,
	20.3793 19.9314,
	20.4012 19.9149,
	20.408 19.9067,
	20.4191 19.8998,
	20.4204 19.8971,
	20.4232 19.8971,
	20.4286 19.8916,
	20.4382 19.8862,
	20.4437 19.8821,
	20.4464 19.8792,
	20.4492 19.8792,
	20.4533 19.8751,
	20.4588 19.8738,
	20.4807 19.8601,
	20.4903 19.8546,
	20.5012 19.8464,
	20.5026 19.8437,
	20.5054 19.8437,
	20.5109 19.8382,
	20.5136 19.8382,
	20.5327 19.8204,
	20.5396 19.8149,
	20.5423 19.8149,
	20.5519 19.8067,
	20.5575 19.8026,
	20.5616 19.8012,
	20.567 19.7971,
	20.5725 19.7958,
	20.5766 19.7916,
	20.5985 19.782,
	20.6095 19.7792,
	20.6314 19.7806,
	20.6368 19.7848,
	20.6478 19.7875,
	20.6574 19.7765,
	20.6616 19.7724,
	20.6616 19.7697,
	20.6684 19.7601,
	20.6725 19.7492,
	20.6793 19.7382,
	20.6986 19.7245,
	20.7081 19.7176,
	20.7122 19.7135,
	20.715 19.7135,
	20.7341 19.6999,
	20.7561 19.6958,
	20.7999 19.6944,
	20.8438 19.6971,
	20.8656 19.7012,
	20.8875 19.7149,
	20.8904 19.719,
	20.8931 19.719,
	20.904 19.7258,
	20.9095 19.7299,
	20.915 19.7313,
	20.9259 19.7382,
	20.9314 19.7423,
	20.9369 19.7437,
	20.9424 19.7478,
	20.9479 19.7492,
	20.9684 19.7628,
	20.9793 19.7697,
	20.9807 19.7724,
	20.9863 19.7724,
	20.9931 19.7792,
	20.9986 19.7806,
	21.0369 19.8108,
	21.0533 19.8272,
	21.0561 19.8328,
	21.0588 19.8355,
	21.0588 19.8382,
	21.0629 19.8437,
	21.0629 19.8492,
	21.067 19.8601,
	21.0684 19.904,
	21.0629 19.9258,
	21.0615 19.9369,
	21.0574 19.9478,
	21.0424 19.9683,
	21.0342 19.9765,
	21.03 19.9821,
	21.0273 19.9848,
	21.0273 19.9875,
	21.0204 19.9971,
	21.0177 20.008,
	21.015 20.0135,
	21.015 20.019,
	21.0068 20.041,
	21.0054 20.0464,
	21.0027 20.0492,
	21.0027 20.0546,
	20.9986 20.0656,
	20.9972 20.071,
	20.9972 20.0739,
	20.9931 20.0793,
	20.9904 20.0903,
	20.989 20.0944,
	20.9863 20.0957,
	20.9793 20.1176,
	20.9752 20.1232,
	20.9711 20.1341,
	20.967 20.1396,
	20.967 20.1423,
	20.9286 20.1793,
	20.9259 20.1821,
	20.9259 20.1848,
	20.9218 20.1889,
	20.9204 20.1944,
	20.9177 20.1971,
	20.9177 20.1998,
	20.9136 20.2053,
	20.9054 20.2273,
	20.9013 20.2382,
	20.8958 20.2451,
	20.8931 20.2546,
	20.8904 20.2601,
	20.889 20.3039,
	20.8848 20.3094,
	20.8848 20.3121,
	20.8793 20.3163,
	20.878 20.3218,
	20.8752 20.3232,
	20.8752 20.3259,
	20.8725 20.3286,
	20.8725 20.3314,
	20.8656 20.3423,
	20.8629 20.3478,
	20.8602 20.3505,
	20.8588 20.356,
	20.8465 20.3766,
	20.8382 20.3862,
	20.8355 20.3916,
	20.8273 20.3985,
	20.8245 20.4012,
	20.8245 20.4039,
	20.8191 20.408,
	20.8122 20.4163,
	20.8027 20.4273,
	20.7958 20.4368,
	20.7958 20.4423,
	20.7916 20.4533,
	20.7889 20.4752,
	20.7875 20.4862,
	20.7807 20.5081,
	20.778 20.5136,
	20.778 20.5163,
	20.7656 20.5368,
	20.7656 20.5396,
	20.7588 20.5505,
	20.7561 20.5561,
	20.7533 20.5588,
	20.7492 20.5698,
	20.7479 20.5752,
	20.7437 20.5793,
	20.7396 20.5903,
	20.7355 20.5957,
	20.7355 20.5985,
	20.7327 20.6013,
	20.7327 20.604,
	20.73 20.6068,
	20.7259 20.6177,
	20.6972 20.6602,
	20.6875 20.667,
	20.667 20.6848,
	20.6629 20.6903,
	20.6533 20.6972,
	20.6533 20.6999,
	20.6478 20.7027,
	20.6327 20.7204,
	20.6259 20.7314,
	20.6232 20.7355,
	20.6136 20.7465,
	20.6081 20.7574,
	20.6054 20.7602,
	20.604 20.7656,
	20.5998 20.7711,
	20.5903 20.7917,
	20.5821 20.8027,
	20.5821 20.8054,
	20.5739 20.815,
	20.5684 20.8245,
	20.5368 20.8643,
	20.5204 20.8848,
	20.5012 20.8986,
	20.4903 20.904,
	"/>
</Transform>

<Transform dim="0"
 xcoef=" 0 1 0 0 0 0"
 ycoef=" 0 0 1 0 0 0">
<Contour name="d04c05" hidden="false" closed="true" simplified="true" border="0 0 1" fill="0 0 1" mode="11"
 points="17.5694 26.5065,
	17.5684 26.5055,
	17.5642 26.505,
	17.5622 26.5034,
	17.558 26.5024,
	17.557 26.5014,
	17.556 26.5014,
	17.5549 26.5003,
	17.5539 26.5003,
	17.5498 26.4977,
	17.5477 26.4961,
	17.5467 26.4961,
	17.5451 26.494,
	17.543 26.4935,
	17.5363 26.4879,
	17.5327 26.4848,
	17.5322 26.4827,
	17.5307 26.4806,
	17.5285 26.4724,
	17.5269 26.4392,
	17.5269 26.431,
	17.5269 26.4268,
	17.5269 26.4263,
	17.528 26.4222,
	17.528 26.418,
	17.53 26.4098,
	17.5312 26.4057,
	17.5322 26.4035,
	17.5322 26.4014,
	17.5332 26.4009,
	17.5358 26.3926,
	17.5369 26.3906,
	17.5369 26.3885,
	17.5384 26.3864,
	17.5394 26.3823,
	17.5405 26.3803,
	17.5405 26.3792,
	17.5415 26.3782,
	17.5425 26.3746,
	17.5446 26.3704,
	17.5446 26.3694,
	17.5456 26.3684,
	17.5472 26.3642,
	17.5482 26.3622,
	17.5482 26.3611,
	17.5492 26.3606,
	17.5508 26.3565,
	17.5523 26.3543,
	17.5523 26.3533,
	17.5554 26.3492,
	17.557 26.345,
	17.5632 26.3373,
	17.5658 26.3342,
	17.5689 26.3301,
	17.572 26.327,
	17.5735 26.3249,
	17.5771 26.3223,
	17.5793 26.3203,
	17.5803 26.3203,
	17.5839 26.3177,
	17.586 26.3161,
	17.5901 26.3146,
	17.5984 26.3141,
	17.6067 26.3172,
	17.6108 26.3187,
	17.6185 26.3244,
	17.6206 26.3265,
	17.6211 26.3285,
	17.6222 26.3295,
	17.6222 26.3306,
	17.6232 26.3316,
	17.6237 26.3357,
	17.6268 26.344,
	17.6274 26.3481,
	17.629 26.3523,
	17.6315 26.3689,
	17.6321 26.4019,
	17.6315 26.4103,
	17.63 26.4186,
	17.6268 26.4268,
	17.6252 26.431,
	17.6237 26.433,
	17.6206 26.4408,
	17.6185 26.4428,
	17.616 26.4511,
	17.6144 26.4553,
	17.6139 26.4595,
	17.6082 26.476,
	17.6072 26.4801,
	17.6067 26.4822,
	17.6056 26.4832,
	17.6046 26.4873,
	17.6025 26.4915,
	17.601 26.4935,
	17.5994 26.4966,
	17.5958 26.5003,
	17.5922 26.5029,
	17.5756 26.5065,
	"/>
</Transform>

<Transform dim="0"
 xcoef=" 0 1 0 0 0 0"
 ycoef=" 0 0 1 0 0 0">
<Contour name="d04sp05" hidden="false" closed="true" simplified="true" border="1 0 0" fill="1 0 0" mode="11"
 points="17.9543 26.6206,
	17.93 26.6123,
	17.9179 26.6092,
	17.9117 26.607,
	17.9057 26.607,
	17.8996 26.6055,
	17.8874 26.6055,
	17.8814 26.6039,
	17.8144 26.6039,
	17.8023 26.6009,
	17.7962 26.6001,
	17.7841 26.5964,
	17.7597 26.5917,
	17.7537 26.594,
	17.7521 26.5955,
	17.7279 26.6001,
	17.7035 26.6009,
	17.6914 26.6017,
	17.6792 26.6009,
	17.6731 26.6009,
	17.6617 26.5971,
	17.6556 26.5964,
	17.6495 26.594,
	17.6465 26.5932,
	17.6435 26.5909,
	17.6404 26.5909,
	17.6389 26.5894,
	17.6329 26.5872,
	17.6298 26.5864,
	17.6291 26.5849,
	17.6229 26.5834,
	17.6108 26.5758,
	17.6085 26.5743,
	17.5979 26.5644,
	17.5918 26.5591,
	17.5865 26.5553,
	17.5842 26.5538,
	17.5743 26.5438,
	17.5697 26.5385,
	17.5682 26.537,
	17.5682 26.5355,
	17.5667 26.534,
	17.5629 26.5218,
	17.5606 26.5097,
	17.5606 26.4853,
	17.5606 26.4732,
	17.5606 26.4724,
	17.5606 26.4717,
	17.5636 26.4473,
	17.5667 26.4352,
	17.5682 26.4291,
	17.5697 26.4261,
	17.5705 26.42,
	17.5727 26.4139,
	17.5735 26.4109,
	17.5735 26.4094,
	17.575 26.4078,
	17.575 26.4063,
	17.5765 26.4048,
	17.5773 26.3986,
	17.5812 26.3865,
	17.5835 26.3804,
	17.5835 26.3774,
	17.5872 26.3653,
	17.5895 26.3592,
	17.5903 26.353,
	17.5933 26.347,
	17.5933 26.3439,
	17.5963 26.3379,
	17.5963 26.3364,
	17.6017 26.3303,
	17.6032 26.3288,
	17.6092 26.3265,
	17.6123 26.3257,
	17.6153 26.3235,
	17.6214 26.3219,
	17.6275 26.3181,
	17.6306 26.3159,
	17.6336 26.3151,
	17.6366 26.3128,
	17.6427 26.3128,
	17.6458 26.3113,
	17.6655 26.3113,
	17.667 26.3128,
	17.6685 26.3128,
	17.6731 26.3181,
	17.6785 26.3303,
	17.6883 26.3409,
	17.6944 26.3455,
	17.6959 26.3455,
	17.708 26.353,
	17.7202 26.3592,
	17.7233 26.36,
	17.7241 26.3615,
	17.7271 26.3622,
	17.7332 26.366,
	17.7332 26.3675,
	17.7362 26.3683,
	17.7483 26.3767,
	17.7688 26.3941,
	17.7742 26.3986,
	17.7758 26.3994,
	17.7758 26.4009,
	17.7856 26.4094,
	17.7902 26.4132,
	17.7985 26.4245,
	17.8031 26.4298,
	17.8031 26.4314,
	17.8046 26.4314,
	17.8084 26.4367,
	17.8106 26.4389,
	17.8106 26.4405,
	17.8152 26.4458,
	17.8175 26.448,
	17.8182 26.4511,
	17.8267 26.4618,
	17.8282 26.4633,
	17.8282 26.4648,
	17.8305 26.4664,
	17.8388 26.4777,
	17.8388 26.4792,
	17.8411 26.4808,
	17.8449 26.4868,
	17.8464 26.4883,
	17.8464 26.4899,
	17.8509 26.4944,
	17.8532 26.4974,
	17.8547 26.499,
	17.8547 26.5005,
	17.8578 26.5029,
	17.8616 26.5074,
	17.8616 26.5089,
	17.8631 26.5097,
	17.8631 26.5112,
	17.8715 26.5218,
	17.8753 26.5264,
	17.8791 26.5324,
	17.8814 26.5347,
	17.8814 26.5362,
	17.8829 26.5362,
	17.8844 26.5377,
	17.8844 26.5393,
	17.8897 26.5431,
	17.8928 26.5461,
	17.8981 26.55,
	17.9011 26.5523,
	17.9072 26.5538,
	17.9102 26.5538,
	17.9125 26.5561,
	17.9186 26.5576,
	17.9217 26.5598,
	17.9247 26.5606,
	17.9277 26.5629,
	17.9308 26.5636,
	17.9315 26.5652,
	17.9346 26.5659,
	17.9467 26.5758,
	17.9513 26.5796,
	17.9611 26.5902,
	17.9658 26.5964,
	17.9673 26.6024,
	17.9673 26.6085,
	17.9673 26.6115,
	17.9627 26.6168,
	17.9604 26.6199,
	"/>
</Transform>

<Transform dim="0"
 xcoef=" 0 1 0 0 0 0"
 ycoef=" 0 0 1 0 0 0">
<Contour name="d51sp04" hidden="false" closed="true" simplified="true" border="1 0 0" fill="1 0 0" mode="11"
 points="9.07135 22.1897,
	9.06751 22.1887,
	9.06656 22.1885,
	9.06465 22.187,
	9.06417 22.187,
	9.06225 22.1856,
	9.06177 22.1856,
	9.06009 22.1839,
	9.05914 22.1832,
	9.05866 22.1822,
	9.05769 22.1817,
	9.05698 22.1807,
	9.05626 22.1791,
	9.05554 22.1783,
	9.0553 22.1774,
	9.05411 22.1757,
	9.05363 22.1748,
	9.05363 22.1738,
	9.05243 22.17,
	9.05195 22.1681,
	9.05195 22.1604,
	9.05195 22.1602,
	9.05507 22.1528,
	9.05769 22.1499,
	9.06129 22.1466,
	9.06297 22.1449,
	9.06632 22.1422,
	9.06824 22.1411,
	9.06896 22.1401,
	9.07087 22.1394,
	9.07135 22.1389,
	9.07518 22.1382,
	9.08285 22.1382,
	9.08381 22.1384,
	9.08429 22.1384,
	9.08476 22.1389,
	9.08572 22.1389,
	9.08596 22.1394,
	9.08644 22.1394,
	9.08669 22.1399,
	9.08764 22.1401,
	9.08932 22.1415,
	9.09003 22.142,
	9.09267 22.1456,
	9.09291 22.1466,
	9.09434 22.1482,
	9.09434 22.1487,
	9.09578 22.1506,
	9.09602 22.1516,
	9.09651 22.152,
	9.09651 22.1525,
	9.09698 22.153,
	9.09746 22.1568,
	9.0977 22.1578,
	9.09698 22.1597,
	9.09627 22.1607,
	9.09602 22.1616,
	9.0953 22.1626,
	9.0953 22.163,
	9.09291 22.1669,
	9.09195 22.1688,
	9.09123 22.1697,
	9.09123 22.1702,
	9.09003 22.1721,
	9.08669 22.1798,
	9.08548 22.1817,
	9.08453 22.1827,
	9.08429 22.1837,
	9.08117 22.1873,
	9.08045 22.188,
	9.0795 22.1882,
	9.07902 22.1887,
	9.07518 22.1894,
	"/>
</Transform>

<Transform dim="0"
 xcoef=" 0 1 0 0 0 0"
 ycoef=" 0 0 1 0 0 0">
<Contour name="d61sp08" hidden="false" closed="true" simplified="true" border="1 0 0" fill="1 0 0" mode="11"
 points="16.7557 15.7965,
	16.7464 15.793,
	16.7371 15.7872,
	16.7359 15.7861,
	16.7348 15.7861,
	16.7325 15.7837,
	16.7313 15.7837,
	16.7232 15.7779,
	16.7208 15.7773,
	16.7185 15.7756,
	16.7173 15.7756,
	16.7162 15.7744,
	16.7149 15.7744,
	16.7138 15.7733,
	16.7091 15.7715,
	16.7074 15.7698,
	16.6986 15.7663,
	16.6806 15.754,
	16.6783 15.7522,
	16.6771 15.7499,
	16.6754 15.7488,
	16.6742 15.7464,
	16.6719 15.7447,
	16.6707 15.7424,
	16.6555 15.7255,
	16.6474 15.718,
	16.6451 15.7156,
	16.6381 15.7092,
	16.6311 15.701,
	16.6276 15.6964,
	16.6265 15.6952,
	16.6265 15.694,
	16.6236 15.6905,
	16.6159 15.6725,
	16.6159 15.6714,
	16.6148 15.6702,
	16.6089 15.6515,
	16.6078 15.6503,
	16.6072 15.648,
	16.6072 15.6469,
	16.6055 15.6445,
	16.6049 15.6422,
	16.6031 15.6399,
	16.6014 15.6352,
	16.5956 15.6265,
	16.595 15.6242,
	16.5822 15.6061,
	16.5805 15.6043,
	16.5805 15.6032,
	16.5741 15.5944,
	16.5711 15.5904,
	16.5699 15.5881,
	16.5699 15.5869,
	16.5565 15.5712,
	16.549 15.563,
	16.5472 15.5606,
	16.5438 15.5577,
	16.5414 15.5554,
	16.5374 15.5525,
	16.5362 15.5508,
	16.535 15.5508,
	16.531 15.5479,
	16.5281 15.5449,
	16.5269 15.5449,
	16.5175 15.5386,
	16.5163 15.5386,
	16.5076 15.5322,
	16.5065 15.5322,
	16.4989 15.5258,
	16.4954 15.5223,
	16.4943 15.5205,
	16.4919 15.5182,
	16.4908 15.5171,
	16.4908 15.5158,
	16.489 15.5135,
	16.4884 15.5111,
	16.4873 15.51,
	16.4855 15.5007,
	16.4855 15.4914,
	16.4855 15.4891,
	16.4855 15.4879,
	16.4855 15.4873,
	16.4867 15.485,
	16.4873 15.4803,
	16.4879 15.478,
	16.489 15.4769,
	16.4902 15.4722,
	16.4908 15.4699,
	16.4919 15.4687,
	16.4931 15.4687,
	16.4937 15.4663,
	16.4954 15.4645,
	16.4954 15.4634,
	16.4995 15.4593,
	16.5041 15.4564,
	16.5065 15.4547,
	16.5111 15.4529,
	16.5134 15.4518,
	16.5227 15.45,
	16.5321 15.4494,
	16.5414 15.4477,
	16.5461 15.4477,
	16.5507 15.4465,
	16.5693 15.4459,
	16.588 15.4465,
	16.5973 15.4483,
	16.6159 15.4541,
	16.6207 15.4558,
	16.623 15.4564,
	16.6242 15.4576,
	16.6288 15.4587,
	16.6381 15.4645,
	16.6404 15.4651,
	16.6486 15.4716,
	16.6526 15.4751,
	16.6538 15.4751,
	16.6613 15.4832,
	16.6654 15.4867,
	16.6702 15.4914,
	16.6713 15.4925,
	16.6713 15.4937,
	16.6754 15.4978,
	16.6783 15.5013,
	16.6795 15.5018,
	16.6795 15.503,
	16.687 15.5111,
	16.6998 15.5275,
	16.7027 15.5316,
	16.7045 15.5339,
	16.7045 15.5351,
	16.7074 15.5391,
	16.7085 15.5415,
	16.7097 15.5426,
	16.7097 15.5438,
	16.712 15.5461,
	16.7149 15.5502,
	16.7168 15.5548,
	16.7185 15.5566,
	16.7191 15.5589,
	16.7208 15.5606,
	16.7208 15.5618,
	16.7237 15.566,
	16.7249 15.5671,
	16.7249 15.5683,
	16.7371 15.5863,
	16.7423 15.5944,
	16.7476 15.6037,
	16.7487 15.6061,
	16.7499 15.6067,
	16.7499 15.6078,
	16.7534 15.6119,
	16.754 15.6143,
	16.7598 15.6224,
	16.7615 15.6248,
	16.7627 15.6253,
	16.7633 15.6277,
	16.7645 15.6283,
	16.7651 15.6306,
	16.768 15.6346,
	16.7692 15.637,
	16.7703 15.6381,
	16.7709 15.6405,
	16.7727 15.6428,
	16.7732 15.6451,
	16.7761 15.6498,
	16.7773 15.6509,
	16.7773 15.6521,
	16.7785 15.6527,
	16.7819 15.6615,
	16.7831 15.6661,
	16.7872 15.6754,
	16.7878 15.6778,
	16.7895 15.6801,
	16.7901 15.6824,
	16.7912 15.6836,
	16.7924 15.6882,
	16.7936 15.6905,
	16.7936 15.6929,
	16.7947 15.694,
	16.7947 15.6952,
	16.7959 15.6964,
	16.7965 15.6987,
	16.7976 15.6998,
	16.7982 15.7022,
	16.7982 15.7033,
	16.8 15.7057,
	16.8 15.7068,
	16.8035 15.7116,
	16.804 15.7139,
	16.8052 15.715,
	16.8052 15.7162,
	16.8064 15.7168,
	16.8069 15.7191,
	16.8081 15.7197,
	16.8087 15.722,
	16.8104 15.7243,
	16.811 15.7267,
	16.8123 15.7278,
	16.814 15.7325,
	16.8169 15.7371,
	16.8187 15.7464,
	16.8187 15.7511,
	16.8187 15.7534,
	16.8169 15.7557,
	16.8152 15.7605,
	16.8123 15.7645,
	16.8104 15.7669,
	16.8023 15.7727,
	16.7982 15.7762,
	16.7953 15.7797,
	16.7912 15.7831,
	16.7895 15.7843,
	16.7872 15.7866,
	16.7825 15.7895,
	16.7779 15.7913,
	16.7767 15.7924,
	16.7721 15.7942,
	16.7697 15.7942,
	16.7651 15.7959,
	"/>
</Transform>

<Transform dim="0"
 xcoef=" 0 1 0 0 0 0"
 ycoef=" 0 0 1 0 0 0">
<Contour name="d04cfa05" hidden="false" closed="false" simplified="true" border="1 0 0" fill="1 0 0" mode="11"
 points="17.6168 26.3323,
	17.6111 26.3494,
	17.6049 26.3711,
	17.5962 26.4026,
	17.5925 26.4301,
	17.5889 26.455,
	17.5817 26.4818,
	17.5744 26.5057,
	"/>
</Transform>

<Transform dim="0"
 xcoef=" 0 1 0 0 0 0"
 ycoef=" 0 0 1 0 0 0">
<Contour name="d63sp03" hidden="false" closed="true" simplified="true" border="1 0 0" fill="1 0 0" mode="11"
 points="6.09625 18.7202,
	6.09831 18.7037,
	6.09934 18.6955,
	6.1014 18.6934,
	6.10449 18.6769,
	6.11479 18.644,
	6.11787 18.6275,
	6.11993 18.5945,
	6.11993 18.5781,
	6.11993 18.5698,
	6.11376 18.5369,
	6.11273 18.5204,
	6.11273 18.5122,
	6.11582 18.4957,
	6.12096 18.4792,
	6.12302 18.471,
	6.12817 18.4628,
	6.12817 18.4607,
	6.14156 18.4442,
	6.14156 18.4422,
	6.14464 18.4381,
	6.1467 18.4298,
	6.14876 18.4257,
	6.14773 18.4092,
	6.14464 18.3927,
	6.14464 18.3845,
	6.15185 18.368,
	6.15803 18.3598,
	6.16112 18.3557,
	6.16318 18.3547,
	6.16318 18.3526,
	6.16627 18.3495,
	6.16832 18.3495,
	6.1745 18.3413,
	6.18892 18.3279,
	6.19406 18.3227,
	6.19406 18.3207,
	6.20024 18.3124,
	6.20436 18.3042,
	6.20745 18.3001,
	6.21054 18.2929,
	6.21054 18.2908,
	6.2126 18.2888,
	6.2126 18.2846,
	6.21466 18.2826,
	6.22083 18.2661,
	6.22289 18.2579,
	6.22495 18.2558,
	6.22701 18.2476,
	6.23525 18.2311,
	6.24143 18.2157,
	6.25069 18.1992,
	6.25172 18.1951,
	6.25378 18.194,
	6.25378 18.192,
	6.2579 18.1879,
	6.2579 18.1858,
	6.25996 18.1837,
	6.25996 18.1817,
	6.27231 18.1662,
	6.27952 18.159,
	6.28261 18.1549,
	6.2857 18.1529,
	6.29702 18.1395,
	6.30217 18.1343,
	6.3032 18.1302,
	6.30938 18.124,
	6.31865 18.1075,
	6.32071 18.1065,
	6.32071 18.1045,
	6.32276 18.1024,
	6.32276 18.1003,
	6.32894 18.0931,
	6.32894 18.0911,
	6.34027 18.0746,
	6.34439 18.0674,
	6.34645 18.0653,
	6.34645 18.0633,
	6.35262 18.0561,
	6.35262 18.054,
	6.35468 18.052,
	6.35468 18.0499,
	6.35983 18.0417,
	6.36292 18.0375,
	6.36292 18.0355,
	6.36498 18.0334,
	6.36498 18.0314,
	6.36807 18.0272,
	6.36807 18.0252,
	6.37013 18.0231,
	6.37013 18.0211,
	6.38042 18.0046,
	6.39381 17.9912,
	6.40204 17.9861,
	6.41852 17.9809,
	6.45146 17.9809,
	6.46794 17.983,
	6.47617 17.9861,
	6.48029 17.9861,
	6.49677 17.9922,
	6.51221 18.0025,
	6.51942 18.0066,
	6.52251 18.0097,
	6.52457 18.0097,
	6.5256 18.0118,
	6.52971 18.0128,
	6.54413 18.0252,
	6.54928 18.0324,
	6.55134 18.0344,
	6.55237 18.0386,
	6.55442 18.0406,
	6.55957 18.0571,
	6.56163 18.0653,
	6.56472 18.0695,
	6.56472 18.0715,
	6.56987 18.0798,
	6.57296 18.0828,
	6.57296 18.0849,
	6.58531 18.0993,
	6.5884 18.1024,
	6.5884 18.1045,
	6.59561 18.1117,
	6.59973 18.1178,
	6.61105 18.1323,
	6.62444 18.1477,
	6.64709 18.1755,
	6.66253 18.1909,
	6.66974 18.1971,
	6.67077 18.1992,
	6.67283 18.1992,
	6.68106 18.2054,
	6.68312 18.2074,
	6.68518 18.2074,
	6.68724 18.2095,
	6.69548 18.2105,
	6.69651 18.2126,
	6.71298 18.2177,
	6.71504 18.2198,
	6.7171 18.2198,
	6.72122 18.2229,
	6.72946 18.2249,
	6.73563 18.2311,
	6.74696 18.2476,
	6.74902 18.2496,
	6.74902 18.2517,
	6.75108 18.2527,
	6.75108 18.2548,
	6.76343 18.2702,
	6.77373 18.2857,
	6.77888 18.2939,
	6.78197 18.297,
	6.783 18.3011,
	6.78814 18.3083,
	6.8005 18.3402,
	6.80359 18.3485,
	6.80668 18.3649,
	6.80668 18.3979,
	6.80668 18.4144,
	6.80153 18.4473,
	6.79844 18.4556,
	6.79844 18.4597,
	6.79329 18.4761,
	6.7902 18.4926,
	6.78814 18.4967,
	6.78711 18.505,
	6.78608 18.5091,
	6.78402 18.5112,
	6.77888 18.5276,
	6.77682 18.5359,
	6.77476 18.54,
	6.77476 18.542,
	6.7727 18.5441,
	6.76961 18.5523,
	6.76755 18.5544,
	6.76755 18.5565,
	6.76446 18.5606,
	6.76446 18.5626,
	6.75726 18.5709,
	6.75417 18.575,
	6.74799 18.5801,
	6.73975 18.5884,
	6.73769 18.5904,
	6.73563 18.5904,
	6.73049 18.5976,
	6.71607 18.611,
	6.70783 18.6172,
	6.70475 18.6193,
	6.67283 18.646,
	6.66768 18.6522,
	6.65944 18.6574,
	6.65841 18.6594,
	6.65635 18.6594,
	6.65224 18.6635,
	6.63576 18.6728,
	6.6337 18.6749,
	6.63164 18.6749,
	6.62753 18.6779,
	6.62547 18.68,
	6.62341 18.68,
	6.60796 18.6913,
	6.60076 18.6996,
	6.5987 18.7006,
	6.5987 18.7027,
	6.5884 18.7181,
	6.58119 18.7263,
	6.55031 18.7459,
	6.54207 18.751,
	6.53795 18.7521,
	6.53589 18.7541,
	6.53383 18.7541,
	6.52868 18.7593,
	6.52148 18.7613,
	6.51736 18.7644,
	6.50912 18.7644,
	6.50089 18.7665,
	6.49265 18.7665,
	6.4597 18.7737,
	6.44323 18.7778,
	6.37733 18.7747,
	6.3691 18.7716,
	6.36704 18.7696,
	6.36498 18.7696,
	6.36292 18.7675,
	6.34645 18.7644,
	6.34439 18.7624,
	6.31144 18.7562,
	6.29497 18.7562,
	6.27849 18.7593,
	6.2126 18.7562,
	6.1467 18.7552,
	6.11376 18.7541,
	6.11273 18.7521,
	6.10449 18.75,
	6.1014 18.748,
	6.09831 18.7438,
	6.09625 18.7274,
	6.09625 18.7232,
	6.09625 18.7212,
	"/>
</Transform>

<Transform dim="0"
 xcoef=" 0 1 0 0 0 0"
 ycoef=" 0 0 1 0 0 0">
<Contour name="d63sp04" hidden="false" closed="true" simplified="true" border="1 0 0" fill="1 0 0" mode="11"
 points="7.45367 17.678,
	7.45573 17.6725,
	7.45641 17.667,
	7.46395 17.6451,
	7.46806 17.6341,
	7.46944 17.6286,
	7.47012 17.6259,
	7.47149 17.6245,
	7.47355 17.619,
	7.47355 17.6176,
	7.47698 17.6122,
	7.47835 17.6094,
	7.47972 17.608,
	7.48177 17.5971,
	7.48383 17.5916,
	7.4852 17.5889,
	7.4852 17.5875,
	7.4996 17.5655,
	7.50508 17.5559,
	7.51536 17.534,
	7.52222 17.5237,
	7.52222 17.5224,
	7.52427 17.5196,
	7.52564 17.5189,
	7.52564 17.5176,
	7.52907 17.5141,
	7.52907 17.5128,
	7.5373 17.5025,
	7.54278 17.497,
	7.54552 17.4943,
	7.54689 17.4943,
	7.54689 17.4929,
	7.54895 17.4908,
	7.55032 17.4908,
	7.5606 17.4826,
	7.57088 17.4785,
	7.57568 17.4764,
	7.57842 17.4751,
	7.58939 17.473,
	7.60036 17.4744,
	7.61133 17.4799,
	7.62229 17.4867,
	7.62778 17.4888,
	7.63874 17.4901,
	7.64149 17.4888,
	7.64286 17.4888,
	7.64354 17.4874,
	7.64491 17.4874,
	7.6456 17.486,
	7.64697 17.486,
	7.65177 17.4819,
	7.65451 17.4799,
	7.65588 17.4785,
	7.65725 17.4785,
	7.66136 17.4751,
	7.67233 17.4716,
	7.6833 17.4716,
	7.68878 17.471,
	7.69427 17.4689,
	7.69769 17.4668,
	7.7066 17.4593,
	7.71072 17.4552,
	7.71551 17.4497,
	7.71894 17.447,
	7.72031 17.447,
	7.72237 17.4449,
	7.73334 17.4415,
	7.73882 17.4401,
	7.74979 17.4394,
	7.76076 17.4374,
	7.7635 17.436,
	7.76487 17.436,
	7.76624 17.4346,
	7.76898 17.4346,
	7.77104 17.4326,
	7.77241 17.4326,
	7.77721 17.4285,
	7.77995 17.4278,
	7.78817 17.4202,
	7.79023 17.4189,
	7.79023 17.4175,
	7.79983 17.4099,
	7.80394 17.4065,
	7.80668 17.4045,
	7.80805 17.4045,
	7.81765 17.3976,
	7.82039 17.3976,
	7.82519 17.3942,
	7.82656 17.3942,
	7.82793 17.3928,
	7.83067 17.3928,
	7.83341 17.3908,
	7.83616 17.3901,
	7.83753 17.3887,
	7.8389 17.3887,
	7.84027 17.3873,
	7.85124 17.3839,
	7.87317 17.3832,
	7.88414 17.3846,
	7.8951 17.3887,
	7.90059 17.3908,
	7.90333 17.3914,
	7.9047 17.3928,
	7.91018 17.3949,
	7.92115 17.4017,
	7.94103 17.4147,
	7.94583 17.4189,
	7.9472 17.4189,
	7.95131 17.423,
	7.95337 17.4257,
	7.95474 17.4264,
	7.95474 17.4278,
	7.95817 17.4326,
	7.95954 17.4339,
	7.95954 17.4353,
	7.96159 17.4381,
	7.96159 17.4394,
	7.96365 17.4422,
	7.96571 17.4531,
	7.96639 17.4586,
	7.96639 17.4614,
	7.97873 17.4826,
	7.98147 17.4936,
	7.98353 17.4991,
	7.98421 17.5018,
	7.98559 17.5032,
	7.98627 17.5059,
	7.98833 17.5087,
	7.98833 17.51,
	7.99038 17.5128,
	7.99244 17.5182,
	7.99313 17.5292,
	7.99313 17.532,
	7.99107 17.5347,
	7.99107 17.5361,
	7.9897 17.5374,
	7.9897 17.5388,
	7.98216 17.5498,
	7.97942 17.5546,
	7.97736 17.5566,
	7.97667 17.5594,
	7.9753 17.5607,
	7.9753 17.5621,
	7.97393 17.5635,
	7.97393 17.5649,
	7.97051 17.5703,
	7.96708 17.5813,
	7.95748 17.6032,
	7.95131 17.6142,
	7.94926 17.6163,
	7.94926 17.6176,
	7.94514 17.6231,
	7.94377 17.6231,
	7.94172 17.6252,
	7.94034 17.6252,
	7.93486 17.6286,
	7.93212 17.6307,
	7.93075 17.6307,
	7.92938 17.632,
	7.92801 17.632,
	7.91841 17.6423,
	7.91567 17.6464,
	7.9143 17.6478,
	7.91361 17.6505,
	7.9047 17.6615,
	7.89922 17.6656,
	7.88071 17.6828,
	7.87934 17.6848,
	7.87454 17.6889,
	7.86906 17.6944,
	7.86015 17.702,
	7.85466 17.7067,
	7.8389 17.728,
	7.8389 17.7294,
	7.83753 17.7307,
	7.83547 17.7355,
	7.83478 17.7383,
	7.83273 17.741,
	7.83204 17.7438,
	7.82999 17.7465,
	7.82519 17.7575,
	7.82313 17.7595,
	7.82313 17.7609,
	7.82176 17.7616,
	7.82176 17.763,
	7.80668 17.7849,
	7.80257 17.7904,
	7.79983 17.7952,
	7.79846 17.7965,
	7.79846 17.7979,
	7.7964 17.8007,
	7.79503 17.802,
	7.79503 17.8034,
	7.7916 17.8082,
	7.7868 17.8123,
	7.782 17.8144,
	7.77926 17.8157,
	7.7683 17.8171,
	7.75733 17.8199,
	7.75184 17.8219,
	7.75047 17.8219,
	7.7491 17.8233,
	7.74362 17.824,
	7.73813 17.826,
	7.73265 17.8267,
	7.72991 17.8281,
	7.72443 17.8288,
	7.71346 17.8322,
	7.71072 17.8336,
	7.70797 17.8336,
	7.70249 17.8356,
	7.69152 17.8377,
	7.68604 17.8397,
	7.68056 17.8404,
	7.67507 17.8425,
	7.66411 17.8432,
	7.65862 17.8438,
	7.65314 17.8459,
	7.6504 17.8459,
	7.63943 17.85,
	7.63874 17.8514,
	7.61681 17.8521,
	7.61133 17.8521,
	7.58939 17.8459,
	7.57842 17.8438,
	7.57568 17.8438,
	7.57431 17.8438,
	7.57294 17.8425,
	7.56746 17.8404,
	7.55649 17.8342,
	7.551 17.8315,
	7.54826 17.8315,
	7.54689 17.8301,
	7.54415 17.8294,
	7.54141 17.8274,
	7.53867 17.8267,
	7.53592 17.8246,
	7.53455 17.8233,
	7.53318 17.8233,
	7.53113 17.8212,
	7.53044 17.8199,
	7.52564 17.8178,
	7.5229 17.8164,
	7.52153 17.8164,
	7.51879 17.8137,
	7.51605 17.8123,
	7.51536 17.8109,
	7.51399 17.8109,
	7.50645 17.8007,
	7.50508 17.7993,
	7.50439 17.7965,
	7.50302 17.7952,
	7.4996 17.7842,
	7.49754 17.7815,
	7.49548 17.7767,
	7.48794 17.7671,
	7.48314 17.7623,
	7.47286 17.7547,
	7.47012 17.7534,
	7.46601 17.7479,
	7.46464 17.7465,
	7.45573 17.7246,
	7.45367 17.7136,
	7.45367 17.6917,
	7.45367 17.6807,
	7.45367 17.6786,
	"/>
</Transform>

<Transform dim="0"
 xcoef=" 0 1 0 0 0 0"
 ycoef=" 0 0 1 0 0 0">
<Contour name="d63sp06" hidden="false" closed="true" simplified="true" border="1 0 0" fill="1 0 0" mode="11"
 points="7.44766 16.4541,
	7.45001 16.4434,
	7.45068 16.4407,
	7.45236 16.438,
	7.45236 16.4374,
	7.45471 16.435,
	7.45605 16.434,
	7.46142 16.432,
	7.46277 16.4313,
	7.46344 16.4313,
	7.46411 16.4306,
	7.46478 16.4306,
	7.46612 16.4296,
	7.46881 16.4286,
	7.47015 16.4283,
	7.47283 16.4266,
	7.47418 16.4259,
	7.47485 16.4253,
	7.47552 16.4253,
	7.48022 16.4219,
	7.48089 16.4219,
	7.48223 16.4209,
	7.4829 16.4209,
	7.49365 16.4142,
	7.49432 16.4142,
	7.49667 16.4125,
	7.497 16.4118,
	7.49767 16.4118,
	7.50237 16.4081,
	7.50741 16.4038,
	7.50808 16.4038,
	7.50875 16.4031,
	7.50942 16.4031,
	7.51177 16.4011,
	7.51311 16.4004,
	7.51379 16.3998,
	7.51446 16.3998,
	7.51949 16.3961,
	7.52453 16.393,
	7.5299 16.3927,
	7.53057 16.3927,
	7.53191 16.3937,
	7.53325 16.394,
	7.53594 16.3964,
	7.53762 16.3984,
	7.54165 16.4034,
	7.54433 16.4061,
	7.55239 16.4139,
	7.55373 16.4145,
	7.55407 16.4152,
	7.55474 16.4152,
	7.56447 16.4222,
	7.56581 16.4229,
	7.56648 16.4236,
	7.56716 16.4236,
	7.5779 16.4306,
	7.57857 16.4306,
	7.5789 16.4313,
	7.57958 16.4313,
	7.58427 16.4357,
	7.58662 16.4384,
	7.5883 16.44,
	7.5883 16.4407,
	7.58897 16.441,
	7.58965 16.4434,
	7.58998 16.4447,
	7.59065 16.4454,
	7.59099 16.4481,
	7.593 16.4535,
	7.59367 16.4541,
	7.59367 16.4555,
	7.59434 16.4568,
	7.59636 16.4676,
	7.59703 16.4702,
	7.59703 16.4729,
	7.59804 16.4783,
	7.5977 16.489,
	7.5977 16.4904,
	7.59669 16.4931,
	7.59401 16.4954,
	7.59334 16.4961,
	7.59065 16.4971,
	7.58931 16.4974,
	7.58864 16.4981,
	7.58327 16.4988,
	7.58058 16.4988,
	7.57924 16.4981,
	7.5779 16.4981,
	7.57253 16.4961,
	7.57186 16.4954,
	7.56917 16.4951,
	7.5638 16.4934,
	7.56111 16.4927,
	7.55977 16.4921,
	7.53829 16.488,
	7.53292 16.4877,
	7.53023 16.4877,
	7.52889 16.4877,
	7.52755 16.4884,
	7.51681 16.4887,
	7.51144 16.488,
	7.50875 16.488,
	7.50607 16.4887,
	7.50338 16.4887,
	7.49801 16.4904,
	7.49532 16.4911,
	7.49398 16.4911,
	7.49264 16.4921,
	7.4913 16.4921,
	7.48593 16.4937,
	7.48458 16.4937,
	7.47921 16.4954,
	7.47384 16.4958,
	7.46847 16.4954,
	7.4678 16.4947,
	7.46646 16.4947,
	7.46109 16.4924,
	7.46008 16.4914,
	7.45874 16.4911,
	7.45639 16.489,
	7.45504 16.487,
	7.45404 16.4857,
	7.45404 16.4843,
	7.45303 16.483,
	7.45303 16.4817,
	7.45001 16.4709,
	7.448 16.4602,
	7.44766 16.4548,
	7.44766 16.4545,
	"/>
</Transform>

<Transform dim="0"
 xcoef=" 0 1 0 0 0 0"
 ycoef=" 0 0 1 0 0 0">
<Contour name="d51endoh03_mvb" hidden="false" closed="true" simplified="true" border="1 0.502 0" fill="1 0 0" mode="11"
 points="9.30128 24.3952,
	9.30181 24.3858,
	9.30338 24.3763,
	9.30599 24.367,
	9.30963 24.3579,
	9.31427 24.3489,
	9.31989 24.3402,
	9.32646 24.3317,
	9.33395 24.3236,
	9.34232 24.3159,
	9.35152 24.3086,
	9.3615 24.3018,
	9.37222 24.2954,
	9.38361 24.2896,
	9.39562 24.2843,
	9.40818 24.2796,
	9.42123 24.2755,
	9.43469 24.2721,
	9.4485 24.2693,
	9.46258 24.2672,
	9.47686 24.2657,
	9.49127 24.2649,
	9.50572 24.2649,
	9.52014 24.2655,
	9.53446 24.2667,
	9.5486 24.2687,
	9.56249 24.2713,
	9.57604 24.2746,
	9.5892 24.2785,
	9.60189 24.2831,
	9.61404 24.2882,
	9.62559 24.2939,
	9.63648 24.3001,
	9.64666 24.3069,
	9.65606 24.314,
	9.66464 24.3217,
	9.67235 24.3297,
	9.67916 24.338,
	9.68502 24.3467,
	9.68991 24.3556,
	9.6938 24.3647,
	9.69666 24.374,
	9.6985 24.3834,
	9.69928 24.3929,
	9.69902 24.4023,
	9.69771 24.4118,
	9.69536 24.4211,
	9.69198 24.4303,
	9.68759 24.4393,
	9.68221 24.4481,
	9.67587 24.4566,
	9.66861 24.4648,
	9.66045 24.4726,
	9.65146 24.4801,
	9.64166 24.487,
	9.63112 24.4935,
	9.61989 24.4995,
	9.60803 24.5049,
	9.59561 24.5097,
	9.58268 24.5139,
	9.56931 24.5176,
	9.55558 24.5205,
	9.54156 24.5228,
	9.52732 24.5244,
	9.51294 24.5254,
	9.49849 24.5256,
	9.48406 24.5252,
	9.4697 24.5241,
	9.45551 24.5223,
	9.44156 24.5198,
	9.42791 24.5167,
	9.41465 24.5129,
	9.40184 24.5086,
	9.38955 24.5036,
	9.37784 24.498,
	9.36678 24.4919,
	9.35642 24.4853,
	9.34682 24.4782,
	9.33803 24.4707,
	9.33009 24.4628,
	9.32306 24.4545,
	9.31696 24.446,
	9.31182 24.4371,
	9.30768 24.428,
	9.30456 24.4188,
	9.30246 24.4094,
	"/>
</Transform>

<Transform dim="0"
 xcoef=" 0 1 0 0 0 0"
 ycoef=" 0 0 1 0 0 0">
<Contour name="d61endos01_whorl" hidden="false" closed="true" simplified="true" border="1 0.502 0" fill="1 0 0" mode="11"
 points="14.9618 16.1819,
	14.9624 16.1734,
	14.9643 16.1651,
	14.9673 16.1568,
	14.9716 16.1487,
	14.9771 16.1407,
	14.9837 16.133,
	14.9915 16.1255,
	15.0003 16.1184,
	15.0101 16.1116,
	15.0209 16.1052,
	15.0326 16.0993,
	15.0451 16.0938,
	15.0585 16.0888,
	15.0725 16.0843,
	15.0871 16.0803,
	15.1023 16.077,
	15.1179 16.0742,
	15.1339 16.072,
	15.1502 16.0704,
	15.1666 16.0695,
	15.1832 16.0692,
	15.1997 16.0695,
	15.2161 16.0704,
	15.2324 16.072,
	15.2484 16.0742,
	15.264 16.077,
	15.2792 16.0803,
	15.2938 16.0843,
	15.3078 16.0888,
	15.3212 16.0938,
	15.3337 16.0993,
	15.3454 16.1052,
	15.3562 16.1116,
	15.366 16.1184,
	15.3749 16.1255,
	15.3826 16.133,
	15.3892 16.1407,
	15.3947 16.1487,
	15.399 16.1568,
	15.402 16.1651,
	15.4039 16.1734,
	15.4045 16.1819,
	15.4039 16.1903,
	15.402 16.1987,
	15.399 16.2069,
	15.3947 16.2151,
	15.3892 16.223,
	15.3826 16.2308,
	15.3749 16.2382,
	15.366 16.2454,
	15.3562 16.2521,
	15.3454 16.2585,
	15.3337 16.2645,
	15.3212 16.27,
	15.3078 16.275,
	15.2938 16.2795,
	15.2792 16.2834,
	15.264 16.2868,
	15.2484 16.2896,
	15.2324 16.2917,
	15.2161 16.2933,
	15.1997 16.2942,
	15.1832 16.2946,
	15.1666 16.2942,
	15.1502 16.2933,
	15.1339 16.2917,
	15.1179 16.2896,
	15.1023 16.2868,
	15.0871 16.2834,
	15.0725 16.2795,
	15.0585 16.275,
	15.0451 16.27,
	15.0326 16.2645,
	15.0209 16.2585,
	15.0101 16.2521,
	15.0003 16.2454,
	14.9915 16.2382,
	14.9837 16.2308,
	14.9771 16.223,
	14.9716 16.2151,
	14.9673 16.2069,
	14.9643 16.1987,
	14.9624 16.1903,
	"/>
</Transform>

<Transform dim="0"
 xcoef=" 0 1 0 0 0 0"
 ycoef=" 0 0 1 0 0 0">
<Contour name="d61endos02_transendo" hidden="false" closed="true" simplified="true" border="1 0.502 0" fill="1 0 0" mode="11"
 points="15.5463 16.3518,
	15.5474 16.3424,
	15.5508 16.3331,
	15.5563 16.3241,
	15.564 16.3156,
	15.5735 16.3077,
	15.5849 16.3005,
	15.5979 16.2941,
	15.6123 16.2887,
	15.6279 16.2843,
	15.6444 16.2811,
	15.6615 16.279,
	15.679 16.2781,
	15.6965 16.2784,
	15.7139 16.2799,
	15.7307 16.2826,
	15.7468 16.2864,
	15.7618 16.2913,
	15.7755 16.2972,
	15.7877 16.304,
	15.7982 16.3116,
	15.8069 16.3198,
	15.8135 16.3286,
	15.8179 16.3377,
	15.8202 16.3471,
	15.8202 16.3566,
	15.8179 16.3659,
	15.8135 16.3751,
	15.8069 16.3839,
	15.7982 16.3921,
	15.7877 16.3997,
	15.7755 16.4065,
	15.7618 16.4124,
	15.7468 16.4173,
	15.7307 16.4211,
	15.7139 16.4238,
	15.6965 16.4253,
	15.679 16.4256,
	15.6615 16.4247,
	15.6444 16.4226,
	15.6279 16.4193,
	15.6123 16.4149,
	15.5979 16.4095,
	15.5849 16.4032,
	15.5735 16.396,
	15.564 16.388,
	15.5563 16.3795,
	15.5508 16.3706,
	15.5474 16.3613,
	"/>
</Transform>

<Transform dim="0"
 xcoef=" 0 1 0 0 0 0"
 ycoef=" 0 0 1 0 0 0">
<Contour name="d63endoh04_av" hidden="false" closed="true" simplified="true" border="1 0.502 0" fill="1 0 0" mode="11"
 points="7.6769 17.6127,
	7.67723 17.6031,
	7.67822 17.5935,
	7.67986 17.5841,
	7.68214 17.5749,
	7.68505 17.5659,
	7.68857 17.5571,
	7.69267 17.5488,
	7.69734 17.5408,
	7.70254 17.5333,
	7.70823 17.5263,
	7.71439 17.5199,
	7.72097 17.514,
	7.72794 17.5087,
	7.73524 17.5042,
	7.74283 17.5003,
	7.75067 17.4971,
	7.7587 17.4946,
	7.76687 17.4929,
	7.77514 17.4919,
	7.78344 17.4917,
	7.79173 17.4923,
	7.79996 17.4937,
	7.80807 17.4957,
	7.81601 17.4986,
	7.82373 17.5021,
	7.83118 17.5064,
	7.83832 17.5113,
	7.8451 17.5168,
	7.85147 17.523,
	7.8574 17.5297,
	7.86285 17.537,
	7.86779 17.5447,
	7.87218 17.5529,
	7.87599 17.5615,
	7.87921 17.5703,
	7.88181 17.5795,
	7.88377 17.5888,
	7.88509 17.5983,
	7.88575 17.6079,
	7.88575 17.6175,
	7.88509 17.6271,
	7.88377 17.6366,
	7.88181 17.646,
	7.87921 17.6551,
	7.87599 17.664,
	7.87218 17.6725,
	7.86779 17.6807,
	7.86285 17.6884,
	7.8574 17.6957,
	7.85147 17.7024,
	7.8451 17.7086,
	7.83832 17.7141,
	7.83118 17.7191,
	7.82373 17.7233,
	7.81601 17.7269,
	7.80807 17.7297,
	7.79996 17.7318,
	7.79173 17.7331,
	7.78344 17.7337,
	7.77514 17.7335,
	7.76687 17.7325,
	7.7587 17.7308,
	7.75067 17.7284,
	7.74283 17.7252,
	7.73524 17.7213,
	7.72794 17.7167,
	7.72097 17.7114,
	7.71439 17.7056,
	7.70823 17.6991,
	7.70254 17.6921,
	7.69734 17.6846,
	7.69267 17.6766,
	7.68857 17.6683,
	7.68505 17.6596,
	7.68214 17.6506,
	7.67986 17.6413,
	7.67822 17.6319,
	7.67723 17.6223,
	"/>
</Transform>

</Section>