<?xml version="1.0"?>
<!DOCTYPE Section SYSTEM "section.dtd">

<Section index="127" thickness="0.051" alignLocked="true">
<Transform dim="0"
 xcoef=" 0 1 0 0 0 0"
 ycoef=" 0 0 1 0 0 0">
<Contour name="D33" hidden="false" closed="true" simplified="true" border="0 1 1" fill="0 1 1" mode="11"
 points="10.1612 9.44185,
	10.1313 9.43779,
	10.1042 9.42448,
	10.0825 9.40335,
	10.0636 9.34658,
	10.0682 9.31631,
	10.0818 9.28849,
	10.103 9.26578,
	10.1294 9.25046,
	10.1584 9.24421,
	10.1873 9.24786,
	10.2136 9.26112,
	10.2347 9.28266,
	10.2488 9.3102,
	10.2543 9.34085,
	10.2507 9.37151,
	10.238 9.39929,
	10.2174 9.42157,
	10.1909 9.43626,
	"/>
</Transform>

<Transform dim="0"
 xcoef=" 0 1 0 0 0 0"
 ycoef=" 0 0 1 0 0 0">
<Contour name="D32" hidden="false" closed="true" simplified="true" border="0 1 0" fill="0 1 0" mode="11"
 points="14.0993 4.08257,
	14.0684 4.07836,
	14.0419 4.06618,
	14.0223 4.04725,
	14.0098 3.99706,
	14.0176 3.97076,
	14.0337 3.94707,
	14.0569 3.92827,
	14.085 3.91622,
	14.1157 3.91214,
	14.1459 3.91642,
	14.1729 3.9286,
	14.1937 3.94748,
	14.2065 3.97122,
	14.2097 3.99752,
	14.2026 4.02382,
	14.1861 4.04754,
	14.1616 4.06636,
	14.1316 4.07843,
	"/>
</Transform>

<Transform dim="0"
 xcoef=" 0 1 0 0 0 0"
 ycoef=" 0 0 1 0 0 0">
<Contour name="D29" hidden="false" closed="true" simplified="true" border="0 0 1" fill="0 0 1" mode="11"
 points="14.5708 6.12113,
	14.545 6.11682,
	14.5222 6.10484,
	14.5042 6.08629,
	14.4891 6.03725,
	14.4934 6.01166,
	14.5052 5.98883,
	14.5238 5.97109,
	14.547 5.96017,
	14.573 5.95705,
	14.5991 5.9619,
	14.6228 5.97419,
	14.6418 5.99271,
	14.6541 6.0157,
	14.6582 6.04095,
	14.6537 6.06603,
	14.6409 6.08848,
	14.6214 6.10619,
	14.5971 6.11743,
	"/>
</Transform>

<Transform dim="0"
 xcoef=" 0 1 0 0 0 0"
 ycoef=" 0 0 1 0 0 0">
<Contour name="D26" hidden="false" closed="true" simplified="true" border="1 0 0" fill="1 0 0" mode="11"
 points="14.2081 7.20782,
	14.1792 7.20263,
	14.1534 7.19059,
	14.1332 7.17291,
	14.1174 7.12795,
	14.1233 7.10501,
	14.1378 7.0847,
	14.1595 7.06895,
	14.1863 7.05927,
	14.2154 7.05666,
	14.2441 7.06146,
	14.2698 7.07325,
	14.2896 7.09088,
	14.3019 7.11264,
	14.3055 7.13636,
	14.2998 7.15969,
	14.2855 7.18029,
	14.2641 7.19611,
	14.2374 7.20558,
	"/>
</Transform>

<Transform dim="0"
 xcoef=" 0 1 0 0 0 0"
 ycoef=" 0 0 1 0 0 0">
<Contour name="D38" hidden="false" closed="true" simplified="true" border="0 0 1" fill="0 0 1" mode="11"
 points="12.8633 8.62003,
	12.8425 8.61518,
	12.8242 8.60344,
	12.8102 8.58595,
	12.8002 8.54114,
	12.8049 8.51828,
	12.816 8.49815,
	12.8323 8.48266,
	12.8521 8.47324,
	12.8736 8.47077,
	12.8949 8.47552,
	12.9134 8.48704,
	12.9277 8.50432,
	12.936 8.52566,
	12.9377 8.54897,
	12.9326 8.57194,
	12.9212 8.59228,
	12.9047 8.60799,
	12.8848 8.61755,
	"/>
</Transform>

<Transform dim="0"
 xcoef=" 0 1 0 0 0 0"
 ycoef=" 0 0 1 0 0 0">
<Contour name="D30" hidden="false" closed="true" simplified="true" border="1 0 1" fill="1 0 1" mode="11"
 points="14.7544 7.53,
	14.7285 7.5225,
	14.7056 7.50675,
	14.6881 7.48425,
	14.6751 7.42749,
	14.6806 7.39849,
	14.6935 7.37282,
	14.7125 7.35301,
	14.736 7.34105,
	14.7615 7.33818,
	14.787 7.34476,
	14.8098 7.36023,
	14.8276 7.38318,
	14.8388 7.41142,
	14.8422 7.44216,
	14.8374 7.47216,
	14.8247 7.49819,
	14.8052 7.51753,
	14.781 7.52838,
	"/>
</Transform>

<Transform dim="0"
 xcoef=" 0 1 0 0 0 0"
 ycoef=" 0 0 1 0 0 0">
<Contour name="D28" hidden="false" closed="true" simplified="true" border="0 0 1" fill="0 0 1" mode="11"
 points="13.953 6.01118,
	13.9214 6.00739,
	13.8933 5.99256,
	13.8712 5.96752,
	13.8531 5.89636,
	13.859 5.85786,
	13.8744 5.82328,
	13.8975 5.79635,
	13.9258 5.77957,
	13.9567 5.77424,
	13.9872 5.78063,
	14.0144 5.79798,
	14.0359 5.82455,
	14.0497 5.85768,
	14.0546 5.89397,
	14.0499 5.9298,
	14.0357 5.96182,
	14.0132 5.98729,
	13.9847 6.0042,
	"/>
</Transform>

<Transform dim="0"
 xcoef=" 0 1 0 0 0 0"
 ycoef=" 0 0 1 0 0 0">
<Contour name="D39" hidden="false" closed="true" simplified="true" border="0 0 1" fill="0 0 1" mode="11"
 points="9.42961 6.91541,
	9.40541 6.9121,
	9.38401 6.9022,
	9.36745 6.88671,
	9.3548 6.8454,
	9.35988 6.82369,
	9.37211 6.80412,
	9.39019 6.78859,
	9.41221 6.77859,
	9.43604 6.77505,
	9.4592 6.77829,
	9.47973 6.78798,
	9.4957 6.80325,
	9.50575 6.82265,
	9.50889 6.84433,
	9.50471 6.86615,
	9.49341 6.88592,
	9.47595 6.90165,
	9.4539 6.91182,
	"/>
</Transform>

<Transform dim="0"
 xcoef=" 0 1 0 0 0 0"
 ycoef=" 0 0 1 0 0 0">
<Contour name="D37" hidden="false" closed="true" simplified="true" border="1 0 0" fill="1 0 0" mode="11"
 points="16.429 8.06971,
	16.4059 8.06896,
	16.3833 8.06087,
	16.3634 8.04622,
	16.3481 8.02653,
	16.3367 7.98047,
	16.3414 7.95877,
	16.3529 7.94084,
	16.3701 7.92825,
	16.3912 7.92203,
	16.4141 7.92268,
	16.4368 7.93021,
	16.457 7.944,
	16.4724 7.96284,
	16.4819 7.98504,
	16.4842 8.00844,
	16.4794 8.03072,
	16.4676 8.04955,
	16.4503 8.06302,
	"/>
</Transform>

<Transform dim="0"
 xcoef=" 0 1 0 0 0 0"
 ycoef=" 0 0 1 0 0 0">
<Contour name="D24" hidden="false" closed="true" simplified="true" border="1 0 0" fill="1 0 0" mode="11"
 points="11.5137 4.6685,
	11.4835 4.66096,
	11.4578 4.64486,
	11.4392 4.62148,
	11.4294 4.5627,
	11.4387 4.53371,
	11.4564 4.50952,
	11.4809 4.49307,
	11.5098 4.48628,
	11.5407 4.48963,
	11.5705 4.50187,
	11.5965 4.52081,
	11.6159 4.54405,
	11.6267 4.56951,
	11.6276 4.59532,
	11.6184 4.61975,
	11.6003 4.64112,
	11.5751 4.65754,
	11.5452 4.66714,
	"/>
</Transform>

<Transform dim="0"
 xcoef=" 0 1 0 0 0 0"
 ycoef=" 0 0 1 0 0 0">
<Contour name="D01" hidden="false" closed="true" simplified="true" border="1 0 0" fill="1 0 0" mode="11"
 points="8.12416 6.43984,
	8.09564 6.42662,
	8.07275 6.40552,
	8.05184 6.34864,
	8.05587 6.31851,
	8.06937 6.29122,
	8.09098 6.26944,
	8.11846 6.25532,
	8.14906 6.25018,
	8.17979 6.25452,
	8.20774 6.26787,
	8.23037 6.28893,
	8.24558 6.31565,
	8.25191 6.34542,
	8.24858 6.37536,
	8.2357 6.40255,
	8.21438 6.42433,
	8.18672 6.4386,
	8.15557 6.44395,
	"/>
</Transform>

<Transform dim="0"
 xcoef=" 0 1 0 0 0 0"
 ycoef=" 0 0 1 0 0 0">
<Contour name="D01" hidden="false" closed="true" simplified="true" border="1 0 0" fill="1 0 0" mode="11"
 points="7.83797 7.03727,
	7.79979 7.02588,
	7.79028 7.01896,
	7.78554 7.01434,
	7.78794 6.99567,
	7.79032 6.98633,
	7.80221 6.9676,
	7.80706 6.94891,
	7.80716 6.93959,
	7.81445 6.92088,
	7.81694 6.91154,
	7.81294 6.87427,
	7.80446 6.83702,
	7.78905 6.79983,
	7.75233 6.76985,
	7.6017 6.71314,
	7.59214 6.70859,
	7.58265 6.69937,
	7.57329 6.68082,
	7.56874 6.66221,
	7.56946 6.58752,
	7.57191 6.56883,
	7.56938 6.55021,
	7.56931 6.54089,
	7.56926 6.53623,
	7.56924 6.53389,
	7.57386 6.51519,
	7.60367 6.44024,
	7.61215 6.4029,
	7.63262 6.36532,
	7.68559 6.2896,
	7.69472 6.27068,
	7.76984 6.20943,
	7.80746 6.18191,
	7.88262 6.13859,
	7.95739 6.11497,
	7.99461 6.0976,
	8.06869 6.08458,
	8.08715 6.08197,
	8.10555 6.08412,
	8.11476 6.08401,
	8.15145 6.09776,
	8.16977 6.10228,
	8.18807 6.11388,
	8.22467 6.14411,
	8.24302 6.16039,
	8.27085 6.19772,
	8.28265 6.21641,
	8.28997 6.23514,
	8.30207 6.25384,
	8.33609 6.29116,
	8.34588 6.30048,
	8.35743 6.33811,
	8.38436 6.48902,
	8.3783 6.52682,
	8.37161 6.54575,
	8.34632 6.58375,
	8.2849 6.65994,
	8.26574 6.67674,
	8.25115 6.69582,
	8.24145 6.70541,
	8.22912 6.72447,
	8.16064 6.8012,
	8.08381 6.87788,
	8.04602 6.91364,
	8.00839 6.94459,
	7.93283 6.98747,
	7.85709 7.03713,
	"/>
</Transform>

<Transform dim="0"
 xcoef=" 0 1 0 0 0 0"
 ycoef=" 0 0 1 0 0 0">
<Contour name="D03" hidden="false" closed="true" simplified="true" border="1 0 0" fill="1 0 0" mode="11"
 points="10.2404 6.60274,
	10.2197 6.59844,
	10.2016 6.58541,
	10.1877 6.565,
	10.1772 6.51108,
	10.1819 6.48302,
	10.1933 6.45785,
	10.2103 6.4379,
	10.2311 6.42495,
	10.2534 6.42016,
	10.2748 6.424,
	10.2932 6.43621,
	10.3069 6.45577,
	10.3148 6.48088,
	10.3162 6.50911,
	10.3108 6.53763,
	10.2991 6.56359,
	10.2822 6.58437,
	10.2619 6.59787,
	"/>
</Transform>

<Transform dim="0"
 xcoef=" 0 1 0 0 0 0"
 ycoef=" 0 0 1 0 0 0">
<Contour name="D07" hidden="false" closed="true" simplified="true" border="1 0 1" fill="1 0 1" mode="11"
 points="7.4542 6.11018,
	7.41889 6.1057,
	7.38734 6.09176,
	7.36263 6.06976,
	7.34238 6.01056,
	7.34877 5.97908,
	7.36567 5.95035,
	7.39144 5.92714,
	7.42353 5.91166,
	7.45879 5.90555,
	7.49378 5.90957,
	7.52518 5.92346,
	7.54995 5.94584,
	7.5657 5.97443,
	7.5708 6.00627,
	7.56467 6.03816,
	7.54788 6.06697,
	7.52207 6.08988,
	7.48977 6.10476,
	"/>
</Transform>

<Transform dim="0"
 xcoef=" 0 1 0 0 0 0"
 ycoef=" 0 0 1 0 0 0">
<Contour name="D10" hidden="false" closed="true" simplified="true" border="0 1 1" fill="0 1 1" mode="11"
 points="9.7693 8.23514,
	9.73634 8.23281,
	9.70625 8.22208,
	9.68203 8.20401,
	9.66046 8.15376,
	9.66552 8.12662,
	9.68094 8.10175,
	9.70534 8.08165,
	9.73641 8.06831,
	9.77099 8.06302,
	9.80552 8.06617,
	9.83637 8.07736,
	9.86035 8.09538,
	9.8751 8.11845,
	9.8793 8.14436,
	9.87277 8.17069,
	9.85642 8.19502,
	9.83208 8.2151,
	9.80215 8.22897,
	"/>
</Transform>

<Transform dim="0"
 xcoef=" 0 1 0 0 0 0"
 ycoef=" 0 0 1 0 0 0">
<Contour name="D13" hidden="false" closed="true" simplified="true" border="1 0 0" fill="1 0 0" mode="11"
 points="4.96006 8.53449,
	4.92458 8.53242,
	4.8932 8.52165,
	4.86882 8.50343,
	4.84839 8.45361,
	4.85397 8.42741,
	4.86967 8.40376,
	4.89393 8.38473,
	4.92439 8.37192,
	4.95813 8.36635,
	4.9921 8.3684,
	5.0233 8.37782,
	5.04886 8.39382,
	5.06625 8.41517,
	5.07341 8.44018,
	5.06922 8.46658,
	5.05377 8.49168,
	5.02849 8.51281,
	4.99603 8.52765,
	"/>
</Transform>

<Transform dim="0"
 xcoef=" 0 1 0 0 0 0"
 ycoef=" 0 0 1 0 0 0">
<Contour name="D14" hidden="false" closed="true" simplified="true" border="1 0 0" fill="1 0 0" mode="11"
 points="6.45245 8.80619,
	6.41927 8.80105,
	6.39054 8.788,
	6.369 8.76788,
	6.35431 8.71361,
	6.36225 8.68501,
	6.37967 8.65972,
	6.40509 8.64052,
	6.43632 8.62925,
	6.47046 8.62676,
	6.50419 8.63304,
	6.53405 8.64746,
	6.55693 8.66874,
	6.57046 8.69485,
	6.57317 8.72312,
	6.56473 8.75054,
	6.54605 8.77432,
	6.51915 8.79233,
	6.48686 8.8032,
	"/>
</Transform>

<Transform dim="0"
 xcoef=" 0 1 0 0 0 0"
 ycoef=" 0 0 1 0 0 0">
<Contour name="D25" hidden="false" closed="true" simplified="true" border="0 0 1" fill="0 0 1" mode="11"
 points="10.9444 5.81611,
	10.92 5.81127,
	10.8993 5.79795,
	10.8845 5.77739,
	10.878 5.72301,
	10.8867 5.69466,
	10.9022 5.66941,
	10.9231 5.6497,
	10.9476 5.63736,
	10.9734 5.63343,
	10.998 5.63827,
	11.0189 5.65143,
	11.034 5.6717,
	11.0415 5.6972,
	11.0406 5.72551,
	11.0317 5.75381,
	11.0159 5.77927,
	10.9947 5.79933,
	10.9701 5.81201,
	"/>
</Transform>

<Transform dim="0"
 xcoef=" 0 1 0 0 0 0"
 ycoef=" 0 0 1 0 0 0">
<Contour name="D05" hidden="false" closed="true" simplified="true" border="0 0 1" fill="0 0 1" mode="11"
 points="7.19897 7.31151,
	7.16235 7.30518,
	7.12907 7.28937,
	7.10269 7.26592,
	7.08031 7.20664,
	7.08631 7.17672,
	7.10314 7.15032,
	7.12909 7.12975,
	7.16164 7.11678,
	7.1977 7.11268,
	7.23386 7.11798,
	7.26655 7.13234,
	7.2925 7.1545,
	7.30914 7.18241,
	7.3149 7.21335,
	7.30935 7.24428,
	7.29306 7.2721,
	7.26757 7.29398,
	7.23522 7.30762,
	"/>
</Transform>

<Transform dim="0"
 xcoef=" 0 1 0 0 0 0"
 ycoef=" 0 0 1 0 0 0">
<Contour name="D06" hidden="false" closed="true" simplified="true" border="0 0 1" fill="0 0 1" mode="11"
 points="6.78664 6.96167,
	6.75579 6.95564,
	6.72791 6.94168,
	6.70577 6.92093,
	6.68746 6.86809,
	6.69358 6.8419,
	6.70952 6.81974,
	6.73366 6.80374,
	6.76338 6.79513,
	6.79544 6.79429,
	6.82648 6.80109,
	6.85352 6.81495,
	6.87413 6.83478,
	6.88658 6.85885,
	6.88981 6.88486,
	6.88355 6.91025,
	6.86836 6.93248,
	6.84567 6.94941,
	6.81756 6.95947,
	"/>
</Transform>

<Transform dim="0"
 xcoef=" 0 1 0 0 0 0"
 ycoef=" 0 0 1 0 0 0">
<Contour name="D08" hidden="false" closed="true" simplified="true" border="1 0 0" fill="1 0 0" mode="11"
 points="8.75715 7.65435,
	8.72649 7.64953,
	8.69804 7.63494,
	8.67455 7.61203,
	8.6521 7.55059,
	8.65648 7.51785,
	8.67165 7.48792,
	8.69595 7.46376,
	8.72653 7.44786,
	8.75987 7.44187,
	8.79243 7.44638,
	8.82095 7.46096,
	8.84264 7.48416,
	8.85552 7.51371,
	8.85859 7.5467,
	8.85199 7.57984,
	8.83677 7.60978,
	8.81458 7.63355,
	8.78732 7.64888,
	"/>
</Transform>

<Transform dim="0"
 xcoef=" 0 1 0 0 0 0"
 ycoef=" 0 0 1 0 0 0">
<Contour name="D11" hidden="false" closed="true" simplified="true" border="1 0 0" fill="1 0 0" mode="11"
 points="4.44544 6.966,
	4.41968 6.95944,
	4.39626 6.94587,
	4.37775 6.92635,
	4.36284 6.87663,
	4.36807 6.85099,
	4.38134 6.82816,
	4.40122 6.81042,
	4.42556 6.79977,
	4.45169 6.79759,
	4.47678 6.80448,
	4.4983 6.81991,
	4.51434 6.84211,
	4.52383 6.86835,
	4.5263 6.89552,
	4.52175 6.92073,
	4.51043 6.94171,
	4.49302 6.95684,
	4.47072 6.96512,
	"/>
</Transform>

<Transform dim="0"
 xcoef=" 0 1 0 0 0 0"
 ycoef=" 0 0 1 0 0 0">
<Contour name="D12" hidden="false" closed="true" simplified="true" border="0 0 1" fill="0 0 1" mode="11"
 points="5.89043 8.10004,
	5.86357 8.09743,
	5.84 8.08658,
	5.822 8.06858,
	5.80891 8.01895,
	5.81505 7.99226,
	5.82912 7.96776,
	5.84973 7.9478,
	5.87489 7.93431,
	5.90218 7.92857,
	5.92896 7.93112,
	5.95266 7.94171,
	5.97094 7.95935,
	5.98191 7.98239,
	5.98445 8.00864,
	5.97831 8.03552,
	5.96413 8.0603,
	5.9433 8.08052,
	5.9179 8.09421,
	"/>
</Transform>

<Transform dim="0"
 xcoef=" 0 1 0 0 0 0"
 ycoef=" 0 0 1 0 0 0">
<Contour name="D15" hidden="false" closed="true" simplified="true" border="0 0 1" fill="0 0 1" mode="11"
 points="4.82855 6.30112,
	4.79744 6.29499,
	4.77027 6.27865,
	4.74942 6.25403,
	4.73342 6.19053,
	4.73971 6.15781,
	4.75496 6.12868,
	4.7777 6.10592,
	4.80591 6.09158,
	4.8372 6.08686,
	4.86889 6.092,
	4.89797 6.10646,
	4.92127 6.12901,
	4.93594 6.15782,
	4.94015 6.19047,
	4.93335 6.224,
	4.91635 6.25501,
	4.89118 6.28002,
	4.86083 6.29602,
	"/>
</Transform>

<Transform dim="0"
 xcoef=" 0 1 0 0 0 0"
 ycoef=" 0 0 1 0 0 0">
<Contour name="D02" hidden="false" closed="true" simplified="true" border="0 0 1" fill="0 0 1" mode="11"
 points="11.5784 7.15842,
	11.5356 7.15317,
	11.497 7.14035,
	11.4666 7.12098,
	11.4405 7.07048,
	11.4472 7.04451,
	11.4666 7.02173,
	11.4968 7.00459,
	11.5351 6.99492,
	11.5776 6.99364,
	11.6206 7.00068,
	11.6597 7.01505,
	11.691 7.03517,
	11.7114 7.0591,
	11.7186 7.08452,
	11.7119 7.10895,
	11.6919 7.13012,
	11.6608 7.1462,
	11.6216 7.15593,
	"/>
</Transform>

<Transform dim="0"
 xcoef=" 0 1 0 0 0 0"
 ycoef=" 0 0 1 0 0 0">
<Contour name="D17" hidden="false" closed="true" simplified="true" border="1 0 1" fill="1 0 1" mode="11"
 points="8.57113 3.55198,
	8.53635 3.54221,
	8.50417 3.52261,
	8.47743 3.49511,
	8.45013 3.42756,
	8.45269 3.39417,
	8.46664 3.36529,
	8.49107 3.34343,
	8.52362 3.33048,
	8.5608 3.32776,
	8.59855 3.33577,
	8.63282 3.35402,
	8.66016 3.38089,
	8.67795 3.41382,
	8.68453 3.4496,
	8.67929 3.48463,
	8.66291 3.51525,
	8.63741 3.53809,
	8.60576 3.55071,
	"/>
</Transform>

<Transform dim="0"
 xcoef=" 0 1 0 0 0 0"
 ycoef=" 0 0 1 0 0 0">
<Contour name="D04" hidden="false" closed="true" simplified="true" border="1 0 0" fill="1 0 0" mode="11"
 points="12.4096 6.66625,
	12.3756 6.65998,
	12.345 6.64504,
	12.321 6.62283,
	12.3004 6.56581,
	12.306 6.53668,
	12.3221 6.51099,
	12.3471 6.49131,
	12.379 6.47961,
	12.4142 6.4771,
	12.4493 6.48395,
	12.4805 6.49937,
	12.5049 6.52175,
	12.5199 6.54889,
	12.5242 6.57819,
	12.5176 6.60684,
	12.5008 6.6321,
	12.4753 6.65155,
	12.4439 6.66332,
	"/>
</Transform>

<Transform dim="0"
 xcoef=" 0 1 0 0 0 0"
 ycoef=" 0 0 1 0 0 0">
<Contour name="D27" hidden="false" closed="true" simplified="true" border="1 0 0" fill="1 0 0" mode="11"
 points="12.8726 6.96197,
	12.8416 6.95668,
	12.8133 6.94526,
	12.7905 6.92878,
	12.77 6.8872,
	12.7747 6.86607,
	12.7894 6.84759,
	12.8128 6.83379,
	12.8424 6.82625,
	12.8752 6.8258,
	12.9075 6.83237,
	12.936 6.84502,
	12.9579 6.86229,
	12.9714 6.88236,
	12.9753 6.90327,
	12.9694 6.92315,
	12.9544 6.94028,
	12.9318 6.95321,
	12.9036 6.96073,
	"/>
</Transform>

<Transform dim="0"
 xcoef=" 0 1 0 0 0 0"
 ycoef=" 0 0 1 0 0 0">
<Contour name="d08_Interest_" hidden="false" closed="true" simplified="true" border="0 0 0" fill="0 0 0" mode="11"
 points="8.90521 7.17312,
	8.88443 7.16984,
	8.86541 7.15966,
	8.84992 7.14357,
	8.83496 7.10042,
	8.83693 7.07756,
	8.84526 7.05677,
	8.85926 7.04008,
	8.87757 7.02908,
	8.89841 7.0249,
	8.91964 7.02799,
	8.9391 7.03809,
	8.95485 7.05421,
	8.96532 7.07477,
	8.96954 7.0977,
	8.96711 7.12075,
	8.95831 7.14162,
	8.94404 7.1583,
	8.92573 7.16914,
	"/>
</Transform>

<Transform dim="0"
 xcoef=" 0 1 0 0 0 0"
 ycoef=" 0 0 1 0 0 0">
<Contour name="D09" hidden="false" closed="true" simplified="true" border="0 1 0" fill="0 1 0" mode="11"
 points="8.67475 5.67715,
	8.63729 5.67097,
	8.60358 5.65398,
	8.57705 5.62781,
	8.55516 5.55871,
	8.56184 5.52256,
	8.57968 5.49011,
	8.6069 5.46459,
	8.64083 5.44849,
	8.67818 5.44339,
	8.71531 5.44979,
	8.74855 5.46704,
	8.77463 5.49341,
	8.791 5.5263,
	8.7962 5.56245,
	8.78984 5.59835,
	8.77252 5.63052,
	8.74581 5.65586,
	8.71216 5.67193,
	"/>
</Transform>

<Transform dim="0"
 xcoef=" 0 1 0 0 0 0"
 ycoef=" 0 0 1 0 0 0">
<Contour name="D19" hidden="false" closed="true" simplified="true" border="0 1 0" fill="0 1 0" mode="11"
 points="3.69765 5.69937,
	3.66039 5.69411,
	3.62745 5.67905,
	3.60206 5.65573,
	3.58306 5.59411,
	3.59139 5.56183,
	3.61099 5.53276,
	3.63993 5.50972,
	3.67539 5.49493,
	3.71386 5.48984,
	3.75146 5.49492,
	3.78434 5.50966,
	3.80918 5.53266,
	3.82371 5.56174,
	3.82677 5.5941,
	3.81822 5.62656,
	3.79887 5.65594,
	3.77044 5.67929,
	3.73556 5.69427,
	"/>
</Transform>

<Transform dim="0"
 xcoef=" 0 1 0 0 0 0"
 ycoef=" 0 0 1 0 0 0">
<Contour name="D31" hidden="false" closed="true" simplified="true" border="1 0 0" fill="1 0 0" mode="11"
 points="12.469 7.6148,
	12.4313 7.60848,
	12.3969 7.59348,
	12.3688 7.57136,
	12.3413 7.51533,
	12.3449 7.48685,
	12.3605 7.46169,
	12.3866 7.44248,
	12.4206 7.43141,
	12.4594 7.42976,
	12.4984 7.43752,
	12.5338 7.4535,
	12.562 7.47573,
	12.5805 7.50192,
	12.5874 7.52975,
	12.5824 7.55693,
	12.5658 7.58118,
	12.5396 7.60019,
	12.5063 7.61187,
	"/>
</Transform>

<Transform dim="0"
 xcoef=" 0 1 0 0 0 0"
 ycoef=" 0 0 1 0 0 0">
<Contour name="D16" hidden="false" closed="true" simplified="true" border="0 0 1" fill="0 0 1" mode="11"
 points="6.94896 5.66099,
	6.91891 5.65693,
	6.89212 5.64363,
	6.87122 5.62232,
	6.85503 5.56388,
	6.86153 5.5321,
	6.87724 5.50284,
	6.90053 5.47922,
	6.929 5.4638,
	6.95981 5.45815,
	6.98995 5.46276,
	7.01648 5.47698,
	7.03685 5.49928,
	7.04909 5.52743,
	7.05206 5.55865,
	7.04549 5.58989,
	7.03007 5.61813,
	7.00732 5.64069,
	6.9794 5.65542,
	"/>
</Transform>

<Transform dim="0"
 xcoef=" 0 1 0 0 0 0"
 ycoef=" 0 0 1 0 0 0">
<Contour name="D18" hidden="false" closed="true" simplified="true" border="1 0 0" fill="1 0 0" mode="11"
 points="3.44617 5.01455,
	3.40726 5.0081,
	3.37247 4.99004,
	3.34521 4.96213,
	3.32291 4.88812,
	3.33009 4.84908,
	3.34898 4.81376,
	3.37776 4.78564,
	3.4136 4.76755,
	3.453 4.76127,
	3.49202 4.76749,
	3.52673 4.78567,
	3.55364 4.81413,
	3.57018 4.84999,
	3.57499 4.88956,
	3.56775 4.92877,
	3.54915 4.96377,
	3.5208 4.9913,
	3.48532 5.00878,
	"/>
</Transform>

<Transform dim="0"
 xcoef=" 0 1 0 0 0 0"
 ycoef=" 0 0 1 0 0 0">
<Contour name="D35" hidden="false" closed="true" simplified="true" border="0 0 1" fill="0 0 1" mode="11"
 points="15.6557 6.2779,
	15.6299 6.27271,
	15.6071 6.2605,
	15.5894 6.24244,
	15.5761 6.19622,
	15.5814 6.17252,
	15.5944 6.15154,
	15.6139 6.13535,
	15.6378 6.12556,
	15.664 6.12312,
	15.69 6.12828,
	15.7129 6.14052,
	15.7308 6.15863,
	15.7417 6.18085,
	15.7446 6.20501,
	15.7392 6.22873,
	15.726 6.24969,
	15.7063 6.26582,
	15.6821 6.27554,
	"/>
</Transform>

<Transform dim="0"
 xcoef=" 0 1 0 0 0 0"
 ycoef=" 0 0 1 0 0 0">
<Contour name="D36" hidden="false" closed="true" simplified="true" border="1 0 0" fill="1 0 0" mode="11"
 points="15.3544 8.25197,
	15.3298 8.24798,
	15.3079 8.23844,
	15.2911 8.22445,
	15.2791 8.18959,
	15.285 8.17223,
	15.298 8.15703,
	15.317 8.14531,
	15.3397 8.13812,
	15.3642 8.13612,
	15.388 8.13954,
	15.409 8.14814,
	15.4252 8.16116,
	15.4351 8.17744,
	15.4377 8.19544,
	15.4327 8.21342,
	15.4204 8.22957,
	15.4021 8.24221,
	15.3794 8.24996,
	"/>
</Transform>

<Transform dim="0"
 xcoef=" 0 1 0 0 0 0"
 ycoef=" 0 0 1 0 0 0">
<Contour name="D40" hidden="false" closed="true" simplified="true" border="1 0 1" fill="1 0 1" mode="11"
 points="12.1871 10.0416,
	12.1646 10.0389,
	12.144 10.0303,
	12.1274 10.0165,
	12.1121 9.9792,
	12.1147 9.95952,
	12.1242 9.94182,
	12.1394 9.92786,
	12.159 9.919,
	12.1809 9.91604,
	12.2032 9.91922,
	12.2236 9.92815,
	12.2401 9.94194,
	12.2514 9.95923,
	12.256 9.97839,
	12.2536 9.99759,
	12.2442 10.015,
	12.229 10.029,
	12.2094 10.0381,
	"/>
</Transform>

<Transform dim="0"
 xcoef=" 0 1 0 0 0 0"
 ycoef=" 0 0 1 0 0 0">
<Contour name="D41" hidden="false" closed="true" simplified="true" border="1 0 0" fill="1 0 0" mode="11"
 points="15.5888 9.99197,
	15.5692 9.98663,
	15.5509 9.97498,
	15.5357 9.9581,
	15.5197 9.91561,
	15.5209 9.89427,
	15.5282 9.87574,
	15.5409 9.86184,
	15.5579 9.85398,
	15.5774 9.85291,
	15.5974 9.85876,
	15.616 9.8709,
	15.6314 9.88807,
	15.6419 9.90846,
	15.6466 9.93008,
	15.645 9.95088,
	15.6374 9.96895,
	15.6245 9.98261,
	15.6077 9.99054,
	"/>
</Transform>

<Transform dim="0"
 xcoef=" 0 1 0 0 0 0"
 ycoef=" 0 0 1 0 0 0">
<Contour name="D43" hidden="false" closed="true" simplified="true" border="0 1 1" fill="0 1 1" mode="11"
 points="16.9536 9.00646,
	16.926 9.00073,
	16.9013 8.98893,
	16.8822 8.97237,
	16.8675 8.93226,
	16.8731 8.91269,
	16.8867 8.89591,
	16.9067 8.88334,
	16.9314 8.87608,
	16.9583 8.87473,
	16.9849 8.8795,
	17.0088 8.89007,
	17.0277 8.90561,
	17.0396 8.92474,
	17.0436 8.94564,
	17.0389 8.96617,
	17.0261 8.98419,
	17.0062 8.99776,
	16.9813 9.00545,
	"/>
</Transform>

<Transform dim="0"
 xcoef=" 0 1 0 0 0 0"
 ycoef=" 0 0 1 0 0 0">
<Contour name="D20" hidden="false" closed="true" simplified="true" border="0 1 1" fill="0 1 1" mode="11"
 points="9.87437 3.43661,
	9.84394 3.43084,
	9.81696 3.41758,
	9.79602 3.39814,
	9.78011 3.34878,
	9.78703 3.32368,
	9.80339 3.30155,
	9.82739 3.28451,
	9.85646 3.27419,
	9.88765 3.27164,
	9.91799 3.27718,
	9.94461 3.29032,
	9.96497 3.30977,
	9.97713 3.33362,
	9.97991 3.35946,
	9.97306 3.38476,
	9.95722 3.40705,
	9.93391 3.42412,
	9.90536 3.4343,
	"/>
</Transform>

<Transform dim="0"
 xcoef=" 0 1 0 0 0 0"
 ycoef=" 0 0 1 0 0 0">
<Contour name="D34" hidden="false" closed="true" simplified="true" border="1 0 0" fill="1 0 0" mode="11"
 points="15.8858 7.01985,
	15.8639 7.01423,
	15.845 7.00089,
	15.831 6.98113,
	15.8223 6.93036,
	15.8282 6.90424,
	15.8403 6.88103,
	15.8576 6.863,
	15.8782 6.85191,
	15.9005 6.84882,
	15.9222 6.85408,
	15.9412 6.86719,
	15.9557 6.88692,
	15.9641 6.91139,
	15.9655 6.93821,
	15.9599 6.96471,
	15.9476 6.98819,
	15.9299 7.00625,
	15.9086 7.01714,
	"/>
</Transform>

<Transform dim="0"
 xcoef=" 0 1 0 0 0 0"
 ycoef=" 0 0 1 0 0 0">
<Contour name="d27sp20" hidden="false" closed="true" simplified="true" border="1 0 0" fill="1 0 0" mode="11"
 points="12.0438 7.7744,
	12.0126 7.77223,
	11.9969 7.7718,
	11.9891 7.77145,
	11.9812 7.76904,
	11.9792 7.76832,
	11.9772 7.76603,
	11.9753 7.76585,
	11.9632 7.74872,
	11.9602 7.74435,
	11.952 7.72737,
	11.9473 7.71893,
	11.9447 7.71472,
	11.9416 7.70646,
	11.9391 7.7023,
	11.9385 7.70126,
	11.9403 7.69338,
	11.9411 7.68945,
	11.9399 7.68144,
	11.9393 7.67745,
	11.9388 7.67545,
	11.9388 7.67447,
	11.9346 7.67078,
	11.9327 7.6687,
	11.9208 7.66808,
	11.9129 7.67116,
	11.909 7.67346,
	11.9013 7.6796,
	11.8934 7.68233,
	11.8855 7.68409,
	11.8815 7.68549,
	11.8737 7.69231,
	11.8717 7.69428,
	11.8639 7.69916,
	11.848 7.70655,
	11.84 7.71105,
	11.8247 7.72325,
	11.8172 7.73095,
	11.8012 7.74449,
	11.7991 7.74606,
	11.783 7.74744,
	11.7748 7.74819,
	11.7666 7.74483,
	11.7625 7.74239,
	11.7459 7.72919,
	11.7418 7.72631,
	11.7335 7.72213,
	11.7169 7.71597,
	11.7127 7.7142,
	11.7043 7.7087,
	11.6964 7.70122,
	11.6868 7.68599,
	11.6845 7.68221,
	11.6834 7.67833,
	11.678 7.67094,
	11.6769 7.66906,
	11.6692 7.66197,
	11.667 7.66024,
	11.6468 7.63164,
	11.6417 7.62466,
	11.6381 7.61756,
	11.6369 7.61583,
	11.635 7.58633,
	11.6344 7.57908,
	11.6342 7.57592,
	11.6341 7.57547,
	11.6367 7.56788,
	11.6415 7.56008,
	11.6428 7.55633,
	11.6457 7.55241,
	11.65 7.5377,
	11.6513 7.53403,
	11.662 7.51891,
	11.6633 7.51704,
	11.6637 7.51526,
	11.6636 7.51441,
	11.6697 7.50692,
	11.6716 7.50502,
	11.6795 7.50047,
	11.6876 7.49682,
	11.6956 7.49238,
	11.7032 7.48509,
	11.705 7.4833,
	11.7128 7.47862,
	11.7148 7.47767,
	11.719 7.47744,
	11.727 7.47412,
	11.7309 7.47187,
	11.7385 7.46619,
	11.7459 7.45284,
	11.7475 7.44953,
	11.7543 7.44288,
	11.7581 7.43999,
	11.7657 7.43547,
	11.7731 7.42983,
	11.7749 7.42822,
	11.7826 7.42468,
	11.7865 7.42314,
	11.8023 7.41952,
	11.81 7.41739,
	11.8252 7.41053,
	11.8402 7.40307,
	11.8476 7.39919,
	11.8628 7.39355,
	11.8703 7.39096,
	11.8859 7.3903,
	11.8897 7.38984,
	11.9057 7.39293,
	11.9216 7.39687,
	11.9295 7.39765,
	11.9455 7.4029,
	11.9494 7.40411,
	11.9576 7.40819,
	11.9616 7.41022,
	11.9657 7.41145,
	11.9824 7.42452,
	11.9867 7.42781,
	11.9887 7.42963,
	11.9889 7.43125,
	12.0143 7.4597,
	12.0209 7.46687,
	12.0256 7.47381,
	12.0274 7.47721,
	12.0281 7.47887,
	12.0353 7.4862,
	12.039 7.48991,
	12.0513 7.50445,
	12.0674 7.53277,
	12.0711 7.53991,
	12.0723 7.54176,
	12.0747 7.55534,
	12.075 7.55873,
	12.0737 7.56014,
	12.0728 7.56082,
	12.073 7.56252,
	12.0718 7.56395,
	12.0708 7.56461,
	12.0744 7.572,
	12.0762 7.57574,
	12.0768 7.57756,
	12.0769 7.57843,
	12.0801 7.58247,
	12.0818 7.58451,
	12.0853 7.59211,
	12.0911 7.60026,
	12.0944 7.60444,
	12.0964 7.60663,
	12.1092 7.63812,
	12.1121 7.64611,
	12.1264 7.67941,
	12.1302 7.68796,
	12.1298 7.7034,
	12.13 7.70734,
	12.1222 7.72133,
	12.1177 7.72823,
	12.1049 7.7414,
	12.0977 7.74792,
	12.0825 7.75844,
	12.0748 7.76303,
	12.0593 7.76934,
	12.0516 7.77263,
	12.0477 7.77403,
	"/>
</Transform>

<Transform dim="0"
 xcoef=" 0 1 0 0 0 0"
 ycoef=" 0 0 1 0 0 0">
<Contour name="d25sp20" hidden="false" closed="true" simplified="true" border="1 0 0" fill="1 0 0" mode="11"
 points="10.7862 4.52728,
	10.7774 4.52704,
	10.7596 4.52562,
	10.7552 4.52518,
	10.7373 4.51894,
	10.7232 4.50874,
	10.7169 4.5033,
	10.7068 4.49162,
	10.6996 4.47896,
	10.6963 4.47235,
	10.6947 4.469,
	10.6932 4.44008,
	10.6932 4.43961,
	10.6932 4.43914,
	10.6962 4.42384,
	10.6975 4.41609,
	10.6981 4.41219,
	10.7056 4.39618,
	10.7143 4.37992,
	10.724 4.36343,
	10.7383 4.34657,
	10.7742 4.32367,
	10.7833 4.31846,
	10.8192 4.30589,
	10.8914 4.28128,
	10.9277 4.26826,
	10.964 4.25338,
	10.9821 4.24588,
	10.9912 4.24245,
	11.0269 4.23402,
	11.0445 4.23461,
	11.0533 4.23472,
	11.0576 4.2356,
	11.0662 4.24057,
	11.0704 4.24361,
	11.072 4.24515,
	11.0744 4.26206,
	11.065 4.29626,
	11.0387 4.36399,
	11.0355 4.37225,
	11.0174 4.40462,
	11.0127 4.41244,
	10.9996 4.42772,
	10.9933 4.43513,
	10.9787 4.44947,
	10.9632 4.46317,
	10.9556 4.46981,
	10.9469 4.4751,
	10.9296 4.48316,
	10.9209 4.48757,
	10.8864 4.50311,
	10.8691 4.51039,
	10.8605 4.51393,
	10.8562 4.51571,
	10.8388 4.52084,
	10.8214 4.52441,
	10.8038 4.52717,
	"/>
</Transform>

<Transform dim="0"
 xcoef=" 0 1 0 0 0 0"
 ycoef=" 0 0 1 0 0 0">
<Contour name="d27sp26" hidden="false" closed="true" simplified="true" border="1 0 0" fill="1 0 0" mode="11"
 points="13.0844 7.81215,
	13.0642 7.81098,
	13.0541 7.80916,
	13.0339 7.79598,
	13.0236 7.79047,
	13.0186 7.78652,
	12.9982 7.78223,
	12.9881 7.78115,
	12.9779 7.77766,
	12.9753 7.77735,
	12.9663 7.76694,
	12.9598 7.75681,
	12.9559 7.75164,
	12.9519 7.74182,
	12.9454 7.73166,
	12.9401 7.7263,
	12.9348 7.71632,
	12.9335 7.71153,
	12.9283 7.70733,
	12.9181 7.70238,
	12.9077 7.69282,
	12.9025 7.68747,
	12.8945 7.66816,
	12.8931 7.66345,
	12.8788 7.64351,
	12.8762 7.64092,
	12.8761 7.6387,
	12.8735 7.63613,
	12.8696 7.62679,
	12.8683 7.62442,
	12.8707 7.62366,
	12.8703 7.6062,
	12.8676 7.58861,
	12.8674 7.58001,
	12.8674 7.57572,
	12.8673 7.57358,
	12.8673 7.57251,
	12.8746 7.55618,
	12.8771 7.55214,
	12.8821 7.54831,
	12.8871 7.54661,
	12.8922 7.53844,
	12.8934 7.53424,
	12.8971 7.53021,
	12.9034 7.5134,
	12.9123 7.49663,
	12.9162 7.48815,
	12.9162 7.48598,
	12.9303 7.47023,
	12.9353 7.46604,
	12.9456 7.46088,
	12.9495 7.45769,
	12.9548 7.44022,
	12.9587 7.43147,
	12.9639 7.42715,
	13.0052 7.42083,
	13.0258 7.41963,
	13.0362 7.42065,
	13.0777 7.43222,
	13.083 7.43434,
	13.0855 7.43427,
	13.0881 7.43647,
	13.0986 7.43843,
	13.1038 7.4394,
	13.1065 7.4416,
	13.1169 7.44466,
	13.1221 7.44678,
	13.1325 7.45565,
	13.1534 7.46182,
	13.1561 7.46406,
	13.1612 7.46502,
	13.1717 7.47047,
	13.1822 7.47237,
	13.1873 7.47452,
	13.19 7.47439,
	13.1926 7.47666,
	13.2134 7.478,
	13.2342 7.48168,
	13.2752 7.49511,
	13.2956 7.50243,
	13.3043 7.50679,
	13.3241 7.5203,
	13.334 7.52578,
	13.3538 7.5304,
	13.3588 7.53247,
	13.3612 7.53226,
	13.3709 7.5401,
	13.3824 7.55758,
	13.3826 7.57732,
	13.3798 7.58747,
	13.3771 7.59269,
	13.377 7.59516,
	13.3731 7.6005,
	13.3663 7.62085,
	13.357 7.64134,
	13.3519 7.65158,
	13.343 7.6621,
	13.3366 7.6723,
	13.3202 7.69159,
	13.3126 7.70167,
	13.301 7.72144,
	13.2972 7.7264,
	13.2772 7.74025,
	13.2708 7.74995,
	13.2694 7.75474,
	13.2657 7.75958,
	13.2656 7.76195,
	13.258 7.7716,
	13.2492 7.77885,
	13.2393 7.78133,
	13.2294 7.7814,
	13.2244 7.78497,
	13.1844 7.79773,
	13.1744 7.80112,
	13.1545 7.80424,
	13.1445 7.80868,
	13.1044 7.81078,
	"/>
</Transform>

<Transform dim="0"
 xcoef=" 0 1 0 0 0 0"
 ycoef=" 0 0 1 0 0 0">
<Contour name="d13sp20br" hidden="false" closed="true" simplified="true" border="1 0 0" fill="1 0 0" mode="11"
 points="4.48744 9.22055,
	4.47771 9.21676,
	4.47287 9.21433,
	4.46448 9.2062,
	4.46035 9.19788,
	4.45806 9.18948,
	4.45691 9.18528,
	4.45645 9.17681,
	4.45647 9.17574,
	4.45648 9.17521,
	4.45921 9.15814,
	4.46059 9.14962,
	4.4613 9.14536,
	4.47262 9.12801,
	4.47832 9.11934,
	4.4916 9.10197,
	4.49538 9.09761,
	4.51535 9.08519,
	4.52536 9.07898,
	4.53036 9.07613,
	4.54031 9.07251,
	4.54527 9.07121,
	4.54778 9.07004,
	4.55764 9.07053,
	4.56749 9.07254,
	4.5724 9.07432,
	4.58221 9.08044,
	4.58711 9.08426,
	4.59445 9.09206,
	4.59931 9.10002,
	4.60106 9.10821,
	4.60163 9.11234,
	4.59824 9.12926,
	4.59295 9.1464,
	4.57862 9.18114,
	4.57797 9.18329,
	4.56078 9.20142,
	4.55191 9.20996,
	4.54187 9.21432,
	4.52191 9.21923,
	4.512 9.22033,
	4.49233 9.22031,
	"/>
</Transform>

<Transform dim="0"
 xcoef=" 0 1 0 0 0 0"
 ycoef=" 0 0 1 0 0 0">
<Contour name="d13sp19" hidden="false" closed="true" simplified="true" border="1 0 0" fill="1 0 0" mode="11"
 points="4.57891 8.24206,
	4.57803 8.24159,
	4.578 8.24099,
	4.58945 8.21959,
	4.59528 8.20874,
	4.60446 8.1872,
	4.60867 8.17638,
	4.62065 8.15403,
	4.62928 8.1424,
	4.63615 8.131,
	4.65646 8.08628,
	4.65796 8.07557,
	4.65821 8.05451,
	4.65186 8.01347,
	4.6478 7.99324,
	4.64204 7.95306,
	4.64078 7.94315,
	4.64388 7.92291,
	4.64567 7.91289,
	4.64654 7.90791,
	4.6708 7.89502,
	4.69653 7.88573,
	4.723 7.88007,
	4.73692 7.88047,
	4.76532 7.88435,
	4.7795 7.88671,
	4.80792 7.89348,
	4.82152 7.89432,
	4.84885 7.89867,
	4.85437 7.90266,
	4.86301 7.91211,
	4.86766 7.91687,
	4.87374 7.93676,
	4.87577 7.94177,
	4.87112 7.98331,
	4.87029 8.00429,
	4.87629 8.02507,
	4.88829 8.04567,
	4.89455 8.06656,
	4.8961 8.07179,
	4.89512 8.093,
	4.89577 8.10354,
	4.8995 8.11395,
	4.90554 8.12425,
	4.92839 8.14371,
	4.94065 8.14911,
	4.94676 8.15214,
	4.94983 8.15331,
	4.95134 8.15456,
	4.94977 8.15528,
	4.90038 8.14817,
	4.87557 8.14528,
	4.85066 8.14046,
	4.82553 8.13772,
	4.81287 8.13641,
	4.7873 8.13854,
	4.77439 8.13936,
	4.74826 8.14583,
	4.69481 8.16501,
	4.68803 8.16768,
	4.66071 8.18371,
	4.63329 8.20189,
	"/>
</Transform>

<Transform dim="0"
 xcoef=" 0 1 0 0 0 0"
 ycoef=" 0 0 1 0 0 0">
<Contour name="d13sph19" hidden="false" closed="true" simplified="true" border="1 0 0" fill="1 0 0" mode="11"
 points="4.73829 8.05199,
	4.73522 8.05137,
	4.72909 8.05104,
	4.726 8.05045,
	4.72447 8.0506,
	4.72136 8.0497,
	4.71982 8.04986,
	4.71671 8.04897,
	4.71517 8.04913,
	4.71204 8.04826,
	4.7058 8.04742,
	4.70425 8.04759,
	4.70346 8.04708,
	4.70033 8.04683,
	4.69718 8.04599,
	4.69089 8.04521,
	4.68771 8.04439,
	4.68615 8.04457,
	4.68534 8.04407,
	4.68217 8.04355,
	4.68059 8.04315,
	4.67977 8.04265,
	4.67699 8.0421,
	4.67541 8.04198,
	4.66938 8.03975,
	4.66656 8.03862,
	4.66494 8.03794,
	4.66416 8.03804,
	4.65806 8.03495,
	4.65646 8.03486,
	4.65607 8.03491,
	4.65526 8.03472,
	4.64863 7.99761,
	4.6432 7.9609,
	4.64058 7.94283,
	4.6438 7.92433,
	4.64545 7.91519,
	4.64625 7.91065,
	4.64664 7.90839,
	4.64655 7.90784,
	4.66937 7.89573,
	4.69277 7.887,
	4.69871 7.8853,
	4.72283 7.88013,
	4.73546 7.88024,
	4.76133 7.88375,
	4.77428 7.88586,
	4.78072 7.88696,
	4.80667 7.89339,
	4.81907 7.89415,
	4.84396 7.89779,
	4.84704 7.89816,
	4.84986 7.89939,
	4.85534 7.90357,
	4.86319 7.91219,
	4.86743 7.91653,
	4.873 7.93463,
	4.87358 7.93692,
	4.87579 7.94146,
	4.87162 7.97927,
	4.87056 7.99836,
	4.87059 7.99925,
	4.86847 8.00084,
	4.86315 8.00437,
	4.86172 8.00534,
	4.86103 8.00628,
	4.8603 8.00631,
	4.85961 8.00753,
	4.85711 8.00915,
	4.85464 8.01137,
	4.84428 8.01817,
	4.83892 8.02174,
	4.8382 8.02177,
	4.82705 8.02836,
	4.82561 8.02904,
	4.8249 8.02968,
	4.82416 8.02972,
	4.82381 8.03034,
	4.82235 8.03072,
	4.82092 8.0317,
	4.81946 8.03208,
	4.81657 8.03375,
	4.81512 8.03473,
	4.8144 8.03478,
	4.81295 8.03576,
	4.81186 8.03613,
	4.80607 8.03977,
	4.80461 8.04046,
	4.80386 8.0405,
	4.80133 8.04216,
	4.8006 8.04221,
	4.80023 8.04283,
	4.7995 8.04287,
	4.79878 8.04352,
	4.7973 8.04362,
	4.79657 8.04426,
	4.79584 8.04431,
	4.79512 8.04496,
	4.79364 8.04505,
	4.79218 8.04604,
	4.78629 8.04764,
	4.78334 8.04843,
	4.75946 8.05051,
	4.7474 8.05179,
	4.74133 8.05172,
	"/>
</Transform>

<Transform dim="0"
 xcoef=" 0 1 0 0 0 0"
 ycoef=" 0 0 1 0 0 0">
<Contour name="d05sp21" hidden="false" closed="true" simplified="true" border="1 0 0" fill="1 0 0" mode="11"
 points="6.97699 8.90324,
	6.94918 8.90056,
	6.93529 8.89778,
	6.93179 8.89753,
	6.91805 8.89018,
	6.86344 8.85435,
	6.86003 8.85228,
	6.84678 8.83789,
	6.84019 8.83032,
	6.8341 8.81577,
	6.83194 8.80859,
	6.83199 8.80772,
	6.83553 8.7939,
	6.84078 8.78015,
	6.84343 8.75221,
	6.86306 8.69706,
	6.88042 8.64202,
	6.88851 8.6146,
	6.89166 8.6009,
	6.89363 8.57348,
	6.89416 8.55979,
	6.89775 8.53248,
	6.90223 8.47798,
	6.90568 8.45081,
	6.91252 8.42376,
	6.92065 8.41037,
	6.93173 8.38354,
	6.93727 8.37017,
	6.95261 8.34366,
	6.96329 8.33055,
	6.97872 8.30418,
	6.98861 8.29108,
	6.99314 8.28451,
	7.0074 8.27156,
	7.01452 8.26593,
	7.02838 8.26397,
	7.05581 8.26612,
	7.06953 8.26684,
	7.07634 8.26807,
	7.07977 8.26826,
	7.0931 8.27686,
	7.09974 8.28163,
	7.10765 8.29614,
	7.1092 8.29975,
	7.11054 8.3278,
	7.11025 8.35566,
	7.10747 8.38317,
	7.09271 8.43679,
	7.08494 8.4634,
	7.08056 8.49035,
	7.07946 8.49709,
	7.08689 8.52538,
	7.09058 8.53955,
	7.0909 8.55333,
	7.08618 8.60788,
	7.08305 8.66304,
	7.08275 8.69094,
	7.07247 8.80346,
	7.06727 8.83176,
	7.06254 8.84583,
	7.05352 8.8597,
	7.0261 8.88346,
	7.01201 8.89262,
	7.00495 8.89673,
	6.99094 8.90135,
	"/>
</Transform>

<Transform dim="0"
 xcoef=" 0 1 0 0 0 0"
 ycoef=" 0 0 1 0 0 0">
<Contour name="d04p20" hidden="false" closed="true" simplified="true" border="1 0 0" fill="1 0 0" mode="11"
 points="12.7357 6.61352,
	12.7203 6.59956,
	12.7371 6.58776,
	12.7526 6.60177,
	"/>
</Transform>

<Transform dim="0"
 xcoef=" 0 1 0 0 0 0"
 ycoef=" 0 0 1 0 0 0">
<Contour name="d05sph21" hidden="false" closed="true" simplified="true" border="1 0 0" fill="1 0 0" mode="11"
 points="6.97735 8.90336,
	6.94634 8.90011,
	6.93859 8.89856,
	6.93472 8.89777,
	6.93179 8.89755,
	6.91646 8.88913,
	6.88597 8.86912,
	6.87077 8.85912,
	6.86317 8.85426,
	6.86126 8.8531,
	6.86032 8.85253,
	6.84554 8.83649,
	6.84186 8.83227,
	6.84028 8.83017,
	6.83348 8.81395,
	6.83227 8.80995,
	6.83185 8.80894,
	6.83192 8.80797,
	6.83193 8.80773,
	6.83611 8.79232,
	6.83905 8.78465,
	6.84052 8.78082,
	6.84223 8.76524,
	6.84297 8.75745,
	6.84346 8.75357,
	6.84443 8.74971,
	6.86601 8.68819,
	6.87571 8.65747,
	6.8805 8.64216,
	6.88904 8.61157,
	6.89104 8.60394,
	6.89136 8.60202,
	6.89136 8.60179,
	6.89357 8.60039,
	6.89531 8.59876,
	6.90058 8.59264,
	6.90404 8.58961,
	6.90554 8.58797,
	6.90653 8.58703,
	6.90973 8.58471,
	6.91295 8.58192,
	6.91468 8.58028,
	6.91615 8.57913,
	6.92005 8.57684,
	6.92079 8.57638,
	6.92105 8.5759,
	6.92153 8.57591,
	6.92348 8.57478,
	6.92445 8.57408,
	6.92493 8.5741,
	6.92592 8.57341,
	6.92641 8.57295,
	6.92737 8.57273,
	6.92835 8.57204,
	6.9293 8.57207,
	6.93317 8.57052,
	6.93509 8.5701,
	6.93607 8.56942,
	6.93703 8.56921,
	6.93751 8.56922,
	6.93799 8.56876,
	6.93992 8.56834,
	6.94088 8.56814,
	6.94137 8.56767,
	6.94329 8.56727,
	6.94425 8.56706,
	6.94472 8.56708,
	6.94522 8.56661,
	6.94712 8.56644,
	6.95097 8.5654,
	6.9529 8.56475,
	6.96053 8.56387,
	6.96433 8.56404,
	6.96813 8.56373,
	6.97569 8.56435,
	6.97948 8.56478,
	6.98135 8.56536,
	6.98229 8.56541,
	6.98322 8.56594,
	6.98511 8.56605,
	6.98696 8.56712,
	6.98884 8.56747,
	6.9963 8.57056,
	7.00004 8.57176,
	7.00375 8.57345,
	7.0047 8.57351,
	7.00515 8.57403,
	7.00563 8.57406,
	7.00607 8.57458,
	7.01328 8.57774,
	7.01698 8.5797,
	7.01746 8.57973,
	7.02068 8.58215,
	7.0216 8.58246,
	7.02252 8.58326,
	7.02299 8.5833,
	7.02483 8.58465,
	7.02575 8.58521,
	7.0262 8.58573,
	7.02667 8.58576,
	7.0285 8.58736,
	7.02895 8.58788,
	7.02942 8.58792,
	7.03124 8.58976,
	7.03467 8.59246,
	7.03627 8.5938,
	7.03696 8.59435,
	7.03718 8.59485,
	7.03765 8.59489,
	7.039 8.59646,
	7.04241 8.59967,
	7.04537 8.60259,
	7.04877 8.60604,
	7.05171 8.60947,
	7.05263 8.61004,
	7.0533 8.61106,
	7.05466 8.61241,
	7.05806 8.61612,
	7.05963 8.61821,
	7.0621 8.62135,
	7.06456 8.62499,
	7.06523 8.62578,
	7.06521 8.62626,
	7.06767 8.62966,
	7.06879 8.63146,
	7.06922 8.63224,
	7.06969 8.63252,
	7.06967 8.633,
	7.07102 8.63483,
	7.071 8.63532,
	7.07191 8.63614,
	7.0721 8.63713,
	7.07277 8.63816,
	7.07298 8.63891,
	7.07343 8.6392,
	7.07341 8.63968,
	7.07387 8.64021,
	7.07406 8.6412,
	7.07452 8.64173,
	7.0745 8.64221,
	7.07496 8.6425,
	7.07558 8.6445,
	7.07578 8.64549,
	7.07645 8.64654,
	7.07708 8.64854,
	7.07753 8.64906,
	7.07816 8.65107,
	7.07861 8.65159,
	7.07924 8.6536,
	7.07943 8.65459,
	7.08011 8.65563,
	7.0805 8.65761,
	7.08199 8.66164,
	7.08219 8.66264,
	7.08311 8.66345,
	7.08293 8.679,
	7.08285 8.68679,
	7.07725 8.74917,
	7.07441 8.78068,
	7.07315 8.79652,
	7.07216 8.80442,
	7.06925 8.8202,
	7.06781 8.8281,
	7.0672 8.83206,
	7.06457 8.8399,
	7.06324 8.84382,
	7.06247 8.84578,
	7.05744 8.85352,
	7.05492 8.85739,
	7.05367 8.85932,
	7.03812 8.87306,
	7.03023 8.87993,
	7.02629 8.88323,
	7.01055 8.89343,
	7.00662 8.89573,
	6.9988 8.89882,
	6.99098 8.90139,
	6.98321 8.90245,
	6.9793 8.90297,
	"/>
</Transform>

<Transform dim="0"
 xcoef=" 0 1 0 0 0 0"
 ycoef=" 0 0 1 0 0 0">
<Contour name="d08sp28" hidden="false" closed="true" simplified="true" border="1 0 0" fill="1 0 0" mode="11"
 points="9.97788 7.80832,
	9.92589 7.8071,
	9.87381 7.79906,
	9.84777 7.7942,
	9.79609 7.77252,
	9.77044 7.75913,
	9.75785 7.74729,
	9.75082 7.71997,
	9.74656 7.7063,
	9.74305 7.67889,
	9.73657 7.65148,
	9.72095 7.6241,
	9.69759 7.60191,
	9.69447 7.60195,
	9.6766 7.57617,
	9.6495 7.52084,
	9.64619 7.50694,
	9.63469 7.47921,
	9.6247 7.46713,
	9.60025 7.45518,
	9.57525 7.44674,
	9.52536 7.44391,
	9.54809 7.4158,
	9.55929 7.38798,
	9.56483 7.37411,
	9.56765 7.34648,
	9.56707 7.31893,
	9.56308 7.29143,
	9.55409 7.26398,
	9.53844 7.23657,
	9.52726 7.22463,
	9.5225 7.21778,
	9.51766 7.21438,
	9.51605 7.21268,
	9.54233 7.20904,
	9.5944 7.21562,
	9.64613 7.21711,
	9.67178 7.21532,
	9.69722 7.2101,
	9.72237 7.19973,
	9.72861 7.19627,
	9.75176 7.16866,
	9.77586 7.15307,
	9.82302 7.12869,
	9.82889 7.12868,
	9.83034 7.1252,
	9.87742 7.10958,
	9.90134 7.10271,
	9.91345 7.09756,
	9.93812 7.07851,
	9.96332 7.05418,
	9.97601 7.04376,
	10.0015 7.02824,
	10.0079 7.02303,
	10.0142 7.02136,
	10.0206 7.01615,
	10.0715 6.99569,
	10.0968 6.98541,
	10.1468 6.96993,
	10.1959 6.95752,
	10.2441 6.94983,
	10.2924 6.9504,
	10.3169 6.95487,
	10.3292 6.95791,
	10.3419 6.96446,
	10.3679 6.98257,
	10.3811 6.99409,
	10.3884 7.00767,
	10.3892 7.03578,
	10.3826 7.05038,
	10.3727 7.06341,
	10.3488 7.0755,
	10.3242 7.0802,
	10.312 7.08593,
	10.287 7.09015,
	10.2364 7.10661,
	10.1851 7.13278,
	10.1591 7.14484,
	10.1461 7.15,
	10.12 7.16542,
	10.1069 7.17053,
	10.0544 7.21325,
	10.0413 7.22176,
	10.0348 7.22344,
	10.0218 7.23366,
	10.0153 7.23705,
	10.007 7.25072,
	10.0017 7.27813,
	9.99946 7.30552,
	10.0004 7.33291,
	10.0045 7.36028,
	10.0074 7.37397,
	10.0308 7.40134,
	10.0433 7.41329,
	10.0561 7.42013,
	10.0625 7.42183,
	10.0688 7.42695,
	10.1713 7.46076,
	10.2221 7.47238,
	10.2475 7.47387,
	10.299 7.45781,
	10.3245 7.44866,
	10.3757 7.41909,
	10.401 7.4036,
	10.4072 7.39963,
	10.4195 7.39682,
	10.4315 7.39739,
	10.4434 7.40142,
	10.4551 7.409,
	10.4651 7.4222,
	10.4679 7.42912,
	10.4667 7.45819,
	10.449 7.51738,
	10.4337 7.54679,
	10.4136 7.57579,
	10.4051 7.59006,
	10.3919 7.60426,
	10.3789 7.61306,
	10.2765 7.65231,
	10.2512 7.66068,
	10.2005 7.68949,
	10.1753 7.70651,
	10.1628 7.71334,
	10.1377 7.73216,
	10.0874 7.76313,
	10.081 7.76999,
	10.0296 7.79935,
	"/>
</Transform>

<Transform dim="0"
 xcoef=" 0 1 0 0 0 0"
 ycoef=" 0 0 1 0 0 0">
<Contour name="d07p22" hidden="false" closed="true" simplified="true" border="0 0 0" fill="0 0 0" mode="11"
 points="7.80914 5.38052,
	7.79443 5.36335,
	7.81115 5.34614,
	7.82588 5.36333,
	"/>
</Transform>

<Transform dim="0"
 xcoef=" 0 1 0 0 0 0"
 ycoef=" 0 0 1 0 0 0">
<Contour name="d12sp22" hidden="false" closed="true" simplified="true" border="1 0 0" fill="1 0 0" mode="11"
 points="6.28308 8.30372,
	6.27498 8.30344,
	6.26428 8.29609,
	6.25312 8.2755,
	6.24789 8.26527,
	6.24403 8.25507,
	6.24221 8.24489,
	6.24097 8.2398,
	6.24054 8.2296,
	6.23878 8.21938,
	6.2357 8.20915,
	6.22994 8.19898,
	6.22606 8.19393,
	6.21543 8.18909,
	6.20474 8.18561,
	6.16178 8.17678,
	6.14029 8.17241,
	6.1297 8.16687,
	6.12435 8.16538,
	6.10277 8.16331,
	6.08097 8.16572,
	6.07006 8.16728,
	6.06326 8.16788,
	6.06261 8.16732,
	6.08517 8.14993,
	6.1079 8.1303,
	6.11597 8.11938,
	6.12036 8.11385,
	6.12777 8.0925,
	6.13117 8.08175,
	6.13189 8.08103,
	6.14237 8.08584,
	6.14763 8.08794,
	6.15376 8.0978,
	6.15615 8.1028,
	6.15735 8.1053,
	6.16251 8.10942,
	6.17306 8.11378,
	6.1837 8.11689,
	6.20507 8.12132,
	6.21581 8.12264,
	6.22643 8.12599,
	6.23174 8.1277,
	6.23442 8.12822,
	6.24484 8.13568,
	6.26584 8.14814,
	6.28711 8.15619,
	6.33073 8.14991,
	6.35263 8.14551,
	6.358 8.14682,
	6.36772 8.15701,
	6.38111 8.17895,
	6.38411 8.18995,
	6.3846 8.19545,
	6.38219 8.20638,
	6.38142 8.20911,
	6.38138 8.21047,
	6.36373 8.23193,
	6.35463 8.2425,
	6.33248 8.26189,
	6.31315 8.28222,
	6.30217 8.2922,
	6.29669 8.29715,
	6.29395 8.29962,
	"/>
</Transform>

<Transform dim="0"
 xcoef=" 0 1 0 0 0 0"
 ycoef=" 0 0 1 0 0 0">
<Contour name="d10p29" hidden="false" closed="true" simplified="true" border="1 0 0" fill="1 0 0" mode="11"
 points="9.68832 8.50319,
	9.67386 8.48702,
	9.69027 8.46931,
	9.7047 8.48545,
	"/>
</Transform>

<Transform dim="0"
 xcoef=" 0 1 0 0 0 0"
 ycoef=" 0 0 1 0 0 0">
<Contour name="d10sp29" hidden="false" closed="true" simplified="true" border="1 0 0" fill="1 0 0" mode="11"
 points="9.51569 9.09212,
	9.49166 9.09127,
	9.47972 9.09179,
	9.46801 9.09044,
	9.44488 9.08393,
	9.43319 9.08065,
	9.41099 9.05517,
	9.40606 9.04875,
	9.40122 9.0188,
	9.39764 8.98878,
	9.39544 8.95875,
	9.39506 8.95124,
	9.38441 8.92145,
	9.37853 8.90657,
	9.37555 8.89914,
	9.35033 8.87522,
	9.32642 8.84561,
	9.32058 8.83819,
	9.3124 8.82333,
	9.30831 8.81591,
	9.30258 8.78615,
	9.30117 8.77871,
	9.30136 8.77499,
	9.30141 8.77405,
	9.30146 8.77312,
	9.30406 8.75824,
	9.30427 8.75452,
	9.31776 8.72477,
	9.32507 8.70989,
	9.33786 8.69499,
	9.34168 8.6922,
	9.37132 8.68369,
	9.38614 8.67988,
	9.41631 8.6666,
	9.43124 8.66179,
	9.46151 8.64739,
	9.47666 8.63968,
	9.48423 8.63582,
	9.49966 8.62432,
	9.51529 8.60996,
	9.52312 8.6023,
	9.53802 8.57192,
	9.5427 8.54166,
	9.5435 8.51138,
	9.54207 8.50383,
	9.54135 8.50005,
	9.54241 8.49719,
	9.57003 8.52209,
	9.58377 8.53305,
	9.5975 8.54206,
	9.62518 8.55147,
	9.65257 8.55879,
	9.67978 8.56214,
	9.73356 8.55979,
	9.74687 8.55789,
	9.76027 8.55408,
	9.76699 8.55168,
	9.77025 8.55142,
	9.77369 8.54928,
	9.7872 8.53417,
	9.78784 8.53598,
	9.76748 8.59702,
	9.75925 8.62709,
	9.75648 8.63463,
	9.7337 8.75311,
	9.72083 8.81277,
	9.71116 8.84296,
	9.70648 8.85809,
	9.70462 8.86565,
	9.68106 8.92669,
	9.66847 8.95732,
	9.65265 8.98811,
	9.64938 8.99579,
	9.62356 9.02688,
	9.60963 9.04152,
	9.58103 9.0661,
	9.56698 9.07885,
	9.54087 9.08641,
	9.52808 9.09068,
	"/>
</Transform>

<Transform dim="0"
 xcoef=" 0 1 0 0 0 0"
 ycoef=" 0 0 1 0 0 0">
<Contour name="d10serh29" hidden="false" closed="true" simplified="true" border="1 1 0" fill="1 0 0" mode="11"
 points="9.72054 8.5162,
	9.72123 8.50668,
	9.71272 8.5072,
	9.71336 8.49767,
	9.72188 8.49715,
	9.72249 8.4876,
	9.73097 8.48705,
	9.73035 8.4966,
	9.73878 8.49603,
	9.73812 8.50556,
	9.7297 8.50613,
	9.72901 8.51564,
	"/>
</Transform>

<Transform dim="0"
 xcoef=" 0 1 0 0 0 0"
 ycoef=" 0 0 1 0 0 0">
<Contour name="d08sp29" hidden="false" closed="true" simplified="true" border="1 0 0" fill="1 0 0" mode="11"
 points="8.73597 7.14856,
	8.73475 7.14463,
	8.73748 7.13662,
	8.73936 7.13261,
	8.73996 7.12467,
	8.74524 7.10869,
	8.74784 7.10071,
	8.74859 7.09673,
	8.75054 7.09469,
	8.75024 7.09074,
	8.75218 7.08872,
	8.7509 7.07294,
	8.75056 7.069,
	8.74838 7.06807,
	8.74274 7.05245,
	8.73778 7.0447,
	8.73528 7.04084,
	8.73298 7.03893,
	8.73152 7.03503,
	8.71936 7.01965,
	8.71579 7.01583,
	8.71347 7.01393,
	8.71326 7.01197,
	8.69897 6.99667,
	8.69186 6.98902,
	8.68936 6.98516,
	8.68478 6.98137,
	8.65798 6.95067,
	8.65117 6.94298,
	8.65103 6.941,
	8.64669 6.93817,
	8.6411 6.93141,
	8.64097 6.92943,
	8.63441 6.9227,
	8.6299 6.9149,
	8.62665 6.91102,
	8.6219 6.89528,
	8.61858 6.88743,
	8.61845 6.88346,
	8.61631 6.87954,
	8.61625 6.87755,
	8.61419 6.87561,
	8.60682 6.85986,
	8.60375 6.85595,
	8.6027 6.85198,
	8.59967 6.84906,
	8.59863 6.8451,
	8.59561 6.84117,
	8.59356 6.83323,
	8.59157 6.83128,
	8.58658 6.8154,
	8.58559 6.81142,
	8.58264 6.80748,
	8.57876 6.79155,
	8.5769 6.77558,
	8.57691 6.77459,
	8.58191 6.75849,
	8.59084 6.74231,
	8.59379 6.73926,
	8.59481 6.73523,
	8.59777 6.73117,
	8.59973 6.72913,
	8.59975 6.72713,
	8.60763 6.71898,
	8.61847 6.70475,
	8.62439 6.69763,
	8.62832 6.69454,
	8.62833 6.69254,
	8.6421 6.67823,
	8.64898 6.67106,
	8.65291 6.66797,
	8.65487 6.66793,
	8.65488 6.66593,
	8.65881 6.66383,
	8.69025 6.662,
	8.70607 6.66253,
	8.72199 6.665,
	8.7542 6.67576,
	8.77055 6.68503,
	8.78708 6.69723,
	8.79437 6.70286,
	8.8049 6.7163,
	8.80492 6.7183,
	8.80702 6.72019,
	8.80704 6.72219,
	8.8102 6.72502,
	8.81129 6.72897,
	8.81662 6.73567,
	8.81877 6.73956,
	8.82728 6.74608,
	8.8433 6.75516,
	8.84758 6.75692,
	8.85189 6.76067,
	8.85402 6.76055,
	8.86157 6.76712,
	8.8659 6.77087,
	8.86809 6.77476,
	8.87564 6.78034,
	8.88652 6.79278,
	8.88872 6.79668,
	8.89087 6.79755,
	8.89091 6.79957,
	8.89305 6.80046,
	8.89309 6.80246,
	8.89856 6.81022,
	8.90182 6.81407,
	8.92585 6.87751,
	8.93561 6.90948,
	8.94758 6.9414,
	8.95458 6.95735,
	8.95807 6.96532,
	8.95833 6.96936,
	8.96149 6.97229,
	8.96743 6.98828,
	8.96868 6.99229,
	8.97075 6.99424,
	8.97101 6.99827,
	8.97309 7.00024,
	8.9765 7.00822,
	8.98615 7.0241,
	8.99852 7.03993,
	9.00558 7.04783,
	9.00947 7.04976,
	9.01145 7.05173,
	9.01904 7.05256,
	9.0228 7.05247,
	9.02669 7.0554,
	9.03044 7.05532,
	9.03431 7.05825,
	9.03809 7.05918,
	9.04489 7.06609,
	9.04983 7.07405,
	9.05082 7.07605,
	9.04901 7.07709,
	9.01869 7.06567,
	9.00338 7.06098,
	8.99575 7.06015,
	8.98799 7.05731,
	8.97253 7.05464,
	8.94155 7.05434,
	8.92595 7.0547,
	8.89476 7.0604,
	8.86348 7.07008,
	8.83244 7.08868,
	8.82459 7.09283,
	8.82268 7.09486,
	8.82065 7.09491,
	8.80497 7.10519,
	8.80305 7.10722,
	8.801 7.10727,
	8.79618 7.11234,
	8.79214 7.11343,
	8.78529 7.11954,
	8.77028 7.12783,
	8.73802 7.14751,
	"/>
</Transform>

<Transform dim="0"
 xcoef=" 0 1 0 0 0 0"
 ycoef=" 0 0 1 0 0 0">
<Contour name="d03p27" hidden="false" closed="true" simplified="true" border="1 0 0" fill="1 0 0" mode="11"
 points="10.1508 6.28532,
	10.1436 6.28523,
	10.1347 6.27019,
	10.1243 6.28493,
	10.117 6.2848,
	10.13 6.26762,
	10.1187 6.24994,
	10.126 6.25006,
	10.135 6.26521,
	10.1455 6.25035,
	10.1528 6.25044,
	10.1397 6.26777,
	"/>
</Transform>

<Transform dim="0"
 xcoef=" 0 1 0 0 0 0"
 ycoef=" 0 0 1 0 0 0">
<Contour name="d07p23" hidden="false" closed="true" simplified="true" border="0 0 0" fill="0 0 0" mode="11"
 points="8.06627 5.81057,
	8.04899 5.79325,
	8.06511 5.77588,
	8.08239 5.79321,
	"/>
</Transform>

<Transform dim="0"
 xcoef=" 0 1 0 0 0 0"
 ycoef=" 0 0 1 0 0 0">
<Contour name="d27sp21" hidden="false" closed="true" simplified="true" border="1 0 0" fill="1 0 0" mode="11"
 points="13.4485 6.61645,
	13.4278 6.61275,
	13.4175 6.60974,
	13.3972 6.59925,
	13.357 6.58292,
	13.3468 6.5806,
	13.3419 6.57943,
	13.3394 6.57722,
	13.3194 6.57242,
	13.3092 6.57106,
	13.2893 6.56498,
	13.2492 6.55912,
	13.2092 6.55519,
	13.1891 6.55314,
	13.169 6.54879,
	13.1589 6.54492,
	13.1487 6.53878,
	13.1424 6.5306,
	13.1424 6.52612,
	13.1411 6.52493,
	13.1398 6.52374,
	13.1461 6.50618,
	13.1473 6.49731,
	13.1547 6.48102,
	13.1584 6.47236,
	13.1606 6.45478,
	13.1668 6.43756,
	13.1693 6.42895,
	13.1719 6.42693,
	13.1768 6.40984,
	13.1767 6.4055,
	13.1793 6.40134,
	13.1793 6.39918,
	13.1832 6.39513,
	13.1895 6.37838,
	13.1895 6.37409,
	13.1921 6.37002,
	13.1906 6.33563,
	13.1906 6.33134,
	13.2 6.31508,
	13.2123 6.30025,
	13.2275 6.28476,
	13.2317 6.28096,
	13.2428 6.27907,
	13.2538 6.27939,
	13.2647 6.28187,
	13.2865 6.29008,
	13.3081 6.29297,
	13.3135 6.29475,
	13.3351 6.29341,
	13.3459 6.29166,
	13.3676 6.28279,
	13.3851 6.27102,
	13.3841 6.26228,
	13.3817 6.25766,
	13.3819 6.24898,
	13.3833 6.24477,
	13.3873 6.24085,
	13.3926 6.23927,
	13.3953 6.23736,
	13.4161 6.23627,
	13.4364 6.24374,
	13.4466 6.24794,
	13.4567 6.24877,
	13.4618 6.24808,
	13.4809 6.23839,
	13.5011 6.23184,
	13.511 6.2324,
	13.5309 6.24009,
	13.5407 6.24387,
	13.5603 6.2568,
	13.5652 6.26138,
	13.57 6.26373,
	13.5725 6.266,
	13.5775 6.26724,
	13.5957 6.2786,
	13.6055 6.28635,
	13.6115 6.29501,
	13.615 6.30354,
	13.6161 6.31194,
	13.6147 6.32025,
	13.6019 6.33654,
	13.598 6.34055,
	13.5902 6.35647,
	13.5862 6.3643,
	13.5732 6.37964,
	13.5666 6.38719,
	13.5641 6.38905,
	13.564 6.39095,
	13.5509 6.40481,
	13.5442 6.41213,
	13.5401 6.41947,
	13.542 6.4343,
	13.5415 6.44898,
	13.5412 6.45633,
	13.5343 6.47103,
	13.5237 6.47656,
	13.513 6.48023,
	13.5037 6.48582,
	13.4927 6.50014,
	13.4872 6.504,
	13.4845 6.5079,
	13.4818 6.50986,
	13.4804 6.5138,
	13.4776 6.51577,
	13.4731 6.53179,
	13.4721 6.56446,
	13.4739 6.59768,
	13.4738 6.60607,
	13.4697 6.61464,
	"/>
</Transform>

<Transform dim="0"
 xcoef=" 0 1 0 0 0 0"
 ycoef=" 0 0 1 0 0 0">
<Contour name="d27p21" hidden="false" closed="true" simplified="true" border="1 0 0" fill="1 0 0" mode="11"
 points="13.2804 6.57786,
	13.2666 6.55429,
	13.2952 6.55532,
	"/>
</Transform>

<Transform dim="0"
 xcoef=" 0 1 0 0 0 0"
 ycoef=" 0 0 1 0 0 0">
<Contour name="d12_Interest_13" hidden="false" closed="true" simplified="true" border="0 0 0" fill="0 0 0" mode="11"
 points="5.39139 8.50495,
	5.37168 8.50265,
	5.35265 8.49731,
	5.33481 8.48911,
	5.31859 8.47832,
	5.3044 8.4653,
	5.29262 8.45043,
	5.28356 8.43415,
	5.27472 8.39911,
	5.27531 8.38119,
	5.27936 8.36354,
	5.28684 8.3465,
	5.29758 8.33042,
	5.31134 8.31565,
	5.32769 8.30255,
	5.34617 8.29149,
	5.36619 8.28286,
	5.3871 8.277,
	5.40825 8.27423,
	5.42897 8.27476,
	5.44863 8.27866,
	5.46669 8.28589,
	5.48268 8.29624,
	5.49622 8.30938,
	5.50704 8.3249,
	5.51489 8.34231,
	5.51966 8.36105,
	5.52122 8.38059,
	5.51956 8.40034,
	5.5147 8.41972,
	5.5068 8.43817,
	5.49602 8.45517,
	5.48265 8.47022,
	5.46706 8.48294,
	5.44965 8.49298,
	5.4309 8.50008,
	5.41131 8.5041,
	"/>
</Transform>

<Transform dim="0"
 xcoef=" 0 1 0 0 0 0"
 ycoef=" 0 0 1 0 0 0">
<Contour name="d05c21" hidden="false" closed="true" simplified="true" border="0 0 1" fill="0 0 1" mode="11"
 points="6.96109 8.93441,
	6.94326 8.93208,
	6.93878 8.93176,
	6.92103 8.92529,
	6.91214 8.92171,
	6.8945 8.91049,
	6.88575 8.90344,
	6.88136 8.9002,
	6.87443 8.89101,
	6.86866 8.88139,
	6.86631 8.87207,
	6.86637 8.87094,
	6.8664 8.87038,
	6.86855 8.86145,
	6.87518 8.85287,
	6.87642 8.85069,
	6.87874 8.84916,
	6.88783 8.84643,
	6.89237 8.84506,
	6.89465 8.84409,
	6.92951 8.86281,
	6.96482 8.86986,
	6.98245 8.87327,
	6.98684 8.87469,
	6.98905 8.87483,
	6.99775 8.87993,
	7.00579 8.8884,
	7.00939 8.89775,
	7.00969 8.90691,
	7.00612 8.91584,
	7.0055 8.91809,
	6.99695 8.92621,
	6.99242 8.92938,
	6.98344 8.93288,
	6.97894 8.93433,
	"/>
</Transform>

<Transform dim="0"
 xcoef=" 0 1 0 0 0 0"
 ycoef=" 0 0 1 0 0 0">
<Contour name="d08p28" hidden="false" closed="true" simplified="true" border="1 0 0" fill="1 0 0" mode="11"
 points="9.34108 7.42265,
	9.31653 7.39558,
	9.34326 7.36707,
	9.36804 7.39406,
	"/>
</Transform>

<Transform dim="0"
 xcoef=" 0 1 0 0 0 0"
 ycoef=" 0 0 1 0 0 0">
<Contour name="d08p29" hidden="false" closed="true" simplified="true" border="1 0 0" fill="1 0 0" mode="11"
 points="8.83434 7.24449,
	8.81066 7.20208,
	8.85745 7.20123,
	"/>
</Transform>

<Transform dim="0"
 xcoef=" 0 1 0 0 0 0"
 ycoef=" 0 0 1 0 0 0">
<Contour name="d08cfa28" hidden="false" closed="true" simplified="true" border="0 1 0" fill="0 1 0" mode="11"
 points="10.0266 7.4231,
	10.0147 7.42309,
	10.0029 7.42151,
	9.97949 7.41516,
	9.96791 7.41039,
	9.96504 7.4088,
	9.95592 7.39688,
	9.95101 7.39132,
	9.94417 7.3786,
	9.9388 7.36588,
	9.93558 7.35316,
	9.93523 7.34044,
	9.9354 7.33409,
	9.93546 7.33171,
	9.93548 7.33091,
	9.94039 7.30551,
	9.94126 7.29916,
	9.94583 7.28647,
	9.9474 7.28012,
	9.9534 7.26744,
	9.95641 7.26109,
	9.96602 7.24923,
	9.97121 7.2429,
	9.99418 7.22477,
	10.0053 7.21927,
	10.0112 7.21852,
	10.0142 7.21854,
	10.0157 7.22014,
	10.0162 7.23288,
	10.0146 7.23923,
	10.0138 7.2424,
	10.0137 7.244,
	10.0122 7.24478,
	10.0075 7.25747,
	10.0075 7.26064,
	10.0028 7.27333,
	10.0003 7.28602,
	9.99968 7.31139,
	10.0013 7.33677,
	10.0058 7.36213,
	10.0072 7.36847,
	10.0135 7.38115,
	10.0236 7.39384,
	10.0338 7.40492,
	10.0389 7.40888,
	10.044 7.41441,
	10.0446 7.41757,
	10.0326 7.42152,
	"/>
</Transform>

<Transform dim="0"
 xcoef=" 0 1 0 0 0 0"
 ycoef=" 0 0 1 0 0 0">
<Contour name="d08c28" hidden="false" closed="true" simplified="true" border="0 0 1" fill="0 0 1" mode="11"
 points="10.0701 7.44911,
	10.0475 7.44539,
	10.0363 7.44391,
	10.0251 7.44017,
	10.0139 7.43793,
	10.0111 7.43719,
	10.0084 7.43494,
	9.99722 7.43269,
	9.97514 7.42518,
	9.97239 7.42444,
	9.97105 7.42294,
	9.96014 7.41768,
	9.94935 7.4109,
	9.94402 7.40639,
	9.93484 7.39509,
	9.93164 7.38908,
	9.92795 7.37704,
	9.92545 7.37101,
	9.92246 7.35897,
	9.92063 7.35294,
	9.91934 7.32887,
	9.9195 7.32284,
	9.91957 7.32058,
	9.91959 7.31984,
	9.92685 7.29579,
	9.9318 7.28378,
	9.9381 7.27178,
	9.94642 7.25979,
	9.94991 7.25455,
	9.95965 7.24257,
	9.97923 7.22161,
	9.98979 7.21189,
	9.99542 7.20741,
	10.0066 7.20372,
	10.0122 7.20377,
	10.015 7.20454,
	10.0178 7.20683,
	10.0289 7.21144,
	10.0296 7.21295,
	10.0352 7.21449,
	10.038 7.21677,
	10.0429 7.21905,
	10.0485 7.22285,
	10.0513 7.22437,
	10.0562 7.23042,
	10.0582 7.23644,
	10.057 7.26048,
	10.056 7.27248,
	10.0565 7.28449,
	10.0638 7.30851,
	10.0652 7.31001,
	10.0651 7.31151,
	10.0712 7.32351,
	10.0885 7.34674,
	10.0934 7.35123,
	10.0947 7.35348,
	10.1172 7.36919,
	10.1284 7.37666,
	10.1395 7.38561,
	10.1451 7.38933,
	10.1562 7.39901,
	10.1617 7.40421,
	10.1631 7.4072,
	10.1607 7.41316,
	10.1592 7.41614,
	10.1533 7.42138,
	10.1417 7.42961,
	10.1301 7.43634,
	10.1186 7.44083,
	10.1071 7.44383,
	10.1042 7.44533,
	10.0928 7.44759,
	"/>
</Transform>

<Transform dim="0"
 xcoef=" 0 1 0 0 0 0"
 ycoef=" 0 0 1 0 0 0">
<Contour name="d27c21" hidden="false" closed="true" simplified="true" border="0 0 1" fill="0 0 1" mode="11"
 points="13.3956 6.40647,
	13.3784 6.40572,
	13.3614 6.40165,
	13.353 6.39999,
	13.3444 6.39666,
	13.3286 6.38754,
	13.3203 6.38163,
	13.3159 6.37865,
	13.3117 6.37735,
	13.3096 6.37713,
	13.301 6.37112,
	13.2916 6.35734,
	13.2864 6.35077,
	13.2832 6.34356,
	13.2779 6.33607,
	13.271 6.30754,
	13.2711 6.30406,
	13.2711 6.30233,
	13.2711 6.30146,
	13.2793 6.28852,
	13.2862 6.28329,
	13.2954 6.28013,
	13.3133 6.28082,
	13.3222 6.28202,
	13.3245 6.28057,
	13.3333 6.28089,
	13.3512 6.2771,
	13.3557 6.27592,
	13.3713 6.2664,
	13.3732 6.23791,
	13.3733 6.2361,
	13.3776 6.23299,
	13.3799 6.23144,
	13.3972 6.22887,
	13.4144 6.22796,
	13.4313 6.22869,
	13.4397 6.23036,
	13.4564 6.23635,
	13.4648 6.23516,
	13.4816 6.22438,
	13.4982 6.22171,
	13.5147 6.2217,
	13.5187 6.22191,
	13.5269 6.22508,
	13.535 6.23194,
	13.54 6.23953,
	13.547 6.24716,
	13.55 6.25094,
	13.552 6.25284,
	13.552 6.25467,
	13.554 6.25656,
	13.5568 6.27114,
	13.5565 6.28544,
	13.5563 6.29253,
	13.5463 6.32004,
	13.532 6.34653,
	13.5308 6.3498,
	13.5287 6.35136,
	13.5209 6.36414,
	13.5154 6.36956,
	13.5078 6.37562,
	13.4906 6.38346,
	13.4863 6.38559,
	13.4821 6.38612,
	13.4799 6.38758,
	13.4713 6.38859,
	13.4692 6.39003,
	13.465 6.38973,
	13.4606 6.39101,
	13.4564 6.39069,
	13.4392 6.39493,
	13.4217 6.4007,
	13.4129 6.40396,
	"/>
</Transform>

<Transform dim="0"
 xcoef=" 0 1 0 0 0 0"
 ycoef=" 0 0 1 0 0 0">
<Contour name="d17p50" hidden="false" closed="true" simplified="true" border="1 0 0" fill="1 0 0" mode="11"
 points="8.88553 3.69142,
	8.86541 3.67007,
	8.88639 3.65031,
	8.90661 3.67165,
	"/>
</Transform>

<Transform dim="0"
 xcoef=" 0 1 0 0 0 0"
 ycoef=" 0 0 1 0 0 0">
<Contour name="d17p51" hidden="false" closed="true" simplified="true" border="1 0 0" fill="1 0 0" mode="11"
 points="9.19928 3.83928,
	9.18092 3.81653,
	9.20262 3.79781,
	9.2213 3.82066,
	"/>
</Transform>

<Transform dim="0"
 xcoef=" 0 1 0 0 0 0"
 ycoef=" 0 0 1 0 0 0">
<Contour name="d10sph29" hidden="false" closed="true" simplified="true" border="1 0 0" fill="1 0 0" mode="11"
 points="9.51756 9.09211,
	9.49645 9.09137,
	9.4756 9.09146,
	9.46537 9.08986,
	9.44515 9.08374,
	9.43492 9.08087,
	9.43364 9.08052,
	9.41421 9.05861,
	9.40928 9.05261,
	9.40681 9.04939,
	9.40591 9.04777,
	9.40168 9.02153,
	9.39858 8.99525,
	9.3976 8.98867,
	9.39568 8.96237,
	9.39536 8.95578,
	9.39519 8.9525,
	9.38625 8.92639,
	9.37631 8.90031,
	9.35393 8.87856,
	9.35104 8.87614,
	9.33013 8.8502,
	9.32031 8.83722,
	9.31276 8.8242,
	9.30917 8.81769,
	9.30336 8.79161,
	9.30128 8.77859,
	9.30145 8.77533,
	9.30153 8.7737,
	9.30155 8.7733,
	9.30344 8.76026,
	9.30459 8.75374,
	9.3164 8.72767,
	9.32278 8.71464,
	9.32419 8.71138,
	9.32638 8.70812,
	9.33799 8.69507,
	9.34134 8.69262,
	9.36733 8.68477,
	9.3803 8.68144,
	9.38683 8.67936,
	9.40004 8.67355,
	9.40664 8.67064,
	9.40993 8.66939,
	9.41113 8.66938,
	9.41106 8.67019,
	9.41261 8.67058,
	9.41905 8.66971,
	9.427 8.66961,
	9.42776 8.67001,
	9.42906 8.66878,
	9.44195 8.66657,
	9.45496 8.66272,
	9.45655 8.6627,
	9.45987 8.66101,
	9.4664 8.65887,
	9.46805 8.65803,
	9.46892 8.6572,
	9.4722 8.65592,
	9.47382 8.65548,
	9.47551 8.65423,
	9.47875 8.65335,
	9.47962 8.65253,
	9.48041 8.65251,
	9.48127 8.65168,
	9.48455 8.65039,
	9.48617 8.64996,
	9.48787 8.6487,
	9.4911 8.64782,
	9.49196 8.64699,
	9.49275 8.64697,
	9.49362 8.64614,
	9.49523 8.64569,
	9.49602 8.64568,
	9.49689 8.64485,
	9.50338 8.64267,
	9.50665 8.64138,
	9.50791 8.64054,
	9.50948 8.6405,
	9.51035 8.63966,
	9.51683 8.63748,
	9.51848 8.63662,
	9.52166 8.63614,
	9.52253 8.6353,
	9.5257 8.63482,
	9.52738 8.63355,
	9.53385 8.63134,
	9.53702 8.63085,
	9.54993 8.62643,
	9.55316 8.62511,
	9.55481 8.62425,
	9.55559 8.62423,
	9.55644 8.62339,
	9.55801 8.62334,
	9.56128 8.62161,
	9.56444 8.62111,
	9.56603 8.62065,
	9.56689 8.61981,
	9.57004 8.6193,
	9.57327 8.61798,
	9.59842 8.61305,
	9.60474 8.61119,
	9.60628 8.61114,
	9.6079 8.61025,
	9.62037 8.60774,
	9.62657 8.60666,
	9.63872 8.60614,
	9.64472 8.60628,
	9.65648 8.60814,
	9.66217 8.61028,
	9.665 8.61135,
	9.6664 8.61208,
	9.66714 8.61205,
	9.66848 8.61319,
	9.66992 8.61352,
	9.67056 8.61429,
	9.67336 8.61534,
	9.67469 8.61648,
	9.67611 8.61681,
	9.6788 8.61867,
	9.68011 8.6198,
	9.68086 8.61976,
	9.68242 8.62169,
	9.68347 8.62203,
	9.68607 8.62429,
	9.68731 8.62583,
	9.68866 8.62655,
	9.69045 8.62925,
	9.6918 8.62997,
	9.69357 8.63267,
	9.69546 8.63456,
	9.696 8.63574,
	9.69727 8.63686,
	9.69715 8.63766,
	9.70056 8.64346,
	9.70193 8.64617,
	9.7018 8.64698,
	9.70437 8.65321,
	9.70518 8.65475,
	9.70527 8.65635,
	9.7069 8.65943,
	9.70779 8.66257,
	9.70837 8.66333,
	9.70896 8.66608,
	9.70905 8.66767,
	9.71028 8.67077,
	9.71036 8.67237,
	9.71115 8.67391,
	9.71165 8.67706,
	9.71237 8.67901,
	9.71222 8.67981,
	9.71308 8.68095,
	9.71357 8.68411,
	9.71478 8.68721,
	9.71534 8.68996,
	9.71591 8.69072,
	9.71575 8.69153,
	9.7178 8.69776,
	9.71898 8.70087,
	9.71977 8.70242,
	9.71962 8.70322,
	9.72125 8.70591,
	9.72208 8.70904,
	9.72364 8.71214,
	9.7237 8.71372,
	9.72512 8.71563,
	9.72497 8.71644,
	9.72612 8.71797,
	9.72596 8.71877,
	9.7271 8.7203,
	9.72831 8.72342,
	9.73033 8.72609,
	9.73162 8.72882,
	9.7356 8.73458,
	9.73581 8.73538,
	9.73656 8.73534,
	9.73714 8.7361,
	9.72585 8.78821,
	9.72291 8.8013,
	9.72184 8.80785,
	9.71402 8.83424,
	9.70581 8.86074,
	9.70418 8.86737,
	9.68312 8.92083,
	9.67241 8.94766,
	9.66947 8.95438,
	9.6684 8.95773,
	9.65452 8.98469,
	9.65128 8.99143,
	9.64985 8.99479,
	9.63885 9.0084,
	9.6272 9.02204,
	9.62467 9.02543,
	9.61202 9.0391,
	9.60878 9.04251,
	9.5837 9.06404,
	9.57138 9.07481,
	9.5683 9.07781,
	9.56245 9.08008,
	9.53967 9.0867,
	9.52843 9.09085,
	"/>
</Transform>

<Transform dim="0"
 xcoef=" 0 1 0 0 0 0"
 ycoef=" 0 0 1 0 0 0">
<Contour name="d05sp22" hidden="false" closed="true" simplified="true" border="1 0 0" fill="1 0 0" mode="11"
 points="7.67397 7.33147,
	7.66566 7.32949,
	7.63275 7.30189,
	7.61636 7.28758,
	7.59993 7.27741,
	7.59173 7.27234,
	7.58761 7.27031,
	7.58556 7.26931,
	7.58455 7.26828,
	7.6512 7.22606,
	7.65957 7.21974,
	7.67631 7.21129,
	7.6847 7.20705,
	7.70153 7.1955,
	7.71846 7.18084,
	7.73437 7.16413,
	7.7546 7.13085,
	7.76521 7.09764,
	7.78094 7.03235,
	7.79468 7.04879,
	7.80212 7.05701,
	7.80531 7.06113,
	7.81296 7.09421,
	7.81733 7.11077,
	7.8207 7.14392,
	7.81857 7.17711,
	7.80123 7.21036,
	7.77841 7.24363,
	7.76647 7.26029,
	7.73844 7.29362,
	7.72452 7.3103,
	7.70754 7.32183,
	7.69911 7.32605,
	7.68232 7.33036,
	"/>
</Transform>

<Transform dim="0"
 xcoef=" 0 1 0 0 0 0"
 ycoef=" 0 0 1 0 0 0">
<Contour name="d05_Interest_21" hidden="false" closed="true" simplified="true" border="0 0 0" fill="0 0 0" mode="11"
 points="6.97866 8.78398,
	6.96286 8.78233,
	6.94755 8.77818,
	6.93326 8.77172,
	6.92042 8.76315,
	6.90948 8.75279,
	6.90078 8.74097,
	6.8946 8.72807,
	6.89043 8.70066,
	6.89257 8.68697,
	6.89745 8.67385,
	6.90491 8.66169,
	6.91471 8.65091,
	6.92655 8.64185,
	6.94004 8.6348,
	6.95473 8.63004,
	6.97018 8.62775,
	6.98587 8.62801,
	7.00131 8.63085,
	7.01601 8.63616,
	7.02951 8.64376,
	7.04136 8.65337,
	7.05122 8.66464,
	7.05875 8.6772,
	7.06372 8.69063,
	7.06595 8.70449,
	7.06537 8.71838,
	7.062 8.73187,
	7.05593 8.74454,
	7.04736 8.75601,
	7.03655 8.76589,
	7.02385 8.77389,
	7.00966 8.77969,
	6.99443 8.78309,
	"/>
</Transform>

<Transform dim="0"
 xcoef=" 0 1 0 0 0 0"
 ycoef=" 0 0 1 0 0 0">
<Contour name="d27c26" hidden="false" closed="true" simplified="true" border="0 0 1" fill="0 0 1" mode="11"
 points="13.1292 7.62795,
	13.1143 7.62762,
	13.0848 7.62248,
	13.07 7.61769,
	13.056 7.60783,
	13.0523 7.60598,
	13.0457 7.59897,
	13.0419 7.59211,
	13.0391 7.58865,
	13.0381 7.58527,
	13.0165 7.55869,
	13.0043 7.54511,
	13.0024 7.5426,
	12.9959 7.53585,
	12.9922 7.53328,
	12.9885 7.5275,
	12.9875 7.51463,
	12.9865 7.5082,
	12.9865 7.50739,
	12.9884 7.50425,
	12.992 7.50116,
	12.9939 7.49961,
	12.9976 7.49889,
	13.0115 7.48954,
	13.0143 7.48636,
	13.0133 7.4735,
	13.0115 7.46707,
	13.007 7.46063,
	13.0052 7.45423,
	13.0034 7.45102,
	13.0037 7.42551,
	13.0056 7.41913,
	13.0131 7.41353,
	13.0206 7.41029,
	13.0354 7.41013,
	13.0503 7.4139,
	13.0651 7.4192,
	13.0801 7.42204,
	13.11 7.42995,
	13.125 7.43673,
	13.1324 7.43972,
	13.1343 7.4413,
	13.1419 7.44344,
	13.1493 7.44727,
	13.1568 7.4528,
	13.1642 7.45581,
	13.168 7.45817,
	13.198 7.46428,
	13.2129 7.46861,
	13.2204 7.46904,
	13.2278 7.4712,
	13.2576 7.47368,
	13.265 7.47406,
	13.2797 7.47923,
	13.2931 7.48895,
	13.295 7.49058,
	13.2966 7.49759,
	13.2963 7.50472,
	13.2952 7.50837,
	13.2886 7.51415,
	13.2858 7.51789,
	13.2821 7.51903,
	13.2811 7.52265,
	13.2792 7.52454,
	13.2772 7.53178,
	13.2771 7.53356,
	13.2583 7.56029,
	13.234 7.58764,
	13.2275 7.59396,
	13.2202 7.5985,
	13.2137 7.60473,
	13.2063 7.60919,
	13.2027 7.61099,
	13.2008 7.61101,
	13.199 7.61276,
	13.1696 7.62066,
	13.1548 7.6223,
	13.1512 7.62399,
	13.1365 7.62637,
	"/>
</Transform>

<Transform dim="0"
 xcoef=" 0 1 0 0 0 0"
 ycoef=" 0 0 1 0 0 0">
<Contour name="d27cfa26" hidden="false" closed="true" simplified="true" border="0 1 0" fill="0 1 0" mode="11"
 points="13.1216 7.62489,
	13.1108 7.62464,
	13.1036 7.62321,
	13.1 7.62268,
	13.0982 7.62263,
	13.0965 7.62175,
	13.0929 7.62123,
	13.0857 7.61893,
	13.0839 7.61763,
	13.0767 7.61573,
	13.0695 7.61259,
	13.0622 7.6086,
	13.0586 7.60681,
	13.055 7.60421,
	13.049 7.59906,
	13.0458 7.59566,
	13.0418 7.58939,
	13.0399 7.58607,
	13.0394 7.58444,
	13.0303 7.57114,
	13.0261 7.56495,
	13.0165 7.55219,
	13.0102 7.54559,
	13.0052 7.53948,
	12.9993 7.53295,
	12.9948 7.52652,
	12.9925 7.52331,
	12.9912 7.52015,
	12.9912 7.50769,
	12.9912 7.5073,
	12.992 7.50577,
	12.9952 7.50313,
	12.9988 7.50167,
	13.0055 7.49752,
	13.0091 7.49526,
	13.0109 7.49451,
	13.0126 7.49298,
	13.0145 7.48988,
	13.0158 7.48834,
	13.0172 7.48211,
	13.0177 7.47586,
	13.0163 7.46961,
	13.0154 7.46883,
	13.0076 7.44393,
	13.0062 7.44083,
	13.0059 7.43464,
	13.0064 7.42844,
	13.0068 7.42689,
	13.01 7.42418,
	13.0136 7.42223,
	13.0209 7.42065,
	13.0245 7.42062,
	13.0281 7.42176,
	13.0425 7.42432,
	13.0443 7.42507,
	13.0461 7.42505,
	13.0498 7.42616,
	13.0515 7.42731,
	13.0551 7.42842,
	13.0587 7.43031,
	13.066 7.43251,
	13.0696 7.43321,
	13.0732 7.4351,
	13.1023 7.44299,
	13.1095 7.44474,
	13.1168 7.4477,
	13.1308 7.45523,
	13.1345 7.45752,
	13.1418 7.45967,
	13.1435 7.46082,
	13.1472 7.4619,
	13.1481 7.46267,
	13.1554 7.46524,
	13.159 7.46714,
	13.1609 7.46829,
	13.1645 7.46896,
	13.1717 7.47277,
	13.1789 7.47535,
	13.1808 7.47568,
	13.1825 7.47685,
	13.2116 7.48128,
	13.2261 7.48345,
	13.2297 7.48409,
	13.2314 7.48527,
	13.2351 7.48633,
	13.2423 7.48719,
	13.2494 7.48889,
	13.253 7.48953,
	13.2539 7.49033,
	13.2574 7.4914,
	13.2592 7.49214,
	13.2601 7.49208,
	13.2619 7.49327,
	13.2628 7.49321,
	13.2663 7.49514,
	13.2735 7.49725,
	13.2771 7.49788,
	13.2837 7.50046,
	13.2872 7.50109,
	13.2889 7.50184,
	13.2899 7.50177,
	13.2916 7.50295,
	13.2914 7.50641,
	13.2914 7.50815,
	13.2882 7.51182,
	13.2873 7.51188,
	13.2837 7.51428,
	13.2805 7.5175,
	13.279 7.51846,
	13.2781 7.52024,
	13.2772 7.52116,
	13.2763 7.52467,
	13.2744 7.5278,
	13.2734 7.53131,
	13.2687 7.53847,
	13.2669 7.54202,
	13.2655 7.54382,
	13.265 7.54557,
	13.255 7.55981,
	13.2518 7.56338,
	13.2468 7.57001,
	13.2401 7.57625,
	13.2265 7.58733,
	13.2194 7.59344,
	13.2135 7.59992,
	13.2103 7.60335,
	13.2032 7.60768,
	13.1965 7.61113,
	13.1894 7.61372,
	13.1823 7.61543,
	13.1751 7.61628,
	13.1734 7.61671,
	13.1725 7.61671,
	13.1715 7.61753,
	13.168 7.61795,
	13.1644 7.61752,
	13.1617 7.61751,
	13.1609 7.61834,
	13.1573 7.61873,
	13.143 7.62235,
	13.1358 7.62266,
	13.1287 7.6242,
	"/>
</Transform>

<Transform dim="0"
 xcoef=" 0 1 0 0 0 0"
 ycoef=" 0 0 1 0 0 0">
<Contour name="d05cfa21" hidden="false" closed="false" simplified="true" border="1 0 0" fill="1 0 0" mode="11"
 points="7.00065 8.89034,
	6.98167 8.89501,
	6.96494 8.89685,
	6.92502 8.88946,
	6.90111 8.87151,
	6.8745 8.85332,
	"/>
</Transform>

<Transform dim="0"
 xcoef=" 0 1 0 0 0 0"
 ycoef=" 0 0 1 0 0 0">
<Contour name="d27cfa30" hidden="false" closed="false" simplified="true" border="0 1 0" fill="0 1 0" mode="11"
 points="13.4689 6.68531,
	13.464 6.71639,
	13.4592 6.74376,
	13.4551 6.77921,
	13.4503 6.80481,
	13.4471 6.83829,
	13.4449 6.87147,
	13.447 6.89994,
	13.4588 6.91556,
	"/>
</Transform>

<Transform dim="0"
 xcoef=" 0 1 0 0 0 0"
 ycoef=" 0 0 1 0 0 0">
<Contour name="mito09" hidden="false" closed="false" simplified="true" border="1 0 0" fill="1 0 0" mode="9"
 points="12.1015 9.14883,
	12.0524 8.88439,
	"/>
</Transform>

<Transform dim="0"
 xcoef=" 0 1 0 0 0 0"
 ycoef=" 0 0 1 0 0 0">
<Contour name="d01sp20" hidden="false" closed="true" simplified="true" border="1 0 0" fill="1 0 0" mode="11"
 points="7.4491 7.52749,
	7.45877 7.49652,
	7.46168 7.48878,
	7.46652 7.48103,
	7.47232 7.46748,
	7.4791 7.452,
	7.482 7.44426,
	7.482 7.44039,
	7.48684 7.4249,
	7.48974 7.41716,
	7.49168 7.40167,
	7.49361 7.39393,
	7.49361 7.392,
	7.49555 7.39006,
	7.49555 7.38619,
	7.49845 7.37845,
	7.51103 7.36587,
	7.52458 7.35522,
	7.53136 7.34845,
	7.53523 7.34651,
	7.53716 7.34457,
	7.5391 7.34457,
	7.54587 7.33877,
	7.56039 7.33102,
	7.56813 7.32812,
	7.5991 7.32715,
	7.61459 7.32812,
	7.63007 7.3349,
	7.63782 7.3407,
	7.64943 7.35522,
	7.65136 7.36296,
	7.65814 7.37845,
	7.66685 7.40942,
	7.67072 7.4249,
	7.67266 7.42877,
	7.67362 7.44426,
	7.67266 7.45974,
	7.66782 7.47523,
	7.65814 7.49071,
	7.64749 7.50426,
	7.64459 7.5062,
	7.64362 7.51007,
	7.63782 7.51684,
	7.63491 7.51974,
	7.63298 7.52071,
	7.63298 7.52265,
	7.62523 7.53039,
	7.61362 7.54104,
	7.60104 7.55458,
	7.57878 7.58555,
	7.5633 7.5991,
	7.54878 7.61072,
	7.54104 7.61556,
	7.53716 7.61846,
	7.52168 7.62136,
	7.5062 7.62233,
	7.49845 7.62136,
	7.48297 7.61556,
	7.4791 7.61459,
	7.47523 7.61168,
	7.47135 7.61072,
	7.46071 7.5962,
	7.45781 7.59233,
	7.4549 7.58459,
	7.45393 7.57684,
	7.452 7.57588,
	7.4491 7.56039,
	7.4491 7.52942,
	7.4491 7.52845,
	"/>
</Transform>

<Transform dim="0"
 xcoef=" 0 1 0 0 0 0"
 ycoef=" 0 0 1 0 0 0">
<Contour name="d01c20" hidden="false" closed="true" simplified="true" border="0 0 1" fill="0 0 1" mode="11"
 points="7.51007 7.61265,
	7.51297 7.60491,
	7.52168 7.59039,
	7.52845 7.58265,
	7.54104 7.57104,
	7.55555 7.55652,
	7.56813 7.54394,
	7.57394 7.53813,
	7.58555 7.52362,
	7.58943 7.51587,
	7.59136 7.51491,
	7.59136 7.51297,
	7.59523 7.51007,
	7.59523 7.50813,
	7.60297 7.50039,
	7.60297 7.49845,
	7.61749 7.48297,
	7.63104 7.47039,
	7.63878 7.46458,
	7.64265 7.46168,
	7.64653 7.46071,
	7.6504 7.45781,
	7.65814 7.45684,
	7.66201 7.45587,
	7.66588 7.45877,
	7.66782 7.46264,
	7.66975 7.46458,
	7.67362 7.48006,
	7.67072 7.49555,
	7.66007 7.52652,
	7.6562 7.53426,
	7.65524 7.53813,
	7.6533 7.54007,
	7.6504 7.54781,
	7.64943 7.55168,
	7.64556 7.55555,
	7.64169 7.56233,
	7.62814 7.57684,
	7.59814 7.5991,
	7.58265 7.60975,
	7.57491 7.61459,
	7.57394 7.61652,
	7.57201 7.61652,
	7.56426 7.62136,
	7.54878 7.62717,
	7.54104 7.63007,
	7.53329 7.63104,
	7.52555 7.63007,
	7.51781 7.62717,
	7.51103 7.62233,
	7.51007 7.61459,
	7.51007 7.61362,
	"/>
<Contour name="d01cfa20" hidden="false" closed="false" simplified="false" border="0 1 0" fill="0 1 0" mode="11"
 points="7.65913 7.46901,
	7.65042 7.48159,
	7.62235 7.51449,
	7.58848 7.55611,
	7.5488 7.59675,
	7.51686 7.61514,
	"/>
</Transform>

<Transform dim="0"
 xcoef=" 0 1 0 0 0 0"
 ycoef=" 0 0 1 0 0 0">
<Contour name="d27c20" hidden="false" closed="true" simplified="true" border="0 0 1" fill="0 0 1" mode="11"
 points="11.7257 7.71285,
	11.7262 7.71061,
	11.7274 7.70949,
	11.7313 7.70054,
	11.733 7.69606,
	11.7341 7.69438,
	11.7341 7.68991,
	11.7352 7.68767,
	11.7385 7.66976,
	11.7408 7.66137,
	11.7425 7.65913,
	11.7436 7.65465,
	11.7441 7.65241,
	11.7458 7.65073,
	11.7458 7.64961,
	11.7469 7.6485,
	11.7481 7.64402,
	11.752 7.63618,
	11.7548 7.63227,
	11.7548 7.63115,
	11.7559 7.63059,
	11.7576 7.62667,
	11.7626 7.61828,
	11.766 7.6138,
	11.7676 7.61156,
	11.7682 7.60932,
	11.7693 7.60876,
	11.7693 7.60765,
	11.7704 7.60709,
	11.7704 7.60597,
	11.7716 7.60541,
	11.7716 7.60429,
	11.7727 7.60373,
	11.7727 7.60261,
	11.7794 7.59422,
	11.7805 7.59198,
	11.7822 7.59086,
	11.7828 7.58862,
	11.7884 7.58023,
	11.7912 7.57631,
	11.7928 7.57463,
	11.7928 7.57351,
	11.7967 7.56903,
	11.7984 7.56735,
	11.7995 7.5668,
	11.7995 7.56568,
	11.8068 7.5584,
	11.8079 7.5584,
	11.8079 7.55728,
	11.8119 7.55337,
	11.8141 7.55113,
	11.8214 7.54497,
	11.8236 7.54441,
	11.8281 7.54161,
	11.8303 7.53993,
	11.8326 7.53938,
	11.8337 7.53826,
	11.8382 7.53658,
	11.8404 7.53602,
	11.8415 7.5349,
	11.8505 7.5321,
	11.8527 7.53154,
	11.8538 7.53154,
	11.8544 7.53042,
	11.8902 7.52818,
	11.9081 7.5293,
	11.9171 7.52986,
	11.926 7.53266,
	11.9305 7.53322,
	11.9327 7.5349,
	11.935 7.5349,
	11.9394 7.53658,
	11.9417 7.53658,
	11.9462 7.53826,
	11.9484 7.53882,
	11.9495 7.53993,
	11.9534 7.54161,
	11.9546 7.54161,
	11.9551 7.54273,
	11.9573 7.54329,
	11.9618 7.54665,
	11.9635 7.54833,
	11.9646 7.54833,
	11.9719 7.55504,
	11.973 7.55672,
	11.9741 7.55672,
	11.9769 7.5612,
	11.9781 7.56232,
	11.9781 7.56344,
	11.9809 7.56791,
	11.982 7.56847,
	11.982 7.56959,
	11.9837 7.57183,
	11.9837 7.57295,
	11.9848 7.57407,
	11.9859 7.57855,
	11.987 7.57967,
	11.987 7.5819,
	11.9887 7.58414,
	11.9892 7.58862,
	11.9904 7.58918,
	11.992 7.59813,
	11.9926 7.60709,
	11.9937 7.61156,
	11.9937 7.62052,
	11.9937 7.62499,
	11.9937 7.62723,
	11.992 7.63171,
	11.9915 7.63395,
	11.9915 7.63507,
	11.9904 7.63618,
	11.9904 7.63842,
	11.987 7.64738,
	11.9842 7.65185,
	11.9831 7.65409,
	11.982 7.65521,
	11.982 7.65633,
	11.9786 7.66025,
	11.9786 7.66137,
	11.9719 7.6692,
	11.9719 7.67032,
	11.9646 7.67871,
	11.9618 7.68319,
	11.9546 7.69102,
	11.9456 7.6983,
	11.9378 7.70445,
	11.9338 7.70781,
	11.9305 7.71005,
	11.926 7.71341,
	11.9238 7.71453,
	11.9227 7.71565,
	11.9215 7.71565,
	11.9126 7.72236,
	11.9042 7.7274,
	11.9036 7.72852,
	11.9025 7.72852,
	11.9008 7.7302,
	11.8986 7.73076,
	11.8969 7.73243,
	11.8958 7.73243,
	11.8919 7.73523,
	11.8908 7.73635,
	11.8896 7.73635,
	11.8891 7.73747,
	11.8852 7.73915,
	11.8768 7.74419,
	11.8723 7.74698,
	11.8544 7.75314,
	11.8521 7.75426,
	11.8499 7.75426,
	11.8488 7.75538,
	11.8443 7.75594,
	11.8398 7.75762,
	11.8376 7.75762,
	11.8286 7.76097,
	11.8242 7.76153,
	11.823 7.76265,
	11.8208 7.76265,
	11.8163 7.76433,
	11.8141 7.76433,
	11.813 7.76545,
	11.7951 7.76825,
	11.7772 7.76713,
	11.7682 7.76433,
	11.7637 7.76209,
	11.7548 7.75594,
	11.7469 7.7509,
	11.7425 7.74698,
	11.7391 7.74363,
	11.7391 7.74251,
	11.7318 7.73523,
	11.7307 7.73411,
	11.7307 7.73299,
	11.7274 7.72852,
	11.7268 7.72628,
	11.7257 7.72516,
	11.7257 7.71621,
	11.7257 7.71397,
	11.7257 7.71341,
	"/>
</Transform>

<Transform dim="0"
 xcoef=" 0 1 0 0 0 0"
 ycoef=" 0 0 1 0 0 0">
<Contour name="d27cfa20" hidden="false" closed="true" simplified="true" border="0 1 0" fill="0 1 0" mode="11"
 points="11.7987 7.71335,
	11.7825 7.71317,
	11.7743 7.71084,
	11.7702 7.70945,
	11.7661 7.70604,
	11.7625 7.70363,
	11.7594 7.70021,
	11.7577 7.69825,
	11.7582 7.69723,
	11.7556 7.6893,
	11.7549 7.68732,
	11.7539 7.68686,
	11.7534 7.68289,
	11.7529 7.68241,
	11.7545 7.66647,
	11.7573 7.65847,
	11.7612 7.65048,
	11.772 7.63601,
	11.7743 7.63208,
	11.7763 7.63009,
	11.7859 7.61497,
	11.7912 7.60914,
	11.7975 7.6024,
	11.8009 7.59905,
	11.8023 7.59762,
	11.8033 7.59713,
	11.8033 7.5962,
	11.8061 7.59241,
	11.807 7.591,
	11.8065 7.59054,
	11.8088 7.58678,
	11.8098 7.58632,
	11.8097 7.58538,
	11.8131 7.58211,
	11.8182 7.57471,
	11.8205 7.57104,
	11.8238 7.56785,
	11.8316 7.56334,
	11.8394 7.55981,
	11.8472 7.55723,
	11.8477 7.55769,
	11.8633 7.55361,
	11.8653 7.55367,
	11.8673 7.55284,
	11.8752 7.55224,
	11.8791 7.55196,
	11.8871 7.55319,
	11.891 7.55338,
	11.892 7.55387,
	11.8999 7.55385,
	11.9039 7.55453,
	11.9078 7.55433,
	11.9117 7.55546,
	11.9137 7.5556,
	11.9158 7.55661,
	11.9197 7.55732,
	11.9218 7.55835,
	11.9237 7.55849,
	11.9318 7.56262,
	11.9359 7.56428,
	11.9434 7.56888,
	11.947 7.57141,
	11.949 7.57247,
	11.95 7.57256,
	11.9511 7.57355,
	11.953 7.57417,
	11.9567 7.57763,
	11.962 7.58482,
	11.9631 7.58583,
	11.9688 7.60085,
	11.9701 7.60463,
	11.9702 7.60647,
	11.9711 7.60702,
	11.9707 7.6079,
	11.9725 7.61545,
	11.9728 7.63042,
	11.9707 7.63776,
	11.969 7.6414,
	11.9675 7.64318,
	11.9644 7.65057,
	11.9635 7.65145,
	11.9622 7.65519,
	11.9602 7.65697,
	11.958 7.66018,
	11.9556 7.66241,
	11.9517 7.66407,
	11.9507 7.664,
	11.9488 7.66533,
	11.9478 7.66574,
	11.9468 7.6652,
	11.939 7.66712,
	11.9311 7.66616,
	11.9151 7.66095,
	11.9071 7.65914,
	11.8992 7.65932,
	11.8977 7.65879,
	11.8903 7.66346,
	11.887 7.66582,
	11.8812 7.67307,
	11.8743 7.67836,
	11.8676 7.6857,
	11.8606 7.6921,
	11.8587 7.69307,
	11.8583 7.69507,
	11.8583 7.69608,
	11.8504 7.70052,
	11.8424 7.70349,
	11.8404 7.70449,
	11.8394 7.70449,
	11.8384 7.70549,
	11.8309 7.70751,
	11.8269 7.70903,
	11.8229 7.70956,
	11.8149 7.71214,
	"/>
</Transform>

<Transform dim="0"
 xcoef=" 0 1 0 0 0 0"
 ycoef=" 0 0 1 0 0 0">
<Contour name="d27cfa21" hidden="false" closed="true" simplified="true" border="0 1 0" fill="1 0.5 0" mode="11"
 points="13.2749 6.30802,
	13.276 6.30556,
	13.2785 6.30311,
	13.2792 6.30311,
	13.282 6.30101,
	13.2872 6.2982,
	13.2928 6.2961,
	13.2984 6.29505,
	13.3209 6.29435,
	13.3223 6.29365,
	13.3251 6.29365,
	13.3307 6.2926,
	13.3335 6.29155,
	13.3363 6.29155,
	13.3391 6.29049,
	13.3503 6.28839,
	13.3517 6.28839,
	13.3573 6.28629,
	13.3587 6.28629,
	13.3598 6.28524,
	13.3626 6.28489,
	13.365 6.28383,
	13.3664 6.28313,
	13.3678 6.28313,
	13.3706 6.28173,
	13.372 6.28103,
	13.3727 6.28103,
	13.3738 6.27998,
	13.3745 6.27963,
	13.3748 6.27998,
	13.3797 6.27612,
	13.3818 6.27437,
	13.3846 6.27262,
	13.3903 6.27052,
	13.3931 6.26946,
	13.3945 6.26946,
	13.3973 6.26841,
	13.398 6.26841,
	13.3994 6.26736,
	13.4001 6.26736,
	13.4053 6.26386,
	13.4078 6.26175,
	13.4085 6.26105,
	13.4092 6.26105,
	13.4113 6.2593,
	13.4141 6.2572,
	13.4155 6.25615,
	13.4169 6.2558,
	13.4169 6.2551,
	13.4183 6.25474,
	13.419 6.25474,
	13.42 6.25369,
	13.4257 6.25159,
	13.4369 6.24914,
	13.4397 6.24844,
	13.4621 6.24773,
	13.4677 6.24738,
	13.4705 6.24703,
	13.4719 6.24633,
	13.4775 6.24528,
	13.4803 6.24388,
	13.4831 6.24318,
	13.4845 6.24213,
	13.4852 6.24213,
	13.4866 6.24108,
	13.488 6.24073,
	13.4887 6.24002,
	13.4944 6.23792,
	13.4958 6.23687,
	13.5014 6.23512,
	13.507 6.23512,
	13.5126 6.23617,
	13.5154 6.23687,
	13.5161 6.23687,
	13.5171 6.23792,
	13.5178 6.23792,
	13.5185 6.23862,
	13.5213 6.23967,
	13.5227 6.24037,
	13.5234 6.24108,
	13.5241 6.24108,
	13.5269 6.24318,
	13.5276 6.24318,
	13.5283 6.24423,
	13.5312 6.24598,
	13.5333 6.24773,
	13.5347 6.24879,
	13.535 6.25159,
	13.5333 6.2572,
	13.5322 6.26,
	13.5322 6.2607,
	13.5315 6.2614,
	13.5308 6.26421,
	13.5301 6.26561,
	13.5301 6.26701,
	13.529 6.26982,
	13.5287 6.27122,
	13.5287 6.27192,
	13.528 6.27262,
	13.528 6.27402,
	13.5259 6.27963,
	13.5259 6.28103,
	13.5248 6.28383,
	13.5245 6.28664,
	13.5245 6.28734,
	13.5238 6.28804,
	13.5227 6.29365,
	13.5227 6.29505,
	13.5217 6.29785,
	13.5213 6.30066,
	13.5206 6.30206,
	13.5203 6.30486,
	13.5196 6.30627,
	13.5185 6.31187,
	13.5154 6.32274,
	13.5147 6.32344,
	13.5143 6.32624,
	13.5136 6.32694,
	13.5133 6.32975,
	13.5122 6.33115,
	13.5119 6.33395,
	13.5112 6.33465,
	13.5112 6.33536,
	13.5105 6.33606,
	13.5101 6.33886,
	13.5091 6.34026,
	13.5087 6.34166,
	13.508 6.34202,
	13.508 6.34272,
	13.5028 6.34797,
	13.5 6.35078,
	13.4947 6.35463,
	13.494 6.35533,
	13.4933 6.35533,
	13.4912 6.35744,
	13.4863 6.36024,
	13.4838 6.36164,
	13.4824 6.36269,
	13.4817 6.36269,
	13.4807 6.36375,
	13.48 6.36375,
	13.4751 6.36725,
	13.4726 6.369,
	13.4688 6.37356,
	13.4667 6.37636,
	13.4642 6.37847,
	13.4628 6.37847,
	13.4621 6.37917,
	13.4593 6.37952,
	13.4565 6.37847,
	13.4509 6.37812,
	13.4397 6.37636,
	13.4369 6.37566,
	13.4313 6.37531,
	13.4257 6.37636,
	13.4243 6.37741,
	13.4229 6.37776,
	13.4176 6.38092,
	13.4172 6.38162,
	13.4165 6.38162,
	13.4064 6.38933,
	13.4053 6.39073,
	13.4043 6.39143,
	13.4015 6.39389,
	13.4001 6.39494,
	13.3994 6.39564,
	13.3987 6.39564,
	13.3983 6.39634,
	13.3976 6.39634,
	13.3952 6.39844,
	13.3945 6.39844,
	13.3931 6.39949,
	13.3875 6.4016,
	13.3818 6.40265,
	13.3706 6.4016,
	13.3692 6.4016,
	13.3664 6.40055,
	13.3657 6.40055,
	13.3654 6.39985,
	13.3626 6.39949,
	13.3598 6.39844,
	13.3584 6.39809,
	13.358 6.39739,
	13.3566 6.39739,
	13.3552 6.39634,
	13.3496 6.39424,
	13.3489 6.39424,
	13.3475 6.39319,
	13.3419 6.39108,
	13.3363 6.38828,
	13.3335 6.38688,
	13.3324 6.38583,
	13.33 6.38477,
	13.3286 6.38442,
	13.3258 6.38267,
	13.3244 6.38162,
	13.3237 6.38162,
	13.3233 6.38092,
	13.3219 6.38057,
	13.317 6.37706,
	13.3163 6.37636,
	13.3156 6.37636,
	13.3135 6.37426,
	13.3121 6.37391,
	13.3114 6.37321,
	13.3107 6.37321,
	13.3082 6.37111,
	13.3075 6.37111,
	13.303 6.36795,
	13.3009 6.36585,
	13.3002 6.36445,
	13.3002 6.36304,
	13.2991 6.36024,
	13.2991 6.35884,
	13.2984 6.35814,
	13.2977 6.35533,
	13.297 6.35393,
	13.297 6.35323,
	13.2963 6.35288,
	13.2963 6.35218,
	13.2946 6.34973,
	13.2935 6.34832,
	13.2928 6.34797,
	13.2928 6.34727,
	13.2879 6.34272,
	13.2869 6.34202,
	13.2844 6.33921,
	13.2834 6.33816,
	13.2834 6.33746,
	13.2823 6.33641,
	13.2823 6.33571,
	13.2813 6.3343,
	13.2813 6.3336,
	13.2802 6.33255,
	13.276 6.32134,
	13.2756 6.31853,
	13.2749 6.31818,
	13.2753 6.31257,
	13.2753 6.30977,
	13.2749 6.30837,
	"/>
</Transform>

<Transform dim="0"
 xcoef=" 0 1 0 0 0 0"
 ycoef=" 0 0 1 0 0 0">
<Contour name="mito09_php2016" hidden="false" closed="false" simplified="true" border="1 0.501961 0.25098" fill="1 0 0" mode="11"
 points="12.2168 8.82774,
	12.358 8.98608,
	"/>
</Transform>

<Transform dim="0"
 xcoef=" 0 1 0 0 0 0"
 ycoef=" 0 0 1 0 0 0">
<Contour name="d25_DELETE" hidden="false" closed="true" simplified="false" border="0 1 1" fill="0 1 1" mode="9"
 points="11.2468 6.40328,
	11.2607 6.38937,
	11.2051 6.33375,
	11.219 6.31985,
	11.2746 6.37547,
	11.2885 6.36156,
	11.2885 6.40328,
	"/>
</Transform>

<Transform dim="0"
 xcoef=" 0 1 0 0 0 0"
 ycoef=" 0 0 1 0 0 0">
<Contour name="d25_DELETE" hidden="false" closed="true" simplified="false" border="0 1 1" fill="0 1 1" mode="9"
 points="12.0185 6.82392,
	12.0324 6.81002,
	11.9768 6.75439,
	11.9907 6.74049,
	12.0464 6.79611,
	12.0603 6.7822,
	12.0603 6.82392,
	"/>
</Transform>

<Transform dim="0"
 xcoef=" 0 1 0 0 0 0"
 ycoef=" 0 0 1 0 0 0">
<Contour name="d25_DELETE" hidden="false" closed="true" simplified="false" border="0 1 1" fill="0 1 1" mode="9"
 points="12.6721 7.0186,
	12.686 7.00469,
	12.6304 6.94907,
	12.6443 6.93517,
	12.6999 6.99079,
	12.7138 6.97688,
	12.7138 7.0186,
	"/>
</Transform>

<Transform dim="0"
 xcoef=" 0 1 0 0 0 0"
 ycoef=" 0 0 1 0 0 0">
<Contour name="d27_DELETE" hidden="false" closed="true" simplified="false" border="0 1 1" fill="0 1 1" mode="9"
 points="13.6285 6.77232,
	13.6359 6.76491,
	13.6063 6.73528,
	13.6137 6.72787,
	13.6433 6.7575,
	13.6508 6.7501,
	13.6508 6.77232,
	"/>
</Transform>

<Transform dim="0"
 xcoef=" 0 1 0 0 0 0"
 ycoef=" 0 0 1 0 0 0">
<Contour name="d27c30" hidden="false" closed="true" simplified="true" border="0 0 1" fill="0 0 1" mode="11"
 points="13.4558 6.92082,
	13.4489 6.91705,
	13.4439 6.91366,
	13.4431 6.91152,
	13.4405 6.90954,
	13.4364 6.90097,
	13.4338 6.8967,
	13.4314 6.8878,
	13.4315 6.87854,
	13.4316 6.87387,
	13.4316 6.87328,
	13.4316 6.87269,
	13.4351 6.86293,
	13.4361 6.85806,
	13.4361 6.85566,
	13.4378 6.85311,
	13.4393 6.81332,
	13.4395 6.80308,
	13.4414 6.79261,
	13.4422 6.75023,
	13.4426 6.72858,
	13.4427 6.72312,
	13.4517 6.70074,
	13.4579 6.68941,
	13.4597 6.68655,
	13.4632 6.6843,
	13.4702 6.68322,
	13.4773 6.68486,
	13.4789 6.68613,
	13.4807 6.68601,
	13.4868 6.6911,
	13.4885 6.69645,
	13.4883 6.70736,
	13.4906 6.72884,
	13.4876 6.75047,
	13.4876 6.75312,
	13.4847 6.75864,
	13.4838 6.76399,
	13.482 6.76676,
	13.4786 6.80832,
	13.4784 6.81839,
	13.4753 6.83838,
	13.475 6.85764,
	13.4775 6.86684,
	13.4783 6.87143,
	13.4773 6.87615,
	13.4786 6.89428,
	13.4784 6.90327,
	13.4748 6.9125,
	13.4695 6.91738,
	13.4678 6.91753,
	13.4644 6.91949,
	13.4574 6.92067,
	"/>
</Transform>

<Transform dim="0"
 xcoef=" 0 1 0 0 0 0"
 ycoef=" 0 0 1 0 0 0">
<Image mag="0.002243" contrast="1.21819" brightness="-0.225" red="true" green="true" blue="true"
 src="128____z6.012.tif" />
<Contour name="domain1" hidden="false" closed="true" simplified="false" border="1 0 1" fill="1 0 1" mode="11"
 points="0 0,
	9337 0,
	9337 5471,
	0 5471,
	"/>
</Transform>

<Transform dim="0"
 xcoef=" 0 1 0 0 0 0"
 ycoef=" 0 0 1 0 0 0">
<Contour name="d27p30" hidden="false" closed="true" simplified="true" border="1 0 0" fill="1 0 0" mode="11"
 points="13.3897 6.78361,
	13.3794 6.76844,
	13.4007 6.76763,
	"/>
</Transform>

</Section>