<?xml version="1.0"?>
<!DOCTYPE Section SYSTEM "section.dtd">

<Section index="159" thickness="0.051" alignLocked="true">
<Transform dim="0"
 xcoef=" 0 1 0 0 0 0"
 ycoef=" 0 0 1 0 0 0">
<Image mag="0.00223" contrast="1" brightness="0" red="true" green="true" blue="true"
 src="157____z156.0.tif" />
<Contour name="domain1" hidden="false" closed="true" simplified="false" border="1 0 1" fill="1 0 1" mode="11"
 points="0 0,
	8752 0,
	8752 5074,
	0 5074,
	"/>
</Transform>

<Transform dim="0"
 xcoef=" 0 1 0 0 0 0"
 ycoef=" 0 0 1 0 0 0">
<Contour name="D68" hidden="false" closed="true" simplified="true" border="0 0.501961 0" fill="0 0.501961 0" mode="13"
 points="4.70949 5.11517,
	4.71594 5.08698,
	4.73465 5.06154,
	4.76381 5.04137,
	4.80054 5.02841,
	4.84126 5.02394,
	4.88198 5.02841,
	4.91871 5.04137,
	4.94787 5.06154,
	4.96658 5.08698,
	4.97303 5.11517,
	4.96658 5.14336,
	4.94787 5.16879,
	4.91871 5.18898,
	4.88198 5.20192,
	4.84126 5.2064,
	4.80054 5.20192,
	4.76381 5.18898,
	4.73465 5.16879,
	"/>
</Transform>

<Transform dim="0"
 xcoef=" 0 1 0 0 0 0"
 ycoef=" 0 0 1 0 0 0">
<Contour name="D32" hidden="false" closed="true" simplified="true" border="0.5 0 1" fill="0.5 0 1" mode="13"
 points="3.6477 5.61155,
	3.65257 5.5926,
	3.66674 5.57549,
	3.6888 5.56191,
	3.7166 5.5532,
	3.74741 5.55019,
	3.77823 5.5532,
	3.80603 5.56191,
	3.8281 5.57549,
	3.84225 5.5926,
	3.84714 5.61155,
	3.84225 5.63052,
	3.8281 5.64763,
	3.80603 5.66121,
	3.77823 5.66992,
	3.74741 5.67292,
	3.7166 5.66992,
	3.6888 5.66121,
	3.66674 5.64763,
	"/>
</Transform>

<Transform dim="0"
 xcoef=" 0 1 0 0 0 0"
 ycoef=" 0 0 1 0 0 0">
<Contour name="D09" hidden="false" closed="true" simplified="true" border="0 1 0" fill="0 1 0" mode="13"
 points="10.8546 4.84549,
	10.8601 4.8236,
	10.8759 4.80384,
	10.9005 4.78816,
	10.9316 4.77809,
	10.966 4.77462,
	11.0003 4.77809,
	11.0315 4.78816,
	11.0561 4.80384,
	11.0719 4.8236,
	11.0774 4.84549,
	11.0719 4.8674,
	11.0561 4.88715,
	11.0315 4.90284,
	11.0003 4.91291,
	10.966 4.91637,
	10.9316 4.91291,
	10.9005 4.90284,
	10.8759 4.88715,
	"/>
</Transform>

<Transform dim="0"
 xcoef=" 0 1 0 0 0 0"
 ycoef=" 0 0 1 0 0 0">
<Contour name="d32p35" hidden="false" closed="true" simplified="false" border="1 0 0" fill="1 0 0" mode="-13"
 points="3.66655 6.0201,
	3.70617 6.0201,
	3.68636 6.05643,
	"/>
</Transform>

<Transform dim="0"
 xcoef=" 0 1 0 0 0 0"
 ycoef=" 0 0 1 0 0 0">
<Contour name="d32sp35" hidden="false" closed="true" simplified="true" border="1 0 0" fill="1 0 0" mode="11"
 points="3.53236 6.03353,
	3.54114 6.03243,
	3.57624 6.03353,
	3.5938 6.03353,
	3.61134 6.03573,
	3.62011 6.03573,
	3.63768 6.03903,
	3.67278 6.04121,
	3.70788 6.04121,
	3.74298 6.03903,
	3.76054 6.03903,
	3.79564 6.03573,
	3.81319 6.03353,
	3.81538 6.03463,
	3.81319 6.03683,
	3.8088 6.03792,
	3.80112 6.0434,
	3.79235 6.06095,
	3.79016 6.06974,
	3.78796 6.07413,
	3.78686 6.09167,
	3.78906 6.10923,
	3.79564 6.12678,
	3.80442 6.14433,
	3.81868 6.16078,
	3.82198 6.16298,
	3.83075 6.17066,
	3.83403 6.17505,
	3.84171 6.17944,
	3.87463 6.20248,
	3.88339 6.20796,
	3.90095 6.21343,
	3.90315 6.21343,
	3.90534 6.21563,
	3.9229 6.22112,
	3.93167 6.22661,
	3.94044 6.22989,
	3.958 6.24196,
	3.96678 6.24856,
	3.97117 6.25074,
	3.98762 6.2672,
	3.9942 6.27487,
	4.01065 6.29024,
	4.02491 6.30558,
	4.02711 6.30889,
	4.0315 6.31327,
	4.03698 6.32204,
	4.04028 6.33081,
	4.04685 6.36593,
	4.04905 6.3747,
	4.05014 6.40981,
	4.04905 6.42735,
	4.04905 6.43175,
	4.04685 6.43614,
	4.04575 6.44491,
	4.04028 6.46246,
	4.03809 6.47124,
	4.03479 6.47563,
	4.03369 6.48001,
	4.02711 6.48879,
	4.00956 6.50085,
	4.00188 6.50524,
	3.99968 6.50744,
	3.96458 6.51403,
	3.94702 6.51403,
	3.91192 6.50524,
	3.89437 6.49977,
	3.87682 6.49647,
	3.85927 6.49538,
	3.82417 6.48879,
	3.80661 6.4833,
	3.79783 6.48001,
	3.79345 6.47893,
	3.79125 6.47672,
	3.7737 6.47124,
	3.75615 6.46026,
	3.74298 6.44491,
	3.72652 6.42846,
	3.71007 6.41858,
	3.7013 6.41419,
	3.69691 6.40981,
	3.67936 6.39884,
	3.6629 6.38458,
	3.65413 6.37799,
	3.64097 6.36154,
	3.63657 6.35276,
	3.63329 6.31766,
	3.63329 6.28255,
	3.63437 6.26501,
	3.64097 6.22989,
	3.64426 6.21235,
	3.64755 6.17725,
	3.64645 6.15969,
	3.64645 6.1553,
	3.63987 6.13775,
	3.63437 6.12897,
	3.63218 6.12678,
	3.63109 6.12239,
	3.62342 6.1147,
	3.62122 6.11032,
	3.59269 6.07632,
	3.57735 6.06095,
	3.56966 6.05437,
	3.56088 6.04999,
	3.55868 6.04779,
	3.54991 6.0445,
	3.53345 6.03463,
	"/>
</Transform>

<Transform dim="0"
 xcoef=" 0 1 0 0 0 0"
 ycoef=" 0 0 1 0 0 0">
<Contour name="d32cfa35" hidden="false" closed="false" simplified="false" border="0 1 0" fill="0 0.502 1" mode="11"
 points="3.87987 6.46035,
	3.87193 6.45031,
	3.85939 6.4407,
	3.84433 6.43109,
	3.83054 6.42357,
	3.8134 6.41603,
	3.79584 6.41144,
	3.78079 6.4081,
	3.76533 6.40391,
	3.74484 6.39849,
	3.69385 6.38134,
	"/>
</Transform>

<Transform dim="0"
 xcoef=" 0 1 0 0 0 0"
 ycoef=" 0 0 1 0 0 0">
<Contour name="d32cfa35" hidden="false" closed="true" simplified="true" border="0 1 0" fill="0 0.502 1" mode="11"
 points="3.68619 6.39042,
	3.68703 6.38875,
	3.69037 6.38792,
	3.69706 6.38792,
	3.69789 6.38875,
	3.70124 6.38959,
	3.70792 6.39251,
	3.7096 6.39293,
	3.71127 6.39419,
	3.71796 6.39712,
	3.71963 6.39754,
	3.72005 6.39838,
	3.7234 6.39962,
	3.72507 6.39962,
	3.72841 6.40087,
	3.73008 6.40213,
	3.73342 6.40338,
	3.7351 6.40338,
	3.73845 6.40506,
	3.76519 6.413,
	3.77189 6.41467,
	3.77523 6.4155,
	3.77689 6.41635,
	3.78025 6.41677,
	3.78108 6.41719,
	3.78192 6.41677,
	3.7953 6.42053,
	3.79864 6.42095,
	3.80198 6.4222,
	3.80366 6.42261,
	3.80449 6.42261,
	3.80533 6.42344,
	3.80867 6.42386,
	3.81202 6.42512,
	3.81536 6.42722,
	3.82873 6.43223,
	3.83543 6.43473,
	3.83877 6.43682,
	3.8396 6.43682,
	3.8463 6.44101,
	3.84963 6.44226,
	3.85298 6.44435,
	3.85424 6.44561,
	3.85591 6.44603,
	3.85926 6.44895,
	3.86217 6.45104,
	3.86804 6.45648,
	3.87304 6.46149,
	3.87513 6.46484,
	3.87598 6.46567,
	3.87222 6.47905,
	3.87013 6.48574,
	3.86804 6.48908,
	3.86176 6.49452,
	3.85508 6.49494,
	3.85172 6.49369,
	3.83835 6.49117,
	3.83166 6.4895,
	3.82832 6.48908,
	3.82664 6.48824,
	3.82497 6.48824,
	3.82164 6.48699,
	3.80825 6.48448,
	3.80658 6.48365,
	3.80324 6.48323,
	3.79655 6.48114,
	3.79571 6.48114,
	3.7953 6.4803,
	3.78861 6.47821,
	3.78694 6.47738,
	3.7861 6.47738,
	3.78526 6.47654,
	3.77858 6.47403,
	3.77689 6.47278,
	3.77523 6.47236,
	3.77189 6.47027,
	3.76938 6.46818,
	3.76771 6.46776,
	3.76102 6.46358,
	3.75809 6.46149,
	3.75642 6.46066,
	3.74973 6.45522,
	3.74471 6.44937,
	3.74304 6.44769,
	3.74095 6.44435,
	3.73928 6.44268,
	3.73719 6.43934,
	3.7351 6.43682,
	3.73384 6.43515,
	3.73217 6.43432,
	3.72966 6.4314,
	3.72297 6.42595,
	3.72046 6.42344,
	3.70751 6.41509,
	3.70082 6.41216,
	3.69747 6.4105,
	3.6958 6.40924,
	3.69413 6.40883,
	3.68828 6.40338,
	3.68744 6.40171,
	3.68744 6.40087,
	3.68661 6.40004,
	3.68619 6.39335,
	3.68619 6.39168,
	3.68619 6.39084,
	"/>
</Transform>

<Transform dim="0"
 xcoef=" 0 1 0 0 0 0"
 ycoef=" 0 0 1 0 0 0">
<Contour name="d32" hidden="false" closed="true" simplified="true" border="1 0 0" fill="1 0 0" mode="11"
 points="3.11401 5.44181,
	3.1205 5.42884,
	3.13022 5.4175,
	3.14319 5.40615,
	3.16427 5.38184,
	3.18047 5.3559,
	3.18372 5.34294,
	3.19507 5.317,
	3.20316 5.29106,
	3.20641 5.28783,
	3.20803 5.28134,
	3.22911 5.2554,
	3.24207 5.24243,
	3.24856 5.23595,
	3.27449 5.23271,
	3.28097 5.23109,
	3.29394 5.22298,
	3.30692 5.21001,
	3.31826 5.20029,
	3.32475 5.19867,
	3.32799 5.19542,
	3.34096 5.19055,
	3.34744 5.18893,
	3.35392 5.18407,
	3.36042 5.18245,
	3.37338 5.16948,
	3.39121 5.14517,
	3.40418 5.13706,
	3.41715 5.13382,
	3.42039 5.13058,
	3.52414 5.0933,
	3.55007 5.0852,
	3.65382 5.06737,
	3.67975 5.06249,
	3.73163 5.05925,
	3.7446 5.05925,
	3.79485 5.07385,
	3.82078 5.08194,
	3.84672 5.0933,
	3.85969 5.09978,
	3.88563 5.12085,
	3.90994 5.13706,
	3.92292 5.15004,
	3.92292 5.15327,
	3.92615 5.15652,
	3.93101 5.26026,
	3.93101 5.2862,
	3.93425 5.31214,
	3.93588 5.32511,
	3.93912 5.33159,
	3.95046 5.38347,
	3.95046 5.3867,
	3.95371 5.38832,
	3.95695 5.4013,
	3.96343 5.41427,
	3.96991 5.42075,
	3.97803 5.43372,
	4.00072 5.45479,
	4.02665 5.47263,
	4.03314 5.47748,
	4.05907 5.48721,
	4.10933 5.52611,
	4.15958 5.56177,
	4.20821 5.61203,
	4.23415 5.62986,
	4.26008 5.64283,
	4.26332 5.64607,
	4.26982 5.64769,
	4.28278 5.6558,
	4.28927 5.66066,
	4.2925 5.6639,
	4.29575 5.6639,
	4.32006 5.68822,
	4.33141 5.70118,
	4.346 5.72712,
	4.35086 5.7336,
	4.3541 5.73685,
	4.3541 5.74009,
	4.37031 5.76603,
	4.37843 5.79196,
	4.37843 5.8179,
	4.37031 5.86978,
	4.36707 5.87626,
	4.36707 5.8795,
	4.35086 5.90544,
	4.34114 5.91678,
	4.33789 5.92327,
	4.32655 5.93623,
	4.32006 5.93948,
	4.29575 5.9638,
	4.27144 5.98487,
	4.24549 5.9946,
	4.14175 6.00918,
	4.08987 6.01405,
	4.038 6.01567,
	4.03152 6.01567,
	4.02503 6.01891,
	3.97316 6.02215,
	3.92129 6.01891,
	3.90832 6.01729,
	3.88238 6.02053,
	3.85644 6.02701,
	3.85321 6.02701,
	3.84024 6.03513,
	3.8143 6.04484,
	3.76243 6.05295,
	3.73648 6.05781,
	3.68462 6.05781,
	3.63275 6.05458,
	3.58087 6.04809,
	3.55493 6.04161,
	3.529 6.03836,
	3.51603 6.03188,
	3.50306 6.02215,
	3.49657 6.01891,
	3.49495 6.01567,
	3.48847 6.01405,
	3.46253 5.99622,
	3.43984 5.97839,
	3.4139 5.95894,
	3.38796 5.94434,
	3.36203 5.93623,
	3.35879 5.93299,
	3.30692 5.92002,
	3.28097 5.90868,
	3.26801 5.89895,
	3.26314 5.89409,
	3.25828 5.84221,
	3.25828 5.79034,
	3.25666 5.7644,
	3.2518 5.75143,
	3.24046 5.74009,
	3.21452 5.73037,
	3.21128 5.73037,
	3.20803 5.72712,
	3.15615 5.71254,
	3.14319 5.70767,
	3.13346 5.69632,
	3.12699 5.68984,
	3.11563 5.6639,
	3.11401 5.65093,
	3.11563 5.63796,
	3.12212 5.62499,
	3.12536 5.61851,
	3.13022 5.59258,
	3.13184 5.57961,
	3.13995 5.55367,
	3.14319 5.54071,
	3.14157 5.52774,
	3.1367 5.51477,
	3.1367 5.51152,
	3.12212 5.48721,
	3.11401 5.46127,
	3.11401 5.44829,
	3.11401 5.44344,
	"/>
</Transform>

<Transform dim="0"
 xcoef=" 0 1 0 0 0 0"
 ycoef=" 0 0 1 0 0 0">
<Contour name="d32sp38" hidden="false" closed="true" simplified="true" border="1 0 0" fill="1 0 0" mode="11"
 points="3.00914 7.29374,
	3.01092 7.29016,
	3.01807 7.28481,
	3.01985 7.28303,
	3.03414 7.27766,
	3.03772 7.27677,
	3.05201 7.26694,
	3.05559 7.26337,
	3.08327 7.24372,
	3.11096 7.2205,
	3.12526 7.20799,
	3.13239 7.20085,
	3.14222 7.18656,
	3.14579 7.17941,
	3.14758 7.17584,
	3.15115 7.17227,
	3.15919 7.15887,
	3.16276 7.15172,
	3.16544 7.14904,
	3.16544 7.14726,
	3.16813 7.14368,
	3.17081 7.13654,
	3.17884 7.12225,
	3.18242 7.1151,
	3.18688 7.10082,
	3.18956 7.09366,
	3.1976 7.0365,
	3.20385 7.00792,
	3.20653 6.99363,
	3.20653 6.98649,
	3.20117 6.9722,
	3.19849 6.96504,
	3.19671 6.96147,
	3.19313 6.95791,
	3.18331 6.94362,
	3.16992 6.92932,
	3.16455 6.92485,
	3.13597 6.90253,
	3.12257 6.89002,
	3.10024 6.86234,
	3.09042 6.84804,
	3.08774 6.84537,
	3.08774 6.84358,
	3.08595 6.84179,
	3.08148 6.82751,
	3.07969 6.82392,
	3.07969 6.81678,
	3.07969 6.81322,
	3.08148 6.80963,
	3.08148 6.80785,
	3.08327 6.80606,
	3.09756 6.8016,
	3.10471 6.79981,
	3.119 6.79892,
	3.17616 6.78909,
	3.23333 6.7882,
	3.24762 6.78909,
	3.2619 6.79534,
	3.26817 6.79892,
	3.2753 6.80517,
	3.27887 6.81946,
	3.28155 6.82571,
	3.28246 6.82929,
	3.28603 6.83285,
	3.28782 6.83464,
	3.28959 6.83464,
	3.29138 6.83643,
	3.29853 6.83821,
	3.3021 6.84089,
	3.30389 6.84089,
	3.30745 6.84447,
	3.31104 6.84626,
	3.31461 6.84982,
	3.31907 6.86411,
	3.32086 6.87841,
	3.32174 6.88556,
	3.32442 6.8927,
	3.32442 6.89449,
	3.32622 6.89538,
	3.328 6.90253,
	3.33871 6.91592,
	3.34497 6.92128,
	3.3548 6.93468,
	3.3682 6.96326,
	3.37534 6.97755,
	3.38517 7.00614,
	3.38695 7.00971,
	3.38874 7.024,
	3.38874 7.05258,
	3.38695 7.06687,
	3.38695 7.07402,
	3.3816 7.1026,
	3.37713 7.11689,
	3.37445 7.12404,
	3.37355 7.12761,
	3.36462 7.1419,
	3.35748 7.1553,
	3.35212 7.16065,
	3.32442 7.18388,
	3.31818 7.19102,
	3.30656 7.20175,
	3.27887 7.22586,
	3.27262 7.233,
	3.26817 7.24015,
	3.2619 7.2464,
	3.26012 7.24997,
	3.24672 7.26337,
	3.23333 7.27319,
	3.21993 7.28571,
	3.20564 7.29641,
	3.19849 7.2991,
	3.19134 7.30357,
	3.17705 7.31607,
	3.17349 7.31875,
	3.1449 7.3241,
	3.11632 7.32768,
	3.10917 7.32947,
	3.08058 7.33036,
	3.0663 7.32947,
	3.05201 7.3259,
	3.04843 7.3241,
	3.04665 7.3241,
	3.04308 7.32142,
	3.0413 7.32142,
	3.03414 7.31697,
	3.03236 7.31697,
	3.02878 7.31429,
	3.02164 7.31161,
	3.01807 7.30981,
	3.01092 7.30357,
	3.00914 7.3,
	3.00914 7.29641,
	3.00914 7.29463,
	"/>
</Transform>

<Transform dim="0"
 xcoef=" 0 1 0 0 0 0"
 ycoef=" 0 0 1 0 0 0">
<Contour name="d32cfa38" hidden="false" closed="false" simplified="false" border="0 1 0" fill="0 0.502 1" mode="11"
 points="3.20798 7.04221,
	3.19458 7.1092,
	"/>
</Transform>

<Transform dim="0"
 xcoef=" 0 1 0 0 0 0"
 ycoef=" 0 0 1 0 0 0">
<Contour name="d32c38" hidden="false" closed="true" simplified="true" border="0 0 1" fill="0 0 1" mode="11"
 points="3.165 7.07727,
	3.17106 7.05787,
	3.17168 7.05544,
	3.17289 7.05423,
	3.17653 7.04452,
	3.17896 7.03968,
	3.18016 7.03724,
	3.18502 7.033,
	3.18926 7.03058,
	3.19897 7.02997,
	3.20382 7.02997,
	3.20868 7.03118,
	3.2111 7.03178,
	3.21595 7.03482,
	3.22566 7.04391,
	3.22687 7.04513,
	3.22808 7.06454,
	3.22505 7.08395,
	3.22081 7.09365,
	3.21777 7.0985,
	3.21717 7.10094,
	3.21048 7.11063,
	3.20686 7.11366,
	3.20442 7.11489,
	3.19473 7.11489,
	3.18987 7.11489,
	3.18016 7.11185,
	3.17106 7.10639,
	3.16865 7.10397,
	3.16683 7.09912,
	3.16561 7.09668,
	3.165 7.07789,
	"/>
</Transform>

<Transform dim="0"
 xcoef=" 0 1 0 0 0 0"
 ycoef=" 0 0 1 0 0 0">
<Contour name="D50" hidden="false" closed="true" simplified="true" border="0 1 1" fill="0 1 1" mode="-15"
 points="15.653 3.40972,
	15.657 3.39093,
	15.6686 3.37398,
	15.6864 3.36053,
	15.709 3.35189,
	15.7341 3.34891,
	15.7591 3.35189,
	15.7817 3.36053,
	15.7997 3.37398,
	15.8112 3.39093,
	15.8151 3.40972,
	15.8112 3.42853,
	15.7997 3.44548,
	15.7817 3.45893,
	15.7591 3.46757,
	15.7341 3.47054,
	15.709 3.46757,
	15.6864 3.45893,
	15.6686 3.44548,
	"/>
</Transform>

<Transform dim="0"
 xcoef=" 0 1 0 0 0 0"
 ycoef=" 0 0 1 0 0 0">
<Contour name="d50p14" hidden="false" closed="true" simplified="false" border="1 0 0" fill="1 0 0" mode="-13"
 points="16.2574 3.73684,
	16.2388 3.71833,
	16.2574 3.69982,
	16.276 3.71833,
	"/>
</Transform>

<Transform dim="0"
 xcoef=" 0 1 0 0 0 0"
 ycoef=" 0 0 1 0 0 0">
<Contour name="d50sp12" hidden="false" closed="true" simplified="true" border="1 0 0" fill="1 0 0" mode="-11"
 points="15.2887 2.39369,
	15.2915 2.38441,
	15.2927 2.37975,
	15.2939 2.37743,
	15.2939 2.37511,
	15.295 2.37279,
	15.295 2.37162,
	15.2962 2.37046,
	15.298 2.36582,
	15.2991 2.36349,
	15.2991 2.36234,
	15.3002 2.36175,
	15.302 2.35711,
	15.3049 2.35304,
	15.3089 2.34839,
	15.3136 2.34549,
	15.3154 2.34374,
	15.3247 2.342,
	15.3293 2.342,
	15.3385 2.34491,
	15.3432 2.34665,
	15.3456 2.34781,
	15.3468 2.34781,
	15.3472 2.34897,
	15.3519 2.35071,
	15.3543 2.35129,
	15.3549 2.35246,
	15.3595 2.3542,
	15.3606 2.3542,
	15.3619 2.35537,
	15.3711 2.35885,
	15.3717 2.36001,
	15.3764 2.36117,
	15.3787 2.36234,
	15.3799 2.36349,
	15.381 2.36349,
	15.3821 2.36465,
	15.3833 2.36465,
	15.3857 2.36639,
	15.3867 2.36757,
	15.388 2.36757,
	15.4066 2.37975,
	15.4112 2.38267,
	15.4147 2.38556,
	15.424 2.39079,
	15.4252 2.39079,
	15.4256 2.39195,
	15.4297 2.39312,
	15.4321 2.39427,
	15.4333 2.39427,
	15.4344 2.39543,
	15.4437 2.39892,
	15.4449 2.39892,
	15.4461 2.40009,
	15.4507 2.40183,
	15.453 2.403,
	15.4542 2.403,
	15.4554 2.40415,
	15.4565 2.40415,
	15.4571 2.40532,
	15.4583 2.40532,
	15.467 2.41229,
	15.4733 2.41868,
	15.4769 2.42331,
	15.478 2.42565,
	15.4803 2.42797,
	15.4856 2.43668,
	15.4925 2.44597,
	15.4954 2.45004,
	15.4994 2.45469,
	15.5122 2.47153,
	15.5134 2.47327,
	15.5209 2.48198,
	15.5274 2.48953,
	15.5355 2.49709,
	15.5419 2.50348,
	15.5442 2.50581,
	15.547 2.50929,
	15.5535 2.51857,
	15.5535 2.51974,
	15.5553 2.52091,
	15.5576 2.53019,
	15.5576 2.54879,
	15.5557 2.55808,
	15.5547 2.5604,
	15.5547 2.56156,
	15.5535 2.56214,
	15.5524 2.56679,
	15.547 2.57608,
	15.5442 2.58015,
	15.5361 2.58712,
	15.5314 2.5906,
	15.528 2.59409,
	15.5233 2.59875,
	15.5216 2.60049,
	15.5204 2.60049,
	15.5187 2.6028,
	15.5146 2.60512,
	15.5134 2.60629,
	15.5088 2.60803,
	15.5041 2.60861,
	15.5018 2.60977,
	15.4994 2.60977,
	15.4972 2.61094,
	15.4925 2.61151,
	15.4902 2.61151,
	15.4879 2.61268,
	15.4832 2.61268,
	15.4786 2.61384,
	15.46 2.61326,
	15.4554 2.61209,
	15.453 2.61094,
	15.4507 2.61094,
	15.4484 2.60977,
	15.4471 2.60977,
	15.4467 2.60861,
	15.4379 2.60571,
	15.4333 2.60338,
	15.431 2.60164,
	15.4297 2.60164,
	15.4205 2.59641,
	15.4182 2.59526,
	15.4169 2.59409,
	15.4159 2.59409,
	15.4112 2.5906,
	15.4089 2.58944,
	15.4077 2.58828,
	15.4066 2.58828,
	15.399 2.58189,
	15.3949 2.57899,
	15.3938 2.57725,
	15.3892 2.57376,
	15.3861 2.57086,
	15.3828 2.56621,
	15.3816 2.56505,
	15.3816 2.56389,
	15.3787 2.56098,
	15.3723 2.55227,
	15.3723 2.55111,
	15.3659 2.54182,
	15.3584 2.53485,
	15.3549 2.53136,
	15.3427 2.51277,
	15.3317 2.49535,
	15.3317 2.49418,
	15.3304 2.49361,
	15.3304 2.49244,
	15.3241 2.48431,
	15.3229 2.48198,
	15.3229 2.48082,
	15.3107 2.46282,
	15.3049 2.45352,
	15.3049 2.45236,
	15.3037 2.45178,
	15.3037 2.45062,
	15.2985 2.44133,
	15.295 2.43204,
	15.2939 2.42971,
	15.2939 2.42855,
	15.2927 2.42739,
	15.2904 2.41809,
	15.2893 2.41345,
	15.2887 2.39486,
	15.2887 2.39427,
	"/>
</Transform>

<Transform dim="0"
 xcoef=" 0 1 0 0 0 0"
 ycoef=" 0 0 1 0 0 0">
<Contour name="d50sp12" hidden="false" closed="true" simplified="true" border="1 0 0" fill="1 0 0" mode="-11"
 points="14.4485 2.16695,
	14.4566 2.15524,
	14.4566 2.15378,
	14.4581 2.15232,
	14.4689 2.12891,
	14.4734 2.12377,
	14.4734 2.12231,
	14.4749 2.12085,
	14.4749 2.11938,
	14.4822 2.10766,
	14.4895 2.09743,
	14.4968 2.08572,
	14.5005 2.07986,
	14.5034 2.07547,
	14.5115 2.06376,
	14.5166 2.05864,
	14.5246 2.0484,
	14.5305 2.04328,
	14.5349 2.03815,
	14.5364 2.03815,
	14.5378 2.03669,
	14.5393 2.03669,
	14.5503 2.0301,
	14.551 2.02863,
	14.5568 2.02718,
	14.5678 2.02058,
	14.5795 2.01619,
	14.5854 2.01327,
	14.5883 2.01107,
	14.5912 2.01034,
	14.592 2.00888,
	14.5934 2.00888,
	14.5986 2.00449,
	14.622 1.99278,
	14.6454 1.98619,
	14.6571 1.984,
	14.6805 1.98252,
	14.6922 1.98252,
	14.6945 1.984,
	14.6973 1.984,
	14.6989 1.98546,
	14.7047 1.98692,
	14.7156 1.99497,
	14.7215 1.99863,
	14.7237 2.00083,
	14.7253 2.00083,
	14.7354 2.00888,
	14.7384 2.01034,
	14.7413 2.01327,
	14.7465 2.01619,
	14.7493 2.01693,
	14.7509 2.01839,
	14.7734 2.02644,
	14.7853 2.0301,
	14.7866 2.03156,
	14.7984 2.03522,
	14.8042 2.03669,
	14.81 2.03961,
	14.816 2.04108,
	14.8174 2.04108,
	14.8188 2.04254,
	14.8248 2.044,
	14.8276 2.04547,
	14.8292 2.04547,
	14.8298 2.04693,
	14.8356 2.04912,
	14.8467 2.05644,
	14.8496 2.05864,
	14.8517 2.05938,
	14.8525 2.06083,
	14.8539 2.06083,
	14.8613 2.07182,
	14.8636 2.07401,
	14.8643 2.07694,
	14.8643 2.0784,
	14.8657 2.07986,
	14.8671 2.08572,
	14.8687 2.08865,
	14.8687 2.09157,
	14.8723 2.10328,
	14.8737 2.10914,
	14.8737 2.11499,
	14.8715 2.12085,
	14.8679 2.12597,
	14.8627 2.12891,
	14.8511 2.13036,
	14.8276 2.13036,
	14.8042 2.12524,
	14.7984 2.12377,
	14.7954 2.12524,
	14.7896 2.12597,
	14.7786 2.13329,
	14.7734 2.13768,
	14.7698 2.14281,
	14.7676 2.14573,
	14.7654 2.14719,
	14.7603 2.15304,
	14.7493 2.15963,
	14.7478 2.1611,
	14.7361 2.16623,
	14.7303 2.16842,
	14.7288 2.16842,
	14.7273 2.16987,
	14.7215 2.17207,
	14.7186 2.17207,
	14.7156 2.17354,
	14.6922 2.17793,
	14.6893 2.17793,
	14.6834 2.18013,
	14.6805 2.18086,
	14.6791 2.18086,
	14.6776 2.18232,
	14.6761 2.18232,
	14.6703 2.18672,
	14.6689 2.18672,
	14.6659 2.18891,
	14.6645 2.1911,
	14.6586 2.19476,
	14.6557 2.19768,
	14.6439 2.205,
	14.6382 2.20867,
	14.6366 2.20867,
	14.6308 2.21306,
	14.6205 2.21964,
	14.619 2.2211,
	14.6176 2.2211,
	14.6125 2.22477,
	14.6073 2.22696,
	14.6059 2.22843,
	14.595 2.23135,
	14.5715 2.23062,
	14.5598 2.22843,
	14.5364 2.22696,
	14.5246 2.2255,
	14.5129 2.22257,
	14.5012 2.21745,
	14.4998 2.21599,
	14.4983 2.21599,
	14.4968 2.21452,
	14.4954 2.21452,
	14.4939 2.21306,
	14.4925 2.21306,
	14.4917 2.2116,
	14.4903 2.2116,
	14.4785 2.20428,
	14.4778 2.20281,
	14.4764 2.20281,
	14.4705 2.19842,
	14.461 2.19036,
	14.4522 2.18086,
	14.45 2.17501,
	14.4485 2.17207,
	14.4485 2.16914,
	14.4485 2.16768,
	"/>
</Transform>

<Transform dim="0"
 xcoef=" 0 1 0 0 0 0"
 ycoef=" 0 0 1 0 0 0">
<Contour name="d50sp14" hidden="false" closed="true" simplified="true" border="1 0 0" fill="1 0 0" mode="-11"
 points="16.2682 3.7754,
	16.2867 3.76899,
	16.288 3.76899,
	16.2892 3.76781,
	16.2914 3.76724,
	16.3008 3.76141,
	16.3026 3.76082,
	16.3113 3.755,
	16.3207 3.74625,
	16.3271 3.73867,
	16.3392 3.7206,
	16.3392 3.71944,
	16.3405 3.71885,
	16.3411 3.71651,
	16.3416 3.71535,
	16.3427 3.71651,
	16.344 3.72119,
	16.3446 3.72351,
	16.3446 3.72469,
	16.3457 3.72585,
	16.3474 3.73517,
	16.3479 3.75383,
	16.3468 3.7585,
	16.3463 3.76082,
	16.3433 3.76491,
	16.3351 3.77365,
	16.334 3.77365,
	16.3294 3.77657,
	16.3201 3.77948,
	16.3107 3.78122,
	16.2921 3.78706,
	16.2827 3.78706,
	16.2804 3.78706,
	16.2758 3.78414,
	16.2711 3.78006,
	16.2682 3.77598,
	"/>
</Transform>

<Transform dim="0"
 xcoef=" 0 1 0 0 0 0"
 ycoef=" 0 0 1 0 0 0">
<Contour name="d50sp14" hidden="false" closed="true" simplified="true" border="1 0 0" fill="1 0 0" mode="-11"
 points="16.4318 3.9788,
	16.4324 3.96896,
	16.4341 3.95912,
	16.4398 3.94929,
	16.4471 3.94005,
	16.4496 3.9376,
	16.4545 3.92837,
	16.4606 3.91915,
	16.4748 3.90008,
	16.4767 3.89885,
	16.4847 3.89086,
	16.4896 3.88779,
	16.4945 3.88594,
	16.5142 3.88656,
	16.5338 3.88963,
	16.5437 3.89271,
	16.5462 3.89271,
	16.5559 3.89578,
	16.5609 3.89762,
	16.5634 3.89762,
	16.5658 3.89885,
	16.5683 3.89885,
	16.5708 3.90008,
	16.5731 3.90008,
	16.5757 3.90131,
	16.5781 3.90131,
	16.5794 3.90254,
	16.5843 3.90316,
	16.5867 3.90439,
	16.5892 3.90439,
	16.5903 3.90562,
	16.5954 3.90685,
	16.5966 3.90685,
	16.5978 3.90808,
	16.6003 3.90869,
	16.6089 3.91607,
	16.6138 3.91915,
	16.6156 3.92099,
	16.6169 3.92099,
	16.6181 3.92222,
	16.6193 3.92222,
	16.6243 3.9253,
	16.6341 3.92899,
	16.6439 3.93144,
	16.6464 3.93267,
	16.6489 3.93267,
	16.6512 3.9339,
	16.6538 3.9339,
	16.6562 3.93513,
	16.6661 3.93698,
	16.6759 3.94128,
	16.6851 3.94683,
	16.6944 3.95481,
	16.6993 3.95912,
	16.7023 3.96219,
	16.7103 3.97142,
	16.714 3.97573,
	16.7165 3.98003,
	16.7208 3.98495,
	16.7233 3.98803,
	16.7239 3.99049,
	16.7276 3.99417,
	16.73 3.99909,
	16.7312 4.00155,
	16.7312 4.00278,
	16.7325 4.00401,
	16.7325 4.00647,
	16.7337 4.00893,
	16.7337 4.01877,
	16.7325 4.02,
	16.7325 4.02247,
	16.7312 4.02492,
	16.7312 4.02615,
	16.73 4.02738,
	16.73 4.02861,
	16.7233 4.03845,
	16.7153 4.04768,
	16.7134 4.04891,
	16.7091 4.05382,
	16.7023 4.06059,
	16.698 4.06367,
	16.6894 4.07165,
	16.6857 4.07473,
	16.6814 4.07903,
	16.679 4.08088,
	16.6784 4.08211,
	16.6771 4.08211,
	16.6691 4.08765,
	16.6667 4.08888,
	16.6655 4.09011,
	16.6641 4.09011,
	16.663 4.09134,
	16.6618 4.09134,
	16.6605 4.09256,
	16.6593 4.09256,
	16.6587 4.09379,
	16.6575 4.09379,
	16.6562 4.09503,
	16.655 4.09503,
	16.6538 4.09626,
	16.6525 4.09626,
	16.6512 4.09749,
	16.6489 4.09749,
	16.6439 4.09933,
	16.6341 4.09994,
	16.6243 4.09933,
	16.6144 4.09564,
	16.6095 4.09318,
	16.6076 4.09134,
	16.6064 4.09134,
	16.6052 4.09011,
	16.604 4.09011,
	16.6033 4.08888,
	16.6021 4.08888,
	16.5972 4.08581,
	16.5935 4.08273,
	16.5917 4.08027,
	16.5917 4.07903,
	16.5843 4.07042,
	16.5806 4.06735,
	16.5788 4.06551,
	16.5738 4.06551,
	16.564 4.06304,
	16.5615 4.06181,
	16.5566 4.0612,
	16.5468 4.05812,
	16.5419 4.0569,
	16.5394 4.05629,
	16.5381 4.05506,
	16.5332 4.05382,
	16.532 4.05382,
	16.5308 4.05259,
	16.5111 4.04584,
	16.5087 4.04461,
	16.5074 4.04461,
	16.5068 4.04337,
	16.5019 4.04214,
	16.5013 4.04091,
	16.4988 4.04091,
	16.4896 4.03723,
	16.4871 4.03599,
	16.4847 4.03599,
	16.4649 4.02985,
	16.46 4.02861,
	16.4576 4.02799,
	16.4563 4.02676,
	16.4539 4.02676,
	16.4514 4.02553,
	16.4502 4.02553,
	16.449 4.02431,
	16.4441 4.02308,
	16.4391 4.02062,
	16.4367 4.01877,
	16.4355 4.01877,
	16.4341 4.01754,
	16.4318 4.0077,
	16.4318 3.98803,
	16.4318 3.98311,
	16.4318 3.98065,
	16.4318 3.97942,
	"/>
</Transform>

<Transform dim="0"
 xcoef=" 0 1 0 0 0 0"
 ycoef=" 0 0 1 0 0 0">
<Contour name="d50cfa14" hidden="false" closed="false" simplified="false" border="0 1 0" fill="0 1 0" mode="11"
 points="16.6097 4.07303,
	16.5731 4.05477,
	16.555 4.04661,
	16.5045 4.02931,
	"/>
</Transform>

<Transform dim="0"
 xcoef=" 0 1 0 0 0 0"
 ycoef=" 0 0 1 0 0 0">
<Contour name="d50c14" hidden="false" closed="true" simplified="true" border="0 0 1" fill="0 0 1" mode="11"
 points="16.494 4.04433,
	16.4953 4.03664,
	16.4968 4.0328,
	16.4968 4.03184,
	16.4991 4.02799,
	16.5007 4.02607,
	16.5021 4.02511,
	16.5035 4.02319,
	16.5064 4.02127,
	16.5074 4.02031,
	16.5083 4.02031,
	16.5161 4.0155,
	16.5199 4.01406,
	16.5276 4.0131,
	16.5314 4.0131,
	16.5468 4.01839,
	16.5545 4.02127,
	16.5694 4.03184,
	16.5771 4.03761,
	16.592 4.04481,
	16.5958 4.04722,
	16.5968 4.04817,
	16.5977 4.04817,
	16.6049 4.05346,
	16.6077 4.05682,
	16.6088 4.05778,
	16.6088 4.05874,
	16.6097 4.05971,
	16.6112 4.06739,
	16.6116 4.07508,
	16.6092 4.09046,
	16.6073 4.09813,
	16.6054 4.10199,
	16.6044 4.10343,
	16.6025 4.10535,
	16.5987 4.10679,
	16.591 4.10679,
	16.5871 4.10583,
	16.5852 4.10583,
	16.5833 4.10487,
	16.5814 4.10487,
	16.5804 4.10391,
	16.5795 4.10391,
	16.5785 4.10294,
	16.5747 4.10199,
	16.5727 4.10151,
	16.5718 4.10151,
	16.5708 4.10054,
	16.5631 4.09813,
	16.5593 4.09622,
	16.5574 4.09574,
	16.5564 4.09478,
	16.5487 4.09238,
	16.5449 4.09046,
	16.541 4.08949,
	16.5401 4.08853,
	16.5391 4.08853,
	16.5381 4.08757,
	16.5342 4.08661,
	16.5189 4.07988,
	16.5112 4.07651,
	16.5103 4.07555,
	16.5093 4.07555,
	16.5021 4.07123,
	16.4988 4.06884,
	16.4968 4.06691,
	16.4948 4.06306,
	16.4948 4.06115,
	16.494 4.05922,
	16.494 4.05154,
	16.494 4.04769,
	16.494 4.04577,
	16.494 4.04481,
	"/>
</Transform>

<Transform dim="0"
 xcoef=" 0 1 0 0 0 0"
 ycoef=" 0 0 1 0 0 0">
<Contour name="d50sp15" hidden="false" closed="true" simplified="true" border="1 0 0" fill="1 0 0" mode="-11"
 points="15.3331 2.91911,
	15.3352 2.9136,
	15.3385 2.90878,
	15.3433 2.90396,
	15.3489 2.90189,
	15.3544 2.90121,
	15.36 2.90189,
	15.3627 2.90258,
	15.373 2.91016,
	15.3819 2.91911,
	15.3875 2.92186,
	15.393 2.92255,
	15.415 2.9205,
	15.4205 2.92186,
	15.4261 2.92462,
	15.4316 2.92944,
	15.4357 2.93495,
	15.4357 2.93632,
	15.4371 2.93702,
	15.4371 2.93839,
	15.4384 2.93977,
	15.4384 2.94253,
	15.4405 2.94803,
	15.4419 2.97007,
	15.4398 2.99211,
	15.4329 3.01414,
	15.4316 3.0169,
	15.4316 3.01827,
	15.4301 3.01965,
	15.4301 3.02103,
	15.4253 3.02585,
	15.4144 3.02655,
	15.4033 3.02447,
	15.3978 3.0231,
	15.395 3.02103,
	15.3923 3.02034,
	15.3819 3.01139,
	15.3792 3.00932,
	15.3758 3.00588,
	15.3717 3.00106,
	15.3613 2.99004,
	15.3524 2.9797,
	15.3448 2.9687,
	15.3433 2.96594,
	15.3421 2.96455,
	15.3352 2.94253,
	15.3331 2.9315,
	15.3331 2.9205,
	15.3331 2.9198,
	"/>
</Transform>

<Transform dim="0"
 xcoef=" 0 1 0 0 0 0"
 ycoef=" 0 0 1 0 0 0">
<Contour name="d50" hidden="false" closed="true" simplified="true" border="0 0.501961 0.25098" fill="1 0 0" mode="-11"
 points="15.2363 3.36199,
	15.2418 3.34725,
	15.2435 3.34357,
	15.251 3.33805,
	15.2805 3.32331,
	15.2878 3.3187,
	15.2951 3.31595,
	15.2989 3.31319,
	15.3062 3.31042,
	15.3136 3.30582,
	15.3283 3.29938,
	15.343 3.29016,
	15.3504 3.28556,
	15.3541 3.28464,
	15.413 3.2432,
	15.4204 3.23952,
	15.4499 3.21742,
	15.4645 3.20729,
	15.4683 3.20637,
	15.483 3.19439,
	15.4978 3.17966,
	15.5042 3.17229,
	15.5134 3.15756,
	15.5162 3.15389,
	15.5199 3.13915,
	15.5327 3.10968,
	15.5401 3.09495,
	15.5419 3.08758,
	15.5521 3.07284,
	15.564 3.05811,
	15.5714 3.05167,
	15.5861 3.04337,
	15.6009 3.03877,
	15.6156 3.03786,
	15.623 3.03786,
	15.6524 3.04706,
	15.6672 3.05534,
	15.6745 3.05904,
	15.6893 3.06363,
	15.6966 3.06455,
	15.7003 3.0664,
	15.7151 3.06824,
	15.7298 3.06732,
	15.7445 3.07192,
	15.7592 3.08114,
	15.7666 3.08665,
	15.7814 3.08758,
	15.7961 3.08573,
	15.8255 3.08665,
	15.8329 3.08758,
	15.8366 3.08942,
	15.844 3.08942,
	15.8476 3.08942,
	15.8513 3.09126,
	15.8587 3.10508,
	15.8634 3.11981,
	15.8643 3.13454,
	15.8651 3.14191,
	15.8697 3.15664,
	15.8762 3.17137,
	15.8872 3.18611,
	15.902 3.19623,
	15.9093 3.20084,
	15.913 3.2036,
	15.9149 3.2036,
	15.9296 3.21833,
	15.9334 3.2211,
	15.938 3.22847,
	15.938 3.23031,
	15.9397 3.23123,
	15.9397 3.23307,
	15.9452 3.24045,
	15.9463 3.24412,
	15.948 3.24504,
	15.9489 3.24872,
	15.9545 3.2561,
	15.9572 3.26347,
	15.9738 3.29293,
	15.9803 3.30766,
	15.9813 3.31134,
	15.983 3.31226,
	15.983 3.31411,
	15.9849 3.31595,
	15.9849 3.31779,
	15.9876 3.32147,
	15.9885 3.32516,
	15.995 3.33252,
	15.9978 3.33621,
	15.9978 3.33805,
	16.0245 3.36659,
	16.053 3.3933,
	16.0678 3.40526,
	16.0715 3.40896,
	16.0861 3.41816,
	16.0936 3.42277,
	16.0973 3.42461,
	16.1008 3.42828,
	16.1045 3.4292,
	16.112 3.43474,
	16.1415 3.44855,
	16.1487 3.45131,
	16.1524 3.45315,
	16.2114 3.45223,
	16.2409 3.44947,
	16.2555 3.44763,
	16.2704 3.44763,
	16.2776 3.44763,
	16.2851 3.45039,
	16.3146 3.47525,
	16.3182 3.47801,
	16.3201 3.48171,
	16.3459 3.51025,
	16.3559 3.52498,
	16.3597 3.53235,
	16.3624 3.54708,
	16.3634 3.56181,
	16.3651 3.56918,
	16.3651 3.59865,
	16.3651 3.60602,
	16.3651 3.60969,
	16.3605 3.62442,
	16.3578 3.63915,
	16.3486 3.66863,
	16.3422 3.68336,
	16.343 3.71283,
	16.3403 3.72757,
	16.3357 3.73492,
	16.333 3.7423,
	16.3229 3.75703,
	16.308 3.76808,
	16.3008 3.77176,
	16.286 3.77637,
	16.2786 3.7782,
	16.275 3.7782,
	16.2601 3.78281,
	16.2528 3.78557,
	16.2492 3.78742,
	16.2455 3.78742,
	16.2307 3.79294,
	16.2234 3.79386,
	16.1939 3.80307,
	16.1791 3.80951,
	16.1498 3.81136,
	16.1349 3.8132,
	16.1277 3.81505,
	16.1203 3.81872,
	16.1055 3.82242,
	16.1028 3.82517,
	16.1008 3.82517,
	16.0715 3.84819,
	16.042 3.86845,
	16.0171 3.897,
	16.0107 3.90436,
	15.9959 3.91357,
	15.9664 3.94211,
	15.9526 3.95685,
	15.9334 3.98632,
	15.9242 4.00105,
	15.9205 4.00842,
	15.9185 4.01026,
	15.9159 4.01763,
	15.8882 4.04525,
	15.8809 4.05262,
	15.8734 4.05631,
	15.8697 4.05631,
	15.8624 4.0609,
	15.8476 4.06551,
	15.8182 4.06919,
	15.8034 4.07104,
	15.774 4.06827,
	15.7592 4.06643,
	15.7445 4.06275,
	15.7298 4.05723,
	15.7224 4.05262,
	15.693 4.02407,
	15.6791 4.00934,
	15.6718 4.00197,
	15.6663 3.99461,
	15.6635 3.99092,
	15.6607 3.98356,
	15.6589 3.98264,
	15.6561 3.97527,
	15.646 3.96054,
	15.6396 3.95317,
	15.6322 3.94857,
	15.6294 3.94488,
	15.6 3.94581,
	15.5852 3.94857,
	15.5705 3.94765,
	15.541 3.94211,
	15.5263 3.93936,
	15.5189 3.93936,
	15.5042 3.93567,
	15.4895 3.93014,
	15.482 3.9283,
	15.4747 3.92463,
	15.4729 3.92463,
	15.4655 3.92002,
	15.4508 3.90805,
	15.437 3.89331,
	15.414 3.86384,
	15.4094 3.85647,
	15.4066 3.8528,
	15.4037 3.84543,
	15.3928 3.8307,
	15.3873 3.82334,
	15.3862 3.81964,
	15.3753 3.80491,
	15.3707 3.79755,
	15.3679 3.79386,
	15.3651 3.7865,
	15.3587 3.77913,
	15.3541 3.7644,
	15.3486 3.73492,
	15.3403 3.676,
	15.3384 3.64652,
	15.3339 3.61706,
	15.3265 3.58759,
	15.3237 3.57286,
	15.3228 3.56549,
	15.3182 3.55813,
	15.308 3.52866,
	15.2997 3.51392,
	15.2961 3.50656,
	15.2564 3.44763,
	15.2481 3.4329,
	15.2435 3.42553,
	15.2409 3.4108,
	15.2389 3.4071,
	15.2363 3.37764,
	15.2363 3.36291,
	"/>
</Transform>

<Transform dim="0"
 xcoef=" 0 1 0 0 0 0"
 ycoef=" 0 0 1 0 0 0">
<Contour name="d50sp16" hidden="false" closed="true" simplified="true" border="1 0 0" fill="1 0 0" mode="-11"
 points="15.65 4.62499,
	15.6511 4.62386,
	15.6523 4.61931,
	15.6545 4.61704,
	15.6625 4.61192,
	15.6671 4.6102,
	15.6682 4.6102,
	15.6693 4.60906,
	15.6875 4.60394,
	15.6921 4.6028,
	15.6932 4.60166,
	15.7297 4.59085,
	15.7342 4.58915,
	15.7433 4.58802,
	15.7479 4.58802,
	15.757 4.59085,
	15.7655 4.59597,
	15.7678 4.59825,
	15.7701 4.59939,
	15.7718 4.60166,
	15.7735 4.6028,
	15.7757 4.60508,
	15.7809 4.61304,
	15.7837 4.62158,
	15.7855 4.63068,
	15.7855 4.64889,
	15.782 4.658,
	15.7757 4.66711,
	15.7735 4.66882,
	15.7723 4.66996,
	15.7712 4.66996,
	15.7689 4.67167,
	15.7666 4.67223,
	15.7655 4.67337,
	15.7473 4.67736,
	15.7382 4.67849,
	15.7337 4.67963,
	15.7154 4.67963,
	15.6972 4.67849,
	15.679 4.67565,
	15.6699 4.67223,
	15.6608 4.66654,
	15.6574 4.66256,
	15.6511 4.64435,
	15.65 4.63979,
	15.65 4.63068,
	15.65 4.62614,
	15.65 4.62556,
	"/>
</Transform>

<Transform dim="0"
 xcoef=" 0 1 0 0 0 0"
 ycoef=" 0 0 1 0 0 0">
<Contour name="d19sp30" hidden="false" closed="true" simplified="true" border="1 0 0" fill="1 0 0" mode="11"
 points="9.87063 7.92867,
	9.87405 7.92174,
	9.87581 7.91828,
	9.87923 7.91741,
	9.88187 7.91482,
	9.89566 7.91309,
	9.90954 7.91309,
	9.92342 7.90876,
	9.92508 7.90876,
	9.92684 7.90703,
	9.9545 7.90616,
	9.96838 7.90616,
	9.98226 7.9027,
	9.99605 7.90097,
	10.0099 7.90097,
	10.0168 7.90184,
	10.0203 7.90357,
	10.0272 7.90443,
	10.0341 7.90703,
	10.0359 7.90703,
	10.0376 7.90876,
	10.0445 7.91135,
	10.048 7.91135,
	10.0497 7.91309,
	10.0627 7.91741,
	10.0696 7.92001,
	10.0835 7.92954,
	10.0904 7.93386,
	10.0939 7.93386,
	10.1077 7.93992,
	10.1198 7.94511,
	10.1233 7.94771,
	10.1267 7.94857,
	10.1337 7.95376,
	10.1371 7.95636,
	10.1388 7.95636,
	10.1406 7.95982,
	10.144 7.96069,
	10.1466 7.96328,
	10.1484 7.96328,
	10.1518 7.96674,
	10.1657 7.9754,
	10.1674 7.9754,
	10.1691 7.97798,
	10.1821 7.98319,
	10.189 7.98577,
	10.196 7.9901,
	10.1994 7.99183,
	10.2003 7.99356,
	10.2063 7.99615,
	10.2185 8.00481,
	10.2202 8.00481,
	10.2271 8.01,
	10.2297 8.0126,
	10.2314 8.0126,
	10.2384 8.01865,
	10.2643 8.0351,
	10.2783 8.04462,
	10.2808 8.04635,
	10.292 8.0576,
	10.3059 8.06972,
	10.3129 8.07577,
	10.3259 8.08443,
	10.3379 8.09568,
	10.3413 8.09827,
	10.3491 8.11125,
	10.3534 8.11818,
	10.3534 8.11991,
	10.3561 8.12251,
	10.3561 8.12424,
	10.3586 8.12857,
	10.3605 8.1303,
	10.3605 8.13203,
	10.3648 8.13809,
	10.3673 8.14155,
	10.3699 8.15539,
	10.3699 8.16231,
	10.3605 8.18914,
	10.3605 8.19087,
	10.3561 8.19779,
	10.3561 8.19952,
	10.3465 8.21078,
	10.3405 8.21511,
	10.3266 8.21597,
	10.3129 8.21338,
	10.2851 8.20471,
	10.2816 8.20471,
	10.2799 8.20298,
	10.2523 8.19866,
	10.2384 8.19779,
	10.2245 8.19866,
	10.2211 8.19866,
	10.2176 8.20039,
	10.2037 8.20298,
	10.1899 8.20385,
	10.1882 8.20385,
	10.1847 8.20125,
	10.1778 8.19866,
	10.1752 8.19779,
	10.1717 8.19433,
	10.1596 8.18568,
	10.1536 8.18049,
	10.1518 8.17875,
	10.1501 8.17875,
	10.138 8.17097,
	10.1354 8.16837,
	10.1293 8.16578,
	10.1285 8.16404,
	10.125 8.16318,
	10.1224 8.16058,
	10.1189 8.15972,
	10.1172 8.15712,
	10.1034 8.1528,
	10.0964 8.15193,
	10.0696 8.14068,
	10.0679 8.14068,
	10.0611 8.13549,
	10.0549 8.13203,
	10.0515 8.12943,
	10.0497 8.12943,
	10.0428 8.12338,
	10.0393 8.12251,
	10.0255 8.11298,
	10.0238 8.11125,
	10.0203 8.11039,
	10.0134 8.10606,
	10.0125 8.10433,
	10.0091 8.10346,
	10.0065 8.10087,
	10.003 8.1,
	10.0013 8.09827,
	9.99957 8.09827,
	9.99869 8.09654,
	9.99693 8.09654,
	9.98999 8.09221,
	9.98832 8.09221,
	9.97444 8.0827,
	9.96232 8.07491,
	9.9589 8.07145,
	9.95538 8.06972,
	9.9502 8.06366,
	9.94414 8.05933,
	9.93896 8.05241,
	9.93554 8.04895,
	9.93466 8.04549,
	9.93114 8.04203,
	9.93026 8.03856,
	9.92772 8.03597,
	9.92684 8.03251,
	9.9242 8.02991,
	9.92342 8.02645,
	9.91902 8.02039,
	9.91648 8.01692,
	9.91648 8.01519,
	9.91296 8.0126,
	9.91296 8.01087,
	9.90866 8.00481,
	9.90524 8.00221,
	9.90348 7.99875,
	9.90172 7.99702,
	9.90172 7.99529,
	9.89742 7.99096,
	9.89654 7.9875,
	9.89478 7.98664,
	9.89399 7.98319,
	9.89223 7.98231,
	9.89223 7.98059,
	9.89047 7.97971,
	9.88959 7.97626,
	9.88529 7.96934,
	9.88353 7.96848,
	9.88275 7.96501,
	9.87835 7.95896,
	9.87669 7.9555,
	9.87493 7.95376,
	9.87405 7.9503,
	9.87229 7.94857,
	9.87063 7.93473,
	9.87063 7.93127,
	9.87063 7.92954,
	"/>
</Transform>

<Transform dim="0"
 xcoef=" 0 1 0 0 0 0"
 ycoef=" 0 0 1 0 0 0">
<Contour name="d09shaft" hidden="true" closed="true" simplified="true" border="1 0.501961 0.25098" fill="0.502 1 0.502" mode="11"
 points="8.94066 4.12162,
	8.95546 4.06243,
	8.96101 4.03282,
	8.9795 3.97363,
	8.98876 3.94402,
	8.99061 3.93662,
	9.035 3.87928,
	9.0942 3.88668,
	9.1201 3.91628,
	9.12194 3.91814,
	9.08865 3.97732,
	9.07385 4.00693,
	9.0646 4.02172,
	9.0461 4.08093,
	9.04055 4.11052,
	9.04055 4.16972,
	9.0424 4.18452,
	9.0572 4.21412,
	9.0646 4.22892,
	9.0683 4.23631,
	9.1201 4.29551,
	9.13305 4.31031,
	9.19225 4.34176,
	9.22185 4.35471,
	9.25145 4.36396,
	9.26624 4.36581,
	9.32544 4.36026,
	9.44384 4.33436,
	9.47344 4.33621,
	9.50303 4.33251,
	9.51784 4.32141,
	9.52524 4.31401,
	9.54004 4.30662,
	9.56963 4.29736,
	9.59923 4.30477,
	9.60663 4.30662,
	9.61033 4.30662,
	9.61219 4.32141,
	9.61033 4.35101,
	9.57703 4.41021,
	9.57333 4.41761,
	9.51413 4.45461,
	9.49933 4.462,
	9.48638 4.4731,
	9.46419 4.50271,
	9.43458 4.52306,
	9.41978 4.53415,
	9.36059 4.536,
	9.3014 4.53415,
	9.294 4.53415,
	9.2348 4.50271,
	9.2052 4.48605,
	9.146 4.44536,
	9.1164 4.42685,
	8.99985 4.31031,
	8.98505 4.29551,
	8.97765 4.28811,
	8.94991 4.16972,
	8.94436 4.14012,
	8.94066 4.12532,
	8.94066 4.12347,
	"/>
</Transform>

<Transform dim="0"
 xcoef=" 0 1 0 0 0 0"
 ycoef=" 0 0 1 0 0 0">
<Contour name="d09p12" hidden="false" closed="true" simplified="true" border="1 0 0" fill="1 0 0" mode="11"
 points="11.4649 4.90059,
	11.4662 4.89349,
	11.47 4.88708,
	11.476 4.882,
	11.4836 4.87873,
	11.492 4.87759,
	11.5004 4.87873,
	11.5081 4.882,
	11.514 4.88708,
	11.5178 4.89349,
	11.5192 4.90059,
	11.5178 4.9077,
	11.514 4.91411,
	11.5081 4.91919,
	11.5004 4.92246,
	11.492 4.9236,
	11.4836 4.92246,
	11.476 4.91919,
	11.47 4.91411,
	"/>
</Transform>

<Transform dim="0"
 xcoef=" 0 1 0 0 0 0"
 ycoef=" 0 0 1 0 0 0">
<Contour name="d09shaft" hidden="true" closed="true" simplified="true" border="1 0.501961 0.25098" fill="0.502 1 0.502" mode="11"
 points="10.329 4.857,
	10.3674 4.78464,
	10.3878 4.74845,
	10.3992 4.73037,
	10.433 4.69419,
	10.5054 4.6354,
	10.5415 4.60826,
	10.5597 4.60149,
	10.5958 4.59696,
	10.632 4.58113,
	10.6502 4.57435,
	10.6863 4.57209,
	10.6954 4.56983,
	10.7134 4.57661,
	10.7224 4.58339,
	10.7269 4.58565,
	10.7632 4.56983,
	10.7994 4.55852,
	10.8355 4.55174,
	10.8536 4.54948,
	10.926 4.56983,
	10.9622 4.57661,
	11.0345 4.56304,
	11.0707 4.55626,
	11.1069 4.58113,
	11.125 4.59244,
	11.2697 4.63993,
	11.342 4.6648,
	11.3647 4.70098,
	11.394 4.77333,
	11.4008 4.79142,
	11.4347 4.81177,
	11.4709 4.82082,
	11.4799 4.82309,
	11.498 4.81629,
	11.5343 4.7869,
	11.5523 4.77333,
	11.6247 4.75751,
	11.697 4.75072,
	11.7333 4.74845,
	11.8055 4.71906,
	11.8418 4.68967,
	11.914 4.64219,
	11.9322 4.63088,
	11.9639 4.5947,
	11.9729 4.58792,
	12.009 4.57435,
	12.0135 4.57209,
	12.0702 4.64219,
	12.0837 4.66028,
	12.0882 4.6648,
	12.086 4.70098,
	12.086 4.71906,
	12.0792 4.75525,
	12.052 4.79142,
	12.018 4.82309,
	12 4.83665,
	11.9639 4.857,
	11.9458 4.86831,
	11.9119 4.90448,
	11.8394 4.94745,
	11.7672 4.9497,
	11.6948 4.94292,
	11.6224 4.92031,
	11.6043 4.91805,
	11.5953 4.91805,
	11.5908 4.91805,
	11.5749 4.93614,
	11.5659 4.94518,
	11.5545 5.01754,
	11.5568 5.05371,
	11.5568 5.07181,
	11.5568 5.08086,
	11.5568 5.08537,
	11.4868 5.15773,
	11.4551 5.19392,
	11.4189 5.22783,
	11.3827 5.23008,
	11.3104 5.22783,
	11.1657 5.24818,
	11.1295 5.2527,
	11.1114 5.25496,
	11.039 5.22557,
	11.0029 5.212,
	10.9848 5.20522,
	10.9757 5.2007,
	10.9034 5.19165,
	10.8672 5.18486,
	10.7949 5.18261,
	10.7768 5.18035,
	10.7405 5.15773,
	10.5958 5.08763,
	10.5597 5.06955,
	10.5234 5.04241,
	10.4873 5.01076,
	10.4173 4.9384,
	10.381 4.92031,
	10.3629 4.91126,
	10.3539 4.90448,
	10.338 4.86831,
	10.3335 4.86831,
	10.329 4.85926,
	"/>
</Transform>

<Transform dim="0"
 xcoef=" 0 1 0 0 0 0"
 ycoef=" 0 0 1 0 0 0">
<Contour name="d09shaft" hidden="true" closed="true" simplified="true" border="1 0.501961 0.25098" fill="0.502 1 0.502" mode="11"
 points="10.6523 3.61884,
	10.7017 3.60028,
	10.7265 3.59408,
	10.7327 3.59098,
	10.7265 3.54145,
	10.7234 3.52907,
	10.7265 3.51668,
	10.7513 3.49501,
	10.8007 3.47025,
	10.8999 3.44858,
	10.9494 3.45477,
	10.9741 3.45787,
	11.0732 3.52288,
	11.1228 3.55692,
	11.1351 3.56622,
	11.1568 3.61574,
	11.1661 3.64051,
	11.1568 3.69004,
	11.1537 3.71481,
	11.1475 3.7272,
	11.1259 3.75196,
	11.1135 3.76433,
	11.0144 3.81078,
	10.9649 3.83245,
	10.9154 3.84173,
	10.8657 3.83863,
	10.8163 3.82316,
	10.7667 3.7953,
	10.6831 3.69623,
	10.6584 3.64671,
	10.6523 3.62194,
	"/>
</Transform>

<Transform dim="0"
 xcoef=" 0 1 0 0 0 0"
 ycoef=" 0 0 1 0 0 0">
<Contour name="d09sp10" hidden="false" closed="true" simplified="true" border="1 0 0" fill="1 0 0" mode="11"
 points="8.94066 4.12162,
	8.95546 4.06243,
	8.96101 4.03282,
	8.9795 3.97363,
	8.98876 3.94402,
	8.99061 3.93662,
	9.035 3.87928,
	9.0942 3.88668,
	9.1201 3.91628,
	9.12194 3.91814,
	9.08865 3.97732,
	9.07385 4.00693,
	9.0646 4.02172,
	9.0461 4.08093,
	9.04055 4.11052,
	9.04055 4.16972,
	9.0424 4.18452,
	9.0572 4.21412,
	9.0646 4.22892,
	9.0683 4.23631,
	9.1201 4.29551,
	9.13305 4.31031,
	9.19225 4.34176,
	9.22185 4.35471,
	9.25145 4.36396,
	9.26624 4.36581,
	9.32544 4.36026,
	9.44384 4.33436,
	9.47344 4.33621,
	9.50303 4.33251,
	9.51784 4.32141,
	9.52524 4.31401,
	9.54004 4.30662,
	9.56963 4.29736,
	9.59923 4.30477,
	9.60663 4.30662,
	9.61033 4.30662,
	9.61219 4.32141,
	9.61033 4.35101,
	9.57703 4.41021,
	9.57333 4.41761,
	9.51413 4.45461,
	9.49933 4.462,
	9.48638 4.4731,
	9.46419 4.50271,
	9.43458 4.52306,
	9.41978 4.53415,
	9.36059 4.536,
	9.3014 4.53415,
	9.294 4.53415,
	9.2348 4.50271,
	9.2052 4.48605,
	9.146 4.44536,
	9.1164 4.42685,
	8.99985 4.31031,
	8.98505 4.29551,
	8.97765 4.28811,
	8.94991 4.16972,
	8.94436 4.14012,
	8.94066 4.12532,
	8.94066 4.12347,
	"/>
</Transform>

<Transform dim="0"
 xcoef=" 0 1 0 0 0 0"
 ycoef=" 0 0 1 0 0 0">
<Contour name="d09sp12" hidden="false" closed="true" simplified="true" border="1 0 0" fill="1 0 0" mode="11"
 points="11.4831 4.82182,
	11.4938 4.81782,
	11.4992 4.81549,
	11.5205 4.79785,
	11.531 4.78919,
	11.5523 4.7732,
	11.5951 4.76389,
	11.6164 4.75923,
	11.6269 4.75722,
	11.6695 4.75323,
	11.6909 4.75124,
	11.7015 4.75023,
	11.7228 4.74924,
	11.7335 4.74857,
	11.7762 4.73093,
	11.7975 4.72228,
	11.8028 4.71994,
	11.8053 4.71894,
	11.8267 4.70163,
	11.8374 4.69297,
	11.848 4.68532,
	11.8907 4.65735,
	11.912 4.64336,
	11.9225 4.6367,
	11.928 4.63337,
	11.9305 4.63172,
	11.9319 4.63105,
	11.9506 4.60975,
	11.9602 4.59909,
	11.9649 4.5941,
	11.9701 4.58976,
	11.9729 4.58777,
	11.9942 4.58011,
	12.0048 4.57612,
	12.0102 4.57378,
	12.0128 4.57245,
	12.0134 4.57212,
	12.048 4.61473,
	12.065 4.63605,
	12.0814 4.65735,
	12.0834 4.66002,
	12.0861 4.66268,
	12.0873 4.66401,
	12.0881 4.66468,
	12.0867 4.68598,
	12.0861 4.70729,
	12.0861 4.71795,
	12.0821 4.73926,
	12.0801 4.74991,
	12.0791 4.75523,
	12.0631 4.77654,
	12.0555 4.78719,
	12.0511 4.79252,
	12.0298 4.81216,
	12.0192 4.82215,
	12.0085 4.83048,
	11.9979 4.83813,
	11.9553 4.86243,
	11.9499 4.86577,
	11.9473 4.86743,
	11.9269 4.88839,
	11.917 4.89906,
	11.912 4.90438,
	11.8694 4.92969,
	11.848 4.94233,
	11.8427 4.94534,
	11.84 4.947,
	11.7975 4.94867,
	11.7762 4.94932,
	11.7654 4.94967,
	11.7228 4.94567,
	11.7015 4.94367,
	11.6962 4.943,
	11.6936 4.94268,
	11.651 4.92935,
	11.6297 4.9227,
	11.6244 4.92103,
	11.603 4.91803,
	11.5923 4.91803,
	11.5911 4.91803,
	11.572 4.939,
	11.5697 4.94167,
	11.5681 4.94067,
	11.567 4.93801,
	11.5667 4.93534,
	11.566 4.93501,
	11.5651 4.92969,
	11.5644 4.92703,
	11.5638 4.92569,
	11.5633 4.92303,
	11.5623 4.92036,
	11.5623 4.9197,
	11.5617 4.91936,
	11.5617 4.91803,
	11.561 4.91737,
	11.561 4.91603,
	11.5601 4.91337,
	11.5594 4.91204,
	11.5594 4.91071,
	11.5551 4.90006,
	11.5547 4.89872,
	11.5547 4.89806,
	11.5537 4.89706,
	11.5533 4.89573,
	11.5523 4.89473,
	11.5521 4.8934,
	11.5483 4.88807,
	11.545 4.88341,
	11.5434 4.88107,
	11.5431 4.88041,
	11.5425 4.88041,
	11.5421 4.87908,
	11.54 4.87709,
	11.5394 4.87575,
	11.537 4.87309,
	11.5295 4.86409,
	11.5277 4.86243,
	11.5277 4.86177,
	11.5258 4.85976,
	11.5208 4.85478,
	11.5184 4.85212,
	11.5154 4.84912,
	11.5057 4.84013,
	11.4955 4.83314,
	11.4905 4.8298,
	11.4898 4.8298,
	11.4884 4.82847,
	11.4878 4.82847,
	11.4859 4.82681,
	11.4838 4.82449,
	11.4828 4.82316,
	11.4828 4.82281,
	"/>
</Transform>

<Transform dim="0"
 xcoef=" 0 1 0 0 0 0"
 ycoef=" 0 0 1 0 0 0">
<Contour name="d09sp13" hidden="false" closed="true" simplified="true" border="1 0 0" fill="1 0 0" mode="11"
 points="10.6523 3.61884,
	10.7017 3.60028,
	10.7265 3.59408,
	10.7327 3.59098,
	10.7265 3.54145,
	10.7234 3.52907,
	10.7265 3.51668,
	10.7513 3.49501,
	10.8007 3.47025,
	10.8999 3.44858,
	10.9494 3.45477,
	10.9741 3.45787,
	11.0732 3.52288,
	11.1228 3.55692,
	11.1351 3.56622,
	11.1568 3.61574,
	11.1661 3.64051,
	11.1568 3.69004,
	11.1537 3.71481,
	11.1475 3.7272,
	11.1259 3.75196,
	11.1135 3.76433,
	11.0144 3.81078,
	10.9649 3.83245,
	10.9154 3.84173,
	10.8657 3.83863,
	10.8163 3.82316,
	10.7667 3.7953,
	10.6831 3.69623,
	10.6584 3.64671,
	10.6523 3.62194,
	"/>
</Transform>

<Transform dim="0"
 xcoef=" 0 1 0 0 0 0"
 ycoef=" 0 0 1 0 0 0">
<Contour name="d50endon_te12" hidden="false" closed="true" simplified="false" border="0 1 0" fill="0 1 0" mode="11"
 points="15.4007 2.47385,
	15.4007 2.46843,
	15.4061 2.463,
	15.4115 2.463,
	15.4168 2.46843,
	15.4168 2.47385,
	15.4115 2.47928,
	15.4061 2.47928,
	"/>
</Transform>

<Transform dim="0"
 xcoef=" 0 1 0 0 0 0"
 ycoef=" 0 0 1 0 0 0">
<Contour name="d32c35" hidden="false" closed="true" simplified="true" border="0 0 1" fill="0 0 1" mode="11"
 points="3.68004 6.39527,
	3.68298 6.38744,
	3.68493 6.38352,
	3.69129 6.37717,
	3.69912 6.37276,
	3.70696 6.37129,
	3.71479 6.37129,
	3.7187 6.37129,
	3.75003 6.37863,
	3.75786 6.38109,
	3.75885 6.38109,
	3.75983 6.38205,
	3.77549 6.38695,
	3.78332 6.38989,
	3.78724 6.39184,
	3.78919 6.39234,
	3.79115 6.3938,
	3.79213 6.3938,
	3.79996 6.39919,
	3.80388 6.40066,
	3.80779 6.40114,
	3.81562 6.40409,
	3.81954 6.40506,
	3.82346 6.40702,
	3.82737 6.40801,
	3.83129 6.40995,
	3.83325 6.41044,
	3.8352 6.41192,
	3.84303 6.41436,
	3.84695 6.41633,
	3.84892 6.4173,
	3.8499 6.41827,
	3.85086 6.41827,
	3.85283 6.41975,
	3.85381 6.42072,
	3.85478 6.42072,
	3.86995 6.43199,
	3.8773 6.43786,
	3.88073 6.44178,
	3.88318 6.44961,
	3.88416 6.45352,
	3.88416 6.46919,
	3.88121 6.47702,
	3.88024 6.48093,
	3.87975 6.48289,
	3.87877 6.48338,
	3.87584 6.49121,
	3.87387 6.49513,
	3.87241 6.49709,
	3.87192 6.49904,
	3.86898 6.50296,
	3.8685 6.50493,
	3.86261 6.51227,
	3.86066 6.51422,
	3.85968 6.51422,
	3.8587 6.5152,
	3.85086 6.51569,
	3.8352 6.5152,
	3.81954 6.51325,
	3.81562 6.51227,
	3.81367 6.51227,
	3.80584 6.50982,
	3.80192 6.50884,
	3.79996 6.50884,
	3.7843 6.50345,
	3.78234 6.50247,
	3.78136 6.50247,
	3.78037 6.5015,
	3.77843 6.50101,
	3.77646 6.49953,
	3.77549 6.49953,
	3.775 6.49855,
	3.77304 6.49808,
	3.77108 6.4966,
	3.76912 6.49611,
	3.76766 6.49464,
	3.7657 6.49416,
	3.75786 6.48877,
	3.75591 6.48779,
	3.75394 6.48583,
	3.752 6.48485,
	3.74465 6.47751,
	3.74123 6.47359,
	3.73976 6.47212,
	3.73927 6.47017,
	3.73388 6.46282,
	3.72702 6.45548,
	3.72409 6.45205,
	3.71626 6.44569,
	3.71283 6.44325,
	3.70891 6.43982,
	3.70157 6.43444,
	3.69766 6.43101,
	3.6957 6.42953,
	3.69472 6.42807,
	3.68738 6.42072,
	3.68395 6.41681,
	3.6815 6.41289,
	3.6815 6.41094,
	3.68053 6.40897,
	3.68004 6.40114,
	3.68004 6.39723,
	3.68004 6.39576,
	"/>
</Transform>

<Transform dim="0"
 xcoef=" 0 1 0 0 0 0"
 ycoef=" 0 0 1 0 0 0">
<Contour name="d09sah13" hidden="false" closed="true" simplified="false" border="1 0 0" fill="0 1 0" mode="-11"
 points="10.9225 3.7187,
	10.9225 3.70588,
	10.9353 3.70588,
	10.9353 3.69306,
	10.9481 3.69306,
	10.9481 3.70588,
	10.961 3.70588,
	10.961 3.7187,
	10.9481 3.7187,
	10.9481 3.73152,
	10.9353 3.73152,
	10.9353 3.7187,
	"/>
</Transform>

<Transform dim="0"
 xcoef=" 0 1 0 0 0 0"
 ycoef=" 0 0 1 0 0 0">
<Contour name="d19ax23" comment="ddh_traced_2018-04-09" hidden="false" closed="true" simplified="true" border="0.502 1 0.502" fill="0.502 1 0.502" mode="11"
 points="9.13721 9.30777,
	9.13904 9.30044,
	9.14454 9.29493,
	9.14454 9.29127,
	9.15188 9.28393,
	9.15555 9.28576,
	9.16288 9.2821,
	9.16655 9.28026,
	9.1959 9.2876,
	9.22524 9.30044,
	9.23258 9.30227,
	9.26009 9.32611,
	9.31694 9.3793,
	9.32978 9.39397,
	9.33712 9.40131,
	9.34078 9.40864,
	9.35546 9.42148,
	9.36279 9.42882,
	9.37747 9.43799,
	9.3848 9.43799,
	9.41415 9.45083,
	9.41781 9.45083,
	9.43249 9.46183,
	9.43982 9.4655,
	9.45083 9.48017,
	9.45633 9.49484,
	9.45633 9.50952,
	9.45266 9.52419,
	9.44349 9.53886,
	9.42882 9.54803,
	9.41415 9.55353,
	9.3848 9.55353,
	9.35546 9.54253,
	9.34078 9.53703,
	9.33345 9.53336,
	9.32978 9.52969,
	9.32244 9.52786,
	9.2931 9.50952,
	9.27843 9.49668,
	9.26375 9.48751,
	9.24908 9.47467,
	9.23808 9.46183,
	9.23074 9.45633,
	9.19039 9.39764,
	9.18122 9.38664,
	9.16838 9.37196,
	9.16105 9.36279,
	9.16105 9.35913,
	9.14821 9.34445,
	9.14454 9.33712,
	9.14087 9.33345,
	9.13721 9.31878,
	9.13721 9.31144,
	9.13721 9.30961,
	"/>
</Transform>

<Transform dim="0"
 xcoef=" 0 1 0 0 0 0"
 ycoef=" 0 0 1 0 0 0">
<Contour name="d09ax19a" comment="ddh_traced_2017.01" hidden="false" closed="true" simplified="true" border="0.501961 1 0.501961" fill="0.501961 1 0.501961" mode="11"
 points="12.9793 3.5528,
	13.0031 3.48352,
	13.0031 3.47919,
	13.0074 3.47486,
	13.0139 3.45754,
	13.0161 3.44888,
	13.0269 3.43156,
	13.0334 3.4229,
	13.0399 3.40558,
	13.0507 3.38826,
	13.0572 3.37094,
	13.0681 3.35362,
	13.0789 3.31898,
	13.0854 3.30166,
	13.1092 3.26702,
	13.1222 3.25186,
	13.1612 3.18908,
	13.1763 3.15444,
	13.1806 3.13712,
	13.198 3.10248,
	13.2066 3.08516,
	13.2543 3.0202,
	13.2846 2.99639,
	13.3192 2.97257,
	13.3365 2.96175,
	13.3409 2.95742,
	13.3495 2.95742,
	13.3668 2.95092,
	13.4361 2.9401,
	13.4708 2.93793,
	13.5054 2.95309,
	13.5206 2.96608,
	13.5292 2.97041,
	13.5444 2.98556,
	13.5509 3.00288,
	13.553 3.0202,
	13.5509 3.05485,
	13.5552 3.08949,
	13.5552 3.10681,
	13.5704 3.17609,
	13.5747 3.19341,
	13.5725 3.22805,
	13.5617 3.26269,
	13.5574 3.27135,
	13.5574 3.27568,
	13.5357 3.31032,
	13.5119 3.34063,
	13.4838 3.37527,
	13.4534 3.40341,
	13.4361 3.41857,
	13.4123 3.45104,
	13.4015 3.46836,
	13.3885 3.503,
	13.382 3.52032,
	13.3798 3.53764,
	13.369 3.57229,
	13.369 3.58095,
	13.3647 3.58961,
	13.3647 3.59827,
	13.3582 3.61559,
	13.3474 3.63291,
	13.3322 3.64806,
	13.3149 3.65889,
	13.3062 3.66538,
	13.3019 3.66538,
	13.2846 3.67621,
	13.2153 3.69569,
	13.146 3.71951,
	13.1287 3.726,
	13.094 3.72817,
	13.0767 3.726,
	13.0421 3.71518,
	13.0074 3.69569,
	12.9945 3.67837,
	12.9945 3.67404,
	12.988 3.66538,
	12.9858 3.64806,
	12.9793 3.63074,
	12.9815 3.56146,
	12.9793 3.55497,
	"/>
</Transform>

<Transform dim="0"
 xcoef=" 0 1 0 0 0 0"
 ycoef=" 0 0 1 0 0 0">
<Contour name="d09ax19b" comment="ddh_traced_2017.01" hidden="false" closed="true" simplified="true" border="0.5 0 1" fill="0.5 0 1" mode="11"
 points="9.1254 4.64455,
	9.14003 4.6111,
	9.14422 4.60274,
	9.17767 4.57765,
	9.21112 4.55883,
	9.24458 4.54837,
	9.25294 4.54419,
	9.2864 4.5421,
	9.31985 4.54628,
	9.33658 4.54419,
	9.37003 4.54628,
	9.38676 4.54419,
	9.39512 4.54419,
	9.39721 4.54419,
	9.42439 4.54419,
	9.45785 4.54837,
	9.4913 4.54628,
	9.50803 4.5421,
	9.54148 4.54001,
	9.55821 4.53165,
	9.56239 4.53165,
	9.6293 4.48565,
	9.63348 4.48565,
	9.64812 4.4731,
	9.66484 4.46474,
	9.69621 4.43337,
	9.70457 4.42501,
	9.70666 4.42292,
	9.71712 4.41456,
	9.78403 4.38947,
	9.80075 4.38319,
	9.80493 4.3811,
	9.8133 4.38319,
	9.83002 4.3811,
	9.86348 4.38528,
	9.88021 4.38947,
	9.88857 4.38947,
	9.92202 4.40201,
	9.93875 4.41456,
	9.93875 4.43128,
	9.93666 4.43965,
	9.92411 4.45637,
	9.90739 4.4731,
	9.87393 4.49819,
	9.85093 4.53165,
	9.8363 4.5651,
	9.83002 4.57346,
	9.83002 4.57765,
	9.80075 4.6111,
	9.7673 4.64037,
	9.70248 4.70728,
	9.67112 4.74073,
	9.65648 4.75746,
	9.62303 4.78255,
	9.6063 4.78673,
	9.53939 4.78464,
	9.52267 4.78464,
	9.48921 4.79091,
	9.47248 4.79091,
	9.40558 4.80555,
	9.37212 4.81601,
	9.33867 4.82019,
	9.30521 4.8181,
	9.27176 4.80973,
	9.25503 4.80346,
	9.22158 4.77837,
	9.1944 4.74701,
	9.16303 4.71564,
	9.14631 4.70101,
	9.12749 4.66755,
	9.1254 4.65083,
	9.1254 4.64664,
	"/>
</Transform>

<Transform dim="0"
 xcoef=" 0 1 0 0 0 0"
 ycoef=" 0 0 1 0 0 0">
<Contour name="d09ax21a" comment="ddh_traced_2017.01" hidden="false" closed="true" simplified="true" border="1 1 0" fill="1 1 0" mode="11"
 points="12.0268 4.20399,
	12.0379 4.18918,
	12.0527 4.17992,
	12.0638 4.16881,
	12.0749 4.15399,
	12.0823 4.14658,
	12.086 4.13918,
	12.099 4.12806,
	12.1082 4.11695,
	12.1157 4.10214,
	12.1157 4.09473,
	12.1323 4.0651,
	12.136 4.06139,
	12.1657 4.05213,
	12.1805 4.04843,
	12.2101 4.04843,
	12.2175 4.04843,
	12.2212 4.04843,
	12.2249 4.05213,
	12.2323 4.05213,
	12.262 4.06139,
	12.2916 4.0651,
	12.3064 4.06695,
	12.336 4.06324,
	12.3953 4.06324,
	12.4546 4.05954,
	12.4842 4.05213,
	12.4916 4.05213,
	12.499 4.04843,
	12.5286 4.04658,
	12.5435 4.04472,
	12.6027 4.04658,
	12.662 4.04102,
	12.6768 4.04102,
	12.7064 4.05028,
	12.7212 4.05584,
	12.7361 4.0651,
	12.7398 4.0651,
	12.7472 4.07991,
	12.749 4.09473,
	12.749 4.10214,
	12.7453 4.10954,
	12.7435 4.12436,
	12.7324 4.15399,
	12.7212 4.16695,
	12.7175 4.17436,
	12.7101 4.18177,
	12.699 4.19103,
	12.6694 4.2077,
	12.6398 4.22066,
	12.5805 4.23733,
	12.5509 4.24844,
	12.5212 4.26326,
	12.5064 4.27067,
	12.4916 4.27437,
	12.4842 4.27807,
	12.4249 4.27993,
	12.4101 4.27807,
	12.3805 4.26696,
	12.3212 4.23548,
	12.2916 4.22437,
	12.262 4.22066,
	12.2471 4.22437,
	12.2323 4.22437,
	12.2175 4.22807,
	12.2101 4.23177,
	12.1953 4.23177,
	12.1805 4.23548,
	12.1212 4.23548,
	12.0619 4.22251,
	12.0323 4.21325,
	12.0268 4.20585,
	"/>
</Transform>

<Transform dim="0"
 xcoef=" 0 1 0 0 0 0"
 ycoef=" 0 0 1 0 0 0">
<Contour name="d09ax21b" comment="ddh_traced_2017.01" hidden="false" closed="true" simplified="true" border="1 0.501961 0.752941" fill="1 0.501961 0.752941" mode="11"
 points="9.87151 3.36013,
	9.87851 3.32815,
	9.87851 3.32615,
	9.8835 3.31915,
	9.8855 3.31516,
	9.8855 3.31316,
	9.8915 3.30616,
	9.8955 3.30216,
	9.92748 3.28717,
	9.93548 3.28317,
	9.99944 3.27018,
	10.0074 3.26718,
	10.0224 3.25719,
	10.0244 3.25719,
	10.0324 3.25119,
	10.0644 3.2362,
	10.0724 3.2322,
	10.0884 3.22721,
	10.1204 3.22121,
	10.1364 3.22221,
	10.1683 3.22021,
	10.1843 3.21921,
	10.2003 3.21621,
	10.2323 3.21521,
	10.2483 3.21621,
	10.2563 3.21821,
	10.2603 3.21821,
	10.2643 3.22021,
	10.2803 3.22321,
	10.2963 3.22821,
	10.3123 3.2312,
	10.3442 3.2402,
	10.3602 3.2442,
	10.3922 3.25719,
	10.4082 3.27018,
	10.4152 3.27818,
	10.4202 3.29417,
	10.4212 3.31016,
	10.4212 3.31816,
	10.4182 3.32615,
	10.4172 3.33015,
	10.4062 3.34614,
	10.4012 3.35414,
	10.3952 3.35913,
	10.3822 3.37512,
	10.3662 3.38812,
	10.3582 3.39211,
	10.3502 3.39811,
	10.3462 3.40011,
	10.3442 3.40211,
	10.3123 3.4121,
	10.2803 3.4181,
	10.2723 3.4181,
	10.2643 3.4211,
	10.2003 3.4181,
	10.1683 3.4161,
	10.1604 3.4141,
	10.1284 3.4131,
	10.0964 3.4161,
	10.0884 3.4171,
	10.0804 3.4201,
	10.0644 3.4231,
	10.0564 3.4261,
	10.0484 3.42709,
	10.0164 3.43609,
	10.0004 3.43809,
	9.96846 3.43609,
	9.96046 3.43609,
	9.95247 3.43409,
	9.92048 3.4191,
	9.91249 3.4141,
	9.90449 3.40711,
	9.8965 3.40211,
	9.88151 3.38712,
	9.87251 3.37113,
	9.87151 3.36313,
	9.87151 3.36113,
	"/>
</Transform>

<Transform dim="0"
 xcoef=" 0 1 0 0 0 0"
 ycoef=" 0 0 1 0 0 0">
<Contour name="d09ax22" comment="ddh_traced_2017.01" hidden="false" closed="true" simplified="true" border="0.502 1 0.502" fill="0.502 1 0.502" mode="11"
 points="12.1454 3.29692,
	12.1627 3.25438,
	12.1654 3.24906,
	12.1853 3.23444,
	12.1999 3.2145,
	12.2119 3.19323,
	12.2185 3.17196,
	12.2185 3.15068,
	12.2225 3.10814,
	12.2239 3.08687,
	12.2265 3.07624,
	12.2345 3.06693,
	12.2451 3.06294,
	12.2664 3.05896,
	12.2877 3.06294,
	12.3076 3.06959,
	12.3129 3.07092,
	12.3156 3.07358,
	12.3182 3.07358,
	12.3236 3.07757,
	12.3289 3.0789,
	12.3315 3.08156,
	12.3342 3.08156,
	12.3448 3.0882,
	12.3555 3.09751,
	12.3714 3.11346,
	12.386 3.13473,
	12.398 3.156,
	12.4007 3.16132,
	12.4033 3.16398,
	12.4033 3.16664,
	12.406 3.1693,
	12.4073 3.17461,
	12.4153 3.18525,
	12.4206 3.19588,
	12.4366 3.21715,
	12.4645 3.25837,
	12.4751 3.27964,
	12.4764 3.30091,
	12.4711 3.31154,
	12.4632 3.32218,
	12.4525 3.33281,
	12.4445 3.34212,
	12.4352 3.36339,
	12.4312 3.37402,
	12.4246 3.38333,
	12.414 3.38998,
	12.3927 3.39529,
	12.3714 3.39662,
	12.3502 3.39264,
	12.3076 3.37801,
	12.3023 3.37801,
	12.2917 3.37137,
	12.2704 3.36339,
	12.2598 3.35807,
	12.2491 3.35541,
	12.2385 3.3501,
	12.2172 3.34611,
	12.2066 3.34478,
	12.2013 3.34212,
	12.18 3.33813,
	12.1694 3.33414,
	12.16 3.32617,
	12.1507 3.31553,
	12.1468 3.3049,
	12.1454 3.29958,
	12.1454 3.29825,
	"/>
</Transform>

<Transform dim="0"
 xcoef=" 0 1 0 0 0 0"
 ycoef=" 0 0 1 0 0 0">
<Contour name="d09ax28b" comment="ddh_traced_2017.01" hidden="false" closed="true" simplified="true" border="1 0 0" fill="1 0 0" mode="11"
 points="12.3392 2.61314,
	12.3403 2.60889,
	12.3572 2.59723,
	12.3615 2.59511,
	12.3954 2.59405,
	12.4633 2.60041,
	12.4803 2.59723,
	12.4888 2.59617,
	12.4972 2.59299,
	12.5312 2.5898,
	12.5481 2.59086,
	12.5651 2.59405,
	12.5736 2.59511,
	12.5906 2.60041,
	12.5948 2.60359,
	12.5969 2.60359,
	12.6043 2.60995,
	12.6118 2.61844,
	12.6234 2.63435,
	12.651 2.66722,
	12.6574 2.67359,
	12.6659 2.67889,
	12.6722 2.68419,
	12.7062 2.69904,
	12.7401 2.70858,
	12.7571 2.7107,
	12.774 2.7107,
	12.7825 2.71176,
	12.7995 2.70964,
	12.8334 2.70858,
	12.8674 2.7107,
	12.8843 2.71176,
	12.9013 2.71707,
	12.9183 2.72449,
	12.9225 2.72767,
	12.9246 2.72767,
	12.9267 2.72979,
	12.9289 2.72979,
	12.9437 2.74146,
	12.9766 2.76479,
	13.0073 2.78812,
	13.0233 2.80403,
	13.037 2.821,
	13.0423 2.82842,
	13.0455 2.83266,
	13.0466 2.83691,
	13.0519 2.84539,
	13.0593 2.8613,
	13.0625 2.86978,
	13.0614 2.88675,
	13.0593 2.89099,
	13.0593 2.89311,
	13.0551 2.89736,
	13.0466 2.89736,
	13.0423 2.89736,
	13.0084 2.88357,
	13.0042 2.88039,
	12.9999 2.87933,
	12.9957 2.87615,
	12.9914 2.87509,
	12.9596 2.856,
	12.9427 2.84539,
	12.9342 2.84115,
	12.9172 2.82948,
	12.9002 2.821,
	12.8663 2.79873,
	12.8578 2.79236,
	12.8536 2.79024,
	12.8515 2.78812,
	12.8493 2.78812,
	12.8324 2.77858,
	12.8154 2.77115,
	12.8112 2.76797,
	12.809 2.76797,
	12.8005 2.76267,
	12.7666 2.751,
	12.6987 2.73404,
	12.6648 2.72873,
	12.5969 2.73404,
	12.563 2.73934,
	12.5545 2.74146,
	12.5375 2.74146,
	12.5291 2.74146,
	12.5121 2.73616,
	12.5078 2.73616,
	12.4739 2.72555,
	12.4569 2.72025,
	12.4485 2.71919,
	12.4442 2.71919,
	12.4103 2.70752,
	12.406 2.70434,
	12.4018 2.70328,
	12.3859 2.68843,
	12.3774 2.68207,
	12.3732 2.67783,
	12.37 2.67571,
	12.3551 2.65874,
	12.3435 2.6248,
	12.3403 2.61632,
	12.3392 2.6142,
	"/>
</Transform>

<Transform dim="0"
 xcoef=" 0 1 0 0 0 0"
 ycoef=" 0 0 1 0 0 0">
<Contour name="d29ax25" comment="ddh_traced_mar2017" hidden="false" closed="true" simplified="true" border="0 1 1" fill="1 0 0" mode="11"
 points="4.24186 3.95959,
	4.24573 3.94412,
	4.2496 3.93639,
	4.25346 3.93252,
	4.26893 3.93059,
	4.3308 3.91319,
	4.34627 3.90932,
	4.3772 3.91125,
	4.39267 3.91319,
	4.4004 3.91319,
	4.40813 3.91705,
	4.41587 3.91705,
	4.43133 3.92479,
	4.43907 3.92865,
	4.44293 3.92865,
	4.4468 3.93252,
	4.50867 3.95379,
	4.51254 3.95765,
	4.528 3.96152,
	4.53574 3.96345,
	4.56667 3.98279,
	4.59181 4.01179,
	4.59567 4.01952,
	4.59954 4.02339,
	4.60534 4.03886,
	4.60727 4.06979,
	4.60534 4.08526,
	4.59954 4.10072,
	4.59567 4.10846,
	4.58021 4.12199,
	4.56474 4.12199,
	4.54927 4.11812,
	4.51834 4.11812,
	4.45647 4.10072,
	4.42553 4.08912,
	4.41007 4.07946,
	4.40233 4.07172,
	4.38687 4.06206,
	4.3772 4.05432,
	4.37333 4.05432,
	4.34433 4.03306,
	4.3134 4.01759,
	4.2844 3.99632,
	4.25346 3.98472,
	4.24766 3.97699,
	4.2438 3.97312,
	4.24186 3.96539,
	4.24186 3.96152,
	"/>
</Transform>

<Transform dim="0"
 xcoef=" 0 1 0 0 0 0"
 ycoef=" 0 0 1 0 0 0">
<Contour name="d29ax24" comment="ddh_traced_apr2017" hidden="false" closed="true" simplified="true" border="0.501961 1 0.501961" fill="0.501961 1 0.501961" mode="11"
 points="8.02994 3.48931,
	8.04089 3.48794,
	8.05183 3.48931,
	8.07372 3.48383,
	8.0792 3.48247,
	8.08467 3.47836,
	8.09014 3.47699,
	8.10109 3.46878,
	8.10656 3.46742,
	8.12845 3.44689,
	8.15445 3.40311,
	8.16539 3.39627,
	8.17634 3.39764,
	8.18728 3.40174,
	8.19686 3.41132,
	8.2037 3.42227,
	8.2078 3.42637,
	8.21875 3.42637,
	8.24064 3.41406,
	8.26253 3.39217,
	8.2981 3.34839,
	8.31862 3.3265,
	8.32957 3.31829,
	8.34051 3.31281,
	8.35146 3.31008,
	8.35693 3.30734,
	8.40071 3.30461,
	8.4226 3.30597,
	8.46638 3.30324,
	8.51016 3.2964,
	8.53206 3.28956,
	8.55258 3.27861,
	8.59636 3.24851,
	8.61825 3.23757,
	8.64014 3.23073,
	8.66203 3.22662,
	8.68392 3.21841,
	8.70581 3.21431,
	8.74959 3.21157,
	8.75506 3.2102,
	8.76601 3.21431,
	8.77695 3.22115,
	8.82074 3.23346,
	8.84263 3.23893,
	8.85357 3.2403,
	8.87546 3.24851,
	8.89735 3.26082,
	8.9083 3.26767,
	8.91924 3.27861,
	8.91924 3.28408,
	8.91651 3.28956,
	8.90556 3.29777,
	8.90282 3.3005,
	8.90009 3.3005,
	8.89735 3.30324,
	8.87546 3.30734,
	8.85357 3.31555,
	8.8481 3.31692,
	8.82621 3.33197,
	8.81526 3.33744,
	8.80432 3.34839,
	8.79064 3.37028,
	8.77969 3.39217,
	8.76464 3.41406,
	8.75643 3.425,
	8.74549 3.43595,
	8.7236 3.44826,
	8.71265 3.45237,
	8.69076 3.4551,
	8.66887 3.4551,
	8.58131 3.47015,
	8.57584 3.47015,
	8.53206 3.48931,
	8.48827 3.50436,
	8.47733 3.50846,
	8.45544 3.52351,
	8.41166 3.54266,
	8.38977 3.55224,
	8.37882 3.55635,
	8.37335 3.55635,
	8.32957 3.57687,
	8.31862 3.5796,
	8.31315 3.5796,
	8.30221 3.58371,
	8.29126 3.58508,
	8.2037 3.57276,
	8.15992 3.56866,
	8.14897 3.56592,
	8.12708 3.56455,
	8.0833 3.56592,
	8.03952 3.56455,
	7.99574 3.56045,
	7.99027 3.55771,
	7.98753 3.55771,
	7.98479 3.55498,
	7.97932 3.55498,
	7.96838 3.54814,
	7.95743 3.53856,
	7.93691 3.52625,
	7.93417 3.52077,
	7.94375 3.5112,
	7.9547 3.50709,
	7.97659 3.50572,
	7.99848 3.50162,
	8.00942 3.50025,
	8.01489 3.49752,
	8.01763 3.49752,
	8.02173 3.49341,
	8.02584 3.49204,
	"/>
</Transform>

<Transform dim="0"
 xcoef=" 0 1 0 0 0 0"
 ycoef=" 0 0 1 0 0 0">
<Contour name="d09" comment="dch_traced_062019" hidden="false" closed="true" simplified="true" border="1 1 0.501961" fill="1 1 0.501961" mode="11"
 points="10.3362 4.85551,
	10.3389 4.84477,
	10.3644 4.80184,
	10.3805 4.78037,
	10.3953 4.73744,
	10.3993 4.72671,
	10.4154 4.70524,
	10.4208 4.69987,
	10.4422 4.68511,
	10.4476 4.67975,
	10.4583 4.67438,
	10.4798 4.65828,
	10.5013 4.64486,
	10.5066 4.6395,
	10.512 4.63681,
	10.5321 4.61937,
	10.5522 4.59925,
	10.563 4.59388,
	10.5844 4.58851,
	10.5952 4.58717,
	10.6166 4.57778,
	10.6381 4.57376,
	10.681 4.57241,
	10.724 4.56302,
	10.7669 4.54558,
	10.7884 4.5429,
	10.8742 4.5496,
	10.8957 4.55631,
	10.9172 4.57107,
	10.9279 4.5751,
	10.9708 4.57912,
	10.9923 4.57912,
	11.0352 4.57241,
	11.0567 4.56973,
	11.0996 4.56973,
	11.1104 4.56705,
	11.1533 4.56705,
	11.1748 4.56973,
	11.2177 4.58181,
	11.2392 4.5912,
	11.2606 4.60461,
	11.3036 4.63547,
	11.3237 4.65023,
	11.3438 4.67036,
	11.3586 4.69182,
	11.3707 4.71329,
	11.3774 4.72402,
	11.3935 4.76696,
	11.4069 4.78708,
	11.4149 4.79647,
	11.4364 4.81257,
	11.4418 4.81391,
	11.4445 4.8166,
	11.4471 4.8166,
	11.4498 4.81928,
	11.4928 4.83136,
	11.5142 4.84343,
	11.525 4.85014,
	11.5451 4.86758,
	11.5545 4.87697,
	11.5612 4.88771,
	11.5679 4.90917,
	11.5665 4.93064,
	11.5598 4.97357,
	11.5625 5.01651,
	11.5665 5.03797,
	11.5692 5.08091,
	11.5692 5.09164,
	11.5625 5.11311,
	11.5531 5.12384,
	11.5424 5.13055,
	11.5317 5.13994,
	11.5156 5.16141,
	11.4968 5.18153,
	11.4767 5.19495,
	11.4659 5.20032,
	11.4552 5.20971,
	11.4337 5.2191,
	11.4122 5.22312,
	11.3264 5.22849,
	11.2834 5.23386,
	11.2727 5.23654,
	11.262 5.23654,
	11.1761 5.2513,
	11.1546 5.25398,
	11.1439 5.25532,
	11.1224 5.25398,
	11.101 5.24996,
	11.0902 5.24727,
	11.0044 5.19629,
	10.9936 5.19092,
	10.9722 5.1869,
	10.9507 5.18556,
	10.94 5.18287,
	10.897 5.18153,
	10.8112 5.18422,
	10.7897 5.18422,
	10.7682 5.18153,
	10.7468 5.17348,
	10.6609 5.12518,
	10.618 5.1064,
	10.6126 5.10506,
	10.6072 5.10103,
	10.5858 5.09164,
	10.5643 5.0742,
	10.5536 5.06749,
	10.5321 5.05005,
	10.5214 5.04066,
	10.5106 5.03395,
	10.4731 4.99504,
	10.4623 4.98431,
	10.4409 4.96686,
	10.3979 4.94003,
	10.3872 4.93332,
	10.3657 4.9132,
	10.3496 4.89173,
	10.3416 4.881,
	10.3376 4.87026,
	10.3362 4.85953,
	10.3362 4.85685,
	"/>
</Transform>

</Section>