<?xml version="1.0"?>
<!DOCTYPE Section SYSTEM "section.dtd">

<Section index="51" thickness="0.043" alignLocked="true">
<Transform dim="0"
 xcoef=" 0 1 0 0 0 0"
 ycoef=" 0 0 1 0 0 0">
<Contour name="D38" hidden="false" closed="true" simplified="true" border="1 0 0" fill="1 0 0" mode="11"
 points="14.7496 7.0602,
	14.7222 7.05296,
	14.6981 7.03832,
	14.6796 7.0177,
	14.6658 6.96716,
	14.6716 6.94237,
	14.6853 6.92124,
	14.7057 6.90586,
	14.7308 6.89766,
	14.7583 6.89733,
	14.7855 6.90482,
	14.8097 6.9194,
	14.8285 6.93968,
	14.8403 6.96378,
	14.8434 6.98933,
	14.8378 7.01387,
	14.8238 7.035,
	14.8032 7.05071,
	14.7775 7.0594,
	"/>
</Transform>

<Transform dim="0"
 xcoef=" 0 1 0 0 0 0"
 ycoef=" 0 0 1 0 0 0">
<Contour name="D36" hidden="false" closed="true" simplified="true" border="0 0 1" fill="0 0 1" mode="11"
 points="18.6266 4.62073,
	18.5987 4.61622,
	18.5734 4.60175,
	18.553 4.5786,
	18.5346 4.51581,
	18.5383 4.48242,
	18.5504 4.45223,
	18.5696 4.4283,
	18.594 4.41302,
	18.6211 4.40784,
	18.6485 4.41322,
	18.6734 4.42848,
	18.6934 4.45206,
	18.707 4.48155,
	18.7127 4.5141,
	18.7095 4.54661,
	18.6979 4.57602,
	18.679 4.59956,
	18.6544 4.61497,
	"/>
</Transform>

<Transform dim="0"
 xcoef=" 0 1 0 0 0 0"
 ycoef=" 0 0 1 0 0 0">
<Contour name="D43" hidden="false" closed="true" simplified="true" border="1 0 0" fill="1 0 0" mode="11"
 points="15.3807 6.35004,
	15.3492 6.34599,
	15.3213 6.33432,
	15.3 6.31615,
	15.2841 6.26833,
	15.291 6.24366,
	15.3072 6.22187,
	15.3312 6.20506,
	15.3607 6.19476,
	15.3926 6.19184,
	15.4239 6.19648,
	15.4516 6.20816,
	15.473 6.22576,
	15.486 6.24762,
	15.4892 6.27171,
	15.4825 6.29576,
	15.4663 6.31753,
	15.4423 6.33492,
	15.4128 6.34616,
	"/>
</Transform>

<Transform dim="0"
 xcoef=" 0 1 0 0 0 0"
 ycoef=" 0 0 1 0 0 0">
<Contour name="D40" hidden="false" closed="true" simplified="true" border="0 1 1" fill="0 1 1" mode="11"
 points="20.1237 7.15259,
	20.0962 7.1458,
	20.0719 7.12949,
	20.0531 7.10533,
	20.0393 7.0438,
	20.0452 7.0125,
	20.0591 6.98489,
	20.0796 6.96363,
	20.1044 6.95071,
	20.1311 6.94737,
	20.1572 6.95391,
	20.1804 6.96973,
	20.1987 6.99334,
	20.2106 7.02247,
	20.2145 7.05434,
	20.2099 7.08589,
	20.197 7.11401,
	20.1769 7.13585,
	20.1516 7.14917,
	"/>
</Transform>

<Transform dim="0"
 xcoef=" 0 1 0 0 0 0"
 ycoef=" 0 0 1 0 0 0">
<Contour name="D41" hidden="false" closed="true" simplified="true" border="1 0 0" fill="1 0 0" mode="11"
 points="14.0685 7.65259,
	14.0445 7.64426,
	14.0236 7.62814,
	14.0079 7.60581,
	13.9977 7.55147,
	14.0042 7.52479,
	14.0177 7.50202,
	14.0372 7.48551,
	14.0606 7.47687,
	14.0856 7.47693,
	14.1098 7.48565,
	14.1308 7.5021,
	14.1466 7.52463,
	14.1556 7.55102,
	14.1569 7.57871,
	14.1503 7.60502,
	14.1366 7.62743,
	14.1169 7.64373,
	14.0935 7.65241,
	"/>
</Transform>

<Transform dim="0"
 xcoef=" 0 1 0 0 0 0"
 ycoef=" 0 0 1 0 0 0">
<Contour name="D49" hidden="false" closed="true" simplified="true" border="0 1 0" fill="0 1 0" mode="11"
 points="16.4634 11.2521,
	16.4433 11.2487,
	16.4251 11.2407,
	16.4108 11.2291,
	16.3988 11.1993,
	16.4022 11.1842,
	16.4118 11.1707,
	16.4264 11.1603,
	16.4447 11.154,
	16.4648 11.1524,
	16.4849 11.1557,
	16.5029 11.1636,
	16.5172 11.1753,
	16.5263 11.1897,
	16.5293 11.2052,
	16.5259 11.2205,
	16.5166 11.2341,
	16.5019 11.2444,
	16.4837 11.2506,
	"/>
</Transform>

<Transform dim="0"
 xcoef=" 0 1 0 0 0 0"
 ycoef=" 0 0 1 0 0 0">
<Contour name="D26" hidden="false" closed="true" simplified="true" border="0 0 1" fill="0 0 1" mode="11"
 points="8.72858 4.02474,
	8.69416 4.02431,
	8.66015 4.0165,
	8.62993 4.00201,
	8.60639 3.9823,
	8.58732 3.93549,
	8.59354 3.9131,
	8.60981 3.89439,
	8.63465 3.88116,
	8.66565 3.87463,
	8.69985 3.87537,
	8.73388 3.88327,
	8.76435 3.89756,
	8.78827 3.91689,
	8.80325 3.9394,
	8.80785 3.96294,
	8.8016 3.98524,
	8.78511 4.00414,
	8.75993 4.01776,
	"/>
</Transform>

<Transform dim="0"
 xcoef=" 0 1 0 0 0 0"
 ycoef=" 0 0 1 0 0 0">
<Contour name="D39" hidden="false" closed="true" simplified="true" border="0 1 0" fill="0 1 0" mode="11"
 points="16.4571 7.42567,
	16.4334 7.42165,
	16.4127 7.40875,
	16.397 7.38827,
	16.3862 7.33302,
	16.3922 7.30355,
	16.4054 7.27659,
	16.4242 7.25473,
	16.447 7.24015,
	16.4715 7.23432,
	16.4952 7.2379,
	16.5157 7.25061,
	16.5312 7.27126,
	16.5401 7.29776,
	16.5417 7.32745,
	16.5356 7.35735,
	16.5227 7.38449,
	16.504 7.4062,
	16.4815 7.42037,
	"/>
</Transform>

<Transform dim="0"
 xcoef=" 0 1 0 0 0 0"
 ycoef=" 0 0 1 0 0 0">
<Contour name="D37" hidden="false" closed="true" simplified="true" border="1 0 1" fill="1 0 1" mode="11"
 points="13.7318 5.03255,
	13.7061 5.02699,
	13.6833 5.01444,
	13.6655 4.99618,
	13.6513 4.95025,
	13.6563 4.92711,
	13.669 4.90692,
	13.688 4.8916,
	13.7116 4.88261,
	13.7376 4.88078,
	13.7634 4.88624,
	13.7862 4.89846,
	13.8041 4.91629,
	13.8152 4.93806,
	13.8184 4.9617,
	13.8134 4.98492,
	13.8006 5.00543,
	13.7815 5.02118,
	13.7579 5.03055,
	"/>
</Transform>

<Transform dim="0"
 xcoef=" 0 1 0 0 0 0"
 ycoef=" 0 0 1 0 0 0">
<Contour name="D50" hidden="false" closed="true" simplified="true" border="0 1 1" fill="0 1 1" mode="11"
 points="17.9202 8.79464,
	17.8999 8.79026,
	17.8817 8.77927,
	17.8676 8.76262,
	17.8566 8.71945,
	17.8608 8.69704,
	17.8712 8.67699,
	17.8866 8.6613,
	17.9057 8.65147,
	17.9265 8.64861,
	17.9471 8.65283,
	17.9652 8.66392,
	17.9794 8.68062,
	17.988 8.70138,
	17.9903 8.72411,
	17.986 8.74658,
	17.9756 8.76661,
	17.96 8.78225,
	17.941 8.79186,
	"/>
</Transform>

<Transform dim="0"
 xcoef=" 0 1 0 0 0 0"
 ycoef=" 0 0 1 0 0 0">
<Contour name="D21" hidden="false" closed="true" simplified="true" border="1 0 0" fill="1 0 0" mode="11"
 points="10.6222 7.66654,
	10.5842 7.66026,
	10.5506 7.64336,
	10.5244 7.61741,
	10.504 7.5475,
	10.5122 7.5095,
	10.5321 7.4743,
	10.5617 7.44566,
	10.5979 7.4269,
	10.6369 7.42018,
	10.6749 7.42627,
	10.7083 7.4444,
	10.734 7.47254,
	10.7494 7.50768,
	10.7533 7.54626,
	10.7451 7.58439,
	10.7255 7.61835,
	10.6965 7.64482,
	10.6609 7.66133,
	"/>
</Transform>

<Transform dim="0"
 xcoef=" 0 1 0 0 0 0"
 ycoef=" 0 0 1 0 0 0">
<Contour name="D05" hidden="false" closed="true" simplified="true" border="1 1 0" fill="1 1 0" mode="11"
 points="5.11063 10.5209,
	5.08194 10.5151,
	5.05688 10.4996,
	5.03809 10.4759,
	5.02576 10.4142,
	5.03316 10.3822,
	5.04871 10.3534,
	5.07082 10.3306,
	5.09729 10.3159,
	5.12552 10.3106,
	5.15289 10.3153,
	5.1769 10.3297,
	5.1954 10.3527,
	5.20666 10.3821,
	5.20947 10.4149,
	5.20338 10.448,
	5.18876 10.4778,
	5.16692 10.5013,
	5.13998 10.5161,
	"/>
</Transform>

<Transform dim="0"
 xcoef=" 0 1 0 0 0 0"
 ycoef=" 0 0 1 0 0 0">
<Contour name="D30" hidden="false" closed="true" simplified="true" border="0 1 1" fill="0 1 1" mode="11"
 points="12.3964 4.58768,
	12.3644 4.58215,
	12.3362 4.56885,
	12.3144 4.54907,
	12.2977 4.4983,
	12.3044 4.47214,
	12.3205 4.44871,
	12.3446 4.43031,
	12.3742 4.41873,
	12.4064 4.41525,
	12.4383 4.4203,
	12.4665 4.43352,
	12.4887 4.45357,
	12.5022 4.47846,
	12.506 4.50559,
	12.4994 4.53225,
	12.4832 4.55575,
	12.4588 4.57386,
	12.4289 4.58483,
	"/>
</Transform>

<Transform dim="0"
 xcoef=" 0 1 0 0 0 0"
 ycoef=" 0 0 1 0 0 0">
<Contour name="D42" hidden="false" closed="true" simplified="true" border="0 0 1" fill="0 0 1" mode="11"
 points="17.2293 6.84906,
	17.2017 6.84324,
	17.1774 6.82934,
	17.1587 6.80868,
	17.1443 6.75535,
	17.1504 6.72781,
	17.1647 6.70329,
	17.1857 6.68421,
	17.2116 6.67254,
	17.2397 6.66948,
	17.2671 6.6754,
	17.2912 6.6897,
	17.3096 6.71092,
	17.3206 6.73688,
	17.3233 6.76497,
	17.3174 6.79238,
	17.3034 6.81651,
	17.2827 6.83504,
	17.2571 6.84624,
	"/>
</Transform>

<Transform dim="0"
 xcoef=" 0 1 0 0 0 0"
 ycoef=" 0 0 1 0 0 0">
<Contour name="D55" hidden="false" closed="true" simplified="true" border="1 1 0" fill="1 1 0" mode="11"
 points="17.4159 10.6673,
	17.3961 10.6633,
	17.378 10.653,
	17.3632 10.6376,
	17.349 10.5978,
	17.351 10.5772,
	17.359 10.5589,
	17.3723 10.5447,
	17.3894 10.5358,
	17.4088 10.5333,
	17.4283 10.5372,
	17.4463 10.5474,
	17.4609 10.5626,
	17.4708 10.5816,
	17.4751 10.6024,
	17.4732 10.6231,
	17.4653 10.6414,
	17.4522 10.6558,
	17.4351 10.6647,
	"/>
</Transform>

<Transform dim="0"
 xcoef=" 0 1 0 0 0 0"
 ycoef=" 0 0 1 0 0 0">
<Contour name="D56" hidden="false" closed="true" simplified="true" border="0 0 1" fill="0 0 1" mode="11"
 points="15.5273 12.1346,
	15.5068 12.1294,
	15.4882 12.1158,
	15.4737 12.0951,
	15.4611 12.0416,
	15.4645 12.0139,
	15.4747 11.9894,
	15.49 11.9704,
	15.5095 11.9587,
	15.5308 11.9554,
	15.5519 11.9607,
	15.5705 11.9742,
	15.5851 11.9945,
	15.5939 12.0198,
	15.5964 12.0476,
	15.5923 12.0751,
	15.5821 12.0997,
	15.5668 12.119,
	15.548 12.1311,
	"/>
</Transform>

<Transform dim="0"
 xcoef=" 0 1 0 0 0 0"
 ycoef=" 0 0 1 0 0 0">
<Contour name="D92" hidden="false" closed="true" simplified="true" border="0 0 1" fill="0 0 1" mode="11"
 points="24.0345 4.1195,
	24.0087 4.11312,
	23.9863 4.09844,
	23.9694 4.07689,
	23.9585 4.02207,
	23.9656 3.99419,
	23.9803 3.9697,
	24.0014 3.95099,
	24.0265 3.93991,
	24.0534 3.93753,
	24.0794 3.94409,
	24.1018 3.95889,
	24.1184 3.98051,
	24.1278 4.0068,
	24.129 4.03519,
	24.1219 4.0629,
	24.1071 4.08727,
	24.0863 4.10591,
	24.0613 4.11702,
	"/>
</Transform>

<Transform dim="0"
 xcoef=" 0 1 0 0 0 0"
 ycoef=" 0 0 1 0 0 0">
<Contour name="D44" hidden="false" closed="true" simplified="true" border="1 0 0" fill="1 0 0" mode="11"
 points="21.7787 8.04298,
	21.7546 8.03791,
	21.7329 8.02627,
	21.7157 8.00916,
	21.701 7.96551,
	21.7049 7.94303,
	21.7159 7.92298,
	21.7332 7.90729,
	21.7548 7.89755,
	21.7788 7.89481,
	21.803 7.89945,
	21.8248 7.91105,
	21.8421 7.9285,
	21.8532 7.95003,
	21.857 7.97345,
	21.8531 7.99638,
	21.842 8.01649,
	21.8247 8.03183,
	21.8029 8.04091,
	"/>
</Transform>

<Transform dim="0"
 xcoef=" 0 1 0 0 0 0"
 ycoef=" 0 0 1 0 0 0">
<Contour name="d39sp10" hidden="false" closed="true" simplified="true" border="1 0 0" fill="1 0 0" mode="11"
 points="15.2516 8.284,
	15.2335 8.28355,
	15.2291 8.28266,
	15.2248 8.27972,
	15.2204 8.27882,
	15.2173 8.27584,
	15.2151 8.27589,
	15.181 8.25618,
	15.1652 8.24718,
	15.1631 8.24516,
	15.1609 8.24518,
	15.1567 8.24215,
	15.1225 8.22998,
	15.1138 8.22792,
	15.1116 8.22792,
	15.1096 8.22586,
	15.0925 8.22063,
	15.0882 8.21957,
	15.0863 8.21749,
	15.0777 8.21534,
	15.0612 8.20379,
	15.0545 8.19543,
	15.0517 8.19125,
	15.0431 8.15796,
	15.0371 8.12458,
	15.0369 8.10792,
	15.0379 8.09963,
	15.0384 8.09547,
	15.0386 8.0934,
	15.0388 8.09236,
	15.055 8.05957,
	15.0594 8.0514,
	15.0617 8.05043,
	15.065 8.04224,
	15.0924 8.01007,
	15.0927 8.00802,
	15.1225 7.9773,
	15.139 7.96266,
	15.1767 7.93888,
	15.1958 7.92962,
	15.215 7.91844,
	15.2319 7.90822,
	15.2405 7.90265,
	15.2451 7.90085,
	15.2548 7.89436,
	15.2725 7.88524,
	15.2898 7.87903,
	15.2944 7.87821,
	15.2967 7.87828,
	15.3015 7.87553,
	15.3194 7.87221,
	15.324 7.8704,
	15.3283 7.87052,
	15.3297 7.86863,
	15.3386 7.86791,
	15.3566 7.86354,
	15.361 7.86364,
	15.37 7.86095,
	15.4051 7.85964,
	15.4138 7.85975,
	15.4307 7.86564,
	15.4391 7.86951,
	15.4562 7.87244,
	15.4734 7.8734,
	15.4903 7.8781,
	15.4945 7.88091,
	15.4987 7.88184,
	15.5307 7.90221,
	15.5317 7.90406,
	15.5338 7.90403,
	15.5494 7.91314,
	15.5636 7.92404,
	15.5686 7.9295,
	15.5716 7.93316,
	15.5737 7.93497,
	15.5735 7.93682,
	15.5785 7.9432,
	15.5774 7.95809,
	15.5719 7.97309,
	15.5692 7.98059,
	15.5641 7.98817,
	15.564 7.99003,
	15.5618 7.99104,
	15.559 7.99856,
	15.5539 8.00616,
	15.5538 8.00804,
	15.5502 8.01188,
	15.5463 8.01946,
	15.5214 8.05027,
	15.5167 8.05421,
	15.5041 8.06976,
	15.4892 8.08458,
	15.4709 8.09866,
	15.4612 8.10481,
	15.4238 8.12472,
	15.4153 8.12995,
	15.3964 8.14545,
	15.3809 8.16094,
	15.377 8.16506,
	15.3745 8.16717,
	15.3743 8.16916,
	15.3599 8.18474,
	15.3357 8.2179,
	15.3315 8.22615,
	15.3173 8.24091,
	15.3124 8.24517,
	15.3058 8.25353,
	15.2881 8.27048,
	15.27 8.28234,
	"/>
</Transform>

<Transform dim="0"
 xcoef=" 0 1 0 0 0 0"
 ycoef=" 0 0 1 0 0 0">
<Contour name="d05sp07" hidden="false" closed="true" simplified="true" border="1 0 0" fill="1 0 0" mode="11"
 points="4.17103 10.8783,
	4.16264 10.8767,
	4.13655 10.8429,
	4.12983 10.8347,
	4.12513 10.8277,
	4.11837 10.8206,
	4.11044 10.8033,
	4.10878 10.7987,
	4.10898 10.7965,
	4.10627 10.7918,
	4.10282 10.7736,
	4.10558 10.7376,
	4.10647 10.7298,
	4.10659 10.7286,
	4.10867 10.7197,
	4.11126 10.7153,
	4.1118 10.7108,
	4.12875 10.6754,
	4.12935 10.6709,
	4.13367 10.662,
	4.13826 10.644,
	4.13956 10.6349,
	4.14638 10.6169,
	4.1562 10.6002,
	4.16072 10.5913,
	4.16314 10.5891,
	4.16769 10.5801,
	4.16805 10.5779,
	4.17469 10.569,
	4.17714 10.5669,
	4.17892 10.5623,
	4.1909 10.5468,
	4.19952 10.5392,
	4.20741 10.5362,
	4.21581 10.5367,
	4.21945 10.5403,
	4.21973 10.545,
	4.21935 10.5473,
	4.22108 10.5497,
	4.21957 10.5588,
	4.21883 10.5634,
	4.21438 10.5713,
	4.21364 10.5758,
	4.21117 10.578,
	4.21044 10.5826,
	4.20798 10.5848,
	4.20549 10.5939,
	4.19745 10.6119,
	4.18901 10.6482,
	4.18443 10.6662,
	4.18312 10.6844,
	4.18514 10.6936,
	4.18564 10.6982,
	4.18536 10.7005,
	4.18719 10.7028,
	4.18666 10.7074,
	4.18875 10.7165,
	4.18929 10.7211,
	4.18904 10.7234,
	4.19089 10.7257,
	4.1921 10.7439,
	4.19026 10.7618,
	4.18938 10.7708,
	4.18896 10.7753,
	4.19097 10.7765,
	4.19837 10.8128,
	4.20011 10.8307,
	4.19979 10.8486,
	4.19945 10.853,
	4.19456 10.8617,
	4.19211 10.866,
	4.18299 10.8744,
	4.17958 10.8776,
	"/>
</Transform>

<Transform dim="0"
 xcoef=" 0 1 0 0 0 0"
 ycoef=" 0 0 1 0 0 0">
<Contour name="d42sp09" hidden="false" closed="true" simplified="true" border="1 0 0" fill="1 0 0" mode="11"
 points="18.2469 6.01404,
	18.2103 6.01382,
	18.1739 6.01026,
	18.1649 6.00909,
	18.1605 6.00677,
	18.1243 5.99876,
	18.0887 5.98394,
	18.0709 5.97602,
	18.0617 5.97267,
	18.0595 5.9727,
	18.0585 5.97039,
	18.0561 5.97042,
	18.0396 5.96026,
	18.0353 5.95686,
	18.0329 5.9569,
	18.0009 5.93557,
	17.9921 5.9277,
	17.9888 5.92547,
	17.9725 5.90974,
	17.9585 5.8963,
	17.9445 5.88061,
	17.9381 5.87275,
	17.9304 5.85459,
	17.927 5.81789,
	17.9299 5.78089,
	17.931 5.77161,
	17.9315 5.76696,
	17.9316 5.7658,
	17.9317 5.76464,
	17.9387 5.74587,
	17.9409 5.73651,
	17.9439 5.73177,
	17.9441 5.72943,
	17.9467 5.72818,
	17.9472 5.72351,
	17.9543 5.71398,
	17.956 5.70925,
	17.9643 5.69967,
	17.9735 5.69238,
	17.9834 5.6886,
	17.9861 5.6862,
	18.0058 5.68102,
	18.0154 5.67964,
	18.0546 5.6661,
	18.0726 5.6612,
	18.0773 5.65999,
	18.08 5.65762,
	18.0989 5.65396,
	18.1403 5.65382,
	18.1448 5.65616,
	18.1808 5.66088,
	18.1988 5.66328,
	18.235 5.66348,
	18.2531 5.66243,
	18.2623 5.66018,
	18.405 5.66158,
	18.4141 5.65934,
	18.432 5.65837,
	18.4501 5.65272,
	18.4594 5.64931,
	18.4637 5.64935,
	18.4819 5.64366,
	18.4998 5.64146,
	18.5173 5.64279,
	18.5261 5.64521,
	18.5281 5.64757,
	18.5325 5.6476,
	18.5496 5.65363,
	18.5539 5.65483,
	18.5549 5.65719,
	18.5592 5.6584,
	18.5652 5.6667,
	18.567 5.6714,
	18.5676 5.6902,
	18.565 5.70893,
	18.5631 5.71826,
	18.5589 5.72756,
	18.5575 5.73221,
	18.5573 5.73454,
	18.5549 5.73685,
	18.5545 5.74149,
	18.552 5.7438,
	18.5518 5.74613,
	18.5494 5.74842,
	18.5492 5.75075,
	18.5468 5.75305,
	18.5466 5.75537,
	18.5442 5.75767,
	18.544 5.76,
	18.5417 5.76229,
	18.5415 5.76461,
	18.5391 5.76691,
	18.5349 5.77614,
	18.5324 5.78075,
	18.5322 5.78308,
	18.5298 5.78421,
	18.5296 5.78652,
	18.5272 5.7888,
	18.523 5.79802,
	18.5194 5.80145,
	18.5018 5.83827,
	18.4934 5.85665,
	18.4893 5.86585,
	18.4877 5.87047,
	18.4841 5.87388,
	18.481 5.88308,
	18.4787 5.88421,
	18.4785 5.88651,
	18.4761 5.88878,
	18.4759 5.8911,
	18.46 5.90587,
	18.4504 5.91265,
	18.4459 5.91489,
	18.4436 5.91485,
	18.4422 5.91714,
	18.44 5.9171,
	18.4375 5.91938,
	18.4354 5.91934,
	18.4258 5.92612,
	18.4235 5.92608,
	18.4222 5.92837,
	18.413 5.9317,
	18.3938 5.9441,
	18.3594 5.9644,
	18.3498 5.97004,
	18.345 5.97345,
	18.3356 5.97678,
	18.3309 5.97903,
	18.3295 5.98133,
	18.3109 5.98804,
	18.3016 5.99024,
	18.2994 5.99021,
	18.2969 5.9925,
	18.29 5.99242,
	18.2815 5.99813,
	18.2767 6.00039,
	18.2745 6.00037,
	18.2563 6.01064,
	18.2516 6.01175,
	18.2493 6.01173,
	"/>
</Transform>

<Transform dim="0"
 xcoef=" 0 1 0 0 0 0"
 ycoef=" 0 0 1 0 0 0">
<Contour name="d05sph07" hidden="false" closed="true" simplified="true" border="1 0 0" fill="1 0 0" mode="11"
 points="4.17103 10.8783,
	4.16264 10.8767,
	4.13655 10.8429,
	4.12983 10.8347,
	4.12513 10.8277,
	4.11837 10.8206,
	4.11044 10.8033,
	4.10878 10.7987,
	4.10898 10.7965,
	4.10627 10.7918,
	4.10282 10.7736,
	4.10558 10.7376,
	4.10647 10.7298,
	4.10659 10.7286,
	4.10867 10.7197,
	4.11126 10.7153,
	4.1118 10.7108,
	4.12875 10.6754,
	4.12935 10.6709,
	4.13367 10.662,
	4.13826 10.644,
	4.13956 10.6349,
	4.14638 10.6169,
	4.1562 10.6002,
	4.16072 10.5913,
	4.16314 10.5891,
	4.16769 10.5801,
	4.16805 10.5779,
	4.17469 10.569,
	4.17714 10.5669,
	4.17892 10.5623,
	4.1909 10.5468,
	4.19952 10.5392,
	4.20741 10.5362,
	4.21581 10.5367,
	4.21945 10.5403,
	4.21973 10.545,
	4.21935 10.5473,
	4.22108 10.5497,
	4.21957 10.5588,
	4.21883 10.5634,
	4.21438 10.5713,
	4.21364 10.5758,
	4.21117 10.578,
	4.21044 10.5826,
	4.20798 10.5848,
	4.20549 10.5939,
	4.19745 10.6119,
	4.18901 10.6482,
	4.18443 10.6662,
	4.18312 10.6844,
	4.18514 10.6936,
	4.18564 10.6982,
	4.18536 10.7005,
	4.18719 10.7028,
	4.18666 10.7074,
	4.18875 10.7165,
	4.18929 10.7211,
	4.18904 10.7234,
	4.19089 10.7257,
	4.1921 10.7439,
	4.19026 10.7618,
	4.18938 10.7708,
	4.18896 10.7753,
	4.19097 10.7765,
	4.19837 10.8128,
	4.20011 10.8307,
	4.19979 10.8486,
	4.19945 10.853,
	4.19456 10.8617,
	4.19211 10.866,
	4.18299 10.8744,
	4.17958 10.8776,
	"/>
</Transform>

<Transform dim="0"
 xcoef=" 0 1 0 0 0 0"
 ycoef=" 0 0 1 0 0 0">
<Contour name="d42sp12" hidden="false" closed="true" simplified="true" border="1 0 0" fill="1 0 0" mode="11"
 points="18.2877 7.94863,
	18.2675 7.94675,
	18.2474 7.94121,
	18.2425 7.93743,
	18.2374 7.93602,
	18.2288 7.92966,
	18.2153 7.91346,
	18.2117 7.90847,
	18.2118 7.90607,
	18.2093 7.90475,
	18.2074 7.88533,
	18.2108 7.807,
	18.211 7.80329,
	18.2111 7.80204,
	18.2185 7.78244,
	18.2201 7.77752,
	18.2203 7.77502,
	18.2228 7.77262,
	18.2231 7.76763,
	18.232 7.74789,
	18.2448 7.72819,
	18.253 7.71837,
	18.2532 7.71585,
	18.2628 7.7073,
	18.2698 7.69736,
	18.2793 7.68875,
	18.2899 7.68271,
	18.2954 7.67777,
	18.3155 7.66555,
	18.3333 7.65062,
	18.3539 7.63309,
	18.3566 7.63185,
	18.3568 7.62928,
	18.3623 7.62552,
	18.3625 7.62295,
	18.3792 7.60645,
	18.4137 7.56794,
	18.4166 7.56406,
	18.4222 7.55888,
	18.4253 7.55367,
	18.431 7.54846,
	18.4382 7.54063,
	18.4583 7.52092,
	18.4685 7.51033,
	18.4741 7.50634,
	18.4886 7.49164,
	18.5101 7.47407,
	18.5187 7.46726,
	18.5292 7.45635,
	18.5322 7.45225,
	18.5425 7.44261,
	18.5501 7.43434,
	18.5606 7.42327,
	18.5652 7.41773,
	18.5695 7.41491,
	18.5772 7.40519,
	18.5875 7.39675,
	18.5981 7.38554,
	18.6058 7.37712,
	18.6176 7.36721,
	18.6232 7.36434,
	18.6264 7.36014,
	18.6378 7.35301,
	18.6469 7.34455,
	18.6683 7.33178,
	18.671 7.33175,
	18.6739 7.32893,
	18.7168 7.31205,
	18.7383 7.30798,
	18.7487 7.30947,
	18.7509 7.31227,
	18.7481 7.33448,
	18.7389 7.3455,
	18.7362 7.35657,
	18.7328 7.36209,
	18.7325 7.36486,
	18.7296 7.3676,
	18.7257 7.37727,
	18.7224 7.38278,
	18.722 7.38554,
	18.719 7.38829,
	18.7138 7.3993,
	18.7118 7.4048,
	18.7088 7.40755,
	18.7085 7.4103,
	18.6915 7.4309,
	18.6854 7.43776,
	18.6851 7.44049,
	18.667 7.45969,
	18.6597 7.46652,
	18.6374 7.48706,
	18.6213 7.50206,
	18.5784 7.53468,
	18.5584 7.54947,
	18.5497 7.5588,
	18.5466 7.56409,
	18.5408 7.5694,
	18.5137 7.60742,
	18.5061 7.61784,
	18.5059 7.62043,
	18.5004 7.62432,
	18.4974 7.62949,
	18.4945 7.63208,
	18.4943 7.63466,
	18.4857 7.64368,
	18.4723 7.6642,
	18.4616 7.68462,
	18.4457 7.72519,
	18.4428 7.73023,
	18.4426 7.73276,
	18.4398 7.73526,
	18.4365 7.74533,
	18.4363 7.74784,
	18.4336 7.75033,
	18.4259 7.7691,
	18.4243 7.77409,
	18.4242 7.7766,
	18.4214 7.77907,
	18.4138 7.79894,
	18.4107 7.80886,
	18.4079 7.81129,
	18.4076 7.81626,
	18.4019 7.82608,
	18.3861 7.86519,
	18.3775 7.88455,
	18.3774 7.88698,
	18.3748 7.88937,
	18.3746 7.89421,
	18.3692 7.9038,
	18.3691 7.90621,
	18.3665 7.90737,
	18.3649 7.91697,
	18.3611 7.92172,
	18.3595 7.92648,
	18.3529 7.93594,
	18.3503 7.93947,
	18.34 7.94761,
	18.3296 7.94857,
	18.3195 7.94715,
	18.3144 7.94702,
	18.3107 7.94454,
	18.308 7.94685,
	18.2979 7.94656,
	"/>
</Transform>

<Transform dim="0"
 xcoef=" 0 1 0 0 0 0"
 ycoef=" 0 0 1 0 0 0">
<Contour name="d26sp08" hidden="false" closed="true" simplified="true" border="1 0 0" fill="1 0 0" mode="11"
 points="9.42688 4.03327,
	9.41859 4.03188,
	9.41446 4.03064,
	9.40682 4.02551,
	9.40332 4.02106,
	9.39837 4.01282,
	9.39687 4.0106,
	9.3969 4.00953,
	9.39541 4.00733,
	9.39544 4.00626,
	9.39443 4.00514,
	9.39397 4.00297,
	9.39401 4.00191,
	9.39299 4.00079,
	9.39302 3.99972,
	9.39201 3.9986,
	9.38912 3.98991,
	9.38814 3.98772,
	9.38817 3.98666,
	9.38715 3.98554,
	9.38372 3.97681,
	9.37891 3.95944,
	9.37788 3.95832,
	9.37598 3.94967,
	9.37563 3.94107,
	9.37565 3.94,
	9.37566 3.93947,
	9.37623 3.93736,
	9.3773 3.93634,
	9.37895 3.93213,
	9.3843 3.92542,
	9.38535 3.92547,
	9.38908 3.92135,
	9.39702 3.9158,
	9.39805 3.91585,
	9.40017 3.91432,
	9.40227 3.91387,
	9.40333 3.91284,
	9.40437 3.91288,
	9.40544 3.91185,
	9.41382 3.90949,
	9.41489 3.90846,
	9.41697 3.90853,
	9.42537 3.9056,
	9.44209 3.90504,
	9.47552 3.90577,
	9.49227 3.90652,
	9.50061 3.90875,
	9.50478 3.91093,
	9.50686 3.91202,
	9.50789 3.91309,
	9.50894 3.9131,
	9.51048 3.91525,
	9.51154 3.91526,
	9.51878 3.92118,
	9.5224 3.92441,
	9.52448 3.92548,
	9.52655 3.92763,
	9.52706 3.9287,
	9.52811 3.9287,
	9.53588 3.93512,
	9.53948 3.93939,
	9.54049 3.94154,
	9.54409 3.9458,
	9.54865 3.95436,
	9.55161 3.96292,
	9.55256 3.96721,
	9.55284 3.97579,
	9.55272 3.98008,
	9.55265 3.98223,
	9.55094 3.98654,
	9.54711 3.99032,
	9.5428 3.99303,
	9.54174 3.99304,
	9.54065 3.99412,
	9.53854 3.99413,
	9.53744 3.99521,
	9.52894 3.99738,
	9.52466 3.99953,
	9.52255 3.99953,
	9.52199 4.0006,
	9.51775 4.00167,
	9.51561 4.00275,
	9.51457 4.00274,
	9.51348 4.00381,
	9.51136 4.00435,
	9.50385 4.00968,
	9.50281 4.00967,
	9.49528 4.01552,
	9.49154 4.01762,
	9.48995 4.01868,
	9.48939 4.01975,
	9.48834 4.01974,
	9.4846 4.02238,
	9.48247 4.02341,
	9.48139 4.02447,
	9.47294 4.02702,
	9.45618 4.02934,
	9.45202 4.02923,
	9.4436 4.03168,
	9.43522 4.03302,
	"/>
</Transform>

<Transform dim="0"
 xcoef=" 0 1 0 0 0 0"
 ycoef=" 0 0 1 0 0 0">
<Contour name="d39sp13" hidden="false" closed="true" simplified="true" border="1 0 0" fill="1 0 0" mode="11"
 points="15.4957 6.74527,
	15.4848 6.74319,
	15.4738 6.74372,
	15.463 6.74031,
	15.4539 6.73157,
	15.4501 6.7265,
	15.4503 6.72257,
	15.4504 6.72125,
	15.452 6.71593,
	15.4623 6.70498,
	15.468 6.70076,
	15.4793 6.69629,
	15.4903 6.69576,
	15.5011 6.69917,
	15.5038 6.69904,
	15.5129 6.70777,
	15.5167 6.71282,
	15.5175 6.72326,
	15.5158 6.72858,
	15.5071 6.73817,
	"/>
</Transform>

<Transform dim="0"
 xcoef=" 0 1 0 0 0 0"
 ycoef=" 0 0 1 0 0 0">
<Contour name="d37sp07" hidden="false" closed="true" simplified="true" border="1 0 0" fill="1 0 0" mode="11"
 points="15.9078 6.22439,
	15.8667 6.22292,
	15.8462 6.22214,
	15.836 6.21984,
	15.831 6.21869,
	15.8286 6.21623,
	15.7879 6.21074,
	15.7675 6.20729,
	15.7576 6.20115,
	15.7408 6.18246,
	15.7304 6.16363,
	15.7282 6.15861,
	15.7126 6.13849,
	15.7102 6.13598,
	15.7104 6.13343,
	15.6935 6.11449,
	15.6752 6.09797,
	15.6424 6.06089,
	15.6325 6.05186,
	15.6254 6.04157,
	15.6181 6.03381,
	15.5997 6.01437,
	15.5926 6.004,
	15.5876 6.00007,
	15.5852 5.99491,
	15.5696 5.9741,
	15.5564 5.9533,
	15.5479 5.94284,
	15.5456 5.93765,
	15.5101 5.89695,
	15.4981 5.87605,
	15.4983 5.8722,
	15.4984 5.87092,
	15.5091 5.8648,
	15.5145 5.86238,
	15.5171 5.86245,
	15.5198 5.85996,
	15.6042 5.84265,
	15.6069 5.84013,
	15.6492 5.82805,
	15.6702 5.82448,
	15.7535 5.82254,
	15.7953 5.81993,
	15.8577 5.81933,
	15.8781 5.82536,
	15.8882 5.82899,
	15.8907 5.83149,
	15.8933 5.83143,
	15.8983 5.83514,
	15.9007 5.83764,
	15.9399 5.85448,
	15.9499 5.86055,
	15.9684 5.8765,
	15.9744 5.88518,
	15.9828 5.8938,
	15.9946 5.91367,
	16.0009 5.9337,
	16.0048 5.95379,
	16.0086 5.99405,
	16.0137 6.01408,
	16.0163 6.03419,
	16.0121 6.11513,
	16.0114 6.12526,
	16.0068 6.13551,
	16.0064 6.14058,
	15.9959 6.16114,
	15.9913 6.17139,
	15.9886 6.17276,
	15.9869 6.17786,
	15.9772 6.18828,
	15.9555 6.2041,
	15.934 6.21609,
	15.913 6.22299,
	"/>
</Transform>

<Transform dim="0"
 xcoef=" 0 1 0 0 0 0"
 ycoef=" 0 0 1 0 0 0">
<Contour name="d37sp07" hidden="false" closed="true" simplified="true" border="1 0 0" fill="1 0 0" mode="11"
 points="15.3774 5.75829,
	15.3723 5.75675,
	15.3622 5.74979,
	15.3448 5.72951,
	15.3423 5.72678,
	15.3424 5.7242,
	15.3276 5.70525,
	15.3189 5.69567,
	15.3128 5.68622,
	15.2967 5.66834,
	15.2916 5.66412,
	15.2708 5.65886,
	15.2501 5.65094,
	15.2291 5.64686,
	15.144 5.63676,
	15.1387 5.63637,
	15.1282 5.63173,
	15.1231 5.6275,
	15.1205 5.62731,
	15.0826 5.59125,
	15.0741 5.58043,
	15.0691 5.55957,
	15.06 5.47704,
	15.0657 5.39552,
	15.0658 5.39426,
	15.0706 5.38427,
	15.0781 5.3744,
	15.0877 5.36846,
	15.0987 5.3651,
	15.1196 5.36727,
	15.1222 5.36739,
	15.1322 5.37423,
	15.1648 5.41426,
	15.1707 5.42488,
	15.2044 5.46683,
	15.2129 5.47773,
	15.239 5.51841,
	15.252 5.54016,
	15.2678 5.56079,
	15.2702 5.56486,
	15.279 5.57198,
	15.2876 5.58169,
	15.2912 5.58714,
	15.2964 5.60839,
	15.3097 5.6288,
	15.3469 5.67002,
	15.3627 5.69163,
	15.3651 5.69694,
	15.37 5.70237,
	15.3723 5.70766,
	15.381 5.71843,
	15.3869 5.72905,
	15.3906 5.73439,
	15.3926 5.74481,
	15.3923 5.74996,
	15.3881 5.75492,
	"/>
</Transform>

<Transform dim="0"
 xcoef=" 0 1 0 0 0 0"
 ycoef=" 0 0 1 0 0 0">
<Contour name="d37sp07" hidden="false" closed="true" simplified="true" border="1 0 0" fill="1 0 0" mode="11"
 points="14.353 4.52531,
	14.3313 4.52041,
	14.3205 4.51766,
	14.2989 4.51403,
	14.288 4.51253,
	14.2825 4.51207,
	14.2718 4.50935,
	14.2502 4.50142,
	14.2396 4.49619,
	14.2184 4.48265,
	14.2079 4.4749,
	14.198 4.46532,
	14.182 4.44513,
	14.1749 4.43569,
	14.1678 4.42497,
	14.1666 4.42233,
	14.1621 4.41688,
	14.1492 4.39542,
	14.1473 4.3927,
	14.1454 4.38744,
	14.1422 4.38205,
	14.134 4.36084,
	14.1318 4.35038,
	14.1322 4.34015,
	14.1324 4.33504,
	14.1325 4.33312,
	14.1325 4.33248,
	14.1365 4.32258,
	14.1389 4.31768,
	14.1462 4.30811,
	14.1646 4.29005,
	14.1741 4.28206,
	14.1771 4.27979,
	14.1878 4.27451,
	14.1901 4.27219,
	14.2118 4.26042,
	14.2176 4.25719,
	14.2205 4.25495,
	14.2213 4.25375,
	14.2228 4.25391,
	14.2432 4.23882,
	14.2462 4.23657,
	14.2475 4.23672,
	14.2577 4.22883,
	14.2607 4.22787,
	14.2709 4.2206,
	14.2767 4.21735,
	14.2796 4.21509,
	14.3241 4.19248,
	14.347 4.18231,
	14.3696 4.17387,
	14.3811 4.16767,
	14.3868 4.16294,
	14.4044 4.14479,
	14.4072 4.1424,
	14.4087 4.13991,
	14.4138 4.13508,
	14.4325 4.11942,
	14.454 4.10186,
	14.4641 4.09396,
	14.4752 4.09001,
	14.4807 4.08963,
	14.4821 4.0897,
	14.4835 4.09108,
	14.4942 4.09488,
	14.4968 4.09565,
	14.5007 4.10105,
	14.5058 4.1065,
	14.5104 4.10933,
	14.5118 4.11069,
	14.5217 4.11571,
	14.5322 4.12334,
	14.5374 4.12879,
	14.5411 4.13416,
	14.5422 4.13941,
	14.5418 4.16021,
	14.5391 4.17048,
	14.539 4.17179,
	14.5376 4.17301,
	14.5338 4.18323,
	14.5284 4.19337,
	14.526 4.19845,
	14.5238 4.20094,
	14.5216 4.20602,
	14.52 4.20853,
	14.52 4.20983,
	14.5186 4.21105,
	14.5106 4.23136,
	14.5073 4.24154,
	14.5064 4.24407,
	14.5063 4.24536,
	14.5049 4.24658,
	14.5004 4.26697,
	14.4992 4.2875,
	14.4979 4.2977,
	14.4976 4.30282,
	14.4949 4.31292,
	14.4861 4.33283,
	14.472 4.35229,
	14.4706 4.35473,
	14.4705 4.35599,
	14.4683 4.35775,
	14.4601 4.37743,
	14.4561 4.38723,
	14.4506 4.40695,
	14.4497 4.41189,
	14.4421 4.43132,
	14.438 4.44096,
	14.4356 4.44574,
	14.4341 4.44687,
	14.434 4.4481,
	14.4171 4.46595,
	14.4013 4.48379,
	14.3931 4.49296,
	14.3862 4.50163,
	14.3664 4.51904,
	14.3613 4.52293,
	14.3585 4.52515,
	"/>
</Transform>

<Transform dim="0"
 xcoef=" 0 1 0 0 0 0"
 ycoef=" 0 0 1 0 0 0">
<Contour name="d30sp02" hidden="false" closed="true" simplified="true" border="1 0 0" fill="1 0 0" mode="11"
 points="13.0686 5.81793,
	13.059 5.81665,
	13.0405 5.80826,
	13.0349 5.79913,
	13.0359 5.78,
	13.0352 5.77034,
	13.0368 5.76098,
	13.0394 5.75651,
	13.0415 5.73775,
	13.0399 5.71866,
	13.0389 5.71384,
	13.039 5.7115,
	13.0367 5.71006,
	13.0347 5.70044,
	13.0325 5.69551,
	13.0326 5.69318,
	13.0303 5.69175,
	13.0283 5.68218,
	13.0129 5.64338,
	13.0073 5.63358,
	13.0073 5.63127,
	13.0017 5.6215,
	12.9993 5.61897,
	12.9994 5.61667,
	12.9925 5.60684,
	12.9902 5.60204,
	12.9822 5.59216,
	12.9764 5.5825,
	12.9717 5.57754,
	12.9694 5.57278,
	12.9543 5.55562,
	12.9472 5.54826,
	12.932 5.53012,
	12.9261 5.52291,
	12.9166 5.51435,
	12.9119 5.51065,
	12.9 5.49747,
	12.887 5.48205,
	12.8727 5.46438,
	12.8691 5.4597,
	12.8547 5.44661,
	12.8427 5.4315,
	12.8367 5.42342,
	12.8281 5.41412,
	12.822 5.40607,
	12.8184 5.40258,
	12.8184 5.40037,
	12.8135 5.39682,
	12.8085 5.38887,
	12.7825 5.35254,
	12.7699 5.33668,
	12.7482 5.30081,
	12.7418 5.2918,
	12.7392 5.2895,
	12.7365 5.28064,
	12.734 5.27834,
	12.7313 5.26946,
	12.7287 5.26497,
	12.7258 5.24727,
	12.7254 5.22961,
	12.7253 5.2263,
	12.7253 5.22519,
	12.7277 5.21645,
	12.7276 5.21201,
	12.7301 5.20991,
	12.7325 5.20115,
	12.7362 5.19689,
	12.745 5.19289,
	12.7602 5.19369,
	12.7653 5.19618,
	12.7703 5.19645,
	12.7754 5.19894,
	12.7955 5.20338,
	12.8156 5.21006,
	12.8169 5.21234,
	12.8555 5.22457,
	12.8655 5.22741,
	12.91 5.23033,
	12.9149 5.22844,
	12.9346 5.22757,
	12.9542 5.22892,
	12.964 5.23182,
	12.9786 5.23284,
	12.9968 5.24195,
	13.0099 5.25965,
	13.0123 5.26206,
	13.0158 5.27123,
	13.0157 5.27566,
	13.018 5.28029,
	13.0177 5.29798,
	13.0176 5.3068,
	13.0211 5.31592,
	13.0222 5.32042,
	13.0246 5.32174,
	13.0258 5.32624,
	13.0376 5.34387,
	13.0424 5.34873,
	13.0483 5.35702,
	13.0531 5.35971,
	13.0566 5.36448,
	13.0708 5.37702,
	13.0743 5.38182,
	13.0791 5.38457,
	13.0815 5.38815,
	13.0909 5.39366,
	13.0933 5.39615,
	13.1123 5.40395,
	13.1218 5.40955,
	13.1243 5.40985,
	13.1266 5.41238,
	13.1646 5.42844,
	13.241 5.45107,
	13.2603 5.45356,
	13.2796 5.45835,
	13.2843 5.46131,
	13.3036 5.46725,
	13.3133 5.47198,
	13.3228 5.47909,
	13.3299 5.48948,
	13.3298 5.49186,
	13.3357 5.50092,
	13.3482 5.5406,
	13.349 5.55972,
	13.3463 5.56889,
	13.3438 5.57094,
	13.3412 5.58008,
	13.3386 5.58449,
	13.3385 5.5892,
	13.336 5.59359,
	13.3317 5.6119,
	13.3292 5.61626,
	13.3291 5.62095,
	13.3201 5.63849,
	13.3149 5.64713,
	13.3112 5.65125,
	13.3072 5.66003,
	13.2933 5.67541,
	13.2807 5.68854,
	13.2634 5.70075,
	13.2559 5.70528,
	13.2509 5.70906,
	13.2473 5.71074,
	13.2287 5.72255,
	13.2237 5.72632,
	13.2152 5.73058,
	13.2103 5.73201,
	13.193 5.74407,
	13.1842 5.75188,
	13.1693 5.76455,
	13.1618 5.77152,
	13.1617 5.77389,
	13.1454 5.78892,
	13.1268 5.80138,
	13.0878 5.81702,
	"/>
</Transform>

<Transform dim="0"
 xcoef=" 0 1 0 0 0 0"
 ycoef=" 0 0 1 0 0 0">
<Contour name="d42c12" hidden="false" closed="true" simplified="true" border="0 0 1" fill="0 0 1" mode="11"
 points="18.3827 7.90189,
	18.366 7.89769,
	18.361 7.89265,
	18.3611 7.89067,
	18.359 7.88866,
	18.3572 7.88067,
	18.3592 7.81632,
	18.3597 7.80818,
	18.3599 7.80412,
	18.36 7.8031,
	18.3614 7.79496,
	18.3617 7.79088,
	18.3678 7.7746,
	18.3721 7.75823,
	18.3785 7.74183,
	18.3821 7.73362,
	18.3835 7.72949,
	18.3837 7.72743,
	18.386 7.72539,
	18.3946 7.70891,
	18.398 7.70479,
	18.3982 7.70272,
	18.4088 7.68722,
	18.4089 7.68512,
	18.4112 7.68307,
	18.4114 7.68097,
	18.4136 7.67891,
	18.4138 7.67682,
	18.4173 7.67267,
	18.4187 7.66849,
	18.421 7.66642,
	18.4248 7.65806,
	18.4377 7.6424,
	18.4437 7.63508,
	18.4439 7.63296,
	18.4485 7.62877,
	18.4615 7.61295,
	18.4674 7.60554,
	18.4754 7.60024,
	18.4798 7.59813,
	18.4819 7.59813,
	18.4843 7.596,
	18.5015 7.59386,
	18.5095 7.59918,
	18.5135 7.6013,
	18.5154 7.60449,
	18.5234 7.60979,
	18.5294 7.62571,
	18.5255 7.65953,
	18.5215 7.66795,
	18.5201 7.67216,
	18.5199 7.67427,
	18.5177 7.67531,
	18.515 7.68369,
	18.5124 7.68788,
	18.5102 7.68998,
	18.5074 7.69832,
	18.5024 7.70666,
	18.496 7.72223,
	18.4936 7.72638,
	18.4934 7.72844,
	18.4899 7.73258,
	18.4885 7.73671,
	18.4863 7.73878,
	18.4799 7.75525,
	18.4714 7.77164,
	18.4712 7.7737,
	18.4691 7.77573,
	18.4628 7.79206,
	18.4604 7.79612,
	18.4603 7.79816,
	18.4581 7.79917,
	18.4578 7.80323,
	18.4556 7.80729,
	18.4554 7.80931,
	18.4532 7.81134,
	18.4531 7.81336,
	18.4509 7.81436,
	18.4459 7.82951,
	18.4425 7.83353,
	18.4365 7.84859,
	18.4308 7.85657,
	18.4307 7.85857,
	18.4286 7.86056,
	18.4285 7.86256,
	18.4229 7.87051,
	18.4196 7.87447,
	18.4183 7.87844,
	18.4073 7.89325,
	18.3997 7.89912,
	"/>
</Transform>

<Transform dim="0"
 xcoef=" 0 1 0 0 0 0"
 ycoef=" 0 0 1 0 0 0">
<Contour name="d42sah09" hidden="false" closed="true" simplified="true" border="1 0 0" fill="1 0 0" mode="11"
 points="18.3562 5.81034,
	18.3406 5.81015,
	18.3421 5.79395,
	18.3264 5.79377,
	18.3279 5.77757,
	18.3436 5.77775,
	18.3451 5.76154,
	18.3607 5.76173,
	18.3592 5.77794,
	18.3749 5.77814,
	18.3734 5.79435,
	18.3577 5.79414,
	"/>
</Transform>

<Transform dim="0"
 xcoef=" 0 1 0 0 0 0"
 ycoef=" 0 0 1 0 0 0">
<Contour name="d42sp08" hidden="false" closed="true" simplified="true" border="1 0 0" fill="1 0 0" mode="11"
 points="17.5086 6.54496,
	17.5005 6.4694,
	17.5003 6.45999,
	17.4984 6.45518,
	17.4989 6.45051,
	17.4991 6.44818,
	17.497 6.44569,
	17.4974 6.44101,
	17.4935 6.42199,
	17.491 6.41244,
	17.4903 6.40771,
	17.4905 6.40536,
	17.4884 6.40291,
	17.4878 6.39818,
	17.4829 6.38971,
	17.4831 6.38737,
	17.4751 6.37642,
	17.4753 6.37409,
	17.4702 6.36683,
	17.468 6.36672,
	17.4546 6.3498,
	17.4486 6.34025,
	17.4466 6.33668,
	17.4444 6.33543,
	17.4445 6.33428,
	17.4446 6.33312,
	17.4629 6.33272,
	17.4988 6.3366,
	17.5077 6.33817,
	17.5252 6.34602,
	17.5262 6.34842,
	17.5284 6.34853,
	17.5326 6.35225,
	17.5346 6.35472,
	17.539 6.35611,
	17.5537 6.36867,
	17.5608 6.37733,
	17.5623 6.37266,
	17.5648 6.37041,
	17.5718 6.33278,
	17.5727 6.32332,
	17.5758 6.31397,
	17.5787 6.29514,
	17.5902 6.25772,
	17.6049 6.22159,
	17.6168 6.2042,
	17.6242 6.19847,
	17.6428 6.18585,
	17.6611 6.17553,
	17.6802 6.16989,
	17.6993 6.16655,
	17.7181 6.16673,
	17.7365 6.17167,
	17.7454 6.17652,
	17.75 6.17775,
	17.7521 6.18017,
	17.7545 6.18019,
	17.762 6.18625,
	17.7664 6.1899,
	17.7687 6.18992,
	17.7707 6.19233,
	17.7731 6.19236,
	17.7874 6.2118,
	17.7992 6.23131,
	17.817 6.26804,
	17.8198 6.27296,
	17.8195 6.27539,
	17.8217 6.27665,
	17.8274 6.29627,
	17.8285 6.30606,
	17.8291 6.31095,
	17.8288 6.31339,
	17.8307 6.31587,
	17.8306 6.33539,
	17.8281 6.35485,
	17.8234 6.37421,
	17.8205 6.37899,
	17.82 6.38383,
	17.8175 6.38499,
	17.8169 6.38981,
	17.8111 6.39935,
	17.8106 6.40418,
	17.8078 6.40773,
	17.8075 6.41013,
	17.8051 6.41128,
	17.8048 6.41368,
	17.7959 6.42187,
	17.7932 6.4254,
	17.7882 6.42887,
	17.7858 6.4288,
	17.7685 6.44027,
	17.76 6.44478,
	17.755 6.4482,
	17.7528 6.44813,
	17.7335 6.45818,
	17.7312 6.4581,
	17.7287 6.4604,
	17.7265 6.46031,
	17.724 6.4626,
	17.7053 6.46662,
	17.6696 6.46149,
	17.6521 6.45589,
	17.6433 6.45308,
	17.6411 6.45296,
	17.6401 6.45052,
	17.6379 6.45041,
	17.6295 6.44404,
	17.6133 6.42652,
	17.5977 6.41377,
	17.5968 6.41133,
	17.5945 6.41121,
	17.5925 6.40872,
	17.5838 6.40588,
	17.5682 6.40503,
	17.5633 6.4095,
	17.557 6.42812,
	17.5401 6.46493,
	17.5374 6.46949,
	17.537 6.47418,
	17.5328 6.48333,
	17.5302 6.48786,
	17.53 6.4902,
	17.5276 6.49122,
	17.5272 6.4959,
	17.5219 6.50493,
	17.519 6.51412,
	17.5163 6.51861,
	17.5159 6.52327,
	17.5119 6.53234,
	17.5099 6.54156,
	"/>
</Transform>

<Transform dim="0"
 xcoef=" 0 1 0 0 0 0"
 ycoef=" 0 0 1 0 0 0">
<Contour name="d05serb10" hidden="false" closed="true" simplified="true" border="1 1 0" fill="1 0 0" mode="11"
 points="4.89967 10.6655,
	4.88891 10.6651,
	4.88998 10.6539,
	4.87922 10.6535,
	4.88034 10.6424,
	4.89107 10.6428,
	4.89219 10.6316,
	4.90286 10.632,
	4.90177 10.6432,
	4.91244 10.6436,
	4.91141 10.6547,
	4.90071 10.6543,
	"/>
</Transform>

<Transform dim="0"
 xcoef=" 0 1 0 0 0 0"
 ycoef=" 0 0 1 0 0 0">
<Contour name="d56sp08" hidden="false" closed="true" simplified="true" border="1 0 0" fill="1 0 0" mode="11"
 points="14.8805 12.1298,
	14.8657 12.1137,
	14.8593 12.1055,
	14.8568 12.1014,
	14.8493 12.0932,
	14.8459 12.0891,
	14.8439 12.0851,
	14.8361 12.0799,
	14.8323 12.0773,
	14.8166 12.0629,
	14.8088 12.0552,
	14.8049 12.0512,
	14.7927 12.0349,
	14.7893 12.0309,
	14.7868 12.0269,
	14.7853 12.0228,
	14.7852 12.0209,
	14.7833 12.0189,
	14.7804 12.011,
	14.7755 12.003,
	14.7606 11.9893,
	14.7528 11.9828,
	14.7375 11.9745,
	14.7299 11.97,
	14.726 11.9675,
	14.7246 11.9656,
	14.7236 11.9645,
	14.7199 11.964,
	14.7045 11.953,
	14.7007 11.95,
	14.693 11.946,
	14.6892 11.944,
	14.6859 11.9405,
	14.683 11.9404,
	14.6816 11.9385,
	14.6782 11.9376,
	14.6767 11.9355,
	14.673 11.9346,
	14.6577 11.9232,
	14.6539 11.9203,
	14.651 11.9163,
	14.6358 11.9046,
	14.6319 11.9016,
	14.6243 11.8992,
	14.609 11.8962,
	14.6013 11.8961,
	14.586 11.8927,
	14.5841 11.8922,
	14.5831 11.8922,
	14.5793 11.8888,
	14.5639 11.882,
	14.5486 11.8742,
	14.5466 11.8742,
	14.5447 11.8723,
	14.5438 11.8713,
	14.5399 11.8713,
	14.538 11.8709,
	14.536 11.8694,
	14.5341 11.8689,
	14.5331 11.8689,
	14.5293 11.8656,
	14.5254 11.8645,
	14.5216 11.8621,
	14.5177 11.8606,
	14.5157 11.8601,
	14.5003 11.8486,
	14.4848 11.8413,
	14.4693 11.833,
	14.4615 11.8292,
	14.4576 11.8272,
	14.442 11.8227,
	14.4342 11.8202,
	14.4303 11.8192,
	14.4283 11.8187,
	14.4205 11.8134,
	14.4167 11.8109,
	14.4114 11.8033,
	14.4085 11.7995,
	14.4008 11.7922,
	14.3969 11.7885,
	14.3906 11.7807,
	14.3878 11.777,
	14.3723 11.764,
	14.3567 11.7575,
	14.341 11.7534,
	14.3332 11.7514,
	14.3175 11.7488,
	14.3135 11.7477,
	14.3058 11.7411,
	14.3003 11.7259,
	14.2986 11.7183,
	14.2977 11.7146,
	14.2975 11.7071,
	14.2971 11.7034,
	14.2948 11.6958,
	14.2935 11.6884,
	14.2932 11.6808,
	14.2933 11.679,
	14.2897 11.6715,
	14.2793 11.6564,
	14.2746 11.6488,
	14.2726 11.6339,
	14.2724 11.6265,
	14.2724 11.626,
	14.2724 11.6255,
	14.2745 11.6108,
	14.2775 11.5961,
	14.2778 11.5886,
	14.28 11.5813,
	14.2807 11.5777,
	14.2926 11.5632,
	14.3449 11.5059,
	14.3485 11.5028,
	14.3804 11.4962,
	14.3883 11.4946,
	14.4512 11.4955,
	14.4785 11.4959,
	14.4863 11.4993,
	14.494 11.5012,
	14.4978 11.5017,
	14.4993 11.5035,
	14.5069 11.5059,
	14.5108 11.5068,
	14.5184 11.511,
	14.5261 11.5133,
	14.5337 11.5148,
	14.5351 11.5166,
	14.5498 11.5235,
	14.5537 11.525,
	14.5574 11.5273,
	14.5639 11.5345,
	14.5733 11.5492,
	14.5909 11.5783,
	14.5989 11.593,
	14.6034 11.6003,
	14.6056 11.6039,
	14.6113 11.6186,
	14.6112 11.6204,
	14.614 11.6242,
	14.6148 11.6278,
	14.6193 11.6351,
	14.6216 11.6389,
	14.6344 11.6685,
	14.6353 11.6703,
	14.6352 11.6721,
	14.6352 11.6731,
	14.6371 11.674,
	14.6438 11.6889,
	14.6469 11.6964,
	14.6487 11.7001,
	14.6519 11.7038,
	14.6519 11.7057,
	14.6634 11.7207,
	14.6685 11.7283,
	14.681 11.7434,
	14.6954 11.7586,
	14.7029 11.7663,
	14.718 11.7792,
	14.7217 11.7826,
	14.7236 11.7845,
	14.7539 11.7999,
	14.7692 11.8083,
	14.7711 11.8084,
	14.7749 11.8113,
	14.7768 11.8114,
	14.7796 11.8142,
	14.7873 11.8164,
	14.7892 11.817,
	14.7911 11.8189,
	14.792 11.8199,
	14.7997 11.822,
	14.8016 11.8226,
	14.8025 11.8226,
	14.8045 11.8245,
	14.8054 11.8255,
	14.8131 11.8258,
	14.8169 11.8283,
	14.8323 11.8297,
	14.8478 11.8326,
	14.8555 11.8344,
	14.8592 11.8355,
	14.8902 11.8376,
	14.9057 11.8388,
	14.9096 11.8384,
	14.9136 11.8367,
	14.9291 11.8351,
	14.9369 11.8344,
	14.9467 11.8349,
	14.9504 11.8369,
	14.9347 11.8515,
	14.9327 11.8533,
	14.9247 11.8683,
	14.9212 11.8759,
	14.9212 11.8778,
	14.9178 11.881,
	14.9153 11.8885,
	14.9132 11.8923,
	14.9098 11.896,
	14.9098 11.8979,
	14.9098 11.8989,
	14.8951 11.9137,
	14.8879 11.9211,
	14.8839 11.9235,
	14.8727 11.9385,
	14.8669 11.9461,
	14.8631 11.9499,
	14.8616 11.9517,
	14.8607 11.9527,
	14.8607 11.9546,
	14.8607 11.9556,
	14.8573 11.9584,
	14.8526 11.9739,
	14.8506 11.9816,
	14.8488 11.9972,
	14.8483 12.0012,
	14.8495 12.0169,
	14.85 12.0209,
	14.8501 12.0228,
	14.8561 12.0389,
	14.8575 12.0429,
	14.8585 12.0449,
	14.8591 12.0529,
	14.8651 12.0689,
	14.8682 12.077,
	14.8771 12.1092,
	14.8819 12.1253,
	14.8829 12.1273,
	14.8834 12.1278,
	14.8815 12.1293,
	"/>
</Transform>

<Transform dim="0"
 xcoef=" 0 1 0 0 0 0"
 ycoef=" 0 0 1 0 0 0">
<Contour name="d56sp10" hidden="false" closed="true" simplified="true" border="1 0 0" fill="1 0 0" mode="11"
 points="16.537 11.8435,
	16.5303 11.8434,
	16.5237 11.8406,
	16.5221 11.839,
	16.5204 11.8388,
	16.5187 11.8372,
	16.5064 11.8309,
	16.494 11.8231,
	16.4809 11.8137,
	16.4694 11.8061,
	16.4629 11.8018,
	16.4506 11.7905,
	16.4466 11.7843,
	16.4442 11.7812,
	16.4435 11.7783,
	16.4419 11.7767,
	16.438 11.7648,
	16.4364 11.7619,
	16.4365 11.759,
	16.4348 11.756,
	16.4345 11.7332,
	16.4346 11.7311,
	16.4346 11.7305,
	16.4365 11.7193,
	16.4381 11.7139,
	16.4415 11.7086,
	16.4432 11.7074,
	16.4441 11.7046,
	16.4533 11.695,
	16.4608 11.6846,
	16.4651 11.6801,
	16.4767 11.6715,
	16.485 11.6618,
	16.4867 11.6599,
	16.4925 11.6556,
	16.4966 11.6511,
	16.5032 11.6468,
	16.5082 11.6444,
	16.5214 11.6401,
	16.5247 11.6383,
	16.5379 11.6367,
	16.5446 11.6352,
	16.5478 11.6355,
	16.5511 11.6344,
	16.5643 11.6343,
	16.571 11.6334,
	16.5742 11.6323,
	16.5775 11.6325,
	16.5792 11.6313,
	16.5923 11.6309,
	16.6056 11.6328,
	16.6121 11.6326,
	16.617 11.6329,
	16.6203 11.6311,
	16.6219 11.6312,
	16.6323 11.6215,
	16.6371 11.6169,
	16.6475 11.61,
	16.6595 11.6031,
	16.6642 11.5999,
	16.6762 11.593,
	16.7 11.5833,
	16.7118 11.5771,
	16.7149 11.5744,
	16.7267 11.5689,
	16.7297 11.5663,
	16.7361 11.5638,
	16.7392 11.5627,
	16.7424 11.5629,
	16.7486 11.5598,
	16.7612 11.5563,
	16.7675 11.5546,
	16.7691 11.5547,
	16.7705 11.5533,
	16.7831 11.5514,
	16.7863 11.5508,
	16.7878 11.5509,
	16.7893 11.5496,
	16.802 11.5497,
	16.8083 11.5507,
	16.81 11.5523,
	16.8116 11.5523,
	16.8228 11.5601,
	16.8318 11.5705,
	16.8359 11.575,
	16.8425 11.5868,
	16.8433 11.5896,
	16.8458 11.5926,
	16.8492 11.6042,
	16.848 11.6154,
	16.8457 11.6209,
	16.8451 11.6266,
	16.8429 11.6322,
	16.8413 11.6335,
	16.8391 11.639,
	16.8353 11.643,
	16.8245 11.6517,
	16.8198 11.6556,
	16.8136 11.6609,
	16.8052 11.6683,
	16.8028 11.6695,
	16.7989 11.6743,
	16.7958 11.6755,
	16.795 11.6768,
	16.7935 11.6768,
	16.7818 11.6846,
	16.7794 11.6859,
	16.7732 11.6905,
	16.77 11.6917,
	16.7685 11.6937,
	16.7566 11.7022,
	16.7512 11.7068,
	16.7495 11.7067,
	16.744 11.7106,
	16.7408 11.7118,
	16.7393 11.7132,
	16.7265 11.7165,
	16.7233 11.7171,
	16.7217 11.7184,
	16.6968 11.7252,
	16.6839 11.7255,
	16.6579 11.7228,
	16.6449 11.7218,
	16.6384 11.7219,
	16.6367 11.7247,
	16.6358 11.7303,
	16.635 11.7331,
	16.635 11.7345,
	16.6334 11.7358,
	16.6299 11.7584,
	16.629 11.764,
	16.6239 11.775,
	16.6221 11.7807,
	16.6204 11.7833,
	16.6204 11.7848,
	16.6187 11.7853,
	16.6187 11.7867,
	16.617 11.788,
	16.6153 11.7936,
	16.6136 11.7963,
	16.6135 11.7978,
	16.6084 11.803,
	16.6058 11.8057,
	16.6058 11.8071,
	16.6041 11.8084,
	16.6041 11.8098,
	16.5947 11.8182,
	16.582 11.8278,
	16.5708 11.8361,
	16.564 11.8397,
	16.5606 11.8415,
	16.5538 11.8423,
	16.5505 11.8434,
	"/>
</Transform>

<Transform dim="0"
 xcoef=" 0 1 0 0 0 0"
 ycoef=" 0 0 1 0 0 0">
<Contour name="d42serb08" hidden="false" closed="true" simplified="true" border="1 0 0" fill="1 0 0" mode="11"
 points="17.4441 6.40025,
	17.4338 6.39969,
	17.4347 6.38901,
	17.4242 6.38848,
	17.4251 6.37781,
	17.4356 6.37833,
	17.4364 6.36764,
	17.4468 6.36813,
	17.4459 6.37884,
	17.4564 6.37937,
	17.4555 6.3901,
	17.445 6.38955,
	"/>
</Transform>

<Transform dim="0"
 xcoef=" 0 1 0 0 0 0"
 ycoef=" 0 0 1 0 0 0">
<Contour name="d26p07" hidden="false" closed="true" simplified="true" border="1 0 0" fill="1 0 0" mode="11"
 points="8.14707 3.81038,
	8.13216 3.78179,
	8.16312 3.78413,
	"/>
</Transform>

<Transform dim="0"
 xcoef=" 0 1 0 0 0 0"
 ycoef=" 0 0 1 0 0 0">
<Contour name="d26sp07" hidden="false" closed="true" simplified="true" border="1 0 0" fill="1 0 0" mode="11"
 points="7.96726 3.79036,
	7.95651 3.78984,
	7.95384 3.78844,
	7.9525 3.78837,
	7.94183 3.78212,
	7.93913 3.78136,
	7.93779 3.7813,
	7.92712 3.77445,
	7.91845 3.7677,
	7.91312 3.76365,
	7.91046 3.76098,
	7.90646 3.75764,
	7.90515 3.75567,
	7.89983 3.75101,
	7.89121 3.74176,
	7.88658 3.73648,
	7.87864 3.72792,
	7.87801 3.72536,
	7.87604 3.72274,
	7.87606 3.72147,
	7.87473 3.72015,
	7.87476 3.71887,
	7.87343 3.71756,
	7.87219 3.71243,
	7.8709 3.70984,
	7.86911 3.69962,
	7.86934 3.68947,
	7.86935 3.68884,
	7.87149 3.68385,
	7.87155 3.6813,
	7.87295 3.67883,
	7.87298 3.67757,
	7.87435 3.67634,
	7.8765 3.67135,
	7.87723 3.66886,
	7.87859 3.66828,
	7.87862 3.667,
	7.88 3.6658,
	7.88074 3.66329,
	7.88771 3.65343,
	7.89248 3.65048,
	7.89521 3.64869,
	7.89655 3.64875,
	7.89792 3.64755,
	7.9006 3.64767,
	7.90131 3.64644,
	7.91206 3.64565,
	7.92276 3.64677,
	7.93341 3.6498,
	7.94405 3.65408,
	7.94603 3.65544,
	7.94737 3.65551,
	7.94868 3.65684,
	7.95001 3.6569,
	7.9579 3.66548,
	7.96317 3.67015,
	7.9697 3.67995,
	7.96967 3.68121,
	7.97099 3.68254,
	7.98376 3.72366,
	7.98494 3.73387,
	7.9862 3.73901,
	7.98589 3.75935,
	7.98573 3.76954,
	7.98431 3.77458,
	7.9836 3.77711,
	7.98358 3.77838,
	7.98153 3.78083,
	7.98151 3.78212,
	7.97946 3.78456,
	7.97538 3.78692,
	7.97469 3.78816,
	7.96997 3.78921,
	"/>
</Transform>

<Transform dim="0"
 xcoef=" 0 1 0 0 0 0"
 ycoef=" 0 0 1 0 0 0">
<Contour name="d05p10" hidden="false" closed="true" simplified="true" border="1 0 0" fill="1 0 0" mode="11"
 points="4.86655 10.6056,
	4.8503 10.5856,
	4.87099 10.567,
	4.8871 10.5869,
	"/>
</Transform>

<Transform dim="0"
 xcoef=" 0 1 0 0 0 0"
 ycoef=" 0 0 1 0 0 0">
<Contour name="d05sp10" hidden="false" closed="true" simplified="true" border="1 0 0" fill="1 0 0" mode="11"
 points="4.45521 10.7951,
	4.4327 10.7945,
	4.42157 10.7935,
	4.41604 10.7926,
	4.41065 10.7903,
	4.40089 10.7829,
	4.39582 10.7778,
	4.39402 10.7749,
	4.39417 10.7735,
	4.39238 10.7706,
	4.39157 10.7649,
	4.39025 10.7641,
	4.38877 10.7584,
	4.38838 10.7555,
	4.38714 10.754,
	4.38745 10.7512,
	4.38622 10.7497,
	4.38546 10.744,
	4.38562 10.7426,
	4.38385 10.7397,
	4.38348 10.7368,
	4.38364 10.7354,
	4.38242 10.7339,
	4.38169 10.7282,
	4.38203 10.7253,
	4.37993 10.7195,
	4.37847 10.7087,
	4.37849 10.703,
	4.37746 10.7001,
	4.3805 10.6772,
	4.3821 10.6657,
	4.3822 10.665,
	4.38231 10.6642,
	4.39198 10.6414,
	4.39446 10.6299,
	4.39492 10.627,
	4.39793 10.6213,
	4.40377 10.6157,
	4.40705 10.6129,
	4.41187 10.6094,
	4.41822 10.6052,
	4.42435 10.6025,
	4.42577 10.6025,
	4.42672 10.6011,
	4.47468 10.5878,
	4.49884 10.5811,
	4.51095 10.5778,
	4.51635 10.5757,
	4.5178 10.5757,
	4.51877 10.5743,
	4.52164 10.5744,
	4.52477 10.573,
	4.5262 10.573,
	4.52718 10.5716,
	4.53006 10.5717,
	4.55434 10.565,
	4.56648 10.5617,
	4.56937 10.5617,
	4.57106 10.5603,
	4.57706 10.559,
	4.58018 10.5576,
	4.58306 10.5577,
	4.58403 10.5563,
	4.58691 10.5563,
	4.59003 10.555,
	4.59147 10.555,
	4.59316 10.5536,
	4.61736 10.547,
	4.62942 10.5436,
	4.6417 10.5389,
	4.66496 10.5323,
	4.68957 10.5208,
	4.70152 10.5168,
	4.70737 10.5155,
	4.71343 10.5128,
	4.71482 10.5129,
	4.71574 10.5115,
	4.71854 10.5115,
	4.72156 10.5102,
	4.72295 10.5102,
	4.72457 10.5088,
	4.72747 10.5082,
	4.73058 10.5062,
	4.73578 10.5042,
	4.73717 10.5042,
	4.73807 10.5028,
	4.73946 10.5028,
	4.74106 10.5015,
	4.74246 10.5015,
	4.7532 10.4947,
	4.75409 10.4933,
	4.75547 10.4933,
	4.76081 10.4899,
	4.76377 10.4886,
	4.76692 10.4858,
	4.7787 10.4805,
	4.78466 10.4771,
	4.787 10.475,
	4.78983 10.4744,
	4.7912 10.4744,
	4.79276 10.4731,
	4.79412 10.4731,
	4.79567 10.4717,
	4.79703 10.4718,
	4.80004 10.4697,
	4.80131 10.4705,
	4.80662 10.4664,
	4.80789 10.4671,
	4.80165 10.4783,
	4.79963 10.4832,
	4.79808 10.4846,
	4.7977 10.4875,
	4.79615 10.4888,
	4.79576 10.4917,
	4.79429 10.4923,
	4.78182 10.5377,
	4.77883 10.5491,
	4.77173 10.5948,
	4.7693 10.6177,
	4.76918 10.6292,
	4.76842 10.6349,
	4.76977 10.6464,
	4.76941 10.6493,
	4.77046 10.6522,
	4.7701 10.6551,
	4.77224 10.6666,
	4.77349 10.6681,
	4.77711 10.6797,
	4.78093 10.7028,
	4.78133 10.7057,
	4.78189 10.7071,
	4.78101 10.7085,
	4.75922 10.6971,
	4.7482 10.6925,
	4.7454 10.6917,
	4.74396 10.6917,
	4.74342 10.6902,
	4.73213 10.6878,
	4.72942 10.6863,
	4.72653 10.6862,
	4.72382 10.6847,
	4.71804 10.6846,
	4.71244 10.683,
	4.68924 10.6824,
	4.6656 10.6848,
	4.65366 10.6867,
	4.62997 10.6941,
	4.60537 10.703,
	4.58106 10.7155,
	4.57797 10.7169,
	4.57705 10.7183,
	4.57559 10.7183,
	4.57304 10.7211,
	4.57004 10.7217,
	4.55959 10.7294,
	4.55397 10.7336,
	4.54971 10.7386,
	4.54737 10.74,
	4.54556 10.7428,
	4.54322 10.7442,
	4.53182 10.7547,
	4.52771 10.7589,
	4.5245 10.7617,
	4.5229 10.7631,
	4.52329 10.766,
	4.51308 10.7736,
	4.50831 10.7778,
	4.50299 10.7805,
	4.50062 10.7826,
	4.49919 10.7826,
	4.48711 10.7888,
	4.48426 10.7887,
	4.47254 10.792,
	4.461 10.7938,
	"/>
</Transform>

<Transform dim="0"
 xcoef=" 0 1 0 0 0 0"
 ycoef=" 0 0 1 0 0 0">
<Contour name="d30c02" hidden="false" closed="true" simplified="true" border="0 0 1" fill="0 0 1" mode="11"
 points="13.1628 5.87388,
	13.1593 5.87233,
	13.1461 5.86211,
	13.1392 5.85582,
	13.1269 5.84494,
	13.1252 5.84373,
	13.1248 5.84276,
	13.123 5.84199,
	13.1162 5.83581,
	13.1132 5.83302,
	13.1112 5.8304,
	13.1103 5.83025,
	13.1086 5.82815,
	13.1031 5.82271,
	13.0917 5.81046,
	13.0887 5.80683,
	13.0866 5.80378,
	13.0854 5.80179,
	13.0846 5.80122,
	13.0846 5.80031,
	13.0821 5.79631,
	13.0821 5.79542,
	13.0813 5.79483,
	13.0795 5.78734,
	13.0798 5.78017,
	13.0799 5.77973,
	13.0824 5.77288,
	13.0824 5.77199,
	13.0833 5.77123,
	13.0844 5.76779,
	13.0854 5.76703,
	13.0859 5.7653,
	13.0884 5.76207,
	13.0884 5.76118,
	13.0907 5.75794,
	13.0916 5.75763,
	13.0917 5.75673,
	13.0941 5.75352,
	13.095 5.75277,
	13.0951 5.75187,
	13.0998 5.74589,
	13.1008 5.74426,
	13.1017 5.74395,
	13.1023 5.74226,
	13.1037 5.7407,
	13.1037 5.73982,
	13.1051 5.73869,
	13.1085 5.73256,
	13.1128 5.72702,
	13.1175 5.72069,
	13.1185 5.71995,
	13.1189 5.71826,
	13.1218 5.71564,
	13.1232 5.71234,
	13.1247 5.71125,
	13.1247 5.71037,
	13.135 5.69887,
	13.1406 5.69325,
	13.1465 5.68857,
	13.1494 5.686,
	13.1503 5.68616,
	13.1525 5.68436,
	13.1534 5.68452,
	13.1594 5.68076,
	13.1731 5.67362,
	13.1804 5.67059,
	13.1841 5.66908,
	13.1859 5.66941,
	13.1895 5.6679,
	13.1931 5.66726,
	13.1963 5.66568,
	13.1972 5.66453,
	13.2009 5.66259,
	13.2069 5.6589,
	13.2087 5.65793,
	13.211 5.65575,
	13.2129 5.65521,
	13.2189 5.65065,
	13.2216 5.64896,
	13.2234 5.64799,
	13.2239 5.64719,
	13.2248 5.64735,
	13.2262 5.64587,
	13.2326 5.64266,
	13.2358 5.64107,
	13.2368 5.63992,
	13.2386 5.63938,
	13.2404 5.63797,
	13.2413 5.63812,
	13.2428 5.63664,
	13.246 5.63502,
	13.2497 5.63261,
	13.2533 5.63106,
	13.2548 5.62956,
	13.2575 5.62785,
	13.2709 5.62049,
	13.2727 5.61992,
	13.2801 5.61542,
	13.2866 5.61164,
	13.2903 5.60959,
	13.2927 5.60775,
	13.2996 5.60355,
	13.301 5.60244,
	13.3019 5.60258,
	13.3037 5.60153,
	13.3042 5.60072,
	13.3052 5.60086,
	13.3088 5.5992,
	13.3125 5.59841,
	13.3216 5.59974,
	13.3234 5.60088,
	13.3252 5.60114,
	13.3284 5.6038,
	13.3314 5.60777,
	13.3337 5.61206,
	13.335 5.61579,
	13.3358 5.61768,
	13.3358 5.61856,
	13.3367 5.61957,
	13.3367 5.62045,
	13.3379 5.6224,
	13.341 5.6299,
	13.3431 5.63683,
	13.3443 5.64054,
	13.3448 5.64237,
	13.3456 5.64338,
	13.3472 5.65067,
	13.348 5.65432,
	13.3489 5.65621,
	13.3499 5.6705,
	13.3482 5.67735,
	13.3482 5.67911,
	13.3466 5.68244,
	13.3462 5.68414,
	13.3462 5.68502,
	13.3452 5.68578,
	13.3452 5.68754,
	13.3405 5.70103,
	13.338 5.70775,
	13.3375 5.70945,
	13.3375 5.71032,
	13.3365 5.71063,
	13.3365 5.71239,
	13.3355 5.71402,
	13.3355 5.7149,
	13.3346 5.71521,
	13.3345 5.71696,
	13.3335 5.71772,
	13.3335 5.71947,
	13.3325 5.72021,
	13.3296 5.72685,
	13.3252 5.73328,
	13.3232 5.73652,
	13.3222 5.73814,
	13.3213 5.73887,
	13.3207 5.74056,
	13.3179 5.74366,
	13.3178 5.74454,
	13.3077 5.75669,
	13.3052 5.75984,
	13.3039 5.76095,
	13.3038 5.76183,
	13.3029 5.76256,
	13.3029 5.76344,
	13.3009 5.7649,
	13.2961 5.77076,
	13.2947 5.77231,
	13.2946 5.77319,
	13.2733 5.79718,
	13.2676 5.80333,
	13.2662 5.80487,
	13.2661 5.80576,
	13.2594 5.81173,
	13.257 5.81446,
	13.2431 5.82546,
	13.2291 5.83465,
	13.222 5.83924,
	13.2192 5.84144,
	13.2177 5.84209,
	13.2152 5.84482,
	13.2124 5.84658,
	13.2062 5.85183,
	13.2001 5.85574,
	13.1968 5.85835,
	13.1935 5.86004,
	13.1898 5.86258,
	13.1879 5.86316,
	13.1842 5.8657,
	13.1804 5.86686,
	13.1772 5.86905,
	13.1763 5.86889,
	13.1725 5.87052,
	13.1707 5.87111,
	13.1702 5.87196,
	13.1693 5.8718,
	13.1684 5.87302,
	13.1646 5.87373,
	"/>
</Transform>

<Transform dim="0"
 xcoef=" 0 1 0 0 0 0"
 ycoef=" 0 0 1 0 0 0">
<Contour name="d30cfa02" hidden="false" closed="true" simplified="true" border="0 1 0" fill="0 1 0" mode="11"
 points="13.107 5.80869,
	13.0982 5.80387,
	13.0938 5.80147,
	13.0916 5.80057,
	13.091 5.79991,
	13.091 5.79934,
	13.111 5.76587,
	13.1191 5.74906,
	13.124 5.74085,
	13.136 5.72489,
	13.1425 5.71706,
	13.1767 5.68755,
	13.2138 5.6662,
	13.2512 5.64367,
	13.2699 5.63194,
	13.2793 5.62629,
	13.284 5.62317,
	13.3027 5.61332,
	13.3121 5.60803,
	13.3168 5.60593,
	13.3261 5.60389,
	13.3284 5.60534,
	13.33 5.61005,
	13.3305 5.61124,
	13.3237 5.6282,
	13.3194 5.63652,
	13.3085 5.65274,
	13.303 5.66081,
	13.3006 5.66488,
	13.2701 5.69544,
	13.233 5.71936,
	13.2143 5.73092,
	13.1799 5.76041,
	13.1632 5.77544,
	13.1586 5.77914,
	13.1209 5.80347,
	13.1116 5.80713,
	"/>
</Transform>

<Transform dim="0"
 xcoef=" 0 1 0 0 0 0"
 ycoef=" 0 0 1 0 0 0">
<Contour name="d56p08" hidden="false" closed="true" simplified="true" border="1 0 0" fill="1 0 0" mode="11"
 points="14.9408 12.0209,
	14.9238 12.003,
	14.9406 11.9868,
	14.9576 12.0045,
	"/>
</Transform>

<Transform dim="0"
 xcoef=" 0 1 0 0 0 0"
 ycoef=" 0 0 1 0 0 0">
<Contour name="d56c06" hidden="false" closed="true" simplified="true" border="0 0 1" fill="0 0 1" mode="11"
 points="15.8272 11.5008,
	15.8171 11.4996,
	15.8071 11.4963,
	15.8045 11.4951,
	15.7944 11.4945,
	15.7742 11.4896,
	15.7717 11.489,
	15.7704 11.4878,
	15.7603 11.4856,
	15.759 11.4845,
	15.7577 11.4845,
	15.7552 11.4829,
	15.7526 11.4824,
	15.752 11.4812,
	15.747 11.4796,
	15.7419 11.4769,
	15.7381 11.4741,
	15.7336 11.4725,
	15.7144 11.461,
	15.7055 11.455,
	15.6864 11.4409,
	15.6844 11.4388,
	15.6825 11.4377,
	15.6755 11.4295,
	15.6736 11.4274,
	15.673 11.4253,
	15.6717 11.4248,
	15.6711 11.4204,
	15.6711 11.4183,
	15.6697 11.4161,
	15.669 11.3989,
	15.6684 11.3903,
	15.6671 11.386,
	15.6664 11.3689,
	15.6664 11.3603,
	15.6663 11.3565,
	15.6663 11.356,
	15.6682 11.3474,
	15.6714 11.3388,
	15.682 11.3221,
	15.6838 11.32,
	15.6846 11.3179,
	15.6858 11.3173,
	15.6858 11.3162,
	15.6895 11.3119,
	15.7008 11.2952,
	15.7039 11.2915,
	15.7083 11.2871,
	15.7133 11.2844,
	15.7335 11.2833,
	15.7436 11.2828,
	15.7512 11.2828,
	15.7614 11.2801,
	15.7714 11.2785,
	15.7816 11.2791,
	15.7866 11.2796,
	15.7892 11.2807,
	15.8094 11.2818,
	15.8298 11.284,
	15.8399 11.2863,
	15.845 11.2879,
	15.8475 11.2879,
	15.8577 11.2912,
	15.8627 11.2929,
	15.8653 11.2935,
	15.8666 11.2945,
	15.8679 11.2945,
	15.8774 11.3016,
	15.8819 11.3055,
	15.8889 11.3141,
	15.8902 11.3152,
	15.8902 11.3162,
	15.8959 11.3249,
	15.8997 11.3335,
	15.8997 11.3346,
	15.901 11.3356,
	15.9024 11.34,
	15.9036 11.341,
	15.9049 11.3454,
	15.9049 11.3464,
	15.9061 11.3475,
	15.9094 11.3647,
	15.9101 11.3819,
	15.9082 11.4163,
	15.907 11.425,
	15.9013 11.4417,
	15.8982 11.4504,
	15.897 11.4515,
	15.8951 11.4558,
	15.8945 11.4581,
	15.8926 11.4602,
	15.8919 11.4623,
	15.8856 11.4711,
	15.885 11.4732,
	15.8781 11.4808,
	15.8693 11.4874,
	15.8643 11.4907,
	15.8593 11.4928,
	15.8567 11.4933,
	15.8536 11.4949,
	15.8511 11.4954,
	15.8499 11.4966,
	15.8398 11.4987,
	15.8373 11.4998,
	"/>
</Transform>

<Transform dim="0"
 xcoef=" 0 1 0 0 0 0"
 ycoef=" 0 0 1 0 0 0">
<Contour name="d56c08" hidden="false" closed="true" simplified="true" border="0 0 1" fill="0 0 1" mode="11"
 points="14.376 11.7905,
	14.3542 11.7869,
	14.3109 11.771,
	14.2893 11.7634,
	14.2866 11.7621,
	14.2813 11.7568,
	14.2747 11.7462,
	14.265 11.7252,
	14.2631 11.72,
	14.2598 11.7154,
	14.2481 11.6738,
	14.245 11.6634,
	14.2432 11.6581,
	14.2411 11.6375,
	14.2418 11.617,
	14.242 11.6119,
	14.2421 11.6093,
	14.2421 11.6086,
	14.2421 11.608,
	14.2444 11.6029,
	14.2468 11.5927,
	14.2506 11.5826,
	14.2521 11.5801,
	14.253 11.575,
	14.2574 11.5655,
	14.259 11.5605,
	14.2649 11.5504,
	14.2676 11.5486,
	14.2699 11.5442,
	14.2749 11.5392,
	14.2786 11.5342,
	14.2892 11.5249,
	14.2941 11.52,
	14.297 11.5175,
	14.3193 11.5086,
	14.3303 11.5082,
	14.3411 11.5098,
	14.3438 11.5104,
	14.3484 11.5137,
	14.3512 11.5144,
	14.3617 11.524,
	14.37 11.5344,
	14.3739 11.5396,
	14.3789 11.5498,
	14.3801 11.5549,
	14.3807 11.5575,
	14.3826 11.5594,
	14.3831 11.5644,
	14.3851 11.5664,
	14.389 11.5868,
	14.3909 11.6073,
	14.3912 11.6174,
	14.3939 11.638,
	14.3955 11.6483,
	14.3974 11.6534,
	14.3985 11.6638,
	14.4005 11.6657,
	14.4016 11.6709,
	14.4036 11.6735,
	14.4042 11.6761,
	14.412 11.6866,
	14.4145 11.6917,
	14.4245 11.7022,
	14.4297 11.7075,
	14.4324 11.7101,
	14.4349 11.7154,
	14.4403 11.7206,
	14.4431 11.7414,
	14.438 11.7518,
	14.4338 11.7569,
	14.4283 11.762,
	14.4173 11.7697,
	14.3953 11.7804,
	14.3843 11.7861,
	14.3787 11.7893,
	"/>
</Transform>

<Transform dim="0"
 xcoef=" 0 1 0 0 0 0"
 ycoef=" 0 0 1 0 0 0">
<Contour name="d56serb08" hidden="false" closed="true" simplified="true" border="1 0 0" fill="1 0 0" mode="11"
 points="15.0108 11.885,
	14.9985 11.8844,
	14.9986 11.8722,
	14.9863 11.8715,
	14.9865 11.8594,
	14.9988 11.8601,
	14.999 11.848,
	15.0113 11.8486,
	15.0111 11.8607,
	15.0235 11.8613,
	15.0233 11.8734,
	15.011 11.8728,
	"/>
</Transform>

<Transform dim="0"
 xcoef=" 0 1 0 0 0 0"
 ycoef=" 0 0 1 0 0 0">
<Contour name="d42p08" hidden="false" closed="true" simplified="true" border="1 0 0" fill="1 0 0" mode="11"
 points="17.451 6.47188,
	17.4341 6.45143,
	17.4542 6.43333,
	17.4713 6.45383,
	"/>
</Transform>

<Transform dim="0"
 xcoef=" 0 1 0 0 0 0"
 ycoef=" 0 0 1 0 0 0">
<Contour name="d37c07b" hidden="false" closed="true" simplified="true" border="0 0 1" fill="0 0 1" mode="11"
 points="15.993 6.17142,
	15.9877 6.16824,
	15.9795 6.15845,
	15.9771 6.15318,
	15.976 6.15053,
	15.9747 6.14924,
	15.9742 6.14658,
	15.9712 6.14133,
	15.967 6.13076,
	15.9658 6.12812,
	15.9659 6.12678,
	15.9641 6.12417,
	15.9594 6.10292,
	15.9566 6.08163,
	15.9556 6.07632,
	15.9558 6.07363,
	15.9546 6.071,
	15.9533 6.06034,
	15.9535 6.05767,
	15.9523 6.05503,
	15.9481 6.01237,
	15.9469 6.00171,
	15.9468 5.991,
	15.9471 5.98563,
	15.9472 5.98497,
	15.9472 5.98429,
	15.9555 5.97333,
	15.9767 5.95526,
	15.9824 5.95241,
	15.9881 5.95089,
	16.0101 5.95089,
	16.0128 5.95081,
	16.0173 5.95468,
	16.0257 5.96512,
	16.0269 5.96775,
	16.0281 5.96905,
	16.0291 5.97436,
	16.0304 5.97566,
	16.0332 5.98626,
	16.033 5.98893,
	16.0347 5.99423,
	16.0367 6.01555,
	16.0366 6.03692,
	16.03 6.12271,
	16.0237 6.14433,
	16.0194 6.15518,
	16.0171 6.16061,
	16.0126 6.1661,
	16.0067 6.16964,
	16.0012 6.17116,
	"/>
</Transform>

<Transform dim="0"
 xcoef=" 0 1 0 0 0 0"
 ycoef=" 0 0 1 0 0 0">
<Contour name="d21p22" hidden="false" closed="true" simplified="true" border="1 0 0" fill="1 0 0" mode="11"
 points="10.7675 7.03928,
	10.7409 7.01694,
	10.7662 6.995,
	10.7927 7.01747,
	"/>
</Transform>

<Transform dim="0"
 xcoef=" 0 1 0 0 0 0"
 ycoef=" 0 0 1 0 0 0">
<Contour name="d56cfa08" hidden="false" closed="true" simplified="true" border="0 1 0" fill="0 1 0" mode="11"
 points="14.3833 11.767,
	14.3814 11.7665,
	14.3775 11.7636,
	14.346 11.753,
	14.3143 11.7453,
	14.3105 11.7438,
	14.3066 11.7404,
	14.3041 11.7365,
	14.2991 11.7214,
	14.2981 11.7194,
	14.2966 11.7043,
	14.2958 11.6967,
	14.2959 11.693,
	14.291 11.6779,
	14.284 11.6627,
	14.2803 11.6551,
	14.2784 11.6513,
	14.2762 11.6438,
	14.2748 11.64,
	14.2745 11.6362,
	14.2745 11.6348,
	14.2746 11.6343,
	14.2762 11.627,
	14.277 11.6195,
	14.2816 11.6046,
	14.287 11.5899,
	14.2899 11.5825,
	14.2909 11.5788,
	14.2986 11.5641,
	14.3071 11.5495,
	14.3129 11.5423,
	14.3197 11.535,
	14.3357 11.5207,
	14.3398 11.5181,
	14.3478 11.5159,
	14.3499 11.5151,
	14.3532 11.5184,
	14.3545 11.522,
	14.3549 11.5239,
	14.3521 11.5312,
	14.351 11.533,
	14.3517 11.5404,
	14.3516 11.5441,
	14.353 11.5478,
	14.3612 11.5627,
	14.3644 11.5702,
	14.3661 11.5777,
	14.3664 11.5814,
	14.3641 11.5888,
	14.3589 11.596,
	14.3563 11.5997,
	14.3535 11.6071,
	14.3524 11.622,
	14.3522 11.6294,
	14.3596 11.6445,
	14.3633 11.6521,
	14.3747 11.6673,
	14.3775 11.6711,
	14.3935 11.7014,
	14.3973 11.7091,
	14.4092 11.7244,
	14.4221 11.7397,
	14.4251 11.7435,
	14.4255 11.7454,
	14.4259 11.7463,
	14.4234 11.7501,
	14.4073 11.7584,
	14.3994 11.7611,
	14.3914 11.7648,
	14.3873 11.7666,
	"/>
</Transform>

<Transform dim="0"
 xcoef=" 0 1 0 0 0 0"
 ycoef=" 0 0 1 0 0 0">
<Contour name="d37cfa07b" hidden="false" closed="true" simplified="true" border="0 1 0" fill="0 1 0" mode="11"
 points="15.9762 6.12505,
	15.9742 6.12311,
	15.9687 6.10184,
	15.9678 6.0965,
	15.9691 6.08573,
	15.9702 6.08034,
	15.9826 6.05848,
	15.9834 6.03701,
	15.9786 6.01573,
	15.9776 6.0104,
	15.9666 5.9893,
	15.961 5.97874,
	15.9611 5.97807,
	15.9649 5.97259,
	15.9767 5.96215,
	15.9825 5.9566,
	15.9855 5.9545,
	15.9911 5.95365,
	15.9925 5.95294,
	16.0023 5.96135,
	16.0085 5.9826,
	16.0102 5.9879,
	16.0142 6.03065,
	16.014 6.07354,
	16.0104 6.11656,
	16.0101 6.12194,
	16.0092 6.12331,
	15.9871 6.12469,
	"/>
</Transform>

<Transform dim="0"
 xcoef=" 0 1 0 0 0 0"
 ycoef=" 0 0 1 0 0 0">
<Contour name="d39c10" hidden="false" closed="true" simplified="true" border="0 0 1" fill="0 0 1" mode="11"
 points="15.1804 8.17969,
	15.1703 8.17919,
	15.1604 8.1775,
	15.1555 8.17693,
	15.1457 8.17404,
	15.137 8.16764,
	15.1358 8.16764,
	15.1325 8.16356,
	15.1313 8.16239,
	15.1314 8.16123,
	15.1298 8.1589,
	15.1295 8.15656,
	15.1284 8.1554,
	15.1263 8.14607,
	15.1268 8.13675,
	15.1273 8.13209,
	15.1274 8.13152,
	15.1275 8.13093,
	15.1318 8.12165,
	15.1331 8.12049,
	15.1341 8.11818,
	15.1342 8.11701,
	15.1363 8.11469,
	15.1418 8.10602,
	15.1462 8.09676,
	15.1478 8.09445,
	15.1489 8.08981,
	15.1583 8.07193,
	15.1602 8.06734,
	15.167 8.05816,
	15.1709 8.0536,
	15.1759 8.04905,
	15.1787 8.04679,
	15.1892 8.04405,
	15.1995 8.043,
	15.2096 8.04309,
	15.2196 8.04432,
	15.2394 8.04951,
	15.2441 8.05123,
	15.2465 8.05236,
	15.2515 8.05294,
	15.254 8.05407,
	15.2565 8.05407,
	15.2959 8.06514,
	15.3158 8.07052,
	15.3258 8.07205,
	15.3309 8.07254,
	15.3332 8.07361,
	15.3537 8.07491,
	15.3948 8.07344,
	15.4054 8.07154,
	15.4156 8.07072,
	15.4208 8.07058,
	15.4232 8.07106,
	15.4273 8.07475,
	15.4288 8.07908,
	15.4272 8.08786,
	15.4169 8.10575,
	15.4168 8.10686,
	15.413 8.11139,
	15.4088 8.11486,
	15.406 8.11661,
	15.3959 8.12031,
	15.3747 8.12496,
	15.364 8.12867,
	15.3586 8.13053,
	15.3482 8.13649,
	15.3425 8.14006,
	15.3339 8.14824,
	15.3144 8.16588,
	15.3089 8.16949,
	15.2987 8.17381,
	15.2932 8.17684,
	15.2826 8.17887,
	15.2722 8.17917,
	15.2622 8.17773,
	15.2572 8.1767,
	15.2368 8.17658,
	15.2263 8.17735,
	15.2212 8.1786,
	"/>
</Transform>

<Transform dim="0"
 xcoef=" 0 1 0 0 0 0"
 ycoef=" 0 0 1 0 0 0">
<Contour name="d39cfa10" hidden="false" closed="true" simplified="true" border="0 1 0" fill="0 1 0" mode="11"
 points="15.2838 8.17027,
	15.2793 8.1699,
	15.2621 8.16331,
	15.2577 8.1619,
	15.2556 8.16145,
	15.2192 8.16565,
	15.21 8.16679,
	15.1744 8.16663,
	15.1571 8.16363,
	15.1484 8.16211,
	15.1464 8.16159,
	15.1424 8.15803,
	15.1377 8.14985,
	15.1343 8.14166,
	15.1336 8.13347,
	15.1337 8.13246,
	15.1338 8.13194,
	15.137 8.12379,
	15.1391 8.11973,
	15.1561 8.10351,
	15.161 8.0954,
	15.1638 8.09135,
	15.167 8.08325,
	15.1714 8.06705,
	15.1725 8.063,
	15.178 8.05497,
	15.1794 8.05296,
	15.1961 8.06118,
	15.2047 8.06324,
	15.209 8.06428,
	15.2271 8.06331,
	15.2359 8.06382,
	15.2447 8.0658,
	15.2491 8.0663,
	15.2661 8.07269,
	15.2829 8.08247,
	15.2913 8.08683,
	15.2955 8.08925,
	15.3127 8.09489,
	15.3148 8.09584,
	15.3328 8.09695,
	15.3511 8.09407,
	15.3604 8.09286,
	15.3789 8.08849,
	15.4156 8.08311,
	15.4201 8.0825,
	15.4213 8.08247,
	15.4223 8.08339,
	15.4197 8.09116,
	15.4183 8.09506,
	15.4117 8.10299,
	15.4084 8.10698,
	15.3987 8.11313,
	15.3894 8.11443,
	15.3713 8.11453,
	15.3623 8.11481,
	15.3433 8.12178,
	15.3337 8.12649,
	15.3288 8.1291,
	15.3151 8.14488,
	15.3078 8.15307,
	15.2996 8.16129,
	15.2946 8.16545,
	15.2897 8.1686,
	15.2884 8.16964,
	"/>
</Transform>

<Transform dim="0"
 xcoef=" 0 1 0 0 0 0"
 ycoef=" 0 0 1 0 0 0">
<Contour name="d42_MT_Low" hidden="false" closed="true" simplified="true" border="1 0 0" fill="1 0 0" mode="11"
 points="17.0296 6.93683,
	17.0253 6.93676,
	17.0211 6.93229,
	17.0213 6.9279,
	17.026 6.92358,
	17.0303 6.92366,
	17.0345 6.92812,
	17.0343 6.93252,
	"/>
</Transform>

<Transform dim="0"
 xcoef=" 0 1 0 0 0 0"
 ycoef=" 0 0 1 0 0 0">
<Contour name="d42_MT_Low" hidden="false" closed="true" simplified="true" border="1 0 0" fill="1 0 0" mode="11"
 points="17.0908 6.90518,
	17.0864 6.90506,
	17.0822 6.90056,
	17.0825 6.89617,
	17.0871 6.8919,
	17.0916 6.89202,
	17.0957 6.89651,
	17.0955 6.9009,
	"/>
</Transform>

<Transform dim="0"
 xcoef=" 0 1 0 0 0 0"
 ycoef=" 0 0 1 0 0 0">
<Contour name="d42_MT_Low" hidden="false" closed="true" simplified="true" border="1 0 0" fill="1 0 0" mode="11"
 points="17.2134 6.8702,
	17.209 6.86999,
	17.2049 6.86538,
	17.2051 6.861,
	17.2098 6.85682,
	17.2141 6.85704,
	17.2183 6.86166,
	17.218 6.86604,
	"/>
</Transform>

<Transform dim="0"
 xcoef=" 0 1 0 0 0 0"
 ycoef=" 0 0 1 0 0 0">
<Contour name="d42_MT_Low" hidden="false" closed="true" simplified="true" border="1 0 0" fill="1 0 0" mode="11"
 points="17.305 6.86485,
	17.3007 6.86454,
	17.2966 6.85985,
	17.2969 6.85547,
	17.3014 6.85141,
	17.3058 6.85172,
	17.3097 6.8564,
	17.3095 6.86078,
	"/>
</Transform>

<Transform dim="0"
 xcoef=" 0 1 0 0 0 0"
 ycoef=" 0 0 1 0 0 0">
<Contour name="d42_MT_Low" hidden="false" closed="true" simplified="true" border="1 0 0" fill="1 0 0" mode="11"
 points="17.1294 6.84482,
	17.1249 6.84469,
	17.1208 6.84019,
	17.121 6.83581,
	17.1257 6.83157,
	17.1301 6.83171,
	17.1342 6.83621,
	17.134 6.84059,
	"/>
</Transform>

<Transform dim="0"
 xcoef=" 0 1 0 0 0 0"
 ycoef=" 0 0 1 0 0 0">
<Contour name="d42_MT_Low" hidden="false" closed="true" simplified="true" border="1 0 0" fill="1 0 0" mode="11"
 points="16.9245 6.84205,
	16.9203 6.83772,
	16.9205 6.83336,
	16.9252 6.829,
	16.9295 6.82899,
	16.9337 6.83333,
	16.9335 6.83769,
	16.9288 6.84204,
	"/>
</Transform>

<Transform dim="0"
 xcoef=" 0 1 0 0 0 0"
 ycoef=" 0 0 1 0 0 0">
<Contour name="d42_MT_Low" hidden="false" closed="true" simplified="true" border="1 0 0" fill="1 0 0" mode="11"
 points="16.839 6.8277,
	16.8348 6.82344,
	16.835 6.8191,
	16.8397 6.81468,
	16.8441 6.81461,
	16.8483 6.81887,
	16.8481 6.82321,
	16.8434 6.82762,
	"/>
</Transform>

<Transform dim="0"
 xcoef=" 0 1 0 0 0 0"
 ycoef=" 0 0 1 0 0 0">
<Contour name="d42_MT_Low" hidden="false" closed="true" simplified="true" border="1 0 0" fill="1 0 0" mode="11"
 points="16.9589 6.77903,
	16.9544 6.77903,
	16.9502 6.77469,
	16.9505 6.77035,
	16.9552 6.76602,
	16.9596 6.76602,
	16.9638 6.77035,
	16.9636 6.77469,
	"/>
</Transform>

<Transform dim="0"
 xcoef=" 0 1 0 0 0 0"
 ycoef=" 0 0 1 0 0 0">
<Contour name="d42_MT_Low" hidden="false" closed="true" simplified="true" border="1 0 0" fill="1 0 0" mode="11"
 points="17.3637 6.77738,
	17.3595 6.77702,
	17.3554 6.7723,
	17.3557 6.76793,
	17.3602 6.76394,
	17.3644 6.7643,
	17.3685 6.76903,
	17.3682 6.7734,
	"/>
</Transform>

<Transform dim="0"
 xcoef=" 0 1 0 0 0 0"
 ycoef=" 0 0 1 0 0 0">
<Contour name="d42_MT_Low" hidden="false" closed="true" simplified="true" border="1 0 0" fill="1 0 0" mode="11"
 points="17.2055 6.74051,
	17.2011 6.74032,
	17.1969 6.73578,
	17.1972 6.73142,
	17.2018 6.72726,
	17.2062 6.72745,
	17.2104 6.732,
	17.2101 6.73636,
	"/>
</Transform>

<Transform dim="0"
 xcoef=" 0 1 0 0 0 0"
 ycoef=" 0 0 1 0 0 0">
<Contour name="d42_MT_Low" hidden="false" closed="true" simplified="true" border="1 0 0" fill="1 0 0" mode="11"
 points="17.266 6.71312,
	17.2617 6.71286,
	17.2576 6.70824,
	17.2579 6.70389,
	17.2625 6.69979,
	17.2668 6.70005,
	17.2709 6.70468,
	17.2706 6.70902,
	"/>
</Transform>

<Transform dim="0"
 xcoef=" 0 1 0 0 0 0"
 ycoef=" 0 0 1 0 0 0">
<Contour name="d42_MT_Low" hidden="false" closed="true" simplified="true" border="1 0 0" fill="1 0 0" mode="11"
 points="17.4112 6.69825,
	17.4069 6.69786,
	17.403 6.69311,
	17.4032 6.68874,
	17.4078 6.68476,
	17.412 6.68514,
	17.416 6.68989,
	17.4157 6.69427,
	"/>
</Transform>

<Transform dim="0"
 xcoef=" 0 1 0 0 0 0"
 ycoef=" 0 0 1 0 0 0">
<Contour name="d42_MT_Low" hidden="false" closed="true" simplified="true" border="1 0 0" fill="1 0 0" mode="11"
 points="16.901 6.6691,
	16.8969 6.66485,
	16.8971 6.66053,
	16.9017 6.65618,
	16.9062 6.65613,
	16.9104 6.66038,
	16.9101 6.6647,
	16.9054 6.66905,
	"/>
</Transform>

<Transform dim="0"
 xcoef=" 0 1 0 0 0 0"
 ycoef=" 0 0 1 0 0 0">
<Contour name="d42_MT_Low" hidden="false" closed="true" simplified="true" border="1 0 0" fill="1 0 0" mode="11"
 points="17.0934 6.66314,
	17.0891 6.66306,
	17.0849 6.65867,
	17.0852 6.65434,
	17.0899 6.65009,
	17.0942 6.65016,
	17.0983 6.65456,
	17.0981 6.65889,
	"/>
</Transform>

<Transform dim="0"
 xcoef=" 0 1 0 0 0 0"
 ycoef=" 0 0 1 0 0 0">
<Contour name="d42_MT_Low" hidden="false" closed="true" simplified="true" border="1 0 0" fill="1 0 0" mode="11"
 points="16.9994 6.64926,
	16.995 6.64925,
	16.9908 6.64492,
	16.991 6.64062,
	16.9957 6.6363,
	17.0002 6.63631,
	17.0043 6.64064,
	17.0041 6.64495,
	"/>
</Transform>

<Transform dim="0"
 xcoef=" 0 1 0 0 0 0"
 ycoef=" 0 0 1 0 0 0">
<Contour name="d42_MT_Low" hidden="false" closed="true" simplified="true" border="1 0 0" fill="1 0 0" mode="11"
 points="17.1872 6.64175,
	17.1828 6.64159,
	17.1788 6.63712,
	17.179 6.63278,
	17.1836 6.6286,
	17.188 6.62876,
	17.1922 6.63324,
	17.1919 6.63758,
	"/>
</Transform>

<Transform dim="0"
 xcoef=" 0 1 0 0 0 0"
 ycoef=" 0 0 1 0 0 0">
<Contour name="d42_MT_Low" hidden="false" closed="true" simplified="true" border="1 0 0" fill="1 0 0" mode="11"
 points="17.0816 6.6024,
	17.0773 6.60235,
	17.0731 6.59798,
	17.0734 6.59367,
	17.0781 6.58941,
	17.0825 6.58946,
	17.0866 6.59384,
	17.0864 6.59815,
	"/>
</Transform>

<Transform dim="0"
 xcoef=" 0 1 0 0 0 0"
 ycoef=" 0 0 1 0 0 0">
<Contour name="d42_MT_Low" hidden="false" closed="true" simplified="true" border="1 0 0" fill="1 0 0" mode="11"
 points="17.2319 6.59579,
	17.2275 6.59559,
	17.2234 6.59107,
	17.2237 6.58674,
	17.2284 6.5826,
	17.2328 6.58279,
	17.2369 6.58733,
	17.2366 6.59165,
	"/>
</Transform>

<Transform dim="0"
 xcoef=" 0 1 0 0 0 0"
 ycoef=" 0 0 1 0 0 0">
<Contour name="d42_MT_Low" hidden="false" closed="true" simplified="true" border="1 0 0" fill="1 0 0" mode="11"
 points="17.3552 6.57705,
	17.3509 6.57673,
	17.3468 6.57206,
	17.3471 6.56769,
	17.3518 6.56364,
	17.3561 6.56395,
	17.36 6.56863,
	17.3597 6.573,
	"/>
</Transform>

<Transform dim="0"
 xcoef=" 0 1 0 0 0 0"
 ycoef=" 0 0 1 0 0 0">
<Contour name="d42_MT_Low" hidden="false" closed="true" simplified="true" border="1 0 0" fill="1 0 0" mode="11"
 points="17.1247 6.55134,
	17.1202 6.55126,
	17.1162 6.54688,
	17.1165 6.54258,
	17.1211 6.53835,
	17.1255 6.53843,
	17.1297 6.54282,
	17.1294 6.54712,
	"/>
</Transform>

<Transform dim="0"
 xcoef=" 0 1 0 0 0 0"
 ycoef=" 0 0 1 0 0 0">
<Contour name="d42_MT_Low" hidden="false" closed="true" simplified="true" border="1 0 0" fill="1 0 0" mode="11"
 points="17.1933 6.48408,
	17.1889 6.48396,
	17.1848 6.47956,
	17.1851 6.47526,
	17.1899 6.47109,
	17.1942 6.47121,
	17.1983 6.47562,
	17.198 6.47992,
	"/>
</Transform>

<Transform dim="0"
 xcoef=" 0 1 0 0 0 0"
 ycoef=" 0 0 1 0 0 0">
<Contour name="d42_MT_Low" hidden="false" closed="true" simplified="true" border="1 0 0" fill="1 0 0" mode="11"
 points="17.3016 6.47751,
	17.2973 6.4773,
	17.2932 6.47275,
	17.2935 6.46843,
	17.2983 6.46429,
	17.3025 6.4645,
	17.3066 6.46906,
	17.3063 6.47339,
	"/>
</Transform>

<Transform dim="0"
 xcoef=" 0 1 0 0 0 0"
 ycoef=" 0 0 1 0 0 0">
<Contour name="d42_MT_Low" hidden="false" closed="true" simplified="true" border="1 0 0" fill="1 0 0" mode="11"
 points="17.1451 6.44656,
	17.1408 6.44649,
	17.1366 6.44215,
	17.1369 6.43789,
	17.1417 6.43368,
	17.1461 6.43375,
	17.1502 6.43809,
	17.1499 6.44236,
	"/>
</Transform>

<Transform dim="0"
 xcoef=" 0 1 0 0 0 0"
 ycoef=" 0 0 1 0 0 0">
<Contour name="d42_MT_Low" hidden="false" closed="true" simplified="true" border="1 0 0" fill="1 0 0" mode="11"
 points="17.3141 6.39977,
	17.3097 6.39959,
	17.3056 6.3951,
	17.3059 6.39076,
	17.3107 6.3866,
	17.3151 6.38677,
	17.3191 6.39127,
	17.3188 6.39561,
	"/>
</Transform>

<Transform dim="0"
 xcoef=" 0 1 0 0 0 0"
 ycoef=" 0 0 1 0 0 0">
<Contour name="d42_MT_Low" hidden="false" closed="true" simplified="true" border="1 0 0" fill="1 0 0" mode="11"
 points="17.2095 6.38365,
	17.2051 6.38355,
	17.201 6.37919,
	17.2013 6.37492,
	17.206 6.37073,
	17.2105 6.37082,
	17.2146 6.37519,
	17.2143 6.37946,
	"/>
</Transform>

<Transform dim="0"
 xcoef=" 0 1 0 0 0 0"
 ycoef=" 0 0 1 0 0 0">
<Contour name="d42_MT_Low" hidden="false" closed="true" simplified="true" border="1 0 0" fill="1 0 0" mode="11"
 points="17.0943 6.32733,
	17.0902 6.32313,
	17.0905 6.31892,
	17.0953 6.3147,
	17.0997 6.31468,
	17.1037 6.31888,
	17.1034 6.32311,
	17.0987 6.32733,
	"/>
</Transform>

<Transform dim="0"
 xcoef=" 0 1 0 0 0 0"
 ycoef=" 0 0 1 0 0 0">
<Contour name="d42_MT_Low" hidden="false" closed="true" simplified="true" border="1 0 0" fill="1 0 0" mode="11"
 points="17.1097 6.26833,
	17.1056 6.26414,
	17.1059 6.25994,
	17.1106 6.25569,
	17.1151 6.25566,
	17.1192 6.25985,
	17.1189 6.26406,
	17.1141 6.2683,
	"/>
</Transform>

<Transform dim="0"
 xcoef=" 0 1 0 0 0 0"
 ycoef=" 0 0 1 0 0 0">
<Contour name="d42cfa12" hidden="false" closed="false" simplified="true" border="0 0 1" fill="0 0 1" mode="11"
 points="18.5063 7.6042,
	18.4765 7.65078,
	18.4403 7.72164,
	18.3892 7.83069,
	18.3689 7.88753,
	"/>
</Transform>

<Transform dim="0"
 xcoef=" 0 1 0 0 0 0"
 ycoef=" 0 0 1 0 0 0">
<Contour name="d37cfa07b" hidden="false" closed="false" simplified="true" border="1 0 0" fill="1 0 0" mode="11"
 points="15.9555 5.98256,
	15.9646 6.00238,
	15.9714 6.01423,
	15.9762 6.03284,
	15.9777 6.05424,
	15.9636 6.0795,
	15.9618 6.10635,
	15.9715 6.12483,
	"/>
</Transform>

<Transform dim="0"
 xcoef=" 0 1 0 0 0 0"
 ycoef=" 0 0 1 0 0 0">
<Contour name="d37cfa07b" hidden="false" closed="false" simplified="true" border="1 0 0" fill="1 0 0" mode="11"
 points="15.8672 5.78808,
	15.865 5.83115,
	"/>
</Transform>

<Transform dim="0"
 xcoef=" 0 1 0 0 0 0"
 ycoef=" 0 0 1 0 0 0">
<Contour name="d55cfa09" hidden="false" closed="false" simplified="true" border="1 0 0" fill="1 0 0" mode="11"
 points="16.5119 9.34583,
	16.4938 9.33495,
	16.4751 9.3211,
	16.4574 9.31474,
	16.4204 9.31323,
	16.3929 9.31123,
	16.3772 9.30956,
	"/>
</Transform>

<Transform dim="0"
 xcoef=" 0 1 0 0 0 0"
 ycoef=" 0 0 1 0 0 0">
<Contour name="d55cfa09" hidden="false" closed="false" simplified="true" border="1 0 0" fill="1 0 0" mode="11"
 points="16.5119 9.34583,
	16.4938 9.33495,
	16.4751 9.3211,
	16.4574 9.31474,
	16.4204 9.31323,
	16.3929 9.31123,
	16.3772 9.30956,
	"/>
</Transform>

<Transform dim="0"
 xcoef=" 0 1 0 0 0 0"
 ycoef=" 0 0 1 0 0 0">
<Contour name="d39cfa10" hidden="false" closed="false" simplified="true" border="0 1 0" fill="1 0 0" mode="11"
 points="15.424 8.07817,
	15.3876 8.0811,
	15.3581 8.08718,
	15.3334 8.09065,
	15.3178 8.09047,
	15.3052 8.08674,
	15.2878 8.07806,
	15.2725 8.07028,
	15.2485 8.06093,
	15.2232 8.05841,
	15.1968 8.05526,
	15.1817 8.04806,
	"/>
</Transform>

<Transform dim="0"
 xcoef=" 0 1 0 0 0 0"
 ycoef=" 0 0 1 0 0 0">
<Contour name="d56cfa08" hidden="false" closed="false" simplified="true" border="0 1 0" fill="1 0 0" mode="11"
 points="14.3687 11.592,
	14.3593 11.6095,
	14.3588 11.6224,
	14.3621 11.6356,
	14.3751 11.6589,
	14.3903 11.6918,
	14.4144 11.7268,
	14.4303 11.7414,
	"/>
</Transform>

<Transform dim="0"
 xcoef=" 0 1 0 0 0 0"
 ycoef=" 0 0 1 0 0 0">
<Contour name="mito01" hidden="false" closed="false" simplified="true" border="1 0 0" fill="1 0 0" mode="9"
 points="15.7743 4.30136,
	15.7494 4.03779,
	"/>
</Transform>

<Transform dim="0"
 xcoef=" 0 1 0 0 0 0"
 ycoef=" 0 0 1 0 0 0">
<Contour name="mito02" hidden="false" closed="false" simplified="true" border="1 0 0" fill="1 0 0" mode="9"
 points="10.8196 3.55644,
	11.0797 3.55804,
	"/>
</Transform>

<Transform dim="1"
 xcoef=" 0.22 1 0 0 0 0"
 ycoef=" 0.22 0 1 0 0 0">
<Contour name="D58" hidden="false" closed="true" simplified="true" border="1 0 0" fill="1 0 0" mode="11"
 points="13.2631 12.8857,
	13.237 12.8812,
	13.2136 12.8682,
	13.1953 12.8479,
	13.1805 12.7946,
	13.1854 12.7666,
	13.198 12.7414,
	13.2173 12.7214,
	13.2413 12.7088,
	13.2675 12.7046,
	13.2935 12.7093,
	13.3169 12.7224,
	13.3351 12.7427,
	13.3465 12.7681,
	13.3501 12.7961,
	13.3453 12.824,
	13.3327 12.849,
	13.3135 12.8689,
	13.2894 12.8815,
	"/>
</Transform>

<Transform dim="0"
 xcoef=" 0 1 0 0 0 0"
 ycoef=" 0 0 1 0 0 0">
<Contour name="d60p11" hidden="false" closed="true" simplified="false" border="1 0 0" fill="1 0 0" mode="-13"
 points="18.6043 11.526,
	18.633 11.526,
	18.6186 11.5524,
	"/>
</Transform>

<Transform dim="1"
 xcoef=" 0.03 1 0 0 0 0"
 ycoef=" 0.04 0 1 0 0 0">
<Contour name="d60sp11" hidden="false" closed="true" simplified="true" border="1 0 0" fill="1 0 0" mode="11"
 points="18.6768 11.4916,
	18.6873 11.4909,
	18.69 11.4909,
	18.7111 11.4988,
	18.7137 11.4988,
	18.7163 11.5001,
	18.719 11.5001,
	18.7295 11.5034,
	18.7308 11.5048,
	18.7361 11.5067,
	18.7374 11.5067,
	18.7387 11.508,
	18.7401 11.5074,
	18.7427 11.508,
	18.744 11.5094,
	18.7493 11.51,
	18.7704 11.5173,
	18.7809 11.5199,
	18.8231 11.5193,
	18.8336 11.5173,
	18.8363 11.5173,
	18.8468 11.514,
	18.8481 11.514,
	18.8495 11.5127,
	18.86 11.5094,
	18.8626 11.5094,
	18.8837 11.5028,
	18.8943 11.5008,
	18.9365 11.5001,
	18.9417 11.5001,
	18.9523 11.5021,
	18.9628 11.5054,
	18.9655 11.5054,
	18.976 11.5087,
	18.978 11.51,
	18.9885 11.512,
	18.9938 11.514,
	19.0149 11.5186,
	19.0202 11.5199,
	19.0228 11.5199,
	19.0235 11.5212,
	19.0287 11.5219,
	19.0314 11.5232,
	19.034 11.5232,
	19.0353 11.5232,
	19.0406 11.5265,
	19.0419 11.5265,
	19.0446 11.5285,
	19.0498 11.5298,
	19.0511 11.5298,
	19.0538 11.5318,
	19.063 11.5357,
	19.0683 11.5397,
	19.0736 11.5417,
	19.0762 11.5443,
	19.0782 11.5456,
	19.0834 11.5502,
	19.0907 11.5608,
	19.0927 11.5634,
	19.096 11.574,
	19.0973 11.5792,
	19.0966 11.5898,
	19.0946 11.595,
	19.0913 11.5997,
	19.0867 11.6043,
	19.0848 11.6069,
	19.0801 11.6102,
	19.0788 11.6102,
	19.0742 11.6135,
	19.0716 11.6142,
	19.0703 11.6155,
	19.0597 11.6188,
	19.0492 11.6201,
	19.007 11.6201,
	18.9964 11.6201,
	18.9753 11.6168,
	18.9648 11.6148,
	18.9595 11.6142,
	18.9589 11.6128,
	18.9536 11.6122,
	18.9431 11.6089,
	18.9378 11.6076,
	18.9358 11.6063,
	18.9345 11.6063,
	18.9332 11.6049,
	18.9226 11.601,
	18.9173 11.5997,
	18.916 11.5997,
	18.9134 11.5977,
	18.9121 11.5977,
	18.9108 11.5964,
	18.9002 11.5924,
	18.8791 11.5805,
	18.8738 11.5779,
	18.8712 11.5766,
	18.8699 11.5766,
	18.8653 11.5733,
	18.8626 11.5726,
	18.86 11.5707,
	18.8495 11.5667,
	18.8442 11.5647,
	18.8416 11.5641,
	18.8402 11.5628,
	18.835 11.5608,
	18.8139 11.5608,
	18.7928 11.568,
	18.7822 11.5707,
	18.7611 11.5713,
	18.7559 11.5726,
	18.7532 11.5726,
	18.7506 11.574,
	18.7453 11.5792,
	18.7414 11.5838,
	18.7414 11.5852,
	18.7401 11.5865,
	18.7381 11.5911,
	18.7315 11.599,
	18.7302 11.599,
	18.7282 11.601,
	18.7269 11.6016,
	18.7256 11.601,
	18.7229 11.6016,
	18.7216 11.6036,
	18.719 11.6049,
	18.7183 11.5944,
	18.7196 11.5733,
	18.7196 11.5522,
	18.719 11.5469,
	18.719 11.5443,
	18.715 11.5338,
	18.715 11.5311,
	18.7137 11.5305,
	18.7117 11.5252,
	18.7117 11.5239,
	18.7031 11.5133,
	18.6999 11.51,
	18.6985 11.5074,
	18.6794 11.4935,
	18.6774 11.4922,
	"/>
</Transform>

<Transform dim="0"
 xcoef=" 0 1 0 0 0 0"
 ycoef=" 0 0 1 0 0 0">
<Contour name="d60sp13" hidden="false" closed="true" simplified="true" border="1 0 0" fill="1 0 0" mode="11"
 points="16.9655 11.4405,
	16.9674 11.4354,
	16.9674 11.4342,
	16.9687 11.4329,
	16.9699 11.4279,
	16.9756 11.4178,
	16.9781 11.4153,
	16.9806 11.4141,
	16.9819 11.4122,
	16.9844 11.4109,
	16.9863 11.4084,
	16.9913 11.4059,
	16.9925 11.4059,
	16.9951 11.4034,
	16.9976 11.4021,
	17.0001 11.3996,
	17.0026 11.3983,
	17.0045 11.3958,
	17.0057 11.3952,
	17.0076 11.3902,
	17.0076 11.3889,
	17.0089 11.3877,
	17.0114 11.3776,
	17.0127 11.3675,
	17.0133 11.3273,
	17.0139 11.3223,
	17.0152 11.321,
	17.0152 11.316,
	17.0164 11.3147,
	17.0164 11.3122,
	17.0196 11.3022,
	17.0208 11.2997,
	17.0208 11.2984,
	17.0221 11.2971,
	17.0221 11.2946,
	17.0233 11.2934,
	17.0233 11.2921,
	17.0246 11.2909,
	17.0252 11.2883,
	17.0321 11.2783,
	17.0328 11.2764,
	17.0409 11.267,
	17.0479 11.2588,
	17.056 11.2506,
	17.0598 11.2456,
	17.0743 11.2293,
	17.0761 11.2274,
	17.0862 11.2255,
	17.0963 11.2249,
	17.0988 11.2261,
	17.1038 11.2267,
	17.1139 11.233,
	17.1183 11.2362,
	17.1208 11.2381,
	17.122 11.2381,
	17.1227 11.2393,
	17.1239 11.2393,
	17.1277 11.2431,
	17.1302 11.2456,
	17.1327 11.2462,
	17.1421 11.2544,
	17.1447 11.2557,
	17.1465 11.2582,
	17.1491 11.2588,
	17.1528 11.2626,
	17.1553 11.2645,
	17.1585 11.2682,
	17.1629 11.2726,
	17.1648 11.2777,
	17.1673 11.2795,
	17.1673 11.2808,
	17.1704 11.2852,
	17.1717 11.2877,
	17.1729 11.289,
	17.1729 11.2915,
	17.1742 11.2927,
	17.1748 11.2978,
	17.1748 11.299,
	17.1767 11.3022,
	17.1799 11.3122,
	17.1836 11.3323,
	17.1843 11.3424,
	17.1861 11.3525,
	17.1899 11.3927,
	17.1905 11.4027,
	17.1905 11.4078,
	17.1931 11.4178,
	17.1931 11.4203,
	17.1943 11.4229,
	17.1943 11.4241,
	17.1956 11.4254,
	17.1968 11.4304,
	17.1993 11.4342,
	17.2037 11.4442,
	17.2069 11.4493,
	17.2069 11.4505,
	17.2088 11.4537,
	17.2094 11.4562,
	17.2094 11.4574,
	17.2107 11.4587,
	17.2107 11.4612,
	17.2119 11.4618,
	17.2125 11.4669,
	17.2144 11.4687,
	17.2144 11.4713,
	17.2157 11.4725,
	17.2169 11.4775,
	17.2182 11.4801,
	17.2182 11.4813,
	17.2195 11.4826,
	17.2207 11.4876,
	17.222 11.4901,
	17.222 11.4926,
	17.2232 11.4939,
	17.2245 11.4989,
	17.227 11.5039,
	17.2333 11.5234,
	17.2345 11.5285,
	17.2358 11.5297,
	17.2427 11.5492,
	17.2452 11.5536,
	17.2465 11.5561,
	17.249 11.5574,
	17.2503 11.5599,
	17.2515 11.5611,
	17.2515 11.5624,
	17.2534 11.5637,
	17.2565 11.5687,
	17.2584 11.5731,
	17.2591 11.5831,
	17.2591 11.5882,
	17.2547 11.5982,
	17.2509 11.6026,
	17.2496 11.6051,
	17.2484 11.6058,
	17.2477 11.6083,
	17.2396 11.6165,
	17.2371 11.6183,
	17.2339 11.6227,
	17.232 11.6246,
	17.2308 11.6253,
	17.2301 11.6278,
	17.2264 11.6322,
	17.2213 11.6366,
	17.2201 11.6391,
	17.2182 11.6403,
	17.21 11.6498,
	17.2056 11.6529,
	17.2025 11.6567,
	17.1981 11.6611,
	17.1899 11.668,
	17.1887 11.668,
	17.188 11.6693,
	17.1868 11.6693,
	17.1843 11.6711,
	17.1817 11.6718,
	17.1817 11.673,
	17.1767 11.6749,
	17.1755 11.6749,
	17.1742 11.6762,
	17.1641 11.6787,
	17.1541 11.6787,
	17.1516 11.6787,
	17.1503 11.6781,
	17.1101 11.6793,
	17.1 11.6787,
	17.0799 11.6718,
	17.0749 11.6705,
	17.0661 11.663,
	17.0617 11.6598,
	17.0554 11.6504,
	17.0541 11.6403,
	17.0541 11.6303,
	17.0573 11.6102,
	17.0579 11.5901,
	17.056 11.585,
	17.0548 11.5838,
	17.0548 11.5825,
	17.0504 11.5781,
	17.0504 11.5769,
	17.0347 11.5586,
	17.0189 11.5423,
	17.0164 11.5404,
	17.0158 11.5391,
	17.0145 11.5391,
	17.0057 11.531,
	17.0039 11.5297,
	17.0007 11.5253,
	16.9963 11.5203,
	16.9932 11.5165,
	16.9925 11.514,
	16.9888 11.5102,
	16.9831 11.5014,
	16.9762 11.4914,
	16.9743 11.4863,
	16.9749 11.4851,
	16.9737 11.4838,
	16.9737 11.4826,
	16.9705 11.4775,
	16.9674 11.4675,
	16.9655 11.4574,
	16.9655 11.4474,
	16.9655 11.4423,
	16.9655 11.4411,
	"/>
</Transform>

<Transform dim="1"
 xcoef=" -1.85 1 0 0 0 0"
 ycoef=" -0.35 0 1 0 0 0">
<Contour name="D18" hidden="false" closed="true" simplified="true" border="1 0 0" fill="1 0 0" mode="11"
 points="5.49684 6.06882,
	5.45887 6.06199,
	5.42514 6.04641,
	5.39893 6.02351,
	5.37819 5.96488,
	5.38568 5.93487,
	5.40456 5.9084,
	5.43299 5.88814,
	5.4682 5.87611,
	5.50671 5.87349,
	5.54469 5.88052,
	5.5784 5.89649,
	5.60458 5.91981,
	5.62073 5.94818,
	5.62529 5.9788,
	5.61782 6.00862,
	5.59897 6.03471,
	5.57055 6.05454,
	5.53534 6.06626,
	"/>
</Transform>

<Transform dim="0"
 xcoef=" 0 1 0 0 0 0"
 ycoef=" 0 0 1 0 0 0">
<Contour name="d56rh08" hidden="false" closed="true" simplified="false" border="0 0 1" fill="1 0 1" mode="11"
 points="14.5197 11.6945,
	14.5197 11.6905,
	14.5237 11.6866,
	14.5276 11.6866,
	14.5316 11.6905,
	14.5316 11.6945,
	14.5276 11.6984,
	14.5237 11.6984,
	"/>
<Contour name="d56rh08" hidden="false" closed="true" simplified="false" border="0 0 1" fill="1 0 1" mode="11"
 points="14.5128 11.6284,
	14.5128 11.6245,
	14.5168 11.6206,
	14.5207 11.6206,
	14.5247 11.6245,
	14.5247 11.6284,
	14.5207 11.6324,
	14.5168 11.6324,
	"/>
</Transform>

<Transform dim="0"
 xcoef=" 0 1 0 0 0 0"
 ycoef=" 0 0 1 0 0 0">
<Contour name="d56rh08" hidden="false" closed="true" simplified="false" border="0 0 1" fill="1 0 1" mode="11"
 points="14.5611 11.724,
	14.5611 11.7201,
	14.5651 11.7162,
	14.569 11.7162,
	14.573 11.7201,
	14.573 11.724,
	14.569 11.728,
	14.5651 11.728,
	"/>
</Transform>

<Transform dim="0"
 xcoef=" 0 1 0 0 0 0"
 ycoef=" 0 0 1 0 0 0">
<Image mag="0.002092" contrast="2.14167" brightness="-0.495" red="true" green="true" blue="true"
 src="052____z2.103.tif" />
<Contour name="domain1" hidden="false" closed="true" simplified="false" border="1 0 1" fill="1 0 1" mode="11"
 points="0 0,
	13944 0,
	13944 8150,
	0 8150,
	"/>
</Transform>

<Transform dim="1"
 xcoef=" 0 1 0 0 0 0"
 ycoef=" -0.02 0 1 0 0 0">
<Contour name="mito01_php2016" hidden="false" closed="false" simplified="true" border="1 0.5 0" fill="1 0.5 0" mode="11"
 points="15.3717 4.18057,
	15.4831 4.41904,
	"/>
</Transform>

<Transform dim="0"
 xcoef=" 0 1 0 0 0 0"
 ycoef=" 0 0 1 0 0 0">
<Contour name="mito02_php2016" hidden="false" closed="false" simplified="true" border="1 0.5 0" fill="1 0.5 0" mode="11"
 points="10.8178 3.73347,
	11.0795 3.74254,
	"/>
</Transform>

<Transform dim="0"
 xcoef=" 0 1 0 0 0 0"
 ycoef=" 0 0 1 0 0 0">
<Contour name="d05" comment="dch_traced_07.19" hidden="false" closed="true" simplified="true" border="1 1 0" fill="1 1 0" mode="11"
 points="4.74488 10.5962,
	4.75866 10.5332,
	4.76654 10.5017,
	4.77244 10.486,
	4.77638 10.4781,
	4.79213 10.4624,
	4.82363 10.4387,
	4.84923 10.4072,
	4.86301 10.3915,
	4.8827 10.36,
	4.90829 10.3285,
	4.93979 10.297,
	4.96933 10.2694,
	4.99886 10.2379,
	5.04611 10.1749,
	5.12683 10.0489,
	5.17212 9.98591,
	5.19377 9.95637,
	5.20952 9.94456,
	5.2174 9.93865,
	5.2489 9.93078,
	5.26465 9.93078,
	5.2804 9.93669,
	5.28631 9.94062,
	5.29222 9.95637,
	5.30206 9.97212,
	5.31781 9.98591,
	5.38081 10.0135,
	5.39656 10.0253,
	5.41034 10.041,
	5.42806 10.0725,
	5.43791 10.104,
	5.43988 10.1355,
	5.44972 10.167,
	5.45169 10.1749,
	5.47335 10.2064,
	5.48319 10.2222,
	5.49304 10.2537,
	5.50485 10.3167,
	5.50682 10.4427,
	5.50091 10.5057,
	5.49894 10.5214,
	5.4891 10.5529,
	5.47532 10.6159,
	5.47335 10.6789,
	5.47729 10.7104,
	5.51863 10.8364,
	5.55604 10.8994,
	5.56982 10.9309,
	5.56982 10.9624,
	5.56194 10.9939,
	5.54029 11.0254,
	5.52454 11.0392,
	5.46153 11.0806,
	5.432 11.1022,
	5.41625 11.1101,
	5.4005 11.1101,
	5.38475 11.1062,
	5.369 11.0924,
	5.36309 11.0766,
	5.36309 11.0609,
	5.369 11.0294,
	5.369 11.0215,
	5.35522 11.0117,
	5.29222 11.0097,
	5.22921 11.0274,
	5.19771 11.0294,
	5.13471 11.0215,
	5.10321 11.0136,
	5.07171 10.9999,
	5.05596 10.9939,
	5.02445 10.9939,
	5.0087 10.9939,
	5.00083 10.992,
	4.98508 10.9802,
	4.9713 10.9644,
	4.96342 10.9565,
	4.94176 10.925,
	4.92995 10.9093,
	4.9142 10.8935,
	4.89254 10.862,
	4.8571 10.799,
	4.83742 10.7695,
	4.81182 10.738,
	4.78426 10.7104,
	4.77638 10.7026,
	4.75866 10.6711,
	4.74685 10.6396,
	4.74488 10.6081,
	4.74488 10.6002,
	4.74488 10.5982,
	"/>
</Transform>

<Transform dim="0"
 xcoef=" 0 1 0 0 0 0"
 ycoef=" 0 0 1 0 0 0">
<Contour name="d30" comment="dch_traced_07.19" hidden="false" closed="true" simplified="true" border="1 1 0" fill="1 1 0" mode="11"
 points="11.9115 4.22942,
	11.9161 4.20496,
	11.9191 4.19273,
	11.9314 4.16826,
	11.9543 4.14532,
	11.9665 4.13462,
	12.0644 4.07346,
	12.1133 4.04441,
	12.1195 4.03982,
	12.1439 4.03064,
	12.1928 4.01994,
	12.2173 4.01535,
	12.2418 4.01382,
	12.2662 4.01535,
	12.2907 4.01994,
	12.3029 4.023,
	12.3274 4.0337,
	12.3519 4.04899,
	12.3641 4.05664,
	12.3702 4.0597,
	12.4192 4.10404,
	12.4436 4.11933,
	12.4559 4.12698,
	12.4803 4.13462,
	12.5048 4.13921,
	12.517 4.1438,
	12.5201 4.1438,
	12.5262 4.14838,
	12.5323 4.14991,
	12.5568 4.16673,
	12.569 4.17132,
	12.6179 4.20343,
	12.6424 4.22025,
	12.6546 4.22484,
	12.6791 4.2386,
	12.728 4.27224,
	12.7403 4.28141,
	12.8381 4.33493,
	12.8626 4.34105,
	12.8871 4.35175,
	12.9115 4.36704,
	12.9222 4.37927,
	12.9467 4.4282,
	12.9635 4.45267,
	12.9711 4.4649,
	12.9742 4.48937,
	12.9711 4.51383,
	12.9635 4.5383,
	12.9574 4.55053,
	12.9375 4.57499,
	12.9268 4.58723,
	12.8779 4.6224,
	12.8534 4.64227,
	12.8121 4.6912,
	12.7892 4.71567,
	12.7403 4.7539,
	12.728 4.7646,
	12.7112 4.78907,
	12.702 4.8013,
	12.6776 4.85023,
	12.6653 4.87469,
	12.6592 4.89916,
	12.6562 4.92362,
	12.6562 4.97255,
	12.6562 4.99702,
	12.6485 5.04595,
	12.6439 5.07042,
	12.6348 5.09488,
	12.624 5.10711,
	12.6179 5.11323,
	12.6057 5.11935,
	12.5812 5.11935,
	12.5323 5.10405,
	12.5078 5.09335,
	12.4834 5.07653,
	12.4344 5.05054,
	12.41 5.0383,
	12.361 5.00619,
	12.3366 4.9909,
	12.3335 4.9909,
	12.3274 4.98479,
	12.3152 4.97714,
	12.2662 4.93433,
	12.2219 4.8854,
	12.202 4.86093,
	12.1898 4.83647,
	12.1821 4.812,
	12.1745 4.76307,
	12.1699 4.73861,
	12.147 4.68968,
	12.1332 4.66521,
	12.1164 4.64074,
	12.0721 4.59181,
	12.0247 4.54441,
	12.0124 4.53677,
	11.988 4.51536,
	11.9665 4.4909,
	11.9513 4.46643,
	11.9467 4.46031,
	11.9283 4.41138,
	11.9207 4.36245,
	11.9161 4.31352,
	11.913 4.28906,
	11.9115 4.24013,
	11.9115 4.23401,
	11.9115 4.23095,
	"/>
</Transform>

<Transform dim="0"
 xcoef=" 0 1 0 0 0 0"
 ycoef=" 0 0 1 0 0 0">
<Contour name="d39" comment="dch_traced_07.19" hidden="false" closed="true" simplified="true" border="1 1 0" fill="1 1 0" mode="11"
 points="15.9469 7.16011,
	15.9598 7.13067,
	15.9782 7.10123,
	15.9911 7.08651,
	16.0205 7.06258,
	16.0463 7.03314,
	16.0666 7.0037,
	16.0978 6.94481,
	16.1052 6.93009,
	16.1162 6.91537,
	16.1199 6.90801,
	16.1438 6.87857,
	16.1641 6.84912,
	16.1751 6.8344,
	16.1898 6.8252,
	16.2193 6.816,
	16.2782 6.8068,
	16.2929 6.80312,
	16.3223 6.80312,
	16.3518 6.80864,
	16.3812 6.83256,
	16.4107 6.85281,
	16.4401 6.86937,
	16.4696 6.89329,
	16.5248 6.95217,
	16.5524 6.98162,
	16.6002 7.0405,
	16.6388 7.09939,
	16.6646 7.15827,
	16.6977 7.21716,
	16.7364 7.27604,
	16.7585 7.30549,
	16.7769 7.33493,
	16.7842 7.34965,
	16.8081 7.37909,
	16.8357 7.4067,
	16.8652 7.42878,
	16.8725 7.43246,
	16.8873 7.44718,
	16.9075 7.47662,
	16.9167 7.49135,
	16.9241 7.52079,
	16.9259 7.55023,
	16.9204 7.60912,
	16.913 7.63856,
	16.8854 7.69744,
	16.8321 7.75449,
	16.7732 7.80786,
	16.7585 7.82258,
	16.7437 7.83362,
	16.729 7.84098,
	16.6701 7.85018,
	16.6112 7.85018,
	16.5818 7.8465,
	16.5744 7.84466,
	16.545 7.82258,
	16.5376 7.81706,
	16.5303 7.81522,
	16.5266 7.81338,
	16.5119 7.82074,
	16.5045 7.82442,
	16.5008 7.8281,
	16.4972 7.85754,
	16.4898 7.8649,
	16.4861 7.86858,
	16.4272 7.87042,
	16.3978 7.86858,
	16.3831 7.87226,
	16.3536 7.87226,
	16.3242 7.87778,
	16.2947 7.87778,
	16.2358 7.86858,
	16.2211 7.8649,
	16.2064 7.85754,
	16.2027 7.85386,
	16.199 7.85386,
	16.1402 7.80233,
	16.0813 7.75633,
	16.0574 7.72689,
	16.0482 7.71217,
	16.0371 7.68272,
	16.0187 7.56495,
	16.0132 7.44718,
	16.0021 7.3883,
	15.9874 7.32941,
	15.9745 7.29997,
	15.969 7.28525,
	15.9653 7.27789,
	15.9617 7.2742,
	15.9617 7.27052,
	15.9561 7.26316,
	15.9488 7.23372,
	15.9469 7.20428,
	15.9488 7.17484,
	15.9469 7.16195,
	"/>
</Transform>

</Section>