<?xml version="1.0"?>
<!DOCTYPE Section SYSTEM "section.dtd">

<Section index="142" thickness="0.043" alignLocked="true">
<Transform dim="0"
 xcoef=" 0 1 0 0 0 0"
 ycoef=" 0 0 1 0 0 0">
<Image mag="0.002092" contrast="1.35997" brightness="-0.225" red="true" green="true" blue="true"
 src="143____z5.856.tif" />
<Contour name="domain1" hidden="false" closed="true" simplified="false" border="1 0 1" fill="1 0 1" mode="11"
 points="0 0,
	13944 0,
	13944 8150,
	0 8150,
	"/>
</Transform>

<Transform dim="0"
 xcoef=" 0 1 0 0 0 0"
 ycoef=" 0 0 1 0 0 0">
<Contour name="D49" hidden="false" closed="true" simplified="true" border="0 1 0" fill="0 1 0" mode="11"
 points="17.9605 9.2373,
	17.9421 9.23462,
	17.9256 9.22698,
	17.9125 9.21493,
	17.9011 9.18289,
	17.9039 9.16599,
	17.9123 9.15071,
	17.9254 9.13855,
	17.9419 9.13071,
	17.9602 9.12798,
	17.9785 9.1306,
	17.9951 9.13834,
	18.0082 9.15042,
	18.0167 9.16565,
	18.0197 9.18253,
	18.0168 9.19942,
	18.0083 9.21466,
	17.9952 9.22678,
	17.9787 9.23452,
	"/>
</Transform>

<Transform dim="0"
 xcoef=" 0 1 0 0 0 0"
 ycoef=" 0 0 1 0 0 0">
<Contour name="D26" hidden="false" closed="true" simplified="true" border="0 0 1" fill="0 0 1" mode="11"
 points="11.3325 3.9914,
	11.2998 3.9882,
	11.2702 3.97759,
	11.2468 3.96058,
	11.2264 3.91451,
	11.2315 3.88998,
	11.2465 3.86767,
	11.2698 3.84975,
	11.2993 3.838,
	11.3321 3.83353,
	11.3649 3.83678,
	11.3945 3.8474,
	11.418 3.86439,
	11.4331 3.88608,
	11.4384 3.91035,
	11.4332 3.93483,
	11.4182 3.95712,
	11.3948 3.97505,
	11.3653 3.98686,
	"/>
</Transform>

<Transform dim="0"
 xcoef=" 0 1 0 0 0 0"
 ycoef=" 0 0 1 0 0 0">
<Contour name="D50" hidden="false" closed="true" simplified="true" border="0 1 1" fill="0 1 1" mode="11"
 points="19.3088 10.0354,
	19.2902 10.0312,
	19.2736 10.0197,
	19.2609 10.0019,
	19.2514 9.955,
	19.2555 9.93047,
	19.2652 9.9084,
	19.2795 9.89104,
	19.2972 9.87999,
	19.3163 9.87651,
	19.3352 9.88074,
	19.3517 9.89244,
	19.3645 9.91028,
	19.3721 9.9326,
	19.3739 9.95715,
	19.3697 9.98158,
	19.36 10.0035,
	19.3456 10.0208,
	19.328 10.0318,
	"/>
</Transform>

<Transform dim="0"
 xcoef=" 0 1 0 0 0 0"
 ycoef=" 0 0 1 0 0 0">
<Contour name="D21" hidden="false" closed="true" simplified="true" border="1 0 0" fill="1 0 0" mode="11"
 points="11.4973 8.34797,
	11.4605 8.34362,
	11.4273 8.32524,
	11.4012 8.29456,
	11.3788 8.20991,
	11.3847 8.16487,
	11.4014 8.12426,
	11.4273 8.09194,
	11.4601 8.07082,
	11.4967 8.06264,
	11.5334 8.06798,
	11.5669 8.08619,
	11.5937 8.11556,
	11.6109 8.1534,
	11.6169 8.1963,
	11.6109 8.2403,
	11.5939 8.28119,
	11.5673 8.31492,
	11.534 8.33801,
	"/>
</Transform>

<Transform dim="0"
 xcoef=" 0 1 0 0 0 0"
 ycoef=" 0 0 1 0 0 0">
<Contour name="D05" hidden="false" closed="true" simplified="true" border="1 1 0" fill="1 1 0" mode="11"
 points="5.46901 10.3671,
	5.43948 10.3611,
	5.41324 10.346,
	5.3929 10.3229,
	5.37719 10.2628,
	5.38335 10.2316,
	5.39833 10.2038,
	5.4206 10.1822,
	5.44797 10.1688,
	5.47775 10.165,
	5.50706 10.1711,
	5.53307 10.1865,
	5.55325 10.2096,
	5.56565 10.2382,
	5.56906 10.2696,
	5.56313 10.3005,
	5.54841 10.328,
	5.5263 10.3496,
	5.49894 10.363,
	"/>
</Transform>

<Transform dim="0"
 xcoef=" 0 1 0 0 0 0"
 ycoef=" 0 0 1 0 0 0">
<Contour name="D42" hidden="false" closed="true" simplified="true" border="0 0 1" fill="0 0 1" mode="11"
 points="18.5696 6.46182,
	18.5425 6.45722,
	18.5182 6.44422,
	18.499 6.42409,
	18.4829 6.37073,
	18.4875 6.34274,
	18.5003 6.31756,
	18.5199 6.29768,
	18.5446 6.28508,
	18.5719 6.28098,
	18.5991 6.28577,
	18.6235 6.29895,
	18.6429 6.31921,
	18.6551 6.34454,
	18.6589 6.37246,
	18.6543 6.40025,
	18.6414 6.42524,
	18.6215 6.44499,
	18.5968 6.4576,
	"/>
</Transform>

<Transform dim="0"
 xcoef=" 0 1 0 0 0 0"
 ycoef=" 0 0 1 0 0 0">
<Contour name="D55" hidden="false" closed="true" simplified="true" border="1 1 0" fill="1 1 0" mode="11"
 points="18.1289 10.5158,
	18.1109 10.5118,
	18.0944 10.5012,
	18.0811 10.4853,
	18.0689 10.4436,
	18.0711 10.4221,
	18.0789 10.403,
	18.0913 10.388,
	18.1071 10.3786,
	18.1247 10.3759,
	18.1424 10.3799,
	18.1583 10.3904,
	18.1713 10.4064,
	18.1799 10.4261,
	18.1835 10.4478,
	18.1814 10.4694,
	18.1741 10.4886,
	18.1621 10.5037,
	18.1466 10.5131,
	"/>
</Transform>

<Transform dim="0"
 xcoef=" 0 1 0 0 0 0"
 ycoef=" 0 0 1 0 0 0">
<Contour name="D56" hidden="false" closed="true" simplified="true" border="0 0 1" fill="0 0 1" mode="11"
 points="16.7027 12.3449,
	16.6839 12.3407,
	16.6668 12.3274,
	16.6536 12.3061,
	16.6426 12.249,
	16.6462 12.2188,
	16.6559 12.1916,
	16.6702 12.1701,
	16.6883 12.156,
	16.7078 12.1507,
	16.7271 12.1549,
	16.744 12.168,
	16.7573 12.1886,
	16.7651 12.2151,
	16.7671 12.2448,
	16.763 12.2748,
	16.7534 12.3022,
	16.7391 12.3244,
	16.7217 12.3391,
	"/>
</Transform>

<Transform dim="0"
 xcoef=" 0 1 0 0 0 0"
 ycoef=" 0 0 1 0 0 0">
<Contour name="d50_DELETE" hidden="false" closed="true" simplified="true" border="0 0 0" fill="0 0 0" mode="11"
 points="19.0969 10.3263,
	19.0465 10.2897,
	19.0109 10.2581,
	18.9748 10.2366,
	18.9058 10.1685,
	18.859 10.0857,
	18.8496 10.065,
	18.8494 10.024,
	18.8493 10.0034,
	18.8493 9.99824,
	18.8503 9.99246,
	18.9032 10.0748,
	18.9271 10.1058,
	18.9308 10.1141,
	18.9764 10.1782,
	19.0248 10.2406,
	19.0513 10.2718,
	19.0602 10.2863,
	19.0725 10.301,
	"/>
</Transform>

<Transform dim="0"
 xcoef=" 0 1 0 0 0 0"
 ycoef=" 0 0 1 0 0 0">
<Contour name="d50_DELETE" hidden="false" closed="true" simplified="true" border="0 0 0" fill="0 0 0" mode="11"
 points="19.0748 10.1722,
	19.061 10.1719,
	19.047 10.1634,
	19.0207 10.1404,
	19.0083 10.1279,
	19.0012 10.1196,
	18.9958 10.1031,
	18.9904 10.0948,
	18.985 10.0621,
	18.9832 9.9965,
	18.9831 9.98006,
	18.9831 9.97802,
	18.9848 9.96982,
	18.9885 9.96572,
	18.9885 9.96165,
	18.9993 9.94533,
	19.0119 9.93319,
	19.0192 9.93125,
	19.0336 9.91903,
	19.0409 9.91505,
	19.0444 9.9151,
	19.0589 9.90499,
	19.0734 9.89897,
	19.1021 9.90147,
	19.1164 9.9059,
	19.1268 9.92258,
	19.1385 9.95593,
	19.1526 10.0222,
	19.1519 10.0551,
	19.1424 10.0877,
	19.1266 10.1202,
	19.1248 10.1283,
	19.1161 10.1445,
	19.1022 10.1606,
	19.0886 10.1685,
	"/>
</Transform>

<Transform dim="0"
 xcoef=" 0 1 0 0 0 0"
 ycoef=" 0 0 1 0 0 0">
<Contour name="d50_DELETE" hidden="false" closed="true" simplified="true" border="0 0 0" fill="0 0 0" mode="11"
 points="18.8503 9.99246,
	18.8194 9.94462,
	18.8119 9.92817,
	18.8043 9.89723,
	18.8042 9.89519,
	18.8056 9.82941,
	18.8125 9.79653,
	18.8161 9.78833,
	18.8161 9.78419,
	18.8339 9.75345,
	18.8447 9.73704,
	18.872 9.71667,
	18.9011 9.69009,
	18.9157 9.67576,
	18.923 9.66757,
	18.9506 9.6472,
	18.9531 9.64558,
	18.9384 9.66775,
	18.8977 9.75053,
	18.8758 9.83343,
	"/>
</Transform>

<Transform dim="0"
 xcoef=" 0 1 0 0 0 0"
 ycoef=" 0 0 1 0 0 0">
<Contour name="d50_DELETE" hidden="false" closed="true" simplified="true" border="0 0 0" fill="0 0 0" mode="11"
 points="19.5865 10.5675,
	19.5566 10.5653,
	19.5264 10.5547,
	19.5111 10.5485,
	19.4841 10.5278,
	19.4535 10.507,
	19.4384 10.4988,
	19.4346 10.4988,
	19.427 10.4925,
	19.3672 10.4674,
	19.3375 10.4549,
	19.3084 10.4464,
	19.2791 10.4339,
	19.2647 10.4295,
	19.2357 10.4087,
	19.2284 10.4024,
	19.2247 10.3983,
	19.1685 10.3748,
	19.1547 10.3704,
	19.1267 10.3514,
	19.0988 10.3283,
	19.0969 10.3263,
	19.1124 10.3376,
	19.1166 10.3325,
	19.7051 9.88153,
	19.7008 9.87119,
	19.6967 9.8505,
	19.6801 9.76766,
	19.6354 9.68449,
	19.6173 9.66358,
	19.5859 9.63211,
	19.5636 9.60071,
	19.5457 9.58487,
	19.5176 9.56404,
	19.5457 9.55668,
	19.5889 9.55752,
	19.6032 9.56186,
	19.6608 9.59131,
	19.688 9.61412,
	19.7116 9.64505,
	19.7299 9.67799,
	19.7354 9.68623,
	19.7461 9.71912,
	19.7516 9.73557,
	19.7561 9.80129,
	19.7564 9.86699,
	19.7517 9.89981,
	19.7508 9.93261,
	19.7592 9.96526,
	19.7608 9.97344,
	19.7661 9.9816,
	19.7829 10.0467,
	19.7914 10.0792,
	19.7993 10.1442,
	19.8028 10.1522,
	19.8132 10.2172,
	19.8276 10.2821,
	19.8333 10.3147,
	19.8335 10.3311,
	19.8336 10.3392,
	19.8195 10.3538,
	19.8051 10.3622,
	19.7907 10.3664,
	19.7834 10.3706,
	19.7797 10.3707,
	19.7868 10.4362,
	19.786 10.4691,
	19.7735 10.4837,
	19.7443 10.4981,
	19.7148 10.5063,
	19.6854 10.5207,
	19.6707 10.5289,
	19.6634 10.5329,
	19.6599 10.537,
	19.6451 10.5431,
	19.6161 10.5615,
	"/>
</Transform>

<Transform dim="0"
 xcoef=" 0 1 0 0 0 0"
 ycoef=" 0 0 1 0 0 0">
<Contour name="d50_DELETE" hidden="false" closed="true" simplified="true" border="0 0 0" fill="0 0 0" mode="11"
 points="18.9531 9.64558,
	18.9938 9.58537,
	19.0315 9.54962,
	19.0693 9.52942,
	19.0883 9.52451,
	19.0978 9.51431,
	19.1738 9.4999,
	19.2497 9.49591,
	19.3254 9.50243,
	19.4001 9.5195,
	19.4735 9.54708,
	19.5098 9.55827,
	19.5176 9.56404,
	19.5168 9.56424,
	19.5022 9.57212,
	19.4436 9.58919,
	19.4141 9.59464,
	19.3845 9.59601,
	19.2653 9.59154,
	19.2354 9.58282,
	19.1773 9.55115,
	19.1622 9.54684,
	19.1471 9.54663,
	19.1171 9.55649,
	19.1132 9.56055,
	19.1057 9.56251,
	19.0905 9.56847,
	19.0756 9.57034,
	19.0455 9.58437,
	19.038 9.59045,
	19.0081 9.60453,
	18.9932 9.61672,
	18.9636 9.63908,
	"/>
</Transform>

<Transform dim="0"
 xcoef=" 0 1 0 0 0 0"
 ycoef=" 0 0 1 0 0 0">
<Contour name="d42sp22" hidden="false" closed="true" simplified="true" border="1 0 0" fill="1 0 0" mode="11"
 points="17.7224 5.85718,
	17.7188 5.85353,
	17.7044 5.84991,
	17.6972 5.84992,
	17.6684 5.83716,
	17.6142 5.79881,
	17.6015 5.78968,
	17.5979 5.78602,
	17.5943 5.78603,
	17.5799 5.7769,
	17.5601 5.75498,
	17.5402 5.72757,
	17.5402 5.72392,
	17.5366 5.7221,
	17.5258 5.69284,
	17.5203 5.67823,
	17.5186 5.67091,
	17.515 5.66726,
	17.5131 5.65263,
	17.5078 5.63984,
	17.506 5.61054,
	17.506 5.5959,
	17.506 5.59406,
	17.506 5.59223,
	17.5132 5.58488,
	17.5205 5.58119,
	17.5421 5.5811,
	17.5493 5.58473,
	17.553 5.58472,
	17.5674 5.59566,
	17.5944 5.60839,
	17.6088 5.61016,
	17.6233 5.61561,
	17.6377 5.62473,
	17.6503 5.63752,
	17.6683 5.66496,
	17.6827 5.67958,
	17.7042 5.69967,
	17.7295 5.72524,
	17.733 5.73072,
	17.7583 5.7526,
	17.7817 5.77998,
	17.7907 5.79276,
	17.7979 5.82205,
	17.7979 5.83671,
	17.7962 5.84406,
	17.7836 5.85328,
	17.7692 5.85702,
	"/>
</Transform>

<Transform dim="0"
 xcoef=" 0 1 0 0 0 0"
 ycoef=" 0 0 1 0 0 0">
<Contour name="d50sp15" hidden="false" closed="true" simplified="true" border="1 0 0" fill="1 0 0" mode="11"
 points="18.9962 9.10737,
	18.9845 9.10636,
	18.9788 9.10465,
	18.9682 9.09567,
	18.948 9.07213,
	18.9459 9.06889,
	18.9438 9.06726,
	18.9349 9.05428,
	18.9349 9.05269,
	18.9335 9.05106,
	18.9336 9.04945,
	18.9294 9.04298,
	18.9269 9.03652,
	18.9269 9.03492,
	18.9256 9.03328,
	18.9231 9.02042,
	18.9228 8.99477,
	18.9228 8.99396,
	18.9262 8.98119,
	18.9352 8.95572,
	18.9376 8.94936,
	18.9391 8.94778,
	18.9415 8.94142,
	18.943 8.93985,
	18.9472 8.92712,
	18.9502 8.92077,
	18.9536 8.90802,
	18.9546 8.90483,
	18.9568 8.90167,
	18.9577 8.89849,
	18.9622 8.89218,
	18.9682 8.88593,
	18.9799 8.88224,
	18.9858 8.87999,
	18.9918 8.87615,
	18.9946 8.87542,
	19 8.86917,
	19.0059 8.86453,
	19.0176 8.86085,
	19.0291 8.86199,
	19.0406 8.86551,
	19.0464 8.86968,
	19.0577 8.87399,
	19.0607 8.87408,
	19.062 8.87571,
	19.0649 8.8766,
	19.0705 8.88154,
	19.0711 8.88476,
	19.0746 8.89125,
	19.0766 8.89449,
	19.0812 8.90739,
	19.0845 8.92025,
	19.0858 8.94581,
	19.0834 8.99677,
	19.0814 9.00946,
	19.0813 9.01265,
	19.0764 9.02528,
	19.0695 9.03708,
	19.0664 9.0426,
	19.0466 9.06608,
	19.0351 9.07859,
	19.0306 9.0833,
	19.02 9.09504,
	19.008 9.10519,
	"/>
</Transform>

<Transform dim="0"
 xcoef=" 0 1 0 0 0 0"
 ycoef=" 0 0 1 0 0 0">
<Contour name="d50sp16" hidden="false" closed="true" simplified="true" border="1 0 0" fill="1 0 0" mode="11"
 points="19.0846 8.8584,
	19.0693 8.8569,
	19.0541 8.85009,
	19.0241 8.83008,
	19.0165 8.82561,
	19.0013 8.81984,
	18.986 8.81725,
	18.9782 8.81597,
	18.963 8.8102,
	18.9554 8.80574,
	18.9479 8.79701,
	18.9415 8.77981,
	18.9332 8.76364,
	18.9193 8.7293,
	18.8975 8.6959,
	18.8917 8.68729,
	18.888 8.67875,
	18.886 8.67449,
	18.8861 8.67237,
	18.8842 8.67022,
	18.8778 8.63628,
	18.8751 8.61936,
	18.8742 8.61091,
	18.8743 8.6067,
	18.8743 8.60565,
	18.8743 8.6046,
	18.8774 8.58783,
	18.8789 8.55421,
	18.8801 8.53744,
	18.8831 8.52911,
	18.8851 8.52495,
	18.8931 8.5178,
	18.901 8.51378,
	18.9325 8.50408,
	18.9638 8.49971,
	18.9949 8.49749,
	19.0257 8.50056,
	19.0563 8.50158,
	19.117 8.5067,
	19.132 8.50926,
	19.147 8.51495,
	19.1544 8.51726,
	19.1694 8.52503,
	19.1981 8.55204,
	19.212 8.56604,
	19.227 8.57796,
	19.2307 8.58014,
	19.2345 8.58443,
	19.2371 8.60133,
	19.2368 8.61818,
	19.2358 8.62658,
	19.2309 8.64334,
	19.228 8.64749,
	19.2231 8.66426,
	19.2211 8.66843,
	19.2192 8.6705,
	19.2144 8.68727,
	19.2123 8.69568,
	19.2104 8.69986,
	19.2082 8.7167,
	19.2079 8.75054,
	19.2058 8.76741,
	19.2048 8.77584,
	19.1988 8.79263,
	19.19 8.80934,
	19.188 8.81353,
	19.1841 8.81767,
	19.1792 8.82601,
	19.1723 8.83325,
	19.1694 8.8374,
	19.1539 8.84652,
	19.1461 8.85056,
	19.1307 8.85544,
	19.1 8.85777,
	"/>
</Transform>

<Transform dim="0"
 xcoef=" 0 1 0 0 0 0"
 ycoef=" 0 0 1 0 0 0">
<Contour name="d39sp30" hidden="false" closed="true" simplified="true" border="1 0 0" fill="1 0 0" mode="11"
 points="17.3858 6.20785,
	17.3835 6.20671,
	17.3835 6.20555,
	17.3868 6.20089,
	17.3868 6.19859,
	17.3924 6.18928,
	17.3924 6.18697,
	17.3946 6.18464,
	17.3968 6.17538,
	17.4013 6.16609,
	17.4124 6.12904,
	17.4147 6.1244,
	17.4146 6.11978,
	17.4425 6.04571,
	17.4558 6.00871,
	17.4615 5.99022,
	17.4648 5.98098,
	17.4647 5.97867,
	17.467 5.97635,
	17.4726 5.95787,
	17.4771 5.94862,
	17.4826 5.93014,
	17.4838 5.92553,
	17.4893 5.91628,
	17.4972 5.90819,
	17.4995 5.90587,
	17.504 5.9047,
	17.5062 5.9024,
	17.5335 5.90231,
	17.5426 5.90689,
	17.5471 5.90919,
	17.5596 5.92759,
	17.5665 5.94601,
	17.5688 5.95062,
	17.5688 5.95524,
	17.5711 5.95984,
	17.5817 6.0336,
	17.5851 6.04282,
	17.592 6.07971,
	17.5943 6.08432,
	17.6012 6.1212,
	17.6023 6.12582,
	17.6046 6.12812,
	17.6058 6.13735,
	17.6115 6.15579,
	17.6172 6.165,
	17.6195 6.1696,
	17.6195 6.17191,
	17.6149 6.17307,
	17.5425 6.16753,
	17.5064 6.1677,
	17.4974 6.16889,
	17.4929 6.16891,
	17.4884 6.17125,
	17.4522 6.17495,
	17.4342 6.18085,
	17.4162 6.18908,
	17.3981 6.19963,
	17.3903 6.20549,
	"/>
</Transform>

<Transform dim="0"
 xcoef=" 0 1 0 0 0 0"
 ycoef=" 0 0 1 0 0 0">
<Contour name="d56sp24" hidden="false" closed="true" simplified="true" border="1 0 0" fill="1 0 0" mode="11"
 points="17.1198 12.8212,
	17.1154 12.8193,
	17.1106 12.8159,
	17.1088 12.8138,
	17.1074 12.8138,
	17.1062 12.8124,
	17.1013 12.8106,
	17.091 12.8106,
	17.086 12.8095,
	17.0758 12.8103,
	17.0657 12.8096,
	17.0558 12.8069,
	17.0545 12.807,
	17.0504 12.8029,
	17.0487 12.8001,
	17.0472 12.7944,
	17.0474 12.7914,
	17.0475 12.7908,
	17.0475 12.79,
	17.0504 12.7838,
	17.0552 12.7783,
	17.0599 12.7742,
	17.0606 12.7728,
	17.0619 12.7726,
	17.0666 12.7678,
	17.0694 12.7646,
	17.0793 12.7566,
	17.0895 12.7463,
	17.0984 12.7378,
	17.0998 12.7356,
	17.1099 12.7277,
	17.1112 12.7262,
	17.1125 12.7261,
	17.1213 12.7184,
	17.1266 12.7159,
	17.1293 12.7136,
	17.1345 12.7112,
	17.1359 12.7098,
	17.1372 12.7097,
	17.1386 12.7082,
	17.149 12.7056,
	17.1594 12.7045,
	17.1696 12.7049,
	17.1747 12.7055,
	17.1847 12.7103,
	17.189 12.7131,
	17.1926 12.7173,
	17.2024 12.7273,
	17.2059 12.7324,
	17.215 12.7431,
	17.2228 12.7532,
	17.224 12.7554,
	17.2264 12.7582,
	17.2275 12.7611,
	17.2287 12.7626,
	17.2304 12.7683,
	17.2303 12.7698,
	17.2315 12.7713,
	17.2321 12.7828,
	17.2299 12.7887,
	17.2263 12.7938,
	17.2156 12.7997,
	17.2101 12.8035,
	17.2053 12.8087,
	17.2006 12.8125,
	17.1899 12.8164,
	17.1692 12.8162,
	17.1588 12.8158,
	17.138 12.8188,
	17.1276 12.82,
	17.1224 12.8203,
	"/>
</Transform>

<Transform dim="0"
 xcoef=" 0 1 0 0 0 0"
 ycoef=" 0 0 1 0 0 0">
<Contour name="d37sp21" hidden="false" closed="true" simplified="true" border="1 0 0" fill="1 0 0" mode="11"
 points="14.5412 2.58563,
	14.5376 2.58288,
	14.5357 2.57918,
	14.532 2.57644,
	14.5229 2.56256,
	14.5083 2.54974,
	14.5046 2.54605,
	14.4973 2.5434,
	14.4899 2.53887,
	14.4863 2.53801,
	14.4845 2.53618,
	14.4826 2.53621,
	14.4817 2.53435,
	14.4672 2.52998,
	14.4635 2.52818,
	14.4617 2.52822,
	14.4608 2.52637,
	14.459 2.52641,
	14.4516 2.52187,
	14.4481 2.52102,
	14.4187 2.50382,
	14.4151 2.50202,
	14.4078 2.49467,
	14.4051 2.49098,
	14.4041 2.48442,
	14.4041 2.48348,
	14.4158 2.46912,
	14.4304 2.45752,
	14.4377 2.45173,
	14.4523 2.44671,
	14.4668 2.44452,
	14.4741 2.44436,
	14.4777 2.44616,
	14.507 2.45211,
	14.5216 2.45648,
	14.5288 2.45727,
	14.5324 2.45907,
	14.5617 2.46314,
	14.5764 2.4647,
	14.5836 2.46549,
	14.5873 2.46636,
	14.589 2.46632,
	14.5908 2.46815,
	14.5982 2.46988,
	14.6018 2.47262,
	14.6037 2.47258,
	14.6174 2.48731,
	14.6248 2.50122,
	14.6276 2.50866,
	14.6203 2.50976,
	14.6056 2.50914,
	14.5983 2.50929,
	14.5838 2.51428,
	14.5702 2.52397,
	14.5629 2.5307,
	14.5584 2.5383,
	14.5565 2.54023,
	14.5458 2.5705,
	"/>
</Transform>

<Transform dim="0"
 xcoef=" 0 1 0 0 0 0"
 ycoef=" 0 0 1 0 0 0">
<Contour name="d26sp20" hidden="false" closed="true" simplified="true" border="1 0 0" fill="1 0 0" mode="11"
 points="11.909 3.81146,
	11.9023 3.81075,
	11.9006 3.80905,
	11.8956 3.80918,
	11.8939 3.80747,
	11.8805 3.80431,
	11.8738 3.8001,
	11.8704 3.79845,
	11.8637 3.7916,
	11.8553 3.78043,
	11.8528 3.77699,
	11.8527 3.77523,
	11.851 3.77353,
	11.8493 3.76656,
	11.8477 3.76485,
	11.8442 3.75093,
	11.8415 3.69499,
	11.8414 3.69148,
	11.8414 3.69061,
	11.8414 3.68973,
	11.8487 3.63362,
	11.8536 3.60554,
	11.8561 3.59851,
	11.8561 3.59501,
	11.8602 3.58094,
	11.861 3.57742,
	11.861 3.57568,
	11.8627 3.57477,
	11.8643 3.56775,
	11.8643 3.566,
	11.866 3.56422,
	11.866 3.56073,
	11.8676 3.55894,
	11.8676 3.55544,
	11.8693 3.55367,
	11.8701 3.54667,
	11.8801 3.5185,
	11.8834 3.51144,
	11.8834 3.5097,
	11.8858 3.50615,
	11.8866 3.50264,
	11.8883 3.50086,
	11.8908 3.49382,
	11.8925 3.49028,
	11.8925 3.48855,
	11.8942 3.48676,
	11.8942 3.48502,
	11.8959 3.48322,
	11.8959 3.48148,
	11.8975 3.48057,
	11.8999 3.47353,
	11.9083 3.45939,
	11.91 3.45585,
	11.9117 3.45494,
	11.9117 3.4532,
	11.9199 3.43992,
	11.9224 3.43287,
	11.9224 3.42938,
	11.9241 3.42848,
	11.9241 3.42498,
	11.9258 3.42145,
	11.9258 3.41795,
	11.9275 3.41443,
	11.9274 3.41268,
	11.9291 3.41089,
	11.9316 3.39687,
	11.9316 3.36889,
	11.9315 3.35492,
	11.9289 3.34098,
	11.9273 3.33402,
	11.9273 3.32003,
	11.9273 3.31303,
	11.9289 3.306,
	11.9289 3.3025,
	11.9315 3.29544,
	11.9323 3.29193,
	11.9373 3.28482,
	11.9373 3.28307,
	11.9397 3.27951,
	11.9406 3.27774,
	11.9439 3.27767,
	11.9456 3.27588,
	11.959 3.27647,
	11.9657 3.27894,
	11.9674 3.2789,
	11.9732 3.28403,
	11.9766 3.28658,
	11.9782 3.29004,
	11.9782 3.29179,
	11.9799 3.29263,
	11.9799 3.29613,
	11.9833 3.30305,
	11.9833 3.30481,
	11.9849 3.30652,
	11.9849 3.30827,
	11.9867 3.30998,
	11.9892 3.31692,
	11.9976 3.32898,
	12.0035 3.34197,
	12.0043 3.34894,
	12.0043 3.35244,
	12.006 3.35589,
	12.0068 3.36287,
	12.0077 3.36635,
	12.0094 3.36718,
	12.0094 3.37068,
	12.0111 3.37413,
	12.0119 3.3811,
	12.0136 3.38281,
	12.0153 3.38976,
	12.022 3.40271,
	12.0313 3.41647,
	12.0405 3.42499,
	12.0532 3.43342,
	12.0565 3.43509,
	12.0573 3.43682,
	12.0632 3.43929,
	12.0699 3.44437,
	12.0724 3.44518,
	12.0834 3.45277,
	12.0951 3.46383,
	12.101 3.46979,
	12.1086 3.48093,
	12.1145 3.49387,
	12.1171 3.50777,
	12.1172 3.53567,
	12.1172 3.54264,
	12.1156 3.54965,
	12.1089 3.56378,
	12.1039 3.57001,
	12.1039 3.57174,
	12.0864 3.59835,
	12.0814 3.60544,
	12.0772 3.61078,
	12.0664 3.62412,
	12.0622 3.6312,
	12.0597 3.63389,
	12.0597 3.63563,
	12.0564 3.63832,
	12.0547 3.64185,
	12.0513 3.64542,
	12.0472 3.65076,
	12.0347 3.66501,
	12.0288 3.67039,
	12.0221 3.67404,
	11.9954 3.69303,
	11.9946 3.69478,
	11.9929 3.69483,
	11.9821 3.70644,
	11.9738 3.71801,
	11.9647 3.73133,
	11.9588 3.74457,
	11.9581 3.74809,
	11.9564 3.749,
	11.9522 3.76222,
	11.9448 3.7764,
	11.9407 3.7835,
	11.9382 3.78706,
	11.9373 3.79059,
	11.9282 3.80396,
	11.9224 3.80935,
	"/>
</Transform>

<Transform dim="0"
 xcoef=" 0 1 0 0 0 0"
 ycoef=" 0 0 1 0 0 0">
<Contour name="d26sp21" hidden="false" closed="true" simplified="true" border="1 0 0" fill="1 0 0" mode="11"
 points="9.98559 4.59108,
	9.96584 4.59059,
	9.95598 4.58937,
	9.9461 4.58683,
	9.93624 4.58299,
	9.9313 4.58173,
	9.92883 4.58044,
	9.9276 4.58045,
	9.92637 4.57915,
	9.9239 4.57917,
	9.91897 4.57725,
	9.9165 4.57532,
	9.91403 4.57468,
	9.91218 4.57274,
	9.91095 4.57275,
	9.90233 4.56629,
	9.89863 4.56305,
	9.89432 4.55787,
	9.88879 4.54746,
	9.88696 4.54225,
	9.88635 4.53965,
	9.88635 4.53834,
	9.88513 4.53706,
	9.88207 4.52663,
	9.88147 4.52142,
	9.88024 4.51882,
	9.87784 4.49798,
	9.87791 4.47712,
	9.87793 4.4719,
	9.87793 4.47124,
	9.88171 4.45037,
	9.88295 4.44774,
	9.88296 4.44644,
	9.8842 4.44512,
	9.88421 4.44252,
	9.89109 4.42161,
	9.89109 4.42032,
	9.89233 4.419,
	9.89357 4.41378,
	9.89483 4.41117,
	9.89484 4.40986,
	9.89607 4.40856,
	9.89983 4.39809,
	9.90542 4.38764,
	9.90543 4.38633,
	9.91164 4.37586,
	9.91475 4.37128,
	9.91475 4.36998,
	9.91599 4.36866,
	9.916 4.36737,
	9.91724 4.3667,
	9.91725 4.3654,
	9.92845 4.34512,
	9.93156 4.34054,
	9.93279 4.33791,
	9.93404 4.33725,
	9.93404 4.33596,
	9.93777 4.33071,
	9.93963 4.32809,
	9.94087 4.32678,
	9.94087 4.32548,
	9.94459 4.32218,
	9.9446 4.32089,
	9.94832 4.3176,
	9.95143 4.31301,
	9.95515 4.30972,
	9.95762 4.30708,
	9.95886 4.30643,
	9.95887 4.30513,
	9.96321 4.30117,
	9.96507 4.3005,
	9.96878 4.29721,
	9.96941 4.2959,
	9.97064 4.29589,
	9.97932 4.28928,
	9.98923 4.28266,
	9.99851 4.27734,
	10.0029 4.27469,
	10.0041 4.27467,
	10.0053 4.27335,
	10.0066 4.27334,
	10.0078 4.27203,
	10.009 4.27202,
	10.0103 4.27069,
	10.0115 4.27068,
	10.014 4.2687,
	10.0239 4.26466,
	10.0288 4.26265,
	10.0313 4.26196,
	10.0325 4.26064,
	10.0375 4.25928,
	10.0387 4.25796,
	10.0437 4.2566,
	10.0449 4.25527,
	10.0474 4.25524,
	10.0672 4.2478,
	10.077 4.24635,
	10.1165 4.24772,
	10.1214 4.24828,
	10.1227 4.24958,
	10.1325 4.25268,
	10.1338 4.25266,
	10.1381 4.2565,
	10.1405 4.25777,
	10.143 4.26033,
	10.1448 4.26162,
	10.1522 4.27062,
	10.1547 4.2732,
	10.1559 4.27512,
	10.1645 4.28347,
	10.1682 4.28798,
	10.1755 4.29503,
	10.1774 4.29958,
	10.1853 4.30858,
	10.1914 4.31697,
	10.197 4.32667,
	10.1994 4.33186,
	10.2012 4.33443,
	10.2049 4.34483,
	10.2073 4.35523,
	10.2085 4.36044,
	10.2084 4.38135,
	10.2072 4.38659,
	10.2072 4.38789,
	10.2059 4.38923,
	10.1997 4.41022,
	10.1953 4.42074,
	10.1928 4.426,
	10.1928 4.42731,
	10.1916 4.42798,
	10.1916 4.42929,
	10.1904 4.42996,
	10.1885 4.43457,
	10.1873 4.4372,
	10.186 4.43852,
	10.186 4.43983,
	10.1848 4.4405,
	10.1848 4.4418,
	10.1804 4.4471,
	10.1773 4.4517,
	10.1761 4.45369,
	10.1718 4.45897,
	10.1693 4.46162,
	10.16 4.46763,
	10.1502 4.47232,
	10.1452 4.47436,
	10.144 4.47567,
	10.1391 4.4777,
	10.1341 4.48168,
	10.1323 4.48366,
	10.131 4.48367,
	10.1267 4.48699,
	10.1248 4.48964,
	10.123 4.49096,
	10.1143 4.50087,
	10.1075 4.5101,
	10.1038 4.51538,
	10.0969 4.52331,
	10.087 4.53322,
	10.0821 4.53851,
	10.0815 4.53917,
	10.0821 4.53981,
	10.074 4.54971,
	10.0647 4.55831,
	10.0598 4.56294,
	10.0579 4.56427,
	10.0554 4.5669,
	10.0542 4.56823,
	10.0517 4.56891,
	10.0468 4.57223,
	10.0369 4.57624,
	10.0319 4.57825,
	10.0307 4.57826,
	10.0301 4.57957,
	10.0103 4.58629,
	10.0054 4.5883,
	"/>
</Transform>

<Transform dim="0"
 xcoef=" 0 1 0 0 0 0"
 ycoef=" 0 0 1 0 0 0">
<Contour name="d50sp18" hidden="false" closed="true" simplified="true" border="1 0 0" fill="1 0 0" mode="11"
 points="18.8065 9.8697,
	18.7974 9.86201,
	18.7951 9.85695,
	18.7871 9.84689,
	18.7837 9.84182,
	18.778 9.82168,
	18.7743 9.80154,
	18.7741 9.78153,
	18.774 9.77267,
	18.774 9.77147,
	18.7762 9.76648,
	18.7793 9.74641,
	18.7814 9.74398,
	18.7836 9.73394,
	18.7891 9.72396,
	18.7967 9.714,
	18.8055 9.7066,
	18.8231 9.69675,
	18.8587 9.68333,
	18.8632 9.68083,
	18.8642 9.6821,
	18.8599 9.6871,
	18.8479 9.70582,
	18.8381 9.72586,
	18.8349 9.73085,
	18.8338 9.73579,
	18.8283 9.74579,
	18.8251 9.75079,
	18.8219 9.76081,
	18.8196 9.76334,
	18.8165 9.77327,
	18.8154 9.77829,
	18.8132 9.78081,
	18.8079 9.80085,
	18.8048 9.82081,
	18.8039 9.84087,
	18.8064 9.86096,
	18.8075 9.86598,
	"/>
</Transform>

<Transform dim="0"
 xcoef=" 0 1 0 0 0 0"
 ycoef=" 0 0 1 0 0 0">
<Contour name="d50sp18" hidden="false" closed="true" simplified="true" border="1 0 0" fill="1 0 0" mode="11"
 points="18.5376 9.66492,
	18.4928 9.66424,
	18.4703 9.6627,
	18.4477 9.65801,
	18.4421 9.65624,
	18.4393 9.65537,
	18.4343 9.64969,
	18.4307 9.64328,
	18.4272 9.63057,
	18.4263 9.60539,
	18.4263 9.5991,
	18.4263 9.59675,
	18.4263 9.59597,
	18.4269 9.57085,
	18.4275 9.55832,
	18.4311 9.54587,
	18.4317 9.54275,
	18.4387 9.53039,
	18.4472 9.51809,
	18.4586 9.50742,
	18.4614 9.50593,
	18.4642 9.50287,
	18.4698 9.4991,
	18.4804 9.49469,
	18.4918 9.49421,
	18.5031 9.49531,
	18.5087 9.49547,
	18.5311 9.50395,
	18.5425 9.50899,
	18.5536 9.51639,
	18.5641 9.52613,
	18.5739 9.53901,
	18.5788 9.54545,
	18.5836 9.5582,
	18.585 9.57085,
	18.5851 9.5961,
	18.5851 9.60241,
	18.5837 9.60869,
	18.5837 9.61185,
	18.5824 9.61496,
	18.5824 9.61813,
	18.5809 9.61887,
	18.5789 9.62513,
	18.5635 9.64994,
	18.5586 9.6561,
	18.5531 9.65988,
	18.5502 9.66137,
	18.5447 9.66199,
	18.5432 9.66353,
	"/>
</Transform>

<Transform dim="0"
 xcoef=" 0 1 0 0 0 0"
 ycoef=" 0 0 1 0 0 0">
<Contour name="d39sp34" hidden="false" closed="true" simplified="true" border="1 0 0" fill="1 0 0" mode="11"
 points="17.0611 7.50407,
	17.0498 7.50135,
	17.0443 7.50074,
	17.0428 7.49931,
	17.0316 7.49661,
	17.0091 7.48907,
	16.9979 7.48204,
	16.9922 7.47851,
	16.9895 7.47712,
	16.9669 7.4587,
	16.9613 7.453,
	16.9521 7.44228,
	16.9492 7.44018,
	16.9415 7.42869,
	16.9372 7.42296,
	16.9352 7.41717,
	16.9344 7.41426,
	16.933 7.41283,
	16.9271 7.38961,
	16.9263 7.36623,
	16.9263 7.36549,
	16.9277 7.36253,
	16.9277 7.36107,
	16.9291 7.35957,
	16.9304 7.35368,
	16.9367 7.34183,
	16.9443 7.33067,
	16.9479 7.32547,
	16.9533 7.32097,
	16.9555 7.31799,
	16.9612 7.3142,
	16.9666 7.30822,
	16.9716 7.30447,
	16.9744 7.30221,
	16.9757 7.30218,
	16.9806 7.2977,
	16.9862 7.29611,
	16.9969 7.29077,
	17.008 7.2869,
	17.0194 7.28522,
	17.0418 7.28554,
	17.0475 7.28689,
	17.0531 7.28679,
	17.0643 7.29024,
	17.0701 7.29088,
	17.0728 7.29155,
	17.0757 7.2937,
	17.0982 7.3006,
	17.1095 7.30552,
	17.132 7.31319,
	17.1433 7.31813,
	17.1545 7.32598,
	17.1601 7.33101,
	17.1659 7.33457,
	17.1672 7.33455,
	17.1884 7.35396,
	17.1954 7.36555,
	17.1983 7.37135,
	17.201 7.383,
	17.2053 7.39464,
	17.206 7.40631,
	17.2075 7.41214,
	17.2075 7.42383,
	17.2061 7.43555,
	17.2047 7.4414,
	17.2048 7.44433,
	17.1971 7.46781,
	17.1908 7.47885,
	17.1803 7.48993,
	17.1774 7.4907,
	17.1762 7.49217,
	17.1649 7.49596,
	17.1537 7.49755,
	17.1087 7.4989,
	17.0863 7.50291,
	17.0639 7.50329,
	"/>
</Transform>

<Transform dim="0"
 xcoef=" 0 1 0 0 0 0"
 ycoef=" 0 0 1 0 0 0">
<Contour name="d05sp19" hidden="false" closed="true" simplified="true" border="1 0 0" fill="1 0 0" mode="11"
 points="5.18851 9.49369,
	5.16646 9.49341,
	5.15549 9.49214,
	5.14463 9.48936,
	5.13385 9.48509,
	5.12854 9.48183,
	5.12715 9.48176,
	5.12188 9.47775,
	5.11804 9.47306,
	5.11543 9.47067,
	5.11138 9.45845,
	5.109 9.45231,
	5.10782 9.44925,
	5.10648 9.44843,
	5.1031 9.43623,
	5.10114 9.41205,
	5.10262 9.388,
	5.1028 9.385,
	5.10285 9.38425,
	5.10289 9.3835,
	5.10437 9.38205,
	5.10509 9.37002,
	5.10785 9.35883,
	5.112 9.34768,
	5.11718 9.34262,
	5.12092 9.33824,
	5.12601 9.33468,
	5.13167 9.3334,
	5.13454 9.33201,
	5.14571 9.33172,
	5.15136 9.33044,
	5.15414 9.33056,
	5.15701 9.32916,
	5.15978 9.32928,
	5.18248 9.32263,
	5.19914 9.32331,
	5.20995 9.3283,
	5.21134 9.32836,
	5.22111 9.33861,
	5.22368 9.34175,
	5.22487 9.34482,
	5.2262 9.34563,
	5.2261 9.34715,
	5.23361 9.35959,
	5.2381 9.36509,
	5.24002 9.36743,
	5.24273 9.36831,
	5.244 9.36988,
	5.24539 9.36994,
	5.24667 9.37152,
	5.24805 9.37157,
	5.25065 9.37395,
	5.25602 9.37646,
	5.2651 9.38519,
	5.26695 9.38831,
	5.26596 9.41252,
	5.26348 9.41847,
	5.26337 9.41998,
	5.25881 9.42583,
	5.25729 9.42804,
	5.24761 9.43821,
	5.23089 9.46014,
	5.22645 9.46448,
	5.2219 9.47031,
	5.21603 9.47533,
	5.2138 9.4775,
	5.21242 9.47743,
	5.19143 9.49156,
	"/>
</Transform>

<Transform dim="0"
 xcoef=" 0 1 0 0 0 0"
 ycoef=" 0 0 1 0 0 0">
<Contour name="d26sp23" hidden="false" closed="true" simplified="true" border="1 0 0" fill="1 0 0" mode="11"
 points="11.8353 4.70229,
	11.8311 4.70137,
	11.829 4.70035,
	11.8205 4.69905,
	11.8163 4.69758,
	11.8152 4.69762,
	11.8141 4.69656,
	11.8061 4.69413,
	11.8056 4.69304,
	11.8019 4.69211,
	11.8014 4.69102,
	11.7971 4.68954,
	11.7886 4.68823,
	11.7674 4.68911,
	11.7589 4.68781,
	11.7504 4.68539,
	11.7462 4.68447,
	11.7382 4.67982,
	11.7361 4.67881,
	11.7345 4.67666,
	11.7328 4.67231,
	11.7317 4.66352,
	11.7317 4.65912,
	11.7317 4.65691,
	11.7316 4.65579,
	11.7316 4.65525,
	11.7327 4.6508,
	11.7326 4.64858,
	11.7353 4.63965,
	11.7373 4.62194,
	11.7383 4.61307,
	11.7403 4.60418,
	11.7414 4.60193,
	11.7414 4.60082,
	11.7446 4.59629,
	11.7451 4.59408,
	11.7482 4.58956,
	11.7561 4.58375,
	11.7604 4.58305,
	11.7615 4.58411,
	11.7657 4.5856,
	11.7694 4.58931,
	11.7711 4.59036,
	11.7747 4.59407,
	11.7769 4.59619,
	11.7806 4.5988,
	11.7848 4.60029,
	11.787 4.6013,
	11.7912 4.60005,
	11.7933 4.59886,
	11.7954 4.59878,
	11.7997 4.59642,
	11.8008 4.59638,
	11.8018 4.59525,
	11.8029 4.59521,
	11.8108 4.58887,
	11.8129 4.58768,
	11.8134 4.58658,
	11.8176 4.58477,
	11.8198 4.58303,
	11.8282 4.57942,
	11.8303 4.57825,
	11.8388 4.57684,
	11.8557 4.57676,
	11.8727 4.57776,
	11.8812 4.57909,
	11.8855 4.58003,
	11.8876 4.58049,
	11.8887 4.58045,
	11.8891 4.58154,
	11.8924 4.58142,
	11.8934 4.58247,
	11.9019 4.58489,
	11.9056 4.58804,
	11.9062 4.5902,
	11.9073 4.59071,
	11.9073 4.59291,
	11.9083 4.59396,
	11.9099 4.59829,
	11.9126 4.60203,
	11.9126 4.60312,
	11.9153 4.6074,
	11.9174 4.61006,
	11.9175 4.61116,
	11.9185 4.61222,
	11.9186 4.62099,
	11.9155 4.62989,
	11.9144 4.63211,
	11.9133 4.6327,
	11.9133 4.63381,
	11.9102 4.63831,
	11.9023 4.64686,
	11.8954 4.65427,
	11.8923 4.65823,
	11.8907 4.6605,
	11.8907 4.66158,
	11.8849 4.66896,
	11.8844 4.67118,
	11.8834 4.67176,
	11.8834 4.67287,
	11.8776 4.68133,
	11.8708 4.68986,
	11.8671 4.69331,
	11.8655 4.69447,
	11.8645 4.69451,
	11.8623 4.69625,
	11.8602 4.69689,
	11.8597 4.698,
	11.8576 4.69809,
	11.8565 4.69923,
	11.8544 4.69932,
	11.8523 4.70051,
	11.8502 4.7006,
	11.8481 4.70177,
	"/>
</Transform>

<Transform dim="0"
 xcoef=" 0 1 0 0 0 0"
 ycoef=" 0 0 1 0 0 0">
<Contour name="d05sph19" hidden="false" closed="true" simplified="true" border="1 0 0" fill="1 0 0" mode="11"
 points="5.18851 9.49369,
	5.16646 9.49341,
	5.15549 9.49214,
	5.14463 9.48936,
	5.13385 9.48509,
	5.12854 9.48183,
	5.12715 9.48176,
	5.12188 9.47775,
	5.11804 9.47306,
	5.11543 9.47067,
	5.11138 9.45845,
	5.109 9.45231,
	5.10782 9.44925,
	5.10648 9.44843,
	5.1031 9.43623,
	5.10114 9.41205,
	5.10262 9.388,
	5.1028 9.385,
	5.10285 9.38425,
	5.10289 9.3835,
	5.10437 9.38205,
	5.10509 9.37002,
	5.10785 9.35883,
	5.112 9.34768,
	5.11718 9.34262,
	5.12092 9.33824,
	5.12601 9.33468,
	5.13167 9.3334,
	5.13454 9.33201,
	5.14571 9.33172,
	5.15136 9.33044,
	5.15414 9.33056,
	5.15701 9.32916,
	5.15978 9.32928,
	5.18248 9.32263,
	5.19914 9.32331,
	5.20995 9.3283,
	5.21134 9.32836,
	5.22111 9.33861,
	5.22368 9.34175,
	5.22487 9.34482,
	5.2262 9.34563,
	5.2261 9.34715,
	5.23361 9.35959,
	5.2381 9.36509,
	5.24002 9.36743,
	5.24273 9.36831,
	5.244 9.36988,
	5.24539 9.36994,
	5.24667 9.37152,
	5.24805 9.37157,
	5.25065 9.37395,
	5.25602 9.37646,
	5.2651 9.38519,
	5.26695 9.38831,
	5.26596 9.41252,
	5.26348 9.41847,
	5.26337 9.41998,
	5.25881 9.42583,
	5.25729 9.42804,
	5.24761 9.43821,
	5.23089 9.46014,
	5.22645 9.46448,
	5.2219 9.47031,
	5.21603 9.47533,
	5.2138 9.4775,
	5.21242 9.47743,
	5.19143 9.49156,
	"/>
</Transform>

<Transform dim="0"
 xcoef=" 0 1 0 0 0 0"
 ycoef=" 0 0 1 0 0 0">
<Contour name="d26c20" hidden="false" closed="true" simplified="true" border="0 0 1" fill="0 0 1" mode="11"
 points="11.9609 3.7778,
	11.9388 3.77764,
	11.9346 3.77342,
	11.9325 3.7677,
	11.9316 3.74459,
	11.9316 3.74315,
	11.9316 3.74243,
	11.9344 3.7308,
	11.9384 3.71915,
	11.9405 3.71333,
	11.9419 3.71042,
	11.9432 3.70894,
	11.9473 3.69729,
	11.9501 3.69146,
	11.9521 3.68924,
	11.9562 3.67905,
	11.9576 3.67757,
	11.9576 3.67612,
	11.9644 3.66443,
	11.9692 3.65855,
	11.9782 3.64896,
	11.9817 3.64528,
	11.9913 3.6364,
	11.9954 3.63343,
	12.0065 3.62523,
	12.0169 3.6185,
	12.0196 3.61556,
	12.0285 3.60742,
	12.0334 3.60298,
	12.0362 3.60075,
	12.0376 3.60071,
	12.0396 3.59779,
	12.05 3.58962,
	12.0548 3.58589,
	12.0569 3.58368,
	12.0783 3.57883,
	12.0866 3.57862,
	12.088 3.58003,
	12.0908 3.57996,
	12.0922 3.58136,
	12.0936 3.58133,
	12.0943 3.58276,
	12.0998 3.58477,
	12.102 3.58616,
	12.1067 3.59108,
	12.1089 3.5939,
	12.1117 3.60535,
	12.1117 3.61687,
	12.1104 3.62266,
	12.1076 3.62849,
	12.1076 3.62993,
	12.1042 3.63578,
	12.1028 3.63869,
	12.1015 3.64017,
	12.1015 3.6416,
	12.0925 3.65335,
	12.0877 3.65923,
	12.0843 3.66365,
	12.0814 3.6666,
	12.0794 3.6681,
	12.0773 3.67102,
	12.0677 3.67919,
	12.0622 3.68365,
	12.0594 3.68516,
	12.0587 3.68662,
	12.0566 3.68739,
	12.0511 3.69114,
	12.0408 3.70076,
	12.0387 3.70369,
	12.0318 3.7118,
	12.0215 3.72215,
	12.0132 3.73245,
	12.0036 3.74278,
	11.9988 3.74868,
	11.9968 3.75161,
	11.9947 3.75311,
	11.9912 3.75825,
	11.9816 3.76788,
	11.9761 3.77163,
	11.9747 3.77311,
	11.9733 3.77314,
	11.9719 3.77462,
	"/>
</Transform>

<Transform dim="0"
 xcoef=" 0 1 0 0 0 0"
 ycoef=" 0 0 1 0 0 0">
<Contour name="d50c16" hidden="false" closed="true" simplified="true" border="0 0 1" fill="0 0 1" mode="11"
 points="19.0285 8.54163,
	19.0138 8.54065,
	18.9991 8.53867,
	18.9918 8.53593,
	18.9844 8.53419,
	18.9825 8.53413,
	18.9807 8.53308,
	18.9733 8.53185,
	18.9659 8.52962,
	18.964 8.52857,
	18.9622 8.52852,
	18.9474 8.52208,
	18.9437 8.52047,
	18.9419 8.51942,
	18.9409 8.5194,
	18.9373 8.51679,
	18.934 8.5132,
	18.9331 8.51217,
	18.9327 8.51015,
	18.9323 8.50913,
	18.9323 8.50863,
	18.9337 8.50065,
	18.9362 8.49272,
	18.9405 8.48481,
	18.9425 8.48086,
	18.9496 8.47455,
	18.9572 8.46925,
	18.9609 8.46786,
	18.9628 8.46691,
	18.9702 8.46563,
	18.9776 8.46586,
	18.9851 8.46707,
	18.9998 8.47103,
	19.0071 8.47226,
	19.0366 8.47271,
	19.0513 8.47319,
	19.0586 8.47393,
	19.0623 8.47405,
	19.0641 8.47511,
	19.0714 8.47635,
	19.0785 8.47859,
	19.0804 8.47915,
	19.0813 8.48018,
	19.0831 8.48074,
	19.0839 8.48077,
	19.0848 8.48179,
	19.0867 8.48236,
	19.0897 8.48596,
	19.0923 8.49408,
	19.0936 8.49813,
	19.0939 8.50616,
	19.0933 8.51416,
	19.0928 8.51615,
	19.0904 8.51959,
	19.0835 8.52639,
	19.0766 8.53218,
	19.0729 8.53507,
	19.072 8.53504,
	19.0688 8.53745,
	19.0615 8.53921,
	19.0578 8.5406,
	19.0432 8.54162,
	"/>
</Transform>

<Transform dim="0"
 xcoef=" 0 1 0 0 0 0"
 ycoef=" 0 0 1 0 0 0">
<Contour name="d42serh22" hidden="false" closed="true" simplified="true" border="1 0 0" fill="1 0 0" mode="11"
 points="17.651 5.76162,
	17.651 5.74591,
	17.6356 5.74594,
	17.6356 5.73024,
	17.651 5.7302,
	17.651 5.7145,
	17.6665 5.71445,
	17.6665 5.73016,
	17.6819 5.73011,
	17.6819 5.74583,
	17.6665 5.74587,
	17.6665 5.76158,
	"/>
</Transform>

<Transform dim="0"
 xcoef=" 0 1 0 0 0 0"
 ycoef=" 0 0 1 0 0 0">
<Contour name="d26sp22" hidden="false" closed="true" simplified="true" border="1 0 0" fill="1 0 0" mode="11"
 points="10.5229 3.76816,
	10.521 3.76721,
	10.5182 3.75149,
	10.5135 3.73581,
	10.5126 3.7319,
	10.5107 3.73095,
	10.4854 3.66846,
	10.4798 3.65284,
	10.4779 3.65091,
	10.4779 3.64894,
	10.476 3.64701,
	10.4751 3.6431,
	10.4751 3.64112,
	10.4732 3.64018,
	10.4732 3.63822,
	10.4713 3.63629,
	10.4713 3.63432,
	10.4694 3.63239,
	10.4629 3.61679,
	10.46 3.60898,
	10.46 3.60504,
	10.4582 3.60311,
	10.4553 3.58743,
	10.4535 3.58648,
	10.4534 3.58254,
	10.4516 3.57865,
	10.4516 3.57472,
	10.4497 3.57083,
	10.4469 3.55513,
	10.4458 3.52366,
	10.4458 3.50791,
	10.4458 3.50003,
	10.4458 3.49905,
	10.4458 3.49806,
	10.4495 3.48223,
	10.4523 3.47428,
	10.4532 3.47033,
	10.4532 3.46836,
	10.4551 3.46634,
	10.456 3.45845,
	10.4644 3.4425,
	10.4672 3.43752,
	10.4671 3.43555,
	10.469 3.43354,
	10.469 3.43157,
	10.4727 3.42753,
	10.4746 3.42355,
	10.4821 3.41748,
	10.4886 3.41339,
	10.4942 3.40734,
	10.4951 3.40338,
	10.4951 3.4014,
	10.5007 3.39536,
	10.5082 3.39421,
	10.5156 3.39501,
	10.5194 3.39689,
	10.5231 3.39681,
	10.5241 3.39777,
	10.5315 3.39266,
	10.5352 3.39059,
	10.5371 3.38859,
	10.552 3.38626,
	10.5595 3.38706,
	10.5614 3.38898,
	10.5633 3.38893,
	10.567 3.3918,
	10.5689 3.39373,
	10.5689 3.4095,
	10.5708 3.41734,
	10.5708 3.42522,
	10.5746 3.43992,
	10.5755 3.44383,
	10.5774 3.44575,
	10.5774 3.44773,
	10.5839 3.45249,
	10.5858 3.45441,
	10.5933 3.4562,
	10.5998 3.46195,
	10.6027 3.46976,
	10.6027 3.47173,
	10.6045 3.47266,
	10.6045 3.47661,
	10.6083 3.4844,
	10.6102 3.49223,
	10.6205 3.50575,
	10.6279 3.51148,
	10.6419 3.519,
	10.6494 3.52274,
	10.6531 3.52462,
	10.655 3.52654,
	10.6568 3.52649,
	10.6839 3.54748,
	10.6904 3.55421,
	10.6923 3.55812,
	10.6923 3.56007,
	10.6774 3.56439,
	10.6699 3.56655,
	10.656 3.57773,
	10.6495 3.58381,
	10.6346 3.59994,
	10.6272 3.60603,
	10.6262 3.60802,
	10.6244 3.60807,
	10.6225 3.61107,
	10.6188 3.61314,
	10.6169 3.61516,
	10.6151 3.61521,
	10.6086 3.62127,
	10.6067 3.62132,
	10.6048 3.62432,
	10.6011 3.62539,
	10.5871 3.63656,
	10.575 3.64868,
	10.562 3.66377,
	10.5583 3.67075,
	10.548 3.68576,
	10.5461 3.68679,
	10.5462 3.68876,
	10.5424 3.6928,
	10.535 3.70873,
	10.5341 3.71269,
	10.5322 3.7147,
	10.5322 3.71865,
	10.5303 3.72066,
	10.5303 3.72263,
	10.5285 3.72463,
	10.5247 3.7405,
	10.5257 3.74837,
	10.5238 3.76419,
	"/>
</Transform>

<Transform dim="0"
 xcoef=" 0 1 0 0 0 0"
 ycoef=" 0 0 1 0 0 0">
<Contour name="d26sp25" hidden="false" closed="true" simplified="true" border="1 0 0" fill="1 0 0" mode="11"
 points="12.4122 4.88157,
	12.3993 4.88119,
	12.3929 4.88058,
	12.3913 4.88064,
	12.3904 4.87897,
	12.3824 4.87926,
	12.3808 4.87763,
	12.3742 4.87702,
	12.371 4.87545,
	12.3645 4.87484,
	12.3516 4.87107,
	12.35 4.87113,
	12.3484 4.8695,
	12.3419 4.86805,
	12.3403 4.86811,
	12.3387 4.86648,
	12.3322 4.86501,
	12.329 4.86344,
	12.3274 4.8618,
	12.3257 4.86186,
	12.3201 4.85784,
	12.3185 4.8579,
	12.3128 4.85388,
	12.3071 4.84818,
	12.3023 4.84412,
	12.2917 4.83099,
	12.2917 4.8293,
	12.2901 4.82851,
	12.29 4.82682,
	12.286 4.82105,
	12.2851 4.81771,
	12.2827 4.81441,
	12.2819 4.81107,
	12.2802 4.80944,
	12.2743 4.78261,
	12.2707 4.72869,
	12.2707 4.72194,
	12.2707 4.72025,
	12.2707 4.71941,
	12.2738 4.71254,
	12.2738 4.71085,
	12.2754 4.7091,
	12.2754 4.70742,
	12.2803 4.70134,
	12.2859 4.69775,
	12.2867 4.69602,
	12.2931 4.6941,
	12.2963 4.69229,
	12.2996 4.69217,
	12.306 4.68939,
	12.3092 4.68843,
	12.3156 4.68314,
	12.3243 4.67017,
	12.3315 4.65727,
	12.3347 4.65378,
	12.3387 4.64858,
	12.3499 4.63891,
	12.3523 4.6363,
	12.3555 4.63534,
	12.3571 4.6336,
	12.3587 4.63354,
	12.3603 4.6318,
	12.3732 4.62714,
	12.3748 4.62709,
	12.3764 4.62535,
	12.3797 4.62523,
	12.4304 4.60918,
	12.4561 4.60328,
	12.482 4.59906,
	12.4884 4.59717,
	12.4901 4.59712,
	12.4941 4.59112,
	12.4973 4.58765,
	12.4989 4.58425,
	12.5021 4.58247,
	12.5029 4.58077,
	12.5093 4.57888,
	12.5109 4.57714,
	12.5174 4.57526,
	12.519 4.57353,
	12.5222 4.57343,
	12.5254 4.57165,
	12.5319 4.57145,
	12.5383 4.56957,
	12.5448 4.56936,
	12.5577 4.56476,
	12.5593 4.56304,
	12.5625 4.56293,
	12.569 4.56022,
	12.582 4.55729,
	12.6078 4.55564,
	12.6208 4.55608,
	12.6224 4.55603,
	12.624 4.55766,
	12.6256 4.55761,
	12.6508 4.57863,
	12.6508 4.58534,
	12.6492 4.5921,
	12.646 4.59891,
	12.6372 4.61092,
	12.6259 4.62219,
	12.6211 4.62905,
	12.6171 4.64261,
	12.6148 4.65613,
	12.61 4.66973,
	12.6092 4.67312,
	12.6092 4.6748,
	12.6076 4.67653,
	12.6069 4.69001,
	12.6086 4.70341,
	12.6087 4.71687,
	12.604 4.74398,
	12.6009 4.75755,
	12.5961 4.77119,
	12.5961 4.77288,
	12.5945 4.77462,
	12.593 4.78142,
	12.5914 4.78316,
	12.5866 4.79681,
	12.5866 4.7985,
	12.585 4.7994,
	12.5842 4.80279,
	12.5786 4.80889,
	12.5665 4.8169,
	12.5633 4.81785,
	12.5513 4.82586,
	12.5449 4.83031,
	12.5329 4.84341,
	12.5281 4.84949,
	12.5153 4.8601,
	12.5024 4.86646,
	12.4896 4.87116,
	12.438 4.88063,
	"/>
</Transform>

<Transform dim="0"
 xcoef=" 0 1 0 0 0 0"
 ycoef=" 0 0 1 0 0 0">
<Contour name="d39p30" hidden="false" closed="true" simplified="true" border="1 0 0" fill="1 0 0" mode="11"
 points="17.5099 6.27076,
	17.486 6.22612,
	17.5337 6.22584,
	"/>
</Transform>

<Transform dim="0"
 xcoef=" 0 1 0 0 0 0"
 ycoef=" 0 0 1 0 0 0">
<Contour name="d39p31" hidden="false" closed="true" simplified="true" border="1 0 0" fill="1 0 0" mode="11"
 points="17.8484 6.77737,
	17.8216 6.74955,
	17.8486 6.72182,
	17.8754 6.74966,
	"/>
</Transform>

<Transform dim="0"
 xcoef=" 0 1 0 0 0 0"
 ycoef=" 0 0 1 0 0 0">
<Contour name="d39sp31" hidden="false" closed="true" simplified="true" border="1 0 0" fill="1 0 0" mode="11"
 points="17.8661 6.885,
	17.8649 6.88114,
	17.8649 6.87985,
	17.875 6.83881,
	17.8789 6.79779,
	17.8802 6.78754,
	17.8839 6.7773,
	17.8927 6.73637,
	17.8965 6.71593,
	17.8958 6.63424,
	17.897 6.62405,
	17.8983 6.62152,
	17.9032 6.62281,
	17.923 6.63694,
	17.928 6.63952,
	17.9304 6.64208,
	17.9329 6.6421,
	17.9513 6.6588,
	17.9613 6.66271,
	17.9662 6.66529,
	17.986 6.66803,
	18.0652 6.66888,
	18.085 6.6704,
	18.1246 6.66836,
	18.1444 6.66479,
	18.2234 6.66189,
	18.2431 6.66209,
	18.2825 6.66627,
	18.2923 6.66762,
	18.3108 6.68434,
	18.3253 6.70359,
	18.3264 6.72404,
	18.3238 6.73424,
	18.3176 6.74443,
	18.2991 6.76349,
	18.2891 6.76981,
	18.2854 6.77491,
	18.2482 6.80274,
	18.2283 6.81662,
	18.2234 6.82041,
	18.221 6.82295,
	18.2185 6.82292,
	18.2086 6.82922,
	18.1888 6.83539,
	18.1494 6.83105,
	18.1395 6.82836,
	18.0999 6.82913,
	18.0802 6.83145,
	18.0703 6.83262,
	18.0604 6.83634,
	18.0208 6.8436,
	17.9812 6.84837,
	17.9417 6.84938,
	17.9219 6.85312,
	17.902 6.85431,
	17.8823 6.85937,
	17.8773 6.86321,
	17.8711 6.87217,
	17.8674 6.88244,
	"/>
</Transform>

<Transform dim="0"
 xcoef=" 0 1 0 0 0 0"
 ycoef=" 0 0 1 0 0 0">
<Contour name="d26p22" hidden="false" closed="true" simplified="true" border="1 0 0" fill="1 0 0" mode="11"
 points="10.6341 3.7306,
	10.605 3.7005,
	10.634 3.66906,
	10.6631 3.69912,
	"/>
</Transform>

<Transform dim="0"
 xcoef=" 0 1 0 0 0 0"
 ycoef=" 0 0 1 0 0 0">
<Contour name="d50p18" hidden="false" closed="true" simplified="true" border="1 0 0" fill="1 0 0" mode="11"
 points="18.8692 9.81681,
	18.8569 9.7922,
	18.8807 9.79247,
	"/>
</Transform>

<Transform dim="0"
 xcoef=" 0 1 0 0 0 0"
 ycoef=" 0 0 1 0 0 0">
<Contour name="d50cfa15b" hidden="false" closed="true" simplified="true" border="0 1 0" fill="0 1 0" mode="11"
 points="19.0261 8.98856,
	19.0105 8.9866,
	19.0028 8.98535,
	18.9875 8.97855,
	18.9798 8.97515,
	18.9723 8.96907,
	18.9652 8.96191,
	18.9557 8.94449,
	18.953 8.94011,
	18.9478 8.9233,
	18.9478 8.92276,
	18.9557 8.90572,
	18.96 8.89721,
	18.9614 8.89511,
	18.9694 8.8894,
	18.9774 8.88585,
	18.9852 8.88336,
	18.9931 8.87928,
	18.9971 8.87671,
	18.9991 8.87568,
	19.0067 8.86783,
	19.0145 8.86482,
	19.0165 8.8638,
	19.0319 8.8664,
	19.0397 8.86823,
	19.0435 8.86941,
	19.0473 8.87166,
	19.0512 8.87284,
	19.0589 8.87682,
	19.0626 8.87907,
	19.0701 8.88732,
	19.0753 8.89603,
	19.0775 8.90037,
	19.0801 8.90901,
	19.0813 8.91762,
	19.0812 8.91976,
	19.0761 8.9282,
	19.0753 8.93674,
	19.0736 8.94527,
	19.0724 8.94951,
	19.0644 8.9536,
	19.061 8.95619,
	19.0579 8.97325,
	19.0568 8.97751,
	19.0536 8.98171,
	19.0457 8.98635,
	19.0378 8.98777,
	19.03 8.98812,
	"/>
</Transform>

<Transform dim="0"
 xcoef=" 0 1 0 0 0 0"
 ycoef=" 0 0 1 0 0 0">
<Contour name="d50c15b" hidden="false" closed="true" simplified="true" border="0 0 1" fill="0 0 1" mode="11"
 points="19.034 8.99678,
	19.0263 8.99661,
	19.0186 8.99322,
	19.0109 8.99197,
	18.9954 8.98732,
	18.9877 8.985,
	18.98 8.98106,
	18.9725 8.97553,
	18.9687 8.97275,
	18.9622 8.964,
	18.9567 8.95581,
	18.954 8.95197,
	18.953 8.9498,
	18.9513 8.94759,
	18.9467 8.93942,
	18.9445 8.93505,
	18.9423 8.92639,
	18.9417 8.91775,
	18.9417 8.91614,
	18.9417 8.9156,
	18.945 8.90707,
	18.9466 8.90279,
	18.9491 8.89909,
	18.9507 8.89483,
	18.9564 8.88635,
	18.959 8.88266,
	18.9625 8.87898,
	18.965 8.87475,
	18.968 8.8716,
	18.9761 8.86483,
	18.9801 8.86171,
	18.9881 8.85709,
	19.0038 8.85377,
	19.0192 8.85368,
	19.0348 8.85574,
	19.0501 8.85941,
	19.0577 8.86285,
	19.065 8.86788,
	19.0668 8.86846,
	19.0678 8.86956,
	19.0687 8.86959,
	19.0753 8.87567,
	19.0787 8.88005,
	19.0828 8.88874,
	19.0845 8.89307,
	19.0855 8.89524,
	19.0854 8.89631,
	19.0863 8.89741,
	19.088 8.90602,
	19.0889 8.91033,
	19.0891 8.9189,
	19.0851 8.93592,
	19.085 8.93699,
	19.0835 8.93909,
	19.0829 8.94122,
	19.0815 8.94333,
	19.0798 8.94757,
	19.0684 8.96441,
	19.0674 8.96653,
	19.0674 8.96759,
	19.0648 8.97181,
	19.0632 8.97392,
	19.0628 8.97605,
	19.0575 8.98394,
	19.054 8.98815,
	19.0499 8.99126,
	19.042 8.99483,
	"/>
</Transform>

<Transform dim="0"
 xcoef=" 0 1 0 0 0 0"
 ycoef=" 0 0 1 0 0 0">
<Contour name="d05p20" hidden="false" closed="true" simplified="true" border="1 0 0" fill="1 0 0" mode="11"
 points="5.74992 10.4898,
	5.72547 10.4651,
	5.75042 10.4413,
	5.77481 10.4661,
	"/>
</Transform>

<Transform dim="0"
 xcoef=" 0 1 0 0 0 0"
 ycoef=" 0 0 1 0 0 0">
<Contour name="d05sp20" hidden="false" closed="true" simplified="true" border="1 0 0" fill="1 0 0" mode="11"
 points="5.81072 10.5788,
	5.80859 10.5788,
	5.80787 10.5781,
	5.80998 10.5755,
	5.81139 10.5748,
	5.81138 10.5735,
	5.81769 10.5628,
	5.8191 10.5601,
	5.81909 10.5588,
	5.8205 10.5575,
	5.82049 10.5561,
	5.82191 10.5548,
	5.8219 10.5534,
	5.82332 10.5521,
	5.82331 10.5508,
	5.82473 10.5495,
	5.82472 10.5481,
	5.82613 10.5468,
	5.82755 10.5414,
	5.82896 10.5401,
	5.82896 10.5387,
	5.83038 10.5374,
	5.83675 10.5158,
	5.83675 10.5145,
	5.83818 10.5131,
	5.84536 10.4915,
	5.84898 10.4806,
	5.84899 10.4779,
	5.85043 10.4765,
	5.85045 10.4738,
	5.8519 10.4711,
	5.85414 10.4601,
	5.86151 10.4383,
	5.86302 10.4328,
	5.86518 10.4308,
	5.86652 10.4364,
	5.8672 10.4392,
	5.86718 10.4406,
	5.86858 10.442,
	5.86993 10.4476,
	5.87621 10.459,
	5.87902 10.4639,
	5.88043 10.4653,
	5.88042 10.4667,
	5.88183 10.4681,
	5.88182 10.4695,
	5.88324 10.4703,
	5.88321 10.473,
	5.88533 10.4758,
	5.88602 10.4786,
	5.88743 10.48,
	5.88882 10.4856,
	5.89024 10.4863,
	5.89235 10.4919,
	5.89234 10.4946,
	5.90012 10.5159,
	5.9037 10.5269,
	5.903 10.5322,
	5.90086 10.5348,
	5.89944 10.5348,
	5.89802 10.5367,
	5.88666 10.5417,
	5.87598 10.5454,
	5.86462 10.5511,
	5.86178 10.5523,
	5.86108 10.5537,
	5.85966 10.5536,
	5.83909 10.5659,
	5.83341 10.5685,
	5.82775 10.5724,
	5.82632 10.5724,
	5.82491 10.5737,
	5.82348 10.5736,
	5.82207 10.575,
	"/>
</Transform>

<Transform dim="0"
 xcoef=" 0 1 0 0 0 0"
 ycoef=" 0 0 1 0 0 0">
<Contour name="d05serb20" hidden="false" closed="true" simplified="true" border="1 1 0" fill="1 0 0" mode="11"
 points="5.72392 10.4405,
	5.70697 10.4402,
	5.70725 10.4233,
	5.69031 10.423,
	5.69063 10.406,
	5.70757 10.4064,
	5.70793 10.3894,
	5.72487 10.3898,
	5.72451 10.4067,
	5.74149 10.4071,
	5.74118 10.424,
	5.7242 10.4237,
	"/>
</Transform>

<Transform dim="0"
 xcoef=" 0 1 0 0 0 0"
 ycoef=" 0 0 1 0 0 0">
<Contour name="d56p22" hidden="false" closed="true" simplified="true" border="1 0 0" fill="1 0 0" mode="11"
 points="17.0747 12.0871,
	17.0452 12.0531,
	17.076 12.0205,
	17.1054 12.0546,
	"/>
</Transform>

<Transform dim="0"
 xcoef=" 0 1 0 0 0 0"
 ycoef=" 0 0 1 0 0 0">
<Contour name="d56sah22" hidden="false" closed="true" simplified="true" border="1 0 0" fill="1 0 0" mode="11"
 points="16.9965 11.9688,
	16.9745 11.9686,
	16.9745 11.9448,
	16.9523 11.9446,
	16.9522 11.921,
	16.9744 11.9212,
	16.9742 11.8975,
	16.9962 11.8978,
	16.9964 11.9214,
	17.0184 11.9218,
	17.0185 11.9454,
	16.9965 11.9451,
	"/>
</Transform>

<Transform dim="0"
 xcoef=" 0 1 0 0 0 0"
 ycoef=" 0 0 1 0 0 0">
<Contour name="d26cfa20" hidden="false" closed="false" simplified="true" border="1 0 0" fill="1 0 0" mode="11"
 points="12.0829 3.5806,
	12.0554 3.62234,
	12.0265 3.65257,
	12.0023 3.6719,
	11.9678 3.7059,
	11.95 3.74602,
	11.9391 3.77158,
	"/>
</Transform>

<Transform dim="0"
 xcoef=" 0 1 0 0 0 0"
 ycoef=" 0 0 1 0 0 0">
<Contour name="d50cfa16" hidden="false" closed="false" simplified="true" border="1 0 0" fill="1 0 0" mode="11"
 points="19.09 8.51264,
	19.0099 8.51001,
	18.9383 8.50906,
	"/>
</Transform>

<Transform dim="1"
 xcoef=" 0.01 1 0 0 0 0"
 ycoef=" 0 0 1 0 0 0">
<Contour name="d56sp22" hidden="false" closed="true" simplified="true" border="1 0 0" fill="1 0 0" mode="11"
 points="17.1226 12.2154,
	17.1196 12.2153,
	17.1184 12.2083,
	17.1276 12.1527,
	17.1303 12.1249,
	17.1298 12.097,
	17.13 12.09,
	17.1112 12.0355,
	17.1081 12.0284,
	17.1082 12.025,
	17.1051 12.0231,
	17.1006 12.0092,
	17.0851 11.981,
	17.0757 11.9668,
	17.0614 11.9422,
	17.0598 11.9354,
	17.0551 11.9301,
	17.0503 11.9179,
	17.0455 11.9109,
	17.0454 11.9074,
	17.0358 11.8969,
	17.0276 11.8829,
	17.0243 11.876,
	17.0227 11.8742,
	17.0291 11.8727,
	17.0546 11.8783,
	17.0672 11.882,
	17.0704 11.8821,
	17.072 11.8856,
	17.0847 11.8893,
	17.091 11.8895,
	17.1162 11.9006,
	17.1223 11.9008,
	17.1472 11.9103,
	17.1718 11.9147,
	17.184 11.9187,
	17.2323 11.9262,
	17.2442 11.9286,
	17.2532 11.9291,
	17.2547 11.943,
	17.2533 11.9566,
	17.2518 11.9635,
	17.2488 11.9668,
	17.2473 11.9736,
	17.2428 11.9786,
	17.2384 11.9922,
	17.2368 11.9991,
	17.2368 12.0025,
	17.2337 12.0058,
	17.2337 12.0128,
	17.2227 12.0399,
	17.2196 12.0467,
	17.2195 12.0502,
	17.2023 12.0755,
	17.1929 12.0854,
	17.1805 12.0936,
	17.1711 12.1037,
	17.1629 12.1173,
	17.1602 12.1451,
	17.1512 12.1726,
	17.136 12.1983,
	17.1244 12.212,
	"/>
</Transform>

<Transform dim="0"
 xcoef=" 0 1 0 0 0 0"
 ycoef=" 0 0 1 0 0 0">
<Contour name="D08" hidden="false" closed="true" simplified="true" border="1 0 0" fill="1 0 0" mode="11"
 points="10.6947 12.803,
	10.6677 12.7993,
	10.6431 12.7865,
	10.6232 12.766,
	10.6049 12.7103,
	10.6082 12.6804,
	10.6196 12.6532,
	10.6382 12.6312,
	10.662 12.6168,
	10.6888 12.6112,
	10.716 12.615,
	10.7408 12.6279,
	10.7608 12.6485,
	10.7741 12.6748,
	10.7792 12.7043,
	10.7758 12.734,
	10.7641 12.7611,
	10.7454 12.7829,
	10.7215 12.7974,
	"/>
</Transform>

<Transform dim="0"
 xcoef=" 0 1 0 0 0 0"
 ycoef=" 0 0 1 0 0 0">
<Contour name="d60p27" hidden="false" closed="true" simplified="false" border="1 0 0" fill="1 0 0" mode="-13"
 points="16.552 10.8676,
	16.58 10.8676,
	16.566 10.8933,
	"/>
</Transform>

<Transform dim="0"
 xcoef=" 0 1 0 0 0 0"
 ycoef=" 0 0 1 0 0 0">
<Contour name="d60cfa26" hidden="false" closed="false" simplified="false" border="0 1 0" fill="1 0.5 0" mode="11"
 points="16.7955 11.5599,
	16.8024 11.5821,
	16.8151 11.6103,
	16.8252 11.6278,
	16.8432 11.6516,
	16.8644 11.6697,
	16.8888 11.6808,
	16.9148 11.6856,
	16.9482 11.6824,
	"/>
</Transform>

<Transform dim="0"
 xcoef=" 0 1 0 0 0 0"
 ycoef=" 0 0 1 0 0 0">
<Contour name="d60sp26" hidden="false" closed="true" simplified="true" border="1 0 0" fill="1 0 0" mode="11"
 points="16.6787 11.5896,
	16.6799 11.5872,
	16.6817 11.5775,
	16.6835 11.5727,
	16.6835 11.5715,
	16.6847 11.5703,
	16.6847 11.5678,
	16.6878 11.5581,
	16.6896 11.5557,
	16.6932 11.5472,
	16.6932 11.546,
	16.695 11.5436,
	16.6962 11.5424,
	16.6962 11.5412,
	16.6981 11.5388,
	16.6981 11.5376,
	16.6993 11.5363,
	16.6999 11.5339,
	16.7053 11.5242,
	16.7084 11.5194,
	16.7084 11.5182,
	16.7114 11.5133,
	16.7126 11.5121,
	16.7126 11.5109,
	16.7144 11.5085,
	16.7144 11.5073,
	16.7162 11.5061,
	16.7174 11.5036,
	16.7174 11.5024,
	16.7211 11.4976,
	16.7229 11.4934,
	16.7241 11.4927,
	16.7241 11.4903,
	16.7259 11.4879,
	16.7265 11.4855,
	16.7265 11.4843,
	16.7302 11.4794,
	16.732 11.4746,
	16.7332 11.4722,
	16.7344 11.4716,
	16.7344 11.4703,
	16.7356 11.4691,
	16.7362 11.4667,
	16.738 11.4649,
	16.738 11.4637,
	16.7417 11.4594,
	16.7441 11.4582,
	16.7489 11.4582,
	16.758 11.4625,
	16.7629 11.4661,
	16.7665 11.4697,
	16.7689 11.4709,
	16.7689 11.4722,
	16.7719 11.4764,
	16.7756 11.4855,
	16.7768 11.4873,
	16.7768 11.4885,
	16.7822 11.4976,
	16.7834 11.5024,
	16.7847 11.5049,
	16.7847 11.5061,
	16.7859 11.5073,
	16.7901 11.517,
	16.7931 11.5267,
	16.8034 11.546,
	16.8034 11.5485,
	16.8046 11.5491,
	16.8046 11.5503,
	16.8083 11.5551,
	16.8095 11.56,
	16.8113 11.5624,
	16.8113 11.5636,
	16.8174 11.5715,
	16.8222 11.5806,
	16.8252 11.5854,
	16.8258 11.5878,
	16.8276 11.5896,
	16.8276 11.5908,
	16.8343 11.5999,
	16.8361 11.6024,
	16.8367 11.6048,
	16.8404 11.609,
	16.8404 11.6102,
	16.8428 11.6126,
	16.8428 11.6139,
	16.844 11.6145,
	16.844 11.6157,
	16.8507 11.6248,
	16.8525 11.6272,
	16.8537 11.6284,
	16.8537 11.6296,
	16.8549 11.6308,
	16.8555 11.6332,
	16.8622 11.6411,
	16.8634 11.6429,
	16.8658 11.6447,
	16.867 11.6466,
	16.8767 11.652,
	16.8815 11.6538,
	16.884 11.6556,
	16.8937 11.6593,
	16.8985 11.6611,
	16.9179 11.6629,
	16.9373 11.6611,
	16.9566 11.6611,
	16.9663 11.6617,
	16.9687 11.6641,
	16.9718 11.6684,
	16.973 11.6708,
	16.973 11.6732,
	16.9754 11.678,
	16.9766 11.6805,
	16.9778 11.6811,
	16.9778 11.6823,
	16.9796 11.6847,
	16.9809 11.6859,
	16.9809 11.6871,
	16.9821 11.6877,
	16.9821 11.6902,
	16.9833 11.6926,
	16.9833 11.695,
	16.9845 11.6956,
	16.9863 11.7053,
	16.9869 11.7247,
	16.9851 11.744,
	16.9845 11.7537,
	16.9857 11.7731,
	16.9863 11.7828,
	16.9863 11.7876,
	16.9863 11.7901,
	16.9821 11.7998,
	16.9809 11.8022,
	16.9718 11.8113,
	16.9675 11.8155,
	16.9578 11.8179,
	16.9482 11.8185,
	16.9385 11.8179,
	16.9288 11.8161,
	16.9203 11.8101,
	16.9112 11.8028,
	16.9076 11.7998,
	16.9064 11.7985,
	16.9039 11.7985,
	16.8949 11.7925,
	16.8937 11.7925,
	16.8912 11.7907,
	16.89 11.7895,
	16.8888 11.7895,
	16.884 11.7864,
	16.8815 11.7846,
	16.8809 11.7834,
	16.8725 11.7798,
	16.864 11.7731,
	16.8555 11.7652,
	16.8537 11.7628,
	16.8494 11.7598,
	16.8452 11.7556,
	16.8367 11.7489,
	16.8343 11.7465,
	16.8319 11.7453,
	16.8246 11.7368,
	16.8155 11.7289,
	16.8058 11.7253,
	16.7962 11.7192,
	16.7931 11.7168,
	16.7919 11.7168,
	16.7883 11.7126,
	16.7847 11.7095,
	16.7756 11.7035,
	16.7719 11.6992,
	16.7695 11.6986,
	16.7659 11.6944,
	16.7647 11.6944,
	16.761 11.6895,
	16.7562 11.6853,
	16.7544 11.6841,
	16.7532 11.6817,
	16.7495 11.6786,
	16.7477 11.6774,
	16.7453 11.675,
	16.7441 11.6726,
	16.7417 11.6714,
	16.7338 11.6635,
	16.7295 11.6605,
	16.7126 11.6447,
	16.7102 11.6435,
	16.7023 11.6344,
	16.7005 11.6332,
	16.6975 11.629,
	16.6962 11.6266,
	16.6938 11.6254,
	16.6859 11.6163,
	16.6805 11.6066,
	16.6787 11.5969,
	16.6787 11.5921,
	16.6787 11.5902,
	"/>
</Transform>

<Transform dim="0"
 xcoef=" 0 1 0 0 0 0"
 ycoef=" 0 0 1 0 0 0">
<Contour name="d60c26" hidden="false" closed="true" simplified="true" border="0 0 1" fill="0 0 1" mode="11"
 points="16.7832 11.564,
	16.7836 11.5625,
	16.7844 11.5617,
	16.7851 11.5588,
	16.7855 11.5573,
	16.787 11.5558,
	16.7885 11.5554,
	16.7888 11.5546,
	16.7918 11.5535,
	16.7948 11.5531,
	16.7978 11.552,
	16.8008 11.5516,
	16.8038 11.5505,
	16.8098 11.5498,
	16.8217 11.5498,
	16.8277 11.5502,
	16.8307 11.5505,
	16.8423 11.5546,
	16.843 11.5546,
	16.8438 11.5554,
	16.8453 11.5554,
	16.8513 11.5588,
	16.8569 11.5614,
	16.8595 11.5636,
	16.8606 11.5647,
	16.8621 11.5651,
	16.8636 11.5662,
	16.8651 11.5666,
	16.8707 11.5711,
	16.8718 11.5722,
	16.8726 11.5722,
	16.8786 11.5767,
	16.8793 11.5767,
	16.8845 11.5804,
	16.886 11.5816,
	16.8864 11.5823,
	16.8871 11.5823,
	16.8984 11.5901,
	16.9036 11.5939,
	16.9043 11.5946,
	16.9058 11.595,
	16.9088 11.5969,
	16.9092 11.5976,
	16.9099 11.5976,
	16.9126 11.5999,
	16.9152 11.6014,
	16.9163 11.6025,
	16.9171 11.6025,
	16.92 11.6047,
	16.9215 11.6058,
	16.923 11.6062,
	16.9242 11.6073,
	16.9256 11.6077,
	16.9264 11.6085,
	16.9324 11.6103,
	16.9384 11.6115,
	16.9413 11.6111,
	16.9533 11.6062,
	16.9593 11.6051,
	16.9623 11.6044,
	16.9683 11.6047,
	16.9713 11.6058,
	16.9742 11.6077,
	16.975 11.6088,
	16.981 11.6137,
	16.9821 11.6152,
	16.9821 11.6159,
	16.9847 11.6182,
	16.9866 11.6208,
	16.9866 11.6215,
	16.9873 11.6223,
	16.9884 11.6343,
	16.9877 11.6402,
	16.9873 11.6432,
	16.9858 11.6462,
	16.9851 11.6477,
	16.9851 11.6485,
	16.984 11.65,
	16.9821 11.6559,
	16.9817 11.6574,
	16.981 11.6578,
	16.9798 11.6608,
	16.9765 11.6664,
	16.9761 11.6679,
	16.9679 11.6795,
	16.9638 11.6847,
	16.9612 11.6877,
	16.9597 11.6888,
	16.9597 11.6896,
	16.9537 11.6944,
	16.9522 11.6956,
	16.9514 11.6963,
	16.9507 11.6963,
	16.9477 11.6989,
	16.947 11.6997,
	16.9462 11.6997,
	16.9432 11.7019,
	16.9425 11.7019,
	16.9395 11.7038,
	16.938 11.7049,
	16.9372 11.7049,
	16.9339 11.7071,
	16.9219 11.7113,
	16.9159 11.7131,
	16.904 11.7142,
	16.898 11.7142,
	16.892 11.7131,
	16.8905 11.712,
	16.8875 11.7109,
	16.8868 11.7109,
	16.8857 11.7094,
	16.8849 11.7094,
	16.8834 11.7079,
	16.8819 11.7075,
	16.8767 11.703,
	16.8651 11.6948,
	16.8621 11.6926,
	16.8614 11.6926,
	16.8498 11.6847,
	16.8438 11.6799,
	16.8337 11.6713,
	16.8311 11.6694,
	16.8217 11.6593,
	16.8195 11.6571,
	16.8143 11.6515,
	16.8131 11.65,
	16.8131 11.6492,
	16.8083 11.644,
	16.8008 11.6324,
	16.7974 11.6264,
	16.7948 11.6204,
	16.7944 11.6189,
	16.7933 11.6174,
	16.7933 11.6167,
	16.7926 11.6159,
	16.7915 11.613,
	16.7915 11.6115,
	16.7907 11.6111,
	16.7903 11.6081,
	16.787 11.5965,
	16.7855 11.5905,
	16.7836 11.5786,
	16.7832 11.5666,
	16.7832 11.5651,
	16.7832 11.5644,
	"/>
</Transform>

<Transform dim="0"
 xcoef=" 0 1 0 0 0 0"
 ycoef=" 0 0 1 0 0 0">
<Contour name="d60sp27" hidden="false" closed="true" simplified="true" border="1 0 0" fill="1 0 0" mode="11"
 points="16.5626 10.7185,
	16.5639 10.7178,
	16.5653 10.7192,
	16.5705 10.7205,
	16.5732 10.7211,
	16.5745 10.7225,
	16.585 10.7251,
	16.6048 10.735,
	16.6074 10.737,
	16.6087 10.737,
	16.6173 10.7429,
	16.6219 10.7455,
	16.6318 10.7528,
	16.6423 10.7587,
	16.643 10.76,
	16.6456 10.7607,
	16.6509 10.764,
	16.6562 10.7653,
	16.6575 10.7666,
	16.6628 10.7673,
	16.6733 10.7705,
	16.6944 10.7738,
	16.7049 10.7771,
	16.726 10.787,
	16.7286 10.7883,
	16.73 10.7897,
	16.7313 10.7897,
	16.7359 10.7929,
	16.7385 10.7936,
	16.7431 10.7976,
	16.7636 10.8101,
	16.7682 10.8127,
	16.7708 10.814,
	16.7715 10.8153,
	16.7767 10.8173,
	16.7781 10.8173,
	16.7794 10.8186,
	16.782 10.8193,
	16.7833 10.8206,
	16.7939 10.8239,
	16.7965 10.8252,
	16.7978 10.8252,
	16.7991 10.8265,
	16.8004 10.8265,
	16.8018 10.8279,
	16.8044 10.8285,
	16.8057 10.8285,
	16.807 10.8298,
	16.8084 10.8298,
	16.811 10.8318,
	16.8163 10.8331,
	16.8176 10.8345,
	16.8222 10.8364,
	16.8235 10.8364,
	16.8248 10.8377,
	16.8275 10.8384,
	16.8288 10.8384,
	16.834 10.8417,
	16.8393 10.8424,
	16.8446 10.8457,
	16.8472 10.8463,
	16.8485 10.8476,
	16.8538 10.8496,
	16.8551 10.8496,
	16.8578 10.8516,
	16.863 10.8536,
	16.8835 10.8661,
	16.8881 10.8694,
	16.89 10.872,
	16.8953 10.8753,
	16.9032 10.8839,
	16.9118 10.8944,
	16.9144 10.897,
	16.9177 10.9016,
	16.9197 10.9036,
	16.9197 10.9049,
	16.9236 10.9096,
	16.9236 10.9109,
	16.9276 10.9161,
	16.9348 10.9359,
	16.9381 10.9464,
	16.9395 10.9517,
	16.9395 10.9728,
	16.9348 10.9939,
	16.9335 10.9952,
	16.9315 11.0005,
	16.9296 11.0031,
	16.9296 11.0044,
	16.9283 11.0051,
	16.9283 11.0064,
	16.9236 11.0117,
	16.9223 11.0117,
	16.919 11.0156,
	16.9177 11.0156,
	16.9124 11.0202,
	16.9019 11.0255,
	16.8914 11.0295,
	16.8861 11.0314,
	16.8439 11.0327,
	16.8018 11.0321,
	16.7807 11.0308,
	16.7754 11.0301,
	16.7728 11.0288,
	16.7715 11.0288,
	16.7701 11.0275,
	16.7675 11.0275,
	16.7622 11.0255,
	16.7609 11.0255,
	16.7596 11.0242,
	16.757 11.0242,
	16.7517 11.0222,
	16.7464 11.0215,
	16.7359 11.0169,
	16.7346 11.0169,
	16.7293 11.0136,
	16.7247 11.0117,
	16.7234 11.0117,
	16.7181 11.0084,
	16.7076 11.0038,
	16.7062 11.0038,
	16.7043 11.0018,
	16.7016 11.0018,
	16.6911 10.9978,
	16.67 10.9965,
	16.6489 10.9972,
	16.6384 10.9972,
	16.6331 10.9978,
	16.6318 10.9978,
	16.6311 10.9926,
	16.6338 10.9504,
	16.6331 10.9082,
	16.6331 10.8872,
	16.6311 10.845,
	16.6305 10.8397,
	16.6305 10.8371,
	16.6305 10.8358,
	16.6292 10.8345,
	16.6285 10.8292,
	16.6285 10.8279,
	16.6272 10.8272,
	16.6272 10.8246,
	16.6206 10.8035,
	16.6166 10.7929,
	16.6153 10.7916,
	16.6153 10.789,
	16.614 10.7877,
	16.6107 10.7771,
	16.6094 10.7745,
	16.6081 10.7732,
	16.6074 10.7705,
	16.6061 10.7692,
	16.6061 10.7666,
	16.6022 10.762,
	16.6015 10.7593,
	16.5863 10.7383,
	16.5778 10.731,
	16.5725 10.7277,
	16.5712 10.7258,
	16.5686 10.7244,
	16.5639 10.7198,
	16.5626 10.7192,
	"/>
</Transform>

<Transform dim="0"
 xcoef=" 0 1 0 0 0 0"
 ycoef=" 0 0 1 0 0 0">
<Contour name="d60sp28" hidden="false" closed="true" simplified="true" border="1 0 0" fill="1 0 0" mode="11"
 points="15.2061 11.4334,
	15.2067 11.4284,
	15.2099 11.4183,
	15.2111 11.4158,
	15.2111 11.4145,
	15.2124 11.4139,
	15.2143 11.4088,
	15.2149 11.4063,
	15.2162 11.405,
	15.2168 11.4025,
	15.2181 11.4019,
	15.2187 11.3994,
	15.2219 11.3943,
	15.2256 11.3905,
	15.2256 11.3893,
	15.2351 11.3805,
	15.2389 11.3767,
	15.2414 11.3754,
	15.2427 11.3754,
	15.2471 11.3716,
	15.2515 11.3691,
	15.254 11.3685,
	15.2565 11.3666,
	15.2666 11.3647,
	15.2868 11.3641,
	15.2969 11.3641,
	15.3013 11.366,
	15.3038 11.366,
	15.3133 11.3697,
	15.3158 11.3697,
	15.3253 11.3735,
	15.3272 11.3748,
	15.3322 11.3754,
	15.3417 11.3798,
	15.3467 11.3824,
	15.3492 11.3836,
	15.3498 11.3849,
	15.3549 11.3868,
	15.3599 11.3899,
	15.3618 11.3905,
	15.3637 11.3924,
	15.3662 11.3924,
	15.3688 11.3943,
	15.3738 11.3956,
	15.377 11.3962,
	15.3782 11.3975,
	15.3826 11.3994,
	15.3852 11.4,
	15.3877 11.4019,
	15.3902 11.4025,
	15.3915 11.4038,
	15.3965 11.4044,
	15.399 11.4057,
	15.4003 11.4057,
	15.4015 11.4069,
	15.4041 11.4076,
	15.4066 11.4095,
	15.4072 11.4101,
	15.4085 11.4095,
	15.411 11.412,
	15.416 11.4151,
	15.4249 11.4246,
	15.4255 11.4271,
	15.4268 11.4277,
	15.4337 11.4473,
	15.435 11.4574,
	15.435 11.4977,
	15.4356 11.5078,
	15.4381 11.5179,
	15.44 11.5229,
	15.4406 11.5255,
	15.4425 11.528,
	15.4432 11.5305,
	15.4444 11.5318,
	15.4444 11.5343,
	15.4507 11.5444,
	15.4564 11.5532,
	15.4608 11.5576,
	15.4621 11.5595,
	15.4633 11.5601,
	15.4633 11.5614,
	15.4652 11.5633,
	15.4659 11.5646,
	15.4684 11.5652,
	15.4709 11.5677,
	15.474 11.5728,
	15.4747 11.574,
	15.4791 11.5759,
	15.4829 11.5791,
	15.4854 11.5816,
	15.4867 11.5816,
	15.4917 11.5847,
	15.493 11.5866,
	15.4942 11.5866,
	15.5043 11.5923,
	15.5087 11.5954,
	15.5087 11.6156,
	15.5087 11.6207,
	15.5068 11.6308,
	15.5037 11.6408,
	15.5024 11.6421,
	15.5024 11.6434,
	15.5012 11.6446,
	15.4999 11.6497,
	15.4986 11.6509,
	15.4986 11.6522,
	15.4904 11.6616,
	15.4867 11.6661,
	15.4848 11.6673,
	15.4822 11.6698,
	15.481 11.6698,
	15.4728 11.6768,
	15.4709 11.6793,
	15.4684 11.6799,
	15.4589 11.6875,
	15.4495 11.6938,
	15.4469 11.6957,
	15.4457 11.6957,
	15.4356 11.7014,
	15.4312 11.7039,
	15.4287 11.7045,
	15.4274 11.7045,
	15.4261 11.7058,
	15.4211 11.7077,
	15.416 11.7083,
	15.406 11.7115,
	15.4034 11.7121,
	15.4022 11.7121,
	15.4009 11.7133,
	15.3908 11.7165,
	15.3807 11.7184,
	15.3707 11.7215,
	15.3681 11.7222,
	15.3669 11.7234,
	15.3568 11.7241,
	15.3517 11.7222,
	15.348 11.719,
	15.3429 11.7159,
	15.3385 11.7115,
	15.3372 11.7115,
	15.3353 11.7089,
	15.3309 11.7058,
	15.324 11.697,
	15.3152 11.6894,
	15.3126 11.6888,
	15.3101 11.6862,
	15.3051 11.6831,
	15.3038 11.6818,
	15.3026 11.6818,
	15.3013 11.6799,
	15.2969 11.6774,
	15.2944 11.6749,
	15.2874 11.668,
	15.2843 11.6642,
	15.2824 11.6623,
	15.2824 11.661,
	15.2799 11.6591,
	15.2773 11.6541,
	15.2736 11.6497,
	15.271 11.6446,
	15.2698 11.6434,
	15.2679 11.6383,
	15.2679 11.6358,
	15.2666 11.6333,
	15.2628 11.6131,
	15.261 11.6081,
	15.2603 11.6055,
	15.2584 11.603,
	15.2572 11.5986,
	15.2572 11.5973,
	15.2559 11.5967,
	15.2559 11.5942,
	15.2546 11.5936,
	15.2534 11.5885,
	15.2528 11.586,
	15.2528 11.5847,
	15.2509 11.5828,
	15.2502 11.5803,
	15.2483 11.5778,
	15.2414 11.5576,
	15.2383 11.5526,
	15.2345 11.5425,
	15.2338 11.54,
	15.2307 11.5349,
	15.2263 11.5255,
	15.2231 11.516,
	15.2231 11.5135,
	15.2181 11.504,
	15.2149 11.4939,
	15.2137 11.4889,
	15.2124 11.4876,
	15.2099 11.4776,
	15.2093 11.4725,
	15.208 11.47,
	15.2067 11.4599,
	15.2061 11.4397,
	15.2061 11.4347,
	15.2061 11.4341,
	"/>
</Transform>

<Transform dim="0"
 xcoef=" 0 1 0 0 0 0"
 ycoef=" 0 0 1 0 0 0">
<Contour name="d60sp30" hidden="false" closed="true" simplified="true" border="1 0 0" fill="1 0 0" mode="11"
 points="14.4537 11.2263,
	14.4541 11.2245,
	14.4545 11.2237,
	14.4541 11.2219,
	14.4541 11.221,
	14.4554 11.2193,
	14.4572 11.2123,
	14.4572 11.2114,
	14.4585 11.2101,
	14.4589 11.2079,
	14.4602 11.2066,
	14.4602 11.2057,
	14.4629 11.2026,
	14.4629 11.2017,
	14.4677 11.1952,
	14.4686 11.1943,
	14.4694 11.1943,
	14.4716 11.1908,
	14.4747 11.1877,
	14.476 11.1864,
	14.4764 11.1851,
	14.4821 11.1794,
	14.4848 11.1759,
	14.4865 11.1746,
	14.4874 11.1733,
	14.4892 11.1715,
	14.49 11.1706,
	14.49 11.1698,
	14.4962 11.1632,
	14.4971 11.1619,
	14.4988 11.161,
	14.5019 11.1579,
	14.5032 11.157,
	14.5063 11.154,
	14.5076 11.1527,
	14.5093 11.1522,
	14.5124 11.1496,
	14.5141 11.1483,
	14.5155 11.1478,
	14.5185 11.1448,
	14.5194 11.1448,
	14.5203 11.1435,
	14.522 11.1426,
	14.5229 11.1417,
	14.5238 11.1417,
	14.5269 11.1395,
	14.5273 11.1386,
	14.5282 11.1386,
	14.5286 11.1378,
	14.5295 11.1378,
	14.5308 11.136,
	14.5317 11.136,
	14.5334 11.1347,
	14.5343 11.1347,
	14.5404 11.1299,
	14.5536 11.122,
	14.5545 11.122,
	14.558 11.1193,
	14.5615 11.118,
	14.5624 11.118,
	14.5632 11.1172,
	14.5667 11.1163,
	14.5685 11.1154,
	14.5755 11.1154,
	14.5773 11.1154,
	14.5781 11.1163,
	14.579 11.1163,
	14.5825 11.1189,
	14.583 11.1198,
	14.5838 11.1198,
	14.5852 11.1211,
	14.586 11.1211,
	14.5865 11.122,
	14.5882 11.1224,
	14.5952 11.1268,
	14.5983 11.1285,
	14.6001 11.129,
	14.6071 11.1338,
	14.6088 11.1342,
	14.6093 11.1351,
	14.6128 11.1364,
	14.6141 11.1373,
	14.6176 11.1404,
	14.6193 11.1417,
	14.6202 11.1417,
	14.6215 11.1435,
	14.6224 11.1443,
	14.6237 11.1478,
	14.6242 11.1548,
	14.6228 11.1689,
	14.6224 11.1724,
	14.6198 11.1794,
	14.6185 11.1829,
	14.618 11.1847,
	14.6172 11.1855,
	14.6167 11.1873,
	14.6154 11.189,
	14.6141 11.1925,
	14.6115 11.196,
	14.6106 11.1965,
	14.6106 11.1974,
	14.6084 11.2009,
	14.6049 11.2039,
	14.6022 11.2074,
	14.6018 11.2083,
	14.6009 11.2083,
	14.5979 11.2118,
	14.5957 11.2149,
	14.593 11.2171,
	14.583 11.2307,
	14.583 11.2316,
	14.5768 11.2381,
	14.5746 11.2412,
	14.5738 11.2412,
	14.5716 11.2443,
	14.5685 11.2465,
	14.5667 11.2478,
	14.5606 11.2508,
	14.5571 11.253,
	14.5501 11.2548,
	14.5466 11.2561,
	14.5457 11.2561,
	14.5448 11.257,
	14.5431 11.257,
	14.5426 11.2579,
	14.5286 11.2583,
	14.5146 11.2596,
	14.5006 11.2596,
	14.4865 11.2579,
	14.4795 11.2561,
	14.476 11.2548,
	14.4725 11.2543,
	14.4659 11.2508,
	14.4629 11.2478,
	14.462 11.2478,
	14.4585 11.2443,
	14.4563 11.2408,
	14.4554 11.2399,
	14.455 11.2381,
	14.4541 11.2373,
	14.4541 11.2302,
	14.4541 11.2267,
	"/>
</Transform>

<Transform dim="0"
 xcoef=" 0 1 0 0 0 0"
 ycoef=" 0 0 1 0 0 0">
<Contour name="d60cfa33" hidden="false" closed="false" simplified="false" border="0 1 0" fill="1 0.5 0" mode="11"
 points="14.0061 11.8744,
	13.9882 11.8699,
	13.9597 11.8616,
	13.917 11.8515,
	13.8803 11.8519,
	13.8458 11.8639,
	13.8068 11.8855,
	13.7214 11.9475,
	"/>
</Transform>

<Transform dim="0"
 xcoef=" 0 1 0 0 0 0"
 ycoef=" 0 0 1 0 0 0">
<Contour name="d60sp33" hidden="false" closed="true" simplified="true" border="1 0 0" fill="1 0 0" mode="11"
 points="13.6441 11.8953,
	13.6477 11.8858,
	13.6483 11.8835,
	13.6494 11.8829,
	13.6494 11.8805,
	13.6506 11.8781,
	13.6506 11.8769,
	13.6518 11.8764,
	13.6524 11.874,
	13.656 11.8692,
	13.6566 11.8669,
	13.6625 11.8574,
	13.6655 11.8532,
	13.6678 11.8508,
	13.6684 11.8485,
	13.672 11.8449,
	13.6744 11.8425,
	13.6761 11.8413,
	13.6791 11.8372,
	13.6833 11.8336,
	13.6987 11.8164,
	13.7028 11.8123,
	13.7034 11.8099,
	13.7076 11.8057,
	13.7212 11.7873,
	13.726 11.7826,
	13.7278 11.7802,
	13.7325 11.7773,
	13.7343 11.7749,
	13.7367 11.7737,
	13.7414 11.7695,
	13.7462 11.7666,
	13.7491 11.7636,
	13.7539 11.7618,
	13.7616 11.7565,
	13.7663 11.7535,
	13.7687 11.7529,
	13.7711 11.7511,
	13.7723 11.7511,
	13.7729 11.75,
	13.7741 11.75,
	13.7758 11.7476,
	13.7806 11.7446,
	13.7853 11.7405,
	13.7895 11.7375,
	13.7913 11.7357,
	13.7924 11.7351,
	13.7924 11.7339,
	13.7972 11.7304,
	13.8008 11.7274,
	13.8097 11.7209,
	13.812 11.7185,
	13.8298 11.7078,
	13.8346 11.7049,
	13.8358 11.7049,
	13.8375 11.7031,
	13.8381 11.7019,
	13.8405 11.7019,
	13.8453 11.7001,
	13.8476 11.6995,
	13.8506 11.6977,
	13.8601 11.6954,
	13.8625 11.6942,
	13.8637 11.6942,
	13.8648 11.693,
	13.8672 11.693,
	13.8696 11.6918,
	13.8886 11.6906,
	13.9076 11.6912,
	13.9123 11.6918,
	13.9218 11.6948,
	13.9242 11.696,
	13.9254 11.696,
	13.9266 11.6971,
	13.9277 11.6971,
	13.9325 11.7013,
	13.9355 11.7049,
	13.942 11.7238,
	13.9432 11.7286,
	13.9444 11.731,
	13.945 11.7357,
	13.9491 11.7399,
	13.9509 11.7411,
	13.9515 11.7422,
	13.9527 11.7422,
	13.955 11.7446,
	13.9645 11.7488,
	13.974 11.7517,
	13.9835 11.7535,
	13.9859 11.7547,
	13.9871 11.7547,
	13.9883 11.7559,
	13.9978 11.7595,
	13.999 11.7595,
	14.0001 11.7606,
	14.0096 11.7636,
	14.012 11.7636,
	14.0126 11.7648,
	14.0173 11.7666,
	14.0363 11.7773,
	14.0458 11.7838,
	14.047 11.7838,
	14.0512 11.7873,
	14.0518 11.7885,
	14.053 11.7885,
	14.0553 11.7909,
	14.0577 11.7921,
	14.0624 11.7962,
	14.0666 11.7992,
	14.0684 11.801,
	14.0696 11.801,
	14.0737 11.804,
	14.0761 11.8063,
	14.0785 11.8075,
	14.0785 11.8087,
	14.082 11.8117,
	14.0897 11.8206,
	14.0927 11.8253,
	14.0933 11.8348,
	14.0933 11.8396,
	14.0933 11.8419,
	14.0897 11.8514,
	14.0891 11.8538,
	14.088 11.855,
	14.0874 11.8597,
	14.0832 11.8686,
	14.0832 11.8698,
	14.0773 11.8781,
	14.0761 11.8793,
	14.0749 11.8793,
	14.0708 11.8829,
	14.0684 11.8841,
	14.0678 11.8853,
	14.0684 11.8864,
	14.066 11.887,
	14.0648 11.8882,
	14.0553 11.8888,
	14.053 11.8888,
	14.0506 11.89,
	14.0316 11.8918,
	13.9936 11.893,
	13.9841 11.8924,
	13.9746 11.8906,
	13.9699 11.8894,
	13.9687 11.8882,
	13.9497 11.8864,
	13.9117 11.8858,
	13.8927 11.8858,
	13.8832 11.887,
	13.8785 11.8876,
	13.8761 11.8888,
	13.8714 11.8894,
	13.8619 11.8942,
	13.8595 11.8959,
	13.8571 11.8965,
	13.8548 11.8983,
	13.8524 11.8989,
	13.8512 11.9001,
	13.85 11.9001,
	13.8494 11.9013,
	13.847 11.9019,
	13.8453 11.9036,
	13.8269 11.9114,
	13.8174 11.9149,
	13.815 11.9155,
	13.8138 11.9167,
	13.8114 11.9167,
	13.8091 11.9185,
	13.8067 11.9191,
	13.8055 11.9191,
	13.8008 11.922,
	13.796 11.9238,
	13.7948 11.9238,
	13.7924 11.9262,
	13.7883 11.9292,
	13.7877 11.9304,
	13.7865 11.9304,
	13.7853 11.9321,
	13.783 11.9327,
	13.7794 11.9357,
	13.7752 11.9398,
	13.7746 11.941,
	13.7723 11.9416,
	13.7646 11.9499,
	13.7622 11.9511,
	13.7545 11.9594,
	13.7497 11.963,
	13.7479 11.9654,
	13.7456 11.9665,
	13.745 11.9677,
	13.7402 11.9689,
	13.739 11.9701,
	13.7367 11.9701,
	13.7272 11.9731,
	13.7177 11.9731,
	13.6987 11.9695,
	13.6892 11.9677,
	13.6868 11.9671,
	13.685 11.9654,
	13.6803 11.9648,
	13.6791 11.9636,
	13.6696 11.9606,
	13.6649 11.9582,
	13.6637 11.9582,
	13.6613 11.9559,
	13.6589 11.9547,
	13.6506 11.9464,
	13.65 11.9416,
	13.6483 11.9398,
	13.6471 11.9351,
	13.6459 11.9327,
	13.6441 11.9232,
	13.6441 11.9042,
	13.6441 11.8995,
	13.6441 11.8971,
	13.6441 11.8959,
	"/>
</Transform>

<Transform dim="0"
 xcoef=" 0 1 0 0 0 0"
 ycoef=" 0 0 1 0 0 0">
<Contour name="d60c33" hidden="false" closed="true" simplified="true" border="0 0 1" fill="0 0 1" mode="11"
 points="13.7117 11.9412,
	13.714 11.9338,
	13.714 11.9329,
	13.715 11.932,
	13.7159 11.9283,
	13.7163 11.9265,
	13.7163 11.9256,
	13.7177 11.9242,
	13.7186 11.9205,
	13.7186 11.9187,
	13.7223 11.9118,
	13.7241 11.91,
	13.7246 11.9081,
	13.726 11.9063,
	13.7264 11.9044,
	13.7315 11.898,
	13.7338 11.8943,
	13.737 11.8911,
	13.7384 11.8893,
	13.7393 11.8884,
	13.7393 11.8875,
	13.7411 11.8861,
	13.742 11.8842,
	13.7457 11.881,
	13.748 11.8778,
	13.7517 11.8751,
	13.7535 11.8732,
	13.7563 11.8714,
	13.7581 11.87,
	13.76 11.8696,
	13.7673 11.8645,
	13.782 11.8576,
	13.7967 11.8526,
	13.8114 11.8461,
	13.8187 11.8425,
	13.8206 11.842,
	13.8215 11.842,
	13.8219 11.8411,
	13.8366 11.8365,
	13.8403 11.8351,
	13.844 11.8347,
	13.8587 11.8305,
	13.866 11.8296,
	13.8669 11.8287,
	13.8706 11.8282,
	13.8743 11.8268,
	13.8816 11.8259,
	13.8853 11.8259,
	13.8927 11.8241,
	13.922 11.8236,
	13.9367 11.8236,
	13.9441 11.8241,
	13.9514 11.8255,
	13.9551 11.8259,
	13.9624 11.8282,
	13.9661 11.8287,
	13.967 11.8296,
	13.9689 11.8296,
	13.9836 11.8351,
	13.9854 11.8356,
	13.9863 11.8356,
	14.0006 11.8443,
	14.0019 11.8461,
	14.0019 11.8471,
	14.0038 11.8484,
	14.007 11.8558,
	14.0079 11.8562,
	14.0079 11.8581,
	14.0088 11.8599,
	14.0097 11.8673,
	14.0093 11.8819,
	14.0088 11.8856,
	14.0042 11.9003,
	14.0038 11.9022,
	14.0029 11.9031,
	13.9978 11.9173,
	13.9969 11.9182,
	13.9969 11.9191,
	13.996 11.9201,
	13.996 11.921,
	13.995 11.9219,
	13.995 11.9237,
	13.9909 11.9311,
	13.9909 11.932,
	13.99 11.9329,
	13.9886 11.9366,
	13.9877 11.9384,
	13.9877 11.9393,
	13.979 11.9536,
	13.9767 11.9573,
	13.9762 11.9591,
	13.9716 11.9664,
	13.9693 11.9696,
	13.9675 11.9715,
	13.967 11.9733,
	13.9661 11.9738,
	13.9661 11.9747,
	13.9634 11.9779,
	13.9634 11.9788,
	13.9615 11.9807,
	13.9606 11.9811,
	13.9592 11.9848,
	13.956 11.988,
	13.9519 11.9949,
	13.9464 12.0009,
	13.9445 12.0013,
	13.9427 12.0027,
	13.9354 12.0055,
	13.928 12.0068,
	13.9133 12.0068,
	13.8986 12.005,
	13.8968 12.0045,
	13.8959 12.0045,
	13.895 12.0036,
	13.8913 12.0032,
	13.8894 12.0032,
	13.8858 12.0018,
	13.8821 12.0013,
	13.8747 11.999,
	13.8738 11.9981,
	13.872 11.9981,
	13.8711 11.9972,
	13.8637 11.9949,
	13.8564 11.9935,
	13.8555 11.9926,
	13.8536 11.9926,
	13.8463 11.9903,
	13.8316 11.9876,
	13.8297 11.9876,
	13.8279 11.9866,
	13.7985 11.9843,
	13.7691 11.9839,
	13.7618 11.9834,
	13.7581 11.983,
	13.7563 11.983,
	13.7526 11.9816,
	13.7453 11.9807,
	13.7416 11.9802,
	13.7398 11.9802,
	13.7379 11.9793,
	13.7342 11.9788,
	13.7269 11.9761,
	13.726 11.9752,
	13.7251 11.9752,
	13.7237 11.9738,
	13.7218 11.9733,
	13.7186 11.9701,
	13.7163 11.9669,
	13.715 11.9651,
	13.7122 11.9577,
	13.7117 11.943,
	13.7117 11.9416,
	"/>
</Transform>

<Transform dim="1"
 xcoef=" 0 1 0 0 0 0"
 ycoef=" 1.64 0 1 0 0 0">
<Contour name="D30" hidden="false" closed="true" simplified="true" border="0 1 1" fill="0 1 1" mode="11"
 points="10.9884 4.20453,
	10.9558 4.2009,
	10.9265 4.18878,
	10.9034 4.16936,
	10.884 4.11666,
	10.8895 4.08855,
	10.9047 4.06294,
	10.9282 4.04236,
	10.9577 4.02885,
	10.9904 4.02372,
	11.023 4.02747,
	11.0524 4.0397,
	11.0758 4.0592,
	11.0908 4.08407,
	11.0957 4.11186,
	11.0902 4.13987,
	11.0748 4.16534,
	11.0509 4.18582,
	11.0212 4.19932,
	"/>
</Transform>

<Transform dim="0"
 xcoef=" 0 1 0 0 0 0"
 ycoef=" 0 0 1 0 0 0">
<Contour name="d39sern30" hidden="false" closed="true" simplified="false" border="1 1 0" fill="0 1 0" mode="-11"
 points="17.5514 6.14501,
	17.5514 6.13674,
	17.5597 6.13674,
	17.5597 6.12848,
	17.5679 6.12848,
	17.5679 6.13674,
	17.5762 6.13674,
	17.5762 6.14501,
	17.5679 6.14501,
	17.5679 6.15328,
	17.5597 6.15328,
	17.5597 6.14501,
	"/>
</Transform>

<Transform dim="0"
 xcoef=" 0 1 0 0 0 0"
 ycoef=" 0 0 1 0 0 0">
<Contour name="d56endos02_cp" hidden="false" closed="true" simplified="true" border="1 0.502 0" fill="1 0 0" mode="11"
 points="16.0832 12.6726,
	16.0836 12.6651,
	16.0849 12.6577,
	16.0871 12.6504,
	16.0902 12.6432,
	16.0941 12.6363,
	16.0988 12.6297,
	16.1043 12.6234,
	16.1105 12.6175,
	16.1173 12.612,
	16.1248 12.6069,
	16.1329 12.6024,
	16.1415 12.5984,
	16.1505 12.595,
	16.1598 12.5922,
	16.1695 12.59,
	16.1794 12.5885,
	16.1895 12.5876,
	16.1996 12.5873,
	16.2097 12.5877,
	16.2197 12.5888,
	16.2295 12.5905,
	16.2391 12.5928,
	16.2484 12.5958,
	16.2573 12.5994,
	16.2658 12.6035,
	16.2737 12.6081,
	16.281 12.6133,
	16.2877 12.6189,
	16.2938 12.6249,
	16.299 12.6313,
	16.3035 12.638,
	16.3072 12.645,
	16.3101 12.6522,
	16.3121 12.6595,
	16.3132 12.667,
	16.3134 12.6745,
	16.3127 12.682,
	16.3112 12.6894,
	16.3088 12.6966,
	16.3055 12.7037,
	16.3014 12.7106,
	16.2965 12.7171,
	16.2908 12.7233,
	16.2845 12.7292,
	16.2774 12.7346,
	16.2698 12.7395,
	16.2616 12.7438,
	16.2529 12.7477,
	16.2438 12.751,
	16.2344 12.7536,
	16.2246 12.7556,
	16.2147 12.757,
	16.2046 12.7578,
	16.1945 12.7579,
	16.1844 12.7573,
	16.1744 12.7561,
	16.1646 12.7542,
	16.1551 12.7517,
	16.1459 12.7486,
	16.1371 12.7449,
	16.1288 12.7406,
	16.121 12.7358,
	16.1138 12.7306,
	16.1073 12.7248,
	16.1014 12.7187,
	16.0964 12.7122,
	16.0921 12.7055,
	16.0886 12.6984,
	16.0859 12.6912,
	16.0842 12.6838,
	"/>
</Transform>

<Transform dim="0"
 xcoef=" 0 1 0 0 0 0"
 ycoef=" 0 0 1 0 0 0">
<Contour name="d05" comment="dch_traced_07.19" hidden="false" closed="true" simplified="true" border="1 1 0" fill="1 1 0" mode="11"
 points="5.04388 10.145,
	5.04976 10.1215,
	5.05123 10.1157,
	5.05416 10.1127,
	5.05416 10.1098,
	5.06885 10.0863,
	5.08795 10.0393,
	5.09088 10.0334,
	5.09235 10.0099,
	5.10557 9.96292,
	5.11145 9.95116,
	5.11145 9.94823,
	5.14229 9.90123,
	5.16286 9.87772,
	5.20986 9.83513,
	5.23336 9.81603,
	5.23923 9.81016,
	5.24511 9.80722,
	5.25098 9.80135,
	5.27448 9.7896,
	5.29799 9.78372,
	5.30386 9.78078,
	5.31561 9.77931,
	5.33911 9.7705,
	5.35086 9.76463,
	5.36261 9.76169,
	5.40961 9.76316,
	5.43312 9.7661,
	5.44487 9.76756,
	5.45074 9.7705,
	5.46249 9.77197,
	5.47424 9.77638,
	5.49774 9.79253,
	5.52124 9.81457,
	5.54181 9.83807,
	5.55356 9.84835,
	5.60056 9.87626,
	5.61231 9.88213,
	5.61819 9.88507,
	5.62112 9.88801,
	5.62406 9.88801,
	5.66959 9.91591,
	5.69309 9.93501,
	5.72688 9.98054,
	5.74303 10.004,
	5.74891 10.0158,
	5.76066 10.0628,
	5.78563 10.1098,
	5.80032 10.1333,
	5.82529 10.1803,
	5.83704 10.2038,
	5.84585 10.2273,
	5.85026 10.2391,
	5.85173 10.2861,
	5.87082 10.3801,
	5.87229 10.3918,
	5.87523 10.3977,
	5.87963 10.4212,
	5.8811 10.4447,
	5.87963 10.4682,
	5.87523 10.4917,
	5.87229 10.5034,
	5.86054 10.5269,
	5.85466 10.5387,
	5.84438 10.5504,
	5.83704 10.5622,
	5.81501 10.5813,
	5.7915 10.5945,
	5.768 10.6018,
	5.76507 10.6048,
	5.74157 10.6136,
	5.69456 10.6239,
	5.67106 10.6327,
	5.65931 10.6371,
	5.65344 10.6371,
	5.64169 10.6415,
	5.61819 10.6459,
	5.52418 10.6488,
	5.47718 10.6488,
	5.45368 10.6444,
	5.4478 10.6444,
	5.4243 10.6356,
	5.41255 10.6298,
	5.4008 10.6195,
	5.39199 10.6077,
	5.37877 10.5842,
	5.36702 10.5769,
	5.36408 10.5754,
	5.35233 10.5783,
	5.32883 10.5783,
	5.31708 10.5769,
	5.3112 10.5754,
	5.29945 10.5651,
	5.29064 10.5534,
	5.2877 10.5416,
	5.28036 10.5299,
	5.26127 10.5064,
	5.23776 10.4843,
	5.22601 10.4741,
	5.20251 10.4594,
	5.17901 10.4403,
	5.15992 10.4182,
	5.14964 10.4065,
	5.14817 10.4006,
	5.14082 10.3889,
	5.13348 10.3654,
	5.12614 10.3184,
	5.11879 10.2949,
	5.10851 10.2714,
	5.0806 10.2244,
	5.04976 10.1774,
	5.04535 10.1656,
	5.04388 10.1539,
	5.04388 10.148,
	5.04388 10.1465,
	"/>
</Transform>

<Transform dim="0"
 xcoef=" 0 1 0 0 0 0"
 ycoef=" 0 0 1 0 0 0">
<Contour name="d30" comment="dch_traced_07.19" hidden="false" closed="true" simplified="true" border="1 1 0" fill="1 1 0" mode="11"
 points="10.4005 4.19053,
	10.4103 4.16828,
	10.4228 4.14603,
	10.4256 4.14325,
	10.427 4.13768,
	10.4311 4.13212,
	10.4325 4.12656,
	10.4478 4.1043,
	10.4854 4.0598,
	10.4951 4.04867,
	10.4993 4.04311,
	10.5104 4.03754,
	10.516 4.03337,
	10.5188 4.03337,
	10.541 4.01807,
	10.5521 4.01251,
	10.5633 4.00416,
	10.5855 3.99165,
	10.6078 3.98469,
	10.6189 3.98469,
	10.63 3.98191,
	10.6523 3.98191,
	10.6745 3.97774,
	10.6857 3.97357,
	10.7302 3.94436,
	10.7747 3.93323,
	10.8637 3.91515,
	10.9082 3.91098,
	10.9527 3.90264,
	10.9749 3.89846,
	10.9972 3.89707,
	11.0083 3.89429,
	11.0973 3.89846,
	11.1196 3.90124,
	11.1641 3.91793,
	11.1863 3.9235,
	11.2754 3.95688,
	11.2976 3.96244,
	11.3866 4.00277,
	11.4089 4.01112,
	11.4311 4.02225,
	11.4423 4.02642,
	11.4478 4.03059,
	11.4701 4.04033,
	11.4923 4.05284,
	11.5035 4.0598,
	11.5257 4.08066,
	11.5438 4.10291,
	11.5674 4.14742,
	11.58 4.16967,
	11.5869 4.1808,
	11.6078 4.20166,
	11.6523 4.23782,
	11.6731 4.25868,
	11.6857 4.28094,
	11.687 4.29206,
	11.6843 4.31432,
	11.6759 4.33657,
	11.6606 4.35743,
	11.6411 4.3769,
	11.6189 4.39359,
	11.6078 4.40055,
	11.5855 4.4075,
	11.5633 4.41167,
	11.5188 4.41446,
	11.4965 4.41863,
	11.4854 4.42419,
	11.4798 4.42697,
	11.4576 4.42976,
	11.4464 4.43393,
	11.4242 4.43671,
	11.4131 4.43671,
	11.3685 4.42697,
	11.324 4.42836,
	11.3129 4.43115,
	11.2684 4.43115,
	11.2462 4.43115,
	11.2016 4.42419,
	11.1571 4.42558,
	11.1349 4.42697,
	11.1238 4.42558,
	11.1015 4.41585,
	11.0904 4.41028,
	11.0848 4.40889,
	11.082 4.40611,
	11.0765 4.40472,
	11.0542 4.3922,
	11.0431 4.38664,
	11.032 4.37829,
	11.0292 4.37829,
	11.0264 4.37551,
	10.9819 4.35743,
	10.9763 4.35604,
	10.9736 4.35326,
	10.929 4.33935,
	10.9179 4.33796,
	10.9124 4.33518,
	10.9068 4.33518,
	10.9012 4.3324,
	10.8567 4.32544,
	10.8122 4.32405,
	10.7232 4.32823,
	10.6342 4.34492,
	10.5897 4.34909,
	10.5452 4.34631,
	10.5229 4.34492,
	10.5118 4.34492,
	10.4673 4.33518,
	10.445 4.32823,
	10.4423 4.32823,
	10.4311 4.31988,
	10.4158 4.29902,
	10.4005 4.21001,
	10.4005 4.19888,
	10.4005 4.19332,
	10.4005 4.19193,
	"/>
</Transform>

<Transform dim="0"
 xcoef=" 0 1 0 0 0 0"
 ycoef=" 0 0 1 0 0 0">
<Contour name="d39" comment="dch_traced_07.19" hidden="false" closed="true" simplified="true" border="1 1 0" fill="1 1 0" mode="11"
 points="16.9828 6.31277,
	16.9908 6.28061,
	16.9928 6.26453,
	17.0049 6.23237,
	17.0129 6.2163,
	17.039 6.18615,
	17.0531 6.17007,
	17.0692 6.16605,
	17.1335 6.16605,
	17.1657 6.16806,
	17.1817 6.17007,
	17.1898 6.17007,
	17.2059 6.1761,
	17.2219 6.17811,
	17.23 6.18012,
	17.2621 6.20022,
	17.2782 6.21027,
	17.3104 6.21228,
	17.3425 6.20625,
	17.3586 6.20223,
	17.4229 6.1761,
	17.4551 6.16404,
	17.4872 6.156,
	17.5033 6.14997,
	17.5355 6.14796,
	17.5676 6.14997,
	17.6319 6.16404,
	17.6641 6.1761,
	17.6802 6.18816,
	17.6922 6.20424,
	17.6922 6.20826,
	17.6983 6.2163,
	17.7023 6.22032,
	17.7023 6.22434,
	17.7123 6.24041,
	17.7244 6.27257,
	17.7405 6.30473,
	17.7907 6.43335,
	17.8008 6.46551,
	17.8148 6.49767,
	17.857 6.56198,
	17.8952 6.62629,
	17.9093 6.65845,
	17.9153 6.67453,
	17.9193 6.70669,
	17.9193 6.771,
	17.9193 6.78708,
	17.9113 6.81923,
	17.9073 6.83531,
	17.8892 6.86747,
	17.861 6.89762,
	17.845 6.90968,
	17.7807 6.93178,
	17.7163 6.96997,
	17.6842 6.98806,
	17.6199 7.0182,
	17.5877 7.03428,
	17.5556 7.04433,
	17.5234 7.05036,
	17.5073 7.05438,
	17.4993 7.05438,
	17.4671 7.06644,
	17.435 7.07448,
	17.3707 7.10061,
	17.3546 7.10865,
	17.3224 7.11668,
	17.3063 7.12472,
	17.2983 7.12874,
	17.2822 7.14281,
	17.2661 7.1408,
	17.2581 7.1408,
	17.1938 7.10463,
	17.1858 7.10061,
	17.1697 7.10061,
	17.1536 7.10664,
	17.1375 7.10664,
	17.1214 7.10262,
	17.1054 7.09257,
	17.0973 7.08453,
	17.0933 7.07649,
	17.0933 7.04433,
	17.1054 6.91571,
	17.1295 6.78708,
	17.1295 6.72276,
	17.1255 6.65845,
	17.1114 6.59414,
	17.0913 6.52982,
	17.0672 6.46551,
	17.0612 6.44943,
	17.033 6.41929,
	17.0189 6.40321,
	17.0009 6.37105,
	16.9948 6.36301,
	16.9948 6.35899,
	16.9888 6.35095,
	16.9828 6.33487,
	16.9828 6.3188,
	16.9828 6.31478,
	"/>
</Transform>

</Section>