<?xml version="1.0"?>
<!DOCTYPE Section SYSTEM "section.dtd">

<Section index="128" thickness="0.0452003" alignLocked="true">
<Transform dim="0"
 xcoef=" 0 1 0 0 0 0"
 ycoef=" 0 0 1 0 0 0">
<Image mag="0.002094" contrast="1.4994" brightness="-0.345" red="true" green="true" blue="true"
 src="129____z6.028.tif" />
<Contour name="domain1" hidden="false" closed="true" simplified="false" border="1 0 1" fill="1 0 1" mode="11"
 points="0 0,
	13099 0,
	13099 7874,
	0 7874,
	"/>
</Transform>

<Transform dim="0"
 xcoef=" 0 1 0 0 0 0"
 ycoef=" 0 0 1 0 0 0">
<Contour name="d39sp22" hidden="false" closed="true" simplified="true" border="1 0 0" fill="1 0 0" mode="11"
 points="9.79866 4.08468,
	9.82531 4.05422,
	9.83673 4.039,
	9.84054 4.02377,
	9.89764 3.97048,
	9.91286 3.96667,
	9.92048 3.95905,
	9.98139 3.95144,
	10.0118 3.95144,
	10.0423 3.95905,
	10.0727 3.97428,
	10.0842 3.98951,
	10.0956 4.01996,
	10.1032 4.03519,
	10.1032 4.05042,
	10.0918 4.06184,
	10.0613 4.06945,
	10.0461 4.08087,
	10.0156 4.09229,
	9.98519 4.11513,
	9.96997 4.12275,
	9.90906 4.11894,
	9.8786 4.12275,
	9.81769 4.11513,
	9.81008 4.11513,
	9.79866 4.09991,
	9.79866 4.08849,
	"/>
<Contour name="D49" hidden="false" closed="true" simplified="true" border="0 1 0" fill="0 1 0" mode="11"
 points="9.44236 9.24855,
	9.42457 9.24701,
	9.40796 9.24112,
	9.39419 9.23145,
	9.38028 9.20489,
	9.38157 9.19064,
	9.38837 9.17757,
	9.4 9.16695,
	9.41529 9.1598,
	9.43272 9.15681,
	9.45057 9.15832,
	9.46708 9.16414,
	9.48066 9.17374,
	9.48998 9.18617,
	9.49415 9.20021,
	9.4928 9.2145,
	9.48608 9.22764,
	9.47465 9.23834,
	9.4596 9.24554,
	"/>
<Contour name="D22" hidden="false" closed="true" simplified="true" border="0 0 1" fill="0 0 1" mode="11"
 points="8.0207 9.21802,
	7.98999 9.21451,
	7.96214 9.20239,
	7.93991 9.18281,
	7.92044 9.12961,
	7.92514 9.10125,
	7.93917 9.07543,
	7.9611 9.0547,
	7.98874 9.0411,
	8.01934 9.03594,
	8.04989 9.0397,
	8.07739 9.05199,
	8.09921 9.07156,
	8.11327 9.09653,
	8.11828 9.12443,
	8.11376 9.15256,
	8.10011 9.17821,
	8.07859 9.19891,
	8.05122 9.21263,
	"/>
<Contour name="D56" hidden="false" closed="true" simplified="true" border="0 0 1" fill="0 0 1" mode="11"
 points="14.8064 8.61977,
	14.7823 8.61437,
	14.7599 8.60108,
	14.7415 8.58123,
	14.723 8.53013,
	14.7249 8.50389,
	14.7343 8.48062,
	14.7504 8.46257,
	14.7715 8.45151,
	14.7956 8.44853,
	14.8201 8.45394,
	14.8428 8.46722,
	14.8612 8.48707,
	14.8738 8.5115,
	14.8791 8.53812,
	14.8767 8.56433,
	14.867 8.5876,
	14.8509 8.60567,
	14.83 8.61677,
	"/>
<Contour name="D39" hidden="false" closed="true" simplified="true" border="0 1 0" fill="0 1 0" mode="11"
 points="11.1121 4.66867,
	11.094 4.66353,
	11.0799 4.65356,
	11.0692 4.62324,
	11.0735 4.60591,
	11.0839 4.58939,
	11.0995 4.57531,
	11.1185 4.56504,
	11.1393 4.55954,
	11.1596 4.55937,
	11.1777 4.56453,
	11.1916 4.57457,
	11.2002 4.58849,
	11.2025 4.60492,
	11.1983 4.62221,
	11.1879 4.63868,
	11.1725 4.65271,
	11.1534 4.66296,
	11.1326 4.66845,
	"/>
<Contour name="D43" hidden="false" closed="true" simplified="true" border="1 0 0" fill="1 0 0" mode="11"
 points="13.0109 6.41527,
	12.9865 6.41116,
	12.9649 6.40024,
	12.9482 6.38358,
	12.935 6.33987,
	12.9398 6.31703,
	12.9518 6.29649,
	12.9698 6.28025,
	12.9922 6.26995,
	13.0167 6.26663,
	13.0408 6.27065,
	13.0625 6.28166,
	13.0795 6.29858,
	13.0899 6.31968,
	13.093 6.34285,
	13.0882 6.36577,
	13.0763 6.3862,
	13.058 6.40216,
	13.0354 6.41217,
	"/>
<Contour name="D89" hidden="false" closed="true" simplified="true" border="0 1 0" fill="0 1 0" mode="11"
 points="21.9437 8.42457,
	21.924 8.42255,
	21.9065 8.41359,
	21.8929 8.39854,
	21.8823 8.35646,
	21.8863 8.33352,
	21.8961 8.31228,
	21.911 8.29482,
	21.9293 8.28289,
	21.9493 8.27768,
	21.9692 8.27971,
	21.9867 8.28878,
	22.0004 8.304,
	22.0087 8.32384,
	22.0109 8.34634,
	22.0069 8.36928,
	21.997 8.3904,
	21.9821 8.40768,
	21.9637 8.41945,
	"/>
<Contour name="D85" hidden="false" closed="true" simplified="true" border="1 1 0" fill="1 1 0" mode="11"
 points="20.2774 5.3162,
	20.2544 5.31129,
	20.2333 5.29737,
	20.2163 5.27575,
	20.2003 5.21828,
	20.2031 5.18791,
	20.213 5.16037,
	20.2289 5.13842,
	20.2494 5.12433,
	20.2724 5.11951,
	20.2957 5.1245,
	20.3169 5.13877,
	20.3338 5.16087,
	20.3449 5.18856,
	20.3491 5.21905,
	20.346 5.24933,
	20.3361 5.27649,
	20.3203 5.29793,
	20.3001 5.31159,
	"/>
<Contour name="D66" hidden="false" closed="true" simplified="true" border="0 0 1" fill="0 0 1" mode="11"
 points="16.6874 12.7004,
	16.6631 12.6943,
	16.6411 12.6788,
	16.6237 12.6552,
	16.6087 12.5943,
	16.6126 12.5632,
	16.6241 12.5357,
	16.6421 12.5148,
	16.6646 12.5024,
	16.6894 12.4995,
	16.7141 12.5063,
	16.7361 12.5219,
	16.7533 12.5448,
	16.764 12.5729,
	16.7675 12.6036,
	16.7631 12.6342,
	16.7516 12.6615,
	16.7339 12.6831,
	16.7118 12.6965,
	"/>
<Contour name="D48" hidden="false" closed="true" simplified="true" border="1 0 0" fill="1 0 0" mode="11"
 points="10.5193 9.41463,
	10.4907 9.41195,
	10.4647 9.40515,
	10.4439 9.39493,
	10.425 9.36872,
	10.4286 9.35543,
	10.4405 9.3438,
	10.4598 9.33496,
	10.4845 9.32966,
	10.5124 9.32833,
	10.5407 9.33108,
	10.5668 9.33761,
	10.588 9.34735,
	10.6023 9.3594,
	10.6082 9.37267,
	10.605 9.3859,
	10.5929 9.39778,
	10.5732 9.40713,
	10.5478 9.41295,
	"/>
<Contour name="D41" hidden="false" closed="true" simplified="true" border="1 0 0" fill="1 0 0" mode="11"
 points="8.06804 6.20536,
	8.04341 6.20499,
	8.02126 6.19931,
	8.00379 6.18892,
	7.98927 6.15861,
	7.9937 6.14178,
	8.00559 6.12605,
	8.02375 6.11293,
	8.04635 6.10368,
	8.07116 6.09913,
	8.09571 6.09966,
	8.11763 6.1052,
	8.1348 6.11521,
	8.14558 6.12878,
	8.14895 6.14464,
	8.1446 6.1613,
	8.13294 6.17717,
	8.11508 6.19066,
	8.09273 6.2004,
	"/>
<Contour name="D16" hidden="false" closed="true" simplified="true" border="0 0 1" fill="0 0 1" mode="11"
 points="4.3107 7.24434,
	4.27722 7.23896,
	4.24751 7.22549,
	4.22459 7.20531,
	4.20709 7.15349,
	4.21406 7.1269,
	4.23081 7.1033,
	4.25551 7.08498,
	4.28552 7.07381,
	4.31772 7.07099,
	4.34906 7.07681,
	4.37689 7.09057,
	4.39897 7.11076,
	4.4134 7.13531,
	4.41862 7.1619,
	4.41372 7.18808,
	4.39872 7.21145,
	4.37486 7.22975,
	4.34445 7.24112,
	"/>
<Contour name="D71" hidden="false" closed="true" simplified="true" border="1 0 0" fill="1 0 0" mode="11"
 points="17.943 10.7981,
	17.9211 10.7934,
	17.9014 10.781,
	17.8858 10.7624,
	17.8722 10.7142,
	17.8758 10.6892,
	17.8859 10.667,
	17.9017 10.6496,
	17.9216 10.6388,
	17.9436 10.6355,
	17.9653 10.6402,
	17.9849 10.6523,
	18.0004 10.6707,
	18.0102 10.6937,
	18.0135 10.7189,
	18.0099 10.744,
	17.9999 10.7664,
	17.9843 10.784,
	17.9647 10.7949,
	"/>
<Contour name="D119" hidden="false" closed="true" simplified="true" border="0 1 1" fill="0 1 1" mode="11"
 points="7.541 7.33718,
	7.52795 7.33541,
	7.51569 7.33166,
	7.50452 7.32601,
	7.49472 7.31859,
	7.48656 7.30959,
	7.48021 7.29923,
	7.47585 7.28778,
	7.47341 7.2628,
	7.47539 7.2499,
	7.47944 7.23717,
	7.48545 7.22492,
	7.49329 7.21345,
	7.50272 7.20307,
	7.51354 7.19402,
	7.52546 7.18653,
	7.5382 7.1808,
	7.55144 7.17694,
	7.56488 7.17506,
	7.57818 7.17518,
	7.59102 7.1773,
	7.60309 7.18132,
	7.61411 7.18716,
	7.6238 7.19465,
	7.63193 7.2036,
	7.63831 7.21378,
	7.64276 7.22495,
	7.64519 7.23685,
	7.64553 7.2492,
	7.64376 7.26171,
	7.63993 7.2741,
	7.63411 7.28608,
	7.62644 7.29737,
	7.61711 7.30769,
	7.60633 7.31679,
	7.59438 7.32444,
	7.58154 7.33045,
	7.56815 7.33464,
	7.55452 7.33691,
	"/>
<Contour name="d66sp15" hidden="false" closed="true" simplified="true" border="1 0 0" fill="1 0 0" mode="11"
 points="15.3405 12.1308,
	15.3177 12.1304,
	15.3064 12.1295,
	15.2841 12.1163,
	15.2729 12.1083,
	15.2523 12.0839,
	15.2427 12.0717,
	15.2371 12.0656,
	15.2152 12.0186,
	15.2056 11.9951,
	15.1975 11.949,
	15.1961 11.9446,
	15.1961 11.9432,
	15.2294 11.8547,
	15.2403 11.8101,
	15.2456 11.7878,
	15.2608 11.7662,
	15.2675 11.7555,
	15.2702 11.75,
	15.2923 11.7347,
	15.3147 11.7323,
	15.3372 11.7328,
	15.3428 11.7318,
	15.3656 11.7437,
	15.3874 11.7669,
	15.405 11.7911,
	15.4329 11.8392,
	15.446 11.8632,
	15.4605 11.91,
	15.4605 11.9554,
	15.4559 12.0003,
	15.4526 12.0227,
	15.451 12.0339,
	15.433 12.0777,
	15.4314 12.0832,
	15.4094 12.104,
	15.3861 12.1219,
	"/>
<Contour name="d119sp19" hidden="false" closed="true" simplified="true" border="1 0 0" fill="1 0 0" mode="11"
 points="8.51241 7.33522,
	8.50922 7.33375,
	8.50355 7.32144,
	8.50326 7.31809,
	8.50167 7.31737,
	8.50225 7.31394,
	8.50081 7.31237,
	8.49969 7.29902,
	8.50034 7.28559,
	8.4998 7.27895,
	8.50376 7.25199,
	8.50616 7.23846,
	8.50671 7.22506,
	8.50899 7.21147,
	8.5094 7.20892,
	8.50954 7.20807,
	8.51245 7.20107,
	8.51353 7.19422,
	8.51498 7.19071,
	8.51524 7.189,
	8.52539 7.17534,
	8.53838 7.16047,
	8.54938 7.14655,
	8.55389 7.14008,
	8.5601 7.13431,
	8.56242 7.13062,
	8.57173 7.12193,
	8.57379 7.11999,
	8.57565 7.11983,
	8.58979 7.10895,
	8.59288 7.10603,
	8.59473 7.10587,
	8.60988 7.094,
	8.61369 7.09281,
	8.6208 7.08692,
	8.6247 7.08483,
	8.62584 7.08297,
	8.62872 7.08185,
	8.63274 7.07886,
	8.63458 7.07872,
	8.63859 7.07575,
	8.6424 7.07457,
	8.64446 7.07264,
	8.67519 7.06069,
	8.6904 7.0562,
	8.72023 7.05292,
	8.73486 7.05413,
	8.74207 7.05568,
	8.74905 7.05903,
	8.75091 7.05898,
	8.7543 7.06156,
	8.7579 7.06237,
	8.75954 7.0641,
	8.77398 7.06741,
	8.80361 7.06999,
	8.8337 7.07137,
	8.86382 7.07497,
	8.86741 7.07687,
	8.8824 7.08013,
	8.89723 7.08519,
	8.91067 7.09367,
	8.91431 7.09559,
	8.92013 7.10278,
	8.92493 7.1167,
	8.92475 7.13024,
	8.92108 7.15688,
	8.91858 7.17006,
	8.91696 7.1733,
	8.91664 7.17494,
	8.91435 7.17649,
	8.91008 7.18294,
	8.90104 7.18836,
	8.86811 7.19976,
	8.8345 7.21595,
	8.83011 7.21844,
	8.82818 7.21843,
	8.82591 7.22011,
	8.80964 7.22434,
	8.80564 7.22521,
	8.80433 7.22692,
	8.80051 7.22695,
	8.79235 7.22958,
	8.78855 7.22963,
	8.7725 7.23419,
	8.76442 7.23694,
	8.74904 7.23911,
	8.70814 7.24083,
	8.69256 7.24593,
	8.68472 7.24895,
	8.67012 7.24987,
	8.65525 7.25257,
	8.62492 7.2667,
	8.60947 7.27809,
	8.60101 7.28557,
	8.59785 7.28838,
	8.59752 7.29011,
	8.5909 7.29746,
	8.58879 7.29934,
	8.58503 7.30562,
	8.57848 7.31299,
	8.57463 7.315,
	8.57344 7.31681,
	8.57167 7.31695,
	8.56681 7.3199,
	8.53708 7.33163,
	8.52284 7.33443,
	"/>
<Contour name="d66sp16" hidden="false" closed="true" simplified="true" border="1 0 0" fill="1 0 0" mode="11"
 points="16.1336 13.6445,
	16.1197 13.6402,
	16.1128 13.6381,
	16.106 13.6326,
	16.0925 13.619,
	16.0691 13.5903,
	16.065 13.5832,
	16.0563 13.5555,
	16.0543 13.5417,
	16.0536 13.5348,
	16.0528 13.5314,
	16.0529 13.5305,
	16.0529 13.5297,
	16.0635 13.5031,
	16.0654 13.4998,
	16.0798 13.4896,
	16.0835 13.4872,
	16.0976 13.4855,
	16.1117 13.4872,
	16.1187 13.4876,
	16.1324 13.5013,
	16.15 13.5297,
	16.1648 13.5579,
	16.1704 13.5719,
	16.1742 13.5858,
	16.1757 13.5927,
	16.17 13.6196,
	16.1589 13.6325,
	16.1444 13.6409,
	16.1372 13.6439,
	"/>
<Contour name="d41sp26" hidden="false" closed="true" simplified="true" border="1 0 0" fill="1 0 0" mode="11"
 points="7.35848 6.16095,
	7.33654 6.15921,
	7.33111 6.15804,
	7.32107 6.15335,
	7.31572 6.15101,
	7.31305 6.14984,
	7.31174 6.14866,
	7.29025 6.14873,
	7.26892 6.15117,
	7.24784 6.15244,
	7.22702 6.15252,
	7.20644 6.15081,
	7.2013 6.15083,
	7.18102 6.14552,
	7.17853 6.14375,
	7.1735 6.14197,
	7.16917 6.1384,
	7.16615 6.13364,
	7.16491 6.11455,
	7.16498 6.11275,
	7.165 6.11215,
	7.16835 6.10737,
	7.17361 6.10319,
	7.1945 6.09244,
	7.19715 6.09064,
	7.19975 6.09005,
	7.22119 6.07511,
	7.22656 6.07213,
	7.23188 6.07033,
	7.23449 6.07033,
	7.23718 6.06914,
	7.23979 6.06914,
	7.24249 6.06795,
	7.26356 6.06797,
	7.27427 6.06678,
	7.27692 6.06678,
	7.27967 6.06559,
	7.281 6.06559,
	7.28242 6.0644,
	7.28786 6.06321,
	7.29058 6.06262,
	7.29133 6.06143,
	7.29402 6.06143,
	7.29958 6.05906,
	7.31058 6.05669,
	7.33241 6.05616,
	7.34344 6.0556,
	7.3547 6.05268,
	7.36583 6.05214,
	7.37691 6.0528,
	7.38774 6.05702,
	7.39886 6.05829,
	7.40453 6.05775,
	7.41573 6.04954,
	7.42425 6.04014,
	7.42888 6.03546,
	7.43411 6.03196,
	7.43698 6.0314,
	7.43925 6.02965,
	7.44505 6.02794,
	7.46873 6.01524,
	7.4806 6.00831,
	7.49972 5.99027,
	7.51673 5.97165,
	7.53771 5.95312,
	7.54811 5.94386,
	7.55391 5.93984,
	7.55682 5.93753,
	7.55958 5.93698,
	7.5824 5.92144,
	7.60478 5.90706,
	7.60609 5.90708,
	7.60346 5.98262,
	7.60508 6.00164,
	7.60496 6.00402,
	7.60489 6.00521,
	7.60683 6.00702,
	7.60726 6.01179,
	7.60974 6.01659,
	7.61018 6.02136,
	7.61012 6.02255,
	7.61205 6.02496,
	7.6125 6.02972,
	7.61684 6.03932,
	7.62353 6.05847,
	7.62538 6.06326,
	7.62597 6.06565,
	7.62794 6.06747,
	7.63472 6.08659,
	7.63779 6.09612,
	7.63966 6.10089,
	7.64545 6.11046,
	7.66036 6.12959,
	7.6681 6.13913,
	7.67449 6.14861,
	7.67767 6.15335,
	7.67832 6.15394,
	7.67697 6.15451,
	7.67434 6.1533,
	7.66912 6.14913,
	7.65849 6.14605,
	7.65581 6.14541,
	7.65446 6.14539,
	7.64915 6.14237,
	7.63841 6.13865,
	7.63574 6.13683,
	7.62489 6.13426,
	7.62356 6.13306,
	7.61808 6.13237,
	7.60715 6.1292,
	7.59611 6.12778,
	7.55123 6.12679,
	7.50556 6.12998,
	7.49413 6.12978,
	7.48264 6.13077,
	7.47684 6.13244,
	7.46537 6.13345,
	7.46248 6.134,
	7.4513 6.12857,
	7.44856 6.12618,
	7.443 6.12316,
	7.43737 6.12193,
	7.43453 6.12189,
	7.4287 6.12479,
	7.42423 6.12946,
	7.42027 6.13884,
	7.41794 6.14353,
	7.41785 6.14588,
	7.41413 6.15056,
	7.40903 6.15463,
	7.40331 6.15695,
	7.39197 6.15924,
	7.36959 6.16037,
	"/>
<Contour name="d119sp21" hidden="false" closed="true" simplified="true" border="1 0 0" fill="1 0 0" mode="11"
 points="6.78739 9.4693,
	6.77568 9.46685,
	6.76988 9.46706,
	6.72395 9.45265,
	6.72086 9.44983,
	6.71794 9.44992,
	6.71484 9.4471,
	6.7119 9.44719,
	6.71027 9.44432,
	6.68754 9.43472,
	6.68143 9.43194,
	6.6751 9.42625,
	6.67203 9.42485,
	6.67182 9.42193,
	6.66202 9.41042,
	6.65667 9.39879,
	6.65471 9.39298,
	6.65148 9.39009,
	6.64209 9.36679,
	6.63858 9.36097,
	6.6336 9.31433,
	6.63365 9.29114,
	6.6333 9.28536,
	6.63739 9.27384,
	6.65239 9.25527,
	6.66482 9.24678,
	6.6774 9.24117,
	6.69005 9.2384,
	6.69635 9.2356,
	6.70901 9.23424,
	6.71532 9.23285,
	6.71845 9.23003,
	6.74205 9.22305,
	6.74831 9.22165,
	6.75145 9.21885,
	6.76398 9.21604,
	6.77023 9.21183,
	6.78271 9.20762,
	6.80608 9.19219,
	6.82938 9.17398,
	6.8464 9.15857,
	6.85565 9.15015,
	6.8618 9.14453,
	6.8665 9.13479,
	6.88187 9.1152,
	6.88491 9.11237,
	6.88496 9.10961,
	6.88799 9.10818,
	6.88957 9.10262,
	6.89722 9.09142,
	6.90798 9.0691,
	6.9157 9.04682,
	6.92039 9.02461,
	6.92347 9.01348,
	6.92372 8.96924,
	6.92075 8.95825,
	6.91777 8.95694,
	6.91776 8.95141,
	6.9057 8.92957,
	6.90268 8.92687,
	6.90266 8.9241,
	6.8981 8.92005,
	6.89807 8.91728,
	6.88262 8.89544,
	6.86695 8.87634,
	6.86372 8.87086,
	6.85267 8.86134,
	6.84467 8.85315,
	6.79807 8.8219,
	6.77378 8.80969,
	6.7495 8.80021,
	6.74617 8.79747,
	6.69504 8.7949,
	6.59255 8.81708,
	6.56661 8.822,
	6.55361 8.82442,
	6.54711 8.82429,
	6.53409 8.82804,
	6.52758 8.82923,
	6.52431 8.83185,
	6.52106 8.83177,
	6.49647 8.84595,
	6.4865 8.85645,
	6.47301 8.87766,
	6.46964 8.88297,
	6.46957 8.88568,
	6.46625 8.8883,
	6.46114 8.899,
	6.46107 8.9017,
	6.45776 8.90434,
	6.4577 8.90704,
	6.45444 8.90832,
	6.45431 8.91375,
	6.44937 8.91772,
	6.44592 8.92852,
	6.43766 8.93926,
	6.43755 8.94472,
	6.42775 8.95549,
	6.4277 8.95822,
	6.41959 8.9677,
	6.41635 8.97314,
	6.40516 8.98125,
	6.35515 8.99887,
	6.34287 8.99886,
	6.33675 8.99748,
	6.32612 8.98782,
	6.30957 8.96992,
	6.29322 8.94795,
	6.28433 8.937,
	6.28437 8.93426,
	6.27121 8.91375,
	6.27013 8.89189,
	6.27038 8.88098,
	6.27041 8.87962,
	6.27355 8.87417,
	6.27363 8.87145,
	6.2767 8.86872,
	6.28003 8.85788,
	6.2817 8.85246,
	6.28635 8.8484,
	6.29767 8.82822,
	6.30411 8.81884,
	6.30737 8.8135,
	6.31053 8.81085,
	6.31065 8.80818,
	6.31381 8.80552,
	6.31392 8.80286,
	6.31704 8.80154,
	6.31716 8.79888,
	6.32033 8.79624,
	6.32045 8.79358,
	6.33509 8.77513,
	6.34149 8.7699,
	6.34807 8.76073,
	6.3658 8.74382,
	6.37545 8.73474,
	6.39925 8.71798,
	6.40552 8.71543,
	6.40874 8.71153,
	6.41971 8.7051,
	6.42594 8.70254,
	6.42909 8.69994,
	6.43216 8.69998,
	6.45544 8.68835,
	6.47855 8.6726,
	6.48924 8.66333,
	6.50586 8.64594,
	6.51484 8.63651,
	6.51779 8.63112,
	6.52078 8.62975,
	6.52074 8.62705,
	6.53998 8.60931,
	6.55177 8.59967,
	6.56056 8.59137,
	6.58115 8.57874,
	6.60309 8.5632,
	6.61325 8.5547,
	6.62039 8.54485,
	6.63914 8.52634,
	6.66083 8.50762,
	6.67967 8.49305,
	6.70292 8.47822,
	6.70876 8.47519,
	6.71164 8.47227,
	6.71459 8.47215,
	6.71599 8.4693,
	6.73937 8.45846,
	6.74521 8.45538,
	6.74816 8.45523,
	6.75103 8.45229,
	6.754 8.45214,
	6.75539 8.44926,
	6.77884 8.43959,
	6.79059 8.43609,
	6.81432 8.4346,
	6.82031 8.43562,
	6.82327 8.43542,
	6.82634 8.43802,
	6.83233 8.439,
	6.84163 8.4482,
	6.84186 8.45383,
	6.84507 8.45923,
	6.84614 8.48173,
	6.84674 8.49298,
	6.84706 8.4986,
	6.85824 8.5091,
	6.87079 8.51668,
	6.8821 8.52717,
	6.88402 8.53271,
	6.88713 8.53389,
	6.88734 8.53673,
	6.8923 8.54204,
	6.89426 8.54759,
	6.89739 8.54877,
	6.90974 8.56925,
	6.9138 8.58039,
	6.91733 8.58586,
	6.91788 8.59154,
	6.92143 8.59702,
	6.9267 8.61962,
	6.93283 8.66516,
	6.94259 8.68755,
	6.94587 8.69023,
	6.95533 8.71123,
	6.97352 8.73174,
	6.98467 8.74116,
	7.01531 8.78098,
	7.02958 8.803,
	7.04634 8.82199,
	7.05088 8.82742,
	7.05386 8.83009,
	7.05395 8.83293,
	7.08521 8.87507,
	7.0896 8.88046,
	7.08963 8.88328,
	7.11721 8.92541,
	7.12296 8.93494,
	7.12296 8.93774,
	7.12583 8.94041,
	7.12583 8.94321,
	7.13866 8.96498,
	7.14578 8.97582,
	7.14718 8.98134,
	7.15144 8.98673,
	7.15284 8.99226,
	7.15569 8.99352,
	7.16126 9.01561,
	7.16402 9.02665,
	7.16526 9.04892,
	7.16515 9.06009,
	7.16217 9.07136,
	7.14758 9.09428,
	7.14464 9.09997,
	7.14173 9.10287,
	7.1417 9.10565,
	7.13881 9.10717,
	7.13878 9.10995,
	7.12268 9.13145,
	7.11677 9.1428,
	7.11385 9.14569,
	7.11381 9.14847,
	7.10054 9.16981,
	7.09319 9.17841,
	7.09315 9.18119,
	7.09022 9.18407,
	7.09018 9.18686,
	7.08726 9.18835,
	7.08722 9.19112,
	7.0828 9.19683,
	7.0783 9.20671,
	7.07088 9.21806,
	7.06793 9.22095,
	7.06789 9.22372,
	7.05302 9.24503,
	7.05148 9.25062,
	7.04853 9.2535,
	7.04399 9.26335,
	7.03053 9.28461,
	7.01418 9.30317,
	7.0053 9.3104,
	6.9949 9.32186,
	6.97713 9.33773,
	6.95787 9.35931,
	6.95492 9.3636,
	6.93579 9.38529,
	6.92703 9.39545,
	6.9212 9.4013,
	6.91395 9.41005,
	6.89228 9.4279,
	6.84921 9.4539,
	6.8278 9.46483,
	6.8221 9.46794,
	"/>
<Contour name="d119sp21" hidden="false" closed="true" simplified="true" border="1 0 0" fill="1 0 0" mode="11"
 points="7.17493 8.06509,
	7.16478 8.06166,
	7.146 8.04976,
	7.13869 8.0411,
	7.13635 8.03659,
	7.13648 8.03416,
	7.12581 8.01628,
	7.12037 7.99769,
	7.12136 7.95903,
	7.12492 7.92002,
	7.12468 7.90063,
	7.12175 7.88143,
	7.12092 7.87173,
	7.10953 7.83334,
	7.10055 7.79438,
	7.09941 7.78949,
	7.09685 7.78717,
	7.09227 7.76756,
	7.09163 7.74767,
	7.09168 7.74643,
	7.09172 7.74517,
	7.09606 7.73496,
	7.09615 7.73246,
	7.10031 7.72724,
	7.10559 7.72818,
	7.11193 7.73652,
	7.11185 7.739,
	7.11951 7.74723,
	7.13072 7.76634,
	7.13838 7.77324,
	7.14461 7.78268,
	7.15223 7.78952,
	7.15472 7.79302,
	7.16503 7.79838,
	7.17268 7.8039,
	7.18289 7.8104,
	7.20348 7.81838,
	7.2244 7.81895,
	7.24518 7.82184,
	7.28705 7.82142,
	7.30806 7.82053,
	7.39333 7.80617,
	7.41484 7.80288,
	7.42558 7.80185,
	7.43653 7.79844,
	7.4798 7.79561,
	7.50162 7.79367,
	7.507 7.7944,
	7.50141 7.81394,
	7.49965 7.81883,
	7.49673 7.82144,
	7.49635 7.82622,
	7.48527 7.84605,
	7.47025 7.86493,
	7.46146 7.87387,
	7.46127 7.87623,
	7.44253 7.89301,
	7.43107 7.90333,
	7.42259 7.90992,
	7.4113 7.91909,
	7.40562 7.92426,
	7.39721 7.93088,
	7.37624 7.94804,
	7.35567 7.96177,
	7.31264 7.98271,
	7.30989 7.98537,
	7.30728 7.98566,
	7.30581 7.98817,
	7.3032 7.98846,
	7.28147 8.00508,
	7.27056 8.01464,
	7.2637 8.0214,
	7.2583 8.02561,
	7.2555 8.02951,
	7.24594 8.03904,
	7.23782 8.04602,
	7.22712 8.05337,
	7.20604 8.06211,
	7.18527 8.06489,
	"/>
<Contour name="d41sp25" hidden="false" closed="true" simplified="true" border="1 0 0" fill="1 0 0" mode="11"
 points="6.89413 7.02124,
	6.87055 7.01629,
	6.86 6.99921,
	6.85849 6.99459,
	6.85846 6.99226,
	6.85553 6.99119,
	6.8555 6.98886,
	6.8467 6.98096,
	6.83504 6.97196,
	6.81918 6.95835,
	6.80917 6.95274,
	6.80207 6.94586,
	6.78096 6.93221,
	6.75075 6.90083,
	6.73991 6.89149,
	6.72908 6.88452,
	6.72106 6.87749,
	6.71839 6.87514,
	6.71846 6.87274,
	6.71447 6.86922,
	6.70965 6.85014,
	6.70697 6.84898,
	6.70769 6.82978,
	6.70809 6.82017,
	6.70814 6.81898,
	6.71107 6.81414,
	6.71129 6.80932,
	6.7114 6.80692,
	6.71424 6.80449,
	6.71743 6.79483,
	6.72471 6.78633,
	6.73478 6.77778,
	6.73912 6.77413,
	6.75032 6.77158,
	6.75601 6.7691,
	6.75879 6.76906,
	6.76172 6.76661,
	6.77311 6.76285,
	6.77895 6.75916,
	6.78175 6.75912,
	6.79341 6.75294,
	6.79624 6.75289,
	6.81711 6.73814,
	6.82736 6.73436,
	6.83926 6.72816,
	6.84959 6.72436,
	6.85248 6.7243,
	6.85409 6.72189,
	6.90156 6.70652,
	6.92539 6.69879,
	6.94934 6.68866,
	6.95539 6.68495,
	6.95831 6.68486,
	6.98215 6.67355,
	7.00566 6.66576,
	7.01145 6.66557,
	7.01297 6.66317,
	7.01876 6.66297,
	7.042 6.65515,
	7.05355 6.65123,
	7.0593 6.64985,
	7.06218 6.64742,
	7.10767 6.63518,
	7.13013 6.62848,
	7.17469 6.62309,
	7.18572 6.62032,
	7.19121 6.61778,
	7.20221 6.61615,
	7.20491 6.61373,
	7.2104 6.61349,
	7.2213 6.60958,
	7.2648 6.60201,
	7.28642 6.59885,
	7.308 6.59801,
	7.32945 6.59494,
	7.41469 6.59123,
	7.43585 6.58959,
	7.44642 6.58937,
	7.457 6.58688,
	7.4992 6.58394,
	7.52024 6.58371,
	7.53067 6.58589,
	7.53588 6.58699,
	7.54095 6.59148,
	7.54451 6.60054,
	7.54564 6.6051,
	7.54267 6.61426,
	7.54259 6.61655,
	7.53991 6.61887,
	7.53982 6.62116,
	7.52627 6.63746,
	7.51949 6.64681,
	7.51683 6.64918,
	7.51676 6.65149,
	7.51005 6.65975,
	7.50739 6.66212,
	7.50732 6.66445,
	7.50468 6.66684,
	7.50325 6.67153,
	7.49924 6.67629,
	7.49918 6.67863,
	7.48326 6.69537,
	7.47531 6.70378,
	7.45573 6.71485,
	7.44533 6.71864,
	7.44011 6.72113,
	7.43495 6.72126,
	7.42453 6.72506,
	7.41415 6.72651,
	7.40893 6.72902,
	7.40374 6.72915,
	7.38411 6.73796,
	7.37359 6.74418,
	7.36958 6.74903,
	7.36433 6.75155,
	7.35373 6.76015,
	7.34845 6.76268,
	7.34313 6.76758,
	7.33253 6.77384,
	7.32725 6.77519,
	7.32192 6.7789,
	7.31929 6.77899,
	7.31394 6.78272,
	7.30865 6.78407,
	7.30596 6.78653,
	7.29529 6.79043,
	7.27397 6.79232,
	7.23087 6.79031,
	7.20895 6.79115,
	7.16448 6.78706,
	7.14748 6.7878,
	7.14174 6.79042,
	7.13883 6.79292,
	7.12728 6.79698,
	7.12146 6.79961,
	7.11858 6.79974,
	7.11271 6.80356,
	7.10688 6.80501,
	7.08466 6.81786,
	7.07561 6.82657,
	7.06806 6.83283,
	7.05123 6.85137,
	7.03734 6.86859,
	7.01886 6.88835,
	7.01268 6.89571,
	7.00957 6.90058,
	7.00653 6.9019,
	7.00648 6.90426,
	6.98957 6.9227,
	6.97576 6.94212,
	6.97116 6.95171,
	6.97114 6.95406,
	6.96812 6.95536,
	6.95754 6.97454,
	6.95454 6.97934,
	6.95454 6.98168,
	6.95155 6.98414,
	6.94711 6.99365,
	6.94266 6.99732,
	6.94268 6.99964,
	6.9236 7.01782,
	6.91772 7.02036,
	"/>
<Contour name="d119c21" hidden="false" closed="true" simplified="true" border="0 0 1" fill="0 0 1" mode="11"
 points="6.86508 9.09439,
	6.85425 9.09391,
	6.84338 9.09219,
	6.83794 9.09039,
	6.8325 9.08673,
	6.82978 9.0849,
	6.82843 9.08244,
	6.82707 9.08183,
	6.8272 9.07196,
	6.82721 9.07134,
	6.83998 9.03176,
	6.84349 9.02186,
	6.8435 9.02062,
	6.84488 9.01938,
	6.84699 9.00949,
	6.84837 9.007,
	6.85186 8.98722,
	6.85392 8.97732,
	6.85392 8.97238,
	6.85528 8.96742,
	6.85525 8.95754,
	6.85655 8.94764,
	6.85706 8.92785,
	6.85897 8.91792,
	6.85957 8.91296,
	6.85955 8.91172,
	6.86089 8.91046,
	6.86148 8.9055,
	6.86605 8.8955,
	6.86667 8.893,
	6.86996 8.88797,
	6.87264 8.88605,
	6.87328 8.88479,
	6.88409 8.88269,
	6.89491 8.88306,
	6.91591 8.89056,
	6.92063 8.89292,
	6.92876 8.90014,
	6.93282 8.90437,
	6.93416 8.90494,
	6.93417 8.90619,
	6.93821 8.91042,
	6.94021 8.9116,
	6.94627 8.92134,
	6.94961 8.9262,
	6.95093 8.92864,
	6.95226 8.92983,
	6.95227 8.93108,
	6.9536 8.93227,
	6.95361 8.93475,
	6.9556 8.93965,
	6.95759 8.94951,
	6.95821 8.96931,
	6.95883 8.97919,
	6.95882 8.98166,
	6.95749 8.98419,
	6.95545 8.99415,
	6.95345 8.99916,
	6.95204 9.00909,
	6.95202 9.01156,
	6.95068 9.01408,
	6.94998 9.01904,
	6.94318 9.03901,
	6.94117 9.04154,
	6.94048 9.04403,
	6.9331 9.05411,
	6.92906 9.05916,
	6.92771 9.06166,
	6.92503 9.0642,
	6.92166 9.06799,
	6.91291 9.07683,
	6.90284 9.08323,
	6.90014 9.08514,
	6.88938 9.08967,
	6.88399 9.091,
	6.88129 9.09228,
	6.8786 9.09232,
	6.87589 9.09361,
	"/>
<Contour name="d119c21" hidden="false" closed="true" simplified="true" border="0 0 1" fill="0 0 1" mode="11"
 points="6.81433 8.87025,
	6.80307 8.86788,
	6.80027 8.86791,
	6.78892 8.86491,
	6.78747 8.86368,
	6.76461 8.85761,
	6.76313 8.85638,
	6.7401 8.85086,
	6.73427 8.84838,
	6.72848 8.84715,
	6.72557 8.84591,
	6.72408 8.84467,
	6.71897 8.84281,
	6.71607 8.84219,
	6.71019 8.8391,
	6.69973 8.82985,
	6.69593 8.82493,
	6.69119 8.81511,
	6.68454 8.7955,
	6.6843 8.79061,
	6.68417 8.78817,
	6.68414 8.78755,
	6.6855 8.78633,
	6.68544 8.78511,
	6.68947 8.78021,
	6.69217 8.77775,
	6.70032 8.77098,
	6.71057 8.76478,
	6.71199 8.76477,
	6.71399 8.76291,
	6.72518 8.76097,
	6.73642 8.76024,
	6.74783 8.76196,
	6.75355 8.76313,
	6.75434 8.76435,
	6.76581 8.76729,
	6.77606 8.77272,
	6.78049 8.77576,
	6.78571 8.78002,
	6.78864 8.78184,
	6.79004 8.78181,
	6.79153 8.78304,
	6.80302 8.7872,
	6.80873 8.78897,
	6.82028 8.79498,
	6.82542 8.79924,
	6.82977 8.80228,
	6.83796 8.81147,
	6.84169 8.81638,
	6.84315 8.81759,
	6.84781 8.82747,
	6.84932 8.82993,
	6.84979 8.83989,
	6.84933 8.84488,
	6.84875 8.84737,
	6.84156 8.85683,
	6.83086 8.86632,
	6.82542 8.8695,
	"/>
<Contour name="d119sp23" hidden="false" closed="true" simplified="true" border="1 0 0" fill="1 0 0" mode="11"
 points="6.45247 7.50646,
	6.44406 7.50501,
	6.43986 7.50518,
	6.40658 7.4966,
	6.39836 7.49331,
	6.39425 7.49167,
	6.39219 7.49174,
	6.39015 7.49002,
	6.38809 7.49009,
	6.37493 7.47888,
	6.36599 7.46574,
	6.36205 7.45871,
	6.36003 7.45788,
	6.35422 7.44375,
	6.35429 7.44018,
	6.35233 7.43666,
	6.35263 7.42238,
	6.3527 7.41881,
	6.35272 7.41792,
	6.35274 7.41703,
	6.35794 7.40975,
	6.36102 7.40788,
	6.36515 7.4042,
	6.37233 7.39956,
	6.37644 7.39677,
	6.37847 7.39671,
	6.37952 7.39491,
	6.38668 7.39203,
	6.39288 7.38565,
	6.40111 7.37921,
	6.41239 7.37005,
	6.41752 7.36461,
	6.42467 7.35911,
	6.42774 7.35638,
	6.42978 7.35632,
	6.43283 7.3536,
	6.4492 7.35049,
	6.45125 7.35043,
	6.45332 7.35211,
	6.46156 7.35361,
	6.46361 7.35355,
	6.4657 7.35524,
	6.46982 7.35511,
	6.47191 7.35679,
	6.47398 7.35673,
	6.47816 7.3601,
	6.49283 7.36925,
	6.49701 7.36998,
	6.49912 7.37166,
	6.51594 7.3763,
	6.52015 7.37702,
	6.52228 7.37869,
	6.55407 7.38621,
	6.56257 7.38762,
	6.57116 7.39164,
	6.57661 7.39753,
	6.57997 7.40439,
	6.58025 7.4184,
	6.57727 7.43261,
	6.57416 7.4398,
	6.57206 7.44341,
	6.57208 7.44518,
	6.56995 7.44704,
	6.56679 7.45426,
	6.55612 7.46713,
	6.55077 7.4736,
	6.53573 7.48674,
	6.53142 7.4905,
	6.52712 7.49247,
	6.52281 7.49624,
	6.51423 7.49841,
	6.51208 7.5003,
	6.49496 7.50196,
	6.47789 7.50539,
	"/>
<Contour name="d119sp23" hidden="false" closed="true" simplified="true" border="1 0 0" fill="1 0 0" mode="11"
 points="6.70332 7.34143,
	6.68766 7.33889,
	6.67964 7.33447,
	6.66056 7.31003,
	6.64523 7.28547,
	6.64114 7.28247,
	6.64066 7.27622,
	6.63392 7.2639,
	6.63342 7.25765,
	6.6267 7.24531,
	6.6243 7.2391,
	6.62405 7.23598,
	6.62 7.23296,
	6.60861 7.20811,
	6.5937 7.18322,
	6.5873 7.1707,
	6.58711 7.16752,
	6.58319 7.16443,
	6.57074 7.13919,
	6.5669 7.13607,
	6.56084 7.12337,
	6.55119 7.11068,
	6.55109 7.10747,
	6.54738 7.10592,
	6.54154 7.0931,
	6.53785 7.09155,
	6.53777 7.08832,
	6.52659 7.07553,
	6.52653 7.07228,
	6.52285 7.06909,
	6.5228 7.06585,
	6.51915 7.06428,
	6.51911 7.06102,
	6.49543 7.03688,
	6.48281 7.02723,
	6.47563 7.02242,
	6.47384 7.01916,
	6.47025 7.0192,
	6.46846 7.01595,
	6.46131 7.0144,
	6.43461 6.99831,
	6.42751 6.99511,
	6.42395 6.99515,
	6.42042 6.99191,
	6.41687 6.99195,
	6.40275 6.9839,
	6.39569 6.98069,
	6.39216 6.98074,
	6.39043 6.97747,
	6.36231 6.96796,
	6.35879 6.96802,
	6.35531 6.96476,
	6.35179 6.96482,
	6.34832 6.96156,
	6.34481 6.96161,
	6.33961 6.95674,
	6.31169 6.94892,
	6.28389 6.93782,
	6.27695 6.93465,
	6.27346 6.93472,
	6.27002 6.93147,
	6.2561 6.92679,
	6.24211 6.92545,
	6.23515 6.92229,
	6.17848 6.91893,
	6.12023 6.91947,
	6.07531 6.92152,
	6.01389 6.93462,
	5.9829 6.94291,
	5.95193 6.95448,
	5.94423 6.95489,
	5.91351 6.96475,
	5.89825 6.97048,
	5.88307 6.97288,
	5.87552 6.97654,
	5.81574 6.98091,
	5.80099 6.97986,
	5.79366 6.98015,
	5.78998 6.977,
	5.77903 6.97741,
	5.77538 6.97424,
	5.74643 6.96694,
	5.74284 6.96706,
	5.74105 6.96379,
	5.73746 6.9639,
	5.73388 6.96068,
	5.7303 6.96079,
	5.72673 6.95757,
	5.72316 6.95768,
	5.72139 6.95439,
	5.71784 6.9545,
	5.71076 6.94801,
	5.70727 6.94141,
	5.70745 6.92801,
	5.70747 6.92633,
	5.71836 6.9143,
	5.77666 6.88401,
	5.78412 6.87871,
	5.78606 6.87527,
	5.78971 6.87515,
	5.80286 6.86626,
	5.83292 6.85502,
	5.84803 6.85104,
	5.85196 6.8475,
	5.85949 6.84718,
	5.86722 6.84347,
	5.99054 6.8357,
	6.05248 6.83077,
	6.08316 6.82589,
	6.09833 6.82349,
	6.11316 6.8245,
	6.14209 6.83336,
	6.17095 6.83562,
	6.22787 6.83386,
	6.25586 6.83484,
	6.25936 6.83476,
	6.26269 6.83805,
	6.29034 6.8442,
	6.30417 6.84729,
	6.31103 6.85052,
	6.33891 6.85342,
	6.35282 6.85656,
	6.381 6.85616,
	6.43749 6.86218,
	6.45164 6.86537,
	6.46595 6.86523,
	6.48017 6.86843,
	6.59573 6.87413,
	6.65447 6.87693,
	6.68424 6.87661,
	6.69913 6.87974,
	6.7029 6.8797,
	6.71392 6.89112,
	6.72699 6.89918,
	6.74215 6.90388,
	6.75736 6.91182,
	6.76876 6.92475,
	6.77259 6.92795,
	6.77255 6.93122,
	6.79586 6.95358,
	6.80571 6.96474,
	6.81965 6.97736,
	6.82572 6.98854,
	6.83589 7.00117,
	6.83993 7.00266,
	6.83999 7.00589,
	6.86462 7.026,
	6.8791 7.03672,
	6.88536 7.04289,
	6.88781 7.05559,
	6.88476 7.08115,
	6.88491 7.08432,
	6.88103 7.08763,
	6.87764 7.10042,
	6.86822 7.1118,
	6.8626 7.1183,
	6.85681 7.12165,
	6.83851 7.14585,
	6.83247 7.17109,
	6.83437 7.22091,
	6.83622 7.24577,
	6.83515 7.25828,
	6.82521 7.28361,
	6.82367 7.28992,
	6.82001 7.29318,
	6.8202 7.2963,
	6.81656 7.29956,
	6.81674 7.30269,
	6.80203 7.31418,
	6.79837 7.31745,
	6.78522 7.32262,
	6.77763 7.32446,
	6.77589 7.32767,
	6.77205 7.32781,
	6.76838 7.33109,
	6.76455 7.33123,
	6.76088 7.33452,
	6.75319 7.3348,
	6.74952 7.33809,
	6.71877 7.34083,
	"/>
<Contour name="d39sp24" hidden="false" closed="true" simplified="true" border="1 0 0" fill="1 0 0" mode="11"
 points="11.5742 4.15297,
	11.5647 4.15145,
	11.5598 4.15179,
	11.5224 4.14192,
	11.5133 4.13739,
	11.5109 4.13761,
	11.5031 4.13195,
	11.4998 4.13013,
	11.4966 4.12617,
	11.4968 4.124,
	11.4945 4.12316,
	11.4949 4.11882,
	11.4928 4.11689,
	11.4948 4.082,
	11.4956 4.07317,
	11.496 4.06873,
	11.4962 4.06651,
	11.4963 4.0654,
	11.4983 4.05637,
	11.5068 4.03886,
	11.5111 4.0295,
	11.5177 4.01989,
	11.5179 4.01762,
	11.5334 4.00152,
	11.573 3.96877,
	11.5808 3.96138,
	11.6203 3.9349,
	11.6305 3.92863,
	11.6319 3.92625,
	11.6344 3.92614,
	11.6383 3.9225,
	11.6408 3.92239,
	11.6498 3.91506,
	11.6524 3.91265,
	11.6548 3.91255,
	11.6562 3.91017,
	11.6612 3.90998,
	11.6626 3.90761,
	11.6651 3.90752,
	11.6677 3.9051,
	11.6778 3.90243,
	11.6829 3.89995,
	11.7234 3.8953,
	11.7637 3.89552,
	11.7838 3.89626,
	11.8039 3.89934,
	11.8089 3.89925,
	11.8139 3.90147,
	11.8541 3.90654,
	11.8744 3.90507,
	11.8846 3.90376,
	11.9659 3.90606,
	11.9862 3.90693,
	12.0267 3.91327,
	12.0469 3.91642,
	12.0879 3.91686,
	12.0982 3.91665,
	12.1084 3.91875,
	12.1135 3.91864,
	12.1159 3.92089,
	12.1259 3.92412,
	12.1614 3.94971,
	12.17 3.95636,
	12.1787 3.96068,
	12.1846 3.96737,
	12.1896 3.9695,
	12.1931 3.97396,
	12.1956 3.97502,
	12.1955 3.97732,
	12.204 3.98502,
	12.2097 3.99396,
	12.2133 3.99839,
	12.2235 4.03445,
	12.2222 4.05267,
	12.2218 4.05721,
	12.216 4.06649,
	12.209 4.07351,
	12.1996 4.07948,
	12.1579 4.08403,
	12.1474 4.08539,
	12.1447 4.08769,
	12.1236 4.0926,
	12.121 4.09265,
	12.1182 4.09494,
	12.1131 4.09503,
	12.1024 4.09968,
	12.0998 4.09972,
	12.097 4.102,
	12.0945 4.10203,
	12.0836 4.10779,
	12.0744 4.11013,
	12.0729 4.11239,
	12.0624 4.11474,
	12.0598 4.11476,
	12.0583 4.11702,
	12.0376 4.11833,
	12.0172 4.11738,
	12.007 4.11522,
	12.0046 4.11301,
	11.9946 4.11084,
	11.992 4.11086,
	11.991 4.10864,
	11.9707 4.10544,
	11.9656 4.10547,
	11.9645 4.10324,
	11.9542 4.10332,
	11.9341 4.10013,
	11.9138 4.09916,
	11.8729 4.10174,
	11.8524 4.10305,
	11.8319 4.10658,
	11.8215 4.1089,
	11.8164 4.11008,
	11.8149 4.1123,
	11.8098 4.11236,
	11.7891 4.11811,
	11.7685 4.12169,
	11.7283 4.12237,
	11.708 4.12498,
	11.6668 4.13803,
	11.6565 4.14159,
	11.6465 4.14303,
	11.6413 4.14537,
	11.6363 4.14556,
	11.6336 4.14783,
	11.6136 4.15083,
	"/>
<Contour name="d119sp24" hidden="false" closed="true" simplified="true" border="1 0 0" fill="1 0 0" mode="11"
 points="6.84344 6.20654,
	6.81194 6.20385,
	6.74978 6.19014,
	6.71863 6.18896,
	6.65666 6.17848,
	6.59471 6.15628,
	6.57912 6.14982,
	6.5751 6.14969,
	6.57136 6.14562,
	6.55548 6.14121,
	6.54766 6.13705,
	6.53952 6.13685,
	6.53777 6.13285,
	6.52158 6.13053,
	6.51366 6.12643,
	6.50544 6.12629,
	6.4975 6.12222,
	6.48926 6.12211,
	6.48129 6.11807,
	6.47301 6.11799,
	6.46917 6.11399,
	6.404 6.09796,
	6.3716 6.08815,
	6.36334 6.0882,
	6.33122 6.0765,
	6.31507 6.07265,
	6.31097 6.07269,
	6.30715 6.06874,
	6.29895 6.06881,
	6.28301 6.06298,
	6.27526 6.05706,
	6.27118 6.0571,
	6.26737 6.05314,
	6.2633 6.05318,
	6.25192 6.04128,
	6.24639 6.03332,
	6.24544 6.01929,
	6.2456 6.01728,
	6.25427 6.0112,
	6.25462 6.00717,
	6.26336 6.0011,
	6.26785 5.99706,
	6.27196 5.99703,
	6.27649 5.993,
	6.29366 5.98689,
	6.36109 5.98268,
	6.39465 5.98466,
	6.41105 5.98867,
	6.41474 5.99266,
	6.44726 6.00272,
	6.46335 6.00879,
	6.47152 6.01085,
	6.47573 6.01089,
	6.4794 6.01489,
	6.51133 6.0272,
	6.54345 6.03572,
	6.55116 6.03987,
	6.55935 6.04006,
	6.59052 6.05086,
	6.59406 6.05495,
	6.60206 6.05521,
	6.63236 6.06824,
	6.64758 6.07281,
	6.65105 6.07694,
	6.65884 6.07725,
	6.68858 6.09045,
	6.71915 6.0937,
	6.75015 6.09089,
	6.76581 6.08746,
	6.77365 6.08572,
	6.77748 6.08585,
	6.78165 6.08199,
	6.81304 6.07495,
	6.84488 6.06379,
	6.86084 6.05818,
	6.87653 6.05652,
	6.90735 6.06312,
	6.92282 6.06738,
	6.95445 6.06785,
	6.97046 6.06607,
	6.97842 6.06617,
	6.98662 6.06229,
	6.99061 6.06234,
	7.00717 6.05258,
	7.01353 6.04669,
	7.04455 6.03309,
	7.11083 6.01581,
	7.11494 6.01584,
	7.11935 6.01191,
	7.13618 6.00807,
	7.15348 6.00027,
	7.15765 6.0003,
	7.16219 5.99637,
	7.19708 5.98476,
	7.215 5.977,
	7.23266 5.9732,
	7.26921 5.95975,
	7.27853 5.95591,
	7.28294 5.95595,
	7.28568 5.95206,
	7.30396 5.94834,
	7.34201 5.93321,
	7.36147 5.92378,
	7.3816 5.91055,
	7.41639 5.88997,
	7.43189 5.87684,
	7.45171 5.86383,
	7.48306 5.84537,
	7.50226 5.83242,
	7.5328 5.81206,
	7.54008 5.8046,
	7.54198 5.80651,
	7.55383 5.79533,
	7.56306 5.78788,
	7.56784 5.78228,
	7.58564 5.77112,
	7.6142 5.75244,
	7.62931 5.74307,
	7.63777 5.73932,
	7.65403 5.73932,
	7.66532 5.7506,
	7.67229 5.76566,
	7.67114 5.78076,
	7.65855 5.81103,
	7.64716 5.82428,
	7.63599 5.83374,
	7.63568 5.83754,
	7.61025 5.86405,
	7.60055 5.87734,
	7.57418 5.90578,
	7.55758 5.91901,
	7.55261 5.92471,
	7.51726 5.94345,
	7.50028 5.95477,
	7.49575 5.9547,
	7.4908 5.95849,
	7.48626 5.95842,
	7.48358 5.96225,
	7.47903 5.96218,
	7.45971 5.97157,
	7.44076 5.97712,
	7.43574 5.98093,
	7.41719 5.98265,
	7.40759 5.98642,
	7.40302 5.98637,
	7.398 5.9902,
	7.36024 6.00154,
	7.32477 6.01694,
	7.28827 6.02657,
	7.27913 6.03046,
	7.27474 6.03045,
	7.25634 6.04217,
	7.22093 6.05586,
	7.21441 6.05781,
	7.21215 6.05978,
	7.21016 6.0578,
	7.20779 6.06174,
	7.19055 6.06761,
	7.16008 6.09116,
	7.09678 6.13229,
	7.08838 6.14012,
	7.0843 6.1401,
	7.08215 6.14403,
	7.07395 6.14597,
	7.06977 6.14987,
	7.05342 6.15374,
	7.0452 6.15762,
	7.0371 6.15759,
	7.02891 6.16148,
	7.02082 6.16143,
	7.01263 6.16531,
	6.99645 6.16718,
	6.98019 6.17295,
	6.97214 6.17289,
	6.93971 6.18439,
	6.87535 6.20124,
	"/>
<Contour name="d119sp24" hidden="false" closed="true" simplified="true" border="1 0 0" fill="1 0 0" mode="11"
 points="6.38181 5.826,
	6.35935 5.82563,
	6.33819 5.82023,
	6.33261 5.82014,
	6.31213 5.8122,
	6.30936 5.81215,
	6.30856 5.8096,
	6.30331 5.80823,
	6.2954 5.80046,
	6.29294 5.79914,
	6.29257 5.78895,
	6.2924 5.78387,
	6.29873 5.76369,
	6.30591 5.72334,
	6.3108 5.70327,
	6.31319 5.69325,
	6.31349 5.692,
	6.31378 5.69075,
	6.31779 5.68586,
	6.31895 5.68086,
	6.35181 5.6421,
	6.36067 5.63375,
	6.36424 5.63016,
	6.38853 5.61506,
	6.41162 5.6049,
	6.43504 5.59969,
	6.44657 5.59768,
	6.49084 5.59803,
	6.51208 5.6024,
	6.53263 5.61041,
	6.54232 5.61809,
	6.55672 5.63822,
	6.56016 5.642,
	6.55975 5.64447,
	6.565 5.65324,
	6.56951 5.65826,
	6.57466 5.667,
	6.57643 5.67197,
	6.57865 5.67448,
	6.57819 5.67693,
	6.58322 5.68565,
	6.58393 5.69551,
	6.58189 5.70532,
	6.58084 5.71022,
	6.56863 5.72842,
	6.54925 5.74646,
	6.5322 5.76456,
	6.52953 5.76942,
	6.52612 5.77182,
	6.52547 5.77426,
	6.51624 5.7827,
	6.50246 5.79228,
	6.49588 5.79585,
	6.48996 5.79696,
	6.48788 5.79939,
	6.48509 5.79934,
	6.45929 5.8112,
	6.4477 5.81222,
	6.4351 5.81695,
	6.41124 5.8215,
	6.40495 5.82389,
	"/>
<Contour name="d119c23" hidden="false" closed="true" simplified="true" border="0 0 1" fill="0 0 1" mode="11"
 points="6.54068 7.13277,
	6.5379 7.13222,
	6.53648 7.13103,
	6.53091 7.12932,
	6.52036 7.12165,
	6.51544 7.1175,
	6.51191 7.11392,
	6.50702 7.10975,
	6.5035 7.10556,
	6.49309 7.09661,
	6.48478 7.08821,
	6.48064 7.084,
	6.4779 7.08161,
	6.46216 7.06533,
	6.45333 7.05748,
	6.44995 7.05447,
	6.44456 7.05086,
	6.43448 7.04547,
	6.42911 7.04247,
	6.4271 7.04127,
	6.42577 7.04129,
	6.4164 7.03527,
	6.39574 7.02385,
	6.3911 7.02144,
	6.38712 7.01781,
	6.38712 7.01657,
	6.38446 7.01537,
	6.37918 7.01112,
	6.37653 7.00931,
	6.37322 7.00503,
	6.3719 7.00443,
	6.37191 7.0032,
	6.37059 7.00199,
	6.36345 6.98228,
	6.36218 6.97733,
	6.3611 6.95747,
	6.36113 6.95561,
	6.36114 6.95499,
	6.36251 6.95247,
	6.3652 6.94994,
	6.36652 6.94993,
	6.36786 6.94866,
	6.3692 6.94864,
	6.37054 6.94737,
	6.39182 6.9452,
	6.40246 6.94506,
	6.42376 6.94852,
	6.44515 6.95074,
	6.45049 6.95254,
	6.45316 6.95314,
	6.45448 6.95436,
	6.45852 6.95432,
	6.45917 6.95555,
	6.46187 6.95552,
	6.46453 6.95673,
	6.46588 6.95671,
	6.46721 6.95794,
	6.47258 6.95912,
	6.47793 6.96216,
	6.48061 6.96275,
	6.49067 6.96823,
	6.49468 6.97066,
	6.50005 6.97432,
	6.50476 6.97674,
	6.50812 6.9798,
	6.50948 6.97978,
	6.51283 6.98345,
	6.51552 6.9859,
	6.52157 6.99386,
	6.52494 6.99876,
	6.52697 7.00059,
	6.52696 7.00182,
	6.52831 7.00304,
	6.52831 7.00427,
	6.52966 7.00549,
	6.52966 7.00672,
	6.5317 7.00792,
	6.53782 7.01709,
	6.54123 7.02196,
	6.5426 7.02256,
	6.54329 7.02439,
	6.54671 7.02864,
	6.54672 7.02987,
	6.5543 7.03897,
	6.55431 7.04019,
	6.56058 7.04989,
	6.5655 7.05899,
	6.56624 7.06141,
	6.56763 7.06261,
	6.57125 7.0723,
	6.57343 7.07713,
	6.57354 7.08199,
	6.57504 7.08682,
	6.57532 7.09651,
	6.57547 7.10136,
	6.57164 7.1111,
	6.56436 7.12027,
	6.56109 7.12516,
	6.55707 7.12825,
	6.54619 7.13267,
	"/>
<Contour name="d41c25" hidden="false" closed="true" simplified="true" border="0 0 1" fill="0 0 1" mode="11"
 points="7.00301 6.91838,
	6.9961 6.918,
	6.98922 6.91626,
	6.98498 6.91169,
	6.9826 6.90094,
	6.98272 6.89549,
	6.98273 6.89481,
	6.98546 6.88925,
	6.98726 6.88645,
	6.98729 6.88509,
	6.98906 6.88366,
	7.00004 6.86139,
	7.00555 6.85026,
	7.0083 6.84468,
	7.01726 6.83406,
	7.02347 6.82834,
	7.02527 6.82553,
	7.03229 6.82113,
	7.03581 6.81824,
	7.04972 6.8108,
	7.06347 6.80677,
	7.07705 6.80615,
	7.08042 6.80667,
	7.08375 6.80856,
	7.08544 6.80849,
	7.09281 6.81701,
	7.09351 6.82243,
	7.09084 6.828,
	7.09081 6.82937,
	7.08908 6.8308,
	7.08901 6.83353,
	7.08725 6.83634,
	7.08718 6.83907,
	7.08545 6.84051,
	7.08542 6.84188,
	7.08371 6.84263,
	7.08187 6.84817,
	7.08014 6.84962,
	7.07745 6.85518,
	7.07741 6.85655,
	7.0757 6.85731,
	7.07566 6.85867,
	7.07126 6.86433,
	7.06865 6.86717,
	7.06861 6.86853,
	7.06339 6.87286,
	7.05456 6.88415,
	7.04931 6.88847,
	7.04668 6.89063,
	7.04665 6.89199,
	7.03611 6.90267,
	7.02909 6.90841,
	7.01688 6.91506,
	7.00993 6.9174,
	"/>
<Contour name="d119sp20" hidden="false" closed="true" simplified="true" border="1 0 0" fill="1 0 0" mode="11"
 points="7.8672 6.76688,
	7.86325 6.76603,
	7.84903 6.75444,
	7.84138 6.74911,
	7.83361 6.7456,
	7.82571 6.74388,
	7.82282 6.74211,
	7.80864 6.72965,
	7.80683 6.72697,
	7.79364 6.71453,
	7.78349 6.70206,
	7.7779 6.69584,
	7.76255 6.68523,
	7.7587 6.68258,
	7.75668 6.68259,
	7.75479 6.68081,
	7.73885 6.67735,
	7.73696 6.67557,
	7.72892 6.67473,
	7.725 6.67296,
	7.69276 6.67051,
	7.67654 6.67064,
	7.66839 6.67162,
	7.65283 6.67812,
	7.6496 6.68179,
	7.64647 6.68365,
	7.64104 6.69101,
	7.63888 6.69378,
	7.63147 6.70121,
	7.62076 6.71518,
	7.61408 6.73006,
	7.61393 6.73375,
	7.61177 6.73749,
	7.61116 6.75231,
	7.61204 6.75507,
	7.61 6.75604,
	7.60324 6.74972,
	7.59935 6.74703,
	7.59455 6.74158,
	7.57991 6.7308,
	7.57789 6.73085,
	7.57595 6.72903,
	7.57394 6.72908,
	7.56706 6.7246,
	7.55112 6.71938,
	7.54315 6.71677,
	7.52706 6.71433,
	7.51081 6.71655,
	7.50268 6.71766,
	7.49446 6.72157,
	7.49243 6.72162,
	7.49137 6.72351,
	7.48419 6.72648,
	7.48213 6.72746,
	7.48117 6.72562,
	7.4812 6.72468,
	7.50639 6.69528,
	7.50966 6.6878,
	7.51079 6.68407,
	7.51286 6.68311,
	7.51292 6.68126,
	7.51497 6.68029,
	7.51509 6.6766,
	7.51716 6.67563,
	7.51721 6.67379,
	7.51928 6.67283,
	7.52257 6.6654,
	7.52791 6.65796,
	7.53008 6.65425,
	7.53218 6.65238,
	7.53332 6.64871,
	7.53652 6.645,
	7.54785 6.61576,
	7.55123 6.60852,
	7.55138 6.6049,
	7.5536 6.60129,
	7.55628 6.58693,
	7.55972 6.57977,
	7.55988 6.57621,
	7.56682 6.562,
	7.57137 6.55494,
	7.57146 6.55317,
	7.5781 6.54702,
	7.58686 6.54092,
	7.59446 6.53747,
	7.59656 6.53749,
	7.59989 6.53489,
	7.60417 6.53406,
	7.6064 6.53233,
	7.62369 6.5273,
	7.62812 6.52475,
	7.63023 6.52478,
	7.63249 6.52308,
	7.63461 6.52311,
	7.63686 6.5214,
	7.64117 6.52061,
	7.64563 6.51807,
	7.64775 6.51811,
	7.65328 6.5156,
	7.67081 6.50985,
	7.67309 6.50816,
	7.69042 6.50501,
	7.70729 6.50615,
	7.7094 6.50619,
	7.71133 6.50794,
	7.7195 6.51065,
	7.72038 6.51238,
	7.72249 6.51242,
	7.73513 6.52205,
	7.7419 6.5273,
	7.75301 6.5403,
	7.75489 6.54204,
	7.7547 6.54375,
	7.76459 6.55759,
	7.7644 6.55931,
	7.76637 6.56018,
	7.76617 6.56189,
	7.77838 6.57315,
	7.78409 6.57749,
	7.80011 6.58183,
	7.80413 6.5827,
	7.81186 6.587,
	7.82473 6.59992,
	7.83543 6.61371,
	7.84854 6.62403,
	7.85416 6.62833,
	7.8639 6.6413,
	7.87044 6.64647,
	7.87826 6.64899,
	7.88212 6.65068,
	7.91428 6.6509,
	7.91829 6.6508,
	7.92604 6.65322,
	7.93259 6.65745,
	7.93595 6.66354,
	7.93786 6.66436,
	7.9385 6.66789,
	7.93832 6.66967,
	7.94015 6.67139,
	7.94177 6.68558,
	7.9412 6.71425,
	7.93901 6.72871,
	7.93844 6.73594,
	7.93388 6.74327,
	7.92648 6.74883,
	7.92434 6.75069,
	7.91622 6.75264,
	7.91408 6.75448,
	7.89774 6.75925,
	7.89367 6.76021,
	7.89155 6.76206,
	7.87521 6.76678,
	"/>
<Contour name="d39c24" hidden="false" closed="true" simplified="true" border="0 0 1" fill="0 0 1" mode="11"
 points="11.7679 4.14202,
	11.7673 4.14081,
	11.7645 4.14084,
	11.7538 4.13548,
	11.7485 4.13189,
	11.7454 4.12704,
	11.7457 4.11721,
	11.7458 4.1166,
	11.7473 4.11535,
	11.7499 4.11038,
	11.7539 4.106,
	11.754 4.10476,
	11.7564 4.10226,
	11.7594 4.10097,
	11.7609 4.09909,
	11.7638 4.09843,
	11.7661 4.09653,
	11.7675 4.09651,
	11.7683 4.09526,
	11.7741 4.09331,
	11.777 4.09264,
	11.7784 4.09262,
	11.7799 4.09136,
	11.7856 4.09065,
	11.7915 4.0887,
	11.7972 4.08862,
	11.8001 4.08734,
	11.8058 4.08726,
	11.8087 4.08597,
	11.8542 4.08354,
	11.8998 4.08245,
	11.917 4.08229,
	11.9198 4.08289,
	11.9255 4.08222,
	11.9285 4.08094,
	11.9343 4.08026,
	11.9459 4.07703,
	11.9576 4.07505,
	12.0031 4.08032,
	12.0086 4.08279,
	12.0113 4.08402,
	12.0167 4.08837,
	12.0186 4.09086,
	12.0184 4.09337,
	12.0183 4.09462,
	12.0197 4.09525,
	12.0207 4.10025,
	12.0198 4.11028,
	12.0194 4.11528,
	12.0161 4.12032,
	12.0099 4.12473,
	12.0046 4.12789,
	11.9987 4.12979,
	11.9957 4.13107,
	11.9929 4.13108,
	11.9899 4.13235,
	11.9782 4.13366,
	11.9323 4.1333,
	11.9095 4.13281,
	11.8636 4.13435,
	11.8522 4.13506,
	11.8465 4.1351,
	11.8407 4.13638,
	11.835 4.13643,
	11.8292 4.1377,
	11.8235 4.13775,
	11.812 4.13971,
	11.7891 4.14116,
	11.7778 4.1419,
	"/>
<Contour name="d39serh21" hidden="false" closed="true" simplified="true" border="1 1 0" fill="1 0 0" mode="11"
 points="12.1507 5.79935,
	12.1275 5.79913,
	12.1266 5.77839,
	12.1031 5.77817,
	12.1021 5.75747,
	12.1255 5.75769,
	12.1244 5.737,
	12.1478 5.73724,
	12.1488 5.75791,
	12.1721 5.75814,
	12.173 5.77883,
	12.1498 5.77861,
	"/>
<Contour name="d39serh21" hidden="false" closed="true" simplified="true" border="1 1 0" fill="1 0 0" mode="11"
 points="11.5446 5.33304,
	11.5226 5.33278,
	11.5231 5.3114,
	11.501 5.31114,
	11.5017 5.28981,
	11.5237 5.29005,
	11.5244 5.26872,
	11.5463 5.26889,
	11.5456 5.29025,
	11.5674 5.29041,
	11.5668 5.31183,
	11.545 5.31163,
	"/>
<Contour name="d16p23" hidden="false" closed="true" simplified="true" border="1 0 0" fill="1 0 0" mode="11"
 points="3.92485 7.29502,
	3.90968 7.27806,
	3.92769 7.26224,
	3.94279 7.27921,
	"/>
<Contour name="d16c23" hidden="false" closed="true" simplified="true" border="0 0 1" fill="0 0 1" mode="11"
 points="3.85534 7.48305,
	3.85073 7.4823,
	3.84163 7.47861,
	3.83385 7.47162,
	3.82733 7.46302,
	3.82525 7.45849,
	3.82364 7.4562,
	3.82318 7.45396,
	3.82205 7.45337,
	3.82218 7.45113,
	3.82108 7.44999,
	3.82076 7.44552,
	3.81915 7.44324,
	3.81884 7.43877,
	3.81782 7.4365,
	3.81795 7.43427,
	3.81693 7.43201,
	3.81707 7.42978,
	3.81605 7.42752,
	3.81497 7.42637,
	3.81381 7.41742,
	3.81237 7.41292,
	3.81253 7.4107,
	3.81144 7.40955,
	3.8116 7.40732,
	3.81059 7.40506,
	3.81075 7.40284,
	3.80975 7.40058,
	3.8095 7.39611,
	3.80966 7.39389,
	3.80866 7.39164,
	3.80883 7.38941,
	3.80785 7.38715,
	3.80819 7.38271,
	3.8072 7.38045,
	3.80631 7.36261,
	3.80825 7.32703,
	3.80989 7.30927,
	3.80958 7.30037,
	3.81246 7.26489,
	3.81333 7.25602,
	3.81349 7.25436,
	3.81355 7.25381,
	3.81988 7.21844,
	3.82072 7.20959,
	3.82171 7.20517,
	3.82384 7.20077,
	3.82943 7.18314,
	3.83362 7.17435,
	3.83513 7.16994,
	3.83522 7.16883,
	3.83645 7.16775,
	3.83721 7.16555,
	3.83905 7.16392,
	3.83914 7.16281,
	3.84766 7.15575,
	3.85128 7.15303,
	3.85606 7.14979,
	3.85845 7.14816,
	3.86765 7.1461,
	3.87221 7.14562,
	3.87669 7.14625,
	3.87891 7.14685,
	3.88004 7.14686,
	3.88432 7.15028,
	3.88533 7.15197,
	3.88746 7.15368,
	3.88939 7.15817,
	3.89044 7.1593,
	3.89124 7.16378,
	3.89317 7.16827,
	3.89357 7.1705,
	3.89461 7.17163,
	3.89675 7.1806,
	3.8981 7.18509,
	3.89793 7.18732,
	3.89888 7.18957,
	3.90026 7.20746,
	3.89989 7.22532,
	3.89912 7.23424,
	3.90044 7.23874,
	3.90354 7.27464,
	3.90479 7.2926,
	3.90554 7.29711,
	3.90534 7.29935,
	3.90628 7.30162,
	3.90892 7.33763,
	3.91031 7.35564,
	3.90815 7.39147,
	3.90288 7.42709,
	3.90061 7.43594,
	3.89663 7.44471,
	3.89651 7.44694,
	3.89466 7.44909,
	3.8913 7.45787,
	3.88818 7.46219,
	3.88807 7.46442,
	3.88686 7.46548,
	3.88617 7.46768,
	3.88433 7.46983,
	3.88427 7.47095,
	3.87815 7.47792,
	3.87516 7.48002,
	3.87049 7.48091,
	3.86928 7.48197,
	3.85999 7.48268,
	"/>
<Contour name="d119serh21" hidden="false" closed="true" simplified="true" border="1 0 0" fill="1 0 0" mode="11"
 points="6.67549 8.67158,
	6.67433 8.65338,
	6.65401 8.65375,
	6.653 8.63555,
	6.67322 8.63513,
	6.67215 8.61687,
	6.69229 8.61636,
	6.69346 8.63466,
	6.71373 8.63412,
	6.71506 8.65245,
	6.69468 8.65294,
	6.69595 8.6712,
	"/>
<Contour name="d39p21" hidden="false" closed="true" simplified="true" border="1 0 0" fill="1 0 0" mode="11"
 points="11.3325 5.0799,
	11.3208 5.05568,
	11.3504 5.055,
	"/>
<Contour name="d41p26" hidden="false" closed="true" simplified="true" border="1 0 0" fill="1 0 0" mode="11"
 points="7.70591 6.05198,
	7.68544 6.03265,
	7.70702 6.01369,
	7.72724 6.03297,
	"/>
<Contour name="d119p20" hidden="false" closed="true" simplified="true" border="1 0 0" fill="1 0 0" mode="11"
 points="7.53621 6.80765,
	7.51919 6.79177,
	7.53732 6.77494,
	7.55434 6.79081,
	"/>
<Contour name="d119p21" hidden="false" closed="true" simplified="true" border="1 0 0" fill="1 0 0" mode="11"
 points="7.28587 7.77656,
	7.26268 7.75641,
	7.28805 7.73201,
	7.31133 7.75215,
	"/>
<Contour name="d119serb20" hidden="false" closed="true" simplified="true" border="1 0 0" fill="1 0 0" mode="11"
 points="7.49264 6.77972,
	7.49299 6.76812,
	7.48049 6.76844,
	7.48083 6.75685,
	7.49335 6.75654,
	7.49369 6.74495,
	7.50621 6.74465,
	7.50585 6.75622,
	7.51834 6.75591,
	7.51797 6.76748,
	7.50549 6.7678,
	7.50513 6.77939,
	"/>
<Contour name="d16sp28" hidden="false" closed="true" simplified="true" border="1 0 0" fill="1 0 0" mode="11"
 points="4.25872 7.78049,
	4.25122 7.77935,
	4.24367 7.77638,
	4.23989 7.77444,
	4.23606 7.77067,
	4.23602 7.76885,
	4.23411 7.76696,
	4.22885 7.73757,
	4.22878 7.7339,
	4.22877 7.73298,
	4.22875 7.73206,
	4.23226 7.71749,
	4.23309 7.71015,
	4.23492 7.70652,
	4.23489 7.70467,
	4.23675 7.70288,
	4.24127 7.68823,
	4.24402 7.68089,
	4.24589 7.68001,
	4.2468 7.67632,
	4.25607 7.66169,
	4.25606 7.65983,
	4.26819 7.64705,
	4.271 7.64523,
	4.2841 7.63334,
	4.28598 7.63337,
	4.28972 7.63062,
	4.29347 7.62975,
	4.29535 7.62977,
	4.29628 7.62792,
	4.32629 7.62173,
	4.34129 7.6172,
	4.34878 7.61538,
	4.35252 7.61261,
	4.36001 7.60985,
	4.36375 7.60707,
	4.3675 7.60616,
	4.36937 7.60617,
	4.37124 7.60431,
	4.37498 7.6034,
	4.37685 7.60341,
	4.37872 7.60154,
	4.38621 7.60159,
	4.39372 7.60537,
	4.3956 7.60725,
	4.40216 7.61008,
	4.40592 7.61291,
	4.40779 7.61291,
	4.4125 7.61855,
	4.41723 7.62605,
	4.42008 7.63261,
	4.42112 7.64756,
	4.42115 7.6513,
	4.4184 7.65876,
	4.41562 7.66249,
	4.41012 7.67738,
	4.40088 7.69132,
	4.39903 7.6941,
	4.38695 7.70612,
	4.3795 7.71164,
	4.37203 7.71437,
	4.36077 7.71428,
	4.35982 7.71335,
	4.35236 7.71791,
	4.34773 7.72342,
	4.34408 7.73078,
	4.34319 7.73447,
	4.34133 7.73629,
	4.34136 7.73814,
	4.33859 7.7418,
	4.33771 7.74548,
	4.33219 7.75278,
	4.32109 7.76272,
	4.31462 7.7672,
	4.31091 7.76988,
	4.30904 7.76984,
	4.30163 7.77428,
	4.2979 7.77511,
	4.29606 7.7769,
	4.28114 7.77929,
	4.26618 7.7798,
	"/>
<Contour name="d119c22" hidden="false" closed="true" simplified="true" border="0 0 1" fill="0 0 1" mode="11"
 points="7.81973 7.10983,
	7.8119 7.10767,
	7.80416 7.10376,
	7.79586 7.09122,
	7.79317 7.08527,
	7.79386 7.07126,
	7.79421 7.06422,
	7.79093 7.05029,
	7.79011 7.04678,
	7.7902 7.04501,
	7.78826 7.04421,
	7.78856 7.03799,
	7.7886 7.0371,
	7.79076 7.03346,
	7.7989 7.02956,
	7.80097 7.0277,
	7.81706 7.02353,
	7.82101 7.02427,
	7.8313 7.03716,
	7.83757 7.05099,
	7.84185 7.06479,
	7.84449 7.07163,
	7.84344 7.07254,
	7.84527 7.07593,
	7.84556 7.08972,
	7.84521 7.0966,
	7.84504 7.10004,
	7.84288 7.10356,
	7.83574 7.10732,
	7.82769 7.10943,
	"/>
<Contour name="d119p22" hidden="false" closed="true" simplified="true" border="1 0 0" fill="1 0 0" mode="11"
 points="7.7669 7.09354,
	7.75736 7.08527,
	7.76777 7.07589,
	7.77733 7.08419,
	"/>
<Contour name="d16sp24" hidden="false" closed="true" simplified="true" border="1 0 0" fill="1 0 0" mode="11"
 points="5.94163 6.31234,
	5.927 6.31141,
	5.92333 6.3114,
	5.92162 6.30953,
	5.91442 6.30764,
	5.90749 6.30199,
	5.905 6.29823,
	5.9024 6.29633,
	5.89829 6.28974,
	5.89491 6.28596,
	5.88952 6.27089,
	5.89041 6.25588,
	5.89083 6.24837,
	5.89088 6.24743,
	5.89093 6.24649,
	5.89442 6.2315,
	5.89659 6.224,
	5.89847 6.22215,
	5.90152 6.21466,
	5.90723 6.2072,
	5.91197 6.20161,
	5.92498 6.19138,
	5.93973 6.183,
	5.94345 6.1802,
	5.94705 6.18022,
	5.94803 6.17833,
	5.95529 6.17742,
	5.9571 6.17742,
	5.95808 6.17554,
	5.97276 6.17083,
	5.98734 6.16986,
	5.99828 6.16981,
	6.01082 6.17632,
	6.02523 6.18277,
	6.03155 6.18552,
	6.03339 6.18551,
	6.03516 6.18736,
	6.04245 6.18916,
	6.04429 6.18914,
	6.04607 6.19099,
	6.04791 6.19097,
	6.06137 6.2011,
	6.06496 6.20386,
	6.06932 6.21128,
	6.07157 6.2262,
	6.07131 6.23368,
	6.06737 6.24027,
	6.06064 6.24783,
	6.05773 6.25161,
	6.05396 6.25353,
	6.05201 6.25636,
	6.03946 6.27052,
	6.03181 6.27714,
	6.028 6.27999,
	6.02615 6.28001,
	6.02515 6.28189,
	6.02331 6.28191,
	6.0223 6.28379,
	6.00733 6.28862,
	6.00359 6.28959,
	6.00166 6.29148,
	5.9866 6.29814,
	5.98277 6.30096,
	5.97903 6.30192,
	5.97141 6.30663,
	5.95647 6.31044,
	"/>
<Contour name="d119cfa21" hidden="false" closed="false" simplified="true" border="1 0 0" fill="1 0 0" mode="11"
 points="6.90186 8.9153,
	6.92389 8.96887,
	6.92968 8.99346,
	6.92649 9.02469,
	"/>
<Contour name="d119cfa21" hidden="false" closed="false" simplified="true" border="1 0 0" fill="1 0 0" mode="11"
 points="6.68898 8.79104,
	6.7112 8.79101,
	6.74406 8.7945,
	6.77078 8.80252,
	6.80178 8.81594,
	6.84331 8.84218,
	"/>
<Contour name="d119cfa23" hidden="false" closed="false" simplified="true" border="1 0 0" fill="1 0 0" mode="11"
 points="6.56507 7.11368,
	6.54984 7.09343,
	6.54079 7.07941,
	6.5289 7.0615,
	6.51577 7.04743,
	6.50275 7.03331,
	6.48411 7.01529,
	6.43584 6.98973,
	6.36288 6.95919,
	"/>
<Contour name="d41cfa25" hidden="false" closed="false" simplified="true" border="1 0 0" fill="1 0 0" mode="11"
 points="7.07827 6.81229,
	7.02468 6.86921,
	6.99369 6.90842,
	"/>
<Contour name="d39cfa24" hidden="false" closed="false" simplified="true" border="0 1 0" fill="1 0 0" mode="11"
 points="12.018 4.1092,
	11.9362 4.09354,
	11.8786 4.09698,
	11.8362 4.10108,
	11.7875 4.11046,
	11.7494 4.1176,
	"/>
<Contour name="d16cfa23" hidden="false" closed="false" simplified="true" border="1 0 0" fill="1 0 0" mode="11"
 points="3.87427 7.15041,
	3.86745 7.18913,
	3.86238 7.22541,
	3.85932 7.25866,
	3.8565 7.28885,
	3.85661 7.38475,
	3.85947 7.42635,
	3.87586 7.47663,
	"/>
<Contour name="d119cfa22" hidden="false" closed="false" simplified="true" border="1 0 0" fill="1 0 0" mode="11"
 points="7.80091 7.0323,
	7.82997 7.1069,
	"/>
<Contour name="mito_08" hidden="false" closed="false" simplified="true" border="1 0 0" fill="1 0 0" mode="11"
 points="14.8432 10.9647,
	15.0445 10.8397,
	"/>
<Contour name="d48p13" hidden="false" closed="true" simplified="false" border="1 0 0" fill="1 0 0" mode="-13"
 points="10.6004 9.211,
	10.5847 9.19521,
	10.6004 9.17943,
	10.6162 9.19521,
	"/>
<Contour name="d48cfa13" hidden="false" closed="false" simplified="false" border="0 1 0" fill="1 0.5 0" mode="11"
 points="10.5004 9.07329,
	10.5263 9.08626,
	10.5828 9.10151,
	10.6125 9.11524,
	10.656 9.13812,
	10.7223 9.16176,
	"/>
<Contour name="d48c13" hidden="false" closed="true" simplified="true" border="0 0 1" fill="0 0 1" mode="11"
 points="10.4864 9.0679,
	10.488 9.06714,
	10.488 9.06409,
	10.4895 9.06333,
	10.4902 9.06028,
	10.4948 9.05494,
	10.4971 9.05189,
	10.4986 9.05113,
	10.4986 9.0496,
	10.5085 9.03892,
	10.5139 9.03359,
	10.5169 9.0313,
	10.5185 9.0313,
	10.5208 9.02901,
	10.5269 9.02748,
	10.5299 9.02596,
	10.5421 9.0252,
	10.5543 9.02596,
	10.5657 9.02901,
	10.5772 9.03359,
	10.5802 9.03435,
	10.5818 9.03435,
	10.5841 9.03664,
	10.5871 9.03664,
	10.6351 9.05723,
	10.6474 9.06333,
	10.6527 9.06562,
	10.6542 9.06714,
	10.6573 9.06714,
	10.6695 9.07248,
	10.671 9.07401,
	10.6771 9.07629,
	10.6786 9.07782,
	10.6801 9.07782,
	10.6817 9.07934,
	10.6847 9.08011,
	10.6878 9.0824,
	10.6908 9.08316,
	10.703 9.09078,
	10.7091 9.09383,
	10.7145 9.09841,
	10.716 9.09841,
	10.7168 9.09994,
	10.7183 9.09994,
	10.7236 9.10527,
	10.7259 9.11061,
	10.729 9.13502,
	10.7297 9.14722,
	10.729 9.15942,
	10.7274 9.16247,
	10.7274 9.16552,
	10.7236 9.17163,
	10.7221 9.17391,
	10.7099 9.1823,
	10.7038 9.18612,
	10.6916 9.18764,
	10.6672 9.18535,
	10.6428 9.17849,
	10.6191 9.16934,
	10.6161 9.16857,
	10.5917 9.15561,
	10.5894 9.15485,
	10.5833 9.15027,
	10.5711 9.14493,
	10.5589 9.14112,
	10.5528 9.13883,
	10.5513 9.13883,
	10.5497 9.13731,
	10.5467 9.13731,
	10.5406 9.13502,
	10.5375 9.13273,
	10.5345 9.13197,
	10.5337 9.13044,
	10.5307 9.12968,
	10.5284 9.12739,
	10.5269 9.12739,
	10.5238 9.1251,
	10.5223 9.1251,
	10.5177 9.12053,
	10.5162 9.12053,
	10.5108 9.11519,
	10.5085 9.11366,
	10.5063 9.10833,
	10.504 9.1068,
	10.5032 9.10375,
	10.5009 9.10146,
	10.5002 9.09841,
	10.4948 9.09231,
	10.491 9.08621,
	10.4864 9.07401,
	10.4864 9.06867,
	"/>
<Contour name="d48sp14" hidden="false" closed="true" simplified="true" border="1 0 0" fill="1 0 0" mode="11"
 points="11.7317 10.1959,
	11.7383 10.1926,
	11.7449 10.191,
	11.7555 10.1836,
	11.7621 10.1811,
	11.7687 10.1811,
	11.7695 10.2074,
	11.7695 10.2107,
	11.7662 10.2173,
	11.7572 10.2304,
	11.7539 10.2329,
	11.7473 10.2345,
	11.7441 10.2329,
	11.7383 10.2271,
	11.7358 10.2205,
	11.7342 10.2173,
	11.7342 10.214,
	11.7326 10.2107,
	11.7317 10.1976,
	11.7317 10.1967,
	"/>
<Contour name="d48sp14" hidden="false" closed="true" simplified="true" border="1 0 0" fill="1 0 0" mode="11"
 points="11.6954 10.5412,
	11.6973 10.5313,
	11.6979 10.5263,
	11.6998 10.5213,
	11.6998 10.5188,
	11.7035 10.5089,
	11.7035 10.5064,
	11.7054 10.5014,
	11.7066 10.4996,
	11.7066 10.4971,
	11.7091 10.4921,
	11.7109 10.4896,
	11.7109 10.4884,
	11.7153 10.4834,
	11.7234 10.4765,
	11.7284 10.4747,
	11.7383 10.4741,
	11.7433 10.4741,
	11.7483 10.4759,
	11.7582 10.4772,
	11.7607 10.4778,
	11.7619 10.4778,
	11.7638 10.4797,
	11.7663 10.4803,
	11.7682 10.4821,
	11.7781 10.4834,
	11.7881 10.4834,
	11.793 10.484,
	11.798 10.4859,
	11.8005 10.4871,
	11.8017 10.4871,
	11.8104 10.494,
	11.8123 10.4952,
	11.8173 10.5002,
	11.8241 10.5089,
	11.8272 10.5139,
	11.8285 10.5139,
	11.8303 10.5188,
	11.831 10.5213,
	11.8322 10.5219,
	11.8328 10.5244,
	11.8347 10.5269,
	11.8415 10.5468,
	11.8422 10.5493,
	11.8434 10.5505,
	11.8434 10.553,
	11.8453 10.5555,
	11.8471 10.5605,
	11.8471 10.5617,
	11.8484 10.563,
	11.8484 10.5655,
	11.8515 10.5704,
	11.8527 10.5754,
	11.854 10.5767,
	11.854 10.5792,
	11.8558 10.5816,
	11.8571 10.5866,
	11.8664 10.6065,
	11.8739 10.6258,
	11.8739 10.6283,
	11.8795 10.6482,
	11.8807 10.6532,
	11.8807 10.6556,
	11.8807 10.6569,
	11.882 10.6581,
	11.8838 10.678,
	11.8863 10.7576,
	11.8863 10.7676,
	11.8857 10.7726,
	11.8813 10.7819,
	11.8801 10.7831,
	11.8801 10.7844,
	11.8757 10.7887,
	11.8745 10.7912,
	11.8658 10.7956,
	11.8608 10.7974,
	11.8583 10.7974,
	11.8558 10.7987,
	11.8509 10.7993,
	11.8409 10.7981,
	11.8316 10.7937,
	11.8272 10.7906,
	11.8254 10.7887,
	11.8229 10.7881,
	11.8216 10.7862,
	11.8192 10.7856,
	11.8017 10.7701,
	11.7974 10.767,
	11.7968 10.7657,
	11.7955 10.7657,
	11.7918 10.7626,
	11.7899 10.7601,
	11.7874 10.7589,
	11.7837 10.7539,
	11.7762 10.7458,
	11.7725 10.7408,
	11.77 10.7384,
	11.77 10.7371,
	11.7632 10.729,
	11.7551 10.7203,
	11.7507 10.7153,
	11.7439 10.7066,
	11.7364 10.6967,
	11.7259 10.6787,
	11.7246 10.678,
	11.724 10.6755,
	11.7228 10.6749,
	11.7184 10.665,
	11.7172 10.6625,
	11.7172 10.6612,
	11.7153 10.6588,
	11.7147 10.6538,
	11.7128 10.6519,
	11.7122 10.6494,
	11.7109 10.6482,
	11.7066 10.6382,
	11.7035 10.6283,
	11.7035 10.6258,
	11.7004 10.6158,
	11.6966 10.5959,
	11.696 10.5561,
	11.6954 10.5462,
	11.6954 10.5418,
	"/>
<Contour name="D15" hidden="false" closed="true" simplified="true" border="1 1 0" fill="1 1 0" mode="11"
 points="5.42148 7.77467,
	5.38613 7.76706,
	5.35416 7.7478,
	5.32874 7.7189,
	5.3071 7.64421,
	5.31313 7.60574,
	5.33 7.57149,
	5.35601 7.54475,
	5.38849 7.52805,
	5.42417 7.52302,
	5.45949 7.53012,
	5.49098 7.54874,
	5.51563 7.57711,
	5.5311 7.61258,
	5.53602 7.65175,
	5.52999 7.69075,
	5.51362 7.72567,
	5.4884 7.75294,
	5.4567 7.76984,
	"/>
<Contour name="d15sp17" hidden="false" closed="true" simplified="true" border="1 0 0" fill="1 0 0" mode="-11"
 points="4.63327 6.53134,
	4.63732 6.52055,
	4.64406 6.50977,
	4.65484 6.50168,
	4.69798 6.50303,
	4.71955 6.50977,
	4.73573 6.52729,
	4.73842 6.52999,
	4.73842 6.53269,
	4.76673 6.57448,
	4.78291 6.5947,
	4.791 6.60548,
	4.79369 6.60548,
	4.81122 6.62435,
	4.81391 6.62975,
	4.81661 6.63244,
	4.81796 6.63783,
	4.82065 6.64053,
	4.82065 6.64323,
	4.8247 6.64862,
	4.8247 6.65132,
	4.82739 6.65266,
	4.83683 6.67423,
	4.83953 6.67962,
	4.83953 6.68232,
	4.84222 6.68502,
	4.84357 6.69041,
	4.84357 6.6931,
	4.84627 6.6958,
	4.84896 6.70659,
	4.85166 6.70928,
	4.85301 6.71467,
	4.8557 6.71737,
	4.86379 6.73894,
	4.87053 6.74972,
	4.87323 6.75512,
	4.87323 6.75781,
	4.87727 6.7632,
	4.87727 6.7659,
	4.87997 6.76725,
	4.8894 6.78747,
	4.89345 6.79825,
	4.89614 6.80365,
	4.89614 6.80634,
	4.90019 6.81173,
	4.90423 6.82252,
	4.90558 6.8333,
	4.90828 6.83869,
	4.91097 6.86026,
	4.91097 6.9034,
	4.90962 6.91419,
	4.89614 6.93576,
	4.89345 6.94115,
	4.88401 6.95193,
	4.87727 6.96272,
	4.87188 6.96811,
	4.86918 6.9708,
	4.86649 6.9708,
	4.85975 6.98159,
	4.85031 6.99103,
	4.84492 6.99507,
	4.82335 6.99642,
	4.81256 6.99642,
	4.80178 6.99237,
	4.79639 6.99103,
	4.791 6.98698,
	4.7883 6.98698,
	4.7856 6.98429,
	4.78291 6.98429,
	4.76269 6.96811,
	4.7546 6.95732,
	4.74786 6.94924,
	4.73033 6.9061,
	4.72629 6.89531,
	4.72629 6.89262,
	4.72359 6.88992,
	4.72359 6.88453,
	4.71955 6.87374,
	4.71685 6.85218,
	4.71416 6.84139,
	4.71281 6.81982,
	4.70742 6.79825,
	4.69933 6.77668,
	4.69933 6.77399,
	4.69124 6.7632,
	4.68046 6.74163,
	4.67911 6.73624,
	4.67641 6.73355,
	4.66158 6.69041,
	4.65484 6.66884,
	4.6508 6.65806,
	4.6508 6.65536,
	4.6481 6.65401,
	4.63462 6.56774,
	4.63462 6.54617,
	4.63327 6.53538,
	4.63327 6.53269,
	"/>
<Contour name="d15p18" hidden="false" closed="true" simplified="false" border="1 0 0" fill="1 0 0" mode="11"
 points="5.80532 7.94751,
	5.82959 7.94751,
	5.81745 7.96975,
	"/>
<Contour name="d15p19" hidden="false" closed="true" simplified="false" border="1 0 0" fill="1 0 0" mode="11"
 points="5.09571 7.4991,
	5.12164 7.4991,
	5.10867 7.52286,
	"/>
<Contour name="d15sp18" hidden="false" closed="true" simplified="true" border="1 0 0" fill="1 0 0" mode="-11"
 points="6.18206 9.37763,
	6.18868 9.35645,
	6.20323 9.33528,
	6.21514 9.31676,
	6.2244 9.30882,
	6.22705 9.30882,
	6.23499 9.30088,
	6.24028 9.29956,
	6.25087 9.29294,
	6.25616 9.29029,
	6.25881 9.28765,
	6.26939 9.285,
	6.27204 9.28235,
	6.29321 9.27574,
	6.2985 9.27574,
	6.3038 9.27309,
	6.32497 9.26912,
	6.33026 9.26648,
	6.33555 9.26648,
	6.3382 9.26383,
	6.34349 9.26251,
	6.34614 9.26251,
	6.34746 9.25986,
	6.36863 9.25721,
	6.41098 9.25721,
	6.42156 9.25721,
	6.42686 9.25854,
	6.4295 9.25854,
	6.43215 9.26118,
	6.44273 9.26515,
	6.44803 9.2678,
	6.45067 9.27045,
	6.45332 9.27045,
	6.45861 9.27442,
	6.46126 9.27442,
	6.48243 9.28632,
	6.49302 9.29029,
	6.49831 9.29029,
	6.50096 9.29294,
	6.52213 9.29823,
	6.53271 9.3022,
	6.57506 9.30882,
	6.58564 9.31014,
	6.58829 9.31014,
	6.59094 9.31279,
	6.60152 9.31411,
	6.61078 9.32337,
	6.61475 9.32867,
	6.61475 9.33131,
	6.61872 9.33661,
	6.62137 9.34719,
	6.62402 9.35249,
	6.62402 9.35513,
	6.62666 9.35778,
	6.63592 9.37895,
	6.63725 9.38424,
	6.63989 9.38689,
	6.64122 9.39218,
	6.65577 9.41203,
	6.66504 9.42262,
	6.67165 9.43188,
	6.67959 9.43849,
	6.68885 9.44908,
	6.6915 9.45437,
	6.6915 9.46496,
	6.69018 9.47025,
	6.67562 9.4901,
	6.66504 9.49804,
	6.65445 9.50201,
	6.61211 9.50333,
	6.60681 9.50069,
	6.58564 9.49804,
	6.56447 9.49142,
	6.55918 9.48878,
	6.55389 9.48878,
	6.54859 9.48613,
	6.52742 9.48216,
	6.52213 9.47951,
	6.50096 9.47687,
	6.45861 9.47687,
	6.41627 9.47025,
	6.3951 9.4676,
	6.31041 9.46628,
	6.26807 9.46496,
	6.2469 9.46231,
	6.22573 9.4557,
	6.21514 9.4504,
	6.20456 9.44114,
	6.19662 9.43188,
	6.19662 9.42923,
	6.19 9.41997,
	6.18338 9.3988,
	6.18206 9.37895,
	"/>
<Contour name="d15c19" hidden="false" closed="true" simplified="true" border="0 0 1" fill="0 0 1" mode="11"
 points="5.05092 7.55124,
	5.05198 7.53431,
	5.05251 7.50043,
	5.05251 7.48349,
	5.05251 7.47926,
	5.05357 7.47503,
	5.05463 7.45809,
	5.05463 7.42422,
	5.05622 7.39034,
	5.05622 7.38928,
	5.05727 7.38822,
	5.05939 7.37976,
	5.06151 7.37552,
	5.06151 7.37446,
	5.06733 7.36599,
	5.07156 7.36229,
	5.08003 7.36017,
	5.08427 7.36017,
	5.08638 7.36176,
	5.09221 7.36917,
	5.09432 7.3734,
	5.09591 7.37552,
	5.09644 7.37764,
	5.0975 7.3787,
	5.10226 7.39563,
	5.10491 7.41257,
	5.10597 7.48032,
	5.1065 7.51419,
	5.1065 7.53113,
	5.1065 7.5396,
	5.10491 7.55654,
	5.10385 7.565,
	5.10173 7.57347,
	5.09326 7.59041,
	5.09115 7.59464,
	5.09062 7.60311,
	5.09062 7.60735,
	5.0885 7.61581,
	5.0848 7.62428,
	5.08162 7.62799,
	5.0795 7.62958,
	5.07527 7.62958,
	5.07315 7.62905,
	5.06468 7.62375,
	5.06151 7.62005,
	5.05992 7.61793,
	5.05992 7.61687,
	5.05833 7.61476,
	5.0578 7.61264,
	5.05674 7.61158,
	5.05463 7.60311,
	5.05304 7.59888,
	5.05092 7.58194,
	5.05092 7.565,
	5.05092 7.55654,
	5.05092 7.5523,
	5.05092 7.55177,
	"/>
<Contour name="d15cfa19" hidden="false" closed="false" simplified="false" border="0 1 0" fill="0 1 0" mode="11"
 points="5.07044 7.37709,
	5.07097 7.38767,
	5.07255 7.39561,
	5.07679 7.41626,
	5.07996 7.43478,
	5.08049 7.45595,
	5.07943 7.49353,
	5.07785 7.52158,
	5.07467 7.55652,
	5.07626 7.59039,
	5.07838 7.62532,
	"/>
<Contour name="d07p26" hidden="false" closed="true" simplified="false" border="1 0 0" fill="1 0 0" mode="-13"
 points="8.6048 12.7189,
	8.65307 12.7189,
	8.62894 12.7632,
	"/>
<Contour name="d07p27" hidden="false" closed="true" simplified="false" border="1 0 0" fill="1 0 0" mode="-13"
 points="8.04619 12.8583,
	8.07702 12.8583,
	8.06161 12.8866,
	"/>
<Contour name="d07p28" hidden="false" closed="true" simplified="false" border="1 0 0" fill="1 0 0" mode="-13"
 points="7.928 11.625,
	7.95883 11.625,
	7.94341 11.6533,
	"/>
<Contour name="d15endos08_whorldw" hidden="false" closed="true" simplified="true" border="1 0.502 0" fill="1 0 0" mode="11"
 points="5.74878 7.87128,
	5.74942 7.86176,
	5.75132 7.85237,
	5.75446 7.84322,
	5.7588 7.83443,
	5.76428 7.82611,
	5.77084 7.81837,
	5.77839 7.8113,
	5.78683 7.80501,
	5.79606 7.79956,
	5.80596 7.79503,
	5.81639 7.79148,
	5.82724 7.78894,
	5.83835 7.78747,
	5.84959 7.78706,
	5.8608 7.78774,
	5.87186 7.78948,
	5.88262 7.79227,
	5.89293 7.79607,
	5.90267 7.80084,
	5.91171 7.8065,
	5.91994 7.813,
	5.92725 7.82024,
	5.93355 7.82814,
	5.93875 7.83659,
	5.9428 7.84548,
	5.94563 7.8547,
	5.94722 7.86414,
	5.94754 7.87366,
	5.94658 7.88316,
	5.94437 7.8925,
	5.94093 7.90157,
	5.93629 7.91026,
	5.93053 7.91844,
	5.92372 7.92602,
	5.91593 7.9329,
	5.90728 7.93899,
	5.89788 7.94422,
	5.88784 7.94851,
	5.87728 7.95181,
	5.86636 7.95408,
	5.85521 7.95529,
	5.84396 7.95543,
	5.83277 7.95448,
	5.82177 7.95248,
	5.81112 7.94943,
	5.80093 7.94538,
	5.79136 7.94038,
	5.78251 7.9345,
	5.7745 7.92781,
	5.76743 7.9204,
	5.7614 7.91235,
	5.75648 7.90378,
	5.75273 7.8948,
	5.75021 7.88551,
	"/>
<Contour name="d15endos08_whorldw" hidden="false" closed="true" simplified="true" border="1 0.502 0" fill="1 0 0" mode="11"
 points="5.17363 7.61102,
	5.17393 7.60149,
	5.17482 7.59199,
	5.17631 7.58256,
	5.17839 7.57322,
	5.18105 7.564,
	5.18428 7.55494,
	5.18807 7.54607,
	5.19241 7.53741,
	5.19729 7.529,
	5.20269 7.52086,
	5.20858 7.51302,
	5.21496 7.50551,
	5.2218 7.49834,
	5.22908 7.49155,
	5.23677 7.48516,
	5.24484 7.47919,
	5.25328 7.47365,
	5.26205 7.46857,
	5.27113 7.46396,
	5.28047 7.45984,
	5.29006 7.45623,
	5.29986 7.45312,
	5.30984 7.45054,
	5.31996 7.4485,
	5.3302 7.44699,
	5.34051 7.44603,
	5.35087 7.44562,
	5.36123 7.44576,
	5.37157 7.44645,
	5.38185 7.44768,
	5.39203 7.44946,
	5.40208 7.45177,
	5.41198 7.45461,
	5.42168 7.45797,
	5.43115 7.46184,
	5.44036 7.4662,
	5.44929 7.47105,
	5.4579 7.47636,
	5.46616 7.48212,
	5.47404 7.48831,
	5.48153 7.4949,
	5.48859 7.50188,
	5.4952 7.50922,
	5.50134 7.5169,
	5.50699 7.5249,
	5.51213 7.53317,
	5.51674 7.54171,
	5.52081 7.55048,
	5.52432 7.55945,
	5.52727 7.56859,
	5.52964 7.57787,
	5.53142 7.58726,
	5.53262 7.59673,
	5.53321 7.60625,
	5.53321 7.61579,
	5.53262 7.6253,
	5.53142 7.63477,
	5.52964 7.64416,
	5.52727 7.65345,
	5.52432 7.66259,
	5.52081 7.67156,
	5.51674 7.68032,
	5.51213 7.68886,
	5.50699 7.69714,
	5.50134 7.70513,
	5.4952 7.71281,
	5.48859 7.72016,
	5.48153 7.72714,
	5.47404 7.73373,
	5.46616 7.73992,
	5.4579 7.74568,
	5.44929 7.75099,
	5.44036 7.75583,
	5.43115 7.7602,
	5.42168 7.76407,
	5.41198 7.76743,
	5.40208 7.77027,
	5.39203 7.77258,
	5.38185 7.77436,
	5.37157 7.77559,
	5.36123 7.77628,
	5.35087 7.77641,
	5.34051 7.776,
	5.3302 7.77504,
	5.31996 7.77354,
	5.30984 7.77149,
	5.29986 7.76891,
	5.29006 7.76581,
	5.28047 7.76219,
	5.27113 7.75808,
	5.26205 7.75347,
	5.25328 7.74839,
	5.24484 7.74285,
	5.23677 7.73688,
	5.22908 7.73048,
	5.2218 7.72369,
	5.21496 7.71653,
	5.20858 7.70902,
	5.20269 7.70118,
	5.19729 7.69304,
	5.19241 7.68462,
	5.18807 7.67597,
	5.18428 7.66709,
	5.18105 7.65804,
	5.17839 7.64882,
	5.17631 7.63948,
	5.17482 7.63005,
	"/>
<Contour name="d15serb18" hidden="false" closed="true" simplified="false" border="1 1 0" fill="0 1 0" mode="11"
 points="5.72754 7.97255,
	5.72754 7.96227,
	5.73782 7.96227,
	5.73782 7.95199,
	5.7481 7.95199,
	5.7481 7.96227,
	5.75837 7.96227,
	5.75837 7.97255,
	5.7481 7.97255,
	5.7481 7.98282,
	5.73782 7.98282,
	5.73782 7.97255,
	"/>
<Contour name="d39endos08" hidden="false" closed="true" simplified="true" border="1 0.502 0" fill="1 0 0" mode="11"
 points="10.7673 4.85655,
	10.7679 4.84684,
	10.7698 4.83724,
	10.7729 4.82786,
	10.7771 4.81881,
	10.7825 4.8102,
	10.789 4.80212,
	10.7965 4.79466,
	10.8049 4.78793,
	10.8141 4.78198,
	10.824 4.77689,
	10.8345 4.77272,
	10.8455 4.76951,
	10.8569 4.76731,
	10.8684 4.76614,
	10.8801 4.76601,
	10.8917 4.76692,
	10.9031 4.76887,
	10.9142 4.77183,
	10.9248 4.77576,
	10.9349 4.78062,
	10.9443 4.78636,
	10.9529 4.79291,
	10.9606 4.80019,
	10.9673 4.80812,
	10.973 4.81661,
	10.9776 4.82556,
	10.981 4.83487,
	10.9832 4.84442,
	10.9841 4.85412,
	10.9838 4.86385,
	10.9822 4.87349,
	10.9794 4.88293,
	10.9755 4.89207,
	10.9703 4.90081,
	10.9641 4.90903,
	10.9569 4.91664,
	10.9487 4.92357,
	10.9397 4.92972,
	10.9299 4.93503,
	10.9195 4.93944,
	10.9087 4.94289,
	10.8974 4.94534,
	10.8859 4.94677,
	10.8742 4.94716,
	10.8626 4.94651,
	10.8512 4.94482,
	10.84 4.94211,
	10.8292 4.93842,
	10.819 4.93379,
	10.8094 4.92826,
	10.8006 4.92191,
	10.7926 4.9148,
	10.7856 4.90702,
	10.7797 4.89867,
	10.7748 4.88982,
	10.7712 4.88059,
	10.7687 4.87109,
	"/>
<Contour name="d119sp24" hidden="false" closed="true" simplified="true" border="1 0 0" fill="1 0 0" mode="11"
 points="6.95631 5.58613,
	6.93726 5.58603,
	6.89952 5.5795,
	6.88992 5.5782,
	6.88503 5.57819,
	6.88043 5.57561,
	6.87796 5.57561,
	6.87702 5.57303,
	6.87717 5.57174,
	6.88413 5.56402,
	6.89376 5.5537,
	6.89917 5.54853,
	6.9193 5.5421,
	6.92913 5.54082,
	6.93421 5.53824,
	6.93904 5.53826,
	6.95901 5.53057,
	6.96894 5.52673,
	6.97372 5.52677,
	6.97634 5.5242,
	6.98611 5.52169,
	6.99086 5.52174,
	7.00072 5.51796,
	7.00558 5.51672,
	7.00818 5.51416,
	7.02793 5.50541,
	7.03289 5.5029,
	7.03547 5.50035,
	7.055 5.49436,
	7.0743 5.49241,
	7.11381 5.48245,
	7.15425 5.47048,
	7.19537 5.46155,
	7.20576 5.45969,
	7.21633 5.45522,
	7.22156 5.45429,
	7.24288 5.44402,
	7.26166 5.43354,
	7.2711 5.42761,
	7.28176 5.42441,
	7.28317 5.42186,
	7.32593 5.41016,
	7.3474 5.40354,
	7.35005 5.4037,
	7.35278 5.40121,
	7.3581 5.40151,
	7.37958 5.39478,
	7.38493 5.39374,
	7.38766 5.39124,
	7.39296 5.39283,
	7.39701 5.3904,
	7.43981 5.3845,
	7.48246 5.38492,
	7.52502 5.3877,
	7.56749 5.39287,
	7.57811 5.39315,
	7.62034 5.40323,
	7.64138 5.40881,
	7.6623 5.4182,
	7.67143 5.42219,
	7.67661 5.42613,
	7.67924 5.42616,
	7.69733 5.43922,
	7.70634 5.44571,
	7.71013 5.45085,
	7.71247 5.4611,
	7.71233 5.46621,
	7.70957 5.47129,
	7.70949 5.47384,
	7.7068 5.47637,
	7.70256 5.48652,
	7.68881 5.50547,
	7.686 5.51053,
	7.67516 5.5193,
	7.66439 5.52554,
	7.65369 5.52923,
	7.64306 5.53039,
	7.62192 5.52884,
	7.6114 5.52615,
	7.52631 5.52067,
	7.5051 5.5163,
	7.49985 5.51361,
	7.49451 5.51346,
	7.48927 5.51076,
	7.48392 5.51061,
	7.47344 5.50516,
	7.38778 5.50337,
	7.36619 5.50628,
	7.36085 5.50602,
	7.31729 5.51796,
	7.30638 5.52121,
	7.30104 5.5209,
	7.25773 5.5298,
	7.25225 5.53203,
	7.24697 5.53168,
	7.2415 5.53389,
	7.23098 5.53318,
	7.2203 5.53503,
	7.19938 5.53488,
	7.15763 5.54116,
	7.13676 5.54765,
	7.12654 5.54965,
	7.12145 5.55067,
	7.1187 5.55311,
	7.0985 5.55727,
	7.09606 5.55715,
	7.09333 5.55962,
	7.07352 5.56266,
	7.0684 5.56506,
	7.0636 5.56489,
	7.0585 5.5673,
	7.05372 5.56714,
	7.03388 5.57305,
	7.01444 5.5765,
	7.00465 5.57891,
	6.99993 5.57884,
	6.99486 5.58135,
	"/>
</Transform>

<Transform dim="0"
 xcoef=" 0 1 0 0 0 0"
 ycoef=" 0 0 1 0 0 0">
<Contour name="d15sp18" hidden="false" closed="true" simplified="true" border="1 0 0" fill="1 0 0" mode="11"
 points="5.489 7.87185,
	5.49491 7.86594,
	5.51858 7.8615,
	5.54225 7.86298,
	5.56591 7.86742,
	5.58958 7.87481,
	5.61324 7.87925,
	5.66058 7.88221,
	5.8499 7.88221,
	5.94457 7.88221,
	6.03923 7.87629,
	6.05106 7.87333,
	6.05698 7.87185,
	6.0629 7.87333,
	6.04515 7.897,
	6.03627 7.90883,
	6.03035 7.91475,
	6.02444 7.91771,
	6.01261 7.92806,
	5.98894 7.94137,
	5.96527 7.96356,
	5.94161 7.98131,
	5.92977 7.9887,
	5.91794 7.99906,
	5.91203 8.00349,
	5.89723 8.02716,
	5.88984 8.03899,
	5.88096 8.06266,
	5.87653 8.08633,
	5.87209 8.09816,
	5.86469 8.14549,
	5.8573 8.16916,
	5.85138 8.18099,
	5.84251 8.19282,
	5.83659 8.19874,
	5.82476 8.20022,
	5.81292 8.19874,
	5.80109 8.19282,
	5.78926 8.18395,
	5.78334 8.17803,
	5.76855 8.15436,
	5.75672 8.1307,
	5.7508 8.11887,
	5.74489 8.0952,
	5.72566 8.04787,
	5.69755 8.00054,
	5.68572 7.99166,
	5.67537 7.97983,
	5.66205 7.95616,
	5.63839 7.93989,
	5.54373 7.90291,
	5.53189 7.90144,
	5.50823 7.89108,
	5.49639 7.88369,
	5.49048 7.87925,
	5.489 7.87333,
	"/>
</Transform>

<Transform dim="0"
 xcoef=" 0 1 0 0 0 0"
 ycoef=" 0 0 1 0 0 0">
<Contour name="d39sp21" hidden="false" closed="true" simplified="true" border="1 0 0" fill="1 0 0" mode="11"
 points="10.9157 5.03239,
	10.9845 4.99157,
	11.0532 4.95504,
	11.0704 4.94214,
	11.1392 4.90347,
	11.1735 4.88628,
	11.1907 4.87553,
	11.2079 4.86909,
	11.2251 4.85834,
	11.2337 4.85619,
	11.2509 4.84545,
	11.2853 4.83256,
	11.354 4.79388,
	11.3884 4.77884,
	11.4228 4.7595,
	11.44 4.75305,
	11.4572 4.74231,
	11.4615 4.77669,
	11.455 4.84545,
	11.4507 4.87983,
	11.4314 4.94859,
	11.4335 4.98297,
	11.4314 5.01735,
	11.4292 5.02595,
	11.4335 5.0281,
	11.4357 5.02595,
	11.4335 5.03024,
	11.44 5.04743,
	11.4593 5.08181,
	11.4894 5.15057,
	11.4959 5.15917,
	11.513 5.16562,
	11.5302 5.16347,
	11.5388 5.16562,
	11.5539 5.18281,
	11.5689 5.21719,
	11.5904 5.25157,
	11.6162 5.28595,
	11.6334 5.29669,
	11.6678 5.30743,
	11.6721 5.30743,
	11.7021 5.34181,
	11.7129 5.359,
	11.7473 5.39338,
	11.7838 5.46214,
	11.7924 5.47933,
	11.8053 5.49652,
	11.8096 5.50512,
	11.844 5.5352,
	11.8611 5.55024,
	11.8783 5.56099,
	11.8869 5.56314,
	11.9557 5.60826,
	12.0932 5.68991,
	12.162 5.72644,
	12.1964 5.74148,
	12.2049 5.74363,
	12.2092 5.74363,
	12.2178 5.75008,
	12.2522 5.76082,
	12.2694 5.77157,
	12.2866 5.77801,
	12.321 5.8038,
	12.3382 5.81669,
	12.3661 5.85107,
	12.3726 5.85752,
	12.3704 5.85966,
	12.4155 5.92843,
	12.422 5.93702,
	12.4263 5.95421,
	12.4263 5.9714,
	12.422 5.98859,
	12.4026 6.02297,
	12.3876 6.05735,
	12.364 6.09173,
	12.3511 6.10892,
	12.3339 6.12396,
	12.3167 6.12611,
	12.2823 6.11966,
	12.2479 6.10462,
	12.2307 6.09388,
	12.1663 6.02727,
	12.1061 5.95851,
	12.0803 5.92413,
	12.0481 5.88975,
	12.0137 5.87041,
	11.9965 5.86396,
	11.9621 5.84247,
	11.8934 5.80595,
	11.859 5.78446,
	11.8246 5.75223,
	11.8074 5.73933,
	11.7902 5.72214,
	11.773 5.70925,
	11.7602 5.69206,
	11.743 5.67487,
	11.7086 5.65124,
	11.6914 5.63834,
	11.6828 5.63405,
	11.6205 5.56528,
	11.5883 5.5309,
	11.5324 5.46214,
	11.5045 5.42776,
	11.4894 5.41057,
	11.4851 5.40198,
	11.4765 5.39338,
	11.4744 5.38479,
	11.4271 5.31603,
	11.397 5.28165,
	11.3841 5.26446,
	11.3497 5.23223,
	11.3326 5.21504,
	11.2982 5.18925,
	11.281 5.17421,
	11.2466 5.15487,
	11.238 5.14843,
	11.2036 5.14413,
	11.1692 5.14413,
	11.1349 5.13338,
	11.1005 5.11619,
	11.0833 5.1076,
	11.0489 5.10115,
	10.9802 5.09686,
	10.963 5.09041,
	10.9458 5.07967,
	10.9307 5.06248,
	10.92 5.04529,
	10.9157 5.03669,
	10.9157 5.03454,
	"/>
</Transform>

<Transform dim="0"
 xcoef=" 0 1 0 0 0 0"
 ycoef=" 0 0 1 0 0 0">
<Contour name="dch_d39c24" hidden="false" closed="true" simplified="true" border="0 0 1" fill="0 0 1" mode="11"
 points="11.7679 4.142,
	11.7674 4.14092,
	11.7673 4.14078,
	11.7651 4.14085,
	11.7646 4.14085,
	11.7603 4.13876,
	11.756 4.13653,
	11.7549 4.136,
	11.7544 4.13573,
	11.7539 4.13525,
	11.7527 4.1331,
	11.7518 4.13094,
	11.7503 4.12662,
	11.7498 4.12446,
	11.7495 4.12231,
	11.7494 4.12177,
	11.7493 4.12069,
	11.749 4.11853,
	11.7489 4.11421,
	11.7489 4.11313,
	11.749 4.11259,
	11.749 4.11239,
	11.7491 4.11192,
	11.7496 4.11084,
	11.75 4.1103,
	11.7539 4.10598,
	11.754 4.10491,
	11.754 4.10477,
	11.756 4.10261,
	11.7563 4.10234,
	11.7585 4.1014,
	11.759 4.1012,
	11.7595 4.10086,
	11.7604 4.09978,
	11.7608 4.09924,
	11.7609 4.09911,
	11.7631 4.09863,
	11.7636 4.0985,
	11.7641 4.09816,
	11.7652 4.09729,
	11.7658 4.09681,
	11.766 4.09661,
	11.7671 4.09654,
	11.7674 4.09654,
	11.7675 4.09654,
	11.7682 4.09546,
	11.7686 4.09513,
	11.773 4.09371,
	11.774 4.09331,
	11.7762 4.09283,
	11.7773 4.09263,
	11.7784 4.09263,
	11.7794 4.09176,
	11.78 4.09135,
	11.7843 4.09081,
	11.7854 4.09068,
	11.7856 4.09068,
	11.79 4.08926,
	11.791 4.08886,
	11.7916 4.08872,
	11.7959 4.08865,
	11.797 4.08865,
	11.7972 4.08865,
	11.7994 4.08764,
	11.7999 4.08744,
	11.8021 4.0873,
	11.8043 4.0873,
	11.8053 4.08724,
	11.8059 4.08724,
	11.808 4.08623,
	11.8086 4.08602,
	11.8107 4.08582,
	11.8453 4.084,
	11.8539 4.08353,
	11.8884 4.08272,
	11.9057 4.08238,
	11.9143 4.08231,
	11.9165 4.08231,
	11.917 4.08231,
	11.9192 4.08279,
	11.9197 4.08292,
	11.924 4.08245,
	11.9251 4.08231,
	11.9262 4.08198,
	11.9283 4.08103,
	11.9294 4.08083,
	11.9337 4.08036,
	11.9348 4.08016,
	11.9435 4.07773,
	11.9456 4.07712,
	11.9542 4.07564,
	11.9564 4.07523,
	11.9575 4.07503,
	11.992 4.07901,
	12.0006 4.08002,
	12.0028 4.08029,
	12.0031 4.08029,
	12.0074 4.08225,
	12.0095 4.08319,
	12.0106 4.08373,
	12.0112 4.08393,
	12.0155 4.08737,
	12.0166 4.08825,
	12.0182 4.09041,
	12.0186 4.09095,
	12.0184 4.0931,
	12.0183 4.09418,
	12.0183 4.09445,
	12.0183 4.09459,
	12.0194 4.09513,
	12.0197 4.09526,
	12.0198 4.09546,
	12.0206 4.09978,
	12.0207 4.10032,
	12.0199 4.10895,
	12.0195 4.11327,
	12.0193 4.11543,
	12.0165 4.11974,
	12.0162 4.12028,
	12.0118 4.12338,
	12.0097 4.12487,
	12.0054 4.12743,
	12.0043 4.12804,
	12 4.12939,
	11.9989 4.12972,
	11.9967 4.13067,
	11.9957 4.13107,
	11.9935 4.13107,
	11.993 4.13107,
	11.9908 4.13195,
	11.9903 4.13222,
	11.99 4.13235,
	11.9814 4.1333,
	11.9792 4.1335,
	11.9781 4.13363,
	11.9436 4.13337,
	11.9263 4.13316,
	11.9091 4.13283,
	11.8745 4.13404,
	11.8659 4.13431,
	11.8573 4.13478,
	11.8486 4.13512,
	11.8465 4.13512,
	11.8422 4.13606,
	11.8411 4.13633,
	11.8368 4.1364,
	11.8346 4.13647,
	11.8303 4.13741,
	11.8292 4.13768,
	11.8249 4.13775,
	11.8238 4.13775,
	11.8152 4.13916,
	11.813 4.1395,
	11.8119 4.1397,
	11.7774 4.14193,
	11.7688 4.142,
	11.7682 4.142,
	11.768 4.142,
	"/>
</Transform>

</Section>