<?xml version="1.0"?>
<!DOCTYPE Section SYSTEM "section.dtd">

<Section index="69" thickness="0.0452003" alignLocked="true">
<Transform dim="0"
 xcoef=" 0 1 0 0 0 0"
 ycoef=" 0 0 1 0 0 0">
<Contour name="D49" hidden="false" closed="true" simplified="true" border="0 1 0" fill="0 1 0" mode="11"
 points="9.40443 9.7654,
	9.38625 9.76369,
	9.36988 9.75799,
	9.35692 9.74886,
	9.34587 9.72416,
	9.34885 9.71104,
	9.35726 9.6991,
	9.37031 9.68952,
	9.3867 9.68323,
	9.40483 9.68083,
	9.42294 9.68255,
	9.43927 9.68821,
	9.45222 9.69725,
	9.46053 9.70882,
	9.46337 9.72179,
	9.46046 9.73492,
	9.45208 9.74691,
	9.43904 9.75656,
	9.42262 9.76294,
	"/>
</Transform>

<Transform dim="0"
 xcoef=" 0 1 0 0 0 0"
 ycoef=" 0 0 1 0 0 0">
<Contour name="D22" hidden="false" closed="true" simplified="true" border="0 0 1" fill="0 0 1" mode="11"
 points="9.26842 10.5462,
	9.23797 10.5436,
	9.21023 10.5319,
	9.18793 10.5123,
	9.16764 10.4583,
	9.17162 10.4295,
	9.18479 10.4032,
	9.20582 10.3821,
	9.23269 10.3679,
	9.26279 10.362,
	9.29326 10.3647,
	9.32112 10.3756,
	9.3436 10.3939,
	9.35844 10.4179,
	9.36414 10.4456,
	9.36015 10.4744,
	9.34688 10.5014,
	9.32568 10.5239,
	9.29864 10.5394,
	"/>
</Transform>

<Transform dim="0"
 xcoef=" 0 1 0 0 0 0"
 ycoef=" 0 0 1 0 0 0">
<Contour name="D56" hidden="false" closed="true" simplified="true" border="0 0 1" fill="0 0 1" mode="11"
 points="15.8008 8.87129,
	15.7783 8.86727,
	15.7582 8.8555,
	15.7429 8.83711,
	15.7313 8.78805,
	15.7363 8.76219,
	15.748 8.73887,
	15.7651 8.72043,
	15.7859 8.70872,
	15.8083 8.70491,
	15.8302 8.70931,
	15.8494 8.72144,
	15.8644 8.74005,
	15.8737 8.76328,
	15.8764 8.78886,
	15.8721 8.81434,
	15.8612 8.83729,
	15.8445 8.85551,
	15.8237 8.86723,
	"/>
</Transform>

<Transform dim="0"
 xcoef=" 0 1 0 0 0 0"
 ycoef=" 0 0 1 0 0 0">
<Contour name="D39" hidden="false" closed="true" simplified="true" border="0 1 0" fill="0 1 0" mode="11"
 points="11.3713 5.36371,
	11.3499 5.3629,
	11.3308 5.35621,
	11.3156 5.3444,
	11.3029 5.31058,
	11.3066 5.29189,
	11.3166 5.27436,
	11.3321 5.25966,
	11.3515 5.2492,
	11.3729 5.24399,
	11.3941 5.24457,
	11.4133 5.25087,
	11.4283 5.26233,
	11.4379 5.27783,
	11.4411 5.29591,
	11.4376 5.31484,
	11.4275 5.33275,
	11.4122 5.34783,
	11.3927 5.35853,
	"/>
</Transform>

<Transform dim="0"
 xcoef=" 0 1 0 0 0 0"
 ycoef=" 0 0 1 0 0 0">
<Contour name="D43" hidden="false" closed="true" simplified="true" border="1 0 0" fill="1 0 0" mode="11"
 points="12.7611 7.40972,
	12.7379 7.40655,
	12.7171 7.39626,
	12.7009 7.37999,
	12.6875 7.33641,
	12.6917 7.31341,
	12.7028 7.29255,
	12.7197 7.2758,
	12.7408 7.26479,
	12.764 7.26054,
	12.7871 7.26348,
	12.808 7.27331,
	12.8245 7.28912,
	12.8347 7.30941,
	12.838 7.33228,
	12.8338 7.35553,
	12.8227 7.37685,
	12.8056 7.39408,
	12.7844 7.40544,
	"/>
</Transform>

<Transform dim="0"
 xcoef=" 0 1 0 0 0 0"
 ycoef=" 0 0 1 0 0 0">
<Contour name="D89" hidden="false" closed="true" simplified="true" border="0 1 0" fill="0 1 0" mode="11"
 points="22.3378 7.79765,
	22.3163 7.79367,
	22.2968 7.78301,
	22.2811 7.76677,
	22.2673 7.72434,
	22.2704 7.70226,
	22.2801 7.68244,
	22.2955 7.66678,
	22.315 7.65681,
	22.3366 7.6535,
	22.3585 7.65722,
	22.3783 7.66762,
	22.3941 7.68374,
	22.4042 7.70399,
	22.4078 7.7264,
	22.4044 7.74876,
	22.3944 7.76883,
	22.3789 7.78461,
	22.3594 7.79454,
	"/>
</Transform>

<Transform dim="0"
 xcoef=" 0 1 0 0 0 0"
 ycoef=" 0 0 1 0 0 0">
<Contour name="D89" hidden="false" closed="true" simplified="true" border="0 1 0" fill="0 1 0" mode="11"
 points="20.7075 2.57639,
	20.6875 2.57324,
	20.6694 2.56479,
	20.6546 2.55188,
	20.641 2.51809,
	20.6435 2.50056,
	20.6521 2.48489,
	20.6659 2.4726,
	20.6835 2.46486,
	20.7033 2.46242,
	20.7232 2.46553,
	20.7414 2.47388,
	20.7561 2.48667,
	20.7657 2.50267,
	20.7695 2.52033,
	20.7669 2.53791,
	20.7584 2.55369,
	20.7447 2.5661,
	20.7271 2.57392,
	"/>
</Transform>

<Transform dim="0"
 xcoef=" 0 1 0 0 0 0"
 ycoef=" 0 0 1 0 0 0">
<Contour name="D85" hidden="false" closed="true" simplified="true" border="1 1 0" fill="1 1 0" mode="11"
 points="20.5184 6.54,
	20.4972 6.5376,
	20.4784 6.52709,
	20.4637 6.50933,
	20.4521 6.45968,
	20.4566 6.43295,
	20.4677 6.40862,
	20.4842 6.38912,
	20.5046 6.37633,
	20.5268 6.37139,
	20.5485 6.37466,
	20.5675 6.38572,
	20.582 6.40344,
	20.5905 6.4261,
	20.5924 6.45155,
	20.5875 6.47742,
	20.5763 6.50127,
	20.5599 6.52082,
	20.54 6.53417,
	"/>
</Transform>

<Transform dim="0"
 xcoef=" 0 1 0 0 0 0"
 ycoef=" 0 0 1 0 0 0">
<Contour name="D85" hidden="false" closed="true" simplified="true" border="1 1 0" fill="1 1 0" mode="11"
 points="16.9665 2.85254,
	16.9452 2.84834,
	16.926 2.83665,
	16.9108 2.81863,
	16.8979 2.77116,
	16.9015 2.74632,
	16.9116 2.72397,
	16.9271 2.70623,
	16.9465 2.69488,
	16.9679 2.69102,
	16.9893 2.69509,
	17.0085 2.70669,
	17.0237 2.72471,
	17.0332 2.74734,
	17.0364 2.77238,
	17.0327 2.79735,
	17.0228 2.81981,
	17.0073 2.83755,
	16.9879 2.84882,
	"/>
</Transform>

<Transform dim="0"
 xcoef=" 0 1 0 0 0 0"
 ycoef=" 0 0 1 0 0 0">
<Contour name="D66" hidden="false" closed="true" simplified="true" border="0 0 1" fill="0 0 1" mode="11"
 points="16.3593 12.7977,
	16.3341 12.7924,
	16.3112 12.7774,
	16.2928 12.7542,
	16.2762 12.6928,
	16.2796 12.6607,
	16.2907 12.6317,
	16.3084 12.6088,
	16.3309 12.5943,
	16.356 12.5895,
	16.3814 12.595,
	16.4045 12.6102,
	16.4229 12.6336,
	16.4348 12.6628,
	16.4393 12.695,
	16.4356 12.7271,
	16.4245 12.7558,
	16.4068 12.7785,
	16.3843 12.793,
	"/>
</Transform>

<Transform dim="0"
 xcoef=" 0 1 0 0 0 0"
 ycoef=" 0 0 1 0 0 0">
<Contour name="D48" hidden="false" closed="true" simplified="true" border="1 0 0" fill="1 0 0" mode="11"
 points="9.80843 8.99218,
	9.78113 8.99048,
	9.75671 8.98415,
	9.73761 8.97384,
	9.72199 8.9458,
	9.72697 8.93084,
	9.74006 8.91719,
	9.76 8.90616,
	9.78488 8.89873,
	9.81227 8.8956,
	9.83952 8.89705,
	9.86396 8.90296,
	9.88318 8.91285,
	9.89528 8.92582,
	9.89906 8.94065,
	9.89415 8.95588,
	9.88103 8.96994,
	9.86097 8.9814,
	9.83594 8.98907,
	"/>
</Transform>

<Transform dim="0"
 xcoef=" 0 1 0 0 0 0"
 ycoef=" 0 0 1 0 0 0">
<Contour name="D41" hidden="false" closed="true" simplified="true" border="1 0 0" fill="1 0 0" mode="11"
 points="10.1285 6.9891,
	10.1033 6.98626,
	10.0802 6.97826,
	10.0617 6.9659,
	10.0448 6.93331,
	10.0482 6.9163,
	10.0593 6.90103,
	10.077 6.88897,
	10.0995 6.88129,
	10.1246 6.87874,
	10.1498 6.88156,
	10.1726 6.88948,
	10.1909 6.90174,
	10.2029 6.91714,
	10.2075 6.93419,
	10.2041 6.95122,
	10.1932 6.96657,
	10.1758 6.97873,
	10.1535 6.9865,
	"/>
</Transform>

<Transform dim="0"
 xcoef=" 0 1 0 0 0 0"
 ycoef=" 0 0 1 0 0 0">
<Contour name="D16" hidden="false" closed="true" simplified="true" border="0 0 1" fill="0 0 1" mode="11"
 points="4.45052 6.9519,
	4.41636 6.95094,
	4.38464 6.94175,
	4.35884 6.9252,
	4.33541 6.87729,
	4.34023 6.85073,
	4.35568 6.8259,
	4.37999 6.80516,
	4.41051 6.79046,
	4.44405 6.7832,
	4.47729 6.7841,
	4.5071 6.79316,
	4.53082 6.80955,
	4.54638 6.83167,
	4.55243 6.85732,
	4.54843 6.88391,
	4.53474 6.90885,
	4.51252 6.92975,
	4.48361 6.94458,
	"/>
</Transform>

<Transform dim="0"
 xcoef=" 0 1 0 0 0 0"
 ycoef=" 0 0 1 0 0 0">
<Contour name="D71" hidden="false" closed="true" simplified="true" border="1 0 0" fill="1 0 0" mode="11"
 points="17.9453 10.5617,
	17.9231 10.5584,
	17.9032 10.5477,
	17.8876 10.5307,
	17.8747 10.485,
	17.8787 10.4608,
	17.8893 10.4387,
	17.9056 10.4211,
	17.926 10.4096,
	17.9486 10.4053,
	17.9709 10.4086,
	17.9908 10.4192,
	18.0065 10.4361,
	18.0163 10.4577,
	18.0193 10.4817,
	18.0151 10.506,
	18.0044 10.528,
	17.988 10.5457,
	17.9676 10.5573,
	"/>
</Transform>

<Transform dim="0"
 xcoef=" 0 1 0 0 0 0"
 ycoef=" 0 0 1 0 0 0">
<Contour name="D119" hidden="false" closed="true" simplified="true" border="0 1 1" fill="0 1 1" mode="11"
 points="8.16127 7.42301,
	8.14766 7.42199,
	8.13424 7.41854,
	8.12135 7.41276,
	8.10929 7.4048,
	8.09838 7.39484,
	8.0889 7.38312,
	8.08107 7.36992,
	8.07511 7.35555,
	8.06933 7.3247,
	8.06966 7.30895,
	8.07214 7.29353,
	8.07671 7.27878,
	8.08327 7.26507,
	8.09163 7.25276,
	8.1016 7.24213,
	8.1129 7.23346,
	8.12527 7.22698,
	8.13837 7.22283,
	8.1519 7.22114,
	8.16551 7.22195,
	8.17886 7.22526,
	8.19163 7.23098,
	8.20351 7.239,
	8.21423 7.24912,
	8.22349 7.26106,
	8.23112 7.27455,
	8.23691 7.28923,
	8.24074 7.30473,
	8.24251 7.32066,
	8.24218 7.33659,
	8.23977 7.35215,
	8.23533 7.36692,
	8.22894 7.38056,
	8.22078 7.39273,
	8.21102 7.40313,
	8.19992 7.41153,
	8.18772 7.41773,
	8.17474 7.42158,
	"/>
</Transform>

<Transform dim="0"
 xcoef=" 0 1 0 0 0 0"
 ycoef=" 0 0 1 0 0 0">
<Contour name="D15" hidden="false" closed="true" simplified="true" border="1 1 0" fill="1 1 0" mode="11"
 points="4.34689 7.71895,
	4.30848 7.71572,
	4.27343 7.70007,
	4.24519 7.67357,
	4.21929 7.59893,
	4.22407 7.55799,
	4.24037 7.51998,
	4.2666 7.4887,
	4.3002 7.46726,
	4.33794 7.45777,
	4.37609 7.46114,
	4.41091 7.47705,
	4.43905 7.5039,
	4.45776 7.53904,
	4.46526 7.57896,
	4.46079 7.61973,
	4.44471 7.65739,
	4.41854 7.68829,
	4.38483 7.7095,
	"/>
</Transform>

<Transform dim="0"
 xcoef=" 0 1 0 0 0 0"
 ycoef=" 0 0 1 0 0 0">
<Contour name="d16sp14" hidden="false" closed="true" simplified="true" border="1 0 0" fill="1 0 0" mode="11"
 points="5.19376 6.95235,
	5.18349 6.95046,
	5.17829 6.94831,
	5.17578 6.94842,
	5.1731 6.94617,
	5.17059 6.94627,
	5.15114 6.93633,
	5.14083 6.93076,
	5.12412 6.92063,
	5.119 6.91722,
	5.10602 6.90453,
	5.09182 6.88947,
	5.08807 6.88721,
	5.08674 6.88486,
	5.08431 6.88493,
	5.08046 6.88028,
	5.07805 6.88034,
	5.07427 6.87688,
	5.0694 6.87581,
	5.06689 6.87349,
	5.04744 6.86683,
	5.03778 6.8635,
	5.01892 6.86511,
	5.01422 6.86521,
	5.01293 6.86286,
	5.01488 6.85332,
	5.01465 6.81533,
	5.01879 6.79627,
	5.01866 6.79153,
	5.01859 6.78916,
	5.02089 6.78674,
	5.02516 6.76769,
	5.02744 6.7629,
	5.02734 6.75817,
	5.02967 6.75576,
	5.03186 6.74624,
	5.03182 6.74389,
	5.03416 6.74146,
	5.04086 6.70354,
	5.04194 6.68467,
	5.04073 6.66587,
	5.03364 6.64723,
	5.03129 6.64257,
	5.02894 6.64027,
	5.02895 6.63792,
	5.01727 6.62172,
	5.01497 6.61708,
	5.01264 6.61478,
	5.00924 6.60548,
	5.00927 6.60313,
	5.00696 6.60083,
	5.00699 6.5985,
	5.00701 6.59733,
	5.01172 6.59608,
	5.03055 6.59811,
	5.04 6.60028,
	5.0495 6.60012,
	5.05902 6.60229,
	5.06858 6.60212,
	5.07817 6.60428,
	5.09746 6.60391,
	5.13645 6.60651,
	5.17596 6.60535,
	5.21601 6.60613,
	5.23624 6.60747,
	5.25668 6.6121,
	5.26695 6.61378,
	5.27344 6.6168,
	5.29418 6.62109,
	5.29941 6.62299,
	5.302 6.6228,
	5.30466 6.62487,
	5.30988 6.6256,
	5.31519 6.6286,
	5.31778 6.62839,
	5.32046 6.63043,
	5.32306 6.63021,
	5.32444 6.63237,
	5.32705 6.63215,
	5.34581 6.64295,
	5.36614 6.65685,
	5.37989 6.66905,
	5.38819 6.67726,
	5.38829 6.67954,
	5.39367 6.68121,
	5.39651 6.68546,
	5.3992 6.68629,
	5.4035 6.69381,
	5.4105 6.70216,
	5.41787 6.71971,
	5.42089 6.72861,
	5.42107 6.73322,
	5.42389 6.73752,
	5.42725 6.75575,
	5.42795 6.77442,
	5.42829 6.78379,
	5.42368 6.80327,
	5.42377 6.80563,
	5.41748 6.8159,
	5.41491 6.8186,
	5.415 6.82098,
	5.39831 6.83852,
	5.3598 6.87779,
	5.32968 6.91708,
	5.32207 6.92385,
	5.312 6.93322,
	5.30184 6.94016,
	5.29922 6.94039,
	5.29674 6.94301,
	5.27592 6.94594,
	5.23428 6.94529,
	5.2141 6.95127,
	"/>
</Transform>

<Transform dim="0"
 xcoef=" 0 1 0 0 0 0"
 ycoef=" 0 0 1 0 0 0">
<Contour name="d71sp09" hidden="false" closed="true" simplified="true" border="1 0 0" fill="1 0 0" mode="11"
 points="18.9564 9.68061,
	18.9145 9.66212,
	18.8719 9.6364,
	18.8504 9.62293,
	18.8286 9.60579,
	18.7852 9.57758,
	18.7422 9.55433,
	18.7209 9.54712,
	18.6788 9.53788,
	18.6684 9.53493,
	18.6632 9.53411,
	18.6438 9.5204,
	18.6425 9.51021,
	18.6425 9.50503,
	18.6425 9.50375,
	18.6425 9.50246,
	18.6542 9.48063,
	18.6749 9.46051,
	18.6839 9.45056,
	18.7134 9.4059,
	18.7312 9.38336,
	18.7515 9.3688,
	18.7616 9.36291,
	18.7816 9.34596,
	18.7916 9.33754,
	18.81 9.31559,
	18.8414 9.27238,
	18.8606 9.25101,
	18.8653 9.2457,
	18.9417 9.19741,
	18.9792 9.17209,
	19.0542 9.13039,
	19.0918 9.11254,
	19.1012 9.1078,
	19.1779 9.08352,
	19.1874 9.07999,
	19.2666 9.06918,
	19.2764 9.06667,
	19.3166 9.0636,
	19.3574 9.07205,
	19.3782 9.08559,
	19.393 9.10399,
	19.4 9.12265,
	19.4043 9.13195,
	19.406 9.16991,
	19.4065 9.17943,
	19.401 9.21807,
	19.3934 9.23785,
	19.3821 9.25802,
	19.38 9.26303,
	19.3424 9.29263,
	19.3236 9.30501,
	19.3048 9.3149,
	19.2666 9.32833,
	19.2618 9.32982,
	19.2431 9.36927,
	19.2157 9.41017,
	19.2002 9.4502,
	19.1966 9.48936,
	19.19 9.52841,
	19.1856 9.56715,
	19.1813 9.58658,
	19.1745 9.60611,
	19.1722 9.61103,
	19.1528 9.62167,
	19.1431 9.62578,
	19.1233 9.63042,
	19.0836 9.62638,
	19.0635 9.6225,
	19.0534 9.62055,
	19.0334 9.62145,
	19.0134 9.63322,
	18.9934 9.64742,
	18.9808 9.66735,
	18.9719 9.67744,
	18.9616 9.67914,
	"/>
</Transform>

<Transform dim="0"
 xcoef=" 0 1 0 0 0 0"
 ycoef=" 0 0 1 0 0 0">
<Contour name="d39sp13" hidden="false" closed="true" simplified="true" border="1 0 0" fill="1 0 0" mode="11"
 points="10.6621 6.43528,
	10.6407 6.43287,
	10.6303 6.42992,
	10.6201 6.42467,
	10.6119 6.4161,
	10.6092 6.39748,
	10.612 6.32224,
	10.6159 6.28503,
	10.616 6.28382,
	10.6231 6.26459,
	10.6341 6.24531,
	10.6442 6.23573,
	10.664 6.22129,
	10.6724 6.21524,
	10.6823 6.2067,
	10.6879 6.20179,
	10.6934 6.19936,
	10.6963 6.19566,
	10.7395 6.16095,
	10.7424 6.1572,
	10.763 6.14339,
	10.7725 6.13834,
	10.7943 6.12436,
	10.8051 6.11796,
	10.8105 6.11538,
	10.813 6.11534,
	10.8158 6.11279,
	10.8314 6.11254,
	10.8477 6.12358,
	10.8527 6.12599,
	10.8586 6.13594,
	10.8596 6.14096,
	10.8621 6.14215,
	10.8618 6.14719,
	10.8641 6.15217,
	10.8615 6.19236,
	10.8508 6.23253,
	10.8453 6.25256,
	10.8373 6.27256,
	10.8326 6.28254,
	10.8324 6.28502,
	10.8295 6.28752,
	10.826 6.29745,
	10.8126 6.31606,
	10.8027 6.3247,
	10.797 6.32961,
	10.7873 6.33572,
	10.7596 6.37448,
	10.7519 6.38403,
	10.7284 6.40269,
	10.7181 6.41071,
	10.7106 6.41639,
	10.6887 6.42963,
	10.6841 6.43292,
	"/>
</Transform>

<Transform dim="0"
 xcoef=" 0 1 0 0 0 0"
 ycoef=" 0 0 1 0 0 0">
<Contour name="d41sp15" hidden="false" closed="true" simplified="true" border="1 0 0" fill="1 0 0" mode="11"
 points="11.6275 7.65128,
	11.6112 7.65048,
	11.6031 7.64867,
	11.599 7.64682,
	11.5949 7.64684,
	11.5929 7.64498,
	11.5848 7.64314,
	11.5807 7.64128,
	11.5786 7.64129,
	11.5766 7.63941,
	11.5684 7.63662,
	11.5633 7.6338,
	11.5551 7.631,
	11.5406 7.61876,
	11.5344 7.61216,
	11.5344 7.61028,
	11.5323 7.60839,
	11.5322 7.60462,
	11.5301 7.60085,
	11.5276 7.58576,
	11.5275 7.58199,
	11.5254 7.57821,
	11.5252 7.57065,
	11.5192 7.54043,
	11.5168 7.5253,
	11.5121 7.51018,
	11.5077 7.5026,
	11.496 7.48932,
	11.4875 7.48172,
	11.4717 7.47031,
	11.4696 7.47029,
	11.4686 7.4684,
	11.4644 7.46744,
	11.4495 7.45699,
	11.4325 7.44563,
	11.4206 7.43341,
	11.4151 7.42687,
	11.4021 7.39727,
	11.3981 7.38263,
	11.3941 7.35368,
	11.3931 7.33936,
	11.3926 7.33225,
	11.3924 7.32959,
	11.3923 7.32871,
	11.3911 7.27302,
	11.3916 7.26615,
	11.3914 7.26276,
	11.4007 7.23523,
	11.4045 7.22913,
	11.4075 7.2256,
	11.4135 7.22105,
	11.4219 7.21889,
	11.4389 7.2171,
	11.4474 7.21664,
	11.4649 7.2209,
	11.4735 7.22221,
	11.4891 7.22936,
	11.4947 7.23525,
	11.497 7.23692,
	11.4983 7.24038,
	11.504 7.24724,
	11.5076 7.25421,
	11.5089 7.25772,
	11.5202 7.27174,
	11.5325 7.28413,
	11.5478 7.29392,
	11.5651 7.30473,
	11.5726 7.30836,
	11.5737 7.31019,
	11.5758 7.31018,
	11.593 7.32025,
	11.5951 7.32025,
	11.5963 7.32209,
	11.5983 7.32209,
	11.6026 7.32578,
	11.6048 7.32578,
	11.6197 7.33412,
	11.624 7.33691,
	11.6324 7.3397,
	11.6644 7.35929,
	11.6772 7.37049,
	11.6919 7.3789,
	11.7004 7.38356,
	11.7046 7.38635,
	11.7068 7.38821,
	11.7088 7.38821,
	11.7237 7.39938,
	11.7279 7.40309,
	11.7279 7.40496,
	11.7321 7.4068,
	11.7365 7.42173,
	11.7378 7.43669,
	11.7348 7.4517,
	11.713 7.51097,
	11.7081 7.52603,
	11.7061 7.5298,
	11.7062 7.53354,
	11.7042 7.53731,
	11.7042 7.54106,
	11.7023 7.54483,
	11.7004 7.55985,
	11.6985 7.56362,
	11.6985 7.56736,
	11.6965 7.57112,
	11.6965 7.57487,
	11.6916 7.58989,
	11.6847 7.60493,
	11.6818 7.60871,
	11.6808 7.61245,
	11.6709 7.6275,
	11.6638 7.63505,
	11.6477 7.64735,
	11.6437 7.6502,
	"/>
</Transform>

<Transform dim="0"
 xcoef=" 0 1 0 0 0 0"
 ycoef=" 0 0 1 0 0 0">
<Contour name="d39sp17" hidden="false" closed="true" simplified="true" border="1 0 0" fill="1 0 0" mode="11"
 points="10.5105 4.31947,
	10.4691 4.31843,
	10.4621 4.31671,
	10.4552 4.31652,
	10.4412 4.31381,
	10.4377 4.31294,
	10.4359 4.31134,
	10.4219 4.30862,
	10.3937 4.30004,
	10.3919 4.29999,
	10.3901 4.29839,
	10.3831 4.29662,
	10.3689 4.29076,
	10.3617 4.28668,
	10.36 4.28662,
	10.3581 4.28502,
	10.3519 4.2825,
	10.3375 4.27279,
	10.3266 4.26397,
	10.3164 4.25289,
	10.3163 4.25135,
	10.3109 4.24656,
	10.3098 4.24346,
	10.3013 4.23092,
	10.2976 4.22466,
	10.2965 4.22156,
	10.2947 4.21997,
	10.2927 4.21378,
	10.2908 4.21065,
	10.2896 4.20449,
	10.2859 4.19824,
	10.2819 4.18588,
	10.2791 4.17966,
	10.2782 4.17657,
	10.2781 4.17504,
	10.2763 4.17345,
	10.2742 4.16114,
	10.2723 4.15496,
	10.2721 4.14884,
	10.2721 4.14732,
	10.2703 4.14573,
	10.2706 4.12128,
	10.277 4.09782,
	10.2852 4.07367,
	10.2886 4.06157,
	10.2929 4.03729,
	10.2948 4.01294,
	10.2943 3.98851,
	10.2944 3.98241,
	10.292 3.97012,
	10.2881 3.95777,
	10.2881 3.95471,
	10.2841 3.94237,
	10.2825 3.94078,
	10.2763 3.91612,
	10.2764 3.91002,
	10.2729 3.88547,
	10.2735 3.83668,
	10.2737 3.83059,
	10.2737 3.82982,
	10.2738 3.82906,
	10.2757 3.82304,
	10.2758 3.82,
	10.2813 3.80803,
	10.2858 3.80212,
	10.2876 3.79991,
	10.2911 3.79777,
	10.2928 3.79632,
	10.2945 3.7964,
	10.2972 3.79422,
	10.311 3.79253,
	10.3316 3.79341,
	10.3384 3.79522,
	10.3401 3.79529,
	10.3409 3.79685,
	10.3444 3.797,
	10.3477 3.79865,
	10.3495 3.79873,
	10.3511 3.80032,
	10.3579 3.80288,
	10.3648 3.80393,
	10.3717 3.8065,
	10.3725 3.80805,
	10.3742 3.80813,
	10.3867 3.82004,
	10.3958 3.83256,
	10.3975 3.83415,
	10.3974 3.83567,
	10.4016 3.84191,
	10.4049 3.84585,
	10.4057 3.84891,
	10.414 3.86063,
	10.4181 3.86687,
	10.4189 3.86994,
	10.4239 3.87621,
	10.4256 3.87931,
	10.4273 3.88013,
	10.4273 3.88165,
	10.4323 3.88792,
	10.4399 3.89884,
	10.4528 3.91072,
	10.4579 3.91623,
	10.464 3.92026,
	10.4675 3.92342,
	10.4947 3.94037,
	10.5088 3.95076,
	10.515 3.95477,
	10.5221 3.96034,
	10.5292 3.96439,
	10.5345 3.96913,
	10.5363 3.9692,
	10.5496 3.97877,
	10.5774 3.99341,
	10.5908 4.00069,
	10.597 4.0047,
	10.5988 4.00476,
	10.6264 4.02159,
	10.6273 4.02313,
	10.6291 4.02319,
	10.6361 4.02796,
	10.6467 4.03661,
	10.6493 4.03972,
	10.6511 4.04128,
	10.651 4.04279,
	10.6606 4.05441,
	10.6683 4.06596,
	10.6726 4.07212,
	10.6743 4.07518,
	10.6761 4.076,
	10.6786 4.08209,
	10.6786 4.08511,
	10.6803 4.08591,
	10.6862 4.09813,
	10.6948 4.10966,
	10.7076 4.11979,
	10.7119 4.12517,
	10.7229 4.13597,
	10.7321 4.14746,
	10.7396 4.1589,
	10.7453 4.17103,
	10.7469 4.17707,
	10.7467 4.18908,
	10.7466 4.19208,
	10.7466 4.19358,
	10.7449 4.19505,
	10.7432 4.20103,
	10.7363 4.21293,
	10.7252 4.22402,
	10.7126 4.23208,
	10.71 4.2343,
	10.7083 4.23427,
	10.6839 4.24971,
	10.6814 4.25117,
	10.6679 4.26078,
	10.662 4.26599,
	10.6595 4.26823,
	10.6578 4.2682,
	10.6486 4.27639,
	10.6427 4.28085,
	10.6411 4.2831,
	10.6344 4.28831,
	10.6285 4.29202,
	10.6268 4.29427,
	10.6151 4.30246,
	10.5891 4.31345,
	10.5755 4.31625,
	10.5619 4.31752,
	10.5413 4.3171,
	10.5379 4.31625,
	10.5242 4.31826,
	10.5174 4.3181,
	"/>
</Transform>

<Transform dim="0"
 xcoef=" 0 1 0 0 0 0"
 ycoef=" 0 0 1 0 0 0">
<Contour name="d39sp12" hidden="false" closed="true" simplified="true" border="1 0 0" fill="1 0 0" mode="11"
 points="9.94165 4.52981,
	9.92061 4.52897,
	9.89945 4.52183,
	9.8888 4.51509,
	9.87131 4.49543,
	9.86191 4.48626,
	9.85126 4.48086,
	9.80886 4.47334,
	9.76639 4.46853,
	9.74516 4.46808,
	9.72379 4.4639,
	9.71305 4.45994,
	9.70349 4.45101,
	9.69935 4.44595,
	9.69638 4.43592,
	9.69622 4.43094,
	9.68749 4.41099,
	9.68441 4.40109,
	9.68419 4.39616,
	9.67654 4.37649,
	9.67333 4.36672,
	9.6674 4.35699,
	9.66456 4.35455,
	9.66442 4.35214,
	9.64564 4.33288,
	9.62339 4.32466,
	9.61228 4.32119,
	9.56846 4.3182,
	9.54664 4.31852,
	9.50337 4.32387,
	9.45996 4.32551,
	9.41663 4.32455,
	9.39516 4.32452,
	9.37411 4.32791,
	9.33203 4.32963,
	9.29019 4.32739,
	9.28501 4.32723,
	9.26357 4.31836,
	9.2562 4.3088,
	9.24665 4.28988,
	9.24103 4.27105,
	9.2366 4.23337,
	9.23625 4.22864,
	9.23608 4.22627,
	9.23599 4.22508,
	9.23862 4.20616,
	9.24404 4.18714,
	9.25491 4.16808,
	9.27525 4.15023,
	9.296 4.13956,
	9.30651 4.13725,
	9.31178 4.1361,
	9.31435 4.13368,
	9.32496 4.13381,
	9.3302 4.13141,
	9.34082 4.13152,
	9.35139 4.12916,
	9.39405 4.12944,
	9.40482 4.13195,
	9.41017 4.13196,
	9.43185 4.13933,
	9.43454 4.13933,
	9.4373 4.14178,
	9.43999 4.14177,
	9.44551 4.14543,
	9.4564 4.14905,
	9.50091 4.17658,
	9.5457 4.19869,
	9.55698 4.20447,
	9.56265 4.20794,
	9.57005 4.21614,
	9.57022 4.21853,
	9.58045 4.22785,
	9.59145 4.24664,
	9.59628 4.25605,
	9.63733 4.29345,
	9.66022 4.30997,
	9.68236 4.31829,
	9.7255 4.32318,
	9.7471 4.32821,
	9.7904 4.34472,
	9.87499 4.36184,
	9.91695 4.37093,
	9.95859 4.37788,
	9.97938 4.38147,
	10.0005 4.39008,
	10.0113 4.39688,
	10.0219 4.40123,
	10.0647 4.42508,
	10.0755 4.43079,
	10.0851 4.44017,
	10.087 4.45026,
	10.0863 4.46016,
	10.0803 4.46971,
	10.0729 4.47667,
	10.0628 4.48347,
	10.0423 4.48961,
	10.032 4.49147,
	10.0216 4.49082,
	10.0009 4.49339,
	9.99573 4.49563,
	9.97671 4.51488,
	9.96641 4.522,
	9.96255 4.52563,
	"/>
</Transform>

<Transform dim="0"
 xcoef=" 0 1 0 0 0 0"
 ycoef=" 0 0 1 0 0 0">
<Contour name="d39sp16" hidden="false" closed="true" simplified="true" border="1 0 0" fill="1 0 0" mode="11"
 points="13.2178 5.40719,
	13.204 5.40086,
	13.191 5.39189,
	13.184 5.38652,
	13.1805 5.38295,
	13.1744 5.37845,
	13.1709 5.37664,
	13.1692 5.37662,
	13.1622 5.37212,
	13.1552 5.36936,
	13.1517 5.36932,
	13.15 5.36752,
	13.1466 5.36748,
	13.143 5.36566,
	13.1291 5.3637,
	13.1009 5.35534,
	13.0974 5.35529,
	13.0939 5.35346,
	13.0903 5.35341,
	13.0833 5.35065,
	13.0805 5.34794,
	13.0775 5.3337,
	13.0775 5.33192,
	13.0774 5.33104,
	13.0881 5.30274,
	13.088 5.30096,
	13.0897 5.29921,
	13.0937 5.28501,
	13.0953 5.28147,
	13.0953 5.27968,
	13.0971 5.27882,
	13.0994 5.27172,
	13.1002 5.26816,
	13.1076 5.25486,
	13.1093 5.25131,
	13.1109 5.24954,
	13.1109 5.24775,
	13.115 5.24064,
	13.1174 5.23709,
	13.1174 5.2353,
	13.1191 5.23443,
	13.1191 5.23263,
	13.1362 5.20498,
	13.1459 5.19155,
	13.1508 5.18528,
	13.1533 5.1835,
	13.163 5.17,
	13.1679 5.16551,
	13.1915 5.14201,
	13.194 5.1402,
	13.2061 5.12748,
	13.2109 5.12201,
	13.2241 5.11199,
	13.2307 5.10744,
	13.2366 5.10565,
	13.2382 5.10381,
	13.2449 5.10203,
	13.2483 5.10022,
	13.2756 5.09684,
	13.2825 5.09693,
	13.2859 5.09512,
	13.3133 5.0946,
	13.3203 5.09565,
	13.3254 5.09573,
	13.329 5.09857,
	13.3325 5.09956,
	13.3424 5.11357,
	13.3443 5.11729,
	13.3461 5.11916,
	13.3461 5.121,
	13.3478 5.12196,
	13.3497 5.12842,
	13.3524 5.13213,
	13.3579 5.14688,
	13.3615 5.15424,
	13.3633 5.15609,
	13.3642 5.15975,
	13.3669 5.16344,
	13.3669 5.16526,
	13.3687 5.16711,
	13.3795 5.19626,
	13.3857 5.21079,
	13.3876 5.21801,
	13.3894 5.21983,
	13.3912 5.22705,
	13.393 5.23066,
	13.3931 5.23425,
	13.3984 5.24864,
	13.4011 5.25582,
	13.4012 5.2594,
	13.4039 5.26657,
	13.4049 5.27015,
	13.4049 5.27194,
	13.4066 5.27374,
	13.4084 5.28088,
	13.4085 5.28445,
	13.4103 5.28803,
	13.4135 5.31649,
	13.4139 5.33067,
	13.4132 5.33775,
	13.4115 5.34128,
	13.4116 5.34482,
	13.4093 5.35188,
	13.4002 5.36508,
	13.3945 5.37122,
	13.3829 5.37995,
	13.3812 5.37994,
	13.3779 5.38255,
	13.3746 5.38341,
	13.3729 5.38516,
	13.3596 5.38944,
	13.3563 5.3903,
	13.3547 5.39204,
	13.348 5.39373,
	13.3464 5.39371,
	13.3447 5.39545,
	13.3315 5.39796,
	13.2779 5.39472,
	13.2645 5.39456,
	13.2379 5.40391,
	13.2313 5.40646,
	"/>
</Transform>

<Transform dim="0"
 xcoef=" 0 1 0 0 0 0"
 ycoef=" 0 0 1 0 0 0">
<Contour name="d66p06" hidden="false" closed="true" simplified="true" border="1 0 0" fill="1 0 0" mode="11"
 points="17.1965 12.7012,
	17.1818 12.6722,
	17.2121 12.6722,
	"/>
</Transform>

<Transform dim="0"
 xcoef=" 0 1 0 0 0 0"
 ycoef=" 0 0 1 0 0 0">
<Contour name="d71sp10" hidden="false" closed="true" simplified="true" border="1 0 0" fill="1 0 0" mode="11"
 points="19.5877 12.9055,
	19.5243 12.8692,
	19.4614 12.8296,
	19.3982 12.802,
	19.3903 12.7976,
	19.3273 12.7421,
	19.2954 12.7147,
	19.2794 12.702,
	19.2375 12.6353,
	19.2154 12.602,
	19.1972 12.5688,
	19.1706 12.5019,
	19.158 12.4684,
	19.1212 12.3328,
	19.11 12.2643,
	19.1072 12.1957,
	19.1129 12.1271,
	19.1168 12.0928,
	19.1188 12.0758,
	19.1188 12.0673,
	19.133 12.0328,
	19.139 12.0156,
	19.143 12.0069,
	19.1735 11.976,
	19.2158 11.9061,
	19.228 11.8887,
	19.2338 11.8714,
	19.2378 11.8628,
	19.2412 11.8284,
	19.2411 11.8198,
	19.2345 11.8028,
	19.2031 11.7844,
	19.1704 11.7835,
	19.1374 11.7761,
	19.1045 11.7623,
	19.0877 11.7477,
	19.0794 11.7392,
	19.0706 11.7219,
	19.0662 11.7132,
	19.0645 11.6774,
	19.0704 11.6036,
	19.0714 11.585,
	19.0728 11.5758,
	19.0636 11.5578,
	19.0315 11.5252,
	18.999 11.5163,
	18.9826 11.5085,
	18.9743 11.5023,
	18.9712 11.4843,
	18.9687 11.4753,
	18.9686 11.4731,
	18.9685 11.4707,
	18.9714 11.4521,
	18.9709 11.4431,
	18.9744 11.4337,
	19.0051 11.4062,
	19.0367 11.395,
	19.0526 11.3897,
	19.0847 11.3858,
	19.1174 11.3912,
	19.1493 11.4237,
	19.2003 11.4953,
	19.2684 11.5572,
	19.3023 11.5645,
	19.3194 11.5692,
	19.3368 11.5786,
	19.3454 11.5833,
	19.393 11.6549,
	19.4151 11.6899,
	19.4326 11.7241,
	19.4889 11.7914,
	19.5542 11.8473,
	19.5864 11.87,
	19.6509 11.899,
	19.7785 11.9661,
	19.8104 11.9832,
	19.8263 11.9918,
	19.856 12.0241,
	19.87 12.0416,
	19.88 12.0591,
	19.882 12.0766,
	19.8821 12.0854,
	19.8761 12.0941,
	19.8443 12.1,
	19.7802 12.0988,
	19.6519 12.1082,
	19.6196 12.121,
	19.5873 12.1404,
	19.5713 12.1533,
	19.5611 12.1686,
	19.5489 12.2034,
	19.5328 12.2741,
	19.5228 12.3097,
	19.5169 12.3277,
	19.5134 12.3993,
	19.5117 12.4349,
	19.5119 12.4526,
	19.5182 12.4881,
	19.5187 12.5579,
	19.5209 12.5925,
	19.521 12.5968,
	19.5862 12.6499,
	19.6522 12.7168,
	19.6812 12.7531,
	19.6935 12.7709,
	19.7011 12.8051,
	19.7026 12.8221,
	19.6956 12.8385,
	19.673 12.8707,
	19.6617 12.8869,
	19.6549 12.8949,
	19.6377 12.9023,
	19.6043 12.9045,
	"/>
</Transform>

<Transform dim="0"
 xcoef=" 0 1 0 0 0 0"
 ycoef=" 0 0 1 0 0 0">
<Contour name="d16c12" hidden="false" closed="true" simplified="true" border="0 0 1" fill="0 0 1" mode="11"
 points="4.19322 7.1843,
	4.18277 7.18329,
	4.18014 7.18289,
	4.17886 7.18298,
	4.17809 7.18183,
	4.16754 7.1796,
	4.16218 7.17758,
	4.16079 7.17647,
	4.1595 7.17657,
	4.15 7.1712,
	4.14463 7.16855,
	4.1426 7.16747,
	4.14186 7.16632,
	4.14059 7.1664,
	4.13174 7.16033,
	4.12704 7.1576,
	4.12221 7.15305,
	4.11518 7.14435,
	4.11311 7.14204,
	4.11302 7.14081,
	4.11166 7.13968,
	4.10911 7.13004,
	4.10879 7.12516,
	4.10871 7.12393,
	4.10867 7.12332,
	4.10914 7.12085,
	4.10907 7.11962,
	4.11029 7.11894,
	4.11188 7.11394,
	4.11603 7.10939,
	4.11729 7.10932,
	4.11848 7.10802,
	4.12846 7.1056,
	4.14876 7.10621,
	4.1591 7.10923,
	4.16432 7.11134,
	4.16559 7.11127,
	4.16694 7.1124,
	4.17149 7.11394,
	4.17286 7.11507,
	4.17412 7.11498,
	4.1795 7.11889,
	4.18416 7.12162,
	4.19258 7.13075,
	4.19611 7.13474,
	4.20083 7.13744,
	4.20347 7.13846,
	4.20561 7.14072,
	4.2097 7.14345,
	4.21689 7.15135,
	4.21929 7.15599,
	4.22092 7.16544,
	4.2208 7.17024,
	4.2194 7.17513,
	4.21837 7.1776,
	4.21364 7.18155,
	4.20356 7.18411,
	"/>
</Transform>

<Transform dim="0"
 xcoef=" 0 1 0 0 0 0"
 ycoef=" 0 0 1 0 0 0">
<Contour name="d16sp15" hidden="false" closed="true" simplified="true" border="1 0 0" fill="1 0 0" mode="11"
 points="3.23733 6.6272,
	3.21796 6.62375,
	3.19865 6.61766,
	3.19622 6.61769,
	3.19384 6.61518,
	3.17458 6.60643,
	3.15536 6.59504,
	3.13857 6.58354,
	3.12064 6.56684,
	3.1147 6.55784,
	3.11234 6.5527,
	3.10995 6.55012,
	3.10998 6.54754,
	3.10759 6.54496,
	3.09931 6.52565,
	3.09454 6.51532,
	3.09338 6.51018,
	3.08977 6.505,
	3.0898 6.50243,
	3.08737 6.50112,
	3.08739 6.49856,
	3.08015 6.4882,
	3.07295 6.46759,
	3.07052 6.46244,
	3.06933 6.45218,
	3.06934 6.44707,
	3.06569 6.4368,
	3.06447 6.42659,
	3.05834 6.40613,
	3.05587 6.39595,
	3.05463 6.39087,
	3.05462 6.38833,
	3.05216 6.38577,
	3.04968 6.37562,
	3.04968 6.3731,
	3.03854 6.35406,
	3.03607 6.349,
	3.03606 6.34649,
	3.03359 6.34394,
	3.0261 6.30384,
	3.02239 6.2839,
	3.02245 6.26407,
	3.02246 6.26283,
	3.03119 6.25421,
	3.04111 6.25055,
	3.04607 6.24933,
	3.04856 6.24933,
	3.05105 6.24687,
	3.05352 6.24687,
	3.06969 6.23328,
	3.07842 6.22463,
	3.08589 6.21844,
	3.08838 6.21596,
	3.09084 6.21595,
	3.10942 6.20473,
	3.11926 6.20095,
	3.13884 6.19701,
	3.21609 6.19307,
	3.22566 6.19286,
	3.23041 6.19521,
	3.23995 6.19623,
	3.24471 6.19735,
	3.2471 6.1973,
	3.24945 6.19971,
	3.25895 6.2032,
	3.26371 6.20433,
	3.26607 6.20675,
	3.27556 6.21024,
	3.27795 6.21019,
	3.28031 6.21262,
	3.28981 6.21488,
	3.29218 6.21731,
	3.29695 6.21721,
	3.29931 6.21963,
	3.30407 6.21953,
	3.30644 6.22196,
	3.34453 6.2336,
	3.36358 6.24566,
	3.36596 6.24933,
	3.37551 6.2591,
	3.38387 6.26641,
	3.38986 6.27252,
	3.39944 6.28105,
	3.40424 6.28593,
	3.41144 6.29202,
	3.41385 6.29572,
	3.42345 6.30425,
	3.43791 6.32016,
	3.45242 6.33857,
	3.45849 6.34718,
	3.46212 6.35084,
	3.46214 6.35334,
	3.46456 6.35578,
	3.46458 6.35828,
	3.467 6.36072,
	3.46949 6.37067,
	3.46958 6.38068,
	3.46255 6.3997,
	3.46024 6.40984,
	3.45786 6.41242,
	3.45685 6.43263,
	3.45945 6.45275,
	3.45954 6.46287,
	3.45722 6.47309,
	3.45605 6.47821,
	3.45365 6.47957,
	3.4501 6.48859,
	3.4477 6.49123,
	3.44772 6.49377,
	3.43455 6.51343,
	3.42732 6.52396,
	3.41767 6.53461,
	3.4092 6.54268,
	3.40678 6.54279,
	3.3983 6.55086,
	3.39587 6.55098,
	3.38616 6.55784,
	3.3813 6.56063,
	3.37887 6.56074,
	3.37643 6.56341,
	3.35697 6.57328,
	3.3521 6.57478,
	3.34966 6.57745,
	3.33991 6.58172,
	3.33746 6.58439,
	3.33503 6.58449,
	3.32524 6.59257,
	3.31547 6.59807,
	3.29585 6.61285,
	3.27626 6.62367,
	3.27139 6.62381,
	3.2665 6.62649,
	"/>
</Transform>

<Transform dim="0"
 xcoef=" 0 1 0 0 0 0"
 ycoef=" 0 0 1 0 0 0">
<Contour name="d16p12" hidden="false" closed="true" simplified="true" border="1 0 0" fill="1 0 0" mode="11"
 points="4.24349 7.14264,
	4.22732 7.11972,
	4.2549 7.11782,
	"/>
</Transform>

<Transform dim="0"
 xcoef=" 0 1 0 0 0 0"
 ycoef=" 0 0 1 0 0 0">
<Contour name="d66sp06" hidden="false" closed="true" simplified="true" border="1 0 0" fill="1 0 0" mode="11"
 points="17.0777 12.8483,
	17.0757 12.8462,
	17.1117 12.7779,
	17.1199 12.7608,
	17.137 12.6922,
	17.1398 12.6579,
	17.1388 12.6235,
	17.1374 12.6063,
	17.132 12.5891,
	17.1304 12.5804,
	17.1286 12.5762,
	17.1309 12.5719,
	17.2609 12.5824,
	17.3273 12.5864,
	17.4618 12.5825,
	17.5297 12.5788,
	17.5981 12.5702,
	17.6673 12.539,
	17.7019 12.5179,
	17.7366 12.4903,
	17.7539 12.4765,
	17.8225 12.4435,
	17.8911 12.4364,
	17.9254 12.4328,
	17.9597 12.4334,
	18.0284 12.4409,
	18.0369 12.4426,
	18.0412 12.4424,
	18.1081 12.4968,
	18.1106 12.5307,
	18.1128 12.5476,
	18.1129 12.5561,
	18.0812 12.5912,
	18.0663 12.6087,
	18.0577 12.6154,
	17.9892 12.6395,
	17.8508 12.6366,
	17.7812 12.6347,
	17.7464 12.6347,
	17.7116 12.6388,
	17.6943 12.6398,
	17.625 12.6776,
	17.5905 12.694,
	17.4539 12.727,
	17.3862 12.73,
	17.3694 12.7301,
	17.3019 12.7498,
	17.2683 12.7585,
	17.2516 12.7628,
	17.1198 12.8269,
	17.0877 12.844,
	17.0797 12.8483,
	"/>
</Transform>

<Transform dim="0"
 xcoef=" 0 1 0 0 0 0"
 ycoef=" 0 0 1 0 0 0">
<Contour name="d66sp08" hidden="false" closed="true" simplified="true" border="1 0 0" fill="1 0 0" mode="11"
 points="17.0003 13.5905,
	16.9542 13.589,
	16.9311 13.5874,
	16.9195 13.5874,
	16.8731 13.5784,
	16.8499 13.5725,
	16.8382 13.571,
	16.8265 13.5665,
	16.7811 13.527,
	16.7603 13.4805,
	16.7603 13.4777,
	16.7603 13.4762,
	16.773 13.3838,
	16.7743 13.3722,
	16.7743 13.3693,
	16.7946 13.3463,
	16.8047 13.3348,
	16.8508 13.3031,
	16.8736 13.2929,
	16.9193 13.2768,
	16.9306 13.2724,
	16.942 13.2709,
	16.9876 13.2737,
	17.0104 13.2764,
	17.0332 13.2822,
	17.0446 13.285,
	17.0503 13.2865,
	17.0562 13.2908,
	17.0844 13.3376,
	17.1026 13.3843,
	17.1121 13.431,
	17.1138 13.4425,
	17.1152 13.4484,
	17.103 13.4949,
	17.0947 13.5182,
	17.0804 13.5413,
	17.0734 13.5529,
	17.0691 13.5587,
	17.0233 13.5805,
	"/>
</Transform>

<Transform dim="0"
 xcoef=" 0 1 0 0 0 0"
 ycoef=" 0 0 1 0 0 0">
<Contour name="d41sp17" hidden="false" closed="true" simplified="true" border="1 0 0" fill="1 0 0" mode="11"
 points="10.5573 6.48839,
	10.5565 6.48757,
	10.549 6.48754,
	10.5419 6.48534,
	10.54 6.48515,
	10.5384 6.48351,
	10.5349 6.48241,
	10.5227 6.47233,
	10.5189 6.46754,
	10.5192 6.4661,
	10.5159 6.46355,
	10.5077 6.45241,
	10.5033 6.44607,
	10.502 6.44299,
	10.5003 6.44207,
	10.5006 6.44062,
	10.4905 6.42923,
	10.4821 6.41871,
	10.4776 6.4123,
	10.4754 6.40909,
	10.4729 6.40732,
	10.4566 6.38308,
	10.4493 6.37095,
	10.447 6.36767,
	10.4454 6.36597,
	10.445 6.36289,
	10.441 6.35863,
	10.4406 6.35554,
	10.436 6.34965,
	10.432 6.34536,
	10.4209 6.3325,
	10.4177 6.32903,
	10.4161 6.32728,
	10.4163 6.32577,
	10.4139 6.32315,
	10.4103 6.31028,
	10.4084 6.30381,
	10.4079 6.30064,
	10.4082 6.2991,
	10.4065 6.29733,
	10.407 6.29426,
	10.4056 6.29094,
	10.4061 6.26581,
	10.4064 6.26348,
	10.4065 6.2627,
	10.4132 6.21238,
	10.4154 6.19973,
	10.4211 6.18747,
	10.4254 6.18147,
	10.4314 6.17567,
	10.4373 6.17144,
	10.4448 6.16981,
	10.4485 6.16939,
	10.4504 6.16795,
	10.4651 6.16695,
	10.4796 6.16825,
	10.4944 6.16535,
	10.5089 6.16476,
	10.5232 6.16568,
	10.5303 6.16774,
	10.5372 6.17141,
	10.5397 6.1732,
	10.5456 6.17926,
	10.5507 6.19265,
	10.5529 6.19932,
	10.5554 6.20189,
	10.5552 6.20352,
	10.5728 6.22802,
	10.5931 6.25164,
	10.5961 6.25745,
	10.5977 6.25914,
	10.5976 6.26075,
	10.5999 6.26409,
	10.6032 6.27717,
	10.6037 6.29013,
	10.6048 6.29661,
	10.603 6.32217,
	10.6027 6.34755,
	10.602 6.3601,
	10.6059 6.41,
	10.6047 6.43434,
	10.6036 6.44636,
	10.6016 6.45224,
	10.5912 6.46339,
	10.5781 6.4734,
	10.5706 6.47861,
	10.5648 6.48397,
	"/>
</Transform>

<Transform dim="0"
 xcoef=" 0 1 0 0 0 0"
 ycoef=" 0 0 1 0 0 0">
<Contour name="d39c17" hidden="false" closed="true" simplified="true" border="0 0 1" fill="0 0 1" mode="11"
 points="10.5547 4.01711,
	10.5379 4.01563,
	10.5213 4.01064,
	10.513 4.00505,
	10.5048 3.99771,
	10.5017 3.99496,
	10.4996 3.99489,
	10.4975 3.99305,
	10.4892 3.99099,
	10.4882 3.98918,
	10.4841 3.98816,
	10.4687 3.9779,
	10.4576 3.96603,
	10.4505 3.96048,
	10.4395 3.94771,
	10.4376 3.94411,
	10.4356 3.94227,
	10.4356 3.94052,
	10.4336 3.93955,
	10.4309 3.92533,
	10.4311 3.91827,
	10.4312 3.91652,
	10.4312 3.91563,
	10.4345 3.9087,
	10.4419 3.90193,
	10.4502 3.8996,
	10.4667 3.89937,
	10.4749 3.90056,
	10.4821 3.90349,
	10.4841 3.90532,
	10.4862 3.9054,
	10.4944 3.91013,
	10.4964 3.91197,
	10.4985 3.91205,
	10.4995 3.91385,
	10.5016 3.91393,
	10.5097 3.91952,
	10.5139 3.92144,
	10.516 3.92152,
	10.5314 3.93179,
	10.5355 3.93372,
	10.5498 3.94832,
	10.5529 3.95108,
	10.555 3.95116,
	10.5705 3.96405,
	10.5828 3.97594,
	10.5888 3.99021,
	10.5896 4.00429,
	10.5863 4.00768,
	10.5821 4.0093,
	10.58 4.01186,
	10.5715 4.01595,
	"/>
</Transform>

<Transform dim="0"
 xcoef=" 0 1 0 0 0 0"
 ycoef=" 0 0 1 0 0 0">
<Contour name="d16serb14" hidden="false" closed="true" simplified="true" border="1 0 0" fill="1 0 0" mode="11"
 points="5.09665 6.80146,
	5.09623 6.7861,
	5.08048 6.78653,
	5.08011 6.77119,
	5.09586 6.77076,
	5.09554 6.75542,
	5.11139 6.75497,
	5.11171 6.7703,
	5.12766 6.76978,
	5.12803 6.78511,
	5.11207 6.78563,
	5.11249 6.80099,
	"/>
</Transform>

<Transform dim="0"
 xcoef=" 0 1 0 0 0 0"
 ycoef=" 0 0 1 0 0 0">
<Contour name="d71serh09" hidden="false" closed="true" simplified="true" border="1 1 0" fill="1 0 0" mode="11"
 points="19.0192 10.288,
	19.0211 10.2674,
	18.9985 10.2707,
	19.0006 10.2499,
	19.0232 10.2466,
	19.0255 10.2259,
	19.0482 10.2225,
	19.0459 10.2432,
	19.0687 10.2395,
	19.0666 10.26,
	19.0438 10.2638,
	19.0418 10.2844,
	"/>
</Transform>

<Transform dim="0"
 xcoef=" 0 1 0 0 0 0"
 ycoef=" 0 0 1 0 0 0">
<Contour name="d39p15" hidden="false" closed="true" simplified="true" border="1 0 0" fill="1 0 0" mode="11"
 points="11.3866 5.83177,
	11.368 5.79875,
	11.4068 5.79803,
	"/>
</Transform>

<Transform dim="0"
 xcoef=" 0 1 0 0 0 0"
 ycoef=" 0 0 1 0 0 0">
<Contour name="d16p14" hidden="false" closed="true" simplified="true" border="1 0 0" fill="1 0 0" mode="11"
 points="4.97959 6.7326,
	4.9658 6.70769,
	4.99288 6.70715,
	"/>
</Transform>

<Transform dim="0"
 xcoef=" 0 1 0 0 0 0"
 ycoef=" 0 0 1 0 0 0">
<Contour name="d16sah15" hidden="false" closed="true" simplified="true" border="1 0 0" fill="1 0 0" mode="11"
 points="3.98204 6.70591,
	3.98208 6.69178,
	3.96806 6.69225,
	3.96812 6.67811,
	3.98213 6.67764,
	3.98219 6.6635,
	3.99619 6.66303,
	3.99613 6.67717,
	4.01014 6.67669,
	4.01009 6.69083,
	3.99609 6.6913,
	3.99605 6.70544,
	"/>
</Transform>

<Transform dim="0"
 xcoef=" 0 1 0 0 0 0"
 ycoef=" 0 0 1 0 0 0">
<Contour name="d16sah15" hidden="false" closed="true" simplified="true" border="1 0 0" fill="1 0 0" mode="11"
 points="3.231 6.32024,
	3.23101 6.3053,
	3.21679 6.3056,
	3.21683 6.29071,
	3.23104 6.29041,
	3.23108 6.27556,
	3.24526 6.27525,
	3.24523 6.29009,
	3.2594 6.28977,
	3.25939 6.30466,
	3.24521 6.30498,
	3.2452 6.31992,
	"/>
</Transform>

<Transform dim="0"
 xcoef=" 0 1 0 0 0 0"
 ycoef=" 0 0 1 0 0 0">
<Contour name="d66sp09" hidden="false" closed="true" simplified="true" border="1 0 0" fill="1 0 0" mode="11"
 points="15.5691 13.193,
	15.4746 13.1918,
	15.4274 13.1873,
	15.4214 13.1873,
	15.3977 13.1785,
	15.3859 13.1726,
	15.3708 13.1491,
	15.3664 13.1374,
	15.3632 13.1141,
	15.3616 13.1024,
	15.3616 13.0995,
	15.3615 13.0981,
	15.3746 13.0519,
	15.3923 13.0291,
	15.407 13.0062,
	15.4304 12.9602,
	15.4363 12.9486,
	15.4494 12.9022,
	15.4552 12.8788,
	15.4581 12.8671,
	15.4596 12.8612,
	15.4801 12.838,
	15.486 12.8321,
	15.5096 12.8264,
	15.5331 12.8236,
	15.5801 12.8267,
	15.5977 12.8268,
	15.6212 12.8387,
	15.6433 12.8622,
	15.6535 12.874,
	15.6654 12.8974,
	15.6743 12.9208,
	15.6878 12.9673,
	15.6923 12.9904,
	15.6829 13.0824,
	15.6816 13.094,
	15.6716 13.1168,
	15.6658 13.1283,
	15.663 13.1341,
	15.6162 13.1685,
	15.6045 13.1772,
	15.5809 13.1888,
	"/>
</Transform>

<Transform dim="0"
 xcoef=" 0 1 0 0 0 0"
 ycoef=" 0 0 1 0 0 0">
<Contour name="d71p09" hidden="false" closed="true" simplified="true" border="1 0 0" fill="1 0 0" mode="11"
 points="18.7735 10.7342,
	18.7555 10.7048,
	18.7924 10.702,
	"/>
</Transform>

<Transform dim="0"
 xcoef=" 0 1 0 0 0 0"
 ycoef=" 0 0 1 0 0 0">
<Contour name="d71c10" hidden="false" closed="true" simplified="true" border="0 0 1" fill="0 0 1" mode="11"
 points="19.5102 12.5442,
	19.4975 12.5413,
	19.4912 12.5394,
	19.4793 12.5255,
	19.4761 12.5221,
	19.4552 12.4673,
	19.4503 12.4535,
	19.4503 12.4527,
	19.4503 12.4518,
	19.4568 12.3965,
	19.4583 12.3826,
	19.4598 12.3757,
	19.4706 12.3476,
	19.4761 12.3336,
	19.4871 12.3204,
	19.4933 12.3159,
	19.5059 12.3124,
	19.5123 12.3115,
	19.5249 12.3131,
	19.5376 12.321,
	19.548 12.3351,
	19.5553 12.3635,
	19.5588 12.3918,
	19.5598 12.42,
	19.5592 12.434,
	19.5494 12.4897,
	19.5472 12.5035,
	19.5425 12.5171,
	19.5401 12.5239,
	19.5386 12.5272,
	19.526 12.5387,
	19.5228 12.5412,
	"/>
</Transform>

<Transform dim="0"
 xcoef=" 0 1 0 0 0 0"
 ycoef=" 0 0 1 0 0 0">
<Contour name="d71c10" hidden="false" closed="true" simplified="true" border="0 0 1" fill="0 0 1" mode="11"
 points="19.5224 12.2607,
	19.5192 12.2598,
	19.5129 12.2461,
	19.5105 12.2392,
	19.509 12.2116,
	19.509 12.2048,
	19.509 12.204,
	19.509 12.2031,
	19.5242 12.1485,
	19.5496 12.1229,
	19.5622 12.1111,
	19.5686 12.1052,
	19.5939 12.0901,
	19.6066 12.0841,
	19.6128 12.0816,
	19.6255 12.0807,
	19.6318 12.0807,
	19.6444 12.0858,
	19.6506 12.0884,
	19.6562 12.0925,
	19.6616 12.106,
	19.6648 12.1128,
	19.6663 12.1399,
	19.6418 12.167,
	19.6354 12.1729,
	19.6101 12.1847,
	19.6038 12.1881,
	19.5911 12.2001,
	19.5857 12.207,
	19.5674 12.2345,
	19.5556 12.2484,
	19.5429 12.2589,
	19.5413 12.2606,
	"/>
</Transform>

<Transform dim="0"
 xcoef=" 0 1 0 0 0 0"
 ycoef=" 0 0 1 0 0 0">
<Contour name="d71serb08" hidden="false" closed="true" simplified="true" border="1 1 0" fill="1 0 0" mode="11"
 points="17.8544 10.1064,
	17.8552 10.094,
	17.8427 10.0942,
	17.8435 10.0818,
	17.8561 10.0816,
	17.8569 10.0692,
	17.8695 10.069,
	17.8687 10.0814,
	17.8812 10.0811,
	17.8804 10.0935,
	17.8679 10.0938,
	17.867 10.1062,
	"/>
</Transform>

<Transform dim="0"
 xcoef=" 0 1 0 0 0 0"
 ycoef=" 0 0 1 0 0 0">
<Contour name="d119sp31" hidden="false" closed="true" simplified="true" border="1 0 0" fill="1 0 0" mode="11"
 points="8.4069 8.09268,
	8.40549 8.09132,
	8.39446 8.09206,
	8.38333 8.09008,
	8.37776 8.08875,
	8.37495 8.08741,
	8.37357 8.08742,
	8.36856 8.08269,
	8.36769 8.07727,
	8.36767 8.07659,
	8.36765 8.07592,
	8.37308 8.0725,
	8.37854 8.07043,
	8.38956 8.069,
	8.43093 8.06874,
	8.4365 8.07074,
	8.43797 8.07346,
	8.43815 8.0789,
	8.43824 8.08163,
	8.43355 8.08573,
	8.42343 8.09191,
	8.41243 8.09265,
	"/>
</Transform>

<Transform dim="0"
 xcoef=" 0 1 0 0 0 0"
 ycoef=" 0 0 1 0 0 0">
<Contour name="d119sp31" hidden="false" closed="true" simplified="true" border="1 0 0" fill="1 0 0" mode="11"
 points="8.13538 8.18139,
	8.12963 8.18056,
	8.11803 8.17552,
	8.10635 8.16643,
	8.10051 8.16222,
	8.09611 8.15805,
	8.09608 8.15672,
	8.09023 8.15183,
	8.08213 8.1422,
	8.07543 8.13129,
	8.07393 8.12858,
	8.07391 8.12725,
	8.07246 8.12653,
	8.07081 8.11584,
	8.07059 8.10522,
	8.07048 8.09991,
	8.07042 8.09726,
	8.0704 8.09661,
	8.07039 8.09594,
	8.07375 8.08546,
	8.07851 8.07502,
	8.08053 8.06979,
	8.0874 8.05941,
	8.09228 8.0549,
	8.09718 8.05171,
	8.10063 8.04781,
	8.10342 8.04589,
	8.1048 8.04394,
	8.11378 8.0355,
	8.11794 8.03226,
	8.12346 8.0277,
	8.12833 8.02447,
	8.1297 8.02315,
	8.13112 8.02317,
	8.14008 8.01598,
	8.14284 8.01401,
	8.15404 8.01079,
	8.17667 8.01088,
	8.18238 8.01222,
	8.18521 8.01223,
	8.18809 8.01356,
	8.18743 8.01489,
	8.19899 8.02156,
	8.20117 8.02288,
	8.21209 8.03155,
	8.21789 8.03556,
	8.22008 8.03756,
	8.22149 8.03756,
	8.22368 8.03957,
	8.23511 8.04356,
	8.24082 8.04555,
	8.24657 8.04889,
	8.25094 8.0529,
	8.25184 8.05827,
	8.25133 8.06364,
	8.25143 8.06632,
	8.25008 8.06767,
	8.25013 8.06901,
	8.24811 8.0717,
	8.24618 8.07707,
	8.24144 8.08246,
	8.23402 8.09252,
	8.23406 8.09387,
	8.23268 8.09453,
	8.23206 8.09722,
	8.23003 8.0999,
	8.2294 8.10259,
	8.22804 8.10393,
	8.22483 8.11468,
	8.22343 8.11535,
	8.22218 8.12073,
	8.21879 8.12609,
	8.21745 8.12878,
	8.21608 8.13012,
	8.21611 8.13146,
	8.21336 8.13413,
	8.21199 8.13615,
	8.20645 8.14082,
	8.20368 8.14348,
	8.19463 8.15013,
	8.18415 8.15741,
	8.17438 8.16602,
	8.16878 8.17065,
	8.16385 8.17392,
	8.16103 8.1759,
	8.15534 8.17713,
	8.15395 8.17845,
	8.14823 8.179,
	8.14683 8.18031,
	"/>
</Transform>

<Transform dim="0"
 xcoef=" 0 1 0 0 0 0"
 ycoef=" 0 0 1 0 0 0">
<Contour name="d39c16" hidden="false" closed="true" simplified="true" border="0 0 1" fill="0 0 1" mode="11"
 points="13.4024 5.33066,
	13.3941 5.32953,
	13.392 5.32952,
	13.3762 5.3154,
	13.3709 5.30782,
	13.3709 5.30566,
	13.3687 5.30348,
	13.3686 5.30132,
	13.3665 5.29913,
	13.3565 5.26438,
	13.3486 5.22943,
	13.3473 5.22067,
	13.3418 5.20306,
	13.3396 5.19424,
	13.3373 5.1898,
	13.3371 5.18098,
	13.3336 5.16325,
	13.332 5.14547,
	13.3318 5.13768,
	13.3318 5.13656,
	13.3338 5.13437,
	13.3347 5.12992,
	13.3429 5.12448,
	13.3512 5.12239,
	13.3553 5.12021,
	13.3637 5.12036,
	13.3722 5.12274,
	13.3765 5.12504,
	13.3786 5.1273,
	13.3807 5.12733,
	13.3946 5.14088,
	13.4033 5.15759,
	13.4089 5.1753,
	13.4121 5.18413,
	13.4122 5.18851,
	13.4143 5.19073,
	13.4155 5.19951,
	13.4188 5.20829,
	13.4189 5.21267,
	13.421 5.21705,
	13.4233 5.23451,
	13.4289 5.25193,
	13.4301 5.26061,
	13.4322 5.26497,
	13.4334 5.27363,
	13.4335 5.27796,
	13.4335 5.28012,
	13.4357 5.28229,
	13.4382 5.29958,
	13.4384 5.30821,
	13.4384 5.31037,
	13.4363 5.31144,
	13.4333 5.31897,
	13.4251 5.32647,
	13.421 5.32753,
	13.419 5.32967,
	"/>
</Transform>

<Transform dim="0"
 xcoef=" 0 1 0 0 0 0"
 ycoef=" 0 0 1 0 0 0">
<Contour name="d39serb14" hidden="false" closed="true" simplified="true" border="1 1 0" fill="1 0 0" mode="11"
 points="11.6738 4.67093,
	11.6741 4.65809,
	11.6608 4.65847,
	11.6611 4.64565,
	11.6744 4.64527,
	11.6747 4.63244,
	11.6879 4.63204,
	11.6875 4.64487,
	11.7008 4.64446,
	11.7005 4.65728,
	11.6872 4.65769,
	11.687 4.67054,
	"/>
</Transform>

<Transform dim="0"
 xcoef=" 0 1 0 0 0 0"
 ycoef=" 0 0 1 0 0 0">
<Contour name="d66p07" hidden="false" closed="true" simplified="true" border="1 0 0" fill="1 0 0" mode="11"
 points="15.9257 12.4855,
	15.9026 12.4426,
	15.9494 12.443,
	"/>
</Transform>

<Transform dim="0"
 xcoef=" 0 1 0 0 0 0"
 ycoef=" 0 0 1 0 0 0">
<Contour name="d66c06" hidden="false" closed="true" simplified="true" border="0 0 1" fill="0 0 1" mode="11"
 points="17.3247 12.627,
	17.3217 12.6137,
	17.3198 12.5618,
	17.3198 12.5601,
	17.3716 12.558,
	17.4758 12.5579,
	17.5285 12.555,
	17.5814 12.545,
	17.608 12.5407,
	17.6212 12.5385,
	17.6346 12.5329,
	17.6364 12.5312,
	17.6389 12.585,
	17.6388 12.5918,
	17.6371 12.5951,
	17.5308 12.6088,
	17.4257 12.6176,
	17.3734 12.6233,
	17.3474 12.6251,
	17.3344 12.627,
	"/>
</Transform>

<Transform dim="0"
 xcoef=" 0 1 0 0 0 0"
 ycoef=" 0 0 1 0 0 0">
<Contour name="d66c06" hidden="false" closed="true" simplified="true" border="0 0 1" fill="0 0 1" mode="11"
 points="17.1342 12.5974,
	17.0853 12.5791,
	17.0609 12.571,
	16.9642 12.5204,
	16.915 12.4945,
	16.89 12.4816,
	16.8775 12.4751,
	16.8711 12.4719,
	16.8695 12.4719,
	16.8679 12.4703,
	16.8851 12.4431,
	16.8938 12.4296,
	16.8974 12.4229,
	16.9006 12.4212,
	17.0975 12.5023,
	17.1458 12.5239,
	17.1701 12.5355,
	17.1823 12.5405,
	17.1885 12.5439,
	17.1899 12.5455,
	17.1374 12.5957,
	"/>
</Transform>

<Transform dim="0"
 xcoef=" 0 1 0 0 0 0"
 ycoef=" 0 0 1 0 0 0">
<Contour name="d66sp07" hidden="false" closed="true" simplified="true" border="1 0 0" fill="1 0 0" mode="11"
 points="15.8009 12.541,
	15.7594 12.4995,
	15.7387 12.4792,
	15.7282 12.4698,
	15.6449 12.438,
	15.6031 12.428,
	15.5613 12.4221,
	15.5193 12.4133,
	15.3511 12.364,
	15.2668 12.3411,
	15.0981 12.3044,
	15.014 12.2845,
	14.993 12.2791,
	14.9825 12.2764,
	14.9412 12.2522,
	14.9309 12.2454,
	14.8997 12.2023,
	14.8959 12.197,
	14.8917 12.1546,
	14.8918 12.1493,
	14.8918 12.148,
	14.8973 12.1271,
	14.8987 12.1219,
	14.9183 12.1053,
	14.9208 12.1028,
	14.9623 12.101,
	14.983 12.1026,
	15.0245 12.1095,
	15.0453 12.1134,
	15.1287 12.1396,
	15.2122 12.1787,
	15.2958 12.2043,
	15.4639 12.2609,
	15.5061 12.2761,
	15.5271 12.2843,
	15.6956 12.3344,
	15.7795 12.3615,
	15.8213 12.3754,
	15.8251 12.3795,
	15.8036 12.4219,
	15.801 12.4272,
	15.7925 12.4701,
	15.7912 12.4754,
	15.7986 12.5183,
	15.8023 12.5398,
	"/>
</Transform>

<Transform dim="0"
 xcoef=" 0 1 0 0 0 0"
 ycoef=" 0 0 1 0 0 0">
<Contour name="d66c09" hidden="false" closed="true" simplified="true" border="0 0 1" fill="0 0 1" mode="11"
 points="15.3988 13.065,
	15.368 13.0486,
	15.3641 13.0467,
	15.3632 13.0456,
	15.3622 13.0447,
	15.3994 12.9854,
	15.4174 12.9557,
	15.4335 12.9259,
	15.4382 12.8957,
	15.4392 12.8919,
	15.4401 12.891,
	15.4707 12.9094,
	15.4851 12.919,
	15.415 13.0382,
	15.4065 13.053,
	15.4017 13.0604,
	15.3998 13.0641,
	"/>
</Transform>

<Transform dim="0"
 xcoef=" 0 1 0 0 0 0"
 ycoef=" 0 0 1 0 0 0">
<Contour name="d39sah17" hidden="false" closed="true" simplified="true" border="1 0 0" fill="1 0 0" mode="11"
 points="10.5703 4.18018,
	10.5515 4.17966,
	10.551 4.16338,
	10.5321 4.16282,
	10.5317 4.14655,
	10.5507 4.14712,
	10.5504 4.13088,
	10.5694 4.13145,
	10.5697 4.14768,
	10.5886 4.14823,
	10.5889 4.16445,
	10.57 4.16392,
	"/>
</Transform>

<Transform dim="0"
 xcoef=" 0 1 0 0 0 0"
 ycoef=" 0 0 1 0 0 0">
<Contour name="d41p18" hidden="false" closed="true" simplified="true" border="1 0 0" fill="1 0 0" mode="11"
 points="10.2418 7.31642,
	10.219 7.29447,
	10.2389 7.27364,
	10.2617 7.29555,
	"/>
</Transform>

<Transform dim="0"
 xcoef=" 0 1 0 0 0 0"
 ycoef=" 0 0 1 0 0 0">
<Contour name="d41c19a" hidden="false" closed="true" simplified="true" border="0 0 1" fill="0 0 1" mode="11"
 points="8.12553 6.54002,
	8.11038 6.5369,
	8.1028 6.53434,
	8.09899 6.53078,
	8.09803 6.52975,
	8.09803 6.52925,
	8.09803 6.52875,
	8.09895 6.52469,
	8.13402 6.45993,
	8.15324 6.42769,
	8.15888 6.41968,
	8.16264 6.41776,
	8.16452 6.41732,
	8.16829 6.41898,
	8.17017 6.41956,
	8.17866 6.43618,
	8.1834 6.45262,
	8.1858 6.46892,
	8.18627 6.47095,
	8.18537 6.47902,
	8.18306 6.48703,
	8.17517 6.50298,
	8.17425 6.50497,
	8.15931 6.51928,
	8.14432 6.52964,
	8.1293 6.53804,
	"/>
</Transform>

<Transform dim="0"
 xcoef=" 0 1 0 0 0 0"
 ycoef=" 0 0 1 0 0 0">
<Contour name="d41serb18" hidden="false" closed="true" simplified="true" border="1 0 0" fill="1 0 0" mode="11"
 points="10.2342 7.24539,
	10.2193 7.24507,
	10.2182 7.23015,
	10.2033 7.22984,
	10.2022 7.2149,
	10.2171 7.21519,
	10.216 7.2002,
	10.231 7.20044,
	10.232 7.21545,
	10.2469 7.2157,
	10.248 7.23071,
	10.2331 7.23043,
	"/>
</Transform>

<Transform dim="0"
 xcoef=" 0 1 0 0 0 0"
 ycoef=" 0 0 1 0 0 0">
<Contour name="d41_Interest_07" hidden="false" closed="true" simplified="true" border="0 0 0" fill="0 0 0" mode="11"
 points="10.5897 6.95248,
	10.563 6.95162,
	10.536 6.94741,
	10.5097 6.93995,
	10.4852 6.92946,
	10.4636 6.91619,
	10.4457 6.90057,
	10.4323 6.88313,
	10.424 6.86449,
	10.421 6.84541,
	10.4236 6.82664,
	10.4316 6.80901,
	10.4448 6.79332,
	10.4626 6.78032,
	10.4843 6.77066,
	10.509 6.76487,
	10.5356 6.76327,
	10.563 6.766,
	10.59 6.77294,
	10.6154 6.78374,
	10.6382 6.79786,
	10.6575 6.81459,
	10.6725 6.83311,
	10.6829 6.85257,
	10.6881 6.87205,
	10.688 6.89075,
	10.6826 6.90788,
	10.6721 6.9228,
	10.6569 6.93498,
	10.6376 6.94411,
	10.6149 6.94998,
	"/>
</Transform>

<Transform dim="0"
 xcoef=" 0 1 0 0 0 0"
 ycoef=" 0 0 1 0 0 0">
<Contour name="d119sp13" hidden="false" closed="true" simplified="true" border="1 0 0" fill="1 0 0" mode="11"
 points="9.09321 7.03316,
	9.07553 7.02321,
	9.07107 7.01874,
	9.06756 7.00969,
	9.06598 6.99158,
	9.06589 6.98819,
	9.06586 6.98705,
	9.06888 6.97798,
	9.07415 6.97226,
	9.07728 6.96772,
	9.08584 6.96312,
	9.10314 6.96065,
	9.10758 6.96395,
	9.11775 6.97841,
	9.11996 6.97951,
	9.12483 6.99746,
	9.12509 7.00649,
	9.12319 7.01558,
	9.12223 7.02013,
	9.1159 7.02705,
	9.11059 7.0317,
	"/>
</Transform>

<Transform dim="0"
 xcoef=" 0 1 0 0 0 0"
 ycoef=" 0 0 1 0 0 0">
<Contour name="d66endon08" hidden="false" closed="true" simplified="true" border="0 0 0" fill="0 0 0" mode="11"
 points="16.9637 13.5684,
	16.955 13.5665,
	16.9465 13.5616,
	16.9385 13.554,
	16.9312 13.5436,
	16.9248 13.531,
	16.9195 13.5163,
	16.9153 13.5,
	16.9123 13.4824,
	16.9105 13.455,
	16.9111 13.4365,
	16.913 13.4185,
	16.9163 13.4014,
	16.9209 13.3858,
	16.9265 13.3719,
	16.9331 13.3604,
	16.9406 13.3512,
	16.9487 13.3449,
	16.9572 13.3414,
	16.9659 13.341,
	16.9746 13.3436,
	16.983 13.3493,
	16.9909 13.3577,
	16.9982 13.3687,
	17.0045 13.382,
	17.0097 13.3973,
	17.0138 13.4141,
	17.0164 13.4319,
	17.0177 13.4504,
	17.0175 13.4689,
	17.016 13.4871,
	17.0129 13.5044,
	17.0086 13.5203,
	17.0031 13.5345,
	16.9965 13.5466,
	16.989 13.5562,
	16.981 13.5632,
	16.9725 13.5672,
	"/>
</Transform>

<Transform dim="0"
 xcoef=" 0 1 0 0 0 0"
 ycoef=" 0 0 1 0 0 0">
<Contour name="d16cfa12" hidden="false" closed="false" simplified="true" border="1 0 0" fill="1 0 0" mode="11"
 points="4.1185 7.11148,
	4.13597 7.1238,
	4.15173 7.13346,
	4.16945 7.14504,
	4.19224 7.15512,
	4.21863 7.17055,
	"/>
</Transform>

<Transform dim="0"
 xcoef=" 0 1 0 0 0 0"
 ycoef=" 0 0 1 0 0 0">
<Contour name="d39cfa17" hidden="false" closed="false" simplified="true" border="0 1 0" fill="1 0 0" mode="11"
 points="10.4394 3.91422,
	10.4666 3.9373,
	10.4992 3.95879,
	10.5853 4.00593,
	"/>
</Transform>

<Transform dim="0"
 xcoef=" 0 1 0 0 0 0"
 ycoef=" 0 0 1 0 0 0">
<Contour name="d71cfa10" hidden="false" closed="false" simplified="true" border="0 1 0" fill="1 0 0" mode="11"
 points="19.5083 12.319,
	19.4988 12.3444,
	19.4895 12.3853,
	19.4872 12.4164,
	19.4877 12.4674,
	19.4995 12.5334,
	"/>
</Transform>

<Transform dim="0"
 xcoef=" 0 1 0 0 0 0"
 ycoef=" 0 0 1 0 0 0">
<Contour name="d71cfa10" hidden="false" closed="false" simplified="true" border="0 1 0" fill="1 0 0" mode="11"
 points="19.6526 12.0991,
	19.6246 12.1017,
	19.5999 12.1102,
	19.5779 12.1289,
	19.5434 12.1706,
	19.524 12.2548,
	"/>
</Transform>

<Transform dim="0"
 xcoef=" 0 1 0 0 0 0"
 ycoef=" 0 0 1 0 0 0">
<Contour name="d39cfa16" hidden="false" closed="false" simplified="true" border="0 1 0" fill="1 0 0" mode="11"
 points="13.3419 5.13051,
	13.3532 5.16621,
	13.3622 5.195,
	13.3721 5.2236,
	13.3899 5.28573,
	13.4001 5.32574,
	"/>
</Transform>

<Transform dim="0"
 xcoef=" 0 1 0 0 0 0"
 ycoef=" 0 0 1 0 0 0">
<Contour name="d66cfa06" hidden="false" closed="false" simplified="true" border="0 1 0" fill="0 1 0" mode="11"
 points="17.1518 12.5731,
	17.0527 12.5383,
	16.8952 12.457,
	"/>
</Transform>

<Transform dim="0"
 xcoef=" 0 1 0 0 0 0"
 ycoef=" 0 0 1 0 0 0">
<Contour name="d66cfa06" hidden="false" closed="false" simplified="true" border="0 1 0" fill="0 1 0" mode="11"
 points="17.6284 12.5743,
	17.5387 12.5926,
	17.3456 12.6025,
	"/>
</Transform>

<Transform dim="0"
 xcoef=" 0 1 0 0 0 0"
 ycoef=" 0 0 1 0 0 0">
<Contour name="d66cfa09" hidden="false" closed="false" simplified="true" border="0 1 0" fill="0 1 0" mode="11"
 points="15.4617 12.9188,
	15.4456 12.9629,
	15.3934 13.0529,
	"/>
</Transform>

<Transform dim="0"
 xcoef=" 0 1 0 0 0 0"
 ycoef=" 0 0 1 0 0 0">
<Contour name="mito_05" hidden="false" closed="false" simplified="true" border="1 0 0" fill="1 0 0" mode="11"
 points="12.6128 13.5973,
	12.5747 13.2465,
	"/>
</Transform>

<Transform dim="0"
 xcoef=" 0 1 0 0 0 0"
 ycoef=" 0 0 1 0 0 0">
<Contour name="d48p10" hidden="false" closed="true" simplified="false" border="1 0 0" fill="1 0 0" mode="-13"
 points="9.26889 8.89169,
	9.29798 8.89169,
	9.28344 8.91835,
	"/>
</Transform>

<Transform dim="0"
 xcoef=" 0 1 0 0 0 0"
 ycoef=" 0 0 1 0 0 0">
<Contour name="d48sp09" hidden="false" closed="true" simplified="true" border="1 0 0" fill="1 0 0" mode="11"
 points="8.17105 8.282,
	8.17742 8.27745,
	8.1847 8.27473,
	8.19925 8.27382,
	8.20652 8.27382,
	8.23562 8.28109,
	8.23744 8.28109,
	8.24472 8.28564,
	8.24835 8.28564,
	8.25199 8.28746,
	8.26654 8.28109,
	8.28109 8.282,
	8.28473 8.282,
	8.28837 8.28473,
	8.29201 8.28473,
	8.29291 8.28655,
	8.29655 8.28655,
	8.30292 8.2911,
	8.30474 8.2911,
	8.30747 8.29382,
	8.3111 8.29382,
	8.31747 8.30019,
	8.32202 8.30565,
	8.33566 8.31838,
	8.33839 8.32111,
	8.33566 8.32474,
	8.33475 8.32565,
	8.33657 8.32565,
	8.33839 8.32929,
	8.34202 8.33202,
	8.34202 8.33384,
	8.34384 8.33384,
	8.36203 8.3593,
	8.37112 8.37294,
	8.37385 8.37658,
	8.37476 8.38022,
	8.38386 8.39386,
	8.38931 8.40023,
	8.38931 8.40204,
	8.40841 8.42933,
	8.4175 8.44115,
	8.42114 8.44751,
	8.42296 8.44933,
	8.42478 8.45661,
	8.4266 8.45843,
	8.42842 8.48753,
	8.42842 8.54573,
	8.42842 8.56028,
	8.42387 8.58938,
	8.42387 8.59302,
	8.42205 8.59666,
	8.41205 8.65486,
	8.40932 8.68396,
	8.40841 8.71306,
	8.40568 8.74216,
	8.40568 8.74944,
	8.40386 8.75671,
	8.40204 8.76035,
	8.40204 8.76399,
	8.39659 8.77854,
	8.38931 8.79218,
	8.38567 8.79491,
	8.38567 8.79673,
	8.38113 8.80218,
	8.37749 8.80946,
	8.37476 8.81128,
	8.37476 8.8131,
	8.36749 8.81855,
	8.36021 8.82128,
	8.35294 8.82128,
	8.3493 8.82128,
	8.33566 8.81492,
	8.32838 8.81128,
	8.32474 8.80764,
	8.32383 8.80582,
	8.32202 8.80582,
	8.31656 8.79946,
	8.31474 8.79764,
	8.31474 8.794,
	8.31292 8.794,
	8.30837 8.77945,
	8.30656 8.77581,
	8.30656 8.77399,
	8.30383 8.77126,
	8.30383 8.76399,
	8.30201 8.76308,
	8.30201 8.75944,
	8.29746 8.7458,
	8.28928 8.6876,
	8.28564 8.6294,
	8.28564 8.61485,
	8.28109 8.58575,
	8.28018 8.57847,
	8.27836 8.57483,
	8.27836 8.57119,
	8.27655 8.56756,
	8.27655 8.56392,
	8.26654 8.53482,
	8.262 8.52027,
	8.25927 8.51299,
	8.25927 8.50935,
	8.25745 8.50845,
	8.25472 8.50117,
	8.25472 8.49753,
	8.24926 8.48298,
	8.24654 8.47571,
	8.24472 8.47207,
	8.24472 8.46843,
	8.24199 8.46479,
	8.24199 8.46116,
	8.24017 8.45752,
	8.24017 8.45388,
	8.23835 8.45206,
	8.23835 8.44842,
	8.23562 8.44479,
	8.23562 8.44115,
	8.2338 8.43842,
	8.2338 8.43478,
	8.22835 8.42023,
	8.22562 8.4175,
	8.22289 8.41023,
	8.22198 8.40659,
	8.22016 8.40477,
	8.21925 8.40113,
	8.21925 8.39932,
	8.21743 8.3975,
	8.21562 8.39022,
	8.21471 8.38658,
	8.21198 8.38386,
	8.21198 8.38022,
	8.20652 8.36567,
	8.20288 8.35839,
	8.19834 8.34475,
	8.19561 8.33839,
	8.19288 8.33566,
	8.19015 8.32838,
	8.18924 8.32474,
	8.18106 8.31019,
	8.17378 8.29746,
	8.17105 8.28382,
	8.17105 8.28291,
	"/>
</Transform>

<Transform dim="0"
 xcoef=" 0 1 0 0 0 0"
 ycoef=" 0 0 1 0 0 0">
<Contour name="d48cfa09" hidden="false" closed="false" simplified="false" border="0 1 0" fill="1 0.5 0" mode="11"
 points="8.25239 8.44089,
	8.2864 8.56188,
	"/>
</Transform>

<Transform dim="0"
 xcoef=" 0 1 0 0 0 0"
 ycoef=" 0 0 1 0 0 0">
<Contour name="d48c09" hidden="false" closed="true" simplified="true" border="0 0 1" fill="0 0 1" mode="11"
 points="8.21712 8.46859,
	8.2187 8.46701,
	8.22265 8.45436,
	8.23056 8.4417,
	8.23451 8.43538,
	8.24005 8.43063,
	8.24559 8.42747,
	8.24796 8.42589,
	8.25428 8.4251,
	8.25982 8.42747,
	8.26615 8.43142,
	8.26852 8.43459,
	8.27168 8.43617,
	8.27722 8.4417,
	8.28117 8.44724,
	8.28354 8.44882,
	8.28354 8.45198,
	8.28592 8.45436,
	8.2875 8.45515,
	8.2875 8.45831,
	8.28908 8.4591,
	8.2962 8.48441,
	8.29778 8.49073,
	8.29778 8.54134,
	8.29778 8.54767,
	8.29778 8.55083,
	8.29778 8.55241,
	8.2962 8.5532,
	8.2962 8.55479,
	8.29382 8.55795,
	8.29382 8.55953,
	8.2875 8.56507,
	8.28354 8.56744,
	8.28275 8.56665,
	8.27089 8.57376,
	8.26773 8.57614,
	8.26457 8.57614,
	8.25903 8.57851,
	8.2527 8.57772,
	8.24638 8.57297,
	8.23768 8.56269,
	8.23768 8.56111,
	8.2361 8.56032,
	8.23372 8.55399,
	8.23214 8.55083,
	8.23214 8.54925,
	8.23056 8.54767,
	8.2274 8.53502,
	8.22582 8.53343,
	8.22582 8.53027,
	8.22423 8.52711,
	8.22344 8.52078,
	8.22186 8.51762,
	8.21712 8.49231,
	8.21712 8.47966,
	8.21712 8.47333,
	8.21712 8.47017,
	8.21712 8.46938,
	"/>
</Transform>

<Transform dim="1"
 xcoef=" -0.02 1 0 0 0 0"
 ycoef=" -3.46944695195361e-18 0 1 0 0 0">
<Contour name="d48_DELETE" hidden="false" closed="true" simplified="true" border="0.502 0 0.502" fill="0 1 1" mode="11"
 points="9.08812 8.94898,
	9.08943 8.94833,
	9.08943 8.94572,
	9.09073 8.94441,
	9.09204 8.93919,
	9.09269 8.93724,
	9.09465 8.93528,
	9.09595 8.93006,
	9.10443 8.92028,
	9.10574 8.91897,
	9.10704 8.91897,
	9.11095 8.91571,
	9.11291 8.9131,
	9.11421 8.9131,
	9.11487 8.9118,
	9.11748 8.91115,
	9.12139 8.90723,
	9.124 8.90528,
	9.1253 8.90528,
	9.12661 8.90332,
	9.14552 8.88701,
	9.14748 8.88571,
	9.15596 8.87723,
	9.15987 8.87266,
	9.16248 8.87071,
	9.16248 8.8694,
	9.16379 8.86875,
	9.16379 8.86745,
	9.17161 8.85766,
	9.17618 8.8531,
	9.17944 8.84853,
	9.1814 8.84592,
	9.18335 8.84462,
	9.18531 8.84201,
	9.18662 8.8407,
	9.18662 8.8394,
	9.19053 8.83483,
	9.19249 8.83222,
	9.19379 8.83157,
	9.19379 8.83027,
	9.19836 8.82635,
	9.20423 8.81853,
	9.21205 8.80939,
	9.22184 8.79961,
	9.22184 8.79831,
	9.23032 8.78917,
	9.23227 8.78722,
	9.23358 8.78722,
	9.24075 8.77874,
	9.24271 8.77743,
	9.24401 8.77482,
	9.24858 8.76961,
	9.25641 8.76113,
	9.26162 8.75656,
	9.26162 8.75526,
	9.26619 8.752,
	9.27141 8.74678,
	9.27989 8.73895,
	9.28837 8.73243,
	9.28967 8.73243,
	9.29359 8.72917,
	9.29489 8.72917,
	9.29685 8.72656,
	9.30076 8.72395,
	9.30141 8.72264,
	9.30402 8.72199,
	9.31381 8.71482,
	9.31511 8.71416,
	9.31511 8.71286,
	9.31968 8.71025,
	9.32489 8.70569,
	9.3275 8.70503,
	9.33207 8.70177,
	9.33337 8.70047,
	9.33468 8.70047,
	9.35425 8.68807,
	9.35946 8.68547,
	9.36077 8.68547,
	9.36272 8.68351,
	9.36533 8.68286,
	9.36664 8.68155,
	9.36925 8.68155,
	9.37055 8.68155,
	9.3712 8.68025,
	9.37642 8.67894,
	9.37903 8.67829,
	9.38164 8.67633,
	9.39208 8.67307,
	9.41295 8.66916,
	9.41817 8.66851,
	9.42338 8.66655,
	9.46513 8.66525,
	9.486 8.6659,
	9.49644 8.6672,
	9.50166 8.66916,
	9.50687 8.66981,
	9.51209 8.67177,
	9.5147 8.67307,
	9.51731 8.67307,
	9.52775 8.67699,
	9.53036 8.67764,
	9.53166 8.67894,
	9.5421 8.68155,
	9.54731 8.68351,
	9.54862 8.68481,
	9.56949 8.69068,
	9.57993 8.6946,
	9.58514 8.69655,
	9.58645 8.69786,
	9.59689 8.70112,
	9.59949 8.70242,
	9.6008 8.70242,
	9.60341 8.70438,
	9.60471 8.70569,
	9.60993 8.70764,
	9.61124 8.70764,
	9.6158 8.7109,
	9.61711 8.7109,
	9.61841 8.71221,
	9.61971 8.71221,
	9.63015 8.71938,
	9.63472 8.72199,
	9.63733 8.72264,
	9.64646 8.72982,
	9.65102 8.73308,
	9.65298 8.73504,
	9.65363 8.77678,
	9.65363 8.782,
	9.65102 8.79244,
	9.64972 8.79504,
	9.64972 8.79635,
	9.64841 8.79765,
	9.64841 8.79896,
	9.64124 8.80939,
	9.63146 8.81918,
	9.62885 8.82179,
	9.60863 8.83614,
	9.60602 8.83744,
	9.6008 8.84201,
	9.55971 8.87005,
	9.55775 8.87201,
	9.5571 8.87397,
	9.61645 9.04095,
	9.61971 9.05138,
	9.62102 9.05399,
	9.62102 9.0553,
	9.61384 9.06508,
	9.61058 9.0703,
	9.60602 9.07486,
	9.60602 9.07617,
	9.59884 9.0866,
	9.58906 9.09639,
	9.58384 9.09965,
	9.58319 9.10095,
	9.58058 9.10095,
	9.57993 9.10226,
	9.56949 9.10617,
	9.56688 9.10748,
	9.55645 9.10748,
	9.55123 9.10552,
	9.54862 9.10552,
	9.5434 9.10356,
	9.5421 9.10356,
	9.54079 9.10226,
	9.53949 9.10226,
	9.53818 9.10095,
	9.51731 9.09574,
	9.5147 9.09574,
	9.51209 9.09443,
	9.50166 9.09247,
	9.49644 9.09182,
	9.49383 9.09182,
	9.49122 9.09052,
	9.486 9.08986,
	9.48339 9.08986,
	9.48078 9.08856,
	9.43904 9.08334,
	9.41817 9.08073,
	9.33468 9.07812,
	9.29293 9.07812,
	9.27206 9.07617,
	9.26162 9.07486,
	9.25641 9.07356,
	9.24597 9.07291,
	9.23553 9.07095,
	9.23032 9.0703,
	9.22771 9.06899,
	9.20684 9.06508,
	9.1964 9.06443,
	9.17553 9.06117,
	9.15465 9.0566,
	9.14487 9.05269,
	9.14226 9.05203,
	9.14096 9.05073,
	9.13965 9.05073,
	9.1377 9.04877,
	9.13639 9.04877,
	9.13509 9.04747,
	9.13248 9.04682,
	9.12856 9.04355,
	9.12596 9.04095,
	9.12335 9.03964,
	9.109 9.02138,
	9.10704 9.01877,
	9.10639 9.01616,
	9.10443 9.01355,
	9.10443 9.01225,
	9.10313 9.01159,
	9.10313 9.01029,
	9.09986 9.00507,
	9.09986 9.00377,
	9.09856 9.00311,
	9.0953 8.99333,
	9.0953 8.99072,
	9.09399 8.99007,
	9.09399 8.98746,
	9.09008 8.97702,
	9.08812 8.96659,
	9.08812 8.95615,
	9.08812 8.95093,
	9.08812 8.94963,
	"/>
<Contour name="d48_DELETE" hidden="false" closed="true" simplified="true" border="0.502 0 0.502" fill="0 1 1" mode="11"
 points="9.21597 8.95224,
	9.21858 8.9418,
	9.22053 8.93658,
	9.22379 8.93137,
	9.22445 8.92876,
	9.22575 8.92745,
	9.2264 8.92484,
	9.23227 8.91441,
	9.23553 8.90984,
	9.23553 8.90854,
	9.23684 8.90789,
	9.23684 8.90658,
	9.2401 8.90136,
	9.24206 8.89941,
	9.24206 8.8981,
	9.24401 8.89549,
	9.24532 8.89484,
	9.24532 8.89354,
	9.25249 8.8831,
	9.25315 8.88114,
	9.26032 8.87266,
	9.26097 8.87005,
	9.26945 8.86092,
	9.27337 8.8557,
	9.27532 8.8544,
	9.27924 8.84918,
	9.28641 8.8407,
	9.29489 8.83157,
	9.2975 8.82961,
	9.30467 8.82113,
	9.3125 8.81135,
	9.32163 8.80222,
	9.32685 8.79765,
	9.33403 8.78983,
	9.33859 8.78657,
	9.3399 8.78461,
	9.35881 8.77222,
	9.36925 8.7683,
	9.37055 8.7683,
	9.37186 8.767,
	9.39273 8.76765,
	9.4136 8.767,
	9.41882 8.76635,
	9.42143 8.76569,
	9.42273 8.76504,
	9.42534 8.76569,
	9.42795 8.76439,
	9.43056 8.76439,
	9.441 8.76047,
	9.4436 8.76047,
	9.44491 8.75917,
	9.46513 8.752,
	9.46643 8.752,
	9.46904 8.75004,
	9.48992 8.74352,
	9.49252 8.74286,
	9.49318 8.74156,
	9.50361 8.74091,
	9.50883 8.74091,
	9.5134 8.74286,
	9.51535 8.74417,
	9.53296 8.76113,
	9.53883 8.77091,
	9.5421 8.77613,
	9.54405 8.78069,
	9.54405 8.782,
	9.54536 8.78265,
	9.54601 8.78526,
	9.54731 8.78591,
	9.54731 8.78722,
	9.54862 8.78787,
	9.54927 8.79309,
	9.55058 8.79439,
	9.55058 8.797,
	9.55253 8.80222,
	9.55253 8.80352,
	9.55384 8.80483,
	9.55384 8.81526,
	9.55514 8.8257,
	9.55514 8.84657,
	9.55318 8.86745,
	9.54862 8.88832,
	9.54601 8.89875,
	9.5421 8.90919,
	9.53883 8.91376,
	9.53753 8.91897,
	9.53688 8.92158,
	9.53557 8.92223,
	9.53492 8.92484,
	9.52905 8.93463,
	9.52579 8.93985,
	9.52253 8.94376,
	9.52122 8.94637,
	9.51209 8.95354,
	9.50948 8.95615,
	9.50492 8.95941,
	9.50296 8.96137,
	9.50166 8.96137,
	9.49187 8.9692,
	9.48209 8.97572,
	9.47752 8.97963,
	9.47622 8.97963,
	9.47165 8.9842,
	9.47035 8.9842,
	9.46187 8.99203,
	9.46056 8.99268,
	9.46056 8.99398,
	9.4423 9.0129,
	9.43839 9.01746,
	9.43317 9.02268,
	9.41817 9.04095,
	9.40969 9.05073,
	9.40447 9.05464,
	9.40316 9.05464,
	9.40186 9.05595,
	9.39142 9.0579,
	9.38099 9.0579,
	9.37577 9.0579,
	9.37055 9.0566,
	9.36012 9.0579,
	9.33924 9.05856,
	9.32881 9.05856,
	9.30794 9.0553,
	9.2975 9.05203,
	9.29228 9.05008,
	9.28967 9.05008,
	9.27989 9.04682,
	9.26945 9.0416,
	9.26815 9.04029,
	9.26554 9.03964,
	9.25575 9.03247,
	9.24597 9.02399,
	9.23097 9.00703,
	9.22901 9.00442,
	9.22901 9.00311,
	9.22575 8.9979,
	9.22445 8.99659,
	9.22053 8.98681,
	9.21923 8.98159,
	9.21792 8.98029,
	9.21597 8.95941,
	9.21597 8.9542,
	9.21597 8.95289,
	"/>
</Transform>

<Transform dim="0"
 xcoef=" 0 1 0 0 0 0"
 ycoef=" 0 0 1 0 0 0">
<Contour name="d48sp10" hidden="false" closed="true" simplified="true" border="1 0 0" fill="1 0 0" mode="11"
 points="8.75728 9.09915,
	8.76034 9.09426,
	8.76217 9.09181,
	8.77012 9.0857,
	8.77196 9.08386,
	8.7744 9.08325,
	8.77562 9.08203,
	8.78052 9.08081,
	8.78296 9.08019,
	8.78419 9.08019,
	8.78663 9.07836,
	8.78908 9.07836,
	8.7903 9.07836,
	8.79153 9.07714,
	8.80131 9.0753,
	8.80376 9.0753,
	8.80498 9.07408,
	8.80743 9.07408,
	8.80987 9.07285,
	8.81232 9.07285,
	8.81293 9.07163,
	8.81782 9.07041,
	8.81905 9.07041,
	8.82149 9.06857,
	8.82394 9.06857,
	8.82883 9.06613,
	8.83862 9.06307,
	8.84106 9.06246,
	8.84229 9.06123,
	8.84473 9.06123,
	8.84718 9.06001,
	8.84963 9.06001,
	8.8588 9.05573,
	8.86308 9.05328,
	8.87103 9.04533,
	8.87592 9.03555,
	8.87776 9.03066,
	8.87898 9.02882,
	8.87898 9.02637,
	8.88021 9.02393,
	8.88021 9.02148,
	8.88143 9.02026,
	8.88265 9.01537,
	8.88571 9.01047,
	8.88632 9.00803,
	8.88754 9.0068,
	8.88754 9.00558,
	8.88999 9.00313,
	8.8955 8.99396,
	8.90345 8.98479,
	8.91078 8.97745,
	8.91507 8.97378,
	8.91751 8.97194,
	8.91996 8.97133,
	8.92241 8.9695,
	8.92363 8.96827,
	8.92852 8.96644,
	8.93341 8.96338,
	8.93464 8.96338,
	8.93586 8.96216,
	8.94075 8.96032,
	8.9432 8.96032,
	8.95298 8.95727,
	8.96277 8.95665,
	8.97255 8.95727,
	8.98234 8.9591,
	8.98479 8.96032,
	8.99457 8.96155,
	8.99946 8.96155,
	9.00925 8.96338,
	9.02882 8.96338,
	9.03861 8.96216,
	9.05818 8.95665,
	9.06796 8.95298,
	9.06857 8.95176,
	9.07347 8.94993,
	9.07469 8.94993,
	9.07958 8.94687,
	9.08203 8.94626,
	9.08264 8.94503,
	9.09181 8.94075,
	9.1016 8.93464,
	9.10343 8.9328,
	9.10466 8.9328,
	9.10649 8.93097,
	9.10772 8.93097,
	9.10833 8.92974,
	9.11016 8.92913,
	9.11138 8.92974,
	9.11261 8.92913,
	9.11322 8.93158,
	9.11261 8.93647,
	9.11138 8.93892,
	9.10894 8.95849,
	9.10894 8.96827,
	9.10894 8.97317,
	9.11138 8.98295,
	9.11505 8.99274,
	9.11567 8.99518,
	9.1175 8.99763,
	9.11811 9.00008,
	9.11934 9.0013,
	9.11934 9.00252,
	9.12056 9.00375,
	9.12056 9.00497,
	9.12362 9.00986,
	9.12545 9.01231,
	9.12606 9.01475,
	9.13279 9.02454,
	9.15175 9.04411,
	9.15603 9.04839,
	9.15114 9.049,
	9.13157 9.04839,
	9.09243 9.049,
	9.07285 9.049,
	9.03371 9.05084,
	9.02393 9.05145,
	9.01414 9.05328,
	9.0117 9.05328,
	9.0068 9.05512,
	8.99702 9.05695,
	8.98723 9.06001,
	8.98601 9.06001,
	8.98479 9.06123,
	8.98234 9.06062,
	8.97989 9.06123,
	8.97867 9.06123,
	8.97745 9.06246,
	8.97255 9.06307,
	8.96766 9.0649,
	8.96522 9.0649,
	8.96277 9.06613,
	8.96032 9.06613,
	8.95788 9.06796,
	8.94809 9.0698,
	8.9432 9.07163,
	8.93831 9.07224,
	8.91935 9.07897,
	8.91445 9.08081,
	8.91323 9.08203,
	8.91078 9.08264,
	8.90895 9.08447,
	8.90406 9.08631,
	8.8955 9.09243,
	8.89366 9.09365,
	8.89305 9.09487,
	8.8906 9.09548,
	8.88143 9.10099,
	8.87898 9.10221,
	8.87776 9.10343,
	8.87654 9.10343,
	8.87226 9.10649,
	8.86981 9.10833,
	8.86736 9.10894,
	8.86247 9.112,
	8.85391 9.11628,
	8.84901 9.11872,
	8.84657 9.11995,
	8.84535 9.12117,
	8.84045 9.123,
	8.83923 9.123,
	8.83739 9.12484,
	8.82761 9.1279,
	8.80804 9.13096,
	8.78847 9.13034,
	8.78602 9.13034,
	8.78419 9.12851,
	8.77929 9.12851,
	8.77012 9.12362,
	8.76951 9.12239,
	8.76829 9.12239,
	8.76156 9.11322,
	8.7585 9.10833,
	8.75728 9.10343,
	8.75728 9.10099,
	8.75728 9.09976,
	"/>
</Transform>

<Transform dim="0"
 xcoef=" 0 1 0 0 0 0"
 ycoef=" 0 0 1 0 0 0">
<Contour name="d48sp11" hidden="false" closed="true" simplified="true" border="1 0 0" fill="1 0 0" mode="11"
 points="10.5217 10.1303,
	10.5236 10.123,
	10.5236 10.1157,
	10.5263 10.1085,
	10.5263 10.1048,
	10.5299 10.0976,
	10.5299 10.0939,
	10.5317 10.0921,
	10.5326 10.0885,
	10.5326 10.0867,
	10.5408 10.073,
	10.5454 10.0658,
	10.5472 10.0621,
	10.549 10.0612,
	10.549 10.0594,
	10.559 10.0467,
	10.5653 10.0413,
	10.579 10.0276,
	10.5899 10.0158,
	10.5917 10.0158,
	10.5953 10.0131,
	10.5953 10.0113,
	10.6026 10.0049,
	10.6135 9.99584,
	10.6153 9.99584,
	10.6189 9.99221,
	10.6262 9.98948,
	10.6335 9.98948,
	10.6371 9.99039,
	10.6435 9.99584,
	10.6489 10.0031,
	10.6489 10.0067,
	10.6516 10.0104,
	10.6607 10.0685,
	10.6643 10.083,
	10.6662 10.0903,
	10.6662 10.0976,
	10.668 10.1048,
	10.6716 10.163,
	10.6734 10.2211,
	10.6743 10.2502,
	10.6734 10.2792,
	10.6716 10.2938,
	10.6662 10.3083,
	10.6643 10.3119,
	10.6625 10.3137,
	10.6625 10.3156,
	10.6426 10.3401,
	10.6353 10.3428,
	10.6335 10.3446,
	10.6262 10.3464,
	10.6189 10.3464,
	10.5899 10.3355,
	10.5881 10.3355,
	10.5735 10.3274,
	10.5681 10.3228,
	10.5572 10.3101,
	10.5526 10.3028,
	10.5517 10.2992,
	10.549 10.2965,
	10.5481 10.2929,
	10.5463 10.2919,
	10.5363 10.2629,
	10.5345 10.2592,
	10.5345 10.2556,
	10.5299 10.2411,
	10.5272 10.2265,
	10.5254 10.2193,
	10.5217 10.1612,
	10.5217 10.1321,
	10.5217 10.1312,
	"/>
</Transform>

<Transform dim="0"
 xcoef=" 0 1 0 0 0 0"
 ycoef=" 0 0 1 0 0 0">
<Contour name="d15p09" hidden="false" closed="true" simplified="false" border="1 0 0" fill="1 0 0" mode="11"
 points="4.05624 7.94005,
	4.07952 7.94005,
	4.06788 7.96139,
	"/>
</Transform>

<Transform dim="0"
 xcoef=" 0 1 0 0 0 0"
 ycoef=" 0 0 1 0 0 0">
<Contour name="d15sp09" hidden="false" closed="true" simplified="true" border="1 0 0" fill="1 0 0" mode="-11"
 points="3.19393 8.28358,
	3.20711 8.26821,
	3.2159 8.26821,
	3.22469 8.26381,
	3.25983 8.26162,
	3.26423 8.26601,
	3.27301 8.26821,
	3.27741 8.2726,
	3.28619 8.2748,
	3.29498 8.28139,
	3.30377 8.28358,
	3.33891 8.31214,
	3.35429 8.32532,
	3.36088 8.33191,
	3.36088 8.3363,
	3.36747 8.34509,
	3.36967 8.38023,
	3.36308 8.39781,
	3.35209 8.41318,
	3.33672 8.43076,
	3.30157 8.45053,
	3.26642 8.45053,
	3.24885 8.44394,
	3.23128 8.42856,
	3.22029 8.41099,
	3.2181 8.37584,
	3.2181 8.35827,
	3.2137 8.34069,
	3.20052 8.32312,
	3.19393 8.30555,
	3.19393 8.28798,
	3.19393 8.28578,
	"/>
</Transform>

<Transform dim="0"
 xcoef=" 0 1 0 0 0 0"
 ycoef=" 0 0 1 0 0 0">
<Contour name="d15sp09" hidden="false" closed="true" simplified="true" border="1 0 0" fill="1 0 0" mode="-11"
 points="3.7719 8.41792,
	3.78577 8.399,
	3.79586 8.39143,
	3.81477 8.37126,
	3.82486 8.36117,
	3.86522 8.3309,
	3.90557 8.29685,
	3.92575 8.28803,
	3.93079 8.28803,
	3.94088 8.28298,
	3.95097 8.28298,
	3.96106 8.2792,
	3.9661 8.27668,
	3.97619 8.27542,
	3.97997 8.27037,
	3.9825 8.26785,
	3.99258 8.26533,
	4.0115 8.24641,
	4.02537 8.22624,
	4.03546 8.20606,
	4.03798 8.20101,
	4.03924 8.16066,
	4.03672 8.14048,
	4.03546 8.13039,
	4.02915 8.11022,
	4.02537 8.10013,
	4.02411 8.09509,
	4.0178 8.085,
	4.0115 8.06482,
	4.00519 8.05473,
	4.00015 8.04969,
	3.99889 8.04464,
	4.00898 8.05095,
	4.02915 8.05725,
	4.03168 8.05978,
	4.04177 8.0623,
	4.04681 8.06482,
	4.06699 8.0686,
	4.10734 8.06986,
	4.12752 8.06356,
	4.13761 8.05978,
	4.14139 8.05725,
	4.14265 8.05978,
	4.13256 8.07995,
	4.12499 8.12031,
	4.12247 8.16066,
	4.12121 8.18084,
	4.12121 8.19093,
	4.13004 8.23128,
	4.13761 8.25146,
	4.14139 8.26154,
	4.15274 8.28172,
	4.16661 8.3019,
	4.20066 8.34225,
	4.21705 8.36243,
	4.24606 8.40278,
	4.25362 8.41287,
	4.29398 8.4507,
	4.33433 8.48223,
	4.35451 8.49106,
	4.37468 8.50241,
	4.38477 8.50871,
	4.39486 8.5125,
	4.41504 8.52385,
	4.45539 8.53772,
	4.46044 8.54024,
	4.50079 8.54276,
	4.5815 8.53898,
	4.62185 8.53772,
	4.66221 8.53267,
	4.70256 8.53141,
	4.72274 8.53015,
	4.73283 8.52637,
	4.73787 8.52385,
	4.77822 8.51628,
	4.85893 8.49736,
	4.89929 8.48601,
	4.93964 8.47214,
	4.97999 8.44818,
	5.00017 8.43683,
	5.00521 8.43557,
	5.01404 8.428,
	5.01909 8.42674,
	5.02917 8.42044,
	5.03422 8.41918,
	5.04431 8.41287,
	5.08466 8.40404,
	5.16537 8.40278,
	5.17546 8.40278,
	5.19563 8.41792,
	5.21329 8.43683,
	5.22338 8.44566,
	5.23725 8.46584,
	5.24103 8.47088,
	5.24482 8.48097,
	5.28013 8.52132,
	5.31922 8.55789,
	5.33939 8.57429,
	5.34948 8.58312,
	5.38984 8.60834,
	5.41001 8.62095,
	5.4201 8.62473,
	5.42893 8.63104,
	5.46928 8.63734,
	5.54999 8.64112,
	5.56008 8.64365,
	5.57017 8.65373,
	5.57521 8.65878,
	5.57774 8.69913,
	5.57647 8.71931,
	5.57521 8.7294,
	5.56639 8.74957,
	5.5626 8.75966,
	5.56008 8.76471,
	5.54999 8.77227,
	5.53612 8.79245,
	5.52981 8.80254,
	5.49072 8.84163,
	5.48063 8.85046,
	5.44028 8.87442,
	5.43019 8.88199,
	5.38984 8.88325,
	5.36966 8.88199,
	5.34948 8.87694,
	5.33939 8.87316,
	5.31922 8.85298,
	5.30913 8.84289,
	5.26878 8.81137,
	5.2486 8.80128,
	5.22842 8.79497,
	5.14771 8.79245,
	5.10736 8.77732,
	5.08718 8.76597,
	5.07709 8.76092,
	5.07205 8.7584,
	5.06701 8.75336,
	5.02665 8.73949,
	5.00648 8.73696,
	4.99639 8.73444,
	4.83497 8.72688,
	4.79462 8.72561,
	4.75426 8.71805,
	4.73409 8.71427,
	4.71391 8.70544,
	4.70382 8.70165,
	4.66347 8.67643,
	4.65338 8.67013,
	4.6332 8.66256,
	4.62311 8.65878,
	4.60294 8.655,
	4.56258 8.64238,
	4.52223 8.64112,
	4.48187 8.63734,
	4.32046 8.63608,
	4.15904 8.63104,
	4.11869 8.62977,
	4.09851 8.62851,
	4.0178 8.61338,
	3.99763 8.60834,
	3.95727 8.58816,
	3.94719 8.58312,
	3.9371 8.58059,
	3.93457 8.58059,
	3.92449 8.57303,
	3.90431 8.56546,
	3.89927 8.5642,
	3.89044 8.55789,
	3.87026 8.54907,
	3.85008 8.53772,
	3.82991 8.52385,
	3.78955 8.49232,
	3.77946 8.48475,
	3.77568 8.47466,
	3.7719 8.46962,
	3.7719 8.42927,
	3.7719 8.41918,
	"/>
</Transform>

<Transform dim="0"
 xcoef=" 0 1 0 0 0 0"
 ycoef=" 0 0 1 0 0 0">
<Contour name="d15c09a" hidden="false" closed="true" simplified="true" border="0 0 1" fill="0 0 1" mode="11"
 points="5.1904 8.46769,
	5.19368 8.46114,
	5.19942 8.4554,
	5.20597 8.45212,
	5.21908 8.44967,
	5.23219 8.44967,
	5.25841 8.45868,
	5.27152 8.46441,
	5.27807 8.46769,
	5.28135 8.47015,
	5.28299 8.47015,
	5.28626 8.47261,
	5.28954 8.47343,
	5.29036 8.47507,
	5.29364 8.47588,
	5.2961 8.47834,
	5.29774 8.47834,
	5.30429 8.48244,
	5.30675 8.4849,
	5.30839 8.4849,
	5.31986 8.49391,
	5.34362 8.51439,
	5.35427 8.52422,
	5.37803 8.5488,
	5.38213 8.55454,
	5.39278 8.56683,
	5.39687 8.57338,
	5.40752 8.58567,
	5.41981 8.59714,
	5.42473 8.60206,
	5.42719 8.6037,
	5.43128 8.61025,
	5.43292 8.61353,
	5.43456 8.61517,
	5.43702 8.62828,
	5.43702 8.63483,
	5.43702 8.63811,
	5.4321 8.64385,
	5.42555 8.64712,
	5.41899 8.64876,
	5.40589 8.64876,
	5.39933 8.64876,
	5.39605 8.64794,
	5.39442 8.64794,
	5.39278 8.6463,
	5.38622 8.64548,
	5.36 8.63729,
	5.35673 8.63483,
	5.34362 8.63074,
	5.33051 8.62418,
	5.3174 8.61599,
	5.31084 8.61107,
	5.30757 8.61025,
	5.28381 8.59305,
	5.27152 8.58403,
	5.2707 8.5824,
	5.26906 8.5824,
	5.2453 8.55864,
	5.23956 8.55208,
	5.23465 8.54717,
	5.224 8.53488,
	5.21171 8.52259,
	5.1945 8.49719,
	5.1904 8.48408,
	5.1904 8.47097,
	5.1904 8.46851,
	"/>
</Transform>

<Transform dim="0"
 xcoef=" 0 1 0 0 0 0"
 ycoef=" 0 0 1 0 0 0">
<Contour name="d15cfa09a" hidden="false" closed="false" simplified="false" border="0 1 0" fill="0 1 0" mode="11"
 points="5.41595 8.63563,
	5.38154 8.61925,
	5.34139 8.58648,
	5.27175 8.52666,
	5.22013 8.46112,
	"/>
</Transform>

<Transform dim="0"
 xcoef=" 0 1 0 0 0 0"
 ycoef=" 0 0 1 0 0 0">
<Contour name="d15sp11" hidden="false" closed="true" simplified="true" border="1 0 0" fill="1 0 0" mode="-11"
 points="5.04511 6.11125,
	5.0513 6.09476,
	5.05954 6.08032,
	5.07089 6.06485,
	5.0781 6.05867,
	5.0946 6.05558,
	5.10285 6.05661,
	5.1111 6.06073,
	5.12347 6.0762,
	5.12657 6.08032,
	5.12966 6.09682,
	5.12863 6.11332,
	5.12657 6.11744,
	5.1111 6.13084,
	5.09151 6.16384,
	5.08326 6.17003,
	5.06676 6.16899,
	5.05851 6.16281,
	5.05233 6.15559,
	5.04923 6.15147,
	5.04923 6.1494,
	5.04717 6.14837,
	5.04511 6.13188,
	5.04511 6.11538,
	5.04511 6.11228,
	"/>
</Transform>

<Transform dim="0"
 xcoef=" 0 1 0 0 0 0"
 ycoef=" 0 0 1 0 0 0">
<Contour name="d15san09" hidden="false" closed="true" simplified="false" border="1 0 0" fill="1 0 0" mode="11"
 points="4.00233 8.51934,
	4.00233 8.48797,
	4.0337 8.48797,
	4.0337 8.4566,
	4.06508 8.4566,
	4.06508 8.48797,
	4.09645 8.48797,
	4.09645 8.51934,
	4.06508 8.51934,
	4.06508 8.55072,
	4.0337 8.55072,
	4.0337 8.51934,
	"/>
</Transform>

<Transform dim="0"
 xcoef=" 0 1 0 0 0 0"
 ycoef=" 0 0 1 0 0 0">
<Contour name="d07p14" hidden="false" closed="true" simplified="false" border="1 0 0" fill="1 0 0" mode="-13"
 points="8.52646 12.1312,
	8.55564 12.1312,
	8.54105 12.1579,
	"/>
</Transform>

<Transform dim="0"
 xcoef=" 0 1 0 0 0 0"
 ycoef=" 0 0 1 0 0 0">
<Contour name="d07p15" hidden="false" closed="true" simplified="false" border="1 0 0" fill="1 0 0" mode="-13"
 points="7.56112 11.499,
	7.59029 11.499,
	7.5757 11.5257,
	"/>
</Transform>

<Transform dim="0"
 xcoef=" 0 1 0 0 0 0"
 ycoef=" 0 0 1 0 0 0">
<Contour name="d53p12" hidden="false" closed="true" simplified="false" border="0.5 0 1" fill="0.5 0 1" mode="13"
 points="13.2176 10.4196,
	13.2078 10.4163,
	13.2176 10.413,
	13.2111 10.4032,
	13.2209 10.4098,
	13.2241 10.4,
	13.2274 10.4098,
	13.2372 10.4032,
	13.2307 10.413,
	13.2405 10.4163,
	13.2307 10.4196,
	13.2372 10.4294,
	13.2274 10.4228,
	13.2241 10.4326,
	13.2209 10.4228,
	13.2111 10.4294,
	"/>
</Transform>

<Transform dim="0"
 xcoef=" 0 1 0 0 0 0"
 ycoef=" 0 0 1 0 0 0">
<Contour name="d53p12" hidden="false" closed="true" simplified="false" border="0.5 0 1" fill="0.5 0 1" mode="13"
 points="13.2176 10.4196,
	13.2078 10.4163,
	13.2176 10.413,
	13.2111 10.4032,
	13.2209 10.4098,
	13.2241 10.4,
	13.2274 10.4098,
	13.2372 10.4032,
	13.2307 10.413,
	13.2405 10.4163,
	13.2307 10.4196,
	13.2372 10.4294,
	13.2274 10.4228,
	13.2241 10.4326,
	13.2209 10.4228,
	13.2111 10.4294,
	"/>
</Transform>

<Transform dim="0"
 xcoef=" 0 1 0 0 0 0"
 ycoef=" 0 0 1 0 0 0">
<Contour name="d24p20" hidden="false" closed="true" simplified="false" border="1 0 0" fill="1 0 0" mode="-13"
 points="5.71683 9.96457,
	5.6964 9.94414,
	5.71683 9.92371,
	5.73726 9.94414,
	"/>
</Transform>

<Transform dim="0"
 xcoef=" 0 1 0 0 0 0"
 ycoef=" 0 0 1 0 0 0">
<Contour name="d15endos03_dw" hidden="false" closed="true" simplified="true" border="1 0.502 0" fill="1 0 0" mode="11"
 points="4.5618 7.48577,
	4.56261 7.47676,
	4.56502 7.46799,
	4.56897 7.45968,
	4.57436 7.45205,
	4.58104 7.44529,
	4.58884 7.43957,
	4.59757 7.43506,
	4.60699 7.43185,
	4.61686 7.43005,
	4.62693 7.42968,
	4.63693 7.43077,
	4.64661 7.43329,
	4.65571 7.43716,
	4.664 7.44229,
	4.67127 7.44855,
	4.67732 7.45577,
	4.68201 7.46377,
	4.6852 7.47234,
	4.68681 7.48125,
	4.68681 7.49028,
	4.6852 7.4992,
	4.68201 7.50777,
	4.67732 7.51577,
	4.67127 7.52299,
	4.664 7.52925,
	4.65571 7.53438,
	4.64661 7.53825,
	4.63693 7.54076,
	4.62693 7.54185,
	4.61686 7.54149,
	4.60699 7.53968,
	4.59757 7.53648,
	4.58884 7.53196,
	4.58104 7.52625,
	4.57436 7.51949,
	4.56897 7.51185,
	4.56502 7.50354,
	"/>
</Transform>

<Transform dim="0"
 xcoef=" 0 1 0 0 0 0"
 ycoef=" 0 0 1 0 0 0">
<Contour name="d71serh10" hidden="false" closed="true" simplified="true" border="1 1 0" fill="1 0 0" mode="11"
 points="19.3735 11.9965,
	19.3735 11.9824,
	19.3598 11.9828,
	19.3598 11.9687,
	19.3735 11.9682,
	19.3735 11.9542,
	19.3871 11.9538,
	19.3871 11.9679,
	19.4007 11.9675,
	19.4007 11.9816,
	19.3871 11.982,
	19.3871 11.9961,
	"/>
</Transform>

<Transform dim="0"
 xcoef=" 0 1 0 0 0 0"
 ycoef=" 0 0 1 0 0 0">
<Image mag="0.002094" contrast="2.00934" brightness="-0.63" red="true" green="true" blue="true"
 src="070____z3.249.tif" />
<Contour name="domain1" hidden="false" closed="true" simplified="false" border="1 0 1" fill="1 0 1" mode="11"
 points="0 0,
	13099 0,
	13099 7874,
	0 7874,
	"/>
</Transform>

<Transform dim="0"
 xcoef=" 0 1 0 0 0 0"
 ycoef=" 0 0 1 0 0 0">
<Contour name="d71san09" hidden="false" closed="true" simplified="true" border="1 0 0" fill="1 0 0" mode="11"
 points="18.8458 10.649,
	18.8463 10.6293,
	18.8258 10.6303,
	18.8263 10.6105,
	18.8467 10.6095,
	18.8471 10.5896,
	18.8676 10.5886,
	18.8672 10.6085,
	18.8876 10.6073,
	18.8872 10.627,
	18.8667 10.6282,
	18.8662 10.6479,
	"/>
</Transform>

<Transform dim="1"
 xcoef=" -0.01 1 0 0 0 0"
 ycoef=" -0.01 0 1 0 0 0">
<Contour name="d39sp15" hidden="false" closed="true" simplified="true" border="1 0 0" fill="1 0 0" mode="11"
 points="11.0949 5.62988,
	11.1034 5.62774,
	11.1377 5.63844,
	11.2062 5.67699,
	11.2405 5.68556,
	11.2576 5.69198,
	11.2919 5.69626,
	11.309 5.70269,
	11.3261 5.70269,
	11.3304 5.70697,
	11.399 5.71554,
	11.4161 5.71768,
	11.4246 5.71768,
	11.4289 5.72196,
	11.566 5.73695,
	11.6002 5.74338,
	11.6345 5.74552,
	11.6516 5.74766,
	11.6602 5.74766,
	11.6645 5.7498,
	11.6431 5.78406,
	11.6281 5.8012,
	11.5938 5.82261,
	11.5767 5.83546,
	11.5681 5.84188,
	11.4996 5.85687,
	11.4653 5.8633,
	11.4311 5.87829,
	11.4139 5.89114,
	11.3904 5.9254,
	11.3711 5.95966,
	11.3647 5.97679,
	11.354 5.99393,
	11.3518 5.99821,
	11.3347 5.99178,
	11.3304 5.97465,
	11.3283 5.94039,
	11.3112 5.87186,
	11.3026 5.85473,
	11.2855 5.84402,
	11.2533 5.80976,
	11.2426 5.79263,
	11.2126 5.75837,
	11.1784 5.72839,
	11.1441 5.70697,
	11.1291 5.68984,
	11.1227 5.67271,
	11.1206 5.66414,
	11.1077 5.64701,
	11.0991 5.63844,
	11.0949 5.63202,
	"/>
</Transform>

<Transform dim="1"
 xcoef=" -0.01 1 0 0 0 0"
 ycoef=" -0.01 0 1 0 0 0">
<Contour name="d39sp15" hidden="false" closed="true" simplified="true" border="1 0 0" fill="1 0 0" mode="11"
 points="11.1817 6.35915,
	11.1729 6.35914,
	11.1645 6.35592,
	11.1577 6.34842,
	11.1548 6.34522,
	11.1525 6.33666,
	11.152 6.31959,
	11.1536 6.30257,
	11.1538 6.30045,
	11.1539 6.29939,
	11.1666 6.2665,
	11.1745 6.24959,
	11.1759 6.24537,
	11.1821 6.23694,
	11.1856 6.23273,
	11.1858 6.23061,
	11.193 6.22222,
	11.1932 6.22011,
	11.1992 6.21172,
	11.2018 6.20753,
	11.2019 6.20543,
	11.208 6.19706,
	11.2162 6.19084,
	11.2208 6.18775,
	11.2268 6.18152,
	11.2315 6.1774,
	11.2361 6.17538,
	11.2397 6.17123,
	11.2444 6.16923,
	11.2456 6.16715,
	11.2478 6.1672,
	11.2655 6.15603,
	11.2701 6.15405,
	11.2714 6.15197,
	11.2736 6.15203,
	11.3081 6.1298,
	11.3128 6.12889,
	11.3152 6.12685,
	11.3267 6.12719,
	11.3322 6.13263,
	11.3319 6.13685,
	11.3339 6.14112,
	11.3336 6.14534,
	11.3357 6.14962,
	11.3346 6.16646,
	11.334 6.17487,
	11.3337 6.17907,
	11.3297 6.18738,
	11.3283 6.19154,
	11.3245 6.19564,
	11.3188 6.21125,
	11.3136 6.21952,
	11.3133 6.22371,
	11.3108 6.22575,
	11.3105 6.22995,
	11.3024 6.24656,
	11.2976 6.26326,
	11.2982 6.27065,
	11.2944 6.27476,
	11.293 6.27895,
	11.2696 6.31114,
	11.2568 6.3268,
	11.2502 6.3352,
	11.2441 6.34043,
	11.2344 6.3467,
	11.2309 6.3488,
	11.2285 6.34877,
	11.2272 6.35089,
	11.225 6.35087,
	11.2225 6.35298,
	11.2203 6.35296,
	11.2177 6.35507,
	11.1996 6.35816,
	"/>
</Transform>

<Transform dim="0"
 xcoef=" 0 1 0 0 0 0"
 ycoef=" 0 0 1 0 0 0">
<Contour name="d71sp08" hidden="false" closed="true" simplified="true" border="1 0 0" fill="1 0 0" mode="11"
 points="17.6797 10.1853,
	17.6876 10.1541,
	17.6915 10.1463,
	17.6876 10.1306,
	17.6934 10.0994,
	17.7051 10.0681,
	17.709 10.0603,
	17.7247 10.0446,
	17.7403 10.0349,
	17.7559 10.029,
	17.7872 10.0251,
	17.7892 10.0271,
	17.797 10.0212,
	17.8283 10.0192,
	17.8439 10.0173,
	17.9064 9.99578,
	17.9377 9.98992,
	17.9533 9.99187,
	18.0159 10.0212,
	18.0315 10.029,
	18.0471 10.0329,
	18.0549 10.0368,
	18.18 10.0388,
	18.182 10.0388,
	18.1663 10.0505,
	18.1507 10.0564,
	18.1351 10.0661,
	18.0725 10.0857,
	18.01 10.1111,
	17.9787 10.1287,
	17.8537 10.2498,
	17.8243 10.2811,
	17.7716 10.3436,
	17.7423 10.369,
	17.711 10.3984,
	17.7071 10.4023,
	17.7032 10.3984,
	17.7032 10.3827,
	17.6895 10.3202,
	17.6817 10.2889,
	17.6797 10.2264,
	17.6797 10.1951,
	17.6797 10.1873,
	"/>
</Transform>

<Transform dim="0"
 xcoef=" 0 1 0 0 0 0"
 ycoef=" 0 0 1 0 0 0">
<Contour name="d71sp09" hidden="false" closed="true" simplified="true" border="1 0 0" fill="1 0 0" mode="11"
 points="18.4563 10.3825,
	18.4666 10.3799,
	18.508 10.398,
	18.5493 10.4212,
	18.5597 10.4238,
	18.5804 10.4368,
	18.5985 10.4574,
	18.6088 10.4781,
	18.6166 10.4885,
	18.6579 10.4962,
	18.7407 10.4988,
	18.782 10.4962,
	18.8105 10.4549,
	18.8518 10.3721,
	18.8777 10.2894,
	18.888 10.248,
	18.8906 10.2273,
	18.8984 10.2067,
	18.9035 10.1963,
	18.9087 10.155,
	18.9242 10.1136,
	18.9449 10.0722,
	18.9552 10.0619,
	18.9966 10.0386,
	19.0069 10.0335,
	19.025 10.0128,
	19.0483 9.9714,
	19.0819 9.88868,
	19.0948 9.84731,
	19.1 9.76458,
	19.0974 9.7439,
	19.1052 9.72322,
	19.1103 9.71546,
	19.1207 9.71288,
	19.131 9.71546,
	19.1517 9.73097,
	19.1853 9.76975,
	19.2241 9.80853,
	19.2344 9.82921,
	19.2422 9.83956,
	19.2344 9.88092,
	19.2319 9.89126,
	19.2344 9.9016,
	19.2344 9.90677,
	19.2525 9.92745,
	19.2603 9.94814,
	19.2551 9.96882,
	19.2422 9.9895,
	19.2086 10.0283,
	19.1827 10.0696,
	19.175 10.08,
	19.1646 10.1213,
	19.1621 10.1627,
	19.1621 10.1834,
	19.1414 10.2661,
	19.1336 10.3075,
	19.1078 10.3902,
	19.0638 10.4729,
	19.0405 10.5143,
	19.0121 10.597,
	18.994 10.6384,
	18.9811 10.6591,
	18.963 10.6772,
	18.963 10.6979,
	18.9397 10.7806,
	18.9268 10.822,
	18.919 10.8426,
	18.8932 10.884,
	18.8286 10.9667,
	18.7872 11.0003,
	18.7665 11.0133,
	18.6838 11.0391,
	18.6734 11.0417,
	18.6321 11.0701,
	18.6217 11.0779,
	18.6166 11.0805,
	18.6088 11.0727,
	18.5907 10.99,
	18.5778 10.9073,
	18.5674 10.8659,
	18.5623 10.8245,
	18.5416 10.7418,
	18.5312 10.7005,
	18.5261 10.6798,
	18.5183 10.597,
	18.5002 10.5143,
	18.4744 10.4316,
	18.4589 10.3902,
	18.4563 10.385,
	"/>
</Transform>

<Transform dim="0"
 xcoef=" 0 1 0 0 0 0"
 ycoef=" 0 0 1 0 0 0">
<Contour name="dch_d15c09a" hidden="false" closed="true" simplified="true" border="0 0 1" fill="0 0 1" mode="11"
 points="5.24047 8.45276,
	5.25939 8.45927,
	5.26885 8.46311,
	5.27832 8.46814,
	5.28068 8.46961,
	5.28127 8.4702,
	5.28364 8.4705,
	5.286 8.47227,
	5.28837 8.47316,
	5.28955 8.47346,
	5.29014 8.47464,
	5.29251 8.47553,
	5.29369 8.47582,
	5.29576 8.47819,
	5.29812 8.47878,
	5.30285 8.48144,
	5.30404 8.48203,
	5.30611 8.4844,
	5.3067 8.48499,
	5.30788 8.48499,
	5.30847 8.48499,
	5.31793 8.49238,
	5.33685 8.50834,
	5.35577 8.52579,
	5.3741 8.54471,
	5.37824 8.54944,
	5.38179 8.55417,
	5.39007 8.56363,
	5.39391 8.56836,
	5.39657 8.57309,
	5.40485 8.58255,
	5.40663 8.58492,
	5.42555 8.60265,
	5.42791 8.60443,
	5.43028 8.60916,
	5.43028 8.61034,
	5.42555 8.6198,
	5.42023 8.62926,
	5.41727 8.63399,
	5.4155 8.63636,
	5.41313 8.63843,
	5.4084 8.64109,
	5.40367 8.64434,
	5.39894 8.647,
	5.39776 8.64759,
	5.39539 8.64759,
	5.39421 8.64759,
	5.39303 8.64671,
	5.38357 8.64493,
	5.36464 8.63902,
	5.35991 8.63725,
	5.35755 8.63547,
	5.35518 8.63429,
	5.34572 8.63133,
	5.34336 8.63074,
	5.3339 8.62601,
	5.32444 8.62039,
	5.31498 8.61418,
	5.31261 8.61241,
	5.31143 8.61152,
	5.31084 8.61093,
	5.30847 8.61064,
	5.30374 8.60768,
	5.28482 8.59379,
	5.27536 8.58699,
	5.27092 8.58314,
	5.27004 8.58225,
	5.26885 8.58196,
	5.24993 8.56333,
	5.2452 8.5586,
	5.22806 8.53968,
	5.21948 8.53022,
	5.21475 8.52549,
	5.21239 8.52313,
	5.2112 8.52194,
	5.19849 8.50302,
	5.1979 8.50184,
	5.1976 8.50154,
	5.19701 8.50007,
	5.1979 8.49533,
	5.19967 8.4906,
	5.20204 8.48587,
	5.20381 8.48351,
	5.20499 8.48114,
	5.21239 8.47168,
	5.22037 8.46222,
	5.2248 8.45897,
	5.23426 8.45424,
	5.23899 8.45276,
	"/>
</Transform>

<Transform dim="0"
 xcoef=" 0 1 0 0 0 0"
 ycoef=" 0 0 1 0 0 0">
<Contour name="dch_d39c16" hidden="false" closed="true" simplified="true" border="0 0 1" fill="0 0 1" mode="11"
 points="13.3875 5.32553,
	13.3818 5.32039,
	13.379 5.31791,
	13.3776 5.31658,
	13.3769 5.31605,
	13.3756 5.31463,
	13.3717 5.30896,
	13.3712 5.30825,
	13.3709 5.3079,
	13.3708 5.30648,
	13.3708 5.30577,
	13.3703 5.30506,
	13.369 5.30373,
	13.3688 5.30356,
	13.3686 5.30214,
	13.3686 5.30143,
	13.3686 5.30125,
	13.3672 5.29983,
	13.3666 5.29912,
	13.3599 5.27644,
	13.3568 5.26509,
	13.3515 5.24241,
	13.349 5.23106,
	13.348 5.22539,
	13.3475 5.22256,
	13.3474 5.22114,
	13.3439 5.20979,
	13.3421 5.20412,
	13.3406 5.19845,
	13.3399 5.19561,
	13.3396 5.1942,
	13.3381 5.19136,
	13.3374 5.18994,
	13.3373 5.18959,
	13.3372 5.18392,
	13.3371 5.18108,
	13.3349 5.16974,
	13.3339 5.16407,
	13.3336 5.16265,
	13.3334 5.16194,
	13.3325 5.15059,
	13.332 5.14492,
	13.3318 5.13925,
	13.3318 5.13783,
	13.3318 5.13642,
	13.3332 5.135,
	13.3338 5.13429,
	13.334 5.13358,
	13.3341 5.13323,
	13.3341 5.13314,
	13.3347 5.13252,
	13.3375 5.13136,
	13.3404 5.13039,
	13.3411 5.13012,
	13.3414 5.12995,
	13.3421 5.12986,
	13.3478 5.12773,
	13.3485 5.12764,
	13.3499 5.1272,
	13.3528 5.12658,
	13.3531 5.1264,
	13.3535 5.1264,
	13.3549 5.12596,
	13.3563 5.12569,
	13.357 5.12552,
	13.3584 5.12543,
	13.3613 5.12481,
	13.3627 5.12454,
	13.3641 5.12445,
	13.3698 5.12357,
	13.3725 5.12312,
	13.3731 5.1233,
	13.376 5.12472,
	13.3767 5.12525,
	13.3779 5.12667,
	13.3783 5.12702,
	13.3786 5.1272,
	13.3801 5.12729,
	13.3808 5.12738,
	13.3921 5.13845,
	13.3935 5.13978,
	13.3942 5.1404,
	13.3946 5.14076,
	13.4005 5.1521,
	13.4035 5.15777,
	13.407 5.16912,
	13.4087 5.17479,
	13.4108 5.18046,
	13.4118 5.1833,
	13.4121 5.18401,
	13.4122 5.18684,
	13.4122 5.18826,
	13.4122 5.18861,
	13.4136 5.19003,
	13.4143 5.19074,
	13.4151 5.19641,
	13.4153 5.19783,
	13.4154 5.19925,
	13.4175 5.20492,
	13.4185 5.20776,
	13.4188 5.20846,
	13.419 5.2113,
	13.4191 5.21272,
	13.4203 5.21555,
	13.4209 5.21697,
	13.4212 5.21768,
	13.4226 5.22902,
	13.423 5.23186,
	13.4231 5.23328,
	13.4233 5.23399,
	13.4233 5.2347,
	13.427 5.24604,
	13.4288 5.25171,
	13.4293 5.25455,
	13.43 5.26022,
	13.4313 5.26306,
	13.432 5.26447,
	13.4323 5.26518,
	13.433 5.27085,
	13.4333 5.27369,
	13.4335 5.27936,
	13.4335 5.28007,
	13.4349 5.28149,
	13.4356 5.2822,
	13.4373 5.29354,
	13.4381 5.29921,
	13.4384 5.30488,
	13.4385 5.30772,
	13.4385 5.30914,
	13.4385 5.30985,
	13.4385 5.3102,
	13.4385 5.31038,
	13.437 5.31109,
	13.4363 5.31144,
	13.434 5.31711,
	13.4335 5.31853,
	13.4331 5.31924,
	13.4303 5.32181,
	13.4289 5.32234,
	13.4232 5.32358,
	13.4218 5.32385,
	13.4211 5.32403,
	13.4197 5.32403,
	13.4183 5.32429,
	13.4175 5.32447,
	13.4161 5.32456,
	13.4147 5.325,
	13.4119 5.32518,
	13.409 5.32562,
	13.4083 5.3258,
	13.4027 5.32606,
	13.397 5.32598,
	13.3941 5.32598,
	13.3927 5.3258,
	13.3899 5.3258,
	13.3885 5.32571,
	13.3878 5.32562,
	13.3876 5.32553,
	"/>
</Transform>

<Transform dim="0"
 xcoef=" 0 1 0 0 0 0"
 ycoef=" 0 0 1 0 0 0">
<Contour name="dch_d39c17" hidden="false" closed="true" simplified="true" border="0 0 1" fill="0 0 1" mode="11"
 points="10.5547 4.01711,
	10.5437 4.01609,
	10.5382 4.01557,
	10.5376 4.01549,
	10.5266 4.0122,
	10.5239 4.01139,
	10.5225 4.01096,
	10.5218 4.01083,
	10.5215 4.01074,
	10.516 4.00707,
	10.5133 4.00523,
	10.5129 4.00502,
	10.5075 4.00006,
	10.5061 3.99882,
	10.5054 3.99818,
	10.5027 3.99591,
	10.502 3.99532,
	10.5017 3.99506,
	10.5003 3.99493,
	10.4999 3.99489,
	10.4998 3.99489,
	10.4991 3.9945,
	10.4977 3.99339,
	10.4974 3.99309,
	10.4919 3.99164,
	10.4905 3.9913,
	10.4899 3.99113,
	10.4895 3.99104,
	10.4893 3.991,
	10.4885 3.98967,
	10.4883 3.98933,
	10.4882 3.9892,
	10.4855 3.98852,
	10.4848 3.98835,
	10.4844 3.98826,
	10.4837 3.98792,
	10.4783 3.98429,
	10.4755 3.98245,
	10.4728 3.98053,
	10.4701 3.97878,
	10.4694 3.97826,
	10.4687 3.97784,
	10.4585 3.96689,
	10.4571 3.96565,
	10.4558 3.9645,
	10.453 3.96236,
	10.4517 3.96134,
	10.451 3.96083,
	10.4506 3.96057,
	10.4412 3.94963,
	10.44 3.94826,
	10.4395 3.94758,
	10.4392 3.94723,
	10.4379 3.9445,
	10.4365 3.94317,
	10.4358 3.94249,
	10.4357 3.94232,
	10.4356 3.94223,
	10.4356 3.94087,
	10.4355 3.94057,
	10.4342 3.93988,
	10.4338 3.93971,
	10.4337 3.93958,
	10.4335 3.93924,
	10.4332 3.93787,
	10.4322 3.9324,
	10.4311 3.92693,
	10.431 3.92625,
	10.431 3.92591,
	10.4308 3.92557,
	10.4311 3.9242,
	10.4311 3.92386,
	10.4317 3.92249,
	10.4318 3.92215,
	10.4322 3.92146,
	10.4325 3.92112,
	10.4331 3.92044,
	10.4349 3.9177,
	10.4353 3.91702,
	10.4364 3.91565,
	10.4369 3.91497,
	10.4383 3.9136,
	10.4396 3.91223,
	10.4409 3.91086,
	10.4413 3.91052,
	10.442 3.91009,
	10.4474 3.90539,
	10.4488 3.90428,
	10.4491 3.90394,
	10.4505 3.90296,
	10.4508 3.9027,
	10.4536 3.90112,
	10.4549 3.90048,
	10.4556 3.90022,
	10.4563 3.89988,
	10.457 3.89962,
	10.4577 3.89949,
	10.4631 3.89941,
	10.4659 3.89937,
	10.4673 3.89941,
	10.4727 3.90026,
	10.4741 3.90048,
	10.4744 3.90056,
	10.4751 3.90061,
	10.4779 3.9018,
	10.4792 3.9024,
	10.4806 3.90287,
	10.482 3.90347,
	10.4823 3.90368,
	10.4837 3.90488,
	10.484 3.90518,
	10.4854 3.90535,
	10.4861 3.90548,
	10.4867 3.90573,
	10.4922 3.9089,
	10.4936 3.90967,
	10.4943 3.91005,
	10.4956 3.91121,
	10.4963 3.9118,
	10.4977 3.91197,
	10.4984 3.9121,
	10.4985 3.9121,
	10.4987 3.91219,
	10.4993 3.91356,
	10.4994 3.91373,
	10.4995 3.91381,
	10.5008 3.9139,
	10.5015 3.91398,
	10.5019 3.91407,
	10.5073 3.91792,
	10.5087 3.91886,
	10.5094 3.91933,
	10.5121 3.92057,
	10.5135 3.92112,
	10.5142 3.92138,
	10.5155 3.92155,
	10.5159 3.92159,
	10.5161 3.92163,
	10.527 3.92886,
	10.5297 3.93069,
	10.5311 3.93159,
	10.5338 3.93292,
	10.5352 3.93356,
	10.5355 3.93377,
	10.5462 3.94471,
	10.5489 3.94745,
	10.5502 3.94882,
	10.5516 3.95001,
	10.5523 3.95057,
	10.5526 3.95082,
	10.5528 3.951,
	10.5529 3.95108,
	10.5542 3.95117,
	10.5549 3.95121,
	10.555 3.95121,
	10.5659 3.96027,
	10.5687 3.96253,
	10.57 3.96369,
	10.5707 3.96429,
	10.5817 3.9748,
	10.5823 3.97548,
	10.5825 3.97566,
	10.5832 3.97702,
	10.5879 3.98796,
	10.5884 3.98933,
	10.5887 3.99002,
	10.5888 3.99036,
	10.5891 3.99583,
	10.5892 3.99856,
	10.5893 3.99925,
	10.5893 3.99942,
	10.5893 3.9995,
	10.5892 3.99985,
	10.5892 4.00002,
	10.589 4.00036,
	10.589 4.00044,
	10.5888 4.00079,
	10.5887 4.00096,
	10.5883 4.00164,
	10.5882 4.00181,
	10.5881 4.0019,
	10.5881 4.00207,
	10.5876 4.00275,
	10.5874 4.00309,
	10.5874 4.00318,
	10.5856 4.00583,
	10.585 4.00651,
	10.5844 4.0072,
	10.5839 4.00788,
	10.5835 4.00856,
	10.5835 4.00861,
	10.5833 4.00878,
	10.5826 4.00903,
	10.5823 4.00921,
	10.5821 4.00929,
	10.5809 4.01066,
	10.5806 4.011,
	10.5801 4.01168,
	10.5746 4.01442,
	10.5719 4.01583,
	10.5715 4.01596,
	10.5606 4.01673,
	10.5551 4.01711,
	10.5548 4.01711,
	10.5547 4.01711,
	"/>
</Transform>

</Section>