<?xml version="1.0"?>
<!DOCTYPE Section SYSTEM "section.dtd">

<Section index="211" thickness="0.051" alignLocked="true">
<Transform dim="0"
 xcoef=" 0 1 0 0 0 0"
 ycoef=" 0 0 1 0 0 0">
<Image mag="0.00223" contrast="1" brightness="0" red="true" green="true" blue="true"
 src="209____z208.0.tif" />
<Contour name="domain1" hidden="true" closed="true" simplified="false" border="1 0 1" fill="1 0 1" mode="11"
 points="0 0,
	8752 0,
	8752 5074,
	0 5074,
	"/>
</Transform>

<Transform dim="0"
 xcoef=" 0 1 0 0 0 0"
 ycoef=" 0 0 1 0 0 0">
<Contour name="D68" hidden="false" closed="true" simplified="true" border="0 0.501961 0" fill="0 0.501961 0" mode="13"
 points="7.35973 5.04516,
	7.36618 5.01697,
	7.38489 4.99154,
	7.41404 4.97136,
	7.45078 4.9584,
	7.4915 4.95394,
	7.53222 4.9584,
	7.56895 4.97136,
	7.5981 4.99154,
	7.61681 5.01697,
	7.62326 5.04516,
	7.61681 5.07335,
	7.5981 5.09879,
	7.56895 5.11897,
	7.53222 5.13192,
	7.4915 5.13639,
	7.45078 5.13192,
	7.41404 5.11897,
	7.38489 5.09879,
	"/>
</Transform>

<Transform dim="0"
 xcoef=" 0 1 0 0 0 0"
 ycoef=" 0 0 1 0 0 0">
<Contour name="D09" hidden="false" closed="true" simplified="true" border="0 1 0" fill="0 1 0" mode="13"
 points="10.8546 4.84549,
	10.8601 4.8236,
	10.8759 4.80384,
	10.9005 4.78816,
	10.9316 4.77809,
	10.966 4.77462,
	11.0003 4.77809,
	11.0315 4.78816,
	11.0561 4.80384,
	11.0719 4.8236,
	11.0774 4.84549,
	11.0719 4.8674,
	11.0561 4.88715,
	11.0315 4.90284,
	11.0003 4.91291,
	10.966 4.91637,
	10.9316 4.91291,
	10.9005 4.90284,
	10.8759 4.88715,
	"/>
</Transform>

<Transform dim="0"
 xcoef=" 0 1 0 0 0 0"
 ycoef=" 0 0 1 0 0 0">
<Contour name="D32" hidden="false" closed="true" simplified="true" border="0.5 0 1" fill="0.5 0 1" mode="13"
 points="3.6477 5.61155,
	3.65257 5.5926,
	3.66674 5.57549,
	3.6888 5.56191,
	3.7166 5.5532,
	3.74741 5.55019,
	3.77823 5.5532,
	3.80603 5.56191,
	3.8281 5.57549,
	3.84225 5.5926,
	3.84714 5.61155,
	3.84225 5.63052,
	3.8281 5.64763,
	3.80603 5.66121,
	3.77823 5.66992,
	3.74741 5.67292,
	3.7166 5.66992,
	3.6888 5.66121,
	3.66674 5.64763,
	"/>
</Transform>

<Transform dim="0"
 xcoef=" 0 1 0 0 0 0"
 ycoef=" 0 0 1 0 0 0">
<Contour name="D50" hidden="false" closed="true" simplified="true" border="0 1 1" fill="0 1 1" mode="-15"
 points="15.3129 4.83985,
	15.3169 4.82106,
	15.3285 4.80411,
	15.3464 4.79066,
	15.3689 4.78202,
	15.3941 4.77904,
	15.4191 4.78202,
	15.4417 4.79066,
	15.4597 4.80411,
	15.4712 4.82106,
	15.4751 4.83985,
	15.4712 4.85866,
	15.4597 4.87561,
	15.4417 4.88906,
	15.4191 4.8977,
	15.3941 4.90067,
	15.3689 4.8977,
	15.3464 4.88906,
	15.3285 4.87561,
	"/>
</Transform>

<Transform dim="0"
 xcoef=" 0 1 0 0 0 0"
 ycoef=" 0 0 1 0 0 0">
<Contour name="d09shaft" hidden="true" closed="true" simplified="true" border="1 0.501961 0.25098" fill="0.502 1 0.502" mode="11"
 points="9.9633 4.35036,
	9.96828 4.32357,
	9.97171 4.31017,
	9.97171 4.30682,
	9.97835 4.30348,
	10.0319 4.29342,
	10.0855 4.32022,
	10.1927 4.3872,
	10.2061 4.39557,
	10.2129 4.4006,
	10.2396 4.40395,
	10.3467 4.40729,
	10.4003 4.41901,
	10.4271 4.42572,
	10.4405 4.42906,
	10.4942 4.42739,
	10.521 4.42572,
	10.628 4.44413,
	10.7352 4.45585,
	10.7889 4.46255,
	10.8959 4.43576,
	10.9496 4.42572,
	10.9764 4.42068,
	10.983 4.41901,
	11.0099 4.43073,
	11.117 4.48934,
	11.1706 4.5178,
	11.1974 4.53623,
	11.3046 4.62666,
	11.4536 4.84099,
	11.4619 4.85439,
	11.4653 4.86108,
	11.4738 4.91467,
	11.4787 4.94146,
	11.4804 4.95486,
	11.4653 5.00844,
	11.4604 5.02184,
	11.4017 5.129,
	11.3951 5.1424,
	11.2878 5.22613,
	11.2811 5.23115,
	11.2779 5.2345,
	11.1706 5.2412,
	11.1438 5.24287,
	11.0367 5.22613,
	11.0099 5.22278,
	10.9965 5.2211,
	10.9696 5.20938,
	10.8625 5.15077,
	10.6481 5.04696,
	10.5946 5.02518,
	10.541 5.00677,
	10.5142 4.99838,
	10.407 4.91634,
	10.2999 4.83095,
	10.2463 4.78741,
	10.2195 4.76564,
	10.1709 4.71372,
	10.1458 4.68693,
	10.1358 4.67354,
	10.0319 4.4592,
	10.0035 4.40561,
	9.99507 4.39222,
	9.97337 4.36544,
	9.96662 4.35873,
	9.9633 4.35203,
	"/>
</Transform>

<Transform dim="0"
 xcoef=" 0 1 0 0 0 0"
 ycoef=" 0 0 1 0 0 0">
<Contour name="d09shaft" hidden="true" closed="true" simplified="true" border="1 0.501961 0.25098" fill="0.502 1 0.502" mode="11"
 points="10.2553 4.16788,
	10.288 4.15358,
	10.3206 4.14746,
	10.3861 4.14746,
	10.4514 4.125,
	10.484 4.10866,
	10.5493 4.10662,
	10.5821 4.11682,
	10.5984 4.125,
	10.631 4.14746,
	10.6474 4.15972,
	10.6575 4.17604,
	10.6597 4.18014,
	10.6413 4.21076,
	10.625 4.22302,
	10.5922 4.22097,
	10.5759 4.22302,
	10.5596 4.22914,
	10.5269 4.22505,
	10.4943 4.21076,
	10.4861 4.20668,
	10.3553 4.20056,
	10.29 4.18421,
	10.2819 4.18217,
	10.2779 4.18014,
	10.2697 4.18626,
	10.2553 4.17604,
	10.2553 4.16992,
	"/>
</Transform>

<Transform dim="0"
 xcoef=" 0 1 0 0 0 0"
 ycoef=" 0 0 1 0 0 0">
<Contour name="d09ax21b" comment="ddh_traced_2017.01" hidden="false" closed="true" simplified="true" border="1 0.501961 0.752941" fill="1 0.501961 0.752941" mode="11"
 points="12.8955 1.62354,
	12.8975 1.61538,
	12.8986 1.6113,
	12.9037 1.60313,
	12.9179 1.59191,
	12.9251 1.58681,
	12.9332 1.58375,
	12.9373 1.58171,
	12.9414 1.58171,
	12.9486 1.57762,
	12.9526 1.57762,
	12.9567 1.57558,
	12.9608 1.57558,
	12.9649 1.57354,
	13.0302 1.57048,
	13.0343 1.57048,
	13.0384 1.57252,
	13.071 1.57762,
	13.0873 1.58068,
	13.1037 1.58681,
	13.119 1.59701,
	13.1261 1.60518,
	13.1282 1.60926,
	13.1302 1.6113,
	13.1322 1.62763,
	13.1271 1.64395,
	13.1261 1.64803,
	13.1139 1.66436,
	13.0986 1.67661,
	13.0914 1.68171,
	13.0833 1.68987,
	13.0751 1.69498,
	13.069 1.70212,
	13.0618 1.70722,
	13.0506 1.71947,
	13.0435 1.72559,
	13.0394 1.72763,
	13.0312 1.73477,
	13.0271 1.73783,
	13.0251 1.73783,
	13.0098 1.74804,
	13.0016 1.7511,
	12.9935 1.7562,
	12.9771 1.76233,
	12.969 1.76539,
	12.9363 1.76437,
	12.9281 1.76335,
	12.92 1.75824,
	12.9179 1.75518,
	12.9108 1.74804,
	12.9067 1.73988,
	12.8975 1.70722,
	12.8955 1.69089,
	12.8965 1.67457,
	12.8955 1.64191,
	12.8955 1.62558,
	12.8955 1.62456,
	"/>
</Transform>

</Section>