<?xml version="1.0"?>
<!DOCTYPE Section SYSTEM "section.dtd">

<Section index="21" thickness="0.049" alignLocked="true">
<Transform dim="0"
 xcoef=" 0 1 0 0 0 0"
 ycoef=" 0 0 1 0 0 0">
<Image mag="0.002202" contrast="1.14434" brightness="-0.15" red="true" green="true" blue="true"
 src="022____z21.0.tif" />
<Contour name="domain1" hidden="false" closed="true" simplified="false" border="1 0 1" fill="1 0 1" mode="11"
 points="0 0,
	9057 0,
	9057 7683,
	0 7683,
	"/>
</Transform>

<Transform dim="0"
 xcoef=" 0 1 0 0 0 0"
 ycoef=" 0 0 1 0 0 0">
<Contour name="D09" hidden="false" closed="true" simplified="true" border="0 1 0" fill="0 1 0" mode="11"
 points="10.142 5.93943,
	10.1264 5.93725,
	10.1118 5.92952,
	10.0999 5.91706,
	10.0883 5.88328,
	10.0899 5.86534,
	10.0963 5.849,
	10.1067 5.83583,
	10.1204 5.82702,
	10.1357 5.82339,
	10.1512 5.82532,
	10.1655 5.83272,
	10.1772 5.8449,
	10.185 5.86076,
	10.1883 5.87868,
	10.1869 5.89687,
	10.1808 5.91349,
	10.1706 5.92695,
	10.1572 5.93589,
	"/>
</Transform>

<Transform dim="0"
 xcoef=" 0 1 0 0 0 0"
 ycoef=" 0 0 1 0 0 0">
<Contour name="D19" hidden="false" closed="true" simplified="true" border="1 0 0" fill="1 0 0" mode="11"
 points="9.98457 7.0547,
	9.96183 7.0495,
	9.94036 7.03565,
	9.92195 7.01465,
	9.90171 6.95947,
	9.90255 6.93049,
	9.9112 6.90408,
	9.92736 6.88277,
	9.94949 6.86857,
	9.95315 6.86777,
	9.95348 6.86755,
	9.97863 6.86123,
	10.0043 6.86425,
	10.0274 6.87658,
	10.0457 6.89737,
	10.057 6.92461,
	10.0608 6.95528,
	10.057 6.98609,
	10.0463 7.01372,
	10.0298 7.03539,
	10.0278 7.03673,
	10.0276 7.03695,
	10.016 7.04455,
	10.0093 7.04898,
	10.0092 7.04902,
	10.0071 7.05041,
	"/>
</Transform>

<Transform dim="0"
 xcoef=" 0 1 0 0 0 0"
 ycoef=" 0 0 1 0 0 0">
<Contour name="D21" hidden="false" closed="true" simplified="true" border="0 1 1" fill="0 1 1" mode="11"
 points="6.22728 10.4878,
	6.18938 10.4798,
	6.15234 10.4596,
	6.12037 10.4295,
	6.08937 10.3502,
	6.09434 10.3082,
	6.11035 10.2707,
	6.1353 10.2409,
	6.16569 10.2218,
	6.19876 10.2152,
	6.23175 10.222,
	6.26207 10.2418,
	6.28739 10.2727,
	6.30574 10.3115,
	6.31534 10.3549,
	6.3169 10.397,
	6.30877 10.4343,
	6.29001 10.4639,
	6.26198 10.4824,
	"/>
</Transform>

<Transform dim="0"
 xcoef=" 0 1 0 0 0 0"
 ycoef=" 0 0 1 0 0 0">
<Contour name="D01" hidden="false" closed="true" simplified="true" border="1 0 0" fill="1 0 0" mode="11"
 points="10.3184 9.99356,
	10.2974 9.99177,
	10.2788 9.98455,
	10.2646 9.97268,
	10.2535 9.94033,
	10.2574 9.92322,
	10.2676 9.90777,
	10.2828 9.89539,
	10.2938 9.89068,
	10.2944 9.89015,
	10.3137 9.88198,
	10.3348 9.87855,
	10.3558 9.88011,
	10.3711 9.88535,
	10.3711 9.88658,
	10.3712 9.88868,
	10.3713 9.89075,
	10.3714 9.89282,
	10.3715 9.89491,
	10.3716 9.89698,
	10.3716 9.89872,
	10.3778 9.9033,
	10.3872 9.91792,
	10.3901 9.93465,
	10.3862 9.95185,
	10.3757 9.96779,
	10.3743 9.96887,
	10.3744 9.97101,
	10.3745 9.97281,
	10.3717 9.97506,
	10.3609 9.97986,
	10.3597 9.98087,
	10.3399 9.98977,
	"/>
</Transform>

<Transform dim="0"
 xcoef=" 0 1 0 0 0 0"
 ycoef=" 0 0 1 0 0 0">
<Contour name="D26" hidden="false" closed="true" simplified="true" border="0 1 1" fill="0 1 1" mode="11"
 points="14.0908 10.8184,
	14.0621 10.8142,
	14.0363 10.801,
	14.0162 10.7796,
	14.0022 10.7197,
	14.0089 10.6865,
	14.0234 10.6558,
	14.0439 10.6313,
	14.0686 10.6162,
	14.0954 10.6123,
	14.1224 10.6197,
	14.1468 10.6372,
	14.1659 10.6625,
	14.1777 10.6926,
	14.181 10.7242,
	14.176 10.7542,
	14.1632 10.7802,
	14.1436 10.8004,
	14.1188 10.8135,
	"/>
</Transform>

<Transform dim="0"
 xcoef=" 0 1 0 0 0 0"
 ycoef=" 0 0 1 0 0 0">
<Contour name="D05" hidden="false" closed="true" simplified="true" border="0 0 1" fill="0 0 1" mode="11"
 points="13.2191 6.83985,
	13.207 6.83523,
	13.1972 6.82611,
	13.1881 6.79872,
	13.1898 6.78322,
	13.1955 6.7686,
	13.2047 6.75631,
	13.2167 6.74743,
	13.2299 6.74283,
	13.243 6.74292,
	13.255 6.74759,
	13.2648 6.75637,
	13.2712 6.76844,
	13.2736 6.78269,
	13.272 6.79784,
	13.2663 6.81244,
	13.2571 6.82505,
	13.2453 6.83444,
	13.2323 6.83957,
	"/>
</Transform>

<Transform dim="0"
 xcoef=" 0 1 0 0 0 0"
 ycoef=" 0 0 1 0 0 0">
<Contour name="D03" hidden="false" closed="true" simplified="true" border="1 0 0" fill="1 0 0" mode="11"
 points="11.2934 8.06538,
	11.2757 8.06474,
	11.2593 8.05958,
	11.2461 8.05038,
	11.2335 8.02369,
	11.2353 8.00892,
	11.2423 7.99511,
	11.2538 7.98377,
	11.269 7.97593,
	11.286 7.97239,
	11.3035 7.9734,
	11.3198 7.97884,
	11.3332 7.98813,
	11.3425 8.00035,
	11.3465 8.01436,
	11.3449 8.02878,
	11.3379 8.0423,
	11.3262 8.05355,
	11.3109 8.06152,
	"/>
</Transform>

<Transform dim="0"
 xcoef=" 0 1 0 0 0 0"
 ycoef=" 0 0 1 0 0 0">
<Contour name="D02" hidden="false" closed="true" simplified="true" border="0 0 1" fill="0 0 1" mode="11"
 points="10.6614 9.44127,
	10.6464 9.43612,
	10.6347 9.42597,
	10.6249 9.39457,
	10.6277 9.3764,
	10.6356 9.35898,
	10.6478 9.34399,
	10.6632 9.33293,
	10.6804 9.32677,
	10.6974 9.32615,
	10.7129 9.3312,
	10.725 9.3415,
	10.7329 9.35603,
	10.7353 9.37339,
	10.7323 9.39175,
	10.7239 9.40923,
	10.7112 9.4241,
	10.6953 9.435,
	10.6782 9.44088,
	"/>
</Transform>

<Transform dim="0"
 xcoef=" 0 1 0 0 0 0"
 ycoef=" 0 0 1 0 0 0">
<Contour name="D10" hidden="false" closed="true" simplified="true" border="0 1 1" fill="0 1 1" mode="11"
 points="12.4512 9.28784,
	12.4357 9.28368,
	12.4214 9.27463,
	12.4098 9.26157,
	12.3988 9.22812,
	12.4006 9.2107,
	12.407 9.19498,
	12.4177 9.18243,
	12.4308 9.17452,
	12.4456 9.17201,
	12.4608 9.17529,
	12.4748 9.18419,
	12.4862 9.19791,
	12.494 9.21508,
	12.4973 9.23389,
	12.4959 9.25221,
	12.49 9.26806,
	12.48 9.27982,
	12.4666 9.2866,
	"/>
</Transform>

<Transform dim="0"
 xcoef=" 0 1 0 0 0 0"
 ycoef=" 0 0 1 0 0 0">
<Contour name="D11" hidden="false" closed="true" simplified="true" border="1 0 0" fill="1 0 0" mode="11"
 points="8.77336 7.76943,
	8.75672 7.7685,
	8.74172 7.76304,
	8.72983 7.75355,
	8.71959 7.72653,
	8.72223 7.7116,
	8.72985 7.69766,
	8.74176 7.68606,
	8.75678 7.67796,
	8.77341 7.67412,
	8.7901 7.67498,
	8.80514 7.68044,
	8.81705 7.68998,
	8.82471 7.70264,
	8.82733 7.71717,
	8.82469 7.73215,
	8.81701 7.74611,
	8.80507 7.75767,
	8.79003 7.76568,
	"/>
</Transform>

<Transform dim="0"
 xcoef=" 0 1 0 0 0 0"
 ycoef=" 0 0 1 0 0 0">
<Contour name="D06" hidden="false" closed="true" simplified="true" border="0 0 1" fill="0 0 1" mode="11"
 points="12.4157 10.1287,
	12.4012 10.1276,
	12.3885 10.1221,
	12.3788 10.1125,
	12.371 10.0858,
	12.3738 10.0712,
	12.3811 10.0578,
	12.3918 10.0467,
	12.4052 10.0389,
	12.4198 10.0353,
	12.4341 10.0361,
	12.4469 10.0413,
	12.457 10.0505,
	12.4633 10.0629,
	12.4653 10.0771,
	12.4625 10.0919,
	12.4553 10.1057,
	12.4442 10.1171,
	12.4305 10.1251,
	"/>
</Transform>

<Transform dim="0"
 xcoef=" 0 1 0 0 0 0"
 ycoef=" 0 0 1 0 0 0">
<Contour name="D07" hidden="false" closed="true" simplified="true" border="1 0 1" fill="1 0 1" mode="11"
 points="8.54376 9.48542,
	8.52846 9.48282,
	8.51417 9.47637,
	8.5023 9.46673,
	8.49065 9.4416,
	8.49215 9.42852,
	8.49849 9.41679,
	8.50906 9.40756,
	8.52269 9.40177,
	8.53799 9.40007,
	8.55347 9.40269,
	8.56761 9.40941,
	8.57904 9.41945,
	8.58665 9.43178,
	8.58976 9.44515,
	8.58811 9.45818,
	8.5819 9.46966,
	8.57175 9.47853,
	8.55865 9.48395,
	"/>
</Transform>

<Transform dim="0"
 xcoef=" 0 1 0 0 0 0"
 ycoef=" 0 0 1 0 0 0">
<Contour name="D08" hidden="false" closed="true" simplified="true" border="1 0 0" fill="1 0 0" mode="11"
 points="12.9605 5.78796,
	12.9428 5.78692,
	12.9267 5.77941,
	12.9135 5.76622,
	12.901 5.7285,
	12.9029 5.70758,
	12.9102 5.68799,
	12.9223 5.67152,
	12.9376 5.6598,
	12.955 5.65399,
	12.9726 5.65476,
	12.9888 5.66207,
	13.0019 5.67519,
	13.0109 5.69283,
	13.0145 5.71327,
	13.0126 5.73445,
	13.0053 5.75429,
	12.9934 5.77085,
	12.9779 5.78245,
	"/>
</Transform>

<Transform dim="0"
 xcoef=" 0 1 0 0 0 0"
 ycoef=" 0 0 1 0 0 0">
<Contour name="D16" hidden="false" closed="true" simplified="true" border="0 0 1" fill="0 0 1" mode="11"
 points="9.30074 9.40071,
	9.28682 9.39917,
	9.2743 9.3945,
	9.26443 9.38715,
	9.25633 9.36733,
	9.2589 9.35676,
	9.26564 9.34718,
	9.27584 9.33952,
	9.28845 9.33456,
	9.30219 9.33287,
	9.31576 9.33448,
	9.32789 9.33932,
	9.33743 9.34685,
	9.3435 9.35628,
	9.34553 9.36674,
	9.34328 9.37717,
	9.33694 9.38662,
	9.32708 9.39413,
	9.31461 9.39897,
	"/>
</Transform>

<Transform dim="0"
 xcoef=" 0 1 0 0 0 0"
 ycoef=" 0 0 1 0 0 0">
<Contour name="D18" hidden="false" closed="true" simplified="true" border="1 0 0" fill="1 0 0" mode="11"
 points="13.0811 6.39003,
	13.0524 6.3882,
	13.0258 6.37607,
	13.0033 6.35504,
	12.9791 6.29545,
	12.9794 6.26282,
	12.9885 6.23234,
	13.0055 6.20689,
	13.0292 6.18881,
	13.0572 6.17994,
	13.0869 6.18117,
	13.115 6.19257,
	13.1387 6.21308,
	13.1555 6.24064,
	13.1636 6.2726,
	13.1623 6.3058,
	13.1518 6.337,
	13.1333 6.36308,
	13.1089 6.38137,
	"/>
</Transform>

<Transform dim="0"
 xcoef=" 0 1 0 0 0 0"
 ycoef=" 0 0 1 0 0 0">
<Contour name="D20" hidden="false" closed="true" simplified="true" border="1 0 0" fill="1 0 0" mode="11"
 points="10.9358 7.62493,
	10.9136 7.6235,
	10.8932 7.6152,
	10.8772 7.60073,
	10.8638 7.55955,
	10.8673 7.53727,
	10.8774 7.51681,
	10.8931 7.50012,
	10.9128 7.48876,
	10.9346 7.48376,
	10.9566 7.48528,
	10.9767 7.49338,
	10.9927 7.5073,
	11.0031 7.52584,
	11.0067 7.54722,
	11.0035 7.56935,
	10.9936 7.5901,
	10.9779 7.60732,
	10.9579 7.61934,
	"/>
</Transform>

<Transform dim="0"
 xcoef=" 0 1 0 0 0 0"
 ycoef=" 0 0 1 0 0 0">
<Contour name="D12" hidden="false" closed="true" simplified="true" border="0 0 1" fill="0 0 1" mode="11"
 points="9.17492 8.96379,
	9.15713 8.96199,
	9.14114 8.95494,
	9.12855 8.94336,
	9.1182 8.91158,
	9.12152 8.89456,
	9.13024 8.87901,
	9.14345 8.86635,
	9.15984 8.85779,
	9.17772 8.85415,
	9.19538 8.85581,
	9.2111 8.86265,
	9.22336 8.87402,
	9.23107 8.88884,
	9.23343 8.90564,
	9.23023 8.92279,
	9.2218 8.93858,
	9.2089 8.95146,
	9.19276 8.96016,
	"/>
</Transform>

<Transform dim="0"
 xcoef=" 0 1 0 0 0 0"
 ycoef=" 0 0 1 0 0 0">
<Contour name="D14" hidden="false" closed="true" simplified="true" border="1 0 0" fill="1 0 0" mode="11"
 points="9.48734 6.32381,
	9.46972 6.32166,
	9.45272 6.31446,
	9.43797 6.30287,
	9.42062 6.27141,
	9.41963 6.25471,
	9.42405 6.23965,
	9.43346 6.22774,
	9.44691 6.22014,
	9.46314 6.21755,
	9.48053 6.22014,
	9.49745 6.22765,
	9.51222 6.23932,
	9.52345 6.25397,
	9.53001 6.27017,
	9.53122 6.28642,
	9.52691 6.30116,
	9.51744 6.313,
	9.50379 6.32082,
	"/>
</Transform>

<Transform dim="0"
 xcoef=" 0 1 0 0 0 0"
 ycoef=" 0 0 1 0 0 0">
<Contour name="D15" hidden="false" closed="true" simplified="true" border="0 0 1" fill="0 0 1" mode="11"
 points="7.38302 10.5515,
	7.36565 10.5468,
	7.35195 10.5378,
	7.34019 10.5098,
	7.3433 10.4936,
	7.3521 10.4774,
	7.3658 10.4628,
	7.38317 10.4518,
	7.40251 10.4456,
	7.42195 10.4448,
	7.43959 10.4493,
	7.45366 10.4588,
	7.46278 10.472,
	7.46597 10.4878,
	7.46284 10.5046,
	7.45373 10.5206,
	7.43955 10.5344,
	7.42182 10.5448,
	7.40238 10.5509,
	"/>
</Transform>

<Transform dim="0"
 xcoef=" 0 1 0 0 0 0"
 ycoef=" 0 0 1 0 0 0">
<Contour name="D35" hidden="false" closed="true" simplified="true" border="1 0 0" fill="1 0 0" mode="11"
 points="12.2849 8.81577,
	12.2714 8.81355,
	12.2601 8.80796,
	12.2519 8.79941,
	12.2472 8.78869,
	12.2465 8.77664,
	12.2498 8.76427,
	12.2569 8.75258,
	12.2672 8.74251,
	12.2801 8.73489,
	12.2945 8.73029,
	12.3092 8.72906,
	12.3229 8.73128,
	12.335 8.73674,
	12.3438 8.74507,
	12.349 8.75557,
	12.35 8.76744,
	12.3466 8.77977,
	12.339 8.79153,
	12.3279 8.80177,
	12.3144 8.80963,
	12.2996 8.81443,
	"/>
</Transform>

<Transform dim="0"
 xcoef=" 0 1 0 0 0 0"
 ycoef=" 0 0 1 0 0 0">
<Contour name="D25" hidden="false" closed="true" simplified="true" border="0 1 0" fill="0 1 0" mode="11"
 points="3.26805 11.6203,
	3.23637 11.6172,
	3.20992 11.604,
	3.19149 11.5824,
	3.18665 11.5232,
	3.201 11.492,
	3.2252 11.464,
	3.25608 11.4416,
	3.28972 11.4271,
	3.32269 11.4213,
	3.35217 11.4247,
	3.37593 11.4369,
	3.39218 11.4569,
	3.3996 11.4827,
	3.39753 11.5122,
	3.38494 11.543,
	3.36338 11.5721,
	3.33484 11.5964,
	3.30197 11.6131,
	"/>
</Transform>

<Transform dim="0"
 xcoef=" 0 1 0 0 0 0"
 ycoef=" 0 0 1 0 0 0">
<Contour name="D34" hidden="false" closed="true" simplified="true" border="1 0 0" fill="1 0 0" mode="11"
 points="4.90861 11.6152,
	4.89632 11.6137,
	4.88516 11.6097,
	4.87578 11.6034,
	4.86867 11.5952,
	4.86257 11.5748,
	4.86387 11.5638,
	4.86801 11.553,
	4.87472 11.5432,
	4.88366 11.5347,
	4.89434 11.5282,
	4.90619 11.5238,
	4.91856 11.5219,
	4.93085 11.5224,
	4.94237 11.5255,
	4.95254 11.5308,
	4.96082 11.5381,
	4.96677 11.547,
	4.97005 11.557,
	4.97049 11.5676,
	4.96806 11.5782,
	4.96285 11.5883,
	4.95512 11.5974,
	4.94525 11.605,
	4.93378 11.6107,
	4.92134 11.6142,
	"/>
</Transform>

<Transform dim="0"
 xcoef=" 0 1 0 0 0 0"
 ycoef=" 0 0 1 0 0 0">
<Contour name="D31" hidden="false" closed="true" simplified="true" border="1 0 0" fill="1 0 0" mode="11"
 points="5.60424 7.09026,
	5.61281 7.08163,
	5.68019 7.07393,
	5.68063 7.01392,
	5.6125 7.02187,
	5.61288 7.0741,
	5.60433 7.08271,
	5.6038 7.01553,
	5.68904 7.00557,
	5.68836 7.08064,
	"/>
</Transform>

<Transform dim="0"
 xcoef=" 0 1 0 0 0 0"
 ycoef=" 0 0 1 0 0 0">
<Contour name="D66" hidden="false" closed="true" simplified="true" border="0 0 1" fill="0 0 1" mode="11"
 points="15.8745 8.63569,
	15.8636 8.63455,
	15.8517 8.62341,
	15.8506 8.61339,
	15.8601 8.60489,
	15.8706 8.60645,
	15.8826 8.61768,
	15.884 8.62728,
	"/>
</Transform>

<Transform dim="0"
 xcoef=" 0 1 0 0 0 0"
 ycoef=" 0 0 1 0 0 0">
<Contour name="D04" hidden="false" closed="true" simplified="true" border="1 0 0" fill="1 0 0" mode="11"
 points="10.2156 10.8155,
	10.2001 10.81,
	10.1876 10.7996,
	10.176 10.7679,
	10.178 10.7498,
	10.1853 10.7325,
	10.1971 10.7178,
	10.203 10.7135,
	10.2042 10.7121,
	10.2194 10.7013,
	10.2365 10.6956,
	10.2535 10.6956,
	10.269 10.701,
	10.2813 10.7116,
	10.2894 10.7261,
	10.2923 10.7432,
	10.29 10.7613,
	10.2825 10.7785,
	10.2707 10.7933,
	10.265 10.7974,
	10.264 10.7987,
	10.2491 10.8096,
	10.2325 10.8153,
	"/>
</Transform>

<Transform dim="0"
 xcoef=" 0 1 0 0 0 0"
 ycoef=" 0 0 1 0 0 0">
<Contour name="D54" hidden="false" closed="true" simplified="true" border="0 1 0" fill="0 1 0" mode="11"
 points="4.39246 8.86853,
	4.39072 8.80948,
	4.33206 8.82018,
	4.33129 8.76066,
	4.38944 8.75033,
	4.3896 8.69052,
	4.44874 8.68035,
	4.44861 8.73976,
	4.5095 8.72961,
	4.511 8.78825,
	4.45011 8.79855,
	4.45229 8.8573,
	"/>
</Transform>

<Transform dim="0"
 xcoef=" 0 1 0 0 0 0"
 ycoef=" 0 0 1 0 0 0">
<Contour name="D37" hidden="false" closed="true" simplified="true" border="1 0 0" fill="1 0 0" mode="11"
 points="8.97529 11.3473,
	8.96522 11.3246,
	8.9443 11.341,
	8.95677 11.3172,
	8.9329 11.3103,
	8.95494 11.3015,
	8.93693 11.2783,
	8.96157 11.2932,
	8.96628 11.2687,
	8.97636 11.2923,
	8.99656 11.2748,
	8.98464 11.2998,
	9.0073 11.3062,
	8.98645 11.3155,
	9.00371 11.338,
	8.98 11.3238,
	"/>
</Transform>

<Transform dim="0"
 xcoef=" 0 1 0 0 0 0"
 ycoef=" 0 0 1 0 0 0">
<Contour name="d35sp06" hidden="false" closed="true" simplified="true" border="1 0 0" fill="1 0 0" mode="11"
 points="12.9143 9.09714,
	12.8968 9.09005,
	12.8883 9.08655,
	12.8842 9.08517,
	12.8475 9.05103,
	12.8392 9.04137,
	12.825 9.01996,
	12.818 9.00924,
	12.8124 8.99867,
	12.803 8.97736,
	12.7936 8.95613,
	12.7888 8.94549,
	12.7678 8.90326,
	12.7558 8.8823,
	12.7492 8.87395,
	12.7458 8.86941,
	12.7319 8.85761,
	12.7247 8.85486,
	12.7095 8.85217,
	12.7056 8.85118,
	12.7052 8.85052,
	12.721 8.82846,
	12.7287 8.81753,
	12.7321 8.81181,
	12.7501 8.76682,
	12.7611 8.72236,
	12.7625 8.71679,
	12.7635 8.70578,
	12.7642 8.70299,
	12.7787 8.74568,
	12.7892 8.76676,
	12.7917 8.77202,
	12.814 8.79362,
	12.8374 8.81218,
	12.8436 8.81641,
	12.8717 8.82429,
	12.8754 8.82531,
	12.908 8.82474,
	12.9252 8.83183,
	12.9341 8.83566,
	12.9711 8.8669,
	13.0058 8.90537,
	13.0239 8.92466,
	13.0355 8.9445,
	13.0382 8.94948,
	13.0367 8.97033,
	13.0362 8.97295,
	13.0231 8.99508,
	13.0105 9.01796,
	13.004 9.02959,
	12.9882 9.04714,
	12.9846 9.05176,
	12.9691 9.06425,
	12.9542 9.07572,
	12.9472 9.08195,
	12.9439 9.08547,
	12.9291 9.09261,
	12.9257 9.09481,
	"/>
</Transform>

<Transform dim="0"
 xcoef=" 0 1 0 0 0 0"
 ycoef=" 0 0 1 0 0 0">
<Contour name="d02sp04" hidden="false" closed="true" simplified="true" border="1 0 0" fill="1 0 0" mode="11"
 points="11.5072 8.78499,
	11.4825 8.78153,
	11.4764 8.78059,
	11.4734 8.77973,
	11.4641 8.76949,
	11.4606 8.76409,
	11.4591 8.75207,
	11.4589 8.7459,
	11.4589 8.74513,
	11.4591 8.74432,
	11.4622 8.73119,
	11.4635 8.72468,
	11.4707 8.71061,
	11.4743 8.70356,
	11.4854 8.68861,
	11.4913 8.68105,
	11.5046 8.66888,
	11.5305 8.64886,
	11.5562 8.63098,
	11.5626 8.62682,
	11.5752 8.61555,
	11.5878 8.60674,
	11.6127 8.59333,
	11.6189 8.59024,
	11.6311 8.58782,
	11.6342 8.58665,
	11.659 8.59075,
	11.6714 8.59645,
	11.6746 8.59822,
	11.6865 8.61993,
	11.6938 8.64219,
	11.6945 8.64351,
	11.6874 8.66775,
	11.6824 8.68011,
	11.6799 8.6863,
	11.6691 8.69962,
	11.6426 8.72245,
	11.6358 8.72813,
	11.6325 8.73095,
	11.5793 8.75837,
	11.5526 8.77125,
	11.5394 8.77739,
	11.5136 8.78426,
	"/>
</Transform>

<Transform dim="0"
 xcoef=" 0 1 0 0 0 0"
 ycoef=" 0 0 1 0 0 0">
<Contour name="d06sp05" hidden="false" closed="true" simplified="true" border="1 0 0" fill="1 0 0" mode="11"
 points="12.4442 10.5682,
	12.4342 10.5674,
	12.4317 10.567,
	12.4225 10.5593,
	12.4124 10.551,
	12.4074 10.5485,
	12.4049 10.547,
	12.3855 10.5456,
	12.3663 10.5457,
	12.3477 10.544,
	12.3294 10.5411,
	12.3204 10.5381,
	12.3117 10.534,
	12.3072 10.5314,
	12.2986 10.5238,
	12.298 10.5232,
	12.2991 10.5226,
	12.3165 10.5274,
	12.3345 10.531,
	12.3527 10.5316,
	12.3714 10.5299,
	12.3809 10.5292,
	12.4196 10.5183,
	12.4295 10.5146,
	12.4393 10.5097,
	12.479 10.4838,
	12.484 10.4805,
	12.4859 10.4792,
	12.4866 10.4803,
	12.4805 10.499,
	12.477 10.5085,
	12.4721 10.5181,
	12.4661 10.5278,
	12.462 10.5373,
	12.4571 10.5561,
	12.4566 10.5584,
	12.4529 10.5633,
	12.4505 10.5659,
	12.4493 10.5671,
	"/>
</Transform>

<Transform dim="0"
 xcoef=" 0 1 0 0 0 0"
 ycoef=" 0 0 1 0 0 0">
<Contour name="d06sp02" hidden="false" closed="true" simplified="true" border="1 0 0" fill="1 0 0" mode="11"
 points="11.9119 10.39,
	11.9049 10.3896,
	11.8981 10.3853,
	11.8947 10.3831,
	11.8811 10.3651,
	11.8736 10.3447,
	11.8688 10.3237,
	11.8672 10.3186,
	11.866 10.297,
	11.8675 10.275,
	11.8718 10.2527,
	11.8735 10.231,
	11.8676 10.1902,
	11.8677 10.1697,
	11.8696 10.1493,
	11.8815 10.108,
	11.8881 10.0876,
	11.8918 10.0775,
	11.8948 10.0585,
	11.8954 10.0407,
	11.8915 10.0056,
	11.8887 9.98829,
	11.8876 9.95401,
	11.8851 9.9203,
	11.8802 9.88709,
	11.8774 9.8711,
	11.867 9.83997,
	11.8521 9.8098,
	11.8476 9.80242,
	11.8356 9.78807,
	11.8291 9.78098,
	11.809 9.75233,
	11.8038 9.74524,
	11.8016 9.74165,
	11.7983 9.72696,
	11.7981 9.72604,
	11.8021 9.71097,
	11.8032 9.70358,
	11.8165 9.67407,
	11.8195 9.66685,
	11.823 9.66407,
	11.8522 9.65434,
	11.8671 9.65123,
	11.8745 9.64923,
	11.8891 9.64177,
	11.9041 9.63939,
	11.9342 9.63945,
	11.9945 9.65394,
	12.0256 9.66108,
	12.0573 9.66707,
	12.0896 9.67631,
	12.0937 9.67812,
	12.1102 9.69144,
	12.1165 9.69933,
	12.1322 9.71034,
	12.1406 9.71547,
	12.1508 9.74869,
	12.1518 9.78197,
	12.1548 9.81544,
	12.1561 9.83222,
	12.1544 9.84871,
	12.1534 9.85276,
	12.1535 9.85487,
	12.1375 9.86859,
	12.1183 9.89958,
	12.1122 9.90722,
	12.0958 9.9212,
	12.0876 9.92884,
	12.0835 9.93272,
	12.072 9.9487,
	12.0622 9.96506,
	12.0551 9.98193,
	12.0513 9.9905,
	12.0387 10.0064,
	12.0229 10.0181,
	12.01 10.0345,
	11.9988 10.0522,
	11.9895 10.0701,
	11.9842 10.0791,
	11.9769 10.0882,
	11.9726 10.0928,
	11.9574 10.1044,
	11.9529 10.1137,
	11.9517 10.1183,
	11.954 10.1275,
	11.9536 10.1463,
	11.9477 10.1665,
	11.9458 10.208,
	11.9448 10.2293,
	11.9443 10.2401,
	11.944 10.2455,
	11.9494 10.2665,
	11.951 10.2717,
	11.9518 10.2935,
	11.9498 10.3157,
	11.9484 10.3268,
	11.9421 10.3495,
	11.9333 10.3723,
	11.9188 10.3877,
	"/>
</Transform>

<Transform dim="0"
 xcoef=" 0 1 0 0 0 0"
 ycoef=" 0 0 1 0 0 0">
<Contour name="d35sp10" hidden="false" closed="true" simplified="true" border="1 0 0" fill="1 0 0" mode="11"
 points="13.5295 7.72012,
	13.52 7.71979,
	13.5152 7.71964,
	13.4761 7.69278,
	13.4495 7.65556,
	13.4382 7.61586,
	13.4352 7.60599,
	13.4314 7.56583,
	13.43 7.54584,
	13.43 7.54458,
	13.4298 7.54333,
	13.4304 7.50318,
	13.4312 7.48308,
	13.4365 7.46251,
	13.444 7.45553,
	13.4618 7.45007,
	13.4975 7.44514,
	13.5155 7.44564,
	13.5199 7.44514,
	13.5396 7.46253,
	13.5702 7.49719,
	13.5965 7.53128,
	13.6248 7.56433,
	13.6287 7.58241,
	13.6317 7.59126,
	13.6305 7.62925,
	13.6289 7.63911,
	13.6214 7.65986,
	13.6194 7.66512,
	13.6025 7.68355,
	13.585 7.69887,
	13.5669 7.71213,
	13.5484 7.71803,
	"/>
</Transform>

<Transform dim="0"
 xcoef=" 0 1 0 0 0 0"
 ycoef=" 0 0 1 0 0 0">
<Contour name="d35sp10" hidden="false" closed="true" simplified="true" border="1 0 0" fill="1 0 0" mode="11"
 points="12.5353 7.58124,
	12.5179 7.58038,
	12.5091 7.57999,
	12.491 7.57149,
	12.4764 7.55253,
	12.4701 7.54304,
	12.4098 7.38771,
	12.3956 7.34856,
	12.3713 7.2697,
	12.3658 7.25004,
	12.3513 7.17103,
	12.351 7.16101,
	12.3509 7.15976,
	12.3508 7.15853,
	12.3516 7.11832,
	12.3522 7.10823,
	12.3678 7.06595,
	12.3754 7.0449,
	12.402 7.00146,
	12.418 6.98556,
	12.4258 6.97752,
	12.4418 6.96726,
	12.4734 6.9494,
	12.4893 6.94053,
	12.521 6.9269,
	12.529 6.92276,
	12.5614 6.91917,
	12.5696 6.91855,
	12.6032 6.93309,
	12.6368 6.95156,
	12.6537 6.96142,
	12.662 6.9666,
	12.6958 6.99734,
	12.7043 7.00571,
	12.7296 7.04173,
	12.7415 7.06034,
	12.7562 7.09984,
	12.7589 7.14267,
	12.7603 7.18731,
	12.7592 7.28219,
	12.7586 7.33099,
	12.7592 7.33689,
	12.7496 7.38786,
	12.7372 7.40925,
	12.6823 7.47978,
	12.6537 7.51219,
	12.6393 7.52787,
	12.6242 7.54066,
	12.5931 7.56054,
	12.5773 7.56898,
	12.5438 7.57909,
	"/>
</Transform>

<Transform dim="0"
 xcoef=" 0 1 0 0 0 0"
 ycoef=" 0 0 1 0 0 0">
<Contour name="d04sp03" hidden="false" closed="true" simplified="true" border="1 0 0" fill="1 0 0" mode="11"
 points="8.70268 11.8971,
	8.70065 11.8949,
	8.69982 11.89,
	8.69973 11.8882,
	8.69968 11.8876,
	8.70263 11.8822,
	8.71179 11.8729,
	8.71675 11.8697,
	8.71924 11.8681,
	8.7243 11.8668,
	8.72941 11.8666,
	8.73463 11.8697,
	8.73608 11.8745,
	8.73564 11.8795,
	8.72644 11.8882,
	8.72151 11.892,
	8.71144 11.8946,
	8.70642 11.8959,
	8.70393 11.8969,
	"/>
</Transform>

<Transform dim="0"
 xcoef=" 0 1 0 0 0 0"
 ycoef=" 0 0 1 0 0 0">
<Contour name="d04sp03" hidden="false" closed="true" simplified="true" border="1 0 0" fill="1 0 0" mode="11"
 points="9.10688 12.022,
	9.05896 12.013,
	9.03538 12.0089,
	9.01191 12.0016,
	9.00598 11.9979,
	9.00109 11.9874,
	8.99938 11.982,
	8.99781 11.9794,
	8.99775 11.978,
	8.9977 11.9774,
	9.00402 11.9331,
	9.01224 11.8884,
	9.01864 11.8658,
	9.02188 11.8545,
	9.02386 11.8488,
	9.04256 11.8253,
	9.0531 11.8136,
	9.05806 11.8079,
	9.06381 11.8041,
	9.06667 11.8019,
	9.07836 11.8001,
	9.13244 11.7993,
	9.14466 11.7966,
	9.19403 11.7914,
	9.21874 11.79,
	9.24329 11.79,
	9.24937 11.7901,
	9.26163 11.7932,
	9.26469 11.7939,
	9.26619 11.7939,
	9.27863 11.8018,
	9.30286 11.8125,
	9.31479 11.8181,
	9.32067 11.8202,
	9.3672 11.8499,
	9.37847 11.8568,
	9.38411 11.8609,
	9.38913 11.8664,
	9.39038 11.8774,
	9.39054 11.8801,
	9.38578 11.8911,
	9.37345 11.9126,
	9.36964 11.9179,
	9.34912 11.938,
	9.33815 11.9463,
	9.33538 11.9489,
	9.28907 11.9741,
	9.27709 11.9805,
	9.26498 11.9836,
	9.24056 11.988,
	9.22827 11.9899,
	9.20361 11.992,
	9.15477 12.0088,
	9.1427 12.0125,
	9.13077 12.0177,
	9.1248 12.0199,
	9.11287 12.0218,
	"/>
</Transform>

<Transform dim="0"
 xcoef=" 0 1 0 0 0 0"
 ycoef=" 0 0 1 0 0 0">
<Contour name="d37sp05" hidden="false" closed="true" simplified="true" border="1 0 0" fill="1 0 0" mode="11"
 points="9.18216 10.8454,
	9.159 10.8411,
	9.15598 10.8386,
	9.14438 10.8365,
	9.12205 10.8258,
	9.11108 10.8172,
	9.09585 10.7971,
	9.09093 10.7922,
	9.0855 10.7821,
	9.0703 10.7621,
	9.04817 10.7436,
	9.02604 10.7031,
	9.002 10.6624,
	8.9896 10.642,
	8.97225 10.6006,
	8.96306 10.5798,
	8.95719 10.5695,
	8.95289 10.5644,
	8.95131 10.5591,
	8.94283 10.5502,
	8.94274 10.5476,
	8.93715 10.5425,
	8.93008 10.5335,
	8.92035 10.5233,
	8.91482 10.5182,
	8.90092 10.4988,
	8.89945 10.4935,
	8.87602 10.4515,
	8.87461 10.4461,
	8.87195 10.4449,
	8.83566 10.361,
	8.83295 10.3502,
	8.83156 10.3448,
	8.82896 10.3423,
	8.82887 10.3368,
	8.82625 10.3343,
	8.8139 10.2914,
	8.81379 10.286,
	8.81108 10.2807,
	8.81095 10.2753,
	8.80265 10.2542,
	8.79686 10.2329,
	8.79413 10.2277,
	8.78957 10.2065,
	8.78724 10.164,
	8.78713 10.143,
	8.78713 10.1403,
	8.7871 10.139,
	8.79228 10.1178,
	8.79492 10.1071,
	8.80804 10.0854,
	8.81723 10.0758,
	8.82121 10.0704,
	8.82513 10.0676,
	8.84506 10.0471,
	8.88637 10.0188,
	8.89049 10.0149,
	8.89309 10.0149,
	8.90385 10.0084,
	8.92517 10.0008,
	8.93048 9.99952,
	8.93594 9.99576,
	8.93856 9.9958,
	8.98207 9.97233,
	9.00387 9.96123,
	9.04643 9.95278,
	9.06801 9.94511,
	9.079 9.93864,
	9.09036 9.92825,
	9.10153 9.92038,
	9.10725 9.91514,
	9.11817 9.91109,
	9.12359 9.90973,
	9.1265 9.90708,
	9.14843 9.90019,
	9.19251 9.87707,
	9.19813 9.87562,
	9.20264 9.87161,
	9.22579 9.86183,
	9.23166 9.85906,
	9.25432 9.85705,
	9.27652 9.8597,
	9.29861 9.8647,
	9.30407 9.86694,
	9.34958 9.87271,
	9.35535 9.87359,
	9.36649 9.87936,
	9.37442 9.8894,
	9.38001 9.91028,
	9.37693 9.95293,
	9.3766 9.95824,
	9.36561 9.96832,
	9.34141 9.97918,
	9.33542 9.98065,
	9.33232 9.98332,
	9.30865 9.98924,
	9.29691 9.99349,
	9.29101 9.99624,
	9.28531 9.99644,
	9.26192 10.0113,
	9.25032 10.0206,
	9.24602 10.0233,
	9.22726 10.0432,
	9.22156 10.0485,
	9.21878 10.0486,
	9.20898 10.0553,
	9.18683 10.0636,
	9.18137 10.0638,
	9.17584 10.0665,
	9.17041 10.0666,
	9.12683 10.0802,
	9.11597 10.0842,
	9.11329 10.0842,
	9.10782 10.088,
	9.08629 10.0944,
	9.07552 10.0982,
	9.07013 10.1006,
	9.06746 10.1006,
	9.06207 10.1043,
	9.05672 10.1056,
	9.04861 10.1117,
	9.02853 10.1227,
	9.02045 10.1326,
	9.01369 10.1525,
	9.0097 10.1724,
	9.01239 10.2546,
	9.01336 10.2757,
	9.01704 10.2968,
	9.02344 10.3181,
	9.02532 10.3289,
	9.0299 10.3396,
	9.03287 10.3449,
	9.03302 10.3477,
	9.04311 10.3582,
	9.04888 10.3635,
	9.07127 10.3696,
	9.11617 10.3715,
	9.12736 10.3701,
	9.13682 10.3646,
	9.13967 10.3646,
	9.16118 10.3512,
	9.17631 10.3312,
	9.1795 10.3207,
	9.18555 10.3102,
	9.18789 10.3049,
	9.19676 10.2945,
	9.20308 10.2867,
	9.20916 10.2763,
	9.21964 10.2672,
	9.22911 10.262,
	9.24025 10.2593,
	9.26329 10.2603,
	9.27509 10.2627,
	9.28114 10.2653,
	9.28434 10.2678,
	9.28724 10.2678,
	9.31254 10.2846,
	9.33551 10.3042,
	9.35562 10.3241,
	9.37821 10.3413,
	9.39974 10.3556,
	9.42375 10.3724,
	9.4433 10.3922,
	9.4597 10.412,
	9.46411 10.4173,
	9.46743 10.4283,
	9.47342 10.439,
	9.47628 10.4416,
	9.48084 10.4524,
	9.48366 10.455,
	9.48379 10.4578,
	9.48939 10.4629,
	9.50359 10.4826,
	9.52026 10.5035,
	9.52984 10.5138,
	9.55115 10.5245,
	9.57212 10.5283,
	9.5826 10.5316,
	9.6238 10.5294,
	9.64414 10.5248,
	9.68477 10.5226,
	9.72527 10.5238,
	9.76596 10.5295,
	9.7762 10.5316,
	9.78131 10.5342,
	9.78646 10.5338,
	9.807 10.5428,
	9.81083 10.5486,
	9.81332 10.5603,
	9.80945 10.5724,
	9.80815 10.5783,
	9.79302 10.6025,
	9.78567 10.6138,
	9.76851 10.6324,
	9.74883 10.6442,
	9.73896 10.6487,
	9.73401 10.6503,
	9.73152 10.6504,
	9.72914 10.6533,
	9.70952 10.6638,
	9.69968 10.6685,
	9.68028 10.6846,
	9.67537 10.6876,
	9.66702 10.6976,
	9.66337 10.7006,
	9.65504 10.7105,
	9.65026 10.7162,
	9.63069 10.7307,
	9.6208 10.7366,
	9.61103 10.7451,
	9.59121 10.7579,
	9.5711 10.7678,
	9.56089 10.7708,
	9.55846 10.7734,
	9.55587 10.7735,
	9.55342 10.7762,
	9.54314 10.779,
	9.50134 10.7808,
	9.49086 10.7809,
	9.48018 10.7784,
	9.45911 10.7784,
	9.41732 10.7918,
	9.40686 10.7966,
	9.36394 10.8057,
	9.34223 10.8127,
	9.33124 10.8151,
	9.32855 10.8175,
	9.28412 10.8297,
	9.27848 10.8297,
	9.26725 10.8335,
	9.24461 10.8363,
	9.23332 10.839,
	9.2277 10.8416,
	9.205 10.8447,
	"/>
</Transform>

<Transform dim="0"
 xcoef=" 0 1 0 0 0 0"
 ycoef=" 0 0 1 0 0 0">
<Contour name="d20sph06" hidden="false" closed="true" simplified="true" border="1 0 0" fill="1 0 0" mode="11"
 points="9.49683 7.27554,
	9.48545 7.27173,
	9.4634 7.25495,
	9.45314 7.24568,
	9.45061 7.24002,
	9.44935 7.23716,
	9.45015 7.22527,
	9.45019 7.22452,
	9.45457 7.21236,
	9.46177 7.20001,
	9.47382 7.1909,
	9.48567 7.18328,
	9.49091 7.17704,
	9.49386 7.17392,
	9.50546 7.16716,
	9.51691 7.16253,
	9.51977 7.16156,
	9.531 7.16608,
	9.53662 7.16905,
	9.54701 7.17856,
	9.55809 7.1838,
	9.56086 7.18493,
	9.56906 7.19534,
	9.57108 7.19799,
	9.57291 7.20906,
	9.57135 7.2149,
	9.57055 7.21783,
	9.55954 7.23047,
	9.55043 7.24304,
	9.54512 7.24876,
	9.52114 7.26272,
	9.50883 7.27173,
	"/>
</Transform>

<Transform dim="0"
 xcoef=" 0 1 0 0 0 0"
 ycoef=" 0 0 1 0 0 0">
<Contour name="d20sp06" hidden="false" closed="true" simplified="true" border="1 0 0" fill="1 0 0" mode="11"
 points="9.49683 7.27554,
	9.48545 7.27173,
	9.4634 7.25495,
	9.45314 7.24568,
	9.45061 7.24002,
	9.44935 7.23716,
	9.45015 7.22527,
	9.45019 7.22452,
	9.45457 7.21236,
	9.46177 7.20001,
	9.47382 7.1909,
	9.48567 7.18328,
	9.49091 7.17704,
	9.49386 7.17392,
	9.50546 7.16716,
	9.51691 7.16253,
	9.51977 7.16156,
	9.531 7.16608,
	9.53662 7.16905,
	9.54701 7.17856,
	9.55809 7.1838,
	9.56086 7.18493,
	9.56906 7.19534,
	9.57108 7.19799,
	9.57291 7.20906,
	9.57135 7.2149,
	9.57055 7.21783,
	9.55954 7.23047,
	9.55043 7.24304,
	9.54512 7.24876,
	9.52114 7.26272,
	9.50883 7.27173,
	"/>
</Transform>

<Transform dim="0"
 xcoef=" 0 1 0 0 0 0"
 ycoef=" 0 0 1 0 0 0">
<Contour name="d02sp07" hidden="false" closed="true" simplified="true" border="1 0 0" fill="1 0 0" mode="11"
 points="11.0387 11.0151,
	11.0169 11.0138,
	10.9951 11.0106,
	10.9733 11.0061,
	10.9623 11.0039,
	10.918 10.9832,
	10.8953 10.9672,
	10.8737 10.9468,
	10.865 10.9366,
	10.8606 10.9266,
	10.8598 10.9174,
	10.8598 10.9167,
	10.8627 10.9119,
	10.8642 10.9095,
	10.8878 10.8925,
	10.8998 10.8856,
	10.9057 10.8822,
	10.9087 10.8811,
	10.9147 10.882,
	10.9176 10.8821,
	10.9408 10.9022,
	10.9464 10.9074,
	10.954 10.9178,
	10.963 10.9284,
	10.9843 10.9482,
	10.9952 10.9567,
	11.0006 10.961,
	11.0223 10.9725,
	11.0277 10.9756,
	11.0385 10.9799,
	11.0604 10.9851,
	11.082 10.9917,
	11.0872 10.9941,
	11.0898 10.9957,
	11.0911 10.9964,
	11.0913 11.0016,
	11.0909 11.0042,
	11.0877 11.0091,
	11.0827 11.0118,
	11.0606 11.0151,
	"/>
</Transform>

<Transform dim="0"
 xcoef=" 0 1 0 0 0 0"
 ycoef=" 0 0 1 0 0 0">
<Contour name="d02sp07" hidden="false" closed="true" simplified="true" border="1 0 0" fill="1 0 0" mode="11"
 points="11.1149 10.22,
	11.0848 10.2195,
	11.0772 10.2196,
	11.0471 10.2133,
	11.0395 10.2096,
	11.0358 10.2063,
	11.0348 10.2055,
	11.0348 10.2046,
	11.042 10.1736,
	11.0578 10.1411,
	11.0673 10.1246,
	11.0811 10.0923,
	11.0919 10.0603,
	11.0956 10.0447,
	11.0979 10.037,
	11.0993 10.022,
	11.1007 10.0144,
	11.0943 9.98561,
	11.0891 9.97151,
	11.0829 9.943,
	11.0791 9.92891,
	11.0725 9.87249,
	11.0707 9.85873,
	11.0702 9.85529,
	11.0562 9.82984,
	11.0349 9.80599,
	11.0229 9.79439,
	11.0206 9.79221,
	11.0213 9.79128,
	11.0859 9.817,
	11.1166 9.8279,
	11.1464 9.83666,
	11.1755 9.84316,
	11.204 9.84726,
	11.2183 9.84981,
	11.2464 9.8506,
	11.2535 9.85151,
	11.2814 9.84889,
	11.3087 9.84107,
	11.3222 9.83585,
	11.3352 9.82713,
	11.3604 9.8052,
	11.3666 9.79993,
	11.3696 9.79685,
	11.3724 9.80377,
	11.378 9.83228,
	11.3815 9.8466,
	11.382 9.90572,
	11.3817 9.91318,
	11.382 9.91686,
	11.3622 9.94859,
	11.3491 9.97962,
	11.3275 10.0413,
	11.3247 10.0492,
	11.3233 10.0531,
	11.3033 10.0856,
	11.2933 10.1018,
	11.2878 10.1099,
	11.262 10.1374,
	11.2355 10.1595,
	11.2087 10.1836,
	11.2019 10.1892,
	11.1737 10.2044,
	11.1665 10.2082,
	11.1373 10.2151,
	11.1224 10.2181,
	"/>
</Transform>

<Transform dim="0"
 xcoef=" 0 1 0 0 0 0"
 ycoef=" 0 0 1 0 0 0">
<Contour name="d06sp04" hidden="false" closed="true" simplified="true" border="1 0 0" fill="1 0 0" mode="11"
 points="13.0068 9.36116,
	12.9942 9.35777,
	12.991 9.35661,
	12.9894 9.35645,
	12.9826 9.3513,
	12.9792 9.34872,
	12.9774 9.3472,
	12.9743 9.34018,
	12.9718 9.33298,
	12.9688 9.31796,
	12.9673 9.31039,
	12.9672 9.30992,
	12.9659 9.30224,
	12.9651 9.29843,
	12.9646 9.29654,
	12.9665 9.27987,
	12.9695 9.2709,
	12.9711 9.26692,
	12.9754 9.26174,
	12.9775 9.25917,
	12.9785 9.25789,
	12.9893 9.25582,
	12.9947 9.25505,
	12.9975 9.2549,
	13.0037 9.25657,
	13.0069 9.25741,
	13.0145 9.26386,
	13.018 9.26714,
	13.0236 9.27403,
	13.0281 9.28112,
	13.0312 9.28848,
	13.0326 9.29215,
	13.0335 9.29396,
	13.0359 9.30933,
	13.0363 9.32496,
	13.0359 9.33287,
	13.0349 9.33699,
	13.026 9.35154,
	13.0237 9.35493,
	13.021 9.35652,
	13.0096 9.36004,
	"/>
</Transform>

<Transform dim="0"
 xcoef=" 0 1 0 0 0 0"
 ycoef=" 0 0 1 0 0 0">
<Contour name="d02sp08" hidden="false" closed="true" simplified="true" border="1 0 0" fill="1 0 0" mode="11"
 points="11.7845 10.8378,
	11.7784 10.8353,
	11.7666 10.8254,
	11.7608 10.8199,
	11.7388 10.7906,
	11.729 10.7588,
	11.7213 10.7274,
	11.7189 10.7118,
	11.7186 10.6808,
	11.7187 10.6653,
	11.7188 10.6643,
	11.7209 10.633,
	11.7243 10.6014,
	11.731 10.5694,
	11.7404 10.5366,
	11.7451 10.52,
	11.7563 10.486,
	11.7703 10.4506,
	11.7922 10.4205,
	11.8146 10.3935,
	11.8203 10.3868,
	11.826 10.3824,
	11.8494 10.3727,
	11.8553 10.3705,
	11.8792 10.3702,
	11.8912 10.3719,
	11.9396 10.3874,
	11.9643 10.396,
	12.0143 10.4183,
	12.0653 10.4429,
	12.1156 10.4776,
	12.1279 10.4856,
	12.1339 10.4906,
	12.137 10.4931,
	12.1393 10.5009,
	12.1408 10.5048,
	12.1429 10.5376,
	12.1427 10.5542,
	12.1344 10.5726,
	12.131 10.5816,
	12.11 10.6191,
	12.0981 10.638,
	12.0876 10.6564,
	12.0754 10.6741,
	12.0692 10.6825,
	12.0661 10.6871,
	12.0407 10.7084,
	12.0149 10.7235,
	12.0021 10.7299,
	11.9958 10.7331,
	11.947 10.7702,
	11.923 10.7861,
	11.9112 10.7949,
	11.8876 10.8151,
	11.8631 10.8219,
	11.8388 10.8214,
	11.8327 10.8204,
	11.8087 10.8301,
	11.7965 10.8355,
	"/>
</Transform>

<Transform dim="0"
 xcoef=" 0 1 0 0 0 0"
 ycoef=" 0 0 1 0 0 0">
<Contour name="d06sph04" hidden="false" closed="true" simplified="true" border="1 0 0" fill="1 0 0" mode="11"
 points="13.0068 9.36116,
	12.9942 9.35777,
	12.991 9.35661,
	12.9894 9.35645,
	12.9826 9.3513,
	12.9792 9.34872,
	12.9774 9.3472,
	12.9743 9.34018,
	12.9718 9.33298,
	12.9688 9.31796,
	12.9673 9.31039,
	12.9672 9.30992,
	12.9659 9.30224,
	12.9651 9.29843,
	12.9646 9.29654,
	12.9665 9.27987,
	12.9695 9.2709,
	12.9711 9.26692,
	12.9754 9.26174,
	12.9775 9.25917,
	12.9785 9.25789,
	12.9893 9.25582,
	12.9947 9.25505,
	12.9975 9.2549,
	13.0037 9.25657,
	13.0069 9.25741,
	13.0145 9.26386,
	13.018 9.26714,
	13.0236 9.27403,
	13.0281 9.28112,
	13.0312 9.28848,
	13.0326 9.29215,
	13.0335 9.29396,
	13.0359 9.30933,
	13.0363 9.32496,
	13.0359 9.33287,
	13.0349 9.33699,
	13.026 9.35154,
	13.0237 9.35493,
	13.021 9.35652,
	13.0096 9.36004,
	"/>
</Transform>

<Transform dim="0"
 xcoef=" 0 1 0 0 0 0"
 ycoef=" 0 0 1 0 0 0">
<Contour name="d20c04" hidden="false" closed="true" simplified="true" border="0 0 1" fill="0 0 1" mode="11"
 points="11.317 7.48629,
	11.3074 7.48469,
	11.288 7.47634,
	11.2831 7.47409,
	11.2735 7.46683,
	11.2643 7.45842,
	11.2582 7.44943,
	11.2533 7.44045,
	11.2509 7.43598,
	11.2496 7.42693,
	11.2496 7.42466,
	11.2495 7.42354,
	11.2496 7.42299,
	11.2549 7.41376,
	11.2596 7.41081,
	11.2621 7.40905,
	11.2715 7.40938,
	11.2811 7.41539,
	11.3003 7.42924,
	11.3099 7.43593,
	11.3292 7.45163,
	11.3338 7.46073,
	11.3358 7.46989,
	11.3347 7.47451,
	11.329 7.48381,
	11.3266 7.48499,
	"/>
</Transform>

<Transform dim="0"
 xcoef=" 0 1 0 0 0 0"
 ycoef=" 0 0 1 0 0 0">
<Contour name="d20c04" hidden="false" closed="true" simplified="true" border="0 0 1" fill="0 0 1" mode="11"
 points="11.1709 7.40257,
	11.1518 7.39614,
	11.1328 7.3887,
	11.1279 7.38575,
	11.1148 7.36882,
	11.106 7.35149,
	11.0995 7.33396,
	11.0959 7.3161,
	11.0943 7.298,
	11.0942 7.28884,
	11.0943 7.2843,
	11.0943 7.28373,
	11.0954 7.27457,
	11.096 7.26997,
	11.0961 7.2677,
	11.1001 7.25828,
	11.1049 7.25334,
	11.1072 7.25086,
	11.1118 7.24821,
	11.1142 7.24689,
	11.119 7.24766,
	11.1285 7.25321,
	11.1339 7.26195,
	11.1361 7.26636,
	11.1415 7.28413,
	11.1457 7.30192,
	11.1476 7.31082,
	11.1536 7.32839,
	11.1577 7.33711,
	11.1637 7.3457,
	11.1726 7.35239,
	11.1773 7.35547,
	11.1869 7.35994,
	11.1965 7.3667,
	11.2013 7.37093,
	11.203 7.37311,
	11.2049 7.37749,
	11.2054 7.38196,
	11.206 7.38416,
	11.2037 7.38877,
	11.1994 7.39293,
	11.1947 7.39597,
	11.1757 7.40108,
	"/>
</Transform>

<Transform dim="0"
 xcoef=" 0 1 0 0 0 0"
 ycoef=" 0 0 1 0 0 0">
<Contour name="d20p04" hidden="false" closed="true" simplified="true" border="1 0 0" fill="1 0 0" mode="11"
 points="11.1557 7.50169,
	11.1418 7.48942,
	11.1554 7.47511,
	11.1691 7.48737,
	"/>
</Transform>

<Transform dim="0"
 xcoef=" 0 1 0 0 0 0"
 ycoef=" 0 0 1 0 0 0">
<Contour name="D56" hidden="false" closed="true" simplified="true" border="0 0 1" fill="0 0 1" mode="11"
 points="1.5891 9.6949,
	1.60031 9.68371,
	1.58786 9.67325,
	1.5878 9.67116,
	1.58774 9.669,
	1.58768 9.66685,
	1.58762 9.66469,
	1.58755 9.66253,
	1.58748 9.66037,
	1.58741 9.65821,
	1.58734 9.65606,
	1.58727 9.6539,
	1.58721 9.6522,
	1.61151 9.67255,
	1.62268 9.66139,
	1.62196 9.69162,
	"/>
</Transform>

<Transform dim="0"
 xcoef=" 0 1 0 0 0 0"
 ycoef=" 0 0 1 0 0 0">
<Contour name="D56" hidden="false" closed="true" simplified="true" border="0 0 1" fill="0 0 1" mode="11"
 points="2.32166 8.11444,
	2.29721 8.08991,
	2.30739 8.07876,
	2.32254 8.09383,
	2.32247 8.0955,
	2.32238 8.09759,
	2.3223 8.0997,
	2.32221 8.10182,
	2.32212 8.10393,
	2.32203 8.10605,
	2.32192 8.10816,
	2.32183 8.11027,
	2.32174 8.11239,
	"/>
</Transform>

<Transform dim="0"
 xcoef=" 0 1 0 0 0 0"
 ycoef=" 0 0 1 0 0 0">
<Contour name="d04sp04" hidden="false" closed="true" simplified="true" border="1 0 0" fill="1 0 0" mode="11"
 points="10.3466 11.6435,
	10.3095 11.6418,
	10.2911 11.6425,
	10.2774 11.6434,
	10.2586 11.6405,
	10.2487 11.6356,
	10.2451 11.6303,
	10.2426 11.625,
	10.2411 11.6143,
	10.2404 11.6095,
	10.2404 11.6089,
	10.2411 11.598,
	10.2408 11.5926,
	10.2549 11.5485,
	10.259 11.5374,
	10.2725 11.5146,
	10.2744 11.5117,
	10.2758 11.5107,
	10.2767 11.5092,
	10.2809 11.5061,
	10.2895 11.502,
	10.2985 11.4999,
	10.303 11.4989,
	10.3053 11.4987,
	10.3152 11.5043,
	10.3203 11.5074,
	10.3413 11.5268,
	10.3518 11.5481,
	10.3611 11.5694,
	10.3636 11.5746,
	10.3715 11.5849,
	10.3757 11.59,
	10.3807 11.6005,
	10.3832 11.6057,
	10.3841 11.6083,
	10.3821 11.6193,
	10.3811 11.6249,
	10.3809 11.6276,
	10.3725 11.6345,
	10.3682 11.6376,
	10.3661 11.6392,
	10.3654 11.6393,
	10.3647 11.6398,
	"/>
</Transform>

<Transform dim="0"
 xcoef=" 0 1 0 0 0 0"
 ycoef=" 0 0 1 0 0 0">
<Contour name="d04sph03a" hidden="false" closed="true" simplified="true" border="1 0 0" fill="1 0 0" mode="11"
 points="8.70268 11.8971,
	8.70065 11.8949,
	8.69982 11.89,
	8.69973 11.8882,
	8.69968 11.8876,
	8.70263 11.8822,
	8.71179 11.8729,
	8.71675 11.8697,
	8.71924 11.8681,
	8.7243 11.8668,
	8.72941 11.8666,
	8.73463 11.8697,
	8.73608 11.8745,
	8.73564 11.8795,
	8.72644 11.8882,
	8.72151 11.892,
	8.71144 11.8946,
	8.70642 11.8959,
	8.70393 11.8969,
	"/>
</Transform>

<Transform dim="0"
 xcoef=" 0 1 0 0 0 0"
 ycoef=" 0 0 1 0 0 0">
<Contour name="d01sp05" hidden="false" closed="true" simplified="true" border="1 0 0" fill="1 0 0" mode="11"
 points="11.4873 9.92622,
	11.4727 9.92609,
	11.469 9.92499,
	11.4614 9.92076,
	11.4575 9.91864,
	11.448 9.90323,
	11.4397 9.88766,
	11.4344 9.87179,
	11.4335 9.86778,
	11.4334 9.86624,
	11.4332 9.86573,
	11.4328 9.84935,
	11.4329 9.84521,
	11.4359 9.82843,
	11.4372 9.82008,
	11.4441 9.8028,
	11.4459 9.79848,
	11.4463 9.79637,
	11.4594 9.78388,
	11.4659 9.77783,
	11.4793 9.76977,
	11.486 9.76574,
	11.5 9.76116,
	11.514 9.75755,
	11.5423 9.75286,
	11.5564 9.75127,
	11.5635 9.7507,
	11.578 9.75158,
	11.5852 9.752,
	11.5888 9.75248,
	11.6041 9.75918,
	11.6059 9.75988,
	11.611 9.76713,
	11.6133 9.77076,
	11.6159 9.78637,
	11.6156 9.79445,
	11.6132 9.81097,
	11.6098 9.81964,
	11.6054 9.82852,
	11.6037 9.83288,
	11.601 9.83693,
	11.5881 9.85003,
	11.5623 9.87835,
	11.5493 9.89204,
	11.546 9.89574,
	11.5326 9.90631,
	11.519 9.9158,
	11.5051 9.92263,
	11.5016 9.92419,
	"/>
</Transform>

<Transform dim="0"
 xcoef=" 0 1 0 0 0 0"
 ycoef=" 0 0 1 0 0 0">
<Contour name="d02c06" hidden="false" closed="true" simplified="true" border="0 0 1" fill="0 0 1" mode="11"
 points="10.5256 9.28762,
	10.5198 9.28711,
	10.5141 9.28487,
	10.5101 9.27863,
	10.5079 9.27214,
	10.5072 9.26886,
	10.5068 9.26723,
	10.5067 9.26681,
	10.5075 9.26337,
	10.5078 9.26168,
	10.5129 9.25446,
	10.5246 9.24406,
	10.5363 9.23497,
	10.5483 9.22671,
	10.5602 9.22006,
	10.5632 9.21812,
	10.5873 9.20848,
	10.5993 9.20493,
	10.6053 9.20333,
	10.6291 9.2002,
	10.6409 9.1983,
	10.6527 9.19786,
	10.6584 9.19954,
	10.6598 9.20004,
	10.6606 9.20595,
	10.6588 9.21865,
	10.6587 9.22019,
	10.6541 9.22722,
	10.6418 9.23602,
	10.6299 9.24204,
	10.6064 9.25113,
	10.5946 9.25582,
	10.5829 9.26368,
	10.577 9.26782,
	10.554 9.28031,
	10.5426 9.28528,
	10.5313 9.28729,
	"/>
</Transform>

<Transform dim="0"
 xcoef=" 0 1 0 0 0 0"
 ycoef=" 0 0 1 0 0 0">
<Contour name="d06sph02" hidden="false" closed="true" simplified="true" border="1 0 0" fill="1 0 0" mode="11"
 points="11.9695 10.0076,
	11.962 10.0062,
	11.9582 10.0047,
	11.9554 10.0047,
	11.9534 10.0032,
	11.9465 10.0001,
	11.9455 9.99911,
	11.9446 9.99915,
	11.9441 9.99807,
	11.9423 9.99814,
	11.9419 9.99708,
	11.9409 9.99712,
	11.9399 9.99607,
	11.9381 9.99613,
	11.9354 9.99411,
	11.9279 9.98904,
	11.9215 9.98343,
	11.9146 9.97682,
	11.9093 9.96922,
	11.9076 9.96722,
	11.9036 9.96017,
	11.9018 9.95612,
	11.9008 9.95256,
	11.8987 9.94903,
	11.8988 9.948,
	11.8954 9.93992,
	11.8942 9.93791,
	11.8931 9.93386,
	11.8922 9.93285,
	11.8897 9.92527,
	11.8869 9.92133,
	11.8851 9.9199,
	11.8802 9.88744,
	11.8775 9.87181,
	11.8673 9.84135,
	11.8529 9.81183,
	11.8489 9.80456,
	11.848 9.80273,
	11.8359 9.78873,
	11.8299 9.78177,
	11.8099 9.75378,
	11.8048 9.74684,
	11.8027 9.74334,
	11.8017 9.74158,
	11.7985 9.72722,
	11.7983 9.72632,
	11.7983 9.72586,
	11.8021 9.71115,
	11.8032 9.70393,
	11.8163 9.67504,
	11.8192 9.66797,
	11.8199 9.66623,
	11.8233 9.66394,
	11.8519 9.65445,
	11.8664 9.65139,
	11.8736 9.64945,
	11.8879 9.64256,
	11.8915 9.64115,
	11.9062 9.63926,
	11.9357 9.6397,
	11.9946 9.65383,
	12.0249 9.66125,
	12.056 9.66665,
	12.0874 9.67612,
	12.0915 9.67739,
	12.0955 9.67964,
	12.1112 9.69274,
	12.1173 9.69996,
	12.1337 9.71124,
	12.1377 9.71375,
	12.1397 9.71476,
	12.1503 9.7472,
	12.1518 9.77974,
	12.1547 9.81246,
	12.1561 9.82887,
	12.1549 9.84503,
	12.1535 9.85303,
	12.1535 9.85507,
	12.1379 9.868,
	12.1191 9.89825,
	12.1132 9.90574,
	12.0977 9.91944,
	12.0821 9.93448,
	12.0708 9.95013,
	12.0617 9.96614,
	12.0549 9.98268,
	12.054 9.98477,
	12.054 9.98532,
	12.0515 9.98519,
	12.0476 9.98662,
	12.0452 9.98917,
	12.0433 9.98964,
	12.0424 9.99067,
	12.0404 9.99113,
	12.0393 9.99109,
	12.0389 9.99215,
	12.038 9.9921,
	12.037 9.99314,
	12.0216 9.99915,
	12.0137 10.0022,
	12.0128 10.0022,
	12.0118 10.0033,
	12.0042 10.0059,
	11.9887 10.0075,
	"/>
</Transform>

<Transform dim="0"
 xcoef=" 0 1 0 0 0 0"
 ycoef=" 0 0 1 0 0 0">
<Contour name="d06p05" hidden="false" closed="true" simplified="true" border="1 0 0" fill="1 0 0" mode="11"
 points="12.393 10.4486,
	12.378 10.434,
	12.3944 10.4175,
	12.4097 10.432,
	"/>
</Transform>

<Transform dim="0"
 xcoef=" 0 1 0 0 0 0"
 ycoef=" 0 0 1 0 0 0">
<Contour name="d37sp04" hidden="false" closed="true" simplified="true" border="1 0 0" fill="1 0 0" mode="11"
 points="8.48657 11.2268,
	8.4637 11.2249,
	8.44086 11.2209,
	8.43516 11.2196,
	8.43225 11.2181,
	8.42661 11.2177,
	8.40373 11.2096,
	8.40092 11.2089,
	8.4001 11.2071,
	8.3944 11.2048,
	8.38859 11.2006,
	8.38709 11.199,
	8.3857 11.199,
	8.36249 11.1811,
	8.35089 11.1714,
	8.33937 11.1634,
	8.32788 11.1569,
	8.32504 11.1568,
	8.30191 11.1463,
	8.29027 11.1404,
	8.28729 11.1377,
	8.28586 11.1376,
	8.28436 11.1358,
	8.27261 11.129,
	8.26963 11.1262,
	8.26816 11.1261,
	8.25704 11.1167,
	8.25109 11.1111,
	8.24814 11.1092,
	8.24517 11.1055,
	8.22291 11.0844,
	8.2126 11.0736,
	8.20749 11.0665,
	8.2054 11.0598,
	8.20483 11.0532,
	8.20492 11.0499,
	8.20494 11.0491,
	8.21053 11.0364,
	8.21833 11.0255,
	8.23044 11.0158,
	8.23649 11.0105,
	8.24246 11.0068,
	8.24546 11.0037,
	8.2573 10.9963,
	8.26893 10.9944,
	8.29183 10.9953,
	8.29751 10.9963,
	8.32019 10.996,
	8.32581 10.996,
	8.33697 11.0002,
	8.33974 11.0019,
	8.34113 11.0019,
	8.35148 11.011,
	8.36176 11.0226,
	8.38024 11.0492,
	8.38299 11.0525,
	8.38299 11.0542,
	8.39268 11.064,
	8.39755 11.0698,
	8.40314 11.0737,
	8.42421 11.0954,
	8.43487 11.1065,
	8.44419 11.1176,
	8.45286 11.127,
	8.46167 11.1389,
	8.48228 11.162,
	8.49126 11.1734,
	8.4958 11.18,
	8.50208 11.1933,
	8.50384 11.2002,
	8.50545 11.2035,
	8.50615 11.2175,
	8.50492 11.2212,
	8.50357 11.2231,
	8.49798 11.2255,
	"/>
</Transform>

<Transform dim="0"
 xcoef=" 0 1 0 0 0 0"
 ycoef=" 0 0 1 0 0 0">
<Contour name="d01endob06_cp" hidden="false" closed="true" simplified="true" border="1 0.501961 0" fill="0 0 0" mode="11"
 points="10.2598 9.79872,
	10.2444 9.79701,
	10.2306 9.79269,
	10.2194 9.78615,
	10.2117 9.77794,
	10.2077 9.764,
	10.2107 9.75464,
	10.2178 9.74605,
	10.2287 9.73885,
	10.2339 9.73689,
	10.2401 9.73273,
	10.2539 9.72729,
	10.2694 9.72416,
	10.2855 9.72364,
	10.3007 9.72575,
	10.314 9.73035,
	10.3243 9.73707,
	10.3309 9.74541,
	10.3333 9.75475,
	10.3313 9.76435,
	10.3251 9.77353,
	10.3152 9.78157,
	10.3052 9.78635,
	10.3034 9.78778,
	10.2905 9.7939,
	10.2754 9.79767,
	"/>
</Transform>

<Transform dim="0"
 xcoef=" 0 1 0 0 0 0"
 ycoef=" 0 0 1 0 0 0">
<Contour name="d37c05" hidden="false" closed="true" simplified="true" border="0 0 1" fill="0 0 1" mode="11"
 points="9.57093 10.5703,
	9.56304 10.5699,
	9.54712 10.5653,
	9.53911 10.5628,
	9.53105 10.5587,
	9.529 10.5568,
	9.52497 10.555,
	9.51682 10.5498,
	9.48527 10.5224,
	9.48157 10.5185,
	9.48049 10.5165,
	9.4784 10.5146,
	9.47569 10.5106,
	9.47281 10.5025,
	9.47162 10.4983,
	9.46671 10.4909,
	9.46499 10.4868,
	9.46224 10.4828,
	9.46103 10.4786,
	9.46041 10.4766,
	9.45937 10.4761,
	9.45763 10.472,
	9.45691 10.4679,
	9.45515 10.4638,
	9.45508 10.4627,
	9.454 10.4617,
	9.4505 10.4451,
	9.45002 10.4366,
	9.44977 10.4324,
	9.44975 10.4319,
	9.44971 10.4314,
	9.4505 10.4271,
	9.45037 10.425,
	9.4522 10.4206,
	9.4531 10.4184,
	9.45649 10.4139,
	9.46045 10.4105,
	9.4686 10.4072,
	9.48311 10.4061,
	9.49159 10.4102,
	9.49214 10.4112,
	9.49423 10.4116,
	9.49802 10.4155,
	9.49905 10.416,
	9.4991 10.417,
	9.50126 10.419,
	9.51108 10.4341,
	9.51698 10.4421,
	9.51702 10.4432,
	9.51964 10.4456,
	9.51969 10.4467,
	9.52649 10.453,
	9.52915 10.4565,
	9.53644 10.4638,
	9.54003 10.4661,
	9.54364 10.4695,
	9.54569 10.4704,
	9.54622 10.4714,
	9.54721 10.4713,
	9.54926 10.4727,
	9.55029 10.4737,
	9.5523 10.474,
	9.55435 10.4754,
	9.55838 10.4767,
	9.56038 10.477,
	9.56192 10.4785,
	9.56996 10.4809,
	9.57194 10.4813,
	9.57293 10.4812,
	9.57346 10.4822,
	9.58143 10.4841,
	9.58542 10.4848,
	9.58643 10.4857,
	9.59436 10.4871,
	9.59834 10.4889,
	9.60032 10.4887,
	9.61613 10.4936,
	9.61814 10.495,
	9.61911 10.4949,
	9.62109 10.4968,
	9.62307 10.4972,
	9.63051 10.5045,
	9.63454 10.5122,
	9.63617 10.5206,
	9.63633 10.5291,
	9.63545 10.5335,
	9.6345 10.5346,
	9.63177 10.5434,
	9.63084 10.5456,
	9.62756 10.5496,
	9.62521 10.5535,
	9.61858 10.5609,
	9.61089 10.5646,
	9.60995 10.5658,
	9.6022 10.5679,
	9.58661 10.5697,
	"/>
</Transform>

<Transform dim="0"
 xcoef=" 0 1 0 0 0 0"
 ycoef=" 0 0 1 0 0 0">
<Contour name="d37c05" hidden="false" closed="true" simplified="true" border="0 0 1" fill="0 0 1" mode="11"
 points="9.18897 10.4994,
	9.16453 10.497,
	9.1584 10.4963,
	9.14603 10.492,
	9.13986 10.49,
	9.12749 10.4838,
	9.11509 10.4763,
	9.09105 10.4677,
	9.08809 10.4671,
	9.08658 10.4657,
	9.07475 10.4619,
	9.06299 10.4567,
	9.05711 10.4541,
	9.0337 10.4383,
	9.01285 10.4247,
	9.00215 10.4161,
	8.98152 10.3956,
	8.98075 10.3929,
	8.97579 10.3876,
	8.968 10.3768,
	8.96795 10.3754,
	8.96518 10.3728,
	8.95943 10.362,
	8.95734 10.3593,
	8.9573 10.3579,
	8.9552 10.3552,
	8.95443 10.3525,
	8.95234 10.3498,
	8.95016 10.3444,
	8.94875 10.3417,
	8.94871 10.3403,
	8.94662 10.3376,
	8.94294 10.3267,
	8.94157 10.3254,
	8.93556 10.3036,
	8.93074 10.2599,
	8.92863 10.2383,
	8.92785 10.2168,
	8.92748 10.206,
	8.92746 10.2054,
	8.92874 10.184,
	8.93312 10.1629,
	8.93638 10.1525,
	8.94965 10.1318,
	8.95368 10.1267,
	8.95503 10.1241,
	8.96509 10.1158,
	8.97518 10.1089,
	8.97989 10.1058,
	8.98123 10.1058,
	8.9826 10.1046,
	8.98526 10.104,
	8.98658 10.104,
	8.98797 10.1027,
	8.99867 10.101,
	9.0201 10.1008,
	9.06308 10.1027,
	9.08464 10.1041,
	9.09547 10.1041,
	9.1063 10.1059,
	9.1117 10.1078,
	9.11709 10.111,
	9.11908 10.1161,
	9.12033 10.1262,
	9.11892 10.1313,
	9.11547 10.1364,
	9.11408 10.1383,
	9.10316 10.1478,
	9.0936 10.1579,
	9.09089 10.1604,
	9.0875 10.1654,
	9.08347 10.1755,
	9.08191 10.1958,
	9.08228 10.206,
	9.08653 10.2266,
	9.08735 10.2291,
	9.08739 10.2304,
	9.08957 10.233,
	9.09038 10.2356,
	9.09981 10.2452,
	9.10556 10.2498,
	9.10846 10.2524,
	9.11921 10.2589,
	9.12057 10.2589,
	9.14376 10.2726,
	9.14828 10.2765,
	9.14966 10.2765,
	9.15948 10.2851,
	9.18256 10.305,
	9.18423 10.3077,
	9.19458 10.3177,
	9.19868 10.3224,
	9.2004 10.3252,
	9.20055 10.3265,
	9.20207 10.3272,
	9.21246 10.349,
	9.21588 10.3599,
	9.22722 10.4492,
	9.22836 10.4604,
	9.22799 10.4716,
	9.22777 10.4772,
	9.22356 10.4882,
	9.21872 10.493,
	9.21295 10.4964,
	9.20106 10.4989,
	"/>
</Transform>

<Transform dim="0"
 xcoef=" 0 1 0 0 0 0"
 ycoef=" 0 0 1 0 0 0">
<Contour name="d34p06" hidden="false" closed="true" simplified="true" border="1 0 0" fill="1 0 0" mode="11"
 points="4.97901 11.3427,
	4.96575 11.3305,
	4.97789 11.317,
	4.99112 11.3294,
	"/>
</Transform>

<Transform dim="0"
 xcoef=" 0 1 0 0 0 0"
 ycoef=" 0 0 1 0 0 0">
<Contour name="d34c06" hidden="false" closed="true" simplified="true" border="0 0 1" fill="0 0 1" mode="11"
 points="4.93006 11.2787,
	4.91652 11.2774,
	4.91482 11.2775,
	4.91308 11.2758,
	4.90971 11.276,
	4.89601 11.2712,
	4.88992 11.266,
	4.88712 11.2589,
	4.88663 11.2442,
	4.8865 11.2405,
	4.88648 11.2396,
	4.88881 11.2321,
	4.89952 11.2177,
	4.90286 11.2147,
	4.90962 11.2117,
	4.9368 11.2099,
	4.99061 11.2113,
	5.01723 11.2105,
	5.04044 11.2106,
	5.04379 11.2124,
	5.05044 11.2134,
	5.06306 11.2214,
	5.06821 11.2285,
	5.07079 11.232,
	5.07182 11.2391,
	5.07193 11.2426,
	5.06486 11.2559,
	5.05843 11.2629,
	5.05198 11.2682,
	5.03879 11.2728,
	5.03719 11.2745,
	5.02389 11.2764,
	"/>
</Transform>

<Transform dim="0"
 xcoef=" 0 1 0 0 0 0"
 ycoef=" 0 0 1 0 0 0">
<Contour name="d37cfa05" hidden="false" closed="true" simplified="true" border="0 1 0" fill="0 1 0" mode="11"
 points="9.18804 10.4758,
	9.17565 10.475,
	9.15041 10.4669,
	9.14409 10.4641,
	9.13788 10.4627,
	9.11289 10.4508,
	9.10666 10.4473,
	9.10516 10.4473,
	9.1036 10.4459,
	9.1021 10.446,
	9.0777 10.4337,
	9.07169 10.431,
	9.06865 10.429,
	9.0672 10.429,
	9.04339 10.4164,
	9.03751 10.4138,
	9.03527 10.4117,
	9.03238 10.4111,
	9.00902 10.3958,
	8.99814 10.3871,
	8.99303 10.3817,
	8.97971 10.3596,
	8.97744 10.354,
	8.96428 10.3319,
	8.95397 10.3106,
	8.94571 10.2885,
	8.9456 10.2857,
	8.94417 10.2829,
	8.93999 10.2608,
	8.9377 10.2168,
	8.93759 10.214,
	8.93757 10.2133,
	8.93754 10.2127,
	8.93917 10.2017,
	8.94591 10.1798,
	8.94792 10.1771,
	8.9519 10.1665,
	8.9519 10.1651,
	8.95324 10.1638,
	8.95661 10.1533,
	8.96139 10.1428,
	8.96139 10.1414,
	8.96276 10.1401,
	8.96346 10.1375,
	8.9717 10.1284,
	8.98268 10.1201,
	8.99363 10.117,
	8.99911 10.1164,
	9.00184 10.1165,
	9.02318 10.1103,
	9.02866 10.1104,
	9.03069 10.1124,
	9.03133 10.115,
	9.02987 10.1202,
	9.02355 10.1304,
	9.02148 10.133,
	9.01937 10.1381,
	9.01867 10.1407,
	9.01657 10.1433,
	9.01102 10.1639,
	9.01045 10.2059,
	9.00986 10.2272,
	9.01239 10.2704,
	9.01334 10.2758,
	9.0129 10.2813,
	9.01549 10.2923,
	9.01783 10.2977,
	9.02045 10.3088,
	9.02851 10.3309,
	9.02935 10.3336,
	9.02941 10.335,
	9.03084 10.3357,
	9.03492 10.3468,
	9.03734 10.3524,
	9.04115 10.3579,
	9.04634 10.3627,
	9.05729 10.3673,
	9.06015 10.3679,
	9.06167 10.3692,
	9.06746 10.3705,
	9.11373 10.3703,
	9.11956 10.3702,
	9.14237 10.3624,
	9.15303 10.3583,
	9.15867 10.3555,
	9.15988 10.3527,
	9.16122 10.3513,
	9.16169 10.3485,
	9.16798 10.3375,
	9.1758 10.3272,
	9.1804 10.3218,
	9.18234 10.3191,
	9.18366 10.3177,
	9.18652 10.3171,
	9.18954 10.3178,
	9.19115 10.3191,
	9.1932 10.3246,
	9.19496 10.3274,
	9.20103 10.3496,
	9.2131 10.4406,
	9.21462 10.4635,
	9.21134 10.4691,
	9.20625 10.4726,
	9.20029 10.4746,
	"/>
</Transform>

<Transform dim="0"
 xcoef=" 0 1 0 0 0 0"
 ycoef=" 0 0 1 0 0 0">
<Contour name="d37sah05" hidden="false" closed="true" simplified="true" border="1 0 0" fill="1 0 0" mode="11"
 points="9.25247 10.7464,
	9.23644 10.7463,
	9.23569 10.7326,
	9.21953 10.7325,
	9.21872 10.7187,
	9.23492 10.7188,
	9.23413 10.7049,
	9.25025 10.705,
	9.25102 10.7189,
	9.26694 10.719,
	9.26767 10.7328,
	9.25175 10.7326,
	"/>
</Transform>

<Transform dim="0"
 xcoef=" 0 1 0 0 0 0"
 ycoef=" 0 0 1 0 0 0">
<Contour name="d01p07" hidden="false" closed="true" simplified="true" border="1 0 0" fill="1 0 0" mode="11"
 points="10.2516 9.73733,
	10.264 9.72289,
	10.254 9.70853,
	10.2607 9.70846,
	10.2687 9.7208,
	10.274 9.71421,
	10.2654 9.70208,
	10.2721 9.70197,
	10.2773 9.70994,
	10.2786 9.70827,
	10.285 9.70818,
	10.2901 9.70168,
	10.2968 9.70157,
	10.2845 9.7163,
	10.2944 9.73064,
	10.2878 9.73073,
	10.2799 9.71844,
	10.2746 9.72511,
	10.2829 9.73713,
	10.2762 9.7372,
	10.2712 9.72934,
	10.2699 9.73095,
	10.2634 9.73101,
	10.2583 9.73731,
	"/>
</Transform>

<Transform dim="0"
 xcoef=" 0 1 0 0 0 0"
 ycoef=" 0 0 1 0 0 0">
<Contour name="d06cfa02" hidden="false" closed="true" simplified="true" border="0 1 0" fill="0 1 0" mode="11"
 points="11.9907 9.70576,
	11.9788 9.70562,
	11.9675 9.70523,
	11.9561 9.70386,
	11.9447 9.70049,
	11.939 9.6988,
	11.9277 9.69715,
	11.9165 9.69613,
	11.9053 9.69578,
	11.894 9.69642,
	11.8718 9.69935,
	11.8607 9.70067,
	11.8551 9.70065,
	11.8494 9.69994,
	11.8434 9.69717,
	11.8421 9.6945,
	11.8412 9.69318,
	11.8411 9.69283,
	11.8412 9.6925,
	11.8427 9.68695,
	11.845 9.6814,
	11.8463 9.67865,
	11.8496 9.67308,
	11.8515 9.6703,
	11.8521 9.66894,
	11.8616 9.65819,
	11.8671 9.65432,
	11.8897 9.64445,
	11.8954 9.64256,
	11.8983 9.64177,
	11.9099 9.64088,
	11.9156 9.64025,
	11.9272 9.64093,
	11.9331 9.64124,
	11.9389 9.64254,
	11.9621 9.64982,
	11.9854 9.6554,
	11.9969 9.65848,
	12.021 9.66449,
	12.0332 9.66788,
	12.0454 9.67057,
	12.0578 9.67444,
	12.0608 9.67541,
	12.0625 9.67609,
	12.0637 9.6775,
	12.0633 9.68043,
	12.0623 9.68336,
	12.0563 9.68935,
	12.0504 9.69274,
	12.0473 9.69459,
	12.0353 9.69732,
	12.0113 9.70159,
	11.9994 9.70388,
	11.9936 9.70503,
	"/>
</Transform>

<Transform dim="0"
 xcoef=" 0 1 0 0 0 0"
 ycoef=" 0 0 1 0 0 0">
<Contour name="d06c02" hidden="false" closed="true" simplified="true" border="0 0 1" fill="0 0 1" mode="11"
 points="12.0051 9.71241,
	11.989 9.7121,
	11.9728 9.71009,
	11.942 9.70587,
	11.9115 9.70538,
	11.8811 9.70582,
	11.8658 9.70624,
	11.8503 9.70481,
	11.8423 9.70151,
	11.8403 9.70021,
	11.8373 9.68539,
	11.8366 9.67799,
	11.8364 9.67704,
	11.8364 9.67658,
	11.8378 9.66172,
	11.839 9.65429,
	11.8419 9.64685,
	11.8426 9.64498,
	11.85 9.63835,
	11.8656 9.63018,
	11.8734 9.62765,
	11.8893 9.62437,
	11.8973 9.6227,
	11.9133 9.62107,
	11.9294 9.62245,
	11.9454 9.62505,
	12.0092 9.64064,
	12.0425 9.64864,
	12.0508 9.65108,
	12.0593 9.65454,
	12.0635 9.65775,
	12.0668 9.66156,
	12.069 9.66544,
	12.0697 9.67339,
	12.0678 9.68145,
	12.0622 9.68957,
	12.0541 9.69571,
	12.0501 9.69873,
	12.0337 9.70631,
	12.0255 9.70932,
	12.0216 9.7108,
	"/>
</Transform>

<Transform dim="0"
 xcoef=" 0 1 0 0 0 0"
 ycoef=" 0 0 1 0 0 0">
<Contour name="d02san07" hidden="false" closed="true" simplified="true" border="1 0 0" fill="1 0 0" mode="11"
 points="11.2851 9.95317,
	11.2844 9.94174,
	11.2734 9.94309,
	11.2727 9.93168,
	11.2836 9.93034,
	11.2827 9.91895,
	11.2936 9.91765,
	11.2944 9.92906,
	11.3052 9.92778,
	11.3061 9.93919,
	11.2951 9.94047,
	11.2959 9.95189,
	"/>
</Transform>

<Transform dim="0"
 xcoef=" 0 1 0 0 0 0"
 ycoef=" 0 0 1 0 0 0">
<Contour name="d02c08" hidden="false" closed="true" simplified="true" border="0 0 1" fill="0 0 1" mode="11"
 points="11.8874 10.8189,
	11.8822 10.8142,
	11.88 10.8076,
	11.8793 10.806,
	11.8792 10.8055,
	11.8792 10.8051,
	11.8815 10.7913,
	11.8877 10.7772,
	11.8895 10.7736,
	11.8988 10.7612,
	11.9178 10.745,
	11.937 10.7294,
	11.9466 10.7213,
	11.9866 10.6971,
	11.9968 10.6908,
	12.0072 10.6865,
	12.0125 10.6844,
	12.0232 10.6821,
	12.0285 10.6807,
	12.034 10.6801,
	12.0395 10.6819,
	12.0423 10.6827,
	12.0441 10.6852,
	12.0466 10.6913,
	12.0479 10.6943,
	12.0484 10.6975,
	12.0488 10.6991,
	12.0483 10.7057,
	12.0477 10.7091,
	12.0428 10.7158,
	12.0377 10.7213,
	12.017 10.737,
	11.9763 10.7658,
	11.9369 10.7947,
	11.9271 10.8025,
	11.9174 10.8094,
	11.9125 10.8129,
	11.91 10.8145,
	11.9 10.8178,
	11.895 10.8187,
	11.89 10.8187,
	"/>
</Transform>

<Transform dim="0"
 xcoef=" 0 1 0 0 0 0"
 ycoef=" 0 0 1 0 0 0">
<Contour name="d01sp07" hidden="false" closed="true" simplified="true" border="1 0 0" fill="1 0 0" mode="11"
 points="10.4201 9.71476,
	10.3922 9.70547,
	10.3852 9.7036,
	10.3568 9.69906,
	10.3282 9.69424,
	10.2993 9.69003,
	10.27 9.68834,
	10.2552 9.68726,
	10.2403 9.68829,
	10.2327 9.6888,
	10.2176 9.69149,
	10.21 9.69279,
	10.1793 9.70254,
	10.1636 9.70873,
	10.1559 9.71119,
	10.1482 9.71282,
	10.1463 9.71322,
	10.1453 9.71322,
	10.1448 9.7128,
	10.1523 9.70661,
	10.1558 9.70331,
	10.1614 9.69666,
	10.168 9.68999,
	10.1706 9.68662,
	10.1739 9.67988,
	10.1775 9.65273,
	10.1795 9.63901,
	10.1796 9.63558,
	10.1824 9.62171,
	10.184 9.61475,
	10.185 9.61125,
	10.1854 9.58326,
	10.185 9.57621,
	10.1836 9.56919,
	10.1816 9.54083,
	10.1801 9.52656,
	10.1796 9.51938,
	10.179 9.51579,
	10.1794 9.50857,
	10.1798 9.50493,
	10.1798 9.50313,
	10.1831 9.49577,
	10.185 9.4921,
	10.1902 9.48465,
	10.1972 9.47805,
	10.2048 9.47278,
	10.2078 9.47107,
	10.2151 9.46605,
	10.2304 9.45717,
	10.2381 9.45345,
	10.2458 9.4507,
	10.261 9.44854,
	10.2762 9.44742,
	10.2838 9.44711,
	10.2989 9.44894,
	10.3064 9.45107,
	10.3364 9.46512,
	10.3508 9.47873,
	10.3568 9.48573,
	10.357 9.48763,
	10.3571 9.48983,
	10.3572 9.49203,
	10.3574 9.49423,
	10.3575 9.49646,
	10.3577 9.49866,
	10.3578 9.50086,
	10.358 9.50306,
	10.3581 9.50526,
	10.3583 9.50744,
	10.3583 9.50799,
	10.3625 9.51405,
	10.3657 9.5214,
	10.3674 9.52506,
	10.3683 9.52689,
	10.3691 9.54186,
	10.3666 9.55699,
	10.3659 9.57198,
	10.3661 9.58687,
	10.3673 9.59422,
	10.3694 9.60151,
	10.3706 9.60512,
	10.3761 9.61213,
	10.3887 9.62545,
	10.3983 9.63923,
	10.4091 9.65264,
	10.4126 9.65943,
	10.4149 9.66632,
	10.4162 9.6803,
	10.4169 9.68374,
	10.4168 9.6855,
	10.4194 9.69219,
	10.4208 9.69902,
	10.4206 9.71296,
	"/>
</Transform>

<Transform dim="0"
 xcoef=" 0 1 0 0 0 0"
 ycoef=" 0 0 1 0 0 0">
<Contour name="d54sp05" hidden="false" closed="true" simplified="true" border="1 0 0" fill="1 0 0" mode="11"
 points="5.21977 8.71574,
	5.20954 8.71488,
	5.20703 8.71426,
	5.20573 8.71435,
	5.2017 8.70827,
	5.20132 8.70512,
	5.20139 8.70433,
	5.20145 8.70352,
	5.20647 8.69761,
	5.2174 8.69134,
	5.22819 8.68667,
	5.24939 8.68132,
	5.25994 8.67905,
	5.27005 8.68158,
	5.275 8.68361,
	5.27751 8.68423,
	5.28009 8.69037,
	5.28103 8.69343,
	5.2815 8.69497,
	5.27949 8.70138,
	5.27718 8.70468,
	5.27168 8.70818,
	5.25087 8.71199,
	5.23019 8.71424,
	"/>
</Transform>

<Transform dim="0"
 xcoef=" 0 1 0 0 0 0"
 ycoef=" 0 0 1 0 0 0">
<Contour name="d54sp05" hidden="false" closed="true" simplified="true" border="1 0 0" fill="1 0 0" mode="11"
 points="5.89086 8.50135,
	5.88198 8.50027,
	5.87751 8.49844,
	5.87531 8.49785,
	5.873 8.4958,
	5.86677 8.48455,
	5.8628 8.46176,
	5.86267 8.46033,
	5.86263 8.45962,
	5.86591 8.44813,
	5.87315 8.43853,
	5.89079 8.428,
	5.89511 8.42501,
	5.9035 8.41688,
	5.90766 8.41314,
	5.91195 8.41217,
	5.91638 8.41237,
	5.92563 8.41875,
	5.94346 8.43842,
	5.94604 8.44361,
	5.94906 8.45423,
	5.94934 8.46521,
	5.94901 8.46812,
	5.94912 8.46953,
	5.94278 8.48175,
	5.92567 8.4958,
	5.91671 8.49895,
	5.89955 8.50102,
	"/>
</Transform>

<Transform dim="0"
 xcoef=" 0 1 0 0 0 0"
 ycoef=" 0 0 1 0 0 0">
<Contour name="d54sph05" hidden="false" closed="true" simplified="true" border="1 0 0" fill="1 0 0" mode="11"
 points="5.89086 8.50135,
	5.88198 8.50027,
	5.87751 8.49844,
	5.87531 8.49785,
	5.873 8.4958,
	5.86677 8.48455,
	5.8628 8.46176,
	5.86267 8.46033,
	5.86263 8.45962,
	5.86591 8.44813,
	5.87315 8.43853,
	5.89079 8.428,
	5.89511 8.42501,
	5.9035 8.41688,
	5.90766 8.41314,
	5.91195 8.41217,
	5.91638 8.41237,
	5.92563 8.41875,
	5.94346 8.43842,
	5.94604 8.44361,
	5.94906 8.45423,
	5.94934 8.46521,
	5.94901 8.46812,
	5.94912 8.46953,
	5.94278 8.48175,
	5.92567 8.4958,
	5.91671 8.49895,
	5.89955 8.50102,
	"/>
</Transform>

<Transform dim="0"
 xcoef=" 0 1 0 0 0 0"
 ycoef=" 0 0 1 0 0 0">
<Contour name="d04sph03b" hidden="false" closed="true" simplified="true" border="1 0 0" fill="1 0 0" mode="11"
 points="9.10688 12.022,
	9.05896 12.013,
	9.03538 12.0089,
	9.01191 12.0016,
	9.00598 11.9979,
	9.00109 11.9874,
	8.99938 11.982,
	8.99781 11.9794,
	8.99775 11.978,
	8.9977 11.9774,
	9.00402 11.9331,
	9.01224 11.8884,
	9.01864 11.8658,
	9.02188 11.8545,
	9.02386 11.8488,
	9.04256 11.8253,
	9.0531 11.8136,
	9.05806 11.8079,
	9.06381 11.8041,
	9.06667 11.8019,
	9.07836 11.8001,
	9.13244 11.7993,
	9.14466 11.7966,
	9.19403 11.7914,
	9.21874 11.79,
	9.24329 11.79,
	9.24937 11.7901,
	9.26163 11.7932,
	9.26469 11.7939,
	9.26619 11.7939,
	9.27863 11.8018,
	9.30286 11.8125,
	9.31479 11.8181,
	9.32067 11.8202,
	9.3672 11.8499,
	9.37847 11.8568,
	9.38411 11.8609,
	9.38913 11.8664,
	9.39038 11.8774,
	9.39054 11.8801,
	9.38578 11.8911,
	9.37345 11.9126,
	9.36964 11.9179,
	9.34912 11.938,
	9.33815 11.9463,
	9.33538 11.9489,
	9.28907 11.9741,
	9.27709 11.9805,
	9.26498 11.9836,
	9.24056 11.988,
	9.22827 11.9899,
	9.20361 11.992,
	9.15477 12.0088,
	9.1427 12.0125,
	9.13077 12.0177,
	9.1248 12.0199,
	9.11287 12.0218,
	"/>
</Transform>

<Transform dim="0"
 xcoef=" 0 1 0 0 0 0"
 ycoef=" 0 0 1 0 0 0">
<Contour name="d35p06" hidden="false" closed="true" simplified="true" border="1 0 0" fill="1 0 0" mode="11"
 points="12.7099 8.77781,
	12.7018 8.75641,
	12.7195 8.7548,
	"/>
</Transform>

<Transform dim="0"
 xcoef=" 0 1 0 0 0 0"
 ycoef=" 0 0 1 0 0 0">
<Contour name="d20cfa04" hidden="false" closed="false" simplified="true" border="1 0 0" fill="1 0 0" mode="11"
 points="11.259 7.4162,
	11.2677 7.43604,
	11.2786 7.44789,
	11.2868 7.45628,
	11.2968 7.46333,
	11.3092 7.46903,
	11.3306 7.47826,
	"/>
</Transform>

<Transform dim="0"
 xcoef=" 0 1 0 0 0 0"
 ycoef=" 0 0 1 0 0 0">
<Contour name="d20cfa04" hidden="false" closed="false" simplified="true" border="1 0 0" fill="1 0 0" mode="11"
 points="11.1138 7.25094,
	11.1139 7.27693,
	11.1163 7.29545,
	11.1181 7.31126,
	11.1208 7.32348,
	11.1241 7.33477,
	11.1298 7.34812,
	11.1336 7.35534,
	11.1386 7.36201,
	11.1461 7.36851,
	11.155 7.37443,
	11.1663 7.3789,
	11.1822 7.38278,
	11.2009 7.38441,
	"/>
</Transform>

<Transform dim="0"
 xcoef=" 0 1 0 0 0 0"
 ycoef=" 0 0 1 0 0 0">
<Contour name="d02cfa06" hidden="false" closed="false" simplified="true" border="0 1 0" fill="0 1 0" mode="11"
 points="10.6561 9.21768,
	10.6417 9.22101,
	10.6157 9.22689,
	10.594 9.23098,
	10.5742 9.23776,
	10.5539 9.24811,
	10.5317 9.26199,
	10.5124 9.28073,
	"/>
</Transform>

<Transform dim="0"
 xcoef=" 0 1 0 0 0 0"
 ycoef=" 0 0 1 0 0 0">
<Contour name="d37cfa05" hidden="false" closed="false" simplified="true" border="0 1 0" fill="1 0 0" mode="11"
 points="8.99451 10.3936,
	9.03373 10.418,
	9.07092 10.438,
	9.14033 10.4703,
	9.18448 10.4841,
	9.21372 10.4826,
	"/>
</Transform>

<Transform dim="0"
 xcoef=" 0 1 0 0 0 0"
 ycoef=" 0 0 1 0 0 0">
<Contour name="d37cfa05" hidden="false" closed="false" simplified="true" border="0 1 0" fill="1 0 0" mode="11"
 points="9.45486 10.4177,
	9.46651 10.4466,
	9.48087 10.4695,
	9.49018 10.4824,
	9.49947 10.4964,
	9.51299 10.5101,
	9.53721 10.5262,
	9.55996 10.5357,
	9.59299 10.5421,
	9.60979 10.5395,
	9.63172 10.5365,
	"/>
</Transform>

<Transform dim="0"
 xcoef=" 0 1 0 0 0 0"
 ycoef=" 0 0 1 0 0 0">
<Contour name="d34cfa06" hidden="false" closed="false" simplified="true" border="0 1 0" fill="1 0 0" mode="11"
 points="5.06497 11.2385,
	4.99702 11.2496,
	4.94243 11.246,
	4.89366 11.257,
	"/>
</Transform>

<Transform dim="0"
 xcoef=" 0 1 0 0 0 0"
 ycoef=" 0 0 1 0 0 0">
<Contour name="d02cfa08" hidden="false" closed="false" simplified="true" border="0 1 0" fill="0 1 0" mode="11"
 points="12.0455 10.6936,
	12.0395 10.6963,
	12.0266 10.7024,
	12.004 10.7139,
	11.9714 10.7337,
	11.9539 10.746,
	11.9348 10.767,
	11.9207 10.7796,
	11.9037 10.7929,
	11.8843 10.8087,
	"/>
</Transform>

<Transform dim="0"
 xcoef=" 0 1 0 0 0 0"
 ycoef=" 0 0 1 0 0 0">
<Contour name="d15p02" hidden="false" closed="true" simplified="false" border="1 0 0" fill="1 0 0" mode="-13"
 points="7.56285 10.9635,
	7.60445 10.9635,
	7.58365 11.0017,
	"/>
</Transform>

<Transform dim="0"
 xcoef=" 0 1 0 0 0 0"
 ycoef=" 0 0 1 0 0 0">
<Contour name="d10p06" hidden="false" closed="true" simplified="false" border="1 0 0" fill="1 0 0" mode="-13"
 points="12.1069 9.03834,
	12.1344 9.03834,
	12.1206 9.0635,
	"/>
</Transform>

<Transform dim="0"
 xcoef=" 0 1 0 0 0 0"
 ycoef=" 0 0 1 0 0 0">
<Contour name="d16p01" hidden="false" closed="true" simplified="false" border="1 0 0" fill="1 0 0" mode="-13"
 points="9.49594 9.32734,
	9.52097 9.32734,
	9.50846 9.35028,
	"/>
</Transform>

<Transform dim="0"
 xcoef=" 0 1 0 0 0 0"
 ycoef=" 0 0 1 0 0 0">
<Contour name="d07p05" hidden="false" closed="true" simplified="false" border="1 0 0" fill="1 0 0" mode="-13"
 points="9.01336 9.36046,
	9.03813 9.36046,
	9.02574 9.38316,
	"/>
</Transform>

<Transform dim="0"
 xcoef=" 0 1 0 0 0 0"
 ycoef=" 0 0 1 0 0 0">
<Contour name="d07p06" hidden="false" closed="true" simplified="false" border="1 0 0" fill="1 0 0" mode="-13"
 points="8.17017 9.79309,
	8.15439 9.77732,
	8.17017 9.76154,
	8.18594 9.77732,
	"/>
</Transform>

<Transform dim="0"
 xcoef=" 0 1 0 0 0 0"
 ycoef=" 0 0 1 0 0 0">
<Contour name="d18p06" hidden="false" closed="true" simplified="false" border="1 0 0" fill="1 0 0" mode="-13"
 points="12.8793 6.69831,
	12.8647 6.68375,
	12.8793 6.66918,
	12.8939 6.68375,
	"/>
</Transform>

<Transform dim="0"
 xcoef=" 0 1 0 0 0 0"
 ycoef=" 0 0 1 0 0 0">
<Contour name="d34endos02_mvb" hidden="false" closed="true" simplified="true" border="1 0.502 0" fill="1 0 0" mode="11"
 points="4.63936 11.8252,
	4.63975 11.8183,
	4.6409 11.8115,
	4.6428 11.8047,
	4.64546 11.798,
	4.64887 11.7915,
	4.65299 11.785,
	4.65783 11.7788,
	4.66335 11.7727,
	4.66954 11.7669,
	4.67636 11.7614,
	4.6838 11.756,
	4.69181 11.751,
	4.70036 11.7464,
	4.70942 11.742,
	4.71894 11.738,
	4.72889 11.7344,
	4.73922 11.7312,
	4.7499 11.7283,
	4.76086 11.7259,
	4.77208 11.7239,
	4.78349 11.7224,
	4.79505 11.7212,
	4.80671 11.7206,
	4.81842 11.7203,
	4.83013 11.7206,
	4.84179 11.7212,
	4.85335 11.7224,
	4.86476 11.7239,
	4.87597 11.7259,
	4.88694 11.7283,
	4.89761 11.7312,
	4.90795 11.7344,
	4.9179 11.738,
	4.92742 11.742,
	4.93648 11.7464,
	4.94503 11.751,
	4.95304 11.756,
	4.96047 11.7614,
	4.9673 11.7669,
	4.97348 11.7727,
	4.97901 11.7788,
	4.98384 11.785,
	4.98797 11.7915,
	4.99137 11.798,
	4.99403 11.8047,
	4.99594 11.8115,
	4.99709 11.8183,
	4.99747 11.8252,
	4.99709 11.832,
	4.99594 11.8388,
	4.99403 11.8456,
	4.99137 11.8523,
	4.98797 11.8588,
	4.98384 11.8653,
	4.97901 11.8715,
	4.97348 11.8776,
	4.9673 11.8834,
	4.96047 11.889,
	4.95304 11.8943,
	4.94503 11.8993,
	4.93648 11.904,
	4.92742 11.9083,
	4.9179 11.9123,
	4.90795 11.9159,
	4.89761 11.9192,
	4.88694 11.922,
	4.87597 11.9244,
	4.86476 11.9264,
	4.85335 11.928,
	4.84179 11.9291,
	4.83013 11.9297,
	4.81842 11.93,
	4.80671 11.9297,
	4.79505 11.9291,
	4.78349 11.928,
	4.77208 11.9264,
	4.76086 11.9244,
	4.7499 11.922,
	4.73922 11.9192,
	4.72889 11.9159,
	4.71894 11.9123,
	4.70942 11.9083,
	4.70036 11.904,
	4.69181 11.8993,
	4.6838 11.8943,
	4.67636 11.889,
	4.66954 11.8834,
	4.66335 11.8776,
	4.65783 11.8715,
	4.65299 11.8653,
	4.64887 11.8588,
	4.64546 11.8523,
	4.6428 11.8456,
	4.6409 11.8388,
	4.63975 11.832,
	"/>
</Transform>

<Transform dim="0"
 xcoef=" 0 1 0 0 0 0"
 ycoef=" 0 0 1 0 0 0">
<Contour name="d34serb06" hidden="false" closed="true" simplified="false" border="1 1 0" fill="0 1 0" mode="11"
 points="4.98812 11.3335,
	4.98812 11.3264,
	4.99515 11.3264,
	4.99515 11.3194,
	5.00218 11.3194,
	5.00218 11.3264,
	5.0092 11.3264,
	5.0092 11.3335,
	5.00218 11.3335,
	5.00218 11.3405,
	4.99515 11.3405,
	4.99515 11.3335,
	"/>
</Transform>

<Transform dim="0"
 xcoef=" 0 1 0 0 0 0"
 ycoef=" 0 0 1 0 0 0">
<Contour name="d01" comment="dch_traced_06.2019" hidden="false" closed="true" simplified="true" border="1 1 0" fill="1 1 0" mode="11"
 points="9.96768 9.92893,
	9.97737 9.88464,
	9.98567 9.86249,
	9.98705 9.85696,
	9.98982 9.85419,
	9.99121 9.84865,
	10.0175 9.80436,
	10.0549 9.76008,
	10.077 9.73932,
	10.0964 9.71855,
	10.1185 9.69779,
	10.1379 9.68119,
	10.1601 9.66319,
	10.1697 9.65627,
	10.1808 9.64659,
	10.203 9.63136,
	10.2085 9.62721,
	10.2306 9.62029,
	10.2528 9.61614,
	10.2971 9.61337,
	10.3081 9.60922,
	10.3303 9.60922,
	10.3414 9.6106,
	10.3524 9.61475,
	10.3746 9.62998,
	10.3801 9.63551,
	10.3912 9.65766,
	10.3953 9.66873,
	10.4092 9.69087,
	10.4175 9.70195,
	10.4286 9.71302,
	10.4507 9.72547,
	10.4728 9.7324,
	10.495 9.73516,
	10.5061 9.73516,
	10.5282 9.7407,
	10.5725 9.75869,
	10.5946 9.76838,
	10.6168 9.76976,
	10.6279 9.76976,
	10.6389 9.767,
	10.65 9.767,
	10.6611 9.77115,
	10.6832 9.77392,
	10.6943 9.77807,
	10.7386 9.77945,
	10.7829 9.7753,
	10.7884 9.7753,
	10.8105 9.767,
	10.8161 9.76561,
	10.8382 9.75316,
	10.8604 9.74485,
	10.8825 9.74624,
	10.9268 9.75592,
	10.9489 9.76284,
	10.9711 9.77253,
	10.9822 9.77945,
	10.9849 9.77945,
	10.9905 9.78499,
	10.996 9.78776,
	11.0057 9.79744,
	11.0112 9.80298,
	11.0181 9.82512,
	11.014 9.86941,
	11.0126 9.89156,
	11.0126 9.89709,
	11.0361 9.94138,
	11.0431 9.96353,
	11.0472 9.98567,
	11.0472 10.0078,
	11.0431 10.03,
	11.0361 10.041,
	11.0154 10.0618,
	10.9932 10.0784,
	10.9711 10.0909,
	10.9296 10.1324,
	10.9074 10.1476,
	10.8964 10.1559,
	10.8922 10.1587,
	10.8701 10.1794,
	10.8521 10.2016,
	10.8451 10.2126,
	10.8244 10.2334,
	10.7801 10.2597,
	10.758 10.2749,
	10.7469 10.2832,
	10.7247 10.2943,
	10.7137 10.2985,
	10.6694 10.3026,
	10.6583 10.3026,
	10.6362 10.3095,
	10.614 10.3248,
	10.6029 10.3331,
	10.5974 10.3386,
	10.5753 10.351,
	10.5531 10.3607,
	10.531 10.3677,
	10.4867 10.3663,
	10.4645 10.3677,
	10.4203 10.3787,
	10.3981 10.3884,
	10.387 10.3926,
	10.3649 10.4064,
	10.3441 10.4258,
	10.3289 10.4479,
	10.3192 10.4701,
	10.3151 10.4922,
	10.3109 10.5033,
	10.2998 10.513,
	10.2888 10.5144,
	10.2832 10.5144,
	10.2722 10.5088,
	10.2611 10.4991,
	10.2528 10.4881,
	10.2417 10.4659,
	10.2362 10.4438,
	10.2348 10.4327,
	10.203 10.3898,
	10.1836 10.3677,
	10.167 10.3469,
	10.1102 10.2583,
	10.0826 10.214,
	10.0396 10.1255,
	10.0341 10.1144,
	10.0313 10.1088,
	10.0286 10.1061,
	10.0078 10.0618,
	9.99813 10.0396,
	9.98567 10.0175,
	9.98013 10.0064,
	9.97045 9.96214,
	9.96768 9.94,
	9.96768 9.93031,
	"/>
</Transform>

<Transform dim="0"
 xcoef=" 0 1 0 0 0 0"
 ycoef=" 0 0 1 0 0 0">
<Contour name="d34" comment="dch_traced_06.2019" hidden="false" closed="true" simplified="true" border="1 1 0" fill="1 1 0" mode="11"
 points="4.51359 11.6655,
	4.51639 11.6543,
	4.5192 11.6486,
	4.5192 11.6458,
	4.52761 11.6346,
	4.53743 11.6122,
	4.55146 11.5673,
	4.55987 11.5448,
	4.56688 11.5,
	4.56969 11.4775,
	4.56969 11.4551,
	4.57109 11.4439,
	4.58792 11.399,
	4.59494 11.3878,
	4.60475 11.3765,
	4.62579 11.3611,
	4.63701 11.3541,
	4.65805 11.3331,
	4.6805 11.3232,
	4.70294 11.3162,
	4.71416 11.3134,
	4.71977 11.312,
	4.72538 11.3078,
	4.81515 11.2812,
	4.83759 11.2755,
	4.8432 11.2755,
	4.85442 11.2713,
	4.87686 11.2685,
	4.88808 11.2643,
	4.97785 11.2503,
	4.98907 11.2475,
	5.03395 11.2433,
	5.07884 11.2321,
	5.12372 11.2152,
	5.13494 11.211,
	5.14055 11.2082,
	5.16299 11.2054,
	5.18543 11.2068,
	5.20787 11.2124,
	5.23032 11.2265,
	5.24154 11.2363,
	5.24855 11.2475,
	5.25697 11.2699,
	5.25556 11.3148,
	5.24575 11.3597,
	5.24154 11.4046,
	5.24013 11.4495,
	5.24154 11.4719,
	5.24995 11.5168,
	5.25136 11.5392,
	5.24855 11.5505,
	5.23452 11.5729,
	5.22891 11.5841,
	5.22471 11.5897,
	5.2191 11.6122,
	5.21769 11.6346,
	5.21208 11.6571,
	5.19245 11.7019,
	5.1658 11.7468,
	5.15037 11.7693,
	5.12933 11.7903,
	5.08585 11.8254,
	5.06341 11.8408,
	5.0578 11.8436,
	5.05499 11.8464,
	5.04938 11.8478,
	5.0059 11.8759,
	4.98346 11.8913,
	4.93857 11.9165,
	4.91613 11.9292,
	4.90491 11.9362,
	4.86003 11.9516,
	4.85722 11.9516,
	4.85442 11.9544,
	4.80953 11.9656,
	4.78709 11.9726,
	4.77587 11.9768,
	4.75343 11.9768,
	4.73099 11.9726,
	4.71977 11.9698,
	4.69733 11.96,
	4.67488 11.9474,
	4.66366 11.9404,
	4.65244 11.9306,
	4.63 11.9151,
	4.61036 11.8941,
	4.59914 11.8829,
	4.58652 11.8604,
	4.58231 11.8548,
	4.58091 11.8492,
	4.5739 11.838,
	4.55707 11.7931,
	4.55146 11.7819,
	4.54865 11.7707,
	4.52761 11.7258,
	4.5192 11.7033,
	4.51639 11.6921,
	4.51359 11.6865,
	4.51359 11.6753,
	4.51359 11.6697,
	4.51359 11.6669,
	"/>
</Transform>

<Transform dim="0"
 xcoef=" 0 1 0 0 0 0"
 ycoef=" 0 0 1 0 0 0">
<Contour name="d37" comment="dch_traced_06.2019" hidden="false" closed="true" simplified="true" border="1 1 0" fill="1 1 0" mode="11"
 points="8.54887 11.3998,
	8.55278 11.3789,
	8.56453 11.3371,
	8.56845 11.3267,
	8.57106 11.3241,
	8.57106 11.3215,
	8.59456 11.2797,
	8.60891 11.2588,
	8.61675 11.2484,
	8.63763 11.234,
	8.64285 11.2301,
	8.66374 11.2249,
	8.70551 11.2236,
	8.7264 11.221,
	8.73684 11.2183,
	8.75773 11.2079,
	8.77861 11.1949,
	8.7995 11.174,
	8.83213 11.1322,
	8.86216 11.0904,
	8.87913 11.0695,
	8.88957 11.0591,
	8.89479 11.0539,
	8.90262 11.0473,
	8.91307 11.0382,
	8.93395 11.0252,
	8.94439 11.0186,
	8.94962 11.016,
	8.95223 11.0134,
	8.994 10.9951,
	9.00444 10.9912,
	9.02533 10.9873,
	9.04621 10.9873,
	9.05666 10.9873,
	9.09843 10.999,
	9.11931 11.0069,
	9.12193 11.0069,
	9.12454 11.0095,
	9.14542 11.0186,
	9.18719 11.0434,
	9.20808 11.0539,
	9.22897 11.0617,
	9.23941 11.0656,
	9.26029 11.0787,
	9.26291 11.0813,
	9.26813 11.0826,
	9.27335 11.0878,
	9.31512 11.1087,
	9.33601 11.1204,
	9.34123 11.1244,
	9.35167 11.1283,
	9.39344 11.1518,
	9.40389 11.1583,
	9.41433 11.1674,
	9.42216 11.1779,
	9.42608 11.1988,
	9.42738 11.2405,
	9.42869 11.2614,
	9.42869 11.2719,
	9.42608 11.2823,
	9.41172 11.3032,
	9.4065 11.3071,
	9.40389 11.3097,
	9.36211 11.3123,
	9.34123 11.3136,
	9.33078 11.3136,
	9.32034 11.3176,
	9.29946 11.3319,
	9.29162 11.3424,
	9.28118 11.3632,
	9.27726 11.3737,
	9.27726 11.4155,
	9.27465 11.4363,
	9.27465 11.4416,
	9.26291 11.4625,
	9.25638 11.4729,
	9.23549 11.4912,
	9.22635 11.5016,
	9.22374 11.5055,
	9.19111 11.5473,
	9.17414 11.5682,
	9.16631 11.5786,
	9.15456 11.5995,
	9.14673 11.61,
	9.13498 11.6308,
	9.13367 11.6361,
	9.11931 11.657,
	9.11018 11.6674,
	9.08929 11.6818,
	9.07885 11.6896,
	9.07363 11.6922,
	9.05274 11.6935,
	9.0423 11.6948,
	9.03708 11.6948,
	9.03185 11.6974,
	8.99008 11.6987,
	8.9692 11.6948,
	8.92742 11.6961,
	8.91698 11.6974,
	8.91176 11.6987,
	8.90132 11.7053,
	8.88043 11.7118,
	8.86999 11.7144,
	8.86477 11.717,
	8.84388 11.7157,
	8.83344 11.7157,
	8.79167 11.7026,
	8.77078 11.6987,
	8.74989 11.6909,
	8.74467 11.6909,
	8.72379 11.6844,
	8.7029 11.6726,
	8.69246 11.6661,
	8.67157 11.6478,
	8.65721 11.6269,
	8.63372 11.5852,
	8.62458 11.5643,
	8.61805 11.5225,
	8.61544 11.5121,
	8.61544 11.5094,
	8.60891 11.499,
	8.60369 11.4938,
	8.59325 11.4873,
	8.57628 11.469,
	8.56584 11.4598,
	8.55801 11.4494,
	8.55017 11.4285,
	8.54887 11.4076,
	8.54887 11.4024,
	8.54887 11.4011,
	"/>
</Transform>

</Section>