<?xml version="1.0"?>
<!DOCTYPE Section SYSTEM "section.dtd">

<Section index="137" thickness="0.049" alignLocked="true">
<Transform dim="0"
 xcoef=" 0 1 0 0 0 0"
 ycoef=" 0 0 1 0 0 0">
<Contour name="D09" hidden="false" closed="true" simplified="true" border="0 1 0" fill="0 1 0" mode="11"
 points="11.7009 8.66247,
	11.6851 8.65901,
	11.672 8.64981,
	11.6632 8.63574,
	11.6612 8.59863,
	11.6686 8.57908,
	11.6807 8.5614,
	11.6964 8.54726,
	11.714 8.5381,
	11.7316 8.53491,
	11.7474 8.53806,
	11.7601 8.54731,
	11.7683 8.56175,
	11.7713 8.57994,
	11.7691 8.59998,
	11.7617 8.61982,
	11.7499 8.63746,
	11.7348 8.65124,
	11.718 8.65981,
	"/>
</Transform>

<Transform dim="0"
 xcoef=" 0 1 0 0 0 0"
 ycoef=" 0 0 1 0 0 0">
<Contour name="D19" hidden="false" closed="true" simplified="true" border="1 0 0" fill="1 0 0" mode="11"
 points="14.1173 7.16313,
	14.0882 7.15742,
	14.0631 7.14109,
	14.0445 7.1159,
	14.0339 7.04975,
	14.0425 7.01498,
	14.0598 6.98371,
	14.084 6.95872,
	14.1129 6.94231,
	14.1434 6.93645,
	14.1727 6.94196,
	14.1976 6.95839,
	14.2158 6.9838,
	14.2255 7.01548,
	14.226 7.0503,
	14.2172 7.08505,
	14.2001 7.11649,
	14.1762 7.14159,
	14.1477 7.15765,
	"/>
</Transform>

<Transform dim="0"
 xcoef=" 0 1 0 0 0 0"
 ycoef=" 0 0 1 0 0 0">
<Contour name="D21" hidden="false" closed="true" simplified="true" border="0 1 1" fill="0 1 1" mode="11"
 points="4.75557 12.0459,
	4.72197 12.0401,
	4.69317 12.022,
	4.67176 11.9932,
	4.65653 11.9156,
	4.66498 11.8742,
	4.68392 11.8369,
	4.71184 11.8074,
	4.74604 11.7886,
	4.78292 11.7824,
	4.81839 11.7889,
	4.84852 11.8076,
	4.87034 11.8366,
	4.88199 11.873,
	4.88267 11.9134,
	4.87252 11.9539,
	4.85261 11.9905,
	4.82427 12.0198,
	4.79083 12.0389,
	"/>
</Transform>

<Transform dim="0"
 xcoef=" 0 1 0 0 0 0"
 ycoef=" 0 0 1 0 0 0">
<Contour name="D01" hidden="false" closed="true" simplified="true" border="1 0 0" fill="1 0 0" mode="11"
 points="8.49547 10.761,
	8.47658 10.7594,
	8.46048 10.7515,
	8.44872 10.7381,
	8.44196 10.7005,
	8.4476 10.68,
	8.45874 10.661,
	8.4744 10.6455,
	8.49311 10.6351,
	8.51309 10.6307,
	8.53235 10.6329,
	8.54893 10.6411,
	8.56111 10.6546,
	8.56765 10.672,
	8.56904 10.6916,
	8.5636 10.7116,
	8.55189 10.7301,
	8.53508 10.7456,
	8.51533 10.7563,
	"/>
</Transform>

<Transform dim="0"
 xcoef=" 0 1 0 0 0 0"
 ycoef=" 0 0 1 0 0 0">
<Contour name="D26" hidden="false" closed="true" simplified="true" border="0 1 1" fill="0 1 1" mode="11"
 points="13.0946 8.79113,
	13.0673 8.78607,
	13.0446 8.77026,
	13.0286 8.74522,
	13.0221 8.67852,
	13.0323 8.644,
	13.0505 8.61363,
	13.075 8.59049,
	13.1035 8.57659,
	13.133 8.57278,
	13.1609 8.57904,
	13.1843 8.59465,
	13.201 8.61832,
	13.2091 8.64798,
	13.2078 8.68103,
	13.1969 8.71437,
	13.178 8.74476,
	13.1527 8.76918,
	13.1241 8.78523,
	"/>
</Transform>

<Transform dim="0"
 xcoef=" 0 1 0 0 0 0"
 ycoef=" 0 0 1 0 0 0">
<Contour name="D05" hidden="false" closed="true" simplified="true" border="0 0 1" fill="0 0 1" mode="11"
 points="9.94218 9.85899,
	9.92763 9.85756,
	9.91541 9.85109,
	9.90669 9.84028,
	9.90264 9.81028,
	9.90766 9.7941,
	9.91695 9.77926,
	9.92959 9.76719,
	9.94439 9.75911,
	9.95991 9.75574,
	9.97462 9.75739,
	9.98708 9.76382,
	9.99605 9.77439,
	10.0006 9.78809,
	10.0003 9.80368,
	9.99505 9.81966,
	9.98552 9.83457,
	9.97264 9.84686,
	9.95769 9.85532,
	"/>
</Transform>

<Transform dim="0"
 xcoef=" 0 1 0 0 0 0"
 ycoef=" 0 0 1 0 0 0">
<Contour name="D03" hidden="false" closed="true" simplified="true" border="1 0 0" fill="1 0 0" mode="11"
 points="10.0486 9.5504,
	10.0314 9.54827,
	10.0166 9.54179,
	10.0057 9.53162,
	9.99948 9.50438,
	10.0047 9.48998,
	10.0148 9.47692,
	10.029 9.46653,
	10.0459 9.45979,
	10.0637 9.45741,
	10.0808 9.45959,
	10.0956 9.46613,
	10.1065 9.4764,
	10.1125 9.48934,
	10.1131 9.50372,
	10.108 9.5181,
	10.0979 9.53109,
	10.0836 9.5414,
	10.0666 9.54805,
	"/>
</Transform>

<Transform dim="0"
 xcoef=" 0 1 0 0 0 0"
 ycoef=" 0 0 1 0 0 0">
<Contour name="D02" hidden="false" closed="true" simplified="true" border="0 0 1" fill="0 0 1" mode="11"
 points="9.00347 8.14134,
	8.98244 8.13947,
	8.96406 8.13128,
	8.9501 8.11752,
	8.94019 8.0792,
	8.94532 8.05862,
	8.95679 8.03983,
	8.97344 8.02466,
	8.99358 8.01447,
	9.01521 8.01024,
	9.03613 8.01231,
	9.0544 8.02048,
	9.06825 8.03402,
	9.07638 8.05164,
	9.07805 8.07167,
	9.07301 8.09211,
	9.06169 8.11098,
	9.04518 8.12637,
	9.0251 8.13683,
	"/>
</Transform>

<Transform dim="0"
 xcoef=" 0 1 0 0 0 0"
 ycoef=" 0 0 1 0 0 0">
<Contour name="D10" hidden="false" closed="true" simplified="true" border="0 1 1" fill="0 1 1" mode="11"
 points="11.6677 9.39047,
	11.6529 9.38803,
	11.6399 9.38045,
	11.6301 9.36848,
	11.6234 9.33633,
	11.627 9.31926,
	11.6348 9.30385,
	11.6463 9.29149,
	11.6604 9.28343,
	11.6756 9.28046,
	11.6907 9.28286,
	11.704 9.29044,
	11.7141 9.30246,
	11.7199 9.31776,
	11.721 9.33478,
	11.7172 9.35183,
	11.709 9.36726,
	11.6972 9.37955,
	11.683 9.38757,
	"/>
</Transform>

<Transform dim="0"
 xcoef=" 0 1 0 0 0 0"
 ycoef=" 0 0 1 0 0 0">
<Contour name="D11" hidden="false" closed="true" simplified="true" border="1 0 0" fill="1 0 0" mode="11"
 points="10.8908 8.36859,
	10.8757 8.36403,
	10.8642 8.355,
	10.8571 8.32752,
	10.862 8.31185,
	10.8721 8.297,
	10.8865 8.28425,
	10.8926 8.28082,
	10.8934 8.28014,
	10.9105 8.2706,
	10.9286 8.26516,
	10.9458 8.26437,
	10.9605 8.26831,
	10.9712 8.27672,
	10.9774 8.28877,
	10.9779 8.30363,
	10.9732 8.3196,
	10.9636 8.33508,
	10.95 8.34844,
	10.9335 8.35833,
	10.9326 8.35862,
	10.9258 8.36269,
	10.9081 8.36815,
	"/>
</Transform>

<Transform dim="0"
 xcoef=" 0 1 0 0 0 0"
 ycoef=" 0 0 1 0 0 0">
<Contour name="D06" hidden="false" closed="true" simplified="true" border="0 0 1" fill="0 0 1" mode="11"
 points="9.0337 9.88359,
	9.01569 9.88225,
	9.00006 9.87678,
	8.98843 9.86767,
	8.98187 9.84221,
	8.98751 9.82834,
	8.99836 9.81559,
	9.01312 9.80526,
	9.03027 9.79842,
	9.04815 9.79573,
	9.06517 9.79742,
	9.07981 9.80326,
	9.09082 9.81262,
	9.09712 9.82453,
	9.09805 9.83788,
	9.09342 9.85137,
	9.08358 9.86375,
	9.0694 9.87386,
	9.05222 9.88068,
	"/>
</Transform>

<Transform dim="0"
 xcoef=" 0 1 0 0 0 0"
 ycoef=" 0 0 1 0 0 0">
<Contour name="D07" hidden="false" closed="true" simplified="true" border="1 0 1" fill="1 0 1" mode="11"
 points="7.21142 8.30887,
	7.19297 8.30605,
	7.17654 8.29925,
	7.16374 8.2891,
	7.1534 8.263,
	7.15685 8.24964,
	7.16588 8.23781,
	7.17982 8.22883,
	7.19744 8.22357,
	7.21657 8.22225,
	7.23531 8.225,
	7.25174 8.23158,
	7.26455 8.24162,
	7.27255 8.25413,
	7.27468 8.2677,
	7.27083 8.281,
	7.2614 8.29275,
	7.24735 8.30185,
	7.23013 8.3074,
	"/>
</Transform>

<Transform dim="0"
 xcoef=" 0 1 0 0 0 0"
 ycoef=" 0 0 1 0 0 0">
<Contour name="D08" hidden="false" closed="true" simplified="true" border="1 0 0" fill="1 0 0" mode="11"
 points="7.40026 9.17849,
	7.3795 9.17772,
	7.36014 9.17107,
	7.34426 9.15906,
	7.32837 9.1213,
	7.33011 9.09965,
	7.33817 9.07929,
	7.3516 9.06226,
	7.36902 9.05035,
	7.38868 9.04478,
	7.40876 9.04608,
	7.42746 9.05412,
	7.44298 9.06801,
	7.45381 9.08638,
	7.45894 9.10721,
	7.45789 9.12846,
	7.45069 9.14794,
	7.43763 9.1629,
	7.4203 9.17338,
	"/>
</Transform>

<Transform dim="0"
 xcoef=" 0 1 0 0 0 0"
 ycoef=" 0 0 1 0 0 0">
<Contour name="D16" hidden="false" closed="true" simplified="true" border="0 0 1" fill="0 0 1" mode="11"
 points="7.84207 7.95816,
	7.82659 7.95596,
	7.8127 7.95056,
	7.80182 7.94253,
	7.7929 7.92194,
	7.79565 7.91139,
	7.80294 7.90205,
	7.81404 7.89481,
	7.82787 7.89032,
	7.84308 7.88906,
	7.85826 7.89109,
	7.87191 7.89626,
	7.8827 7.9041,
	7.88961 7.9139,
	7.89199 7.92467,
	7.88957 7.93539,
	7.88254 7.94495,
	7.87153 7.95239,
	7.85759 7.95695,
	"/>
</Transform>

<Transform dim="0"
 xcoef=" 0 1 0 0 0 0"
 ycoef=" 0 0 1 0 0 0">
<Contour name="D18" hidden="false" closed="true" simplified="true" border="1 0 0" fill="1 0 0" mode="11"
 points="14.367 6.6932,
	14.3389 6.68499,
	14.3152 6.66464,
	14.2983 6.63456,
	14.2903 6.55855,
	14.2997 6.51986,
	14.3172 6.48535,
	14.3413 6.45809,
	14.3695 6.44059,
	14.399 6.43473,
	14.4272 6.44114,
	14.4513 6.45928,
	14.4687 6.48742,
	14.4778 6.52307,
	14.4775 6.56315,
	14.468 6.60386,
	14.4499 6.64088,
	14.4254 6.67003,
	14.3968 6.68811,
	"/>
</Transform>

<Transform dim="0"
 xcoef=" 0 1 0 0 0 0"
 ycoef=" 0 0 1 0 0 0">
<Contour name="D20" hidden="false" closed="true" simplified="true" border="1 0 0" fill="1 0 0" mode="11"
 points="12.001 6.57944,
	11.9819 6.57696,
	11.9666 6.56643,
	11.9559 6.54923,
	11.9522 6.50301,
	11.959 6.47868,
	11.9712 6.45657,
	11.9878 6.43863,
	12.007 6.42614,
	12.0274 6.42033,
	12.0471 6.42178,
	12.064 6.43052,
	12.0764 6.44574,
	12.0828 6.46631,
	12.0822 6.49042,
	12.0747 6.51574,
	12.061 6.53972,
	12.0427 6.55976,
	12.0219 6.57354,
	"/>
</Transform>

<Transform dim="0"
 xcoef=" 0 1 0 0 0 0"
 ycoef=" 0 0 1 0 0 0">
<Contour name="D12" hidden="false" closed="true" simplified="true" border="0 0 1" fill="0 0 1" mode="11"
 points="7.20789 10.9936,
	7.18988 10.9907,
	7.1746 10.9834,
	7.16348 10.9722,
	7.15762 10.943,
	7.16357 10.9279,
	7.17486 10.9145,
	7.19026 10.9041,
	7.20723 10.8979,
	7.22518 10.8964,
	7.24231 10.8995,
	7.25698 10.9071,
	7.26777 10.9182,
	7.27369 10.9319,
	7.27415 10.947,
	7.26907 10.9618,
	7.25896 10.975,
	7.24478 10.9852,
	7.22688 10.9917,
	"/>
</Transform>

<Transform dim="0"
 xcoef=" 0 1 0 0 0 0"
 ycoef=" 0 0 1 0 0 0">
<Contour name="D14" hidden="false" closed="true" simplified="true" border="1 0 0" fill="1 0 0" mode="11"
 points="9.98374 9.04392,
	9.96568 9.04273,
	9.95018 9.03593,
	9.93882 9.0241,
	9.93261 8.99033,
	9.93835 8.97172,
	9.94941 8.95439,
	9.96453 8.94003,
	9.98219 8.9301,
	10.0006 8.92554,
	10.0181 8.9268,
	10.033 8.9338,
	10.044 8.94585,
	10.0499 8.96172,
	10.0503 8.97984,
	10.0451 8.99838,
	10.0347 9.01554,
	10.02 9.02965,
	10.0025 9.03941,
	"/>
</Transform>

<Transform dim="0"
 xcoef=" 0 1 0 0 0 0"
 ycoef=" 0 0 1 0 0 0">
<Contour name="D15" hidden="false" closed="true" simplified="true" border="0 0 1" fill="0 0 1" mode="11"
 points="7.39051 11.3895,
	7.36554 11.3874,
	7.34356 11.38,
	7.32687 11.368,
	7.31537 11.3354,
	7.32158 11.318,
	7.33513 11.3023,
	7.3547 11.2897,
	7.37844 11.2813,
	7.40405 11.2777,
	7.42895 11.2793,
	7.45069 11.286,
	7.46703 11.2973,
	7.47647 11.3121,
	7.47815 11.3293,
	7.47194 11.347,
	7.45857 11.3635,
	7.4393 11.3769,
	7.4159 11.3859,
	"/>
</Transform>

<Transform dim="0"
 xcoef=" 0 1 0 0 0 0"
 ycoef=" 0 0 1 0 0 0">
<Contour name="D35" hidden="false" closed="true" simplified="true" border="1 0 0" fill="1 0 0" mode="11"
 points="16.0158 8.3308,
	15.9996 8.32873,
	15.9857 8.3236,
	15.975 8.31574,
	15.9687 8.30572,
	15.9673 8.29423,
	15.971 8.2821,
	15.9796 8.27036,
	15.9921 8.25997,
	16.0077 8.25188,
	16.025 8.24689,
	16.0425 8.24552,
	16.0587 8.24794,
	16.0725 8.25387,
	16.0825 8.26274,
	16.0882 8.27366,
	16.089 8.28564,
	16.0852 8.29769,
	16.0768 8.30887,
	16.0645 8.31834,
	16.0495 8.32545,
	16.0329 8.32968,
	"/>
</Transform>

<Transform dim="0"
 xcoef=" 0 1 0 0 0 0"
 ycoef=" 0 0 1 0 0 0">
<Contour name="D13" hidden="false" closed="true" simplified="true" border="1 0 0" fill="1 0 0" mode="11"
 points="11.5962 11.1912,
	11.5769 11.1881,
	11.5602 11.1793,
	11.5479 11.1657,
	11.5403 11.1292,
	11.5457 11.1099,
	11.5569 11.0923,
	11.5726 11.0782,
	11.5915 11.0689,
	11.6115 11.0656,
	11.6308 11.0686,
	11.6475 11.0776,
	11.6599 11.0917,
	11.667 11.1095,
	11.6677 11.1291,
	11.6623 11.1485,
	11.651 11.1659,
	11.6352 11.1796,
	11.6163 11.1883,
	"/>
</Transform>

<Transform dim="0"
 xcoef=" 0 1 0 0 0 0"
 ycoef=" 0 0 1 0 0 0">
<Contour name="D25" hidden="false" closed="true" simplified="true" border="0 1 0" fill="0 1 0" mode="11"
 points="6.91895 8.94124,
	6.88464 8.93794,
	6.85439 8.92376,
	6.83146 8.9002,
	6.81658 8.83489,
	6.82627 8.79957,
	6.8467 8.76713,
	6.87605 8.74079,
	6.91122 8.72327,
	6.94817 8.71618,
	6.98256 8.72014,
	7.0104 8.73448,
	7.02982 8.75777,
	7.03986 8.78783,
	7.04001 8.82185,
	7.03022 8.8566,
	7.01156 8.88881,
	6.9854 8.9153,
	6.95365 8.93343,
	"/>
</Transform>

<Transform dim="0"
 xcoef=" 0 1 0 0 0 0"
 ycoef=" 0 0 1 0 0 0">
<Contour name="D34" hidden="false" closed="true" simplified="true" border="1 0 0" fill="1 0 0" mode="11"
 points="4.29069 10.5102,
	4.27888 10.5093,
	4.26798 10.5054,
	4.25856 10.4987,
	4.25107 10.4896,
	4.24592 10.4787,
	4.24356 10.4536,
	4.24598 10.4409,
	4.25131 10.4289,
	4.25942 10.4182,
	4.26985 10.4094,
	4.28108 10.403,
	4.29311 10.3994,
	4.30524 10.3988,
	4.3168 10.4011,
	4.32719 10.4064,
	4.33585 10.4142,
	4.34232 10.4241,
	4.34624 10.4357,
	4.34743 10.4483,
	4.34576 10.4613,
	4.34133 10.4738,
	4.33439 10.4854,
	4.32528 10.4953,
	4.31458 10.503,
	4.30282 10.5081,
	"/>
</Transform>

<Transform dim="0"
 xcoef=" 0 1 0 0 0 0"
 ycoef=" 0 0 1 0 0 0">
<Contour name="D04" hidden="false" closed="true" simplified="true" border="1 0 0" fill="1 0 0" mode="11"
 points="10.2562 8.56455,
	10.2381 8.56448,
	10.2225 8.55829,
	10.2107 8.54656,
	10.2034 8.51146,
	10.2084 8.49162,
	10.2189 8.4729,
	10.2336 8.45711,
	10.251 8.44577,
	10.2695 8.43989,
	10.2871 8.44005,
	10.3021 8.44628,
	10.3134 8.45799,
	10.3198 8.47404,
	10.3208 8.49285,
	10.3163 8.51251,
	10.3064 8.53119,
	10.2921 8.54704,
	10.2748 8.55854,
	"/>
</Transform>

<Transform dim="0"
 xcoef=" 0 1 0 0 0 0"
 ycoef=" 0 0 1 0 0 0">
<Contour name="D54" hidden="false" closed="true" simplified="true" border="0 1 0" fill="0 1 0" mode="11"
 points="5.64456 9.61014,
	5.65212 9.54378,
	5.59442 9.54704,
	5.59442 9.54704,
	5.60187 9.48007,
	5.65912 9.4771,
	5.66517 9.40998,
	5.72086 9.40659,
	5.71538 9.47281,
	5.77107 9.46684,
	5.76468 9.53318,
	5.70877 9.53931,
	5.70137 9.60583,
	"/>
</Transform>

<Transform dim="0"
 xcoef=" 0 1 0 0 0 0"
 ycoef=" 0 0 1 0 0 0">
<Contour name="D37" hidden="false" closed="true" simplified="true" border="1 0 0" fill="1 0 0" mode="11"
 points="10.6173 11.9158,
	10.6145 11.892,
	10.5906 11.9079,
	10.6089 11.8841,
	10.6065 11.8831,
	10.5923 11.8923,
	10.6011 11.881,
	10.589 11.8762,
	10.6099 11.8687,
	10.5905 11.8609,
	10.6061 11.8555,
	10.6012 11.8442,
	10.6121 11.8534,
	10.6128 11.8531,
	10.6024 11.8295,
	10.6211 11.8453,
	10.6317 11.8216,
	10.635 11.8454,
	10.6581 11.8298,
	10.6408 11.8533,
	10.6426 11.8541,
	10.6572 11.8442,
	10.6482 11.8564,
	10.6602 11.8614,
	10.6403 11.8684,
	10.659 11.8763,
	10.6435 11.8817,
	10.6482 11.8929,
	10.6378 11.8838,
	10.6368 11.8841,
	10.6467 11.9081,
	10.6285 11.892,
	"/>
</Transform>

<Transform dim="0"
 xcoef=" 0 1 0 0 0 0"
 ycoef=" 0 0 1 0 0 0">
<Contour name="D23a" hidden="false" closed="true" simplified="true" border="1 0 0" fill="1 0 0" mode="11"
 points="5.25714 11.2488,
	5.22198 11.2463,
	5.19097 11.2346,
	5.16719 11.2148,
	5.15054 11.1592,
	5.15981 11.1292,
	5.17998 11.1019,
	5.20883 11.0799,
	5.24323 11.0656,
	5.27943 11.0602,
	5.31417 11.0639,
	5.34392 11.0762,
	5.36616 11.0958,
	5.37894 11.1208,
	5.38112 11.149,
	5.37242 11.1778,
	5.35361 11.2045,
	5.32631 11.2267,
	5.29308 11.242,
	"/>
</Transform>

<Transform dim="0"
 xcoef=" 0 1 0 0 0 0"
 ycoef=" 0 0 1 0 0 0">
<Contour name="D24" hidden="false" closed="true" simplified="true" border="1 0 0" fill="1 0 0" mode="11"
 points="9.16294 11.6555,
	9.13092 11.6544,
	9.1032 11.6449,
	9.08226 11.6281,
	9.06768 11.5788,
	9.07568 11.5517,
	9.0934 11.5264,
	9.11925 11.5053,
	9.15072 11.4906,
	9.18434 11.483,
	9.21676 11.4837,
	9.24481 11.4928,
	9.26586 11.5095,
	9.27795 11.5319,
	9.27993 11.5581,
	9.27145 11.5853,
	9.25335 11.6111,
	9.22739 11.6327,
	9.19621 11.6481,
	"/>
</Transform>

<Transform dim="0"
 xcoef=" 0 1 0 0 0 0"
 ycoef=" 0 0 1 0 0 0">
<Contour name="D33a" hidden="false" closed="true" simplified="true" border="0 1 0" fill="0 1 0" mode="11"
 points="8.85125 4.9017,
	8.82846 4.87446,
	8.8603 4.84486,
	8.88318 4.87181,
	"/>
</Transform>

<Transform dim="0"
 xcoef=" 0 1 0 0 0 0"
 ycoef=" 0 0 1 0 0 0">
<Contour name="d04sp26" hidden="false" closed="true" simplified="true" border="1 0 0" fill="1 0 0" mode="11"
 points="9.73178 8.83599,
	9.71333 8.83442,
	9.70877 8.83372,
	9.70016 8.82929,
	9.69591 8.82678,
	9.67797 8.82163,
	9.66015 8.81542,
	9.65595 8.81238,
	9.65322 8.80754,
	9.65185 8.80514,
	9.65086 8.80395,
	9.65132 8.79433,
	9.65161 8.79252,
	9.65172 8.79193,
	9.6563 8.78226,
	9.6583 8.77746,
	9.66522 8.76777,
	9.66837 8.76293,
	9.6844 8.74344,
	9.6953 8.73364,
	9.70073 8.72873,
	9.7213 8.71633,
	9.73134 8.71133,
	9.73385 8.71008,
	9.75246 8.71054,
	9.75704 8.71116,
	9.7749 8.71662,
	9.78382 8.71906,
	9.80095 8.7289,
	9.80828 8.73817,
	9.81088 8.74808,
	9.81167 8.75057,
	9.81075 8.7605,
	9.80863 8.77043,
	9.80357 8.78039,
	9.80104 8.78534,
	9.78496 8.80516,
	9.78065 8.81007,
	9.75977 8.82289,
	9.74927 8.82951,
	9.73929 8.83306,
	9.73432 8.8348,
	"/>
</Transform>

<Transform dim="0"
 xcoef=" 0 1 0 0 0 0"
 ycoef=" 0 0 1 0 0 0">
<Contour name="Copy of d04sp26" hidden="false" closed="true" simplified="true" border="1 0 0" fill="1 0 0" mode="11"
 points="9.73178 8.83599,
	9.71333 8.83442,
	9.70877 8.83372,
	9.70016 8.82929,
	9.69591 8.82678,
	9.67797 8.82163,
	9.66015 8.81542,
	9.65595 8.81238,
	9.65322 8.80754,
	9.65185 8.80514,
	9.65086 8.80395,
	9.65132 8.79433,
	9.65161 8.79252,
	9.65172 8.79193,
	9.6563 8.78226,
	9.6583 8.77746,
	9.66522 8.76777,
	9.66837 8.76293,
	9.6844 8.74344,
	9.6953 8.73364,
	9.70073 8.72873,
	9.7213 8.71633,
	9.73134 8.71133,
	9.73385 8.71008,
	9.75246 8.71054,
	9.75704 8.71116,
	9.7749 8.71662,
	9.78382 8.71906,
	9.80095 8.7289,
	9.80828 8.73817,
	9.81088 8.74808,
	9.81167 8.75057,
	9.81075 8.7605,
	9.80863 8.77043,
	9.80357 8.78039,
	9.80104 8.78534,
	9.78496 8.80516,
	9.78065 8.81007,
	9.75977 8.82289,
	9.74927 8.82951,
	9.73929 8.83306,
	9.73432 8.8348,
	"/>
</Transform>

<Transform dim="0"
 xcoef=" 0 1 0 0 0 0"
 ycoef=" 0 0 1 0 0 0">
<Contour name="d01sp30" hidden="false" closed="true" simplified="true" border="1 0 0" fill="1 0 0" mode="11"
 points="8.18633 11.2319,
	8.17726 11.2295,
	8.17279 11.2278,
	8.16484 11.2157,
	8.16092 11.2092,
	8.15654 11.1964,
	8.15436 11.19,
	8.14899 11.1397,
	8.14866 11.1273,
	8.14843 11.1242,
	8.14852 11.1234,
	8.14861 11.1227,
	8.14929 11.1219,
	8.15733 11.1327,
	8.16519 11.1452,
	8.17336 11.1555,
	8.18173 11.1641,
	8.18587 11.1689,
	8.19481 11.1735,
	8.20399 11.1764,
	8.20851 11.1787,
	8.21789 11.1807,
	8.22762 11.1802,
	8.23773 11.1771,
	8.2481 11.1723,
	8.25325 11.1702,
	8.25585 11.1692,
	8.25624 11.1708,
	8.24314 11.1977,
	8.22141 11.2167,
	8.21091 11.2244,
	8.20086 11.2286,
	8.19111 11.2311,
	"/>
</Transform>

<Transform dim="0"
 xcoef=" 0 1 0 0 0 0"
 ycoef=" 0 0 1 0 0 0">
<Contour name="d37sp18" hidden="false" closed="true" simplified="true" border="1 0 0" fill="1 0 0" mode="11"
 points="10.6769 13.2199,
	10.6732 13.2164,
	10.6708 13.2164,
	10.667 13.2129,
	10.6586 13.2094,
	10.6546 13.207,
	10.65 13.2072,
	10.6484 13.2098,
	10.6386 13.2138,
	10.6293 13.2154,
	10.6251 13.2143,
	10.6187 13.2069,
	10.615 13.2032,
	10.6114 13.1931,
	10.6079 13.1881,
	10.6018 13.1677,
	10.5982 13.1575,
	10.5958 13.1523,
	10.5941 13.1498,
	10.5945 13.1472,
	10.5852 13.1293,
	10.5727 13.1087,
	10.5685 13.0984,
	10.5659 13.0932,
	10.5638 13.0828,
	10.5633 13.0776,
	10.5637 13.075,
	10.5617 13.0724,
	10.5517 13.031,
	10.5448 13.0104,
	10.5353 12.9899,
	10.5355 12.9873,
	10.5323 12.982,
	10.5301 12.9806,
	10.5303 12.978,
	10.5186 12.9582,
	10.511 12.949,
	10.5078 12.9438,
	10.5056 12.9412,
	10.5033 12.9412,
	10.4955 12.9334,
	10.4931 12.9334,
	10.4208 12.8915,
	10.3854 12.872,
	10.3811 12.8686,
	10.3788 12.8687,
	10.3702 12.8617,
	10.3658 12.8595,
	10.3638 12.8572,
	10.3593 12.8562,
	10.3432 12.846,
	10.3412 12.8436,
	10.3325 12.8404,
	10.3283 12.8369,
	10.3263 12.8346,
	10.3241 12.8347,
	10.3158 12.8278,
	10.3074 12.8233,
	10.2946 12.8081,
	10.2918 12.8034,
	10.2918 12.7841,
	10.2886 12.7651,
	10.2865 12.7555,
	10.2891 12.7363,
	10.2893 12.7351,
	10.2987 12.7149,
	10.3063 12.6948,
	10.3162 12.6746,
	10.3206 12.6695,
	10.3211 12.667,
	10.3321 12.6567,
	10.3426 12.6491,
	10.3481 12.644,
	10.3578 12.6402,
	10.3669 12.6389,
	10.4013 12.6461,
	10.4102 12.6474,
	10.4142 12.645,
	10.4198 12.6402,
	10.4227 12.6379,
	10.425 12.6331,
	10.433 12.6237,
	10.4441 12.6157,
	10.4475 12.614,
	10.4475 12.6131,
	10.4475 12.6109,
	10.4474 12.6086,
	10.4474 12.6064,
	10.4473 12.6042,
	10.4473 12.6019,
	10.4473 12.5997,
	10.4472 12.5974,
	10.4472 12.5952,
	10.4471 12.593,
	10.4471 12.5913,
	10.4519 12.588,
	10.4627 12.5827,
	10.4831 12.5782,
	10.493 12.5777,
	10.5036 12.5739,
	10.5204 12.5581,
	10.5429 12.5231,
	10.5825 12.5204,
	10.6014 12.5238,
	10.6198 12.5305,
	10.6372 12.5429,
	10.6459 12.5491,
	10.6498 12.554,
	10.6587 12.5589,
	10.6912 12.5853,
	10.6998 12.5913,
	10.7078 12.5995,
	10.7243 12.6125,
	10.7316 12.6185,
	10.7358 12.6208,
	10.7658 12.6558,
	10.799 12.6804,
	10.807 12.6874,
	10.8113 12.6898,
	10.8193 12.698,
	10.8247 12.7074,
	10.8412 12.7447,
	10.8607 12.7807,
	10.863 12.7898,
	10.8639 12.8082,
	10.8584 12.8455,
	10.8442 12.8833,
	10.8391 12.8928,
	10.8347 12.9044,
	10.8327 12.9096,
	10.8326 12.9099,
	10.8247 12.9307,
	10.8189 12.9496,
	10.8155 12.9591,
	10.8149 12.9639,
	10.8103 12.9733,
	10.8061 12.9791,
	10.8031 12.9873,
	10.8025 12.9922,
	10.7977 13.0021,
	10.7906 13.0121,
	10.772 13.031,
	10.7628 13.0386,
	10.7595 13.0411,
	10.7591 13.0432,
	10.7611 13.0457,
	10.7616 13.0656,
	10.76 13.0755,
	10.7508 13.0955,
	10.7477 13.1008,
	10.7465 13.1084,
	10.7372 13.1288,
	10.7254 13.1492,
	10.7157 13.1696,
	10.7115 13.1798,
	10.7093 13.1849,
	10.7048 13.1901,
	10.6938 13.2105,
	10.6839 13.2196,
	"/>
</Transform>

<Transform dim="0"
 xcoef=" 0 1 0 0 0 0"
 ycoef=" 0 0 1 0 0 0">
<Contour name="d06sp26" hidden="false" closed="true" simplified="true" border="1 0 0" fill="1 0 0" mode="11"
 points="8.17838 10.697,
	8.17213 10.6838,
	8.17057 10.6805,
	8.1733 10.6652,
	8.17371 10.6614,
	8.1851 10.6297,
	8.19102 10.6138,
	8.19584 10.598,
	8.20045 10.567,
	8.20397 10.5356,
	8.20448 10.5278,
	8.20346 10.5124,
	8.20313 10.5046,
	8.20412 10.4886,
	8.2034 10.4808,
	8.20186 10.4732,
	8.20038 10.4575,
	8.20049 10.4414,
	8.19855 10.4256,
	8.19736 10.4178,
	8.19866 10.4012,
	8.1991 10.397,
	8.19926 10.3954,
	8.1993 10.3949,
	8.20265 10.386,
	8.20969 10.3803,
	8.21322 10.3775,
	8.22813 10.359,
	8.23189 10.3542,
	8.23372 10.3523,
	8.2475 10.3444,
	8.25442 10.3404,
	8.26781 10.3358,
	8.28106 10.3323,
	8.2876 10.3311,
	8.29101 10.3295,
	8.3037 10.3297,
	8.31008 10.3296,
	8.32246 10.3315,
	8.33464 10.3345,
	8.38323 10.3418,
	8.38623 10.3425,
	8.39702 10.3511,
	8.40202 10.3574,
	8.40959 10.3724,
	8.41116 10.3762,
	8.41296 10.4076,
	8.41298 10.4116,
	8.41336 10.4135,
	8.4116 10.4296,
	8.40876 10.4457,
	8.40735 10.4538,
	8.40591 10.4579,
	8.40521 10.4599,
	8.40021 10.4683,
	8.39772 10.4724,
	8.37037 10.501,
	8.36353 10.5088,
	8.351 10.5262,
	8.34439 10.535,
	8.3214 10.5698,
	8.30771 10.5861,
	8.30097 10.5935,
	8.2743 10.6194,
	8.26763 10.6258,
	8.2643 10.6288,
	8.26267 10.6301,
	8.24951 10.6475,
	8.2429 10.6561,
	8.22929 10.671,
	8.22258 10.6778,
	8.20941 10.6888,
	8.20311 10.6915,
	8.19992 10.6931,
	8.19371 10.695,
	8.18142 10.6968,
	"/>
</Transform>

<Transform dim="0"
 xcoef=" 0 1 0 0 0 0"
 ycoef=" 0 0 1 0 0 0">
<Contour name="d54sp30" hidden="false" closed="true" simplified="true" border="1 0 0" fill="1 0 0" mode="11"
 points="6.18064 9.39999,
	6.17978 9.39695,
	6.17859 9.37266,
	6.17524 9.34861,
	6.16848 9.32501,
	6.16069 9.30186,
	6.15591 9.29052,
	6.14316 9.26846,
	6.12691 9.24741,
	6.10956 9.22922,
	6.09064 9.21786,
	6.08087 9.21301,
	6.0426 9.19958,
	6.0232 9.19269,
	6.01824 9.19148,
	6.0158 9.19051,
	6.01523 9.18994,
	6.09806 9.16459,
	6.12002 9.15825,
	6.13092 9.15559,
	6.15212 9.15402,
	6.17212 9.16021,
	6.19147 9.16818,
	6.20973 9.17961,
	6.21884 9.18476,
	6.23628 9.1989,
	6.24529 9.20429,
	6.24978 9.207,
	6.26865 9.21363,
	6.28719 9.22336,
	6.32593 9.23884,
	6.34559 9.24816,
	6.35541 9.25397,
	6.36034 9.25688,
	6.37946 9.27526,
	6.38884 9.28707,
	6.39071 9.29905,
	6.391 9.30202,
	6.38459 9.31411,
	6.38036 9.32016,
	6.35689 9.33155,
	6.33463 9.33533,
	6.29233 9.33086,
	6.27134 9.33005,
	6.24967 9.33511,
	6.22794 9.34165,
	6.21664 9.34927,
	6.21112 9.35328,
	6.20129 9.36577,
	6.19671 9.372,
	6.18289 9.39686,
	"/>
</Transform>

<Transform dim="0"
 xcoef=" 0 1 0 0 0 0"
 ycoef=" 0 0 1 0 0 0">
<Contour name="d04sp25" hidden="false" closed="true" simplified="true" border="1 0 0" fill="1 0 0" mode="11"
 points="9.98748 7.83326,
	9.94899 7.83249,
	9.92999 7.8319,
	9.85587 7.82199,
	9.8375 7.81926,
	9.80057 7.81534,
	9.72623 7.80942,
	9.68882 7.80638,
	9.67006 7.80457,
	9.63278 7.79845,
	9.62347 7.7966,
	9.60508 7.79105,
	9.5959 7.78797,
	9.56027 7.76824,
	9.52473 7.74567,
	9.52021 7.74294,
	9.48551 7.71427,
	9.46919 7.69619,
	9.46107 7.68692,
	9.45702 7.68229,
	9.45237 7.6632,
	9.44907 7.64424,
	9.44775 7.62533,
	9.44902 7.60648,
	9.45283 7.58763,
	9.46354 7.55011,
	9.46574 7.54082,
	9.46831 7.52236,
	9.46884 7.52005,
	9.469 7.51948,
	9.48064 7.48189,
	9.48774 7.44428,
	9.48965 7.43481,
	9.49271 7.42523,
	9.49753 7.41546,
	9.51229 7.39531,
	9.52281 7.38485,
	9.53616 7.36446,
	9.54017 7.35446,
	9.54003 7.33521,
	9.54028 7.33035,
	9.54307 7.32037,
	9.54503 7.31531,
	9.55912 7.2943,
	9.58405 7.25209,
	9.59911 7.23058,
	9.60327 7.22511,
	9.60534 7.22238,
	9.61486 7.21866,
	9.63327 7.21494,
	9.65374 7.19607,
	9.65874 7.19233,
	9.67803 7.18167,
	9.68774 7.17608,
	9.70679 7.16751,
	9.72575 7.16033,
	9.73531 7.15617,
	9.77325 7.14373,
	9.8113 7.133,
	9.83034 7.12838,
	9.83078 7.1332,
	9.82993 7.143,
	9.82728 7.15295,
	9.82596 7.15791,
	9.82156 7.16802,
	9.81599 7.17821,
	9.78619 7.21981,
	9.77162 7.24073,
	9.73125 7.32306,
	9.7202 7.34376,
	9.71141 7.36415,
	9.70703 7.37432,
	9.70395 7.39392,
	9.70664 7.41281,
	9.708 7.42226,
	9.71379 7.44078,
	9.72194 7.45883,
	9.7298 7.4676,
	9.73374 7.47198,
	9.75039 7.48365,
	9.78421 7.50382,
	9.80165 7.51041,
	9.81033 7.51404,
	9.84565 7.52439,
	9.86331 7.52987,
	9.8722 7.53232,
	9.90841 7.53835,
	9.94522 7.54284,
	9.95452 7.54388,
	9.95923 7.54407,
	9.99605 7.55491,
	10.0146 7.56121,
	10.024 7.56424,
	10.0333 7.56841,
	10.0513 7.58197,
	10.0558 7.58545,
	10.0748 7.59285,
	10.0943 7.59778,
	10.1041 7.59994,
	10.1235 7.60663,
	10.1283 7.60831,
	10.1375 7.61526,
	10.1421 7.61817,
	10.1444 7.62022,
	10.1475 7.62923,
	10.1492 7.63843,
	10.1497 7.64783,
	10.1496 7.65259,
	10.1499 7.65492,
	10.1397 7.67534,
	10.1343 7.68564,
	10.1195 7.70693,
	10.112 7.71768,
	10.1035 7.73836,
	10.0993 7.74879,
	10.0971 7.75401,
	10.0938 7.77423,
	10.0914 7.78451,
	10.0858 7.7953,
	10.083 7.80072,
	10.0813 7.80349,
	10.0697 7.81278,
	10.0584 7.82084,
	10.0375 7.82721,
	10.027 7.83069,
	"/>
</Transform>

<Transform dim="0"
 xcoef=" 0 1 0 0 0 0"
 ycoef=" 0 0 1 0 0 0">
<Contour name="d04sph25" hidden="false" closed="true" simplified="true" border="1 0 0" fill="1 0 0" mode="11"
 points="9.87124 7.82432,
	9.85824 7.82203,
	9.80599 7.8158,
	9.70054 7.80737,
	9.674 7.80479,
	9.64756 7.80089,
	9.63432 7.79874,
	9.62118 7.79567,
	9.60816 7.79175,
	9.60484 7.79112,
	9.59843 7.78847,
	9.59519 7.7874,
	9.56998 7.77337,
	9.5573 7.76641,
	9.53213 7.7504,
	9.51947 7.74225,
	9.49472 7.72215,
	9.48873 7.71682,
	9.48567 7.71435,
	9.46296 7.68879,
	9.45722 7.68223,
	9.45109 7.65521,
	9.44876 7.64184,
	9.44784 7.62845,
	9.4483 7.61507,
	9.45008 7.60168,
	9.45279 7.58833,
	9.46039 7.56171,
	9.46395 7.54848,
	9.46662 7.53535,
	9.46845 7.5223,
	9.46882 7.52064,
	9.46902 7.51983,
	9.46911 7.51941,
	9.47741 7.49283,
	9.48131 7.47947,
	9.48644 7.45278,
	9.48873 7.43948,
	9.49267 7.42596,
	9.49566 7.41909,
	9.49758 7.41559,
	9.50806 7.40132,
	9.51077 7.39773,
	9.51191 7.39597,
	9.51938 7.38855,
	9.52288 7.38485,
	9.53235 7.37042,
	9.53684 7.3632,
	9.53926 7.35618,
	9.53999 7.35439,
	9.5399 7.34076,
	9.54025 7.33389,
	9.54043 7.33046,
	9.54199 7.32341,
	9.54437 7.3163,
	9.55439 7.30144,
	9.55956 7.29395,
	9.57725 7.26409,
	9.58627 7.24907,
	9.59651 7.23386,
	9.60244 7.22613,
	9.60539 7.22225,
	9.61871 7.21789,
	9.63175 7.21525,
	9.63335 7.21501,
	9.64789 7.20164,
	9.65513 7.19497,
	9.65865 7.1923,
	9.686 7.17726,
	9.69957 7.1707,
	9.72652 7.15963,
	9.73324 7.15714,
	9.73667 7.15544,
	9.7904 7.13886,
	9.81737 7.13177,
	9.82413 7.12992,
	9.8275 7.12924,
	9.82922 7.12864,
	9.83039 7.129,
	9.83061 7.13585,
	9.82997 7.1428,
	9.82623 7.1569,
	9.82354 7.16401,
	9.81605 7.17843,
	9.77386 7.23747,
	9.76598 7.25209,
	9.7374 7.31044,
	9.72253 7.33971,
	9.72035 7.34338,
	9.70833 7.37221,
	9.70725 7.37404,
	9.70507 7.38793,
	9.70439 7.39482,
	9.7078 7.42164,
	9.71192 7.43479,
	9.71685 7.44769,
	9.71994 7.45408,
	9.72148 7.45727,
	9.72205 7.4589,
	9.73319 7.4713,
	9.74493 7.47997,
	9.75083 7.48416,
	9.77485 7.49794,
	9.78082 7.50175,
	9.79304 7.50728,
	9.8054 7.51197,
	9.81154 7.51455,
	9.83655 7.52186,
	9.84911 7.52531,
	9.86155 7.52965,
	9.87421 7.53267,
	9.92574 7.54068,
	9.95194 7.54374,
	9.95861 7.54405,
	9.98459 7.55183,
	9.99774 7.55555,
	10.0242 7.56433,
	10.0307 7.56731,
	10.034 7.56898,
	10.0468 7.5786,
	10.0531 7.58356,
	10.0564 7.58563,
	10.0699 7.59087,
	10.0767 7.59327,
	10.0905 7.59675,
	10.0939 7.59793,
	10.1009 7.59904,
	10.1284 7.60811,
	10.1414 7.61755,
	10.1446 7.62007,
	10.1481 7.63292,
	10.1493 7.63946,
	10.1495 7.65285,
	10.1497 7.65453,
	10.1358 7.68342,
	10.131 7.69086,
	10.1281 7.69467,
	10.1269 7.69654,
	10.1263 7.69747,
	10.124 7.69821,
	10.1087 7.71191,
	10.1055 7.71539,
	10.0983 7.72118,
	10.0941 7.72479,
	10.0922 7.72552,
	10.0921 7.7264,
	10.0845 7.73142,
	10.081 7.73411,
	10.0789 7.73571,
	10.0783 7.73666,
	10.0774 7.73682,
	10.0734 7.73959,
	10.0718 7.74111,
	10.0709 7.74126,
	10.0668 7.7445,
	10.0652 7.74604,
	10.0574 7.75027,
	10.05 7.75533,
	10.048 7.75652,
	10.0459 7.75857,
	10.044 7.7593,
	10.042 7.76093,
	10.0411 7.76106,
	10.0333 7.76619,
	10.018 7.77416,
	10.0162 7.77445,
	10.0123 7.77676,
	10.0105 7.77702,
	10.003 7.78074,
	9.99563 7.78354,
	9.99191 7.78537,
	9.99012 7.78561,
	9.97543 7.79153,
	9.96817 7.79422,
	9.95396 7.79774,
	9.94698 7.79898,
	9.93978 7.80155,
	9.93283 7.80274,
	9.92574 7.80483,
	9.91851 7.80803,
	9.91488 7.80983,
	9.90783 7.81208,
	9.90598 7.81318,
	9.90427 7.8134,
	9.90065 7.81518,
	9.89715 7.81604,
	9.8953 7.81717,
	9.89447 7.81725,
	9.89348 7.81829,
	9.88639 7.82089,
	9.87273 7.8228,
	"/>
</Transform>

<Transform dim="0"
 xcoef=" 0 1 0 0 0 0"
 ycoef=" 0 0 1 0 0 0">
<Contour name="d54sp29" hidden="false" closed="true" simplified="true" border="1 0 0" fill="1 0 0" mode="11"
 points="6.08992 9.92576,
	6.06389 9.92294,
	6.03857 9.916,
	6.02608 9.91195,
	6.0141 9.90479,
	5.99129 9.88515,
	5.98037 9.87368,
	5.96916 9.86527,
	5.96354 9.86155,
	5.95192 9.85719,
	5.92946 9.84532,
	5.9181 9.84091,
	5.91673 9.83997,
	5.91616 9.83898,
	5.92257 9.83653,
	5.94729 9.83288,
	5.95982 9.82997,
	5.97209 9.82911,
	6.02298 9.81396,
	6.03597 9.80786,
	6.04936 9.79762,
	6.0579 9.78065,
	6.06127 9.77736,
	6.0629 9.77624,
	6.06451 9.79245,
	6.06453 9.80062,
	6.07006 9.83294,
	6.07164 9.84102,
	6.08126 9.85659,
	6.1046 9.88319,
	6.11557 9.89746,
	6.1165 9.90543,
	6.11716 9.90739,
	6.1131 9.91578,
	6.11024 9.92003,
	6.10333 9.92362,
	"/>
</Transform>

<Transform dim="0"
 xcoef=" 0 1 0 0 0 0"
 ycoef=" 0 0 1 0 0 0">
<Contour name="d04_Interest_25" hidden="false" closed="true" simplified="true" border="0 0 0" fill="0 0 0" mode="11"
 points="10.5513 8.64695,
	10.5329 8.60709,
	10.5738 8.60306,
	"/>
</Transform>

<Transform dim="0"
 xcoef=" 0 1 0 0 0 0"
 ycoef=" 0 0 1 0 0 0">
<Contour name="d06sph27" hidden="false" closed="true" simplified="true" border="1 0 0" fill="1 0 0" mode="11"
 points="9.06293 10.73,
	9.05553 10.7265,
	9.05189 10.7244,
	9.02336 10.7022,
	9.00917 10.6908,
	9.00208 10.6849,
	8.99856 10.6817,
	8.98478 10.6671,
	8.9813 10.6637,
	8.97586 10.6551,
	8.96866 10.6376,
	8.9654 10.6288,
	8.96053 10.6111,
	8.95937 10.6067,
	8.95639 10.5887,
	8.95503 10.5796,
	8.95423 10.5425,
	8.9545 10.5236,
	8.95776 10.4849,
	8.96031 10.465,
	8.96141 10.4551,
	8.96809 10.4345,
	8.9717 10.4242,
	8.99237 10.3817,
	9.00369 10.3603,
	9.00662 10.3549,
	9.00728 10.3536,
	9.00763 10.3529,
	9.00856 10.3522,
	9.00988 10.3518,
	9.0108 10.3511,
	9.01175 10.3497,
	9.01483 10.3469,
	9.01646 10.3443,
	9.02087 10.3388,
	9.02761 10.3281,
	9.03315 10.3174,
	9.03947 10.3068,
	9.04013 10.3055,
	9.04104 10.3048,
	9.04443 10.2995,
	9.04599 10.2969,
	9.04689 10.2956,
	9.0478 10.2949,
	9.04932 10.2923,
	9.05705 10.2818,
	9.06057 10.2766,
	9.06233 10.274,
	9.06348 10.2727,
	9.06407 10.2714,
	9.06779 10.2663,
	9.07616 10.256,
	9.077 10.2553,
	9.07893 10.2528,
	9.07975 10.2522,
	9.08001 10.2515,
	9.08138 10.2503,
	9.08219 10.249,
	9.08492 10.2465,
	9.08706 10.2439,
	9.08838 10.2427,
	9.08864 10.2421,
	9.09093 10.2399,
	9.09212 10.2389,
	9.09239 10.2383,
	9.09503 10.2358,
	9.09741 10.2339,
	9.09871 10.2327,
	9.09937 10.2324,
	9.09961 10.2317,
	9.10106 10.2308,
	9.10212 10.2296,
	9.10741 10.2249,
	9.10985 10.2234,
	9.11522 10.2192,
	9.11789 10.217,
	9.12245 10.214,
	9.12533 10.2119,
	9.12736 10.2107,
	9.13273 10.2074,
	9.13537 10.2059,
	9.13671 10.2051,
	9.13724 10.2051,
	9.13984 10.2036,
	9.14037 10.2036,
	9.14171 10.2027,
	9.15098 10.1999,
	9.15341 10.199,
	9.15559 10.1987,
	9.15662 10.1987,
	9.15788 10.1981,
	9.17441 10.1977,
	9.18974 10.1996,
	9.19317 10.2009,
	9.19511 10.201,
	9.19681 10.2017,
	9.20434 10.2023,
	9.20802 10.2027,
	9.21467 10.2052,
	9.22143 10.2071,
	9.22446 10.2089,
	9.23713 10.2138,
	9.23787 10.2142,
	9.23831 10.2142,
	9.23827 10.2149,
	9.24127 10.2164,
	9.24186 10.217,
	9.24347 10.2175,
	9.24481 10.2186,
	9.24653 10.2187,
	9.24714 10.2194,
	9.24871 10.2199,
	9.2493 10.2206,
	9.25089 10.221,
	9.25173 10.2211,
	9.25302 10.2222,
	9.25459 10.2227,
	9.25589 10.2237,
	9.25672 10.2238,
	9.26205 10.2276,
	9.26469 10.2295,
	9.26593 10.2306,
	9.26758 10.2308,
	9.26894 10.2316,
	9.27082 10.2318,
	9.27559 10.2513,
	9.28114 10.2686,
	9.28409 10.2768,
	9.2855 10.2811,
	9.28588 10.2822,
	9.28612 10.2826,
	9.28229 10.2932,
	9.27883 10.3038,
	9.27604 10.3146,
	9.27452 10.3255,
	9.27412 10.3282,
	9.27412 10.3309,
	9.27564 10.342,
	9.27595 10.3448,
	9.27969 10.3526,
	9.28165 10.3564,
	9.2866 10.3621,
	9.28916 10.3649,
	9.31699 10.3728,
	9.33166 10.3765,
	9.34621 10.3815,
	9.35359 10.3841,
	9.36083 10.3874,
	9.3642 10.3898,
	9.37068 10.3954,
	9.37239 10.3966,
	9.37328 10.3971,
	9.37869 10.4061,
	9.38332 10.4152,
	9.38719 10.4246,
	9.38948 10.4293,
	9.39162 10.4386,
	9.39272 10.448,
	9.39285 10.4574,
	9.39252 10.4621,
	9.39309 10.4667,
	9.39303 10.4678,
	9.38827 10.4775,
	9.38732 10.4798,
	9.38671 10.481,
	9.36431 10.4986,
	9.35335 10.5072,
	9.34795 10.5114,
	9.33774 10.5176,
	9.33265 10.5206,
	9.31307 10.5304,
	9.30336 10.5353,
	9.2641 10.5586,
	9.24472 10.5703,
	9.2353 10.5759,
	9.19786 10.6014,
	9.17952 10.614,
	9.17047 10.6202,
	9.16616 10.6236,
	9.14957 10.6407,
	9.14548 10.6449,
	9.14189 10.6492,
	9.14011 10.6513,
	9.12368 10.6852,
	9.12267 10.6873,
	9.12231 10.6883,
	9.11428 10.6967,
	9.09763 10.7133,
	9.09336 10.7169,
	9.09228 10.7179,
	9.09127 10.7185,
	9.08338 10.7197,
	9.08142 10.7199,
	9.07937 10.721,
	9.07103 10.7267,
	9.06894 10.7282,
	9.06493 10.7295,
	"/>
</Transform>

<Transform dim="0"
 xcoef=" 0 1 0 0 0 0"
 ycoef=" 0 0 1 0 0 0">
<Contour name="d37c18" hidden="false" closed="true" simplified="true" border="0 0 1" fill="0 0 1" mode="11"
 points="10.4968 12.9595,
	10.4879 12.9575,
	10.4859 12.9557,
	10.4837 12.955,
	10.4757 12.9483,
	10.4715 12.9447,
	10.4711 12.9434,
	10.4699 12.9434,
	10.4634 12.935,
	10.4608 12.9254,
	10.4606 12.9206,
	10.4609 12.9183,
	10.461 12.9171,
	10.461 12.9165,
	10.467 12.9069,
	10.4713 12.9028,
	10.4727 12.9019,
	10.4702 12.8937,
	10.47 12.8891,
	10.4702 12.8869,
	10.4703 12.8857,
	10.4702 12.8852,
	10.4762 12.876,
	10.4805 12.8721,
	10.4853 12.8693,
	10.4947 12.8672,
	10.4992 12.8668,
	10.5038 12.8686,
	10.5081 12.8716,
	10.5155 12.8798,
	10.5192 12.8828,
	10.5234 12.8869,
	10.526 12.8916,
	10.5275 12.894,
	10.5272 12.9031,
	10.5269 12.9077,
	10.5253 12.9122,
	10.5228 12.9167,
	10.5189 12.9212,
	10.5166 12.9233,
	10.5175 12.9248,
	10.5171 12.9343,
	10.5167 12.9392,
	10.5151 12.944,
	10.5125 12.9488,
	10.5086 12.9536,
	10.5062 12.956,
	10.5015 12.9583,
	"/>
</Transform>

<Transform dim="0"
 xcoef=" 0 1 0 0 0 0"
 ycoef=" 0 0 1 0 0 0">
<Contour name="d06sp27" hidden="false" closed="true" simplified="true" border="1 0 0" fill="1 0 0" mode="11"
 points="9.06277 10.73,
	9.05214 10.7246,
	9.01094 10.6925,
	9.0007 10.6839,
	8.98072 10.663,
	8.97663 10.6567,
	8.96624 10.6315,
	8.95928 10.6059,
	8.95509 10.5798,
	8.9545 10.5259,
	8.95981 10.4696,
	8.96133 10.4552,
	8.97121 10.4254,
	9.0016 10.3639,
	9.0101 10.3484,
	9.01395 10.3407,
	9.04575 10.2221,
	9.04676 10.2151,
	9.04379 10.1875,
	9.04047 10.1741,
	9.03419 10.1608,
	9.01283 10.1375,
	9.00202 10.1256,
	8.9972 10.1201,
	8.9874 10.0943,
	8.98257 10.0815,
	8.98218 10.08,
	8.98154 10.0792,
	8.98343 10.0783,
	9.00752 10.0863,
	9.03214 10.0896,
	9.04535 10.0909,
	9.0725 10.0896,
	9.08589 10.0887,
	9.09245 10.0886,
	9.14726 10.0753,
	9.17371 10.0697,
	9.18699 10.0658,
	9.21614 10.0432,
	9.23114 10.0324,
	9.23398 10.03,
	9.23149 10.0426,
	9.22557 10.0677,
	9.22495 10.0709,
	9.23197 10.0966,
	9.24792 10.15,
	9.25018 10.1638,
	9.25754 10.1926,
	9.2606 10.2074,
	9.27066 10.2308,
	9.27388 10.2456,
	9.27764 10.2587,
	9.28625 10.2824,
	9.28068 10.2978,
	9.27632 10.3133,
	9.27386 10.329,
	9.27606 10.345,
	9.28156 10.3562,
	9.28876 10.3644,
	9.32943 10.3759,
	9.35055 10.3831,
	9.36116 10.3874,
	9.37066 10.3951,
	9.37317 10.3967,
	9.38103 10.4096,
	9.38653 10.4233,
	9.38983 10.43,
	9.39254 10.4435,
	9.39307 10.4571,
	9.39261 10.4638,
	9.39323 10.4672,
	9.38682 10.481,
	9.35566 10.5053,
	9.34782 10.5115,
	9.33309 10.5204,
	9.30484 10.5345,
	9.24831 10.568,
	9.23462 10.5761,
	9.18086 10.6129,
	9.16772 10.6222,
	9.14462 10.646,
	9.13947 10.6521,
	9.12769 10.6767,
	9.12198 10.6888,
	9.09818 10.7129,
	9.09201 10.7181,
	9.08059 10.7203,
	9.06852 10.7285,
	"/>
</Transform>

<Transform dim="0"
 xcoef=" 0 1 0 0 0 0"
 ycoef=" 0 0 1 0 0 0">
<Contour name="d06sph26" hidden="false" closed="true" simplified="true" border="1 0 0" fill="1 0 0" mode="11"
 points="8.17838 10.697,
	8.17213 10.6838,
	8.17057 10.6805,
	8.1733 10.6652,
	8.17371 10.6614,
	8.1851 10.6297,
	8.19102 10.6138,
	8.19584 10.598,
	8.20045 10.567,
	8.20397 10.5356,
	8.20448 10.5278,
	8.20346 10.5124,
	8.20313 10.5046,
	8.20412 10.4886,
	8.2034 10.4808,
	8.20186 10.4732,
	8.20038 10.4575,
	8.20049 10.4414,
	8.19855 10.4256,
	8.19736 10.4178,
	8.19866 10.4012,
	8.1991 10.397,
	8.19926 10.3954,
	8.1993 10.3949,
	8.20265 10.386,
	8.20969 10.3803,
	8.21322 10.3775,
	8.22813 10.359,
	8.23189 10.3542,
	8.23372 10.3523,
	8.2475 10.3444,
	8.25442 10.3404,
	8.26781 10.3358,
	8.28106 10.3323,
	8.2876 10.3311,
	8.29101 10.3295,
	8.3037 10.3297,
	8.31008 10.3296,
	8.32246 10.3315,
	8.33464 10.3345,
	8.38323 10.3418,
	8.38623 10.3425,
	8.39702 10.3511,
	8.40202 10.3574,
	8.40959 10.3724,
	8.41116 10.3762,
	8.41296 10.4076,
	8.41298 10.4116,
	8.41336 10.4135,
	8.4116 10.4296,
	8.40876 10.4457,
	8.40735 10.4538,
	8.40591 10.4579,
	8.40521 10.4599,
	8.40021 10.4683,
	8.39772 10.4724,
	8.37037 10.501,
	8.36353 10.5088,
	8.351 10.5262,
	8.34439 10.535,
	8.3214 10.5698,
	8.30771 10.5861,
	8.30097 10.5935,
	8.2743 10.6194,
	8.26763 10.6258,
	8.2643 10.6288,
	8.26267 10.6301,
	8.24951 10.6475,
	8.2429 10.6561,
	8.22929 10.671,
	8.22258 10.6778,
	8.20941 10.6888,
	8.20311 10.6915,
	8.19992 10.6931,
	8.19371 10.695,
	8.18142 10.6968,
	"/>
</Transform>

<Transform dim="0"
 xcoef=" 0 1 0 0 0 0"
 ycoef=" 0 0 1 0 0 0">
<Contour name="d54sp31" hidden="false" closed="true" simplified="true" border="1 0 0" fill="1 0 0" mode="11"
 points="4.27536 11.1888,
	4.26501 11.1875,
	4.25484 11.185,
	4.24486 11.181,
	4.24 11.1779,
	4.23337 11.1674,
	4.22876 11.1567,
	4.22551 11.1459,
	4.21661 11.1246,
	4.21474 11.1193,
	4.20227 11.0985,
	4.19188 11.0774,
	4.19012 11.0748,
	4.19003 11.0525,
	4.18886 11.0304,
	4.18706 11.0195,
	4.18682 11.014,
	4.18633 11.0119,
	4.1864 11.0112,
	4.1936 10.9995,
	4.20397 10.9965,
	4.22458 10.9932,
	4.24515 10.9922,
	4.26596 10.9898,
	4.2765 10.9869,
	4.2845 10.976,
	4.28688 10.9703,
	4.28972 10.9591,
	4.29066 10.948,
	4.29115 10.9425,
	4.29205 10.9397,
	4.30846 10.9165,
	4.31229 10.9108,
	4.3172 10.9069,
	4.32819 10.9013,
	4.34899 10.9033,
	4.36976 10.9081,
	4.38022 10.9108,
	4.40153 10.9136,
	4.42331 10.9151,
	4.43439 10.9152,
	4.4565 10.9183,
	4.46735 10.9234,
	4.47281 10.9259,
	4.47517 10.9314,
	4.48715 10.9753,
	4.48887 10.9808,
	4.49003 11.003,
	4.48997 11.0141,
	4.49027 11.0197,
	4.48743 11.0421,
	4.48607 11.0533,
	4.47715 11.076,
	4.47451 11.0817,
	4.45586 11.1044,
	4.45159 11.1101,
	4.42778 11.1227,
	4.416 11.1287,
	4.39222 11.1443,
	4.38055 11.1511,
	4.36879 11.1593,
	4.35688 11.1698,
	4.35386 11.1727,
	4.34256 11.1783,
	4.33691 11.1814,
	4.33406 11.183,
	4.29115 11.1882,
	4.28062 11.1883,
	"/>
</Transform>

<Transform dim="0"
 xcoef=" 0 1 0 0 0 0"
 ycoef=" 0 0 1 0 0 0">
<Contour name="d54sp31" hidden="false" closed="true" simplified="true" border="1 0 0" fill="1 0 0" mode="11"
 points="4.95743 10.2233,
	4.95446 10.2223,
	4.95298 10.2222,
	4.9471 10.2149,
	4.94272 10.2076,
	4.9421 10.1944,
	4.9421 10.1935,
	4.95261 10.1797,
	4.96454 10.173,
	4.97053 10.1696,
	4.99455 10.1613,
	5.00061 10.1587,
	5.01288 10.148,
	5.0219 10.1343,
	5.04403 10.1047,
	5.06804 10.0745,
	5.07469 10.0668,
	5.1012 10.0444,
	5.11461 10.0345,
	5.14121 10.0241,
	5.16849 10.0107,
	5.1823 10.0045,
	5.18573 10.0034,
	5.21504 9.97182,
	5.24219 9.94033,
	5.2558 9.92466,
	5.27234 9.90981,
	5.28051 9.90385,
	5.28445 9.90182,
	5.29891 9.9022,
	5.30623 9.90189,
	5.3097 9.9027,
	5.32252 9.91158,
	5.32869 9.91697,
	5.3339 9.93177,
	5.33635 9.9467,
	5.3297 10.0073,
	5.32803 10.0223,
	5.32765 10.0298,
	5.32703 10.0336,
	5.31704 10.0491,
	5.30931 10.0561,
	5.28055 10.0727,
	5.25208 10.0919,
	5.23862 10.0963,
	5.23182 10.0995,
	5.17961 10.1095,
	5.16666 10.1119,
	5.16023 10.1131,
	5.15706 10.1132,
	5.10461 10.1439,
	5.07927 10.1591,
	5.02981 10.1855,
	5.01761 10.1916,
	4.99332 10.2088,
	4.9813 10.2164,
	4.97531 10.2197,
	4.96337 10.2227,
	"/>
</Transform>

<Transform dim="0"
 xcoef=" 0 1 0 0 0 0"
 ycoef=" 0 0 1 0 0 0">
<Contour name="d54sp31" hidden="false" closed="true" simplified="true" border="1 0 0" fill="1 0 0" mode="11"
 points="5.54924 9.87996,
	5.54113 9.87731,
	5.53334 9.87287,
	5.52585 9.86657,
	5.51852 9.85908,
	5.50608 9.84043,
	5.50229 9.83101,
	5.49956 9.81209,
	5.49839 9.79317,
	5.49751 9.78848,
	5.49784 9.76961,
	5.49758 9.76078,
	5.49767 9.76021,
	5.49831 9.75959,
	5.51202 9.77756,
	5.51947 9.78562,
	5.52319 9.78965,
	5.53904 9.79861,
	5.55523 9.80456,
	5.57143 9.80925,
	5.58769 9.81271,
	5.62014 9.81713,
	5.63615 9.81929,
	5.64014 9.81966,
	5.64056 9.82024,
	5.6236 9.82402,
	5.61937 9.82482,
	5.61026 9.82995,
	5.60079 9.83688,
	5.59599 9.84063,
	5.59147 9.84554,
	5.58894 9.84803,
	5.58302 9.85774,
	5.58002 9.8626,
	5.57192 9.87245,
	5.56225 9.87881,
	5.55355 9.87978,
	"/>
</Transform>

<Transform dim="0"
 xcoef=" 0 1 0 0 0 0"
 ycoef=" 0 0 1 0 0 0">
<Contour name="d01p30" hidden="false" closed="true" simplified="true" border="1 0 0" fill="1 0 0" mode="11"
 points="8.21568 11.1009,
	8.20853 11.0899,
	8.2189 11.0777,
	8.22603 11.0886,
	"/>
</Transform>

<Transform dim="0"
 xcoef=" 0 1 0 0 0 0"
 ycoef=" 0 0 1 0 0 0">
<Contour name="d54sph31" hidden="false" closed="true" simplified="true" border="1 0 0" fill="1 0 0" mode="11"
 points="4.27536 11.1888,
	4.26501 11.1875,
	4.25484 11.185,
	4.24486 11.181,
	4.24 11.1779,
	4.23337 11.1674,
	4.22876 11.1567,
	4.22551 11.1459,
	4.21661 11.1246,
	4.21474 11.1193,
	4.20227 11.0985,
	4.19188 11.0774,
	4.19012 11.0748,
	4.19003 11.0525,
	4.18886 11.0304,
	4.18706 11.0195,
	4.18682 11.014,
	4.18633 11.0119,
	4.1864 11.0112,
	4.1936 10.9995,
	4.20397 10.9965,
	4.22458 10.9932,
	4.24515 10.9922,
	4.26596 10.9898,
	4.2765 10.9869,
	4.2845 10.976,
	4.28688 10.9703,
	4.28972 10.9591,
	4.29066 10.948,
	4.29115 10.9425,
	4.29205 10.9397,
	4.30846 10.9165,
	4.31229 10.9108,
	4.3172 10.9069,
	4.32819 10.9013,
	4.34899 10.9033,
	4.36976 10.9081,
	4.38022 10.9108,
	4.40153 10.9136,
	4.42331 10.9151,
	4.43439 10.9152,
	4.4565 10.9183,
	4.46735 10.9234,
	4.47281 10.9259,
	4.47517 10.9314,
	4.48715 10.9753,
	4.48887 10.9808,
	4.49003 11.003,
	4.48997 11.0141,
	4.49027 11.0197,
	4.48743 11.0421,
	4.48607 11.0533,
	4.47715 11.076,
	4.47451 11.0817,
	4.45586 11.1044,
	4.45159 11.1101,
	4.42778 11.1227,
	4.416 11.1287,
	4.39222 11.1443,
	4.38055 11.1511,
	4.36879 11.1593,
	4.35688 11.1698,
	4.35386 11.1727,
	4.34256 11.1783,
	4.33691 11.1814,
	4.33406 11.183,
	4.29115 11.1882,
	4.28062 11.1883,
	"/>
</Transform>

<Transform dim="0"
 xcoef=" 0 1 0 0 0 0"
 ycoef=" 0 0 1 0 0 0">
<Contour name="d35sp29" hidden="false" closed="true" simplified="true" border="1 0 0" fill="1 0 0" mode="11"
 points="14.7568 9.59975,
	14.7289 9.59306,
	14.7028 9.58132,
	14.678 9.56721,
	14.6656 9.5604,
	14.6427 9.53779,
	14.6311 9.5268,
	14.6282 9.52378,
	14.6233 9.49229,
	14.6244 9.47664,
	14.6254 9.4688,
	14.6257 9.46585,
	14.6258 9.46488,
	14.6355 9.43376,
	14.6541 9.403,
	14.6821 9.37264,
	14.6894 9.36508,
	14.7215 9.34381,
	14.7378 9.33269,
	14.7696 9.31908,
	14.8015 9.30807,
	14.8176 9.30239,
	14.8493 9.29638,
	14.8654 9.29317,
	14.93 9.28599,
	14.9465 9.2837,
	15.0128 9.28022,
	15.0462 9.27846,
	15.1105 9.28614,
	15.1683 9.31869,
	15.1753 9.32289,
	15.2008 9.34969,
	15.2072 9.35634,
	15.2159 9.38902,
	15.218 9.39734,
	15.2189 9.40153,
	15.2135 9.43614,
	15.2037 9.4714,
	15.2027 9.47582,
	15.1912 9.49375,
	15.1883 9.49822,
	15.1713 9.51619,
	15.162 9.524,
	15.1293 9.53865,
	15.0652 9.55668,
	15.0004 9.56833,
	14.8679 9.58777,
	14.8027 9.59737,
	14.7868 9.59973,
	"/>
</Transform>

<Transform dim="0"
 xcoef=" 0 1 0 0 0 0"
 ycoef=" 0 0 1 0 0 0">
<Contour name="d02sp23" hidden="false" closed="true" simplified="true" border="1 0 0" fill="1 0 0" mode="11"
 points="9.53898 7.99665,
	9.53862 7.99548,
	9.55758 7.95686,
	9.56688 7.93788,
	9.57692 7.90106,
	9.57872 7.88309,
	9.57628 7.86554,
	9.57399 7.85691,
	9.57062 7.84835,
	9.56509 7.83998,
	9.5626 7.83579,
	9.54825 7.81941,
	9.54512 7.81582,
	9.54466 7.81534,
	9.54693 7.81461,
	9.58108 7.81433,
	9.58945 7.81483,
	9.59372 7.81452,
	9.6264 7.81985,
	9.64254 7.82311,
	9.64657 7.82393,
	9.71298 7.82203,
	9.74594 7.8208,
	9.76272 7.81791,
	9.76695 7.81706,
	9.78265 7.82087,
	9.78804 7.82877,
	9.78992 7.83306,
	9.79058 7.84189,
	9.7897 7.85088,
	9.78899 7.85541,
	9.78604 7.86458,
	9.7843 7.8692,
	9.77481 7.87777,
	9.77239 7.88021,
	9.75442 7.89051,
	9.73696 7.89738,
	9.72824 7.90082,
	9.71108 7.90536,
	9.67552 7.92181,
	9.65791 7.92861,
	9.62226 7.94396,
	9.61356 7.94623,
	9.60446 7.95083,
	9.59517 7.95662,
	9.58535 7.96593,
	9.56628 7.9806,
	9.54774 7.9913,
	"/>
</Transform>

<Transform dim="0"
 xcoef=" 0 1 0 0 0 0"
 ycoef=" 0 0 1 0 0 0">
<Contour name="d54sph33" hidden="false" closed="true" simplified="true" border="1 0 0" fill="1 0 0" mode="11"
 points="6.50107 8.19043,
	6.47157 8.18668,
	6.45734 8.18116,
	6.45023 8.17838,
	6.43671 8.16869,
	6.42383 8.15581,
	6.41733 8.14982,
	6.4122 8.14174,
	6.40919 8.13767,
	6.40485 8.12124,
	6.40249 8.10468,
	6.40324 8.09634,
	6.4041 8.09215,
	6.4043 8.09112,
	6.40452 8.09006,
	6.42176 8.07427,
	6.43891 8.06258,
	6.44732 8.05723,
	6.4621 8.05701,
	6.47551 8.06405,
	6.52756 8.10052,
	6.53404 8.10532,
	6.54606 8.12095,
	6.55861 8.13329,
	6.56511 8.13789,
	6.57134 8.14445,
	6.56806 8.16063,
	6.56747 8.16466,
	6.56718 8.16667,
	6.55086 8.17871,
	6.53501 8.18666,
	6.53098 8.18886,
	"/>
</Transform>

<Transform dim="0"
 xcoef=" 0 1 0 0 0 0"
 ycoef=" 0 0 1 0 0 0">
<Contour name="d54sp33" hidden="false" closed="true" simplified="true" border="1 0 0" fill="1 0 0" mode="11"
 points="6.50107 8.19043,
	6.47157 8.18668,
	6.45734 8.18116,
	6.45023 8.17838,
	6.43671 8.16869,
	6.42383 8.15581,
	6.41733 8.14982,
	6.4122 8.14174,
	6.40919 8.13767,
	6.40485 8.12124,
	6.40249 8.10468,
	6.40324 8.09634,
	6.4041 8.09215,
	6.4043 8.09112,
	6.40452 8.09006,
	6.42176 8.07427,
	6.43891 8.06258,
	6.44732 8.05723,
	6.4621 8.05701,
	6.47551 8.06405,
	6.52756 8.10052,
	6.53404 8.10532,
	6.54606 8.12095,
	6.55861 8.13329,
	6.56511 8.13789,
	6.57134 8.14445,
	6.56806 8.16063,
	6.56747 8.16466,
	6.56718 8.16667,
	6.55086 8.17871,
	6.53501 8.18666,
	6.53098 8.18886,
	"/>
</Transform>

<Transform dim="0"
 xcoef=" 0 1 0 0 0 0"
 ycoef=" 0 0 1 0 0 0">
<Contour name="d54p29" hidden="false" closed="true" simplified="true" border="1 0 0" fill="1 0 0" mode="11"
 points="5.92814 9.76717,
	5.921 9.74037,
	5.94289 9.7385,
	"/>
</Transform>

<Transform dim="0"
 xcoef=" 0 1 0 0 0 0"
 ycoef=" 0 0 1 0 0 0">
<Contour name="d20c22" hidden="false" closed="true" simplified="true" border="0 0 1" fill="0 0 1" mode="11"
 points="12.5891 6.38012,
	12.5842 6.37904,
	12.5818 6.37849,
	12.5792 6.37314,
	12.5752 6.35151,
	12.5738 6.34073,
	12.5806 6.25467,
	12.5816 6.24397,
	12.5821 6.23864,
	12.5706 6.15391,
	12.5677 6.13253,
	12.567 6.12171,
	12.5673 6.09996,
	12.5678 6.08904,
	12.5685 6.08353,
	12.5681 6.08082,
	12.5683 6.07946,
	12.5684 6.07878,
	12.5716 6.07307,
	12.5738 6.07085,
	12.5844 6.06942,
	12.5893 6.07111,
	12.599 6.07723,
	12.6108 6.09824,
	12.626 6.14063,
	12.6351 6.18304,
	12.6385 6.20416,
	12.6391 6.20944,
	12.6382 6.23082,
	12.6376 6.2415,
	12.6172 6.32855,
	12.6035 6.37303,
	12.5991 6.3788,
	"/>
</Transform>

<Transform dim="0"
 xcoef=" 0 1 0 0 0 0"
 ycoef=" 0 0 1 0 0 0">
<Contour name="d35p27" hidden="false" closed="true" simplified="true" border="1 0 0" fill="1 0 0" mode="11"
 points="16.169 8.62788,
	16.162 8.6107,
	16.1805 8.60927,
	"/>
</Transform>

<Transform dim="0"
 xcoef=" 0 1 0 0 0 0"
 ycoef=" 0 0 1 0 0 0">
<Contour name="d20p22" hidden="false" closed="true" simplified="true" border="1 0 0" fill="1 0 0" mode="11"
 points="12.5374 6.26121,
	12.5256 6.24817,
	12.5398 6.23397,
	12.5516 6.24696,
	"/>
</Transform>

<Transform dim="0"
 xcoef=" 0 1 0 0 0 0"
 ycoef=" 0 0 1 0 0 0">
<Contour name="d34sp35" hidden="false" closed="true" simplified="true" border="1 0 0" fill="1 0 0" mode="11"
 points="3.78207 10.0157,
	3.77015 10.0147,
	3.75873 10.0093,
	3.74695 10.0064,
	3.7412 10.0036,
	3.73525 10.0027,
	3.72371 9.99706,
	3.71803 9.99336,
	3.71508 9.99241,
	3.71376 9.99058,
	3.71224 9.99056,
	3.70108 9.9805,
	3.68972 9.9722,
	3.68674 9.97125,
	3.6854 9.96944,
	3.68245 9.9685,
	3.67679 9.96392,
	3.67098 9.96117,
	3.64819 9.94487,
	3.63689 9.93595,
	3.63627 9.93419,
	3.63334 9.93331,
	3.62227 9.92272,
	3.61683 9.91655,
	3.60652 9.90695,
	3.60113 9.90087,
	3.59562 9.89658,
	3.59032 9.89055,
	3.58488 9.8863,
	3.58228 9.88284,
	3.57761 9.87861,
	3.56801 9.86661,
	3.56581 9.85963,
	3.56394 9.85705,
	3.56354 9.85351,
	3.56176 9.85007,
	3.56092 9.83592,
	3.56156 9.8288,
	3.56171 9.82702,
	3.5618 9.82614,
	3.5679 9.81163,
	3.5775 9.79696,
	3.58567 9.78329,
	3.59054 9.776,
	3.60135 9.76576,
	3.60445 9.76296,
	3.61656 9.75616,
	3.62255 9.75411,
	3.62564 9.7522,
	3.62711 9.75213,
	3.62872 9.7503,
	3.63167 9.75015,
	3.64389 9.74517,
	3.66794 9.74328,
	3.69236 9.73975,
	3.70458 9.73852,
	3.71671 9.73912,
	3.74034 9.74947,
	3.75214 9.75479,
	3.75368 9.75479,
	3.75507 9.7566,
	3.76687 9.76206,
	3.77277 9.76484,
	3.77854 9.76944,
	3.78277 9.77404,
	3.79019 9.78785,
	3.79609 9.80167,
	3.79598 9.80348,
	3.79801 9.8072,
	3.80078 9.82195,
	3.79944 9.85131,
	3.79605 9.86597,
	3.7949 9.88068,
	3.79658 9.8881,
	3.79675 9.89546,
	3.80004 9.91023,
	3.80092 9.91759,
	3.80638 9.9323,
	3.80794 9.93961,
	3.80986 9.94329,
	3.8114 9.95055,
	3.81329 9.95421,
	3.81364 9.95782,
	3.81741 9.96504,
	3.82115 9.97852,
	3.82032 9.98565,
	3.81838 9.9892,
	3.81816 9.99098,
	3.80666 10.0052,
	3.79431 10.014,
	"/>
</Transform>

<Transform dim="0"
 xcoef=" 0 1 0 0 0 0"
 ycoef=" 0 0 1 0 0 0">
<Contour name="d06c27" hidden="false" closed="true" simplified="true" border="0 0 1" fill="0 0 1" mode="11"
 points="9.14033 10.6786,
	9.12828 10.6785,
	9.12443 10.6773,
	9.12249 10.6767,
	9.11963 10.668,
	9.12055 10.6505,
	9.12071 10.6494,
	9.12079 10.6488,
	9.12595 10.6313,
	9.12888 10.6224,
	9.13335 10.6136,
	9.13887 10.6047,
	9.14116 10.6003,
	9.17752 10.5655,
	9.21522 10.5416,
	9.23484 10.529,
	9.24485 10.5226,
	9.26434 10.5125,
	9.2844 10.5012,
	9.29447 10.4957,
	9.31398 10.4876,
	9.31886 10.4856,
	9.3371 10.4832,
	9.34174 10.4824,
	9.35024 10.4838,
	9.35443 10.4848,
	9.36207 10.4896,
	9.36403 10.4907,
	9.36896 10.4997,
	9.36982 10.5008,
	9.36803 10.5193,
	9.36361 10.5287,
	9.36143 10.5334,
	9.35755 10.5382,
	9.34712 10.5478,
	9.34223 10.5526,
	9.30175 10.5779,
	9.26243 10.6007,
	9.22433 10.6252,
	9.20551 10.6383,
	9.19619 10.6448,
	9.17732 10.661,
	9.15891 10.676,
	9.15666 10.6777,
	"/>
</Transform>

<Transform dim="0"
 xcoef=" 0 1 0 0 0 0"
 ycoef=" 0 0 1 0 0 0">
<Contour name="d06p27" hidden="false" closed="true" simplified="true" border="1 0 0" fill="1 0 0" mode="11"
 points="9.09505 10.0468,
	9.08543 10.0351,
	9.10106 10.0231,
	9.11044 10.0348,
	"/>
</Transform>

<Transform dim="0"
 xcoef=" 0 1 0 0 0 0"
 ycoef=" 0 0 1 0 0 0">
<Contour name="d35sp27" hidden="false" closed="true" simplified="true" border="1 0 0" fill="1 0 0" mode="11"
 points="16.1582 9.12249,
	16.1219 9.12079,
	16.104 9.11842,
	16.0874 9.1108,
	16.0791 9.10593,
	16.0646 9.08992,
	16.0609 9.08594,
	16.058 9.0694,
	16.0567 9.03626,
	16.0574 9.02794,
	16.0572 9.02382,
	16.0652 9.00686,
	16.066 9.00268,
	16.0815 8.98539,
	16.0908 8.9767,
	16.0947 8.97238,
	16.1135 8.96324,
	16.1322 8.9521,
	16.1509 8.93785,
	16.1612 8.92085,
	16.1663 8.91233,
	16.169 8.87899,
	16.1689 8.87067,
	16.1691 8.8686,
	16.1241 8.80454,
	16.1142 8.78858,
	16.1026 8.77272,
	16.0767 8.74128,
	16.0635 8.72567,
	16.0065 8.68152,
	15.9992 8.67601,
	15.9984 8.67507,
	15.9975 8.67414,
	16.0632 8.66822,
	16.0951 8.6665,
	16.1112 8.66465,
	16.1761 8.64681,
	16.1841 8.64415,
	16.217 8.62656,
	16.2339 8.61739,
	16.2422 8.61288,
	16.2463 8.61066,
	16.2482 8.61149,
	16.2413 8.64369,
	16.2393 8.65183,
	16.2401 8.6842,
	16.2441 8.71677,
	16.2562 8.74918,
	16.2704 8.78188,
	16.2736 8.79016,
	16.2839 8.80657,
	16.2974 8.84008,
	16.3037 8.85702,
	16.3001 8.8913,
	16.2881 8.95915,
	16.2862 8.96756,
	16.2857 8.97174,
	16.2518 9.03879,
	16.2337 9.07233,
	16.2194 9.08928,
	16.2115 9.09783,
	16.1921 9.10879,
	16.173 9.11674,
	16.1632 9.12022,
	"/>
</Transform>

<Transform dim="0"
 xcoef=" 0 1 0 0 0 0"
 ycoef=" 0 0 1 0 0 0">
<Contour name="d04c25" hidden="false" closed="true" simplified="true" border="0 0 1" fill="0 0 1" mode="11"
 points="9.87064 7.56121,
	9.81253 7.55962,
	9.798 7.55911,
	9.77076 7.54566,
	9.75708 7.53963,
	9.7536 7.5385,
	9.74687 7.53485,
	9.73357 7.52615,
	9.7204 7.51655,
	9.71373 7.51252,
	9.70399 7.49845,
	9.69866 7.49151,
	9.69034 7.47744,
	9.67733 7.44879,
	9.67543 7.44139,
	9.67466 7.4264,
	9.67568 7.41121,
	9.67768 7.3959,
	9.67799 7.39396,
	9.67814 7.39299,
	9.67823 7.39253,
	9.68343 7.37677,
	9.68603 7.36884,
	9.69301 7.35276,
	9.70628 7.33579,
	9.70959 7.33156,
	9.73989 7.31835,
	9.7474 7.31562,
	9.76274 7.30822,
	9.77058 7.30359,
	9.78655 7.29296,
	9.80236 7.28389,
	9.80995 7.28182,
	9.81372 7.28102,
	9.8207 7.28289,
	9.82341 7.28607,
	9.82449 7.28792,
	9.82464 7.29564,
	9.81837 7.32698,
	9.8146 7.34268,
	9.81293 7.35054,
	9.79912 7.38245,
	9.78688 7.41427,
	9.77785 7.43038,
	9.7679 7.44635,
	9.76021 7.46203,
	9.75948 7.46397,
	9.75975 7.47147,
	9.7601 7.47522,
	9.76283 7.47828,
	9.76955 7.482,
	9.77653 7.48385,
	9.78003 7.48453,
	9.78181 7.48488,
	9.78939 7.48244,
	9.80414 7.48044,
	9.80786 7.47971,
	9.91977 7.51373,
	9.92688 7.51562,
	9.94086 7.5217,
	9.94174 7.52212,
	9.93981 7.52604,
	9.92338 7.53762,
	9.90667 7.55211,
	9.9025 7.55574,
	9.90043 7.55731,
	"/>
</Transform>

<Transform dim="0"
 xcoef=" 0 1 0 0 0 0"
 ycoef=" 0 0 1 0 0 0">
<Contour name="d06_Interest_22" hidden="false" closed="true" simplified="true" border="0 0 0" fill="0 0 0" mode="11"
 points="9.08741 10.597,
	9.08155 10.5967,
	9.07592 10.5954,
	9.07054 10.5931,
	9.06548 10.5897,
	9.06081 10.5853,
	9.05652 10.5799,
	9.05269 10.5735,
	9.04936 10.5662,
	9.04661 10.558,
	9.04447 10.5489,
	9.043 10.539,
	9.04225 10.5283,
	9.04227 10.5168,
	9.04315 10.5046,
	9.04489 10.4918,
	9.04753 10.4785,
	9.05112 10.4646,
	9.05564 10.4503,
	9.0674 10.4208,
	9.07449 10.4059,
	9.0823 10.391,
	9.09069 10.3762,
	9.09954 10.3617,
	9.10871 10.3476,
	9.11809 10.3341,
	9.12751 10.3212,
	9.13693 10.309,
	9.14625 10.2977,
	9.15537 10.2872,
	9.16426 10.2778,
	9.17303 10.2692,
	9.18161 10.2616,
	9.18985 10.2551,
	9.19771 10.2497,
	9.20515 10.2455,
	9.21216 10.2424,
	9.21867 10.2405,
	9.22466 10.2397,
	9.2301 10.2402,
	9.23492 10.2419,
	9.23913 10.2447,
	9.24263 10.2487,
	9.24543 10.2538,
	9.24748 10.2601,
	9.24873 10.2675,
	9.24921 10.276,
	9.24888 10.2855,
	9.24778 10.2959,
	9.24589 10.3072,
	9.24329 10.3194,
	9.24003 10.3322,
	9.23618 10.3457,
	9.23182 10.3596,
	9.22704 10.3739,
	9.22191 10.3885,
	9.21654 10.4032,
	9.21094 10.4179,
	9.20522 10.4325,
	9.19938 10.447,
	9.19348 10.4611,
	9.18769 10.4747,
	9.18183 10.4879,
	9.17591 10.5006,
	9.16988 10.5127,
	9.16376 10.5242,
	9.15755 10.535,
	9.15123 10.5451,
	9.14486 10.5544,
	9.13843 10.5629,
	9.13194 10.5705,
	9.12542 10.5772,
	9.11892 10.583,
	9.11243 10.5878,
	9.10602 10.5916,
	9.09968 10.5944,
	9.09347 10.5962,
	"/>
</Transform>

<Transform dim="0"
 xcoef=" 0 1 0 0 0 0"
 ycoef=" 0 0 1 0 0 0">
<Contour name="d34c29b" hidden="false" closed="true" simplified="true" border="0 0 1" fill="0 0 1" mode="11"
 points="3.08119 11.366,
	3.07785 11.3656,
	3.07188 11.3629,
	3.0691 11.361,
	3.06278 11.3593,
	3.04896 11.3593,
	3.03574 11.3577,
	3.02971 11.3554,
	3.02696 11.3534,
	3.02216 11.3476,
	3.01956 11.3451,
	3.01771 11.3418,
	3.01623 11.341,
	3.00613 11.3298,
	3.00152 11.3224,
	2.9997 11.3185,
	2.99882 11.3143,
	2.9991 11.3059,
	2.9973 11.2891,
	2.9969 11.2807,
	2.99763 11.2642,
	2.99923 11.2561,
	2.99937 11.2556,
	2.99948 11.2551,
	3.00551 11.2474,
	3.00872 11.2435,
	3.01057 11.2416,
	3.01914 11.2367,
	3.02735 11.2332,
	3.03132 11.232,
	3.0357 11.2293,
	3.05263 11.2145,
	3.06992 11.2037,
	3.08778 11.1902,
	3.10526 11.1755,
	3.10753 11.1735,
	3.10865 11.1725,
	3.11609 11.1718,
	3.13041 11.1725,
	3.13373 11.1737,
	3.13644 11.1776,
	3.13935 11.1862,
	3.14186 11.1907,
	3.14743 11.1968,
	3.15318 11.2019,
	3.16038 11.2194,
	3.16515 11.2255,
	3.16753 11.2294,
	3.16848 11.2337,
	3.16731 11.2423,
	3.16482 11.2465,
	3.16077 11.2501,
	3.15963 11.2511,
	3.15269 11.2513,
	3.15067 11.2523,
	3.14877 11.2544,
	3.14769 11.2564,
	3.14749 11.2586,
	3.14875 11.263,
	3.15331 11.2691,
	3.15485 11.2778,
	3.15434 11.2821,
	3.15212 11.2862,
	3.15102 11.2883,
	3.14355 11.2965,
	3.1386 11.3048,
	3.13279 11.3215,
	3.12942 11.3298,
	3.12741 11.3318,
	3.12506 11.3359,
	3.12303 11.3379,
	3.12186 11.3399,
	3.11695 11.3438,
	3.10828 11.3484,
	3.10412 11.3501,
	3.09965 11.354,
	3.09643 11.3579,
	3.09238 11.3618,
	3.09077 11.3637,
	3.0885 11.3651,
	"/>
</Transform>

<Transform dim="0"
 xcoef=" 0 1 0 0 0 0"
 ycoef=" 0 0 1 0 0 0">
<Contour name="d37sp19" hidden="false" closed="true" simplified="true" border="1 0 0" fill="1 0 0" mode="11"
 points="11.0746 11.7826,
	11.0599 11.7662,
	11.0561 11.762,
	11.0464 11.7467,
	11.045 11.7456,
	11.0336 11.7303,
	11.0275 11.7229,
	11.0213 11.7166,
	11.0143 11.7097,
	11.0072 11.7039,
	11.0008 11.6971,
	10.9877 11.6872,
	10.9812 11.6824,
	10.9795 11.6808,
	10.9785 11.6808,
	10.9721 11.6756,
	10.9659 11.6693,
	10.9659 11.6687,
	10.9809 11.6682,
	10.9885 11.667,
	10.9963 11.6648,
	10.9998 11.6622,
	11.0041 11.6584,
	11.0057 11.6563,
	11.0078 11.6552,
	11.012 11.6514,
	11.016 11.6492,
	11.0176 11.6476,
	11.0196 11.6471,
	11.0278 11.6422,
	11.0318 11.64,
	11.0328 11.64,
	11.0349 11.6384,
	11.0507 11.6344,
	11.0586 11.6338,
	11.0662 11.6348,
	11.0737 11.6369,
	11.0775 11.638,
	11.0794 11.6385,
	11.0812 11.6401,
	11.0887 11.6438,
	11.0922 11.6465,
	11.0941 11.6476,
	11.0977 11.6513,
	11.0996 11.6556,
	11.1015 11.6641,
	11.102 11.6684,
	11.1 11.6855,
	11.1001 11.6941,
	11.105 11.7112,
	11.1066 11.7155,
	11.1069 11.7176,
	11.1068 11.7187,
	11.1077 11.7198,
	11.1083 11.7241,
	11.1077 11.7326,
	11.1063 11.7368,
	11.1062 11.7379,
	11.1051 11.739,
	11.1034 11.7432,
	11.1005 11.7474,
	11.0985 11.7495,
	11.0984 11.7506,
	11.092 11.7574,
	11.0883 11.7616,
	11.0783 11.7774,
	11.0768 11.7795,
	11.0767 11.7805,
	"/>
</Transform>

<Transform dim="0"
 xcoef=" 0 1 0 0 0 0"
 ycoef=" 0 0 1 0 0 0">
<Contour name="d54p30" hidden="false" closed="true" simplified="true" border="1 0 0" fill="1 0 0" mode="11"
 points="6.06246 9.32686,
	6.05048 9.31193,
	6.06677 9.29477,
	6.07871 9.30962,
	"/>
</Transform>

<Transform dim="0"
 xcoef=" 0 1 0 0 0 0"
 ycoef=" 0 0 1 0 0 0">
<Contour name="d06cfa26" hidden="false" closed="true" simplified="true" border="0 1 0" fill="0 1 0" mode="11"
 points="8.20628 10.5215,
	8.20578 10.5213,
	8.20507 10.5107,
	8.20459 10.5054,
	8.20434 10.5027,
	8.20586 10.4915,
	8.20302 10.4702,
	8.20124 10.4484,
	8.20075 10.4374,
	8.20051 10.4319,
	8.20025 10.4291,
	8.20117 10.4177,
	8.20133 10.4163,
	8.20135 10.4159,
	8.20221 10.4129,
	8.20696 10.4072,
	8.2117 10.4044,
	8.21626 10.403,
	8.22528 10.4012,
	8.22975 10.4006,
	8.23031 10.4004,
	8.23334 10.4053,
	8.23471 10.4078,
	8.24286 10.4133,
	8.24686 10.4162,
	8.25078 10.4198,
	8.25307 10.4304,
	8.25202 10.4418,
	8.25186 10.4432,
	8.24176 10.4677,
	8.23687 10.4799,
	8.23398 10.486,
	8.23257 10.4891,
	8.23185 10.4906,
	8.22187 10.5028,
	8.21231 10.5158,
	8.20738 10.5213,
	"/>
</Transform>

<Transform dim="0"
 xcoef=" 0 1 0 0 0 0"
 ycoef=" 0 0 1 0 0 0">
<Contour name="d06c26" hidden="false" closed="true" simplified="true" border="0 0 1" fill="0 0 1" mode="11"
 points="8.06405 10.7214,
	8.05661 10.7189,
	8.04926 10.7154,
	8.04316 10.7077,
	8.0401 10.7039,
	8.03122 10.6878,
	8.02653 10.6799,
	8.0238 10.6715,
	8.02217 10.6673,
	8.02162 10.6495,
	8.02501 10.6126,
	8.02675 10.603,
	8.02662 10.5984,
	8.02167 10.5807,
	8.01365 10.5441,
	8.01189 10.5347,
	8.01112 10.5252,
	8.01121 10.5239,
	8.01125 10.5233,
	8.01213 10.5182,
	8.01222 10.517,
	8.01953 10.5059,
	8.02292 10.5004,
	8.04067 10.4772,
	8.04948 10.4667,
	8.05811 10.4586,
	8.07498 10.4477,
	8.08348 10.4412,
	8.10032 10.4312,
	8.13373 10.4157,
	8.13787 10.4142,
	8.13998 10.4131,
	8.15588 10.414,
	8.17186 10.4135,
	8.18803 10.4105,
	8.20454 10.4035,
	8.22079 10.3985,
	8.22482 10.3976,
	8.23257 10.3983,
	8.23649 10.398,
	8.24378 10.4025,
	8.24739 10.4048,
	8.25424 10.4125,
	8.25849 10.4215,
	8.25986 10.4261,
	8.25975 10.4311,
	8.25946 10.4336,
	8.25169 10.4551,
	8.2501 10.4604,
	8.22881 10.5043,
	8.22277 10.5153,
	8.21773 10.526,
	8.21571 10.5312,
	8.21447 10.5339,
	8.20668 10.573,
	8.19765 10.6116,
	8.19085 10.631,
	8.18796 10.6405,
	8.17884 10.6603,
	8.17642 10.6653,
	8.17475 10.668,
	8.16654 10.6749,
	8.13443 10.6956,
	8.10296 10.7097,
	8.08709 10.7182,
	8.0831 10.7206,
	8.06786 10.7213,
	"/>
</Transform>

<Transform dim="0"
 xcoef=" 0 1 0 0 0 0"
 ycoef=" 0 0 1 0 0 0">
<Contour name="d37p19" hidden="false" closed="true" simplified="true" border="1 0 0" fill="1 0 0" mode="11"
 points="11.0232 11.7933,
	11.0096 11.7632,
	11.0397 11.7632,
	"/>
</Transform>

<Transform dim="0"
 xcoef=" 0 1 0 0 0 0"
 ycoef=" 0 0 1 0 0 0">
<Contour name="d04endoh25" hidden="false" closed="true" simplified="true" border="0 0 0" fill="0 0 0" mode="11"
 points="9.95771 7.73336,
	9.94505 7.73226,
	9.93335 7.729,
	9.92294 7.72367,
	9.91404 7.71642,
	9.90684 7.70753,
	9.90158 7.69722,
	9.8983 7.68579,
	9.89799 7.66085,
	9.90096 7.64801,
	9.90592 7.63532,
	9.91272 7.62317,
	9.92122 7.61183,
	9.9312 7.60157,
	9.94243 7.59265,
	9.95465 7.5853,
	9.96762 7.57966,
	9.98096 7.57587,
	9.99439 7.57398,
	10.0076 7.574,
	10.0202 7.57598,
	10.0318 7.57981,
	10.0422 7.58543,
	10.051 7.59274,
	10.0579 7.60155,
	10.0629 7.6117,
	10.0656 7.62293,
	10.066 7.63497,
	10.0642 7.64759,
	10.06 7.66043,
	10.0537 7.67313,
	10.0455 7.68542,
	10.0355 7.69691,
	10.0241 7.70731,
	10.0115 7.71629,
	9.99831 7.72358,
	9.98466 7.72895,
	9.97103 7.73226,
	"/>
</Transform>

<Transform dim="0"
 xcoef=" 0 1 0 0 0 0"
 ycoef=" 0 0 1 0 0 0">
<Contour name="d54p32" hidden="false" closed="true" simplified="true" border="1 0 0" fill="1 0 0" mode="11"
 points="5.50982 9.23717,
	5.49608 9.21883,
	5.51308 9.2007,
	5.52665 9.21907,
	"/>
</Transform>

<Transform dim="0"
 xcoef=" 0 1 0 0 0 0"
 ycoef=" 0 0 1 0 0 0">
<Contour name="d54p31" hidden="false" closed="true" simplified="true" border="1 0 0" fill="1 0 0" mode="11"
 points="5.56091 9.77538,
	5.54781 9.75858,
	5.56611 9.74075,
	5.57916 9.75746,
	"/>
</Transform>

<Transform dim="0"
 xcoef=" 0 1 0 0 0 0"
 ycoef=" 0 0 1 0 0 0">
<Contour name="d20c23" hidden="false" closed="true" simplified="true" border="0 0 1" fill="0 0 1" mode="11"
 points="11.5114 6.60948,
	11.5051 6.60873,
	11.4936 6.60094,
	11.488 6.59662,
	11.4735 6.57145,
	11.4546 6.52083,
	11.4512 6.50821,
	11.4494 6.50198,
	11.4492 6.4889,
	11.4494 6.48722,
	11.4495 6.48639,
	11.4511 6.47958,
	11.4522 6.47608,
	11.4524 6.47443,
	11.4598 6.46648,
	11.4669 6.46269,
	11.4802 6.46177,
	11.4834 6.46199,
	11.4958 6.47115,
	11.5018 6.47668,
	11.5169 6.50055,
	11.5201 6.50669,
	11.5222 6.50971,
	11.533 6.56244,
	11.5334 6.56927,
	11.5302 6.58369,
	11.5296 6.58728,
	11.5214 6.60261,
	11.5148 6.60805,
	"/>
</Transform>

<Transform dim="0"
 xcoef=" 0 1 0 0 0 0"
 ycoef=" 0 0 1 0 0 0">
<Contour name="d54sp32" hidden="false" closed="true" simplified="true" border="1 0 0" fill="1 0 0" mode="11"
 points="5.44696 9.24499,
	5.44418 9.22548,
	5.44246 9.20608,
	5.44077 9.16759,
	5.43674 9.14858,
	5.42617 9.11097,
	5.42124 9.09226,
	5.41903 9.0829,
	5.41895 9.07405,
	5.41897 9.07345,
	5.42339 9.06907,
	5.4256 9.06718,
	5.44202 9.07409,
	5.4583 9.0836,
	5.4623 9.08646,
	5.47825 9.101,
	5.48221 9.10452,
	5.49824 9.11399,
	5.51418 9.12187,
	5.51812 9.12434,
	5.51911 9.12493,
	5.50258 9.1348,
	5.49844 9.13715,
	5.49095 9.14667,
	5.47094 9.18529,
	5.46783 9.19018,
	5.45283 9.22946,
	5.44916 9.23937,
	5.44755 9.24435,
	"/>
</Transform>

<Transform dim="0"
 xcoef=" 0 1 0 0 0 0"
 ycoef=" 0 0 1 0 0 0">
<Contour name="d04p25" hidden="false" closed="true" simplified="true" border="1 0 0" fill="1 0 0" mode="11"
 points="10.1764 8.07484,
	10.1679 8.04476,
	10.1975 8.04089,
	"/>
</Transform>

<Transform dim="0"
 xcoef=" 0 1 0 0 0 0"
 ycoef=" 0 0 1 0 0 0">
<Contour name="d20p23" hidden="false" closed="true" simplified="true" border="1 0 0" fill="1 0 0" mode="11"
 points="11.5491 6.51567,
	11.54 6.49458,
	11.5641 6.49136,
	"/>
</Transform>

<Transform dim="0"
 xcoef=" 0 1 0 0 0 0"
 ycoef=" 0 0 1 0 0 0">
<Contour name="d37cfa18" hidden="false" closed="false" simplified="true" border="0 1 0" fill="1 0 0" mode="11"
 points="10.5131 12.9362,
	10.4726 12.906,
	"/>
</Transform>

<Transform dim="0"
 xcoef=" 0 1 0 0 0 0"
 ycoef=" 0 0 1 0 0 0">
<Contour name="d20cfa22" hidden="false" closed="false" simplified="true" border="1 0 0" fill="1 0 0" mode="11"
 points="12.5726 6.07708,
	12.5879 6.10192,
	12.5973 6.12167,
	12.6052 6.14886,
	12.6054 6.1711,
	12.6071 6.19643,
	12.6113 6.2175,
	12.6095 6.24093,
	12.5972 6.30569,
	12.5841 6.37571,
	"/>
</Transform>

<Transform dim="0"
 xcoef=" 0 1 0 0 0 0"
 ycoef=" 0 0 1 0 0 0">
<Contour name="d04cfa25" hidden="false" closed="false" simplified="true" border="1 0 0" fill="1 0 0" mode="11"
 points="9.70776 7.34473,
	9.69741 7.38626,
	9.69464 7.40687,
	9.69624 7.42693,
	9.70223 7.44437,
	9.71324 7.46775,
	9.72907 7.48528,
	9.7507 7.50065,
	9.7716 7.51426,
	9.80121 7.52494,
	9.82215 7.53172,
	9.84622 7.53731,
	9.87742 7.54451,
	9.9068 7.54826,
	"/>
</Transform>

<Transform dim="0"
 xcoef=" 0 1 0 0 0 0"
 ycoef=" 0 0 1 0 0 0">
<Contour name="d06cfa27" hidden="false" closed="false" simplified="true" border="1 0 0" fill="1 0 0" mode="11"
 points="9.36028 10.4959,
	9.30054 10.5277,
	9.24756 10.561,
	9.20964 10.5844,
	9.15726 10.6256,
	9.13656 10.6503,
	9.12529 10.6713,
	"/>
</Transform>

<Transform dim="0"
 xcoef=" 0 1 0 0 0 0"
 ycoef=" 0 0 1 0 0 0">
<Contour name="d20cfa23" hidden="false" closed="false" simplified="true" border="1 0 0" fill="1 0 0" mode="11"
 points="11.4641 6.46798,
	11.4886 6.51279,
	11.5011 6.54084,
	11.5169 6.58389,
	11.517 6.60234,
	"/>
</Transform>

<Transform dim="0"
 xcoef=" 0 1 0 0 0 0"
 ycoef=" 0 0 1 0 0 0">
<Contour name="d10p28" hidden="false" closed="true" simplified="false" border="1 0 0" fill="1 0 0" mode="-13"
 points="12.0246 9.07035,
	12.0521 9.07035,
	12.0383 9.09551,
	"/>
</Transform>

<Transform dim="0"
 xcoef=" 0 1 0 0 0 0"
 ycoef=" 0 0 1 0 0 0">
<Contour name="d16p15" hidden="false" closed="true" simplified="false" border="1 0 0" fill="1 0 0" mode="-13"
 points="7.48081 7.83515,
	7.50234 7.83515,
	7.49158 7.85488,
	"/>
</Transform>

<Transform dim="0"
 xcoef=" 0 1 0 0 0 0"
 ycoef=" 0 0 1 0 0 0">
<Contour name="d18p30" hidden="false" closed="true" simplified="false" border="1 0 0" fill="1 0 0" mode="-13"
 points="13.9015 6.54747,
	13.8841 6.53004,
	13.9015 6.51261,
	13.9189 6.53004,
	"/>
</Transform>

<Transform dim="0"
 xcoef=" 0 1 0 0 0 0"
 ycoef=" 0 0 1 0 0 0">
<Contour name="d18p31" hidden="false" closed="true" simplified="false" border="1 0 0" fill="1 0 0" mode="-13"
 points="13.9249 6.65907,
	13.9522 6.65907,
	13.9385 6.68414,
	"/>
</Transform>

<Transform dim="0"
 xcoef=" 0 1 0 0 0 0"
 ycoef=" 0 0 1 0 0 0">
<Contour name="d18p32" hidden="false" closed="true" simplified="false" border="1 0 0" fill="1 0 0" mode="-13"
 points="14.2116 6.26139,
	14.1944 6.24419,
	14.2116 6.22699,
	14.2288 6.24419,
	"/>
</Transform>

<Transform dim="0"
 xcoef=" 0 1 0 0 0 0"
 ycoef=" 0 0 1 0 0 0">
<Contour name="d34serb35" hidden="false" closed="true" simplified="false" border="1 1 0" fill="0 1 0" mode="11"
 points="3.99902 10.1543,
	3.99902 10.1476,
	4.00571 10.1476,
	4.00571 10.1409,
	4.01239 10.1409,
	4.01239 10.1476,
	4.01907 10.1476,
	4.01907 10.1543,
	4.01239 10.1543,
	4.01239 10.161,
	4.00571 10.161,
	4.00571 10.1543,
	"/>
</Transform>

<Transform dim="0"
 xcoef=" 0 1 0 0 0 0"
 ycoef=" 0 0 1 0 0 0">
<Image mag="0.002202" contrast="1.32472" brightness="-0.315" red="true" green="true" blue="true"
 src="138____z137.0.tif" />
<Contour name="domain1" hidden="false" closed="true" simplified="false" border="1 0 1" fill="1 0 1" mode="11"
 points="0 0,
	9057 0,
	9057 7683,
	0 7683,
	"/>
</Transform>

<Transform dim="0"
 xcoef=" 0 1 0 0 0 0"
 ycoef=" 0 0 1 0 0 0">
<Contour name="d01_DELETE" hidden="false" closed="true" simplified="false" border="0 1 1" fill="0 1 1" mode="9"
 points="11.0748 9.41777,
	11.0856 9.40703,
	11.0426 9.36408,
	11.0533 9.35334,
	11.0963 9.39629,
	11.107 9.38555,
	11.107 9.41777,
	"/>
</Transform>

<Transform dim="0"
 xcoef=" 0 1 0 0 0 0"
 ycoef=" 0 0 1 0 0 0">
<Contour name="d01_DELETE" hidden="false" closed="true" simplified="false" border="0 1 1" fill="0 1 1" mode="9"
 points="5.84235 5.97129,
	5.85346 5.96018,
	5.80902 5.91575,
	5.82013 5.90464,
	5.86456 5.94907,
	5.87567 5.93796,
	5.87567 5.97129,
	"/>
</Transform>

<Transform dim="0"
 xcoef=" 0 1 0 0 0 0"
 ycoef=" 0 0 1 0 0 0">
<Contour name="d37_DELETE" hidden="false" closed="true" simplified="false" border="0 1 1" fill="0 1 1" mode="9"
 points="13.8187 13.326,
	13.8293 13.3153,
	13.7869 13.2729,
	13.7975 13.2623,
	13.8399 13.3047,
	13.8506 13.2941,
	13.8506 13.326,
	"/>
</Transform>

<Transform dim="0"
 xcoef=" 0 1 0 0 0 0"
 ycoef=" 0 0 1 0 0 0">
<Contour name="d01" comment="dch_traced_06.2019" hidden="false" closed="true" simplified="true" border="1 1 0" fill="1 1 0" mode="11"
 points="8.05967 10.8602,
	8.07008 10.8324,
	8.07529 10.8185,
	8.0909 10.7908,
	8.09958 10.7769,
	8.10305 10.7699,
	8.15857 10.7231,
	8.2141 10.6832,
	8.24186 10.6641,
	8.29738 10.6172,
	8.32514 10.5912,
	8.34944 10.5635,
	8.38587 10.5079,
	8.39455 10.4941,
	8.42058 10.4663,
	8.4466 10.4437,
	8.45354 10.442,
	8.46742 10.4333,
	8.48131 10.4281,
	8.53683 10.4194,
	8.64788 10.416,
	8.7034 10.4177,
	8.73116 10.4194,
	8.75893 10.4246,
	8.78669 10.4333,
	8.81445 10.4472,
	8.82833 10.4559,
	8.85089 10.4836,
	8.86997 10.5114,
	8.87692 10.5253,
	8.88212 10.553,
	8.88212 10.5669,
	8.87692 10.5947,
	8.86824 10.6225,
	8.83527 10.678,
	8.78669 10.7335,
	8.77628 10.7474,
	8.75025 10.7717,
	8.73637 10.7838,
	8.71381 10.8098,
	8.68605 10.8324,
	8.67217 10.8411,
	8.61838 10.8914,
	8.6045 10.9053,
	8.57674 10.9226,
	8.5698 10.9244,
	8.56286 10.9296,
	8.54898 10.9348,
	8.52121 10.9539,
	8.49345 10.9764,
	8.48131 10.9868,
	8.47437 10.9938,
	8.46569 11.0042,
	8.45354 11.0146,
	8.44313 11.0285,
	8.39108 11.0788,
	8.36852 11.1013,
	8.3425 11.1274,
	8.32861 11.1395,
	8.30085 11.1551,
	8.27309 11.1673,
	8.24533 11.1742,
	8.21757 11.1725,
	8.20369 11.169,
	8.17592 11.1534,
	8.15337 11.1274,
	8.12387 11.0719,
	8.11519 11.0163,
	8.11172 11.0024,
	8.10131 10.9886,
	8.10131 10.9851,
	8.08223 10.9573,
	8.07008 10.9296,
	8.0614 10.9018,
	8.05967 10.874,
	8.05967 10.8619,
	"/>
</Transform>

<Transform dim="0"
 xcoef=" 0 1 0 0 0 0"
 ycoef=" 0 0 1 0 0 0">
<Contour name="d34" comment="dch_traced_06.2019" hidden="false" closed="true" simplified="true" border="1 1 0" fill="1 1 0" mode="11"
 points="3.90266 10.2012,
	3.91591 10.1747,
	3.92419 10.1615,
	3.93743 10.1516,
	3.94406 10.1449,
	3.9573 10.1367,
	3.99538 10.0837,
	4.01857 10.0588,
	4.04506 10.034,
	4.09804 9.9926,
	4.12453 9.97604,
	4.17752 9.95121,
	4.20401 9.94458,
	4.21726 9.94127,
	4.27024 9.94293,
	4.29674 9.94293,
	4.32323 9.94624,
	4.34972 9.95286,
	4.37621 9.96445,
	4.4292 9.99591,
	4.44244 10.0025,
	4.46894 10.0207,
	4.52192 10.0522,
	4.57491 10.1019,
	4.59974 10.1267,
	4.62623 10.1482,
	4.63948 10.1565,
	4.64942 10.1698,
	4.67425 10.1963,
	4.69578 10.2228,
	4.71896 10.2757,
	4.73552 10.3022,
	4.76035 10.3271,
	4.76532 10.3403,
	4.76698 10.3536,
	4.76698 10.3602,
	4.7587 10.3867,
	4.70571 10.4926,
	4.67425 10.5456,
	4.65769 10.5721,
	4.64776 10.5854,
	4.63451 10.5986,
	4.60802 10.6152,
	4.59477 10.6235,
	4.56828 10.635,
	4.46231 10.7013,
	4.44907 10.7096,
	4.39608 10.7195,
	4.3431 10.7162,
	4.29011 10.6996,
	4.27687 10.6963,
	4.22388 10.6731,
	4.19739 10.6599,
	4.1709 10.6533,
	4.1444 10.6516,
	4.11791 10.6533,
	4.09142 10.6582,
	4.06493 10.6566,
	4.06162 10.6566,
	4.03512 10.6301,
	4.02022 10.6036,
	4.01029 10.592,
	3.99704 10.587,
	3.99042 10.5821,
	3.95565 10.5291,
	3.94074 10.5026,
	3.93081 10.4761,
	3.92419 10.4628,
	3.91591 10.4363,
	3.9126 10.4099,
	3.90928 10.3966,
	3.90928 10.3436,
	3.9126 10.2906,
	3.91425 10.2641,
	3.90266 10.2112,
	3.90266 10.2045,
	3.90266 10.2029,
	"/>
</Transform>

<Transform dim="0"
 xcoef=" 0 1 0 0 0 0"
 ycoef=" 0 0 1 0 0 0">
<Contour name="d37" comment="dch_traced_06.2019" hidden="false" closed="true" simplified="true" border="1 1 0" fill="1 1 0" mode="11"
 points="10.2785 11.9741,
	10.2802 11.9609,
	10.3065 11.9084,
	10.3212 11.8821,
	10.3393 11.8558,
	10.3804 11.8032,
	10.3886 11.7901,
	10.4379 11.7375,
	10.4625 11.7145,
	10.4757 11.7014,
	10.4888 11.6931,
	10.5414 11.6488,
	10.594 11.6208,
	10.6203 11.6077,
	10.6466 11.5896,
	10.6597 11.5781,
	10.6679 11.565,
	10.6909 11.5387,
	10.7172 11.5239,
	10.7303 11.519,
	10.7829 11.5173,
	10.8092 11.5206,
	10.8355 11.5272,
	10.8486 11.5305,
	10.8552 11.5321,
	10.8684 11.5403,
	10.9209 11.5831,
	10.9472 11.6011,
	10.9735 11.6159,
	10.9998 11.6241,
	11.0261 11.6291,
	11.0327 11.6323,
	11.0589 11.6323,
	11.0721 11.6373,
	11.0787 11.6406,
	11.0918 11.6537,
	11.0967 11.6669,
	11.0984 11.68,
	11.0967 11.7063,
	11.1033 11.7589,
	11.105 11.8114,
	11.1148 11.8377,
	11.1247 11.8509,
	11.151 11.8739,
	11.1625 11.887,
	11.1707 11.9002,
	11.1723 11.9067,
	11.1707 11.9199,
	11.1657 11.933,
	11.1575 11.9462,
	11.146 11.9577,
	11.1197 11.9724,
	11.1132 11.979,
	11.0869 11.9856,
	11.0606 11.9954,
	11.0474 12.0037,
	11.0425 12.0102,
	11.0376 12.0365,
	11.0277 12.0628,
	11.0097 12.0875,
	11.0047 12.0924,
	10.9916 12.0957,
	10.985 12.099,
	10.9324 12.1039,
	10.9061 12.1154,
	10.8799 12.1318,
	10.8536 12.1417,
	10.801 12.14,
	10.7747 12.1367,
	10.7616 12.1351,
	10.709 12.1433,
	10.7024 12.1433,
	10.6958 12.1466,
	10.6696 12.1499,
	10.617 12.1712,
	10.5644 12.1959,
	10.5381 12.2074,
	10.5118 12.214,
	10.4987 12.2173,
	10.4461 12.214,
	10.3935 12.2008,
	10.3672 12.1893,
	10.3147 12.145,
	10.3081 12.1384,
	10.3015 12.1252,
	10.2982 12.1121,
	10.2966 12.0858,
	10.2851 12.0332,
	10.2785 11.9807,
	10.2785 11.9757,
	"/>
</Transform>

</Section>