<?xml version="1.0"?>
<!DOCTYPE Section SYSTEM "section.dtd">

<Section index="62" thickness="0.0452003" alignLocked="true">
<Transform dim="0"
 xcoef=" 0 1 0 0 0 0"
 ycoef=" 0 0 1 0 0 0">
<Contour name="D49" hidden="false" closed="true" simplified="true" border="0 1 0" fill="0 1 0" mode="11"
 points="9.40522 9.69292,
	9.38694 9.69104,
	9.37044 9.68527,
	9.35732 9.67616,
	9.34592 9.65171,
	9.34875 9.63881,
	9.35705 9.62715,
	9.37004 9.61788,
	9.38646 9.6119,
	9.4047 9.60979,
	9.42298 9.61176,
	9.43952 9.61758,
	9.45269 9.62668,
	9.46119 9.63818,
	9.46418 9.65094,
	9.46136 9.66376,
	9.45302 9.67538,
	9.43997 9.68467,
	9.4235 9.69071,
	"/>
</Transform>

<Transform dim="0"
 xcoef=" 0 1 0 0 0 0"
 ycoef=" 0 0 1 0 0 0">
<Contour name="D22" hidden="false" closed="true" simplified="true" border="0 0 1" fill="0 0 1" mode="11"
 points="9.24761 10.4846,
	9.21671 10.4824,
	9.18847 10.4712,
	9.16583 10.4521,
	9.14579 10.3994,
	9.15042 10.3712,
	9.16449 10.3452,
	9.18656 10.3241,
	9.21437 10.3096,
	9.24508 10.3031,
	9.27566 10.3051,
	9.30315 10.3155,
	9.32492 10.3332,
	9.33898 10.3568,
	9.34406 10.3841,
	9.33971 10.4125,
	9.32634 10.4393,
	9.30515 10.4618,
	9.27807 10.4775,
	"/>
</Transform>

<Transform dim="0"
 xcoef=" 0 1 0 0 0 0"
 ycoef=" 0 0 1 0 0 0">
<Contour name="D56" hidden="false" closed="true" simplified="true" border="0 0 1" fill="0 0 1" mode="11"
 points="15.9141 8.56905,
	15.8907 8.5639,
	15.8697 8.55104,
	15.853 8.53172,
	15.8386 8.48189,
	15.8422 8.45637,
	15.8529 8.43383,
	15.8696 8.41649,
	15.8906 8.40604,
	15.9141 8.40347,
	15.9375 8.40896,
	15.9588 8.42192,
	15.9756 8.44106,
	15.9865 8.46455,
	15.9902 8.49012,
	15.9864 8.51534,
	15.9756 8.53779,
	15.9587 8.55527,
	15.9375 8.56607,
	"/>
</Transform>

<Transform dim="0"
 xcoef=" 0 1 0 0 0 0"
 ycoef=" 0 0 1 0 0 0">
<Contour name="D43" hidden="false" closed="true" simplified="true" border="1 0 0" fill="1 0 0" mode="11"
 points="12.6571 7.68422,
	12.6341 7.67942,
	12.6134 7.66782,
	12.5971 7.65056,
	12.5837 7.60621,
	12.5879 7.58352,
	12.5992 7.5635,
	12.6164 7.54809,
	12.6379 7.53881,
	12.6615 7.53658,
	12.6847 7.54158,
	12.7055 7.55333,
	12.7217 7.57065,
	12.7316 7.5918,
	12.7345 7.61474,
	12.7299 7.63723,
	12.7187 7.6571,
	12.7015 7.67244,
	12.6803 7.6818,
	"/>
</Transform>

<Transform dim="0"
 xcoef=" 0 1 0 0 0 0"
 ycoef=" 0 0 1 0 0 0">
<Contour name="D89" hidden="false" closed="true" simplified="true" border="0 1 0" fill="0 1 0" mode="11"
 points="22.4396 7.78844,
	22.4175 7.7838,
	22.3971 7.772,
	22.3805 7.75425,
	22.365 7.70838,
	22.3675 7.68476,
	22.3768 7.66373,
	22.3919 7.64734,
	22.4113 7.6372,
	22.4331 7.63432,
	22.4552 7.63898,
	22.4754 7.65071,
	22.4917 7.66834,
	22.5025 7.69012,
	22.5069 7.71396,
	22.5045 7.73759,
	22.4954 7.75868,
	22.4806 7.7752,
	22.4614 7.78547,
	"/>
</Transform>

<Transform dim="0"
 xcoef=" 0 1 0 0 0 0"
 ycoef=" 0 0 1 0 0 0">
<Contour name="D89" hidden="false" closed="true" simplified="true" border="0 1 0" fill="0 1 0" mode="11"
 points="20.7901 2.26088,
	20.7705 2.25783,
	20.753 2.24927,
	20.7391 2.23599,
	20.7273 2.20088,
	20.7305 2.18247,
	20.7396 2.1659,
	20.7538 2.15278,
	20.7714 2.14439,
	20.791 2.14157,
	20.8104 2.14459,
	20.828 2.15316,
	20.842 2.16644,
	20.8508 2.18314,
	20.8538 2.20161,
	20.8506 2.22005,
	20.8415 2.23663,
	20.8273 2.24974,
	20.8096 2.25808,
	"/>
</Transform>

<Transform dim="0"
 xcoef=" 0 1 0 0 0 0"
 ycoef=" 0 0 1 0 0 0">
<Contour name="D85" hidden="false" closed="true" simplified="true" border="1 1 0" fill="1 1 0" mode="11"
 points="20.4975 6.50463,
	20.4744 6.50376,
	20.4534 6.49501,
	20.4367 6.47902,
	20.4217 6.43181,
	20.4251 6.40537,
	20.4355 6.38073,
	20.4518 6.36049,
	20.4725 6.34673,
	20.4955 6.34073,
	20.5186 6.34296,
	20.5395 6.35298,
	20.5561 6.36964,
	20.567 6.39119,
	20.571 6.41558,
	20.5676 6.44061,
	20.5573 6.46403,
	20.5411 6.48368,
	20.5205 6.49767,
	"/>
</Transform>

<Transform dim="0"
 xcoef=" 0 1 0 0 0 0"
 ycoef=" 0 0 1 0 0 0">
<Contour name="D85" hidden="false" closed="true" simplified="true" border="1 1 0" fill="1 1 0" mode="11"
 points="17.2341 2.54039,
	17.2137 2.53605,
	17.1951 2.52387,
	17.1802 2.50504,
	17.1672 2.45525,
	17.1702 2.42915,
	17.1795 2.40567,
	17.194 2.38708,
	17.2125 2.37522,
	17.2329 2.37125,
	17.2535 2.37556,
	17.2722 2.38772,
	17.287 2.40657,
	17.2965 2.43023,
	17.3 2.4564,
	17.2968 2.48252,
	17.2876 2.50603,
	17.2731 2.52461,
	17.2546 2.53644,
	"/>
</Transform>

<Transform dim="0"
 xcoef=" 0 1 0 0 0 0"
 ycoef=" 0 0 1 0 0 0">
<Contour name="D66" hidden="false" closed="true" simplified="true" border="0 0 1" fill="0 0 1" mode="11"
 points="16.3102 12.7231,
	16.2861 12.7176,
	16.2644 12.7028,
	16.2472 12.6802,
	16.2327 12.6208,
	16.2368 12.5897,
	16.2482 12.5618,
	16.2658 12.5399,
	16.2877 12.5262,
	16.3118 12.5221,
	16.3358 12.528,
	16.3574 12.5431,
	16.3745 12.566,
	16.3854 12.5944,
	16.389 12.6254,
	16.385 12.6562,
	16.3738 12.6837,
	16.3564 12.7053,
	16.3345 12.7188,
	"/>
</Transform>

<Transform dim="0"
 xcoef=" 0 1 0 0 0 0"
 ycoef=" 0 0 1 0 0 0">
<Contour name="D48" hidden="false" closed="true" simplified="true" border="1 0 0" fill="1 0 0" mode="11"
 points="9.67408 9.01846,
	9.64711 9.01613,
	9.62262 9.00944,
	9.60302 8.99906,
	9.58536 8.97176,
	9.58896 8.9576,
	9.60066 8.94499,
	9.61936 8.93512,
	9.64325 8.92892,
	9.67001 8.9269,
	9.69703 8.92926,
	9.72166 8.93574,
	9.74146 8.94575,
	9.75447 8.95837,
	9.7594 8.97243,
	9.75575 8.98656,
	9.7439 8.99938,
	9.725 9.00962,
	9.70093 9.01621,
	"/>
</Transform>

<Transform dim="0"
 xcoef=" 0 1 0 0 0 0"
 ycoef=" 0 0 1 0 0 0">
<Contour name="D41" hidden="false" closed="true" simplified="true" border="1 0 0" fill="1 0 0" mode="11"
 points="10.2458 6.94244,
	10.2196 6.93927,
	10.1958 6.93096,
	10.1768 6.91829,
	10.1598 6.8852,
	10.1634 6.86805,
	10.175 6.85275,
	10.1934 6.8408,
	10.2168 6.83336,
	10.2429 6.83117,
	10.2691 6.83443,
	10.2929 6.84283,
	10.312 6.85554,
	10.3245 6.87129,
	10.3291 6.88854,
	10.3254 6.90559,
	10.3137 6.92081,
	10.2952 6.93272,
	10.2718 6.94017,
	"/>
</Transform>

<Transform dim="0"
 xcoef=" 0 1 0 0 0 0"
 ycoef=" 0 0 1 0 0 0">
<Contour name="D16" hidden="false" closed="true" simplified="true" border="0 0 1" fill="0 0 1" mode="11"
 points="4.75533 6.87643,
	4.71888 6.87276,
	4.68625 6.86095,
	4.66067 6.84214,
	4.63967 6.79131,
	4.64631 6.76424,
	4.66388 6.7396,
	4.69063 6.7198,
	4.72392 6.70679,
	4.76046 6.70189,
	4.79673 6.70562,
	4.82921 6.71761,
	4.85476 6.73666,
	4.87088 6.76085,
	4.87598 6.78779,
	4.8695 6.8148,
	4.85207 6.83927,
	4.82538 6.85884,
	4.79204 6.87164,
	"/>
</Transform>

<Transform dim="0"
 xcoef=" 0 1 0 0 0 0"
 ycoef=" 0 0 1 0 0 0">
<Contour name="D71" hidden="false" closed="true" simplified="true" border="1 0 0" fill="1 0 0" mode="11"
 points="18.1503 10.5995,
	18.1298 10.5955,
	18.1111 10.5842,
	18.0961 10.5667,
	18.0824 10.5203,
	18.0852 10.4958,
	18.0943 10.4737,
	18.1087 10.4562,
	18.1271 10.445,
	18.1476 10.4411,
	18.1681 10.4451,
	18.1867 10.4564,
	18.2016 10.4741,
	18.2112 10.4962,
	18.2148 10.5208,
	18.2119 10.5453,
	18.2029 10.5673,
	18.1886 10.5846,
	18.1705 10.5957,
	"/>
</Transform>

<Transform dim="0"
 xcoef=" 0 1 0 0 0 0"
 ycoef=" 0 0 1 0 0 0">
<Contour name="D119" hidden="false" closed="true" simplified="true" border="0 1 1" fill="0 1 1" mode="11"
 points="8.14469 7.36552,
	8.13198 7.36427,
	8.11956 7.36085,
	8.10772 7.35534,
	8.09677 7.34786,
	8.08696 7.33861,
	8.07856 7.3278,
	8.07173 7.3157,
	8.06667 7.30262,
	8.06218 7.27479,
	8.06285 7.26073,
	8.06544 7.24705,
	8.06989 7.23409,
	8.0761 7.22215,
	8.08388 7.21154,
	8.09308 7.20252,
	8.10345 7.19532,
	8.11475 7.19012,
	8.12672 7.18702,
	8.13908 7.18613,
	8.15154 7.18745,
	8.16378 7.19096,
	8.17553 7.19654,
	8.1865 7.20408,
	8.19642 7.21339,
	8.20503 7.22422,
	8.21214 7.23631,
	8.21753 7.24936,
	8.22106 7.26305,
	8.22265 7.27706,
	8.22222 7.29103,
	8.2198 7.30463,
	8.21543 7.31753,
	8.20921 7.32941,
	8.20131 7.33997,
	8.19191 7.34896,
	8.18127 7.35617,
	8.16965 7.36141,
	8.15736 7.36456,
	"/>
</Transform>

<Transform dim="0"
 xcoef=" 0 1 0 0 0 0"
 ycoef=" 0 0 1 0 0 0">
<Contour name="D15" hidden="false" closed="true" simplified="true" border="1 1 0" fill="1 1 0" mode="11"
 points="4.36201 7.67268,
	4.32648 7.66599,
	4.29566 7.64672,
	4.27256 7.61683,
	4.25733 7.53797,
	4.26654 7.49679,
	4.2861 7.45973,
	4.31413 7.43033,
	4.34793 7.41137,
	4.38427 7.40471,
	4.41962 7.411,
	4.45052 7.42972,
	4.47395 7.45908,
	4.48756 7.49627,
	4.48997 7.53768,
	4.48092 7.57926,
	4.46127 7.61691,
	4.43292 7.64685,
	4.39871 7.66609,
	"/>
</Transform>

<Transform dim="0"
 xcoef=" 0 1 0 0 0 0"
 ycoef=" 0 0 1 0 0 0">
<Contour name="d41sp16" hidden="false" closed="true" simplified="true" border="1 0 0" fill="1 0 0" mode="11"
 points="9.36414 6.69493,
	9.34092 6.69355,
	9.31785 6.68942,
	9.29637 6.68121,
	9.28501 6.67438,
	9.27658 6.66483,
	9.27376 6.66211,
	9.27382 6.65938,
	9.27102 6.65666,
	9.27108 6.65394,
	9.26277 6.64306,
	9.25626 6.62139,
	9.25378 6.61057,
	9.25464 6.58901,
	9.25513 6.57826,
	9.2554 6.5729,
	9.25553 6.57021,
	9.2556 6.56887,
	9.25872 6.5635,
	9.25887 6.56083,
	9.26186 6.55815,
	9.26201 6.55547,
	9.27742 6.53673,
	9.28189 6.53405,
	9.2851 6.52871,
	9.30653 6.51005,
	9.31589 6.50074,
	9.32509 6.49409,
	9.33745 6.4848,
	9.36152 6.47549,
	9.38526 6.47151,
	9.39714 6.47018,
	9.40325 6.46754,
	9.40915 6.46755,
	9.41529 6.46491,
	9.42119 6.46492,
	9.42734 6.46228,
	9.47534 6.45709,
	9.57125 6.45588,
	9.59524 6.45581,
	9.60732 6.45443,
	9.61022 6.45574,
	9.60215 6.46501,
	9.5928 6.47034,
	9.58016 6.47965,
	9.57999 6.48229,
	9.56348 6.50354,
	9.55148 6.52481,
	9.54709 6.54612,
	9.54583 6.56749,
	9.54524 6.57819,
	9.548 6.58354,
	9.54772 6.5889,
	9.55049 6.59424,
	9.55409 6.61572,
	9.55518 6.62648,
	9.55934 6.63724,
	9.55916 6.64264,
	9.56768 6.6642,
	9.56895 6.67504,
	9.56723 6.68595,
	9.54299 6.68084,
	9.51874 6.68106,
	9.47047 6.6881,
	9.45848 6.69085,
	"/>
</Transform>

<Transform dim="0"
 xcoef=" 0 1 0 0 0 0"
 ycoef=" 0 0 1 0 0 0">
<Contour name="d119sp10" hidden="false" closed="true" simplified="true" border="1 0 0" fill="1 0 0" mode="11"
 points="9.29741 8.50572,
	9.28952 8.50536,
	9.27424 8.49425,
	9.27226 8.49415,
	9.26405 8.48648,
	9.26208 8.48638,
	9.2558 8.47776,
	9.2557 8.47567,
	9.25262 8.4724,
	9.24931 8.46393,
	9.24717 8.45967,
	9.24655 8.4441,
	9.24651 8.44307,
	9.24916 8.43494,
	9.25 8.43084,
	9.25194 8.42991,
	9.25278 8.42583,
	9.25563 8.42288,
	9.25556 8.42081,
	9.26121 8.41285,
	9.27668 8.4023,
	9.28057 8.40044,
	9.28452 8.40063,
	9.28842 8.39876,
	9.30421 8.39745,
	9.31213 8.39781,
	9.31612 8.39902,
	9.31933 8.40741,
	9.32082 8.42398,
	9.31839 8.44038,
	9.31403 8.45671,
	9.3137 8.47325,
	9.31405 8.48155,
	9.31639 8.48995,
	9.31677 8.49827,
	9.31687 8.50034,
	9.31306 8.5033,
	"/>
</Transform>

<Transform dim="0"
 xcoef=" 0 1 0 0 0 0"
 ycoef=" 0 0 1 0 0 0">
<Contour name="d119sp10" hidden="false" closed="true" simplified="true" border="1 0 0" fill="1 0 0" mode="11"
 points="10.1736 8.3517,
	10.1555 8.33947,
	10.1423 8.32473,
	10.1399 8.32478,
	10.1315 8.31802,
	10.0946 8.29787,
	10.0815 8.2853,
	10.0756 8.27724,
	10.0578 8.26235,
	10.0483 8.25548,
	10.0447 8.25084,
	10.0365 8.24511,
	10.0176 8.2301,
	10.0094 8.22432,
	9.97422 8.19524,
	9.95906 8.18119,
	9.95207 8.17295,
	9.9335 8.15884,
	9.91731 8.14703,
	9.89884 8.13401,
	9.88277 8.12094,
	9.8759 8.11379,
	9.87593 8.11139,
	9.87365 8.109,
	9.87031 8.09943,
	9.8693 8.08982,
	9.86937 8.08501,
	9.86942 8.08261,
	9.86944 8.0814,
	9.87654 8.07176,
	9.88123 8.06813,
	9.89051 8.06573,
	9.92746 8.06697,
	9.94592 8.07061,
	9.96437 8.07782,
	9.96898 8.08022,
	9.97364 8.08022,
	9.97592 8.08261,
	9.9852 8.08499,
	9.98753 8.08499,
	9.98983 8.08737,
	9.99448 8.08737,
	10.0131 8.09447,
	10.0317 8.09795,
	10.0504 8.10378,
	10.0598 8.10844,
	10.0668 8.1143,
	10.1032 8.14573,
	10.1103 8.15151,
	10.1281 8.16766,
	10.1352 8.1734,
	10.1399 8.178,
	10.159 8.18933,
	10.1757 8.20064,
	10.1817 8.20868,
	10.1852 8.21092,
	10.1937 8.22004,
	10.1985 8.22574,
	10.1985 8.22808,
	10.2142 8.24626,
	10.2214 8.25534,
	10.2323 8.27125,
	10.2396 8.27913,
	10.2445 8.28823,
	10.247 8.2974,
	10.2472 8.31587,
	10.2389 8.32424,
	10.2342 8.32901,
	10.2164 8.33999,
	10.1974 8.34868,
	10.1879 8.35128,
	"/>
</Transform>

<Transform dim="0"
 xcoef=" 0 1 0 0 0 0"
 ycoef=" 0 0 1 0 0 0">
<Contour name="d16sp11" hidden="false" closed="true" simplified="true" border="1 0 0" fill="1 0 0" mode="11"
 points="4.38301 6.35825,
	4.37952 6.34072,
	4.37726 6.33196,
	4.37613 6.32759,
	4.36974 6.32,
	4.36135 6.31576,
	4.3448 6.31828,
	4.32819 6.31643,
	4.2952 6.32372,
	4.26215 6.32664,
	4.2456 6.32703,
	4.23731 6.32614,
	4.22065 6.32004,
	4.21229 6.31592,
	4.20387 6.30856,
	4.19749 6.30007,
	4.19423 6.29149,
	4.19183 6.27422,
	4.19432 6.2394,
	4.19507 6.22198,
	4.18938 6.18742,
	4.18813 6.17009,
	4.18811 6.169,
	4.19622 6.15125,
	4.20133 6.14234,
	4.20957 6.13436,
	4.21785 6.13183,
	4.25106 6.13157,
	4.26768 6.13204,
	4.30089 6.12549,
	4.3092 6.12306,
	4.31336 6.12184,
	4.31439 6.11964,
	4.31854 6.11952,
	4.32686 6.11493,
	4.33101 6.11482,
	4.34765 6.10678,
	4.35598 6.1044,
	4.36015 6.1043,
	4.36431 6.10204,
	4.38097 6.10167,
	4.3893 6.10259,
	4.39762 6.10785,
	4.40595 6.1164,
	4.41115 6.12501,
	4.41638 6.14235,
	4.41956 6.15976,
	4.42069 6.17724,
	4.41978 6.19478,
	4.42099 6.21231,
	4.42015 6.2299,
	4.4152 6.24759,
	4.41236 6.26526,
	4.41243 6.26968,
	4.42085 6.27504,
	4.43758 6.27809,
	4.44596 6.28016,
	4.45016 6.28121,
	4.45764 6.28993,
	4.4619 6.2943,
	4.46523 6.30309,
	4.46533 6.30749,
	4.46643 6.30969,
	4.46544 6.31191,
	4.43209 6.31567,
	4.41565 6.32694,
	"/>
</Transform>

<Transform dim="0"
 xcoef=" 0 1 0 0 0 0"
 ycoef=" 0 0 1 0 0 0">
<Contour name="d41sah16" hidden="false" closed="true" simplified="true" border="1 0 0" fill="1 0 0" mode="11"
 points="9.48066 6.60328,
	9.46464 6.60328,
	9.46532 6.58888,
	9.44935 6.58886,
	9.4501 6.57449,
	9.46608 6.57452,
	9.4669 6.56018,
	9.48293 6.5602,
	9.48211 6.57454,
	9.49819 6.57454,
	9.49743 6.58889,
	9.48135 6.58889,
	"/>
</Transform>

<Transform dim="0"
 xcoef=" 0 1 0 0 0 0"
 ycoef=" 0 0 1 0 0 0">
<Contour name="d41sp14" hidden="false" closed="true" simplified="true" border="1 0 0" fill="1 0 0" mode="11"
 points="9.58805 8.10069,
	9.57138 8.09992,
	9.55476 8.09695,
	9.54651 8.09273,
	9.54042 8.08521,
	9.53641 8.07765,
	9.53442 8.07332,
	9.53452 8.06896,
	9.52972 8.05155,
	9.52915 8.03401,
	9.5294 8.0252,
	9.52943 8.0241,
	9.53625 8.00633,
	9.53845 8.00298,
	9.53853 8.00077,
	9.54511 7.99178,
	9.55513 7.9749,
	9.56172 7.96698,
	9.57579 7.95553,
	9.58008 7.95321,
	9.58217 7.95316,
	9.58436 7.95088,
	9.60127 7.94717,
	9.63484 7.94533,
	9.66859 7.93795,
	9.68538 7.93542,
	9.7187 7.93488,
	9.75156 7.94223,
	9.75867 7.94547,
	9.76272 7.94764,
	9.76962 7.95531,
	9.77928 7.97176,
	9.78221 7.97613,
	9.78212 7.97834,
	9.7841 7.98052,
	9.78402 7.98272,
	9.786 7.9849,
	9.78847 8.00244,
	9.78789 8.01997,
	9.78659 8.02873,
	9.78439 8.03311,
	9.78433 8.0353,
	9.7822 8.03751,
	9.77885 8.04627,
	9.77241 8.05507,
	9.76603 8.0617,
	9.75761 8.06727,
	9.75652 8.06946,
	9.74819 8.0707,
	9.74399 8.07296,
	9.73983 8.07304,
	9.73771 8.07526,
	9.72934 8.07762,
	9.69605 8.07732,
	9.66278 8.07274,
	9.65442 8.07296,
	9.65019 8.07526,
	9.64601 8.07537,
	9.63014 8.0845,
	9.62591 8.08678,
	9.62377 8.08901,
	9.62168 8.08906,
	9.62059 8.09127,
	9.60482 8.09708,
	"/>
</Transform>

<Transform dim="0"
 xcoef=" 0 1 0 0 0 0"
 ycoef=" 0 0 1 0 0 0">
<Contour name="d16sp14" hidden="false" closed="true" simplified="true" border="1 0 0" fill="1 0 0" mode="11"
 points="5.46727 7.18234,
	5.41877 7.18117,
	5.39488 7.17848,
	5.38912 7.17527,
	5.36561 7.16963,
	5.31941 7.15222,
	5.30947 7.14715,
	5.30371 7.1453,
	5.30079 7.14512,
	5.29809 7.14195,
	5.29224 7.14158,
	5.28103 7.13484,
	5.26963 7.13107,
	5.26672 7.13088,
	5.26405 7.12766,
	5.24138 7.12003,
	5.23021 7.11466,
	5.22445 7.11426,
	5.21345 7.10733,
	5.20783 7.10539,
	5.20247 7.10038,
	5.19687 7.09844,
	5.17824 7.08001,
	5.169 7.07,
	5.15814 7.04426,
	5.15624 7.03166,
	5.15806 7.00688,
	5.15893 6.99453,
	5.15935 6.98837,
	5.15945 6.98682,
	5.15956 6.98528,
	5.16322 6.97317,
	5.16504 6.96713,
	5.16809 6.96427,
	5.16991 6.95824,
	5.17457 6.95244,
	5.19409 6.93864,
	5.20602 6.93201,
	5.21634 6.92837,
	5.22093 6.92422,
	5.23272 6.92082,
	5.23579 6.91807,
	5.23868 6.91837,
	5.25989 6.904,
	5.27986 6.88677,
	5.28001 6.88376,
	5.28931 6.87443,
	5.28945 6.87144,
	5.29881 6.8607,
	5.29894 6.85771,
	5.31616 6.83625,
	5.33177 6.81777,
	5.34111 6.80737,
	5.34578 6.80218,
	5.34586 6.79922,
	5.36139 6.78252,
	5.37999 6.76349,
	5.39396 6.74513,
	5.40169 6.73459,
	5.40171 6.7316,
	5.40477 6.73067,
	5.40478 6.72766,
	5.41859 6.70615,
	5.42316 6.70095,
	5.43373 6.68014,
	5.43369 6.67708,
	5.43674 6.67611,
	5.4367 6.67306,
	5.45012 6.65094,
	5.45762 6.64299,
	5.46345 6.6316,
	5.47232 6.62064,
	5.49177 6.60652,
	5.49468 6.60225,
	5.50065 6.59842,
	5.50361 6.5957,
	5.50669 6.59617,
	5.50964 6.59343,
	5.51573 6.59274,
	5.52762 6.58489,
	5.55169 6.57694,
	5.57597 6.57518,
	5.60033 6.5764,
	5.62442 6.57406,
	5.67263 6.57665,
	5.69656 6.57833,
	5.70857 6.58067,
	5.72068 6.58618,
	5.72669 6.58809,
	5.7298 6.59144,
	5.73275 6.59158,
	5.73585 6.59492,
	5.74779 6.59862,
	5.75982 6.60542,
	5.78356 6.614,
	5.78938 6.61412,
	5.79242 6.61734,
	5.79823 6.61744,
	5.81003 6.62235,
	5.90258 6.64383,
	5.91401 6.64669,
	5.91967 6.64654,
	5.94246 6.65365,
	5.95373 6.65479,
	5.97635 6.6632,
	5.98195 6.66449,
	5.99327 6.67172,
	5.99756 6.67618,
	6.00032 6.67602,
	6.02136 6.69033,
	6.04214 6.70134,
	6.04767 6.70558,
	6.05038 6.70538,
	6.05589 6.7096,
	6.06132 6.71072,
	6.07222 6.71755,
	6.07761 6.71862,
	6.08033 6.72146,
	6.08301 6.72123,
	6.0844 6.72418,
	6.08705 6.72394,
	6.10852 6.74031,
	6.12447 6.7585,
	6.12978 6.77006,
	6.1312 6.79395,
	6.13121 6.80589,
	6.1312 6.81183,
	6.12859 6.81803,
	6.12454 6.842,
	6.12179 6.85398,
	6.11641 6.86615,
	6.11106 6.87245,
	6.08993 6.87429,
	6.04711 6.86575,
	5.95859 6.8565,
	5.95298 6.85373,
	5.94169 6.85253,
	5.93603 6.85265,
	5.93321 6.85125,
	5.84152 6.85487,
	5.81832 6.85762,
	5.81251 6.85756,
	5.80666 6.8604,
	5.80083 6.86033,
	5.77733 6.87009,
	5.76555 6.87273,
	5.75363 6.8811,
	5.7339 6.90207,
	5.71828 6.92434,
	5.71508 6.92988,
	5.71198 6.93259,
	5.71186 6.93542,
	5.70881 6.93669,
	5.69871 6.95876,
	5.69136 6.98073,
	5.68607 6.99154,
	5.68264 6.99686,
	5.68222 7.00236,
	5.67526 7.01293,
	5.67175 7.0182,
	5.67152 7.02092,
	5.66823 7.02343,
	5.64407 7.06382,
	5.62924 7.08428,
	5.62022 7.09435,
	5.61425 7.10466,
	5.61099 7.10576,
	5.61065 7.10842,
	5.60721 7.11085,
	5.60123 7.12117,
	5.59747 7.12628,
	5.59714 7.12895,
	5.57452 7.14761,
	5.56273 7.15496,
	5.5112 7.17227,
	5.50466 7.17605,
	5.47969 7.18022,
	"/>
</Transform>

<Transform dim="0"
 xcoef=" 0 1 0 0 0 0"
 ycoef=" 0 0 1 0 0 0">
<Contour name="d71sp09" hidden="false" closed="true" simplified="true" border="1 0 0" fill="1 0 0" mode="11"
 points="19.0487 9.9275,
	19.0378 9.92535,
	19.016 9.90933,
	19.0106 9.90606,
	18.9684 9.85651,
	18.9249 9.81138,
	18.8813 9.76935,
	18.8704 9.75997,
	18.8268 9.73726,
	18.7829 9.72793,
	18.7392 9.72165,
	18.6518 9.71834,
	18.6082 9.71548,
	18.5973 9.71516,
	18.5537 9.70522,
	18.532 9.69446,
	18.5211 9.68837,
	18.5157 9.68386,
	18.5066 9.66022,
	18.5042 9.64843,
	18.503 9.64255,
	18.503 9.64108,
	18.5031 9.63961,
	18.5094 9.61626,
	18.5255 9.59307,
	18.5343 9.58149,
	18.5561 9.55841,
	18.5619 9.55266,
	18.6072 9.53017,
	18.6522 9.51073,
	18.6967 9.49731,
	18.7406 9.49137,
	18.7626 9.4877,
	18.807 9.47449,
	18.8517 9.45684,
	18.8967 9.43623,
	18.908 9.43071,
	18.9302 9.40758,
	18.9707 9.36101,
	18.9916 9.3377,
	18.9975 9.3319,
	19.0429 9.30971,
	19.088 9.29219,
	19.1336 9.26877,
	19.1798 9.23636,
	19.2265 9.19631,
	19.2381 9.18624,
	19.2838 9.15959,
	19.3063 9.15154,
	19.3284 9.14653,
	19.3503 9.14455,
	19.3613 9.14201,
	19.4046 9.14261,
	19.4155 9.14159,
	19.458 9.14981,
	19.479 9.15542,
	19.4896 9.15745,
	19.4948 9.15922,
	19.5048 9.17048,
	19.5097 9.17688,
	19.5186 9.20193,
	19.5195 9.22653,
	19.5138 9.25077,
	19.5027 9.27469,
	19.4888 9.29836,
	19.4517 9.34499,
	19.4337 9.36817,
	19.4234 9.37966,
	19.4005 9.39657,
	19.3779 9.40897,
	19.3667 9.41442,
	19.3434 9.43575,
	19.317 9.48243,
	19.2763 9.57669,
	19.2717 9.5885,
	19.2387 9.63498,
	19.2102 9.68143,
	19.1947 9.70447,
	19.1681 9.75056,
	19.1224 9.84246,
	19.099 9.8881,
	19.0854 9.91074,
	19.0759 9.92188,
	19.0704 9.9274,
	"/>
</Transform>

<Transform dim="0"
 xcoef=" 0 1 0 0 0 0"
 ycoef=" 0 0 1 0 0 0">
<Contour name="d16sp13" hidden="false" closed="true" simplified="true" border="1 0 0" fill="1 0 0" mode="11"
 points="5.09465 7.46101,
	5.09143 7.46007,
	5.07965 7.45136,
	5.07346 7.44531,
	5.06341 7.43575,
	5.06198 7.43236,
	5.0604 7.43145,
	5.0605 7.4298,
	5.05817 7.42802,
	5.05512 7.42455,
	5.03272 7.40594,
	5.02653 7.40144,
	5.01397 7.39572,
	5.00775 7.39201,
	4.99518 7.38706,
	4.98893 7.38415,
	4.98577 7.38312,
	4.98056 7.37691,
	4.97838 7.37341,
	4.97802 7.36668,
	4.97825 7.36334,
	4.9783 7.3625,
	4.98794 7.3505,
	5.00125 7.34374,
	5.01428 7.34113,
	5.03998 7.34172,
	5.05267 7.34491,
	5.05588 7.34507,
	5.08102 7.35632,
	5.08734 7.35909,
	5.10018 7.36128,
	5.12571 7.3697,
	5.13206 7.37239,
	5.136 7.37502,
	5.14238 7.37769,
	5.1456 7.37862,
	5.14714 7.38032,
	5.17291 7.38841,
	5.17456 7.38845,
	5.17529 7.39013,
	5.18173 7.39274,
	5.18723 7.3978,
	5.18883 7.39866,
	5.18876 7.40031,
	5.19032 7.402,
	5.19083 7.4086,
	5.1897 7.41519,
	5.18954 7.41849,
	5.18152 7.43156,
	5.17973 7.43483,
	5.16613 7.44368,
	5.15944 7.44603,
	5.14625 7.4466,
	5.133 7.44879,
	5.11959 7.45426,
	5.11369 7.45741,
	5.11037 7.45815,
	5.10778 7.46056,
	"/>
</Transform>

<Transform dim="0"
 xcoef=" 0 1 0 0 0 0"
 ycoef=" 0 0 1 0 0 0">
<Contour name="d39sp13" hidden="false" closed="true" simplified="true" border="1 0 0" fill="1 0 0" mode="11"
 points="11.1293 6.63023,
	11.1181 6.63018,
	11.1085 6.62116,
	11.1044 6.6173,
	11.1031 6.61473,
	11.1003 6.61472,
	11.0977 6.61215,
	11.0948 6.61214,
	11.0839 6.6057,
	11.0785 6.60312,
	11.0756 6.60311,
	11.0323 6.57744,
	11.0269 6.57615,
	11.0242 6.5736,
	11.0214 6.5736,
	11.0188 6.57104,
	11.0161 6.57104,
	11.0134 6.56848,
	11.0106 6.56848,
	11.008 6.56593,
	11.0053 6.56593,
	11 6.56209,
	10.9945 6.56082,
	10.9933 6.55826,
	10.9824 6.55572,
	10.9812 6.55317,
	10.9784 6.55317,
	10.9758 6.55062,
	10.9544 6.54428,
	10.9436 6.54304,
	10.9223 6.53672,
	10.9116 6.5342,
	10.9062 6.53167,
	10.9009 6.53169,
	10.8957 6.52916,
	10.8529 6.5255,
	10.8105 6.51927,
	10.7998 6.51801,
	10.7945 6.51547,
	10.784 6.51422,
	10.6996 6.48605,
	10.6943 6.48348,
	10.6889 6.48342,
	10.6675 6.47687,
	10.6243 6.4686,
	10.6135 6.46462,
	10.6026 6.46312,
	10.5918 6.45912,
	10.5863 6.45773,
	10.5771 6.45126,
	10.5673 6.43226,
	10.5618 6.41212,
	10.5624 6.40211,
	10.5628 6.3971,
	10.5629 6.39585,
	10.563 6.3946,
	10.5691 6.38468,
	10.5881 6.36737,
	10.5955 6.35738,
	10.6113 6.31701,
	10.6116 6.31192,
	10.6207 6.29163,
	10.6293 6.28149,
	10.6349 6.27771,
	10.6377 6.27517,
	10.6404 6.27519,
	10.6432 6.27266,
	10.6542 6.27146,
	10.665 6.27281,
	10.6756 6.27926,
	10.6782 6.28183,
	10.6875 6.28573,
	10.6981 6.29344,
	10.7073 6.2986,
	10.7256 6.31398,
	10.7308 6.3191,
	10.7386 6.32549,
	10.7411 6.32931,
	10.7462 6.33441,
	10.7489 6.33442,
	10.7541 6.33824,
	10.7567 6.34079,
	10.7594 6.34079,
	10.7698 6.34842,
	10.7896 6.3573,
	10.8 6.36236,
	10.8027 6.36235,
	10.8053 6.36488,
	10.8079 6.36488,
	10.8105 6.3674,
	10.8316 6.37494,
	10.8527 6.37991,
	10.8742 6.38232,
	10.885 6.38226,
	10.8956 6.38472,
	10.9064 6.38465,
	10.9171 6.38712,
	10.928 6.38704,
	10.9493 6.39197,
	10.9705 6.40069,
	10.9811 6.40316,
	10.9865 6.40566,
	10.9919 6.40563,
	11.0335 6.41938,
	11.0553 6.42439,
	11.0662 6.4269,
	11.0719 6.42688,
	11.0937 6.43321,
	11.0992 6.43448,
	11.1018 6.43703,
	11.1242 6.44085,
	11.1269 6.44085,
	11.1296 6.44341,
	11.1352 6.44342,
	11.1574 6.45113,
	11.1601 6.45368,
	11.1628 6.45369,
	11.1708 6.46139,
	11.1734 6.46397,
	11.1732 6.46653,
	11.1759 6.4691,
	11.178 6.47935,
	11.1778 6.48191,
	11.1803 6.48448,
	11.1817 6.50498,
	11.1842 6.51012,
	11.1849 6.52037,
	11.1909 6.54092,
	11.1941 6.56145,
	11.1923 6.60246,
	11.189 6.61268,
	11.1861 6.61522,
	11.1845 6.62034,
	11.1744 6.62923,
	"/>
</Transform>

<Transform dim="0"
 xcoef=" 0 1 0 0 0 0"
 ycoef=" 0 0 1 0 0 0">
<Contour name="d41sp15" hidden="false" closed="true" simplified="true" border="1 0 0" fill="1 0 0" mode="11"
 points="11.4612 7.54987,
	11.4279 7.54696,
	11.4112 7.54369,
	11.4028 7.54207,
	11.3986 7.54126,
	11.3845 7.53147,
	11.3769 7.52521,
	11.3726 7.52164,
	11.3512 7.49455,
	11.338 7.48111,
	11.3345 7.47384,
	11.3322 7.47022,
	11.3293 7.45558,
	11.3289 7.44823,
	11.3287 7.44456,
	11.3286 7.44364,
	11.3313 7.43621,
	11.331 7.43254,
	11.3331 7.43157,
	11.3357 7.42414,
	11.3463 7.41011,
	11.3542 7.40531,
	11.3623 7.40328,
	11.3644 7.4014,
	11.3685 7.4013,
	11.3766 7.39836,
	11.3929 7.39527,
	11.4011 7.39328,
	11.4051 7.39138,
	11.4215 7.38835,
	11.4379 7.38355,
	11.4461 7.3816,
	11.4502 7.38064,
	11.4521 7.3788,
	11.4542 7.37877,
	11.4623 7.37323,
	11.4643 7.37321,
	11.4725 7.36858,
	11.4796 7.36219,
	11.4836 7.35943,
	11.4935 7.34762,
	11.5025 7.33406,
	11.5095 7.32684,
	11.5197 7.31427,
	11.5434 7.28755,
	11.5539 7.27343,
	11.5602 7.26642,
	11.5602 7.26465,
	11.5719 7.25246,
	11.5741 7.24898,
	11.5784 7.24553,
	11.5806 7.24207,
	11.5849 7.23952,
	11.5971 7.22668,
	11.6126 7.21405,
	11.6171 7.21157,
	11.6347 7.21118,
	11.6391 7.21131,
	11.6434 7.21315,
	11.6457 7.21321,
	11.6532 7.21773,
	11.6618 7.22398,
	11.6683 7.23018,
	11.6703 7.23281,
	11.6703 7.23453,
	11.6756 7.23985,
	11.6788 7.24338,
	11.681 7.24516,
	11.6841 7.25213,
	11.6859 7.266,
	11.6858 7.26946,
	11.6802 7.28322,
	11.6778 7.29014,
	11.6757 7.29184,
	11.6648 7.31972,
	11.6627 7.32674,
	11.6628 7.32851,
	11.6606 7.33025,
	11.6576 7.34437,
	11.6555 7.34789,
	11.6526 7.36209,
	11.6516 7.36565,
	11.6495 7.36741,
	11.6496 7.37098,
	11.6475 7.37275,
	11.6476 7.37632,
	11.6417 7.39059,
	11.6397 7.39417,
	11.6398 7.39776,
	11.6351 7.41212,
	11.6331 7.41572,
	11.6333 7.41932,
	11.6313 7.42112,
	11.6314 7.42472,
	11.6257 7.43916,
	11.6222 7.45365,
	11.6206 7.48268,
	11.6204 7.49725,
	11.6208 7.50454,
	11.6186 7.51916,
	11.6167 7.52282,
	11.6168 7.52465,
	11.6071 7.53663,
	11.5991 7.54219,
	11.5827 7.54695,
	11.5744 7.54796,
	11.5403 7.53829,
	11.5235 7.53578,
	11.5068 7.53514,
	11.4996 7.53711,
	11.4858 7.54751,
	11.4777 7.54952,
	"/>
</Transform>

<Transform dim="0"
 xcoef=" 0 1 0 0 0 0"
 ycoef=" 0 0 1 0 0 0">
<Contour name="d41serh15" hidden="false" closed="true" simplified="true" border="1 0 0" fill="1 0 0" mode="11"
 points="11.4177 7.47105,
	11.4167 7.45554,
	11.3993 7.45592,
	11.3984 7.44043,
	11.4159 7.44006,
	11.415 7.42459,
	11.4325 7.42427,
	11.4333 7.43972,
	11.4509 7.43941,
	11.4517 7.45486,
	11.4342 7.45519,
	11.4351 7.47068,
	"/>
</Transform>

<Transform dim="0"
 xcoef=" 0 1 0 0 0 0"
 ycoef=" 0 0 1 0 0 0">
<Contour name="d39sp14" hidden="false" closed="true" simplified="true" border="1 0 0" fill="1 0 0" mode="11"
 points="12.3248 4.78377,
	12.3043 4.78324,
	12.2941 4.78107,
	12.2331 4.78353,
	12.2128 4.7793,
	12.2077 4.77696,
	12.2052 4.77707,
	12.2039 4.77459,
	12.2014 4.7747,
	12.1834 4.76149,
	12.1632 4.75733,
	12.123 4.75548,
	12.0831 4.75875,
	12.0533 4.76021,
	12.0333 4.75736,
	12.0233 4.75656,
	12.0184 4.75426,
	12.0134 4.75448,
	11.9738 4.74356,
	11.954 4.73802,
	11.9343 4.72739,
	11.9318 4.72496,
	11.922 4.7215,
	11.9133 4.71422,
	11.9084 4.70933,
	11.9034 4.69941,
	11.9034 4.69438,
	11.901 4.68941,
	11.9009 4.66928,
	11.9009 4.66676,
	11.9009 4.6655,
	11.9033 4.66291,
	11.9046 4.65783,
	11.9119 4.64753,
	11.9301 4.63432,
	11.9496 4.62856,
	11.9886 4.62308,
	12.0082 4.61706,
	12.018 4.61277,
	12.0228 4.60998,
	12.0252 4.60733,
	12.0277 4.60719,
	12.0459 4.59355,
	12.0544 4.58422,
	12.0677 4.56575,
	12.0714 4.563,
	12.0847 4.54327,
	12.0919 4.53274,
	12.0919 4.53021,
	12.0943 4.52754,
	12.0942 4.52502,
	12.0967 4.52235,
	12.0978 4.51722,
	12.1003 4.51583,
	12.1002 4.51329,
	12.116 4.49347,
	12.126 4.48662,
	12.1296 4.48264,
	12.1396 4.47961,
	12.1421 4.47948,
	12.1446 4.47683,
	12.1496 4.47658,
	12.1546 4.47381,
	12.1646 4.47206,
	12.1746 4.46654,
	12.1771 4.4639,
	12.1797 4.46378,
	12.1883 4.45581,
	12.1933 4.45306,
	12.1958 4.44916,
	12.2057 4.44117,
	12.2193 4.42295,
	12.2242 4.41771,
	12.2378 4.39954,
	12.2539 4.38383,
	12.2627 4.37722,
	12.2677 4.37327,
	12.2702 4.37317,
	12.2727 4.37056,
	12.2753 4.37047,
	12.2777 4.36788,
	12.2981 4.36339,
	12.3032 4.36446,
	12.3137 4.37163,
	12.3307 4.38987,
	12.3333 4.3923,
	12.3333 4.39481,
	12.3478 4.41192,
	12.3504 4.4131,
	12.3504 4.4156,
	12.3649 4.434,
	12.3715 4.4426,
	12.3754 4.44752,
	12.3754 4.45004,
	12.3781 4.45121,
	12.3781 4.45373,
	12.3833 4.4586,
	12.4083 4.49565,
	12.4162 4.50549,
	12.4227 4.51286,
	12.4254 4.51783,
	12.428 4.51901,
	12.4281 4.52154,
	12.4319 4.52395,
	12.4386 4.53384,
	12.4477 4.54367,
	12.4503 4.54738,
	12.4556 4.55226,
	12.4725 4.56438,
	12.487 4.58289,
	12.4884 4.58791,
	12.4962 4.59653,
	12.5003 4.60652,
	12.5029 4.6115,
	12.503 4.61404,
	12.5057 4.61648,
	12.5057 4.61902,
	12.5123 4.62767,
	12.5163 4.63261,
	12.5203 4.63503,
	12.5241 4.63997,
	12.5245 4.66025,
	12.5248 4.6704,
	12.5224 4.68062,
	12.5199 4.68578,
	12.52 4.68832,
	12.5035 4.70534,
	12.4945 4.71326,
	12.4895 4.71849,
	12.4717 4.73304,
	12.4614 4.73973,
	12.4564 4.74371,
	12.4537 4.74379,
	12.4526 4.74637,
	12.4499 4.74645,
	12.4474 4.74908,
	12.4064 4.76439,
	12.3655 4.77468,
	12.3553 4.77885,
	12.3451 4.77921,
	"/>
</Transform>

<Transform dim="0"
 xcoef=" 0 1 0 0 0 0"
 ycoef=" 0 0 1 0 0 0">
<Contour name="d71c09" hidden="false" closed="true" simplified="true" border="0 0 1" fill="0 0 1" mode="11"
 points="18.9008 9.46644,
	18.8917 9.46478,
	18.874 9.4552,
	18.8697 9.45124,
	18.8682 9.44107,
	18.8662 9.43594,
	18.8664 9.43342,
	18.8665 9.43216,
	18.8738 9.41222,
	18.909 9.37304,
	18.9277 9.35472,
	18.9467 9.34657,
	18.9558 9.34695,
	18.9605 9.34587,
	18.9692 9.35007,
	18.9737 9.35154,
	18.9787 9.36067,
	18.9802 9.37094,
	18.9786 9.39124,
	18.9629 9.43121,
	18.9576 9.44113,
	18.9194 9.4622,
	"/>
</Transform>

<Transform dim="0"
 xcoef=" 0 1 0 0 0 0"
 ycoef=" 0 0 1 0 0 0">
<Contour name="d71c09" hidden="false" closed="true" simplified="true" border="0 0 1" fill="0 0 1" mode="11"
 points="19.1291 9.32196,
	19.1108 9.31971,
	19.0927 9.31495,
	19.0884 9.31217,
	19.082 9.29139,
	19.0816 9.28113,
	19.082 9.27603,
	19.0821 9.27476,
	19.0964 9.255,
	19.1361 9.21609,
	19.146 9.20765,
	19.165 9.1997,
	19.1744 9.19765,
	19.1833 9.202,
	19.1919 9.2089,
	19.1981 9.21952,
	19.2 9.24016,
	19.195 9.26039,
	19.1936 9.26543,
	19.1793 9.28509,
	19.1629 9.30335,
	19.1433 9.31761,
	19.1384 9.32117,
	"/>
</Transform>

<Transform dim="0"
 xcoef=" 0 1 0 0 0 0"
 ycoef=" 0 0 1 0 0 0">
<Contour name="d39p12" hidden="false" closed="true" simplified="true" border="1 0 0" fill="1 0 0" mode="11"
 points="11.094 4.84949,
	11.0736 4.83328,
	11.0978 4.81289,
	11.1184 4.82955,
	"/>
</Transform>

<Transform dim="0"
 xcoef=" 0 1 0 0 0 0"
 ycoef=" 0 0 1 0 0 0">
<Contour name="d39sp16" hidden="false" closed="true" simplified="true" border="1 0 0" fill="1 0 0" mode="11"
 points="13.5008 5.25704,
	13.4734 5.24997,
	13.46 5.24591,
	13.4467 5.23996,
	13.4449 5.23991,
	13.4433 5.238,
	13.4375 5.23502,
	13.4334 5.23117,
	13.4318 5.23111,
	13.4203 5.2214,
	13.4146 5.21745,
	13.4113 5.21452,
	13.4097 5.21446,
	13.4032 5.20954,
	13.3772 5.20006,
	13.3739 5.19805,
	13.3707 5.19792,
	13.3691 5.19597,
	13.3561 5.19077,
	13.3497 5.18864,
	13.3481 5.18669,
	13.3415 5.18362,
	13.3391 5.18071,
	13.3383 5.16555,
	13.3383 5.16461,
	13.3383 5.16366,
	13.3415 5.0399,
	13.3419 5.00817,
	13.3416 4.99221,
	13.3431 4.97625,
	13.3472 4.9603,
	13.3497 4.95232,
	13.3566 4.94544,
	13.3671 4.93062,
	13.3715 4.9247,
	13.3715 4.92269,
	13.3768 4.91479,
	13.3785 4.91082,
	13.3802 4.90886,
	13.3802 4.90685,
	13.382 4.9059,
	13.382 4.90389,
	13.3988 4.87533,
	13.4023 4.86844,
	13.4139 4.85386,
	13.4202 4.84712,
	13.4348 4.8467,
	13.4384 4.84685,
	13.4674 4.86028,
	13.4746 4.8667,
	13.4782 4.86893,
	13.4826 4.87421,
	13.4844 4.87835,
	13.4862 4.88047,
	13.4862 4.88248,
	13.4914 4.89088,
	13.4931 4.89503,
	13.4931 4.89705,
	13.4949 4.89818,
	13.4949 4.90222,
	13.4966 4.90434,
	13.4982 4.91252,
	13.4999 4.91465,
	13.5124 4.94779,
	13.514 4.95193,
	13.5157 4.95405,
	13.5156 4.95606,
	13.5174 4.95818,
	13.5173 4.96019,
	13.519 4.96231,
	13.5197 4.96637,
	13.5214 4.96849,
	13.5383 5.03306,
	13.542 5.04792,
	13.5435 5.05578,
	13.5451 5.0578,
	13.5489 5.07346,
	13.5496 5.07734,
	13.5513 5.07933,
	13.5552 5.09386,
	13.5566 5.10155,
	13.5599 5.10927,
	13.5599 5.11117,
	13.5615 5.11312,
	13.5704 5.14353,
	13.5703 5.1454,
	13.572 5.14731,
	13.5761 5.16233,
	13.5785 5.16982,
	13.5799 5.18469,
	13.5796 5.19947,
	13.5795 5.20684,
	13.5795 5.21052,
	13.5777 5.21418,
	13.5776 5.21785,
	13.5758 5.21967,
	13.5758 5.22151,
	13.5667 5.23515,
	13.5604 5.24241,
	13.5533 5.24781,
	13.5515 5.24779,
	13.5498 5.2496,
	13.5479 5.24957,
	13.5462 5.25138,
	13.5321 5.25484,
	13.5286 5.25662,
	"/>
</Transform>

<Transform dim="0"
 xcoef=" 0 1 0 0 0 0"
 ycoef=" 0 0 1 0 0 0">
<Contour name="d39san12" hidden="false" closed="true" simplified="true" border="1 0 0" fill="1 0 0" mode="11"
 points="10.3694 4.48178,
	10.3688 4.4677,
	10.3521 4.46811,
	10.3514 4.45419,
	10.3681 4.45375,
	10.3673 4.43991,
	10.384 4.43942,
	10.3849 4.45331,
	10.4016 4.45288,
	10.4023 4.46693,
	10.3856 4.46731,
	10.3862 4.48143,
	"/>
</Transform>

<Transform dim="0"
 xcoef=" 0 1 0 0 0 0"
 ycoef=" 0 0 1 0 0 0">
<Contour name="d41p16" hidden="false" closed="true" simplified="true" border="1 0 0" fill="1 0 0" mode="11"
 points="9.82111 6.6345,
	9.7994 6.61525,
	9.82244 6.59359,
	9.84395 6.61277,
	"/>
</Transform>

<Transform dim="0"
 xcoef=" 0 1 0 0 0 0"
 ycoef=" 0 0 1 0 0 0">
<Contour name="d16c14" hidden="false" closed="true" simplified="true" border="0 0 1" fill="0 0 1" mode="11"
 points="5.66187 7.07657,
	5.64688 7.07635,
	5.63961 7.07418,
	5.63446 7.06971,
	5.62469 7.05587,
	5.62166 7.04906,
	5.61836 7.03561,
	5.6178 7.02234,
	5.61903 7.00916,
	5.61933 7.00585,
	5.6194 7.00503,
	5.66841 6.90004,
	5.67927 6.87284,
	5.68216 6.866,
	5.6877 6.86104,
	5.69506 6.8544,
	5.70057 6.84851,
	5.70332 6.84512,
	5.70789 6.84091,
	5.71515 6.83414,
	5.72148 6.82908,
	5.73583 6.8234,
	5.7394 6.82263,
	5.74119 6.82091,
	5.74475 6.82103,
	5.7581 6.81696,
	5.76165 6.81616,
	5.76342 6.81621,
	5.76521 6.81446,
	5.76875 6.81454,
	5.77229 6.81284,
	5.80052 6.81067,
	5.81457 6.81084,
	5.82159 6.81179,
	5.83558 6.81725,
	5.83732 6.81726,
	5.83906 6.81905,
	5.84081 6.81905,
	5.84255 6.82084,
	5.84604 6.82174,
	5.853 6.82709,
	5.85732 6.83242,
	5.86163 6.83952,
	5.8616 6.84306,
	5.86334 6.84396,
	5.86502 6.85104,
	5.86555 6.87924,
	5.8637 6.88625,
	5.85834 6.89325,
	5.84596 6.9011,
	5.83976 6.90457,
	5.83621 6.90629,
	5.8292 6.90624,
	5.82213 6.90792,
	5.80804 6.90776,
	5.80096 6.90853,
	5.78664 6.91435,
	5.7848 6.91692,
	5.77844 6.92198,
	5.77288 6.92877,
	5.77105 6.93045,
	5.77099 6.93217,
	5.76629 6.93893,
	5.76127 6.95252,
	5.75933 6.95588,
	5.75925 6.95758,
	5.75738 6.95923,
	5.74609 6.986,
	5.73895 6.99918,
	5.73488 7.00572,
	5.73283 7.00898,
	5.73271 7.01064,
	5.71154 7.03536,
	5.69942 7.04705,
	5.68824 7.05706,
	5.68614 7.05939,
	5.67282 7.07079,
	5.66578 7.07521,
	"/>
</Transform>

<Transform dim="0"
 xcoef=" 0 1 0 0 0 0"
 ycoef=" 0 0 1 0 0 0">
<Contour name="d66p06" hidden="false" closed="true" simplified="true" border="1 0 0" fill="1 0 0" mode="11"
 points="16.9654 12.5116,
	16.9504 12.4829,
	16.9817 12.4848,
	"/>
</Transform>

<Transform dim="0"
 xcoef=" 0 1 0 0 0 0"
 ycoef=" 0 0 1 0 0 0">
<Contour name="d39c13" hidden="false" closed="true" simplified="true" border="0 0 1" fill="0 0 1" mode="11"
 points="11.0417 6.62706,
	11.02 6.6245,
	11.0091 6.62323,
	11.0037 6.62323,
	10.9983 6.62068,
	10.9929 6.62068,
	10.9875 6.61814,
	10.9821 6.61814,
	10.9767 6.6156,
	10.9659 6.61433,
	10.9606 6.61179,
	10.9552 6.6118,
	10.9125 6.59788,
	10.8913 6.59157,
	10.8807 6.58778,
	10.8755 6.58526,
	10.8728 6.58526,
	10.8702 6.58273,
	10.8597 6.58022,
	10.8544 6.57769,
	10.8491 6.5777,
	10.8439 6.57518,
	10.8412 6.57518,
	10.8387 6.57266,
	10.7967 6.55878,
	10.7862 6.55625,
	10.7836 6.55372,
	10.781 6.55372,
	10.7706 6.5474,
	10.7668 6.5436,
	10.7641 6.5436,
	10.759 6.53981,
	10.7467 6.52089,
	10.7432 6.51082,
	10.7437 6.50202,
	10.7438 6.50077,
	10.7621 6.48198,
	10.7676 6.47947,
	10.7729 6.47947,
	10.7758 6.47696,
	10.7972 6.47443,
	10.8184 6.47437,
	10.8395 6.47681,
	10.8501 6.47676,
	10.8712 6.48045,
	10.8817 6.48291,
	10.8924 6.48286,
	10.8949 6.4841,
	10.9003 6.48282,
	10.9109 6.4853,
	10.9162 6.48527,
	10.9583 6.50024,
	11.0011 6.5115,
	11.0225 6.5178,
	11.0279 6.51907,
	11.0385 6.52539,
	11.0438 6.5292,
	11.0465 6.5292,
	11.0665 6.54317,
	11.0771 6.55208,
	11.0836 6.56099,
	11.0875 6.56608,
	11.0887 6.57117,
	11.0927 6.57627,
	11.0988 6.59664,
	11.1014 6.60683,
	11.1012 6.61192,
	11.1011 6.61446,
	11.0912 6.62335,
	11.0856 6.62588,
	"/>
</Transform>

<Transform dim="0"
 xcoef=" 0 1 0 0 0 0"
 ycoef=" 0 0 1 0 0 0">
<Contour name="d16c12" hidden="false" closed="true" simplified="true" border="0 0 1" fill="0 0 1" mode="11"
 points="4.38348 7.16096,
	4.38109 7.15973,
	4.37864 7.15976,
	4.36904 7.15609,
	4.3642 7.15488,
	4.35943 7.15243,
	4.3582 7.15244,
	4.35704 7.15119,
	4.35582 7.1512,
	4.35465 7.14997,
	4.34507 7.14567,
	4.34028 7.1432,
	4.33912 7.14196,
	4.33431 7.14011,
	4.33255 7.13826,
	4.32295 7.13394,
	4.32178 7.13269,
	4.32056 7.13269,
	4.31939 7.13145,
	4.31816 7.13146,
	4.317 7.13022,
	4.31576 7.13022,
	4.3146 7.12897,
	4.31337 7.12898,
	4.30864 7.12524,
	4.30385 7.12275,
	4.30142 7.12214,
	4.30025 7.12089,
	4.29902 7.1209,
	4.2901 7.11466,
	4.28887 7.11466,
	4.28831 7.11341,
	4.28709 7.11342,
	4.28474 7.11091,
	4.27585 7.10401,
	4.26045 7.09082,
	4.25219 7.08326,
	4.24457 7.07441,
	4.24043 7.07062,
	4.23755 7.06619,
	4.2352 7.06365,
	4.23232 7.05922,
	4.23237 7.05796,
	4.23116 7.05732,
	4.23121 7.05606,
	4.23001 7.05542,
	4.23007 7.05416,
	4.22834 7.05162,
	4.22505 7.04211,
	4.22301 7.03197,
	4.22076 7.01166,
	4.22055 7.0015,
	4.22075 6.99642,
	4.2208 6.99516,
	4.22082 6.99451,
	4.22274 6.99262,
	4.22346 6.99008,
	4.22351 6.98881,
	4.22476 6.98818,
	4.22679 6.9831,
	4.22813 6.98057,
	4.22938 6.97993,
	4.23079 6.97486,
	4.23151 6.97231,
	4.236 6.96725,
	4.24104 6.96409,
	4.24598 6.96347,
	4.25088 6.96412,
	4.25572 6.96605,
	4.26471 6.97242,
	4.26824 6.97688,
	4.27003 6.97815,
	4.27178 6.9807,
	4.27358 6.98197,
	4.27708 6.98705,
	4.28656 6.99596,
	4.29423 7.00421,
	4.29774 7.00864,
	4.3013 7.01181,
	4.30542 7.01625,
	4.31023 7.01878,
	4.31192 7.02258,
	4.33097 7.03709,
	4.34054 7.04338,
	4.34176 7.04338,
	4.34411 7.04589,
	4.34534 7.04588,
	4.34769 7.0484,
	4.35012 7.04902,
	4.35127 7.05091,
	4.35249 7.05091,
	4.36082 7.05716,
	4.37039 7.06278,
	4.37156 7.06403,
	4.37279 7.06403,
	4.37757 7.06715,
	4.38113 7.06964,
	4.38813 7.07776,
	4.39502 7.08775,
	4.39496 7.089,
	4.39785 7.09274,
	4.39835 7.09525,
	4.40185 7.09898,
	4.40348 7.10334,
	4.40633 7.1077,
	4.40682 7.1102,
	4.4097 7.11393,
	4.41019 7.11643,
	4.41139 7.11704,
	4.41521 7.12638,
	4.41621 7.13074,
	4.4167 7.13324,
	4.41841 7.13571,
	4.41913 7.14569,
	4.41523 7.15008,
	4.41078 7.15324,
	4.4095 7.1545,
	4.40702 7.15515,
	4.40257 7.1583,
	4.3982 7.16021,
	4.38837 7.16091,
	"/>
</Transform>

<Transform dim="0"
 xcoef=" 0 1 0 0 0 0"
 ycoef=" 0 0 1 0 0 0">
<Contour name="d16sp15" hidden="false" closed="true" simplified="true" border="1 0 0" fill="1 0 0" mode="11"
 points="3.21465 6.42232,
	3.19465 6.42083,
	3.1748 6.41365,
	3.16491 6.40892,
	3.1465 6.39497,
	3.13062 6.38001,
	3.1246 6.37086,
	3.12222 6.36631,
	3.12229 6.36404,
	3.11985 6.36176,
	3.1176 6.35269,
	3.1152 6.34815,
	3.11527 6.34589,
	3.11282 6.34363,
	3.11057 6.33459,
	3.10813 6.33233,
	3.10819 6.33007,
	3.10574 6.32782,
	3.10222 6.3188,
	3.10229 6.31656,
	3.09867 6.31093,
	3.09035 6.29298,
	3.08682 6.28401,
	3.08075 6.27507,
	3.07719 6.26611,
	3.06499 6.24824,
	3.05528 6.23037,
	3.0506 6.21244,
	3.04698 6.20346,
	3.04479 6.18547,
	3.04514 6.16742,
	3.04516 6.16628,
	3.04787 6.15723,
	3.0505 6.15268,
	3.05058 6.14815,
	3.05063 6.14589,
	3.05322 6.14361,
	3.05593 6.13452,
	3.06248 6.1254,
	3.07026 6.11968,
	3.07158 6.1174,
	3.08186 6.11507,
	3.10232 6.11609,
	3.11254 6.11718,
	3.13288 6.12505,
	3.15177 6.13863,
	3.1605 6.14769,
	3.16668 6.15563,
	3.17541 6.16358,
	3.18771 6.17947,
	3.19012 6.184,
	3.19005 6.18627,
	3.19744 6.19423,
	3.19985 6.19876,
	3.19977 6.20103,
	3.21191 6.21807,
	3.22781 6.23517,
	3.23395 6.24088,
	3.25921 6.27515,
	3.26281 6.27974,
	3.2653 6.28091,
	3.26638 6.28546,
	3.28079 6.30384,
	3.28672 6.31303,
	3.29031 6.31765,
	3.29712 6.33597,
	3.29887 6.35422,
	3.29849 6.36333,
	3.28894 6.38138,
	3.2875 6.38592,
	3.27312 6.40049,
	3.25502 6.41504,
	3.24484 6.41943,
	3.23474 6.42153,
	"/>
</Transform>

<Transform dim="0"
 xcoef=" 0 1 0 0 0 0"
 ycoef=" 0 0 1 0 0 0">
<Contour name="d16p12" hidden="false" closed="true" simplified="true" border="1 0 0" fill="1 0 0" mode="11"
 points="4.34854 7.06144,
	4.336 7.03579,
	4.36331 7.03571,
	"/>
</Transform>

<Transform dim="0"
 xcoef=" 0 1 0 0 0 0"
 ycoef=" 0 0 1 0 0 0">
<Contour name="d66sp06" hidden="false" closed="true" simplified="true" border="1 0 0" fill="1 0 0" mode="11"
 points="16.9161 12.6243,
	16.9139 12.6222,
	16.9139 12.6201,
	16.9426 12.556,
	16.9493 12.54,
	16.9537 12.532,
	16.9615 12.4664,
	16.961 12.4004,
	16.9611 12.3962,
	16.9783 12.3952,
	17.1143 12.4126,
	17.2486 12.4363,
	17.3821 12.455,
	17.4488 12.4627,
	17.4821 12.4664,
	17.5501 12.461,
	17.6862 12.4385,
	17.7031 12.4349,
	17.8335 12.432,
	17.8977 12.4294,
	17.9176 12.4298,
	17.9327 12.4427,
	17.9403 12.4492,
	17.942 12.4534,
	17.9239 12.4865,
	17.9194 12.4948,
	17.8862 12.5085,
	17.8696 12.5142,
	17.7391 12.5064,
	17.6729 12.5047,
	17.6394 12.5059,
	17.6228 12.5054,
	17.4864 12.5297,
	17.4188 12.541,
	17.2853 12.5493,
	17.1519 12.5604,
	17.0849 12.5699,
	17.0514 12.5757,
	17.0346 12.5765,
	16.967 12.6028,
	16.933 12.6171,
	"/>
</Transform>

<Transform dim="0"
 xcoef=" 0 1 0 0 0 0"
 ycoef=" 0 0 1 0 0 0">
<Contour name="d16serb11" hidden="false" closed="true" simplified="true" border="1 0 0" fill="1 0 0" mode="11"
 points="4.52001 6.41588,
	4.5197 6.4053,
	4.50951 6.4054,
	4.5092 6.39482,
	4.51938 6.39472,
	4.51906 6.38413,
	4.52925 6.38404,
	4.52958 6.39462,
	4.53978 6.39453,
	4.54012 6.40511,
	4.5299 6.40521,
	4.53023 6.41578,
	"/>
</Transform>

<Transform dim="0"
 xcoef=" 0 1 0 0 0 0"
 ycoef=" 0 0 1 0 0 0">
<Contour name="d66sp08" hidden="false" closed="true" simplified="true" border="1 0 0" fill="1 0 0" mode="11"
 points="16.6931 13.391,
	16.6477 13.3818,
	16.6249 13.375,
	16.6221 13.3749,
	16.5898 13.3278,
	16.5799 13.3047,
	16.5507 13.2139,
	16.5491 13.2082,
	16.549 13.2055,
	16.549 13.204,
	16.5518 13.1931,
	16.5749 13.1746,
	16.5807 13.1706,
	16.6271 13.1608,
	16.6733 13.1621,
	16.6964 13.1642,
	16.7422 13.1728,
	16.7536 13.176,
	16.7989 13.1961,
	16.8215 13.2127,
	16.8438 13.2336,
	16.8479 13.2565,
	16.8506 13.2681,
	16.8364 13.2902,
	16.8292 13.3013,
	16.7848 13.3421,
	16.7734 13.3531,
	16.7276 13.3754,
	16.7046 13.3857,
	"/>
</Transform>

<Transform dim="0"
 xcoef=" 0 1 0 0 0 0"
 ycoef=" 0 0 1 0 0 0">
<Contour name="d41p17" hidden="false" closed="true" simplified="true" border="1 0 0" fill="1 0 0" mode="11"
 points="10.1985 6.39873,
	10.1819 6.36782,
	10.2211 6.36798,
	"/>
</Transform>

<Transform dim="0"
 xcoef=" 0 1 0 0 0 0"
 ycoef=" 0 0 1 0 0 0">
<Contour name="d41sp17" hidden="false" closed="true" simplified="true" border="1 0 0" fill="1 0 0" mode="11"
 points="10.2646 6.29971,
	10.2573 6.29809,
	10.2537 6.29728,
	10.252 6.29566,
	10.2482 6.29566,
	10.2203 6.28527,
	10.213 6.28291,
	10.2094 6.28213,
	10.2077 6.28053,
	10.1785 6.27363,
	10.1637 6.27304,
	10.1562 6.27316,
	10.1411 6.27742,
	10.1335 6.27995,
	10.1296 6.28161,
	10.1278 6.28165,
	10.1258 6.28328,
	10.1106 6.28914,
	10.1069 6.28842,
	10.107 6.28762,
	10.1071 6.28682,
	10.1139 6.28111,
	10.1178 6.27865,
	10.1228 6.27377,
	10.1258 6.2705,
	10.1394 6.26143,
	10.1541 6.2507,
	10.1669 6.23995,
	10.1746 6.23574,
	10.1785 6.23324,
	10.1934 6.23378,
	10.2007 6.2361,
	10.2293 6.2528,
	10.2365 6.25679,
	10.2425 6.26326,
	10.2477 6.2681,
	10.257 6.28025,
	10.2601 6.28675,
	10.2617 6.28999,
	10.2635 6.29161,
	10.2641 6.29485,
	10.2658 6.29648,
	"/>
</Transform>

<Transform dim="0"
 xcoef=" 0 1 0 0 0 0"
 ycoef=" 0 0 1 0 0 0">
<Contour name="d39p13" hidden="false" closed="true" simplified="true" border="1 0 0" fill="1 0 0" mode="11"
 points="11.1702 5.8227,
	11.151 5.78961,
	11.1916 5.78989,
	"/>
</Transform>

<Transform dim="0"
 xcoef=" 0 1 0 0 0 0"
 ycoef=" 0 0 1 0 0 0">
<Contour name="d39c14" hidden="false" closed="true" simplified="true" border="0 0 1" fill="0 0 1" mode="11"
 points="12.4745 4.61651,
	12.4667 4.61486,
	12.4629 4.61308,
	12.461 4.61315,
	12.4542 4.60769,
	12.4523 4.60775,
	12.4376 4.59591,
	12.4356 4.59409,
	12.4338 4.59415,
	12.4308 4.59045,
	12.4308 4.58856,
	12.4288 4.58768,
	12.4278 4.58394,
	12.4219 4.5775,
	12.4219 4.57561,
	12.42 4.57473,
	12.4199 4.57283,
	12.4181 4.57195,
	12.418 4.57006,
	12.4121 4.56269,
	12.4101 4.55897,
	12.4082 4.55808,
	12.4052 4.55157,
	12.4033 4.54974,
	12.4033 4.54785,
	12.3974 4.54048,
	12.3935 4.534,
	12.3915 4.53217,
	12.3905 4.52844,
	12.3816 4.51456,
	12.3785 4.49956,
	12.3784 4.49579,
	12.3784 4.49485,
	12.3784 4.4939,
	12.3803 4.4929,
	12.3811 4.4891,
	12.3953 4.47451,
	12.4019 4.47053,
	12.4038 4.46859,
	12.4057 4.46853,
	12.4076 4.46659,
	12.4228 4.46234,
	12.4304 4.4621,
	12.4324 4.46392,
	12.4343 4.46387,
	12.4488 4.47566,
	12.4508 4.47843,
	12.4548 4.48208,
	12.4656 4.49494,
	12.4843 4.52359,
	12.4943 4.53839,
	12.4962 4.54116,
	12.4981 4.54204,
	12.4982 4.54393,
	12.509 4.55681,
	12.513 4.56424,
	12.5151 4.57173,
	12.5154 4.58684,
	12.5118 4.60209,
	12.51 4.60593,
	12.5052 4.60987,
	12.5033 4.60993,
	12.5014 4.61187,
	12.4995 4.61193,
	12.4976 4.61389,
	12.4899 4.61602,
	"/>
</Transform>

<Transform dim="0"
 xcoef=" 0 1 0 0 0 0"
 ycoef=" 0 0 1 0 0 0">
<Contour name="d16p11" hidden="false" closed="true" simplified="true" border="1 0 0" fill="1 0 0" mode="11"
 points="4.44718 6.41046,
	4.43071 6.39383,
	4.44636 6.3768,
	4.46286 6.39346,
	"/>
</Transform>

<Transform dim="0"
 xcoef=" 0 1 0 0 0 0"
 ycoef=" 0 0 1 0 0 0">
<Contour name="d16_Interest_05" hidden="false" closed="true" simplified="true" border="0 0 0" fill="0 0 0" mode="11"
 points="5.05264 6.59391,
	5.03918 6.59318,
	5.02587 6.59158,
	5.01284 6.58911,
	5.00025 6.5858,
	4.98823 6.58168,
	4.97692 6.57677,
	4.96643 6.57117,
	4.95687 6.56488,
	4.94836 6.55799,
	4.94097 6.55058,
	4.9348 6.54272,
	4.9299 6.53448,
	4.92633 6.52596,
	4.9233 6.50846,
	4.92389 6.49967,
	4.92586 6.49096,
	4.92922 6.48247,
	4.93389 6.47426,
	4.93986 6.46644,
	4.94706 6.45909,
	4.95538 6.4523,
	4.96477 6.44614,
	4.9751 6.4407,
	4.98627 6.43602,
	4.99815 6.43217,
	5.01061 6.42919,
	5.02353 6.42711,
	5.03674 6.42597,
	5.05011 6.42577,
	5.06352 6.42653,
	5.07678 6.42823,
	5.08978 6.43085,
	5.10237 6.43438,
	5.11441 6.43876,
	5.12577 6.44396,
	5.13633 6.44991,
	5.14598 6.45654,
	5.15461 6.46378,
	5.16211 6.47154,
	5.16841 6.47972,
	5.17343 6.48823,
	5.17711 6.49695,
	5.17942 6.50582,
	5.18032 6.51468,
	5.17979 6.52348,
	5.17785 6.53207,
	5.17452 6.54041,
	5.16982 6.54837,
	5.16381 6.55588,
	5.15656 6.56289,
	5.14816 6.5693,
	5.13868 6.57509,
	5.12825 6.58016,
	5.11698 6.58452,
	5.105 6.58808,
	5.09243 6.59082,
	5.07941 6.59272,
	5.06611 6.59375,
	"/>
</Transform>

<Transform dim="0"
 xcoef=" 0 1 0 0 0 0"
 ycoef=" 0 0 1 0 0 0">
<Contour name="d66c08" hidden="false" closed="true" simplified="true" border="0 0 1" fill="0 0 1" mode="11"
 points="16.717 13.3938,
	16.701 13.3753,
	16.6967 13.3707,
	16.6956 13.3695,
	16.7671 13.3172,
	16.8025 13.2922,
	16.8201 13.2786,
	16.8234 13.2765,
	16.8406 13.2896,
	16.8449 13.2931,
	16.846 13.2942,
	16.8149 13.3283,
	16.7982 13.3441,
	16.7626 13.3726,
	16.727 13.3888,
	16.7181 13.3928,
	"/>
</Transform>

<Transform dim="0"
 xcoef=" 0 1 0 0 0 0"
 ycoef=" 0 0 1 0 0 0">
<Contour name="d71cfa09" hidden="false" closed="false" simplified="true" border="0 1 0" fill="1 0 0" mode="11"
 points="19.1877 9.22904,
	19.1497 9.27559,
	19.1272 9.29739,
	19.0915 9.31215,
	"/>
</Transform>

<Transform dim="0"
 xcoef=" 0 1 0 0 0 0"
 ycoef=" 0 0 1 0 0 0">
<Contour name="d71cfa09" hidden="false" closed="false" simplified="true" border="0 1 0" fill="1 0 0" mode="11"
 points="18.9685 9.36898,
	18.9581 9.39907,
	18.9384 9.41599,
	18.8883 9.45817,
	"/>
</Transform>

<Transform dim="0"
 xcoef=" 0 1 0 0 0 0"
 ycoef=" 0 0 1 0 0 0">
<Contour name="d16cfa14" hidden="false" closed="false" simplified="true" border="1 0 0" fill="1 0 0" mode="11"
 points="5.85439 6.84642,
	5.82658 6.84879,
	5.80604 6.85106,
	5.78205 6.85727,
	5.76708 6.86188,
	5.75113 6.87132,
	5.74089 6.88246,
	5.72781 6.90236,
	5.70538 6.93847,
	5.69267 6.95455,
	5.6841 6.96992,
	5.67234 6.99121,
	5.65773 7.02136,
	5.63924 7.06533,
	"/>
</Transform>

<Transform dim="0"
 xcoef=" 0 1 0 0 0 0"
 ycoef=" 0 0 1 0 0 0">
<Contour name="d39cfa13" hidden="false" closed="false" simplified="true" border="0 1 0" fill="1 0 0" mode="11"
 points="11.0921 6.59989,
	11.0317 6.55911,
	10.9796 6.53759,
	10.9308 6.51747,
	10.8449 6.50142,
	10.7985 6.49903,
	10.756 6.49902,
	"/>
</Transform>

<Transform dim="0"
 xcoef=" 0 1 0 0 0 0"
 ycoef=" 0 0 1 0 0 0">
<Contour name="d16cfa12" hidden="false" closed="false" simplified="true" border="1 0 0" fill="1 0 0" mode="11"
 points="4.2396 6.96459,
	4.25681 7.01707,
	4.26757 7.03611,
	4.28943 7.06458,
	4.30202 7.07561,
	4.3184 7.08736,
	4.3356 7.09751,
	4.36498 7.1091,
	4.38217 7.11838,
	4.3962 7.12922,
	4.41776 7.14231,
	"/>
</Transform>

<Transform dim="0"
 xcoef=" 0 1 0 0 0 0"
 ycoef=" 0 0 1 0 0 0">
<Contour name="d39cfa14" hidden="false" closed="false" simplified="true" border="0 1 0" fill="1 0 0" mode="11"
 points="12.3855 4.49412,
	12.4858 4.60998,
	"/>
</Transform>

<Transform dim="0"
 xcoef=" 0 1 0 0 0 0"
 ycoef=" 0 0 1 0 0 0">
<Contour name="d66cfa08" hidden="false" closed="false" simplified="true" border="0 1 0" fill="0 1 0" mode="11"
 points="16.8256 13.292,
	16.8113 13.3042,
	16.765 13.3423,
	16.7184 13.3715,
	"/>
</Transform>

<Transform dim="0"
 xcoef=" 0 1 0 0 0 0"
 ycoef=" 0 0 1 0 0 0">
<Contour name="mito_05" hidden="false" closed="false" simplified="true" border="1 0 0" fill="1 0 0" mode="11"
 points="12.6128 13.5973,
	12.5747 13.2465,
	"/>
</Transform>

<Transform dim="0"
 xcoef=" 0 1 0 0 0 0"
 ycoef=" 0 0 1 0 0 0">
<Contour name="d48sp06" hidden="false" closed="true" simplified="true" border="1 0 0" fill="1 0 0" mode="11"
 points="9.81494 8.69936,
	9.81599 8.69726,
	9.81599 8.69621,
	9.81704 8.69515,
	9.81704 8.6941,
	9.82072 8.69094,
	9.8223 8.68936,
	9.82441 8.68884,
	9.82651 8.68726,
	9.86019 8.67937,
	9.8644 8.67831,
	9.86545 8.67831,
	9.8665 8.67726,
	9.87071 8.67621,
	9.87282 8.67516,
	9.87492 8.67516,
	9.89124 8.66989,
	9.89913 8.66726,
	9.90334 8.66621,
	9.90544 8.66568,
	9.9065 8.66463,
	9.9086 8.66463,
	9.91702 8.66148,
	9.92123 8.66042,
	9.92176 8.65937,
	9.92965 8.65621,
	9.93175 8.65569,
	9.93386 8.65411,
	9.93596 8.65411,
	9.95228 8.64779,
	9.96912 8.64464,
	9.97754 8.64464,
	9.98595 8.64569,
	10.0028 8.65042,
	10.007 8.65095,
	10.0081 8.652,
	10.0102 8.652,
	10.0117 8.65358,
	10.0138 8.65358,
	10.0159 8.65516,
	10.0181 8.65516,
	10.0196 8.65674,
	10.0281 8.65832,
	10.0323 8.65937,
	10.0344 8.66042,
	10.0512 8.66305,
	10.0596 8.66568,
	10.0638 8.66674,
	10.068 8.66884,
	10.0701 8.66937,
	10.0744 8.67253,
	10.0754 8.6741,
	10.0749 8.67516,
	10.0838 8.69147,
	10.0844 8.69357,
	10.0844 8.69463,
	10.0859 8.69673,
	10.0865 8.70094,
	10.0865 8.70305,
	10.0875 8.70515,
	10.087 8.72199,
	10.0844 8.73041,
	10.0833 8.73462,
	10.0791 8.74304,
	10.078 8.74356,
	10.0775 8.74567,
	10.0759 8.74725,
	10.0749 8.75146,
	10.0691 8.75777,
	10.068 8.75672,
	10.0649 8.75882,
	10.0638 8.75988,
	10.0628 8.75988,
	10.0617 8.76093,
	10.0607 8.76093,
	10.0533 8.76567,
	10.0491 8.7683,
	10.047 8.7683,
	10.0428 8.76988,
	10.0412 8.77145,
	10.037 8.77198,
	10.0365 8.77303,
	10.0344 8.77303,
	10.0259 8.77566,
	10.0091 8.77882,
	9.99227 8.78093,
	9.98385 8.78198,
	9.97964 8.78145,
	9.97911 8.7825,
	9.94544 8.78408,
	9.91176 8.78408,
	9.89492 8.78303,
	9.89071 8.78145,
	9.88861 8.78145,
	9.8865 8.77987,
	9.8844 8.77987,
	9.88334 8.77882,
	9.88124 8.77882,
	9.87913 8.77777,
	9.87703 8.77777,
	9.87598 8.77672,
	9.87177 8.77566,
	9.86966 8.77461,
	9.86861 8.77461,
	9.8665 8.77303,
	9.86545 8.77303,
	9.85703 8.76777,
	9.85335 8.76514,
	9.8523 8.76514,
	9.84546 8.75882,
	9.83967 8.75198,
	9.83809 8.74988,
	9.83809 8.74883,
	9.83651 8.74777,
	9.83335 8.74356,
	9.83283 8.74146,
	9.83125 8.73988,
	9.82967 8.73567,
	9.82651 8.73199,
	9.82546 8.73041,
	9.82546 8.72936,
	9.8223 8.72567,
	9.82072 8.72409,
	9.8202 8.72199,
	9.81862 8.71988,
	9.81757 8.71568,
	9.81651 8.71357,
	9.81651 8.71147,
	9.81546 8.71041,
	9.81494 8.70199,
	9.81494 8.69989,
	"/>
</Transform>

<Transform dim="0"
 xcoef=" 0 1 0 0 0 0"
 ycoef=" 0 0 1 0 0 0">
<Contour name="d48sp09" hidden="false" closed="true" simplified="true" border="1 0 0" fill="1 0 0" mode="11"
 points="8.17105 8.3402,
	8.17469 8.33293,
	8.1856 8.31929,
	8.19197 8.31383,
	8.19925 8.31201,
	8.20652 8.30837,
	8.23562 8.30383,
	8.29382 8.30201,
	8.29746 8.30201,
	8.29837 8.30383,
	8.30201 8.30383,
	8.30292 8.30474,
	8.31019 8.30383,
	8.3111 8.30565,
	8.31838 8.30747,
	8.3202 8.30928,
	8.32383 8.30928,
	8.32747 8.31201,
	8.33111 8.31201,
	8.34566 8.31747,
	8.35294 8.32111,
	8.35657 8.32202,
	8.37112 8.33111,
	8.37294 8.33111,
	8.38567 8.3402,
	8.39295 8.34475,
	8.39477 8.34657,
	8.39659 8.34657,
	8.40386 8.35112,
	8.40659 8.35385,
	8.41023 8.35475,
	8.41569 8.3593,
	8.4175 8.36112,
	8.41932 8.36112,
	8.4266 8.36567,
	8.42751 8.36749,
	8.42933 8.36749,
	8.43296 8.37021,
	8.43387 8.37203,
	8.44751 8.3784,
	8.45024 8.38113,
	8.46479 8.38749,
	8.46843 8.38931,
	8.47025 8.39113,
	8.47207 8.39113,
	8.47934 8.39568,
	8.48298 8.3975,
	8.48389 8.39932,
	8.48753 8.39932,
	8.49117 8.40204,
	8.4948 8.40295,
	8.49844 8.40568,
	8.50208 8.40659,
	8.50299 8.40841,
	8.51663 8.41478,
	8.53118 8.42296,
	8.53755 8.42751,
	8.54027 8.43115,
	8.543 8.43296,
	8.54391 8.43205,
	8.54755 8.43478,
	8.54937 8.43842,
	8.55664 8.44297,
	8.57029 8.45661,
	8.57665 8.46297,
	8.58211 8.46752,
	8.58393 8.46934,
	8.58393 8.47116,
	8.58575 8.47207,
	8.58575 8.47389,
	8.59484 8.48662,
	8.59848 8.49389,
	8.59939 8.49753,
	8.60211 8.50117,
	8.6103 8.53027,
	8.61485 8.54482,
	8.61757 8.57392,
	8.61848 8.60302,
	8.61576 8.63213,
	8.61485 8.63576,
	8.60939 8.64304,
	8.60757 8.64668,
	8.60575 8.64759,
	8.60575 8.6494,
	8.59484 8.66305,
	8.59029 8.67032,
	8.58847 8.67396,
	8.59302 8.68851,
	8.59393 8.69215,
	8.59575 8.69397,
	8.59666 8.70852,
	8.59666 8.71579,
	8.58484 8.72761,
	8.57029 8.7358,
	8.56665 8.73853,
	8.56301 8.73944,
	8.55937 8.74216,
	8.53027 8.75217,
	8.523 8.7549,
	8.49389 8.75944,
	8.48662 8.75944,
	8.48298 8.76126,
	8.48116 8.76126,
	8.47934 8.76308,
	8.47571 8.76308,
	8.46843 8.76581,
	8.46479 8.76672,
	8.46297 8.76672,
	8.45934 8.76945,
	8.4557 8.77036,
	8.45206 8.77308,
	8.44842 8.77308,
	8.44661 8.7749,
	8.43205 8.78036,
	8.42842 8.78036,
	8.42114 8.78309,
	8.40659 8.784,
	8.39932 8.784,
	8.38477 8.77945,
	8.38113 8.77854,
	8.37931 8.77672,
	8.36567 8.77126,
	8.3593 8.7649,
	8.35294 8.76035,
	8.35294 8.75853,
	8.34657 8.75399,
	8.34384 8.75217,
	8.33748 8.74489,
	8.33293 8.73762,
	8.33293 8.7358,
	8.3302 8.73216,
	8.3302 8.72852,
	8.32838 8.7267,
	8.32838 8.72307,
	8.31838 8.69397,
	8.31201 8.68032,
	8.3111 8.67305,
	8.30837 8.67032,
	8.30747 8.66668,
	8.30565 8.66486,
	8.30474 8.66123,
	8.30201 8.6585,
	8.30019 8.65122,
	8.29564 8.64486,
	8.29473 8.64122,
	8.29291 8.6394,
	8.29291 8.63758,
	8.2911 8.63667,
	8.29019 8.63303,
	8.28746 8.6294,
	8.28746 8.62758,
	8.28291 8.6203,
	8.27927 8.61576,
	8.27927 8.61212,
	8.27564 8.60575,
	8.27564 8.60393,
	8.26654 8.58938,
	8.2629 8.58211,
	8.262 8.57847,
	8.25927 8.57574,
	8.25927 8.57392,
	8.25654 8.57029,
	8.25654 8.56847,
	8.25472 8.56756,
	8.25017 8.55392,
	8.24835 8.5521,
	8.24835 8.55028,
	8.24654 8.54846,
	8.24654 8.54664,
	8.24472 8.54482,
	8.23926 8.53118,
	8.23926 8.52936,
	8.23471 8.52209,
	8.23471 8.52027,
	8.22653 8.50572,
	8.22562 8.50208,
	8.22289 8.49844,
	8.22016 8.49117,
	8.21743 8.48753,
	8.21198 8.47389,
	8.20925 8.47025,
	8.20379 8.45661,
	8.19561 8.44206,
	8.1947 8.43842,
	8.1947 8.4366,
	8.19288 8.43478,
	8.18197 8.40568,
	8.17742 8.39113,
	8.1756 8.38749,
	8.17287 8.37294,
	8.17287 8.36931,
	8.17105 8.36567,
	8.17105 8.35112,
	8.17105 8.34384,
	8.17105 8.34111,
	"/>
</Transform>

<Transform dim="0"
 xcoef=" 0 1 0 0 0 0"
 ycoef=" 0 0 1 0 0 0">
<Contour name="d48cfa09" hidden="false" closed="false" simplified="false" border="0 1 0" fill="1 0.5 0" mode="11"
 points="8.23737 8.45987,
	8.35994 8.73744,
	"/>
</Transform>

<Transform dim="0"
 xcoef=" 0 1 0 0 0 0"
 ycoef=" 0 0 1 0 0 0">
<Contour name="d48c09" hidden="false" closed="true" simplified="true" border="0 0 1" fill="0 0 1" mode="11"
 points="8.17283 8.52711,
	8.17521 8.52078,
	8.176 8.51762,
	8.17758 8.51683,
	8.17758 8.51366,
	8.18311 8.50101,
	8.1847 8.49785,
	8.18628 8.49706,
	8.18628 8.49548,
	8.19498 8.48361,
	8.19735 8.48045,
	8.19893 8.47966,
	8.19972 8.4765,
	8.21 8.46701,
	8.21633 8.46226,
	8.22107 8.45831,
	8.22265 8.45831,
	8.22819 8.45436,
	8.22898 8.45277,
	8.24163 8.44882,
	8.25428 8.44803,
	8.25745 8.44803,
	8.26061 8.4504,
	8.26377 8.45119,
	8.27643 8.45831,
	8.27722 8.45989,
	8.2788 8.45989,
	8.28196 8.46305,
	8.28829 8.46701,
	8.29066 8.46938,
	8.29224 8.46938,
	8.29541 8.47254,
	8.29857 8.47412,
	8.3049 8.48045,
	8.31359 8.49073,
	8.31518 8.49231,
	8.31518 8.49389,
	8.31992 8.49864,
	8.3215 8.5018,
	8.3215 8.50338,
	8.32308 8.50338,
	8.32467 8.50971,
	8.32625 8.51287,
	8.32625 8.51604,
	8.34602 8.56665,
	8.35155 8.5793,
	8.35551 8.59195,
	8.35551 8.59512,
	8.36025 8.60777,
	8.36183 8.61014,
	8.36183 8.6133,
	8.36183 8.61489,
	8.36341 8.61647,
	8.36341 8.61963,
	8.365 8.62279,
	8.365 8.62596,
	8.36816 8.63228,
	8.36895 8.63545,
	8.37053 8.63624,
	8.37211 8.64889,
	8.37607 8.66154,
	8.37607 8.66471,
	8.37765 8.66787,
	8.38081 8.69317,
	8.38081 8.70583,
	8.37844 8.71848,
	8.3729 8.73113,
	8.36895 8.73667,
	8.36341 8.74299,
	8.35155 8.7509,
	8.34918 8.75327,
	8.34602 8.75407,
	8.33336 8.76118,
	8.3302 8.76276,
	8.32704 8.76276,
	8.32387 8.76435,
	8.29857 8.76514,
	8.29541 8.76514,
	8.28275 8.76118,
	8.27643 8.7596,
	8.27326 8.75881,
	8.27247 8.75723,
	8.27089 8.75723,
	8.26773 8.75486,
	8.26615 8.75327,
	8.26457 8.75327,
	8.25587 8.74299,
	8.2527 8.73667,
	8.25033 8.7335,
	8.24954 8.73034,
	8.24717 8.72718,
	8.2448 8.72085,
	8.24084 8.71453,
	8.23926 8.7082,
	8.23768 8.70504,
	8.23768 8.70345,
	8.2361 8.70187,
	8.23531 8.69871,
	8.23531 8.69713,
	8.23372 8.69555,
	8.23372 8.69238,
	8.23372 8.6908,
	8.22977 8.68527,
	8.2274 8.67894,
	8.22661 8.67578,
	8.22503 8.6742,
	8.21395 8.64889,
	8.21237 8.64573,
	8.21237 8.64415,
	8.21 8.64098,
	8.20921 8.63782,
	8.20684 8.63466,
	8.20446 8.62833,
	8.20446 8.62517,
	8.19893 8.6141,
	8.19893 8.61251,
	8.19735 8.61172,
	8.19181 8.59986,
	8.19181 8.59828,
	8.19023 8.59749,
	8.19023 8.59433,
	8.18865 8.59274,
	8.18786 8.58958,
	8.18549 8.58642,
	8.1847 8.58325,
	8.1847 8.58167,
	8.18311 8.58009,
	8.18311 8.57693,
	8.17441 8.55241,
	8.17283 8.54609,
	8.17283 8.53343,
	8.17283 8.5279,
	"/>
</Transform>

<Transform dim="0"
 xcoef=" 0 1 0 0 0 0"
 ycoef=" 0 0 1 0 0 0">
<Contour name="d15sp09" hidden="false" closed="true" simplified="true" border="1 0 0" fill="1 0 0" mode="-11"
 points="3.37381 8.09015,
	3.37769 8.07463,
	3.39709 8.04553,
	3.40873 8.03195,
	3.41455 8.02419,
	3.43007 8.01643,
	3.43783 8.01643,
	3.44559 8.01255,
	3.47663 8.01255,
	3.49215 8.01449,
	3.52125 8.02807,
	3.52901 8.03001,
	3.53095 8.03389,
	3.54647 8.03971,
	3.55424 8.04553,
	3.55812 8.04553,
	3.562 8.04941,
	3.56976 8.05135,
	3.57752 8.05911,
	3.60856 8.08045,
	3.62214 8.09403,
	3.62796 8.10179,
	3.63378 8.13284,
	3.63572 8.16388,
	3.63572 8.1794,
	3.63184 8.18328,
	3.6299 8.19104,
	3.62408 8.1988,
	3.62408 8.20268,
	3.60274 8.22984,
	3.5911 8.24536,
	3.57946 8.257,
	3.56394 8.26088,
	3.55618 8.26476,
	3.49409 8.26282,
	3.43201 8.25312,
	3.41649 8.24536,
	3.39515 8.21432,
	3.38157 8.18328,
	3.37575 8.16776,
	3.37381 8.10567,
	3.37381 8.09209,
	"/>
</Transform>

<Transform dim="0"
 xcoef=" 0 1 0 0 0 0"
 ycoef=" 0 0 1 0 0 0">
<Contour name="d15sp09" hidden="false" closed="true" simplified="true" border="1 0 0" fill="1 0 0" mode="-11"
 points="5.14217 8.51902,
	5.14616 8.51104,
	5.14616 8.50704,
	5.16413 8.47509,
	5.19009 8.44314,
	5.22005 8.41518,
	5.23602 8.4032,
	5.24401 8.4012,
	5.24801 8.4012,
	5.252 8.39721,
	5.28395 8.38922,
	5.53956 8.38323,
	5.60346 8.38323,
	5.63542 8.38323,
	5.66737 8.38922,
	5.68334 8.39321,
	5.69133 8.39321,
	5.72328 8.4052,
	5.73926 8.41318,
	5.75124 8.42916,
	5.75923 8.44514,
	5.75923 8.46111,
	5.75923 8.46511,
	5.74125 8.49506,
	5.72728 8.50704,
	5.72328 8.51104,
	5.71529 8.51303,
	5.70731 8.51902,
	5.70331 8.51902,
	5.69932 8.52302,
	5.66737 8.533,
	5.65938 8.533,
	5.65139 8.537,
	5.58749 8.54498,
	5.57151 8.54698,
	5.56353 8.54698,
	5.55554 8.55097,
	5.52359 8.55497,
	5.49163 8.56495,
	5.42773 8.57494,
	5.36383 8.59291,
	5.35584 8.5989,
	5.33987 8.6029,
	5.33188 8.60689,
	5.29993 8.61088,
	5.28395 8.61488,
	5.22005 8.61687,
	5.21206 8.61687,
	5.18011 8.6029,
	5.16413 8.58892,
	5.15215 8.57494,
	5.14816 8.57294,
	5.14217 8.55697,
	5.14217 8.52501,
	5.14217 8.52102,
	"/>
</Transform>

<Transform dim="0"
 xcoef=" 0 1 0 0 0 0"
 ycoef=" 0 0 1 0 0 0">
<Contour name="d07p13" hidden="false" closed="true" simplified="false" border="1 0 0" fill="1 0 0" mode="-13"
 points="8.75572 11.4823,
	8.78373 11.4823,
	8.76972 11.508,
	"/>
</Transform>

<Transform dim="0"
 xcoef=" 0 1 0 0 0 0"
 ycoef=" 0 0 1 0 0 0">
<Contour name="d15endos03_dw" hidden="false" closed="true" simplified="true" border="1 0.502 0" fill="1 0 0" mode="11"
 points="4.3819 7.46346,
	4.38342 7.45445,
	4.38796 7.44568,
	4.3954 7.43735,
	4.40555 7.42968,
	4.41816 7.42286,
	4.4329 7.41707,
	4.44941 7.41245,
	4.46727 7.40912,
	4.48602 7.40716,
	4.5052 7.40662,
	4.52431 7.40752,
	4.54288 7.40983,
	4.56044 7.41349,
	4.57655 7.41841,
	4.59079 7.42448,
	4.60281 7.43152,
	4.61231 7.43938,
	4.61904 7.44784,
	4.62283 7.45669,
	4.62359 7.46572,
	4.62131 7.47469,
	4.61603 7.48338,
	4.60789 7.49156,
	4.5971 7.49903,
	4.58393 7.50561,
	4.5687 7.51112,
	4.55182 7.51543,
	4.5337 7.51842,
	4.51479 7.52003,
	4.49558 7.52021,
	4.47656 7.51896,
	4.4582 7.5163,
	4.44096 7.51231,
	4.42529 7.50709,
	4.41157 7.50077,
	4.40015 7.4935,
	4.39133 7.48548,
	4.38532 7.4769,
	"/>
</Transform>

<Transform dim="0"
 xcoef=" 0 1 0 0 0 0"
 ycoef=" 0 0 1 0 0 0">
<Contour name="d39endob12_cp" hidden="false" closed="true" simplified="true" border="1 0.502 0" fill="1 0 0" mode="11"
 points="11.0721 4.71128,
	11.0732 4.70022,
	11.0767 4.68946,
	11.0823 4.67932,
	11.0899 4.67007,
	11.0993 4.66198,
	11.1103 4.65527,
	11.1225 4.65012,
	11.1356 4.64669,
	11.1492 4.64507,
	11.163 4.6453,
	11.1765 4.64738,
	11.1894 4.65125,
	11.2013 4.6568,
	11.2119 4.66388,
	11.2209 4.67229,
	11.228 4.68178,
	11.2331 4.69211,
	11.236 4.70297,
	11.2365 4.71406,
	11.2348 4.72507,
	11.2308 4.7357,
	11.2247 4.74565,
	11.2166 4.75463,
	11.2068 4.7624,
	11.1955 4.76874,
	11.183 4.77346,
	11.1698 4.77645,
	11.1561 4.77761,
	11.1423 4.77691,
	11.1289 4.77438,
	11.1162 4.77008,
	11.1046 4.76413,
	11.0944 4.7567,
	11.0858 4.748,
	11.0792 4.73827,
	11.0747 4.72778,
	"/>
</Transform>

<Transform dim="0"
 xcoef=" 0 1 0 0 0 0"
 ycoef=" 0 0 1 0 0 0">
<Image mag="0.002094" contrast="2.014" brightness="-0.465" red="true" green="true" blue="true"
 src="063____z2.92.tif" />
<Contour name="domain1" hidden="false" closed="true" simplified="false" border="1 0 1" fill="1 0 1" mode="11"
 points="0 0,
	13099 0,
	13099 7874,
	0 7874,
	"/>
</Transform>

<Transform dim="0"
 xcoef=" 0 1 0 0 0 0"
 ycoef=" 0 0 1 0 0 0">
<Contour name="d39sp12" hidden="false" closed="true" simplified="true" border="1 0 0" fill="1 0 0" mode="11"
 points="10.1694 4.40442,
	10.1774 4.39164,
	10.1806 4.38525,
	10.1918 4.38206,
	10.294 4.37887,
	10.3451 4.37887,
	10.4473 4.38845,
	10.4984 4.39963,
	10.524 4.40442,
	10.5751 4.42198,
	10.6006 4.43636,
	10.6262 4.45392,
	10.639 4.46191,
	10.6645 4.47149,
	10.6901 4.48427,
	10.7412 4.52419,
	10.7923 4.55773,
	10.805 4.56731,
	10.8306 4.58008,
	10.8817 4.59446,
	10.9839 4.61681,
	11.035 4.6248,
	11.0861 4.62799,
	11.0989 4.62959,
	11.1244 4.62799,
	11.1372 4.63119,
	11.15 4.63757,
	11.2011 4.65514,
	11.2266 4.66313,
	11.2777 4.67271,
	11.2841 4.6759,
	11.3352 4.68548,
	11.4374 4.71583,
	11.463 4.72221,
	11.4646 4.72221,
	11.439 4.727,
	11.4263 4.7318,
	11.4199 4.73339,
	11.3943 4.74936,
	11.3815 4.75894,
	11.3752 4.76373,
	11.372 4.76373,
	11.3608 4.77491,
	11.3097 4.81164,
	11.3033 4.81643,
	11.3033 4.81963,
	11.2793 4.84358,
	11.2666 4.85476,
	11.265 4.86115,
	11.2586 4.86434,
	11.2362 4.88989,
	11.2266 4.90267,
	11.2202 4.90746,
	11.2171 4.91385,
	11.2043 4.92662,
	11.1979 4.93301,
	11.1979 4.93621,
	11.1771 4.96016,
	11.166 4.97294,
	11.166 4.97613,
	11.1548 4.98891,
	11.118 5.03522,
	11.0989 5.06077,
	11.0941 5.06716,
	11.0893 5.07993,
	11.0781 5.09271,
	11.0733 5.10548,
	11.0685 5.11187,
	11.0653 5.11507,
	11.0637 5.12145,
	11.0542 5.13423,
	11.0494 5.14062,
	11.0478 5.147,
	11.043 5.15339,
	11.0398 5.15659,
	11.0382 5.16297,
	11.0318 5.16936,
	11.0302 5.17575,
	11.0222 5.18853,
	11.0174 5.19491,
	11.0142 5.20769,
	11.0015 5.23324,
	10.9983 5.23643,
	10.9919 5.22366,
	10.9839 5.17256,
	10.9807 5.147,
	10.9567 5.0448,
	10.9488 4.9937,
	10.928 4.94259,
	10.9104 4.91704,
	10.8705 4.86594,
	10.8482 4.84039,
	10.8226 4.81803,
	10.8162 4.81164,
	10.7651 4.7797,
	10.7396 4.75575,
	10.706 4.70465,
	10.7012 4.69826,
	10.6501 4.67271,
	10.6246 4.65993,
	10.6182 4.65833,
	10.5671 4.6264,
	10.5543 4.62001,
	10.5032 4.60404,
	10.4777 4.59286,
	10.4521 4.58487,
	10.4266 4.5737,
	10.401 4.55773,
	10.3499 4.51461,
	10.2988 4.49225,
	10.2477 4.47309,
	10.2221 4.46191,
	10.1966 4.43636,
	10.1838 4.42518,
	10.1774 4.41879,
	10.171 4.40602,
	"/>
<Contour name="D39" hidden="false" closed="true" simplified="true" border="0 1 0" fill="0 1 0" mode="11"
 points="11.51 5.39773,
	11.486 5.39254,
	11.4646 5.38228,
	11.4477 5.36793,
	11.4336 5.33295,
	11.4377 5.31576,
	11.4489 5.30107,
	11.4663 5.29035,
	11.4881 5.28463,
	11.5123 5.28444,
	11.5364 5.28973,
	11.5581 5.29997,
	11.5751 5.31414,
	11.5859 5.33094,
	11.5894 5.34873,
	11.5851 5.36581,
	11.5735 5.38051,
	11.556 5.39139,
	11.534 5.39732,
	"/>
</Transform>

<Transform dim="0"
 xcoef=" 0 1 0 0 0 0"
 ycoef=" 0 0 1 0 0 0">
<Contour name="d39sp13" hidden="false" closed="true" simplified="true" border="1 0 0" fill="1 0 0" mode="11"
 points="11.0475 5.85282,
	11.0607 5.81736,
	11.0652 5.78191,
	11.0718 5.76639,
	11.0696 5.62456,
	11.0718 5.5891,
	11.0829 5.51819,
	11.0829 5.50932,
	11.0918 5.50267,
	11.094 5.50046,
	11.1139 5.53592,
	11.1339 5.60683,
	11.1405 5.64229,
	11.1826 5.78412,
	11.2048 5.85504,
	11.2159 5.8905,
	11.2314 5.92596,
	11.2336 5.93482,
	11.2403 5.94368,
	11.2403 5.94812,
	11.2513 5.96585,
	11.2779 6.03676,
	11.2846 6.07222,
	11.2957 6.10768,
	11.2957 6.11654,
	11.2934 6.11876,
	11.2691 6.0833,
	11.2536 6.06557,
	11.2292 6.03011,
	11.1982 5.99466,
	11.1716 5.9592,
	11.1516 5.92374,
	11.1361 5.88828,
	11.1272 5.88163,
	11.0563 5.87942,
	11.0519 5.87942,
	11.0475 5.86169,
	11.0475 5.85504,
	"/>
</Transform>

<Transform dim="1"
 xcoef=" -0.02 1 0 0 0 0"
 ycoef=" 0.02 0 1 0 0 0">
<Contour name="d39sp17" hidden="false" closed="true" simplified="true" border="1 0 0" fill="1 0 0" mode="11"
 points="10.3652 4.14175,
	10.3507 4.14167,
	10.3434 4.14119,
	10.3361 4.13832,
	10.3289 4.13699,
	10.3252 4.13632,
	10.3234 4.13479,
	10.3198 4.1349,
	10.3053 4.13049,
	10.3035 4.12894,
	10.2999 4.12822,
	10.2855 4.11882,
	10.2712 4.11089,
	10.2649 4.10605,
	10.2577 4.09956,
	10.248 4.0881,
	10.2462 4.08645,
	10.2462 4.08481,
	10.2409 4.07902,
	10.2373 4.0724,
	10.2347 4.06907,
	10.2347 4.06741,
	10.233 4.06574,
	10.233 4.06409,
	10.2312 4.06241,
	10.2312 4.06074,
	10.2233 4.04817,
	10.2181 4.0414,
	10.2128 4.0363,
	10.2111 4.03376,
	10.2076 4.03117,
	10.2058 4.02862,
	10.1927 4.01992,
	10.1857 4.01469,
	10.184 4.0121,
	10.1727 4.00077,
	10.171 3.99987,
	10.171 3.99818,
	10.1667 3.99209,
	10.165 3.98863,
	10.1632 3.98687,
	10.1633 3.98516,
	10.1615 3.98339,
	10.1615 3.98169,
	10.1598 3.97992,
	10.1599 3.9765,
	10.1581 3.97473,
	10.1582 3.9713,
	10.1565 3.96782,
	10.1566 3.96438,
	10.1548 3.9626,
	10.1549 3.95916,
	10.1532 3.95565,
	10.1533 3.9522,
	10.1516 3.94869,
	10.1516 3.94523,
	10.1499 3.94171,
	10.15 3.93824,
	10.1459 3.92417,
	10.146 3.92068,
	10.1419 3.90651,
	10.1396 3.89233,
	10.1379 3.88873,
	10.138 3.88518,
	10.1363 3.88156,
	10.1364 3.87801,
	10.1348 3.87438,
	10.1338 3.84568,
	10.1342 3.83123,
	10.1344 3.82397,
	10.1305 3.80913,
	10.1289 3.80536,
	10.1272 3.80342,
	10.1273 3.80158,
	10.1255 3.80057,
	10.1256 3.79872,
	10.1174 3.78431,
	10.1133 3.77752,
	10.1118 3.77366,
	10.1101 3.77168,
	10.1102 3.76981,
	10.103 3.75421,
	10.0993 3.73872,
	10.0979 3.73096,
	10.0972 3.72708,
	10.0956 3.72503,
	10.0957 3.72118,
	10.0958 3.71927,
	10.0942 3.71721,
	10.0914 3.7015,
	10.0892 3.69354,
	10.0886 3.68958,
	10.0887 3.68764,
	10.087 3.68652,
	10.0872 3.68264,
	10.085 3.67462,
	10.0835 3.67057,
	10.0836 3.66665,
	10.0815 3.6586,
	10.0808 3.6546,
	10.0809 3.65264,
	10.0793 3.65054,
	10.0766 3.61871,
	10.0773 3.58714,
	10.0775 3.58321,
	10.0776 3.58223,
	10.0776 3.58123,
	10.0818 3.56677,
	10.0836 3.56298,
	10.0837 3.56102,
	10.0855 3.55917,
	10.0856 3.55721,
	10.0957 3.54219,
	10.109 3.53224,
	10.1124 3.53244,
	10.1142 3.53059,
	10.1281 3.52645,
	10.1351 3.52386,
	10.1386 3.52207,
	10.1403 3.52216,
	10.1421 3.52026,
	10.1438 3.52035,
	10.1456 3.51846,
	10.1473 3.51854,
	10.1596 3.51022,
	10.1613 3.51029,
	10.1622 3.50836,
	10.164 3.50842,
	10.1657 3.50653,
	10.1674 3.50659,
	10.1692 3.50469,
	10.183 3.5022,
	10.1899 3.50143,
	10.195 3.50156,
	10.1967 3.50357,
	10.2001 3.50465,
	10.2067 3.51171,
	10.2084 3.51175,
	10.2209 3.52191,
	10.2267 3.52698,
	10.2301 3.52901,
	10.2358 3.53705,
	10.2398 3.54506,
	10.2448 3.5511,
	10.248 3.55812,
	10.2504 3.56213,
	10.2527 3.57015,
	10.2534 3.57415,
	10.2575 3.58216,
	10.2582 3.58616,
	10.2598 3.58816,
	10.2636 3.60416,
	10.2643 3.60816,
	10.266 3.61014,
	10.2735 3.64196,
	10.2742 3.64593,
	10.2759 3.6479,
	10.2797 3.66366,
	10.282 3.67151,
	10.282 3.67347,
	10.2836 3.67541,
	10.2851 3.68323,
	10.2868 3.68516,
	10.2892 3.69293,
	10.2891 3.69488,
	10.2908 3.69679,
	10.2932 3.70452,
	10.2939 3.70838,
	10.2956 3.71029,
	10.3004 3.7256,
	10.3021 3.72748,
	10.3029 3.7313,
	10.3028 3.73321,
	10.3045 3.73508,
	10.3044 3.73699,
	10.3061 3.73886,
	10.3077 3.74644,
	10.3093 3.75019,
	10.3093 3.75209,
	10.311 3.75394,
	10.3109 3.75583,
	10.3126 3.75768,
	10.3175 3.7726,
	10.3174 3.77634,
	10.3199 3.78281,
	10.3198 3.78467,
	10.3224 3.78832,
	10.3273 3.80207,
	10.3417 3.83,
	10.3442 3.83355,
	10.3442 3.83536,
	10.3485 3.84246,
	10.3493 3.84604,
	10.351 3.84688,
	10.3638 3.87327,
	10.3655 3.87675,
	10.3673 3.87846,
	10.3672 3.88024,
	10.3716 3.88714,
	10.3733 3.8906,
	10.3732 3.89237,
	10.375 3.89405,
	10.375 3.89582,
	10.3767 3.8975,
	10.3767 3.89927,
	10.395 3.92544,
	10.395 3.92718,
	10.3967 3.92795,
	10.3967 3.92969,
	10.3985 3.93132,
	10.3985 3.93306,
	10.4072 3.94376,
	10.4072 3.94548,
	10.4169 3.95773,
	10.4223 3.96247,
	10.424 3.96491,
	10.4258 3.96563,
	10.4258 3.96733,
	10.4311 3.97288,
	10.4418 3.98046,
	10.4535 3.98953,
	10.4598 3.99479,
	10.4616 3.99713,
	10.4679 4.00318,
	10.4715 4.00614,
	10.4769 4.0097,
	10.4887 4.02078,
	10.4924 4.02695,
	10.4978 4.03286,
	10.5024 4.0372,
	10.5061 4.04328,
	10.5089 4.04617,
	10.5091 4.05269,
	10.5065 4.05955,
	10.5048 4.06302,
	10.5049 4.06464,
	10.4953 4.07799,
	10.4838 4.08982,
	10.4821 4.09242,
	10.475 4.09803,
	10.4697 4.1026,
	10.4554 4.11283,
	10.4411 4.12054,
	10.4375 4.12166,
	10.4357 4.12182,
	10.4339 4.12356,
	10.4267 4.12655,
	10.4231 4.12764,
	10.4213 4.12779,
	10.4195 4.12951,
	10.405 4.13376,
	10.4014 4.13558,
	10.3978 4.13584,
	10.3942 4.13766,
	"/>
<Contour name="d39cfa17" hidden="false" closed="false" simplified="true" border="0 1 0" fill="1 0 0" mode="11"
 points="10.3287 3.8329,
	10.4057 3.95792,
	"/>
<Contour name="d39c17" hidden="false" closed="true" simplified="true" border="0 0 1" fill="0 0 1" mode="11"
 points="10.387 3.96703,
	10.3795 3.96473,
	10.3758 3.96221,
	10.3739 3.96229,
	10.3601 3.95296,
	10.3527 3.94782,
	10.3499 3.94429,
	10.3435 3.93997,
	10.3398 3.93644,
	10.324 3.87807,
	10.3222 3.87625,
	10.3197 3.86137,
	10.3191 3.84634,
	10.3192 3.84257,
	10.3193 3.84068,
	10.3193 3.83972,
	10.3212 3.83589,
	10.3213 3.834,
	10.3241 3.83013,
	10.3307 3.82614,
	10.3326 3.82609,
	10.3364 3.82311,
	10.3513 3.81971,
	10.3587 3.82132,
	10.366 3.82481,
	10.3724 3.83022,
	10.3778 3.83756,
	10.3842 3.84291,
	10.3905 3.85011,
	10.3923 3.85378,
	10.396 3.85733,
	10.4041 3.87182,
	10.4077 3.87905,
	10.4095 3.88078,
	10.4095 3.88264,
	10.4122 3.88617,
	10.414 3.89346,
	10.4158 3.89703,
	10.4157 3.90442,
	10.4175 3.90797,
	10.4171 3.93722,
	10.4171 3.94447,
	10.4104 3.95935,
	10.4057 3.96415,
	10.3907 3.96683,
	"/>
</Transform>

<Transform dim="1"
 xcoef=" 0.14 1 0 0 0 0"
 ycoef=" -0.06 0 1 0 0 0">
<Contour name="d71sp08" hidden="false" closed="true" simplified="true" border="1 0 0" fill="1 0 0" mode="11"
 points="17.5669 10.0896,
	17.5479 10.0848,
	17.5432 10.0832,
	17.5338 10.0751,
	17.5289 10.0723,
	17.5218 10.0617,
	17.5195 10.0564,
	17.5195 10.0513,
	17.5195 10.05,
	17.5195 10.0488,
	17.5207 10.0386,
	17.5365 9.9985,
	17.5461 9.9785,
	17.5583 9.9586,
	17.5729 9.9388,
	17.5911 9.9192,
	17.6007 9.91068,
	17.6201 9.90123,
	17.6585 9.89883,
	17.6681 9.89919,
	17.6776 9.90336,
	17.6859 9.91132,
	17.6906 9.9217,
	17.6917 9.9269,
	17.6827 9.9675,
	17.6691 10.0081,
	17.6628 10.0285,
	17.658 10.0386,
	17.641 10.0584,
	17.6338 10.0684,
	17.629 10.0734,
	17.6099 10.0828,
	17.6051 10.0851,
	"/>
</Transform>

<Transform dim="1"
 xcoef=" -0.04 1 0 0 0 0"
 ycoef=" -0.02 0 1 0 0 0">
<Contour name="d71sp08" hidden="false" closed="true" simplified="true" border="1 0 0" fill="1 0 0" mode="11"
 points="17.7164 10.375,
	17.7241 10.3337,
	17.7267 10.2924,
	17.7345 10.2512,
	17.7396 10.1686,
	17.7577 10.0861,
	17.7706 10.0654,
	17.7912 10.05,
	17.8118 10.0396,
	17.817 10.0345,
	17.8376 10.0319,
	17.8583 10.0396,
	17.8789 10.0422,
	17.9202 10.0396,
	17.9615 10.0474,
	18.044 10.0525,
	18.0853 10.0551,
	18.0956 10.0577,
	18.1136 10.0783,
	18.1627 10.1609,
	18.1833 10.2021,
	18.1833 10.2125,
	18.1756 10.2228,
	18.1343 10.2279,
	18.1136 10.2279,
	18.093 10.2331,
	18.0827 10.2383,
	18.0621 10.2383,
	17.9795 10.2615,
	17.897 10.2976,
	17.8144 10.3518,
	17.7938 10.3647,
	17.7525 10.4034,
	17.7345 10.424,
	17.7267 10.4343,
	17.7164 10.4266,
	17.7164 10.3853,
	17.7164 10.3776,
	"/>
</Transform>

<Transform dim="1"
 xcoef=" -0.07 1 0 0 0 0"
 ycoef=" 0.12 0 1 0 0 0">
<Contour name="d71sp10" hidden="false" closed="true" simplified="true" border="1 0 0" fill="1 0 0" mode="11"
 points="19.6133 12.703,
	19.5764 12.6931,
	19.5673 12.6891,
	19.549 12.6749,
	19.532 12.6583,
	19.512 12.6183,
	19.4943 12.5782,
	19.4802 12.5383,
	19.4706 12.4985,
	19.4686 12.4886,
	19.4678 12.4689,
	19.4669 12.459,
	19.467 12.4541,
	19.467 12.4529,
	19.477 12.4139,
	19.5292 12.3368,
	19.5424 12.3174,
	19.583 12.2398,
	19.5937 12.2204,
	19.5985 12.2107,
	19.6106 12.1718,
	19.6248 12.1329,
	19.6424 12.0941,
	19.6481 12.0844,
	19.6663 12.0702,
	19.6708 12.0666,
	19.6888 12.0634,
	19.6978 12.061,
	19.7336 12.0679,
	19.7514 12.0756,
	19.7559 12.077,
	19.7624 12.0869,
	19.7658 12.0919,
	19.7656 12.1115,
	19.7574 12.1505,
	19.7539 12.1602,
	19.7297 12.199,
	19.7263 12.2039,
	19.7144 12.243,
	19.712 12.2527,
	19.7113 12.2922,
	19.7129 12.3318,
	19.7225 12.3717,
	19.7379 12.4117,
	19.7468 12.4316,
	19.7602 12.4716,
	19.7635 12.4816,
	19.7656 12.5211,
	19.7629 12.5606,
	19.7628 12.5704,
	19.736 12.6093,
	19.7019 12.6478,
	19.6832 12.6669,
	19.6738 12.6765,
	19.6691 12.6813,
	19.6505 12.6943,
	19.6411 12.6989,
	19.6226 12.7008,
	"/>
</Transform>

<Transform dim="0"
 xcoef=" 0 1 0 0 0 0"
 ycoef=" 0 0 1 0 0 0">
<Contour name="dch_d39c13" hidden="false" closed="true" simplified="true" border="0 0 1" fill="0 0 1" mode="11"
 points="11.0417 6.62714,
	11.0196 6.62455,
	11.0085 6.62316,
	11.0057 6.62316,
	11.0043 6.62316,
	11.0037 6.62316,
	10.9981 6.62074,
	10.9926 6.62057,
	10.9898 6.61918,
	10.9884 6.61849,
	10.9877 6.61814,
	10.9822 6.61814,
	10.9767 6.61555,
	10.9711 6.61486,
	10.9684 6.61468,
	10.9656 6.61416,
	10.9628 6.61278,
	10.9614 6.61209,
	10.9607 6.61174,
	10.9552 6.61174,
	10.9109 6.59738,
	10.8888 6.59063,
	10.8832 6.58873,
	10.8804 6.58786,
	10.8749 6.58526,
	10.8735 6.58526,
	10.8728 6.58526,
	10.8701 6.58267,
	10.8645 6.58128,
	10.8618 6.58077,
	10.859 6.5799,
	10.8562 6.57852,
	10.8548 6.57782,
	10.8493 6.57765,
	10.8438 6.57523,
	10.841 6.57505,
	10.8382 6.57246,
	10.8161 6.56519,
	10.805 6.56156,
	10.7995 6.55983,
	10.7967 6.55879,
	10.7912 6.5574,
	10.7884 6.55671,
	10.787 6.55637,
	10.7863 6.55619,
	10.7835 6.55394,
	10.7808 6.5536,
	10.7752 6.55031,
	10.7725 6.54858,
	10.7711 6.54771,
	10.7683 6.54512,
	10.7669 6.54373,
	10.7642 6.54339,
	10.7614 6.54166,
	10.7586 6.53923,
	10.755 6.5337,
	10.7533 6.53093,
	10.7529 6.53058,
	10.7529 6.53041,
	10.7524 6.52885,
	10.7524 6.51778,
	10.7524 6.51501,
	10.7531 6.50947,
	10.7534 6.5067,
	10.7546 6.50116,
	10.7553 6.49563,
	10.7569 6.49009,
	10.7578 6.48732,
	10.7581 6.48663,
	10.7581 6.48628,
	10.7588 6.48524,
	10.7616 6.48247,
	10.7643 6.48092,
	10.7671 6.47971,
	10.7726 6.47953,
	10.773 6.47953,
	10.7758 6.47694,
	10.7979 6.47451,
	10.809 6.47434,
	10.8201 6.47451,
	10.8311 6.47573,
	10.8367 6.47642,
	10.8394 6.47676,
	10.8505 6.47676,
	10.8727 6.48074,
	10.8782 6.48213,
	10.881 6.48282,
	10.8865 6.48299,
	10.892 6.48282,
	10.8948 6.48403,
	10.9003 6.48282,
	10.9114 6.48524,
	10.917 6.48542,
	10.9391 6.49338,
	10.9502 6.49736,
	10.9557 6.49943,
	10.9779 6.50549,
	11 6.5112,
	11.0222 6.5176,
	11.0277 6.51899,
	11.0388 6.52556,
	11.0416 6.52764,
	11.0429 6.52851,
	11.0436 6.52902,
	11.0464 6.5292,
	11.0575 6.53681,
	11.063 6.54079,
	11.0658 6.5427,
	11.0769 6.55187,
	11.081 6.5574,
	11.0829 6.56017,
	11.0872 6.56571,
	11.0876 6.56606,
	11.0881 6.56883,
	11.0884 6.57021,
	11.0886 6.5709,
	11.0886 6.57125,
	11.0909 6.57402,
	11.0921 6.5754,
	11.0929 6.57679,
	11.0962 6.58786,
	11.0966 6.58924,
	11.0966 6.59063,
	11.0959 6.5934,
	11.0954 6.59478,
	11.0954 6.59547,
	11.0945 6.59824,
	11.0942 6.59894,
	11.094 6.60032,
	11.0923 6.60586,
	11.0897 6.61139,
	11.0881 6.61416,
	11.0872 6.61555,
	11.0865 6.61624,
	11.0848 6.61901,
	11.0793 6.62455,
	11.0779 6.62558,
	11.0765 6.6261,
	11.0544 6.6268,
	11.0433 6.62714,
	11.0419 6.62714,
	"/>
</Transform>

<Transform dim="0"
 xcoef=" 0 1 0 0 0 0"
 ycoef=" 0 0 1 0 0 0">
<Contour name="dch_d39c14" hidden="false" closed="true" simplified="true" border="0 0 1" fill="0 0 1" mode="11"
 points="12.4746 4.61653,
	12.4679 4.61506,
	12.4645 4.61402,
	12.4629 4.61318,
	12.4612 4.61318,
	12.4595 4.61214,
	12.4562 4.60942,
	12.4545 4.60795,
	12.4528 4.60774,
	12.4524 4.60774,
	12.439 4.59707,
	12.4357 4.59414,
	12.434 4.59414,
	12.4313 4.5908,
	12.4309 4.58996,
	12.4306 4.5885,
	12.429 4.58766,
	12.4286 4.58724,
	12.4277 4.58389,
	12.4248 4.58055,
	12.4231 4.57887,
	12.4219 4.5772,
	12.4219 4.57553,
	12.4202 4.57469,
	12.42 4.57302,
	12.4185 4.57218,
	12.4181 4.57051,
	12.4181 4.57009,
	12.4124 4.56339,
	12.4108 4.56005,
	12.4104 4.55921,
	12.4087 4.55837,
	12.4051 4.55168,
	12.4037 4.55,
	12.4032 4.54959,
	12.4032 4.54791,
	12.398 4.54122,
	12.3938 4.53452,
	12.3922 4.53285,
	12.3915 4.53201,
	12.3905 4.52867,
	12.3821 4.51528,
	12.3811 4.51193,
	12.3798 4.50524,
	12.3792 4.50189,
	12.3788 4.50022,
	12.3786 4.49938,
	12.3786 4.49917,
	12.379 4.49833,
	12.3823 4.4952,
	12.3857 4.49269,
	12.3924 4.48871,
	12.3991 4.48515,
	12.4007 4.48411,
	12.4024 4.48369,
	12.4032 4.48306,
	12.4099 4.48118,
	12.4166 4.47972,
	12.42 4.47909,
	12.4233 4.47804,
	12.4367 4.47595,
	12.4434 4.47553,
	12.4468 4.47553,
	12.4476 4.47553,
	12.448 4.47553,
	12.4491 4.47595,
	12.4501 4.47762,
	12.4568 4.48432,
	12.4622 4.49101,
	12.465 4.49436,
	12.4827 4.52114,
	12.4869 4.52783,
	12.4963 4.54101,
	12.498 4.54226,
	12.4982 4.54394,
	12.5093 4.55733,
	12.5129 4.56402,
	12.515 4.57071,
	12.5152 4.57155,
	12.5143 4.5749,
	12.5131 4.57825,
	12.5124 4.57992,
	12.5118 4.58076,
	12.5114 4.58117,
	12.5112 4.58201,
	12.5106 4.58285,
	12.5106 4.58327,
	12.5097 4.5841,
	12.5095 4.58494,
	12.5089 4.58578,
	12.5087 4.58661,
	12.5074 4.58829,
	12.5072 4.58912,
	12.5026 4.59582,
	12.5003 4.59917,
	12.4972 4.60251,
	12.4905 4.60816,
	12.4838 4.61255,
	12.4804 4.61548,
	12.4771 4.61653,
	12.4754 4.61653,
	12.4748 4.61653,
	"/>
</Transform>

<Transform dim="1"
 xcoef=" -0.02 1 0 0 0 0"
 ycoef=" 0.02 0 1 0 0 0">
<Contour name="dch_d39c17" hidden="false" closed="true" simplified="true" border="0 0 1" fill="0 0 1" mode="11"
 points="10.3826 3.96562,
	10.381 3.96522,
	10.3794 3.96462,
	10.3762 3.9624,
	10.3754 3.9622,
	10.3746 3.9623,
	10.3738 3.9622,
	10.3673 3.95777,
	10.3641 3.95555,
	10.3609 3.95354,
	10.3544 3.949,
	10.3528 3.9478,
	10.3502 3.94467,
	10.3495 3.94397,
	10.3463 3.94185,
	10.3447 3.94074,
	10.3414 3.93803,
	10.3399 3.93651,
	10.3259 3.88494,
	10.3241 3.8785,
	10.324 3.87809,
	10.3225 3.87648,
	10.3222 3.87618,
	10.32 3.86329,
	10.3197 3.86006,
	10.3192 3.84717,
	10.3193 3.84073,
	10.3193 3.83992,
	10.3208 3.8367,
	10.3214 3.83609,
	10.3246 3.83448,
	10.3311 3.83186,
	10.3343 3.83055,
	10.3375 3.82944,
	10.3383 3.82904,
	10.3415 3.82803,
	10.3419 3.82793,
	10.3421 3.82793,
	10.3425 3.82763,
	10.3458 3.82662,
	10.3466 3.82622,
	10.3498 3.82521,
	10.3514 3.82481,
	10.3518 3.82481,
	10.3534 3.82431,
	10.3566 3.8236,
	10.3599 3.8231,
	10.3615 3.8228,
	10.3623 3.823,
	10.3655 3.82461,
	10.3671 3.82572,
	10.3703 3.82844,
	10.372 3.82985,
	10.3769 3.83629,
	10.3781 3.83791,
	10.3844 3.84324,
	10.3902 3.84969,
	10.3919 3.85291,
	10.3923 3.85372,
	10.3955 3.85694,
	10.3962 3.85765,
	10.4034 3.87054,
	10.4067 3.87699,
	10.4075 3.8786,
	10.408 3.8794,
	10.4088 3.88021,
	10.4092 3.88061,
	10.4094 3.88071,
	10.4095 3.88232,
	10.4096 3.88273,
	10.4119 3.88595,
	10.4129 3.88917,
	10.4138 3.8924,
	10.4143 3.89401,
	10.4158 3.89723,
	10.4157 3.90368,
	10.4158 3.90448,
	10.4174 3.90771,
	10.4175 3.91093,
	10.4172 3.93672,
	10.4172 3.94316,
	10.4171 3.94477,
	10.4141 3.95122,
	10.4133 3.95283,
	10.4129 3.95364,
	10.4125 3.95414,
	10.4109 3.95525,
	10.4101 3.95585,
	10.4099 3.95585,
	10.4091 3.95636,
	10.4087 3.95666,
	10.4085 3.95666,
	10.4077 3.95726,
	10.4075 3.95726,
	10.4067 3.95777,
	10.4063 3.95807,
	10.4055 3.95837,
	10.4047 3.95888,
	10.4039 3.95918,
	10.4007 3.96099,
	10.4003 3.96109,
	10.3994 3.96159,
	10.3962 3.9627,
	10.393 3.96361,
	10.3898 3.96421,
	10.3833 3.96572,
	"/>
</Transform>

<Transform dim="0"
 xcoef=" 0 1 0 0 0 0"
 ycoef=" 0 0 1 0 0 0">
<Contour name="d15" comment="dch_traced_06.2019" hidden="false" closed="true" simplified="true" border="1 1 0" fill="1 1 0" mode="11"
 points="3.75411 7.71854,
	3.77895 7.61255,
	3.78392 7.58606,
	3.78723 7.48007,
	3.78558 7.45358,
	3.78723 7.42708,
	3.7922 7.40059,
	3.80545 7.37409,
	3.82201 7.3211,
	3.82698 7.26811,
	3.83857 7.24161,
	3.85347 7.21512,
	3.86175 7.20187,
	3.87334 7.18862,
	3.87666 7.18531,
	3.8899 7.18034,
	3.9429 7.17869,
	3.99589 7.19028,
	4.02238 7.19856,
	4.07537 7.2234,
	4.12837 7.23665,
	4.18136 7.24327,
	4.20785 7.24327,
	4.23435 7.23996,
	4.28734 7.24327,
	4.34033 7.25486,
	4.36683 7.25817,
	4.41982 7.25652,
	4.47281 7.24493,
	4.5258 7.22671,
	4.5523 7.22671,
	4.60529 7.23499,
	4.65828 7.23333,
	4.68478 7.22837,
	4.71127 7.22837,
	4.72452 7.22837,
	4.73114 7.22837,
	4.78413 7.25652,
	4.79738 7.2648,
	4.80069 7.2648,
	4.80732 7.26976,
	4.81063 7.27308,
	4.81725 7.27473,
	4.8305 7.28301,
	4.83713 7.28964,
	4.85037 7.29626,
	4.87687 7.31779,
	4.8984 7.34428,
	4.91661 7.37078,
	4.91496 7.39728,
	4.90668 7.41052,
	4.89343 7.42212,
	4.86693 7.43205,
	4.84044 7.4453,
	4.82719 7.45358,
	4.80566 7.47842,
	4.7891 7.50491,
	4.76426 7.52975,
	4.75101 7.54135,
	4.74439 7.54797,
	4.71955 7.56619,
	4.69471 7.58771,
	4.66822 7.59599,
	4.61522 7.60427,
	4.58873 7.6109,
	4.57548 7.61255,
	4.54899 7.62249,
	4.52249 7.63739,
	4.49599 7.64899,
	4.4695 7.66554,
	4.46287 7.66886,
	4.45625 7.67548,
	4.443 7.68376,
	4.41651 7.70694,
	4.40491 7.71854,
	4.39498 7.72682,
	4.38835 7.73344,
	4.36186 7.74834,
	4.33536 7.75828,
	4.28237 7.75994,
	4.26912 7.75994,
	4.25588 7.7649,
	4.24925 7.76656,
	4.22276 7.78478,
	4.20785 7.81127,
	4.19626 7.83777,
	4.17142 7.86261,
	4.14493 7.88082,
	4.11843 7.8891,
	4.10518 7.89241,
	4.09193 7.89241,
	4.03894 7.91394,
	4.01245 7.92885,
	3.98595 7.94044,
	3.95946 7.94541,
	3.90646 7.94541,
	3.89322 7.94541,
	3.88659 7.94375,
	3.88328 7.94375,
	3.87997 7.94044,
	3.86672 7.93547,
	3.85347 7.92719,
	3.84685 7.92388,
	3.82366 7.89738,
	3.80545 7.87254,
	3.7773 7.81955,
	3.76405 7.79306,
	3.75908 7.77981,
	3.75411 7.75331,
	3.75411 7.72682,
	3.75411 7.72019,
	"/>
</Transform>

<Transform dim="0"
 xcoef=" 0 1 0 0 0 0"
 ycoef=" 0 0 1 0 0 0">
<Contour name="d39" comment="dch_traced_06.2019" hidden="false" closed="true" simplified="true" border="1 1 0" fill="1 1 0" mode="11"
 points="10.9685 5.00546,
	10.9731 4.93054,
	10.9825 4.89308,
	10.9966 4.85562,
	11.02 4.81817,
	11.0247 4.8088,
	11.0551 4.77134,
	11.0902 4.73622,
	11.1277 4.71047,
	11.137 4.70111,
	11.1745 4.68004,
	11.1932 4.67067,
	11.212 4.66599,
	11.2869 4.67535,
	11.3243 4.67769,
	11.3431 4.68004,
	11.3618 4.6894,
	11.4367 4.71047,
	11.4742 4.72686,
	11.624 4.81348,
	11.6427 4.82519,
	11.713 4.89542,
	11.7481 4.93288,
	11.7715 4.968,
	11.7785 4.97737,
	11.7785 4.98205,
	11.7855 4.99141,
	11.8113 5.06633,
	11.8277 5.10379,
	11.837 5.14125,
	11.8464 5.21617,
	11.8886 5.366,
	11.9049 5.51584,
	11.912 5.5533,
	11.933 5.85297,
	11.9377 5.92789,
	11.9471 6.00281,
	11.9635 6.07772,
	11.9658 6.11518,
	11.9611 6.13391,
	11.9494 6.15264,
	11.9143 6.18776,
	11.8768 6.21117,
	11.8394 6.22756,
	11.8207 6.23224,
	11.7457 6.23927,
	11.5959 6.24629,
	11.521 6.24629,
	11.4835 6.24629,
	11.4461 6.23927,
	11.4273 6.23224,
	11.4086 6.22054,
	11.3712 6.20649,
	11.3337 6.18308,
	11.315 6.16903,
	11.2775 6.13157,
	11.2471 6.09411,
	11.1956 6.01919,
	11.1675 5.98174,
	11.1487 5.94428,
	11.1394 5.92555,
	11.1323 5.91618,
	11.116 5.87872,
	11.0832 5.72889,
	11.0808 5.57905,
	11.0785 5.54159,
	11.0621 5.46667,
	11.0176 5.31684,
	10.9989 5.24192,
	10.9849 5.167,
	10.9802 5.12954,
	10.9755 5.11081,
	10.9685 5.0359,
	10.9685 5.01717,
	10.9685 5.0078,
	"/>
</Transform>

<Transform dim="1"
 xcoef=" 0.15 1 0 0 0 0"
 ycoef=" -0.08 0 1 0 0 0">
<Contour name="d71p07" hidden="false" closed="true" simplified="true" border="1 0 0" fill="1 0 0" mode="11"
 points="18.6401 11.0658,
	18.6227 11.0318,
	18.6568 11.0326,
	"/>
</Transform>

<Transform dim="1"
 xcoef=" 0.15 1 0 0 0 0"
 ycoef=" -0.08 0 1 0 0 0">
<Contour name="d71sp07" hidden="false" closed="true" simplified="true" border="1 0 0" fill="1 0 0" mode="11"
 points="18.4317 10.984,
	18.4455 10.9771,
	18.4592 10.9737,
	18.4867 10.9565,
	18.5005 10.9513,
	18.5074 10.9462,
	18.5143 10.9445,
	18.5693 10.9083,
	18.5968 10.8877,
	18.6106 10.8791,
	18.6243 10.8739,
	18.6295 10.8671,
	18.6364 10.8653,
	18.6381 10.8619,
	18.645 10.8602,
	18.6725 10.8395,
	18.7 10.8223,
	18.7069 10.8172,
	18.7086 10.8137,
	18.7121 10.8137,
	18.7155 10.8103,
	18.7224 10.8086,
	18.7241 10.8051,
	18.731 10.8034,
	18.7379 10.7983,
	18.7413 10.7948,
	18.7447 10.7948,
	18.7482 10.7914,
	18.7516 10.7914,
	18.8067 10.7484,
	18.8342 10.726,
	18.8393 10.7209,
	18.8411 10.7191,
	18.8428 10.7467,
	18.8393 10.7742,
	18.8411 10.8292,
	18.8411 10.8361,
	18.8462 10.8499,
	18.8479 10.9049,
	18.8445 10.9324,
	18.8445 10.9599,
	18.8462 10.9737,
	18.8479 10.9771,
	18.8497 10.9754,
	18.8548 10.9892,
	18.8565 10.9961,
	18.8927 11.0511,
	18.9099 11.0786,
	18.9632 11.1887,
	18.9649 11.1956,
	18.9597 11.2231,
	18.9408 11.2781,
	18.9322 11.2919,
	18.9288 11.2936,
	18.9013 11.2816,
	18.8892 11.2695,
	18.8772 11.242,
	18.86 11.2145,
	18.8462 11.2042,
	18.8359 11.1904,
	18.8221 11.1629,
	18.8118 11.1079,
	18.8032 11.0941,
	18.7895 11.0803,
	18.7826 11.0735,
	18.7275 11.0769,
	18.6175 11.0717,
	18.5899 11.0717,
	18.5624 11.0631,
	18.5074 11.0305,
	18.4523 10.9926,
	18.4386 10.9857,
	18.4369 10.984,
	18.4334 10.9857,
	"/>
</Transform>

<Transform dim="0"
 xcoef=" 0 1 0 0 0 0"
 ycoef=" 0 0 1 0 0 0">
<Contour name="d71" comment="dch_traced_06.2019" hidden="false" closed="true" simplified="true" border="1 1 0" fill="1 1 0" mode="11"
 points="17.7527 10.3916,
	17.7577 10.338,
	17.7594 10.2845,
	17.7594 10.2577,
	17.7644 10.2309,
	17.7728 10.2041,
	17.7861 10.1774,
	17.7945 10.164,
	17.7979 10.1573,
	17.823 10.1322,
	17.8497 10.1121,
	17.8631 10.1021,
	17.9702 10.0753,
	17.997 10.0703,
	18.0238 10.0703,
	18.0505 10.0736,
	18.0639 10.0736,
	18.1175 10.087,
	18.1442 10.0987,
	18.171 10.1138,
	18.1844 10.1238,
	18.2062 10.1506,
	18.2212 10.1774,
	18.2279 10.2041,
	18.238 10.2159,
	18.2915 10.2527,
	18.3049 10.2594,
	18.3584 10.2962,
	18.3852 10.3163,
	18.3919 10.323,
	18.4187 10.333,
	18.4254 10.3347,
	18.4521 10.3514,
	18.4639 10.3648,
	18.4705 10.3715,
	18.4772 10.3849,
	18.504 10.41,
	18.5308 10.4284,
	18.5525 10.4535,
	18.5559 10.4602,
	18.5693 10.4736,
	18.5961 10.4903,
	18.6228 10.5171,
	18.6613 10.5706,
	18.6764 10.5974,
	18.6948 10.6242,
	18.6981 10.6309,
	18.7249 10.6543,
	18.7282 10.6543,
	18.755 10.676,
	18.7667 10.6894,
	18.7751 10.7028,
	18.7784 10.7162,
	18.7768 10.7697,
	18.7718 10.8233,
	18.7718 10.8367,
	18.7651 10.8635,
	18.7634 10.8902,
	18.7584 10.917,
	18.7567 10.9304,
	18.7483 10.9572,
	18.7467 10.9639,
	18.7433 10.9672,
	18.7383 10.9806,
	18.7333 10.9873,
	18.7282 11.0007,
	18.6965 11.0542,
	18.6898 11.0676,
	18.6663 11.0927,
	18.6529 11.1027,
	18.5994 11.1312,
	18.5726 11.1396,
	18.5592 11.1412,
	18.5325 11.1396,
	18.5191 11.1396,
	18.4655 11.1312,
	18.412 11.1195,
	18.3986 11.1195,
	18.3718 11.1128,
	18.3183 11.0877,
	18.2915 11.0726,
	18.238 11.0308,
	18.1844 10.9856,
	18.1576 10.9639,
	18.1442 10.9521,
	18.0907 10.9153,
	18.0371 10.8752,
	18.0104 10.8517,
	17.997 10.8384,
	17.9803 10.8116,
	17.9702 10.7982,
	17.9451 10.7714,
	17.9317 10.7614,
	17.8799 10.7078,
	17.8648 10.6811,
	17.8564 10.6677,
	17.8481 10.6409,
	17.833 10.6141,
	17.8112 10.5873,
	17.8046 10.5807,
	17.7728 10.5271,
	17.7627 10.5003,
	17.756 10.4736,
	17.7527 10.42,
	17.7527 10.3932,
	"/>
</Transform>

</Section>