<?xml version="1.0"?>
<!DOCTYPE Section SYSTEM "section.dtd">

<Section index="159" thickness="0.048" alignLocked="true">
<Transform dim="0"
 xcoef=" 0 1 0 0 0 0"
 ycoef=" 0 0 1 0 0 0">
<Image mag="0.002063" contrast="1.86401" brightness="-0.18" red="true" green="true" blue="true"
 src="160____z8.109.jpg" />
<Contour name="domain1" hidden="false" closed="true" simplified="false" border="1 0 1" fill="1 0 1" mode="11"
 points="0 0,
	17236 0,
	17236 17077,
	0 17077,
	"/>
</Transform>

<Transform dim="0"
 xcoef=" 0 1 0 0 0 0"
 ycoef=" 0 0 1 0 0 0">
<Contour name="D39" hidden="false" closed="true" simplified="true" border="0 0 1" fill="0 0 1" mode="11"
 points="10.7848 27.9404,
	10.7334 27.9323,
	10.6871 27.9087,
	10.6504 27.8719,
	10.6186 27.7742,
	10.6268 27.723,
	10.6504 27.6766,
	10.6871 27.6399,
	10.7334 27.6162,
	10.7848 27.6081,
	10.8361 27.6162,
	10.8824 27.6399,
	10.9192 27.6766,
	10.9428 27.723,
	10.9509 27.7742,
	10.9428 27.8256,
	10.9192 27.8719,
	10.8824 27.9087,
	10.8361 27.9323,
	"/>
</Transform>

<Transform dim="0"
 xcoef=" 0 1 0 0 0 0"
 ycoef=" 0 0 1 0 0 0">
<Contour name="D56" hidden="false" closed="true" simplified="true" border="1 0 0" fill="1 0 0" mode="11"
 points="23.8227 23.4635,
	23.7795 23.4566,
	23.7405 23.4368,
	23.7095 23.4058,
	23.6828 23.3236,
	23.6896 23.2803,
	23.7095 23.2413,
	23.7405 23.2104,
	23.7795 23.1905,
	23.8227 23.1836,
	23.8659 23.1905,
	23.905 23.2104,
	23.9359 23.2413,
	23.9558 23.2803,
	23.9627 23.3236,
	23.9558 23.3668,
	23.9359 23.4058,
	23.905 23.4368,
	23.8659 23.4566,
	"/>
</Transform>

<Transform dim="0"
 xcoef=" 0 1 0 0 0 0"
 ycoef=" 0 0 1 0 0 0">
<Contour name="D31" hidden="false" closed="true" simplified="true" border="0 0 1" fill="0 0 1" mode="11"
 points="13.4244 20.9731,
	13.3707 20.9641,
	13.3222 20.9379,
	13.2837 20.8972,
	13.2505 20.789,
	13.259 20.7322,
	13.2837 20.6808,
	13.3222 20.64,
	13.3707 20.6138,
	13.4244 20.6049,
	13.4782 20.6138,
	13.5266 20.64,
	13.5651 20.6808,
	13.5899 20.7322,
	13.5983 20.789,
	13.5899 20.8459,
	13.5651 20.8972,
	13.5266 20.9379,
	13.4782 20.9641,
	"/>
</Transform>

<Transform dim="0"
 xcoef=" 0 1 0 0 0 0"
 ycoef=" 0 0 1 0 0 0">
<Contour name="D28" hidden="false" closed="true" simplified="true" border="0 0 1" fill="0 0 1" mode="11"
 points="7.44023 23.561,
	7.39159 23.5541,
	7.34771 23.5343,
	7.31288 23.5034,
	7.28282 23.4211,
	7.29053 23.3779,
	7.31288 23.3388,
	7.34771 23.3079,
	7.39159 23.2881,
	7.44023 23.2812,
	7.48887 23.2881,
	7.53276 23.3079,
	7.56757 23.3388,
	7.58994 23.3779,
	7.59765 23.4211,
	7.58994 23.4643,
	7.56757 23.5034,
	7.53276 23.5343,
	7.48887 23.5541,
	"/>
</Transform>

<Transform dim="0"
 xcoef=" 0 1 0 0 0 0"
 ycoef=" 0 0 1 0 0 0">
<Contour name="D38" hidden="false" closed="true" simplified="true" border="1 0 0" fill="1 0 0" mode="11"
 points="22.171 23.5997,
	22.1196 23.5925,
	22.0733 23.5713,
	22.0365 23.5384,
	22.0048 23.4511,
	22.0128 23.4052,
	22.0365 23.3637,
	22.0733 23.3307,
	22.1196 23.3097,
	22.171 23.3023,
	22.2222 23.3097,
	22.2685 23.3307,
	22.3053 23.3637,
	22.329 23.4052,
	22.337 23.4511,
	22.329 23.497,
	22.3053 23.5384,
	22.2685 23.5713,
	22.2222 23.5925,
	"/>
</Transform>

<Transform dim="0"
 xcoef=" 0 1 0 0 0 0"
 ycoef=" 0 0 1 0 0 0">
<Contour name="D01" hidden="false" closed="true" simplified="true" border="1 1 0" fill="1 1 0" mode="11"
 points="15.4869 25.9796,
	15.4364 25.9731,
	15.3907 25.9542,
	15.3545 25.9248,
	15.3233 25.8465,
	15.3313 25.8055,
	15.3545 25.7684,
	15.3907 25.739,
	15.4364 25.7202,
	15.4869 25.7136,
	15.5375 25.7202,
	15.5832 25.739,
	15.6194 25.7684,
	15.6426 25.8055,
	15.6506 25.8465,
	15.6426 25.8876,
	15.6194 25.9248,
	15.5832 25.9542,
	15.5375 25.9731,
	"/>
</Transform>

<Transform dim="0"
 xcoef=" 0 1 0 0 0 0"
 ycoef=" 0 0 1 0 0 0">
<Contour name="D63" hidden="false" closed="true" simplified="true" border="1 0 0" fill="1 0 0" mode="11"
 points="19.867 26.9515,
	19.8445 26.9488,
	19.8241 26.9408,
	19.808 26.9285,
	19.794 26.8955,
	19.7977 26.8782,
	19.808 26.8626,
	19.8241 26.8502,
	19.8445 26.8423,
	19.867 26.8395,
	19.8896 26.8423,
	19.9099 26.8502,
	19.9261 26.8626,
	19.9364 26.8782,
	19.94 26.8955,
	19.9364 26.9129,
	19.9261 26.9285,
	19.9099 26.9408,
	19.8896 26.9488,
	"/>
</Transform>

<Transform dim="0"
 xcoef=" 0 1 0 0 0 0"
 ycoef=" 0 0 1 0 0 0">
<Contour name="d28" hidden="false" closed="true" simplified="true" border="0 0 0" fill="0 0 0" mode="11"
 points="7.73762 23.8016,
	7.70535 23.7995,
	7.57628 23.8006,
	7.51174 23.7985,
	7.49561 23.7945,
	7.48754 23.7925,
	7.48553 23.7905,
	7.47746 23.7895,
	7.46939 23.7834,
	7.46536 23.7804,
	7.46133 23.7794,
	7.45729 23.7764,
	7.45326 23.7754,
	7.43713 23.7633,
	7.43309 23.7613,
	7.43107 23.7593,
	7.42704 23.7583,
	7.41897 23.7522,
	7.41695 23.7502,
	7.40889 23.7471,
	7.40082 23.742,
	7.39275 23.74,
	7.38873 23.738,
	7.38469 23.738,
	7.36855 23.731,
	7.36049 23.7279,
	7.34435 23.7179,
	7.34133 23.7138,
	7.33931 23.7138,
	7.32317 23.7028,
	7.31511 23.6977,
	7.31108 23.6957,
	7.31007 23.6937,
	7.29394 23.6897,
	7.2778 23.6836,
	7.24553 23.6766,
	7.2294 23.6736,
	7.22133 23.6705,
	7.20519 23.6684,
	7.19713 23.6664,
	7.16486 23.6654,
	7.15679 23.6634,
	7.15277 23.6624,
	7.15074 23.6624,
	7.14671 23.6594,
	7.13058 23.6523,
	7.12251 23.6473,
	7.11847 23.6453,
	7.11847 23.6432,
	7.11041 23.6352,
	7.10839 23.6191,
	7.10335 23.611,
	7.10133 23.609,
	7.10133 23.607,
	7.09731 23.603,
	7.09528 23.6009,
	7.09427 23.5969,
	7.07814 23.5817,
	7.06402 23.5676,
	7.05899 23.5606,
	7.05293 23.5445,
	7.05293 23.5122,
	7.05293 23.5041,
	7.04991 23.488,
	7.04386 23.4718,
	7.03479 23.4557,
	7.02167 23.4234,
	7.01562 23.4073,
	7.01059 23.3751,
	7.00958 23.3105,
	7.01059 23.246,
	7.01059 23.2298,
	7.00554 23.2137,
	7.00151 23.2057,
	6.97126 23.1733,
	6.9642 23.1653,
	6.96218 23.1633,
	6.95915 23.1472,
	6.95815 23.1431,
	6.95714 23.1411,
	6.95815 23.1371,
	6.95513 23.121,
	6.95412 23.1138,
	6.95412 23.1128,
	6.96016 23.0967,
	6.96521 23.0897,
	6.96521 23.0876,
	6.99647 23.0564,
	7.0126 23.0453,
	7.02067 23.0393,
	7.02469 23.0362,
	7.02672 23.0342,
	7.03075 23.0332,
	7.03781 23.0281,
	7.03982 23.0261,
	7.04185 23.0261,
	7.04285 23.0241,
	7.10638 22.9989,
	7.13865 22.9949,
	7.15478 22.9919,
	7.18705 22.9808,
	7.20318 22.9768,
	7.21125 22.9747,
	7.24351 22.9737,
	7.27578 22.9768,
	7.28385 22.9788,
	7.28789 22.9798,
	7.29192 22.9828,
	7.30805 22.9888,
	7.32418 22.9989,
	7.34032 23.007,
	7.34838 23.01,
	7.35041 23.01,
	7.35242 23.012,
	7.36855 23.015,
	7.37258 23.018,
	7.38873 23.0211,
	7.39679 23.0221,
	7.40082 23.0221,
	7.41695 23.0271,
	7.42502 23.0301,
	7.43107 23.0301,
	7.43309 23.0321,
	7.44922 23.0362,
	7.45124 23.0362,
	7.45326 23.0383,
	7.45729 23.0383,
	7.46133 23.0413,
	7.47746 23.0463,
	7.48149 23.0463,
	7.49762 23.0524,
	7.50569 23.0564,
	7.51376 23.0584,
	7.51779 23.0615,
	7.52182 23.0625,
	7.52989 23.0685,
	7.53796 23.0725,
	7.56922 23.0937,
	7.58535 23.1027,
	7.59342 23.1078,
	7.59645 23.1108,
	7.60451 23.1118,
	7.61258 23.1158,
	7.62871 23.12,
	7.64485 23.122,
	7.67712 23.13,
	7.68115 23.1321,
	7.68317 23.1321,
	7.69123 23.1371,
	7.6993 23.1391,
	7.70737 23.1441,
	7.7235 23.1502,
	7.73157 23.1562,
	7.73459 23.1582,
	7.73661 23.1582,
	7.75275 23.1673,
	7.76081 23.1703,
	7.76484 23.1723,
	7.76585 23.1743,
	7.76484 23.1754,
	7.78098 23.1854,
	7.81324 23.2016,
	7.82938 23.2077,
	7.83744 23.2117,
	7.83947 23.2117,
	7.84148 23.2137,
	7.84955 23.2147,
	7.85761 23.2198,
	7.86367 23.2198,
	7.8677 23.2228,
	7.87173 23.2238,
	7.87576 23.2268,
	7.8798 23.2278,
	7.88182 23.2278,
	7.88383 23.2298,
	7.88584 23.2298,
	7.88787 23.2319,
	7.89594 23.2329,
	7.89795 23.2349,
	7.89996 23.2349,
	7.904 23.2379,
	7.91207 23.2409,
	7.9161 23.2419,
	7.93223 23.251,
	7.9403 23.254,
	7.94836 23.259,
	7.9524 23.259,
	7.95643 23.2621,
	7.9645 23.2641,
	7.98063 23.2711,
	7.99676 23.2763,
	8.00483 23.2763,
	8.01291 23.2793,
	8.07744 23.2873,
	8.10971 23.2924,
	8.12584 23.2954,
	8.13391 23.2984,
	8.14198 23.2984,
	8.146 23.3004,
	8.15004 23.3004,
	8.15407 23.3025,
	8.16214 23.3025,
	8.1944 23.3115,
	8.19844 23.3125,
	8.21458 23.3256,
	8.22264 23.3337,
	8.23373 23.3498,
	8.23475 23.3539,
	8.23978 23.362,
	8.24483 23.3781,
	8.24785 23.3861,
	8.24986 23.4023,
	8.24886 23.4184,
	8.24886 23.4264,
	8.24886 23.4304,
	8.24684 23.4346,
	8.24684 23.4386,
	8.24382 23.4426,
	8.24079 23.4507,
	8.23071 23.4668,
	8.22566 23.4749,
	8.22264 23.4789,
	8.22063 23.4809,
	8.22063 23.4829,
	8.20651 23.499,
	8.14298 23.5596,
	8.14097 23.5636,
	8.10971 23.5949,
	8.10164 23.6009,
	8.09358 23.609,
	8.08954 23.611,
	8.08248 23.6181,
	8.06634 23.6281,
	8.03408 23.6543,
	8.02601 23.6584,
	8.01794 23.6604,
	8.01391 23.6624,
	8.00585 23.6634,
	7.99778 23.6664,
	7.96551 23.6705,
	7.90097 23.6715,
	7.88484 23.6746,
	7.87677 23.6776,
	7.8687 23.6826,
	7.86467 23.6846,
	7.85661 23.6927,
	7.85056 23.6987,
	7.82333 23.73,
	7.80821 23.7461,
	7.80014 23.7522,
	7.76989 23.7824,
	7.75375 23.7975,
	7.74569 23.8006,
	"/>
</Transform>

<Transform dim="0"
 xcoef=" 0 1 0 0 0 0"
 ycoef=" 0 0 1 0 0 0">
<Contour name="d56_Interest" hidden="false" closed="true" simplified="true" border="0 0 1" fill="0 0 1" mode="11"
 points="23.3743 23.258,
	23.3561 23.2563,
	23.3384 23.2515,
	23.3215 23.2434,
	23.3059 23.2325,
	23.292 23.2188,
	23.2803 23.2029,
	23.2707 23.1849,
	23.2636 23.1656,
	23.258 23.1242,
	23.2594 23.1033,
	23.2636 23.0829,
	23.2707 23.0635,
	23.2803 23.0455,
	23.292 23.0296,
	23.3059 23.0159,
	23.3215 23.005,
	23.3384 22.997,
	23.3561 22.9921,
	23.3743 22.9905,
	23.3925 22.9921,
	23.4103 22.997,
	23.4272 23.005,
	23.4427 23.0159,
	23.4566 23.0296,
	23.4685 23.0455,
	23.4779 23.0635,
	23.485 23.0829,
	23.4892 23.1033,
	23.4906 23.1242,
	23.4892 23.1451,
	23.485 23.1656,
	23.4779 23.1849,
	23.4685 23.2029,
	23.4566 23.2188,
	23.4427 23.2325,
	23.4272 23.2434,
	23.4103 23.2515,
	23.3925 23.2563,
	"/>
</Transform>

<Transform dim="0"
 xcoef=" 0 1 0 0 0 0"
 ycoef=" 0 0 1 0 0 0">
<Contour name="d39" hidden="false" closed="true" simplified="true" border="0 0 0" fill="0 0 0" mode="11"
 points="10.5551 28.2604,
	10.5137 28.2565,
	10.4929 28.2527,
	10.4515 28.2359,
	10.4424 28.2306,
	10.4398 28.2281,
	10.4373 28.2281,
	10.4178 28.2112,
	10.4126 28.2061,
	10.3958 28.1918,
	10.3932 28.1879,
	10.388 28.1853,
	10.379 28.1762,
	10.3777 28.1711,
	10.3699 28.162,
	10.3647 28.1543,
	10.3621 28.1517,
	10.3621 28.1491,
	10.3557 28.14,
	10.3518 28.1348,
	10.3518 28.1322,
	10.3453 28.1258,
	10.3453 28.1232,
	10.3401 28.118,
	10.3401 28.1154,
	10.3324 28.1064,
	10.3285 28.1024,
	10.3285 28.0999,
	10.3233 28.096,
	10.3194 28.0869,
	10.3116 28.0792,
	10.3116 28.0765,
	10.2961 28.0635,
	10.2922 28.0584,
	10.2896 28.0571,
	10.2896 28.0545,
	10.2806 28.0442,
	10.278 28.0416,
	10.2767 28.0364,
	10.2741 28.0338,
	10.2728 28.0235,
	10.2598 27.982,
	10.2585 27.9768,
	10.2559 27.9755,
	10.2559 27.9704,
	10.2391 27.9289,
	10.2378 27.9082,
	10.2378 27.8978,
	10.2378 27.8926,
	10.2378 27.8913,
	10.2378 27.89,
	10.2417 27.8797,
	10.2482 27.8706,
	10.2508 27.8668,
	10.2534 27.8655,
	10.2534 27.8628,
	10.2598 27.8525,
	10.2624 27.8473,
	10.2624 27.8447,
	10.2663 27.8396,
	10.2728 27.8188,
	10.2767 27.8149,
	10.2896 27.7735,
	10.2896 27.7684,
	10.2935 27.7631,
	10.2948 27.758,
	10.3013 27.7501,
	10.3103 27.7424,
	10.3246 27.723,
	10.3285 27.7191,
	10.3298 27.7139,
	10.3362 27.7036,
	10.3453 27.6829,
	10.3453 27.6776,
	10.3492 27.6674,
	10.3505 27.6466,
	10.3492 27.6051,
	10.3505 27.5845,
	10.3544 27.5741,
	10.3673 27.5534,
	10.3855 27.5352,
	10.4036 27.5197,
	10.4088 27.5184,
	10.4114 27.5145,
	10.4308 27.5003,
	10.4411 27.4937,
	10.4424 27.4912,
	10.4476 27.4899,
	10.4567 27.4822,
	10.4606 27.4782,
	10.4632 27.4782,
	10.4683 27.4731,
	10.4878 27.4601,
	10.4968 27.451,
	10.4968 27.4484,
	10.5059 27.438,
	10.5175 27.4174,
	10.5266 27.398,
	10.5357 27.3889,
	10.5396 27.3837,
	10.5422 27.3837,
	10.5512 27.3759,
	10.5564 27.3721,
	10.559 27.3721,
	10.5616 27.3682,
	10.5668 27.3668,
	10.5758 27.3604,
	10.5823 27.3552,
	10.5849 27.3552,
	10.5901 27.35,
	10.5927 27.3487,
	10.5927 27.3461,
	10.6108 27.328,
	10.6134 27.328,
	10.6328 27.3151,
	10.6432 27.3112,
	10.6483 27.3098,
	10.6509 27.3098,
	10.6535 27.3073,
	10.6561 27.3073,
	10.6587 27.3047,
	10.6639 27.3047,
	10.6691 27.3008,
	10.6742 27.3008,
	10.6846 27.2956,
	10.6898 27.293,
	10.7105 27.2904,
	10.7209 27.2904,
	10.7312 27.293,
	10.7416 27.2995,
	10.7468 27.3034,
	10.7662 27.3073,
	10.7714 27.3073,
	10.7817 27.3034,
	10.8232 27.3021,
	10.8439 27.2995,
	10.8491 27.2995,
	10.8698 27.293,
	10.9112 27.2917,
	10.932 27.2956,
	10.9371 27.2995,
	10.9475 27.3008,
	10.9501 27.3034,
	10.9604 27.3073,
	10.9682 27.3138,
	10.9721 27.3164,
	10.9747 27.3164,
	10.9799 27.3202,
	11.0628 27.328,
	11.0731 27.3319,
	11.0834 27.3332,
	11.1042 27.3397,
	11.1055 27.3423,
	11.1159 27.3449,
	11.1185 27.3474,
	11.121 27.3474,
	11.1223 27.35,
	11.1276 27.3513,
	11.1366 27.3591,
	11.1391 27.3617,
	11.1391 27.3642,
	11.1431 27.3695,
	11.1431 27.3721,
	11.1457 27.3746,
	11.1469 27.3798,
	11.1469 27.3824,
	11.1495 27.385,
	11.156 27.4057,
	11.156 27.4109,
	11.1625 27.4316,
	11.1663 27.442,
	11.1676 27.4471,
	11.1676 27.4497,
	11.1703 27.4523,
	11.1729 27.4627,
	11.1742 27.4679,
	11.1897 27.4873,
	11.2001 27.495,
	11.2078 27.5028,
	11.213 27.508,
	11.2298 27.5222,
	11.2337 27.5275,
	11.2337 27.53,
	11.2467 27.5481,
	11.2467 27.5507,
	11.2583 27.5715,
	11.2635 27.5819,
	11.2661 27.5922,
	11.2686 27.5974,
	11.2726 27.6181,
	11.2739 27.6595,
	11.2739 27.6803,
	11.2764 27.701,
	11.2764 27.7061,
	11.2764 27.7088,
	11.279 27.7114,
	11.2803 27.7217,
	11.2894 27.7424,
	11.2907 27.7476,
	11.2945 27.7528,
	11.2971 27.7631,
	11.3024 27.7735,
	11.3024 27.7786,
	11.3049 27.7813,
	11.3075 27.7916,
	11.3075 27.7968,
	11.3101 27.802,
	11.3101 27.8046,
	11.3127 27.8071,
	11.314 27.8279,
	11.3075 27.8383,
	11.2985 27.846,
	11.2933 27.8499,
	11.2829 27.8538,
	11.2777 27.8577,
	11.2752 27.8577,
	11.2726 27.8603,
	11.27 27.8603,
	11.2635 27.8641,
	11.2441 27.8745,
	11.2337 27.881,
	11.2286 27.8849,
	11.2246 27.8862,
	11.2065 27.9043,
	11.2014 27.9251,
	11.2014 27.9353,
	11.2014 27.9406,
	11.2052 27.951,
	11.2091 27.9716,
	11.2116 27.982,
	11.2116 27.9923,
	11.2065 28.0131,
	11.2065 28.0338,
	11.2039 28.039,
	11.2039 28.0416,
	11.2014 28.0442,
	11.2001 28.0493,
	11.2001 28.052,
	11.1974 28.0533,
	11.1961 28.0584,
	11.1793 28.0752,
	11.1703 28.0817,
	11.1663 28.0869,
	11.1638 28.0869,
	11.1457 28.105,
	11.1262 28.1192,
	11.1159 28.1245,
	11.0744 28.1296,
	11.0537 28.1335,
	11.0433 28.1374,
	11.033 28.1387,
	11.0226 28.1426,
	11.0123 28.1439,
	11.0071 28.1464,
	11.0019 28.1464,
	10.9967 28.1491,
	10.976 28.153,
	10.9345 28.1555,
	10.8931 28.1555,
	10.8517 28.1607,
	10.8309 28.1659,
	10.8206 28.1672,
	10.8154 28.1672,
	10.8128 28.1698,
	10.8025 28.1724,
	10.7999 28.1749,
	10.7791 28.1815,
	10.7688 28.1828,
	10.7662 28.1853,
	10.7558 28.1879,
	10.7506 28.1892,
	10.7494 28.1918,
	10.739 28.1944,
	10.7286 28.1996,
	10.7079 28.2047,
	10.6976 28.2087,
	10.6924 28.2112,
	10.6846 28.2112,
	10.6833 28.2138,
	10.6626 28.2177,
	10.6432 28.2281,
	10.638 28.2319,
	10.6328 28.2332,
	10.6302 28.2332,
	10.6276 28.2359,
	10.625 28.2359,
	10.6224 28.2384,
	10.6121 28.2397,
	10.6017 28.2449,
	10.5914 28.2474,
	10.5862 28.2501,
	10.581 28.2501,
	10.5758 28.254,
	"/>
</Transform>

<Transform dim="0"
 xcoef=" 0 1 0 0 0 0"
 ycoef=" 0 0 1 0 0 0">
<Contour name="d56" hidden="false" closed="true" simplified="true" border="0 0 0" fill="0 0 0" mode="11"
 points="23.7642 23.725,
	23.7276 23.709,
	23.7094 23.7034,
	23.691 23.6953,
	23.682 23.6931,
	23.6465 23.6771,
	23.6282 23.669,
	23.6191 23.6656,
	23.6008 23.6542,
	23.5916 23.6508,
	23.5734 23.6382,
	23.5643 23.6314,
	23.5482 23.6131,
	23.5403 23.604,
	23.538 23.6017,
	23.538 23.5993,
	23.5083 23.5628,
	23.49 23.5469,
	23.49 23.5446,
	23.474 23.5285,
	23.4603 23.5103,
	23.4512 23.492,
	23.4454 23.4828,
	23.4329 23.4463,
	23.4295 23.4417,
	23.4238 23.4235,
	23.4227 23.4189,
	23.4192 23.4143,
	23.4169 23.4052,
	23.4124 23.396,
	23.4124 23.3938,
	23.4101 23.3915,
	23.4078 23.3823,
	23.4043 23.3778,
	23.3986 23.3595,
	23.3941 23.3504,
	23.3895 23.3321,
	23.3872 23.3275,
	23.3861 23.3184,
	23.3838 23.3138,
	23.3838 23.3092,
	23.378 23.291,
	23.3746 23.2726,
	23.3746 23.2681,
	23.3724 23.2635,
	23.3724 23.2589,
	23.3701 23.2544,
	23.3689 23.2361,
	23.3701 23.2179,
	23.3735 23.2087,
	23.3758 23.2042,
	23.3849 23.1973,
	23.4032 23.1869,
	23.4124 23.1801,
	23.4249 23.1619,
	23.4398 23.1253,
	23.4443 23.107,
	23.4466 23.0887,
	23.4454 23.0704,
	23.4398 23.0614,
	23.4317 23.0522,
	23.4227 23.0453,
	23.418 23.0408,
	23.3998 23.0304,
	23.3815 23.0236,
	23.3724 23.0214,
	23.3678 23.0214,
	23.3655 23.0202,
	23.3643 23.0385,
	23.3667 23.0567,
	23.3655 23.075,
	23.3643 23.0842,
	23.3643 23.0887,
	23.3643 23.0911,
	23.362 23.0933,
	23.3609 23.1024,
	23.353 23.1208,
	23.3518 23.1253,
	23.3495 23.1276,
	23.3483 23.1322,
	23.3335 23.1493,
	23.3164 23.1653,
	23.3072 23.171,
	23.2981 23.1732,
	23.2799 23.1676,
	23.2752 23.1642,
	23.273 23.1595,
	23.2684 23.1561,
	23.2662 23.1516,
	23.2615 23.1482,
	23.2593 23.1435,
	23.2421 23.1264,
	23.233 23.1173,
	23.2296 23.1127,
	23.2273 23.1116,
	23.2262 23.107,
	23.2158 23.0887,
	23.2113 23.0796,
	23.2055 23.0614,
	23.2021 23.0522,
	23.1987 23.0339,
	23.1965 23.0248,
	23.1941 23.0202,
	23.193 23.0111,
	23.1884 23.0019,
	23.1827 22.9836,
	23.1747 22.9654,
	23.169 22.9471,
	23.1644 22.938,
	23.1621 22.9288,
	23.1621 22.9242,
	23.1621 22.922,
	23.1621 22.9208,
	23.169 22.9117,
	23.1736 22.9025,
	23.2067 22.8683,
	23.2215 22.85,
	23.2387 22.8317,
	23.2478 22.8226,
	23.2662 22.8111,
	23.2752 22.8055,
	23.2844 22.8031,
	23.3027 22.794,
	23.3118 22.7905,
	23.3483 22.7826,
	23.3849 22.786,
	23.4032 22.7894,
	23.4398 22.7883,
	23.458 22.7871,
	23.4672 22.786,
	23.5037 22.7711,
	23.5129 22.7655,
	23.5151 22.7632,
	23.5197 22.7632,
	23.5289 22.7563,
	23.5471 22.746,
	23.5563 22.7426,
	23.6294 22.7437,
	23.666 22.7426,
	23.6751 22.7392,
	23.6842 22.738,
	23.7025 22.7311,
	23.7117 22.7277,
	23.7208 22.7221,
	23.7231 22.7198,
	23.7254 22.7198,
	23.7265 22.7174,
	23.7288 22.7174,
	23.7333 22.714,
	23.7517 22.7084,
	23.7699 22.7084,
	23.8065 22.7163,
	23.8156 22.7186,
	23.8178 22.7186,
	23.8225 22.7221,
	23.8956 22.7392,
	23.9321 22.7518,
	23.9413 22.7552,
	23.9458 22.7563,
	23.9504 22.7597,
	23.9687 22.7632,
	23.9869 22.7689,
	24.0053 22.7792,
	24.0144 22.786,
	24.019 22.7871,
	24.0555 22.8111,
	24.0647 22.8168,
	24.0692 22.8203,
	24.0715 22.8203,
	24.0898 22.834,
	24.0944 22.8352,
	24.1126 22.8476,
	24.1218 22.8511,
	24.1263 22.8557,
	24.1355 22.858,
	24.14 22.8614,
	24.1446 22.8626,
	24.1629 22.8739,
	24.172 22.882,
	24.1766 22.8842,
	24.1812 22.8888,
	24.2178 22.9083,
	24.2268 22.9117,
	24.2314 22.9128,
	24.268 22.9334,
	24.2714 22.9368,
	24.2737 22.9368,
	24.3103 22.9607,
	24.3194 22.9677,
	24.3377 22.978,
	24.3559 22.9917,
	24.3606 22.9939,
	24.3651 22.9985,
	24.4016 23.0191,
	24.4199 23.0293,
	24.4245 23.0328,
	24.4337 23.0339,
	24.4382 23.0373,
	24.4474 23.0396,
	24.4519 23.0408,
	24.4564 23.0442,
	24.4587 23.0464,
	24.4611 23.0464,
	24.4702 23.0522,
	24.4748 23.0556,
	24.4839 23.0579,
	24.5022 23.067,
	24.5068 23.0693,
	24.5147 23.0773,
	24.5147 23.0796,
	24.5193 23.0819,
	24.5273 23.0899,
	24.5479 23.1264,
	24.5605 23.1447,
	24.5765 23.163,
	24.5821 23.1813,
	24.5855 23.1995,
	24.5879 23.2361,
	24.5867 23.2452,
	24.5867 23.2498,
	24.5765 23.2681,
	24.5639 23.2863,
	24.5581 23.2955,
	24.5547 23.3,
	24.5536 23.3047,
	24.549 23.3081,
	24.5399 23.3263,
	24.5342 23.3355,
	24.5308 23.34,
	24.5295 23.3446,
	24.4999 23.3801,
	24.4885 23.3983,
	24.4805 23.4167,
	24.4771 23.4257,
	24.4748 23.4303,
	24.4748 23.4349,
	24.4679 23.4532,
	24.4634 23.4714,
	24.4564 23.4897,
	24.445 23.508,
	24.4393 23.5172,
	24.4302 23.5262,
	24.4177 23.5446,
	24.4005 23.5628,
	24.3822 23.5743,
	24.364 23.58,
	24.3593 23.5834,
	24.3228 23.5937,
	24.3137 23.5959,
	24.3046 23.6017,
	24.2954 23.6051,
	24.2588 23.6279,
	24.2543 23.6325,
	24.236 23.6428,
	24.2178 23.6553,
	24.1994 23.66,
	24.1903 23.6634,
	24.1857 23.6634,
	24.1675 23.6702,
	24.1583 23.6782,
	24.1412 23.6897,
	24.1344 23.6987,
	24.1297 23.7022,
	24.1206 23.7045,
	24.084 23.7056,
	24.0749 23.7079,
	24.0703 23.709,
	24.0681 23.709,
	24.0635 23.7124,
	24.0613 23.7124,
	24.0566 23.716,
	24.0521 23.7171,
	24.0476 23.7205,
	24.0292 23.7228,
	24.011 23.7228,
	23.9927 23.7194,
	23.9744 23.7136,
	23.9653 23.7113,
	23.9606 23.709,
	23.9516 23.7079,
	23.9424 23.7045,
	23.9241 23.7011,
	23.9059 23.6999,
	23.8693 23.7011,
	23.851 23.7045,
	23.8144 23.7171,
	23.8099 23.7171,
	23.7917 23.7239,
	23.7733 23.725,
	"/>
</Transform>

<Transform dim="0"
 xcoef=" 0 1 0 0 0 0"
 ycoef=" 0 0 1 0 0 0">
<Contour name="d39sp25" hidden="false" closed="true" simplified="true" border="1 0 0" fill="1 0 0" mode="11"
 points="11.5958 28.1548,
	11.586 28.1511,
	11.5835 28.1473,
	11.5785 28.1461,
	11.5736 28.1412,
	11.5711 28.1412,
	11.5526 28.1264,
	11.5427 28.1202,
	11.5415 28.1177,
	11.539 28.1177,
	11.5365 28.114,
	11.5341 28.114,
	11.5255 28.1079,
	11.5229 28.1041,
	11.5057 28.0918,
	11.4983 28.0844,
	11.4884 28.0757,
	11.4736 28.0585,
	11.4674 28.0499,
	11.4588 28.0412,
	11.4464 28.024,
	11.4403 28.014,
	11.4316 28.0041,
	11.4193 27.9844,
	11.4193 27.982,
	11.4156 27.977,
	11.4094 27.9573,
	11.4094 27.9177,
	11.4106 27.898,
	11.4119 27.8881,
	11.4144 27.8832,
	11.4144 27.8782,
	11.4205 27.8585,
	11.4217 27.8388,
	11.4205 27.819,
	11.4144 27.7992,
	11.4144 27.7943,
	11.4069 27.7745,
	11.4069 27.7721,
	11.4044 27.7696,
	11.3983 27.7498,
	11.3983 27.7449,
	11.3933 27.735,
	11.3933 27.7301,
	11.3699 27.6918,
	11.3674 27.6893,
	11.3637 27.6794,
	11.3612 27.6782,
	11.3612 27.6733,
	11.3576 27.6684,
	11.3513 27.6486,
	11.3489 27.6289,
	11.3464 27.619,
	11.344 27.5794,
	11.3377 27.54,
	11.3341 27.5301,
	11.3328 27.5202,
	11.3304 27.5177,
	11.3279 27.5078,
	11.3229 27.498,
	11.3229 27.4956,
	11.3168 27.4857,
	11.3131 27.482,
	11.3118 27.477,
	11.3032 27.4672,
	11.2995 27.4622,
	11.297 27.4609,
	11.2958 27.456,
	11.2909 27.4523,
	11.2884 27.4474,
	11.286 27.4449,
	11.2847 27.44,
	11.2822 27.4388,
	11.281 27.4338,
	11.2773 27.4289,
	11.2748 27.419,
	11.2748 27.3794,
	11.2748 27.3745,
	11.2748 27.3733,
	11.281 27.3536,
	11.2834 27.3486,
	11.286 27.3461,
	11.286 27.3437,
	11.2896 27.3387,
	11.2909 27.3338,
	11.2945 27.3289,
	11.2945 27.3264,
	11.297 27.3252,
	11.2995 27.3165,
	11.302 27.3116,
	11.302 27.3066,
	11.3057 27.2968,
	11.3081 27.2918,
	11.3081 27.2893,
	11.3144 27.2807,
	11.318 27.277,
	11.318 27.2745,
	11.3341 27.2609,
	11.3538 27.2461,
	11.3588 27.2449,
	11.3625 27.2412,
	11.3674 27.24,
	11.3724 27.235,
	11.3773 27.2338,
	11.3872 27.2264,
	11.3896 27.2239,
	11.3921 27.2239,
	11.402 27.2165,
	11.4094 27.2116,
	11.4193 27.2029,
	11.4217 27.2029,
	11.4267 27.198,
	11.4452 27.1869,
	11.4501 27.1857,
	11.46 27.1794,
	11.4785 27.1709,
	11.4872 27.1646,
	11.4921 27.1634,
	11.4971 27.1597,
	11.5069 27.156,
	11.5168 27.1498,
	11.5217 27.1486,
	11.5255 27.1449,
	11.5353 27.1412,
	11.5403 27.1375,
	11.5427 27.1375,
	11.5588 27.1214,
	11.5649 27.1128,
	11.5748 27.1066,
	11.5896 27.1066,
	11.5983 27.1128,
	11.6032 27.1226,
	11.6044 27.1425,
	11.6057 27.1523,
	11.6093 27.1622,
	11.6168 27.1709,
	11.6365 27.1696,
	11.6464 27.1684,
	11.6489 27.1684,
	11.6513 27.1659,
	11.66 27.1634,
	11.6699 27.1573,
	11.6785 27.1474,
	11.6823 27.1437,
	11.6896 27.1042,
	11.6921 27.0942,
	11.6933 27.0893,
	11.6933 27.0869,
	11.6959 27.0844,
	11.6959 27.0819,
	11.6983 27.0794,
	11.6983 27.0745,
	11.702 27.0646,
	11.7032 27.0597,
	11.7057 27.0573,
	11.7057 27.0548,
	11.7081 27.0523,
	11.7093 27.0474,
	11.7131 27.0425,
	11.7143 27.0387,
	11.7193 27.0362,
	11.7229 27.0313,
	11.7328 27.0277,
	11.7526 27.0264,
	11.7625 27.0277,
	11.7809 27.0399,
	11.7809 27.0425,
	11.786 27.0461,
	11.7995 27.0659,
	11.8069 27.0745,
	11.8093 27.077,
	11.8093 27.0794,
	11.818 27.0881,
	11.8304 27.1054,
	11.8328 27.1153,
	11.8328 27.1251,
	11.8267 27.1449,
	11.8156 27.1634,
	11.802 27.1832,
	11.7995 27.1881,
	11.7971 27.1893,
	11.7971 27.1918,
	11.7809 27.2103,
	11.7736 27.219,
	11.7539 27.2362,
	11.7452 27.2449,
	11.7403 27.2474,
	11.7377 27.251,
	11.7193 27.2658,
	11.7107 27.2733,
	11.7057 27.277,
	11.7044 27.282,
	11.6959 27.2918,
	11.6921 27.3116,
	11.6933 27.351,
	11.6945 27.3609,
	11.6933 27.3709,
	11.6896 27.3794,
	11.6872 27.3844,
	11.6847 27.3869,
	11.6797 27.4066,
	11.6785 27.4461,
	11.6785 27.4658,
	11.6773 27.4758,
	11.6736 27.4857,
	11.6736 27.4906,
	11.6687 27.5005,
	11.6563 27.54,
	11.6489 27.5794,
	11.6464 27.5992,
	11.644 27.6092,
	11.644 27.6141,
	11.6415 27.619,
	11.6255 27.698,
	11.618 27.7375,
	11.6144 27.7573,
	11.6119 27.7672,
	11.6119 27.7869,
	11.6119 27.7968,
	11.6205 27.8362,
	11.6205 27.8412,
	11.6242 27.8511,
	11.6255 27.856,
	11.6292 27.8609,
	11.6304 27.8659,
	11.6341 27.8708,
	11.6365 27.8721,
	11.6377 27.877,
	11.6513 27.8968,
	11.6526 27.9017,
	11.6588 27.9116,
	11.6625 27.9165,
	11.6687 27.956,
	11.6711 28.035,
	11.6736 28.0745,
	11.6736 28.0943,
	11.6736 28.0992,
	11.6736 28.1017,
	11.6711 28.1041,
	11.6711 28.1067,
	11.6687 28.1091,
	11.6687 28.1116,
	11.6637 28.1153,
	11.6576 28.124,
	11.6391 28.1412,
	11.6304 28.1486,
	11.6255 28.1523,
	11.6156 28.1548,
	"/>
</Transform>

<Transform dim="0"
 xcoef=" 0 1 0 0 0 0"
 ycoef=" 0 0 1 0 0 0">
<Contour name="d56p19" hidden="false" closed="true" simplified="true" border="1 0 0" fill="1 0 0" mode="11"
 points="24.1651 22.9397,
	24.149 22.9236,
	24.1651 22.9074,
	24.1813 22.9236,
	"/>
</Transform>

<Transform dim="0"
 xcoef=" 0 1 0 0 0 0"
 ycoef=" 0 0 1 0 0 0">
<Contour name="d56p18" hidden="false" closed="true" simplified="true" border="1 0 0" fill="1 0 0" mode="11"
 points="23.467 23.0328,
	23.4493 23.0004,
	23.4846 23.0004,
	"/>
</Transform>

<Transform dim="0"
 xcoef=" 0 1 0 0 0 0"
 ycoef=" 0 0 1 0 0 0">
<Contour name="d56sp19" hidden="false" closed="true" simplified="true" border="1 0 0" fill="1 0 0" mode="11"
 points="24.4354 23.0412,
	24.43 23.0392,
	24.4273 23.0379,
	24.4259 23.0365,
	24.4206 23.0345,
	24.4151 23.031,
	24.4124 23.0304,
	24.4111 23.029,
	24.4097 23.029,
	24.3996 23.0223,
	24.3969 23.021,
	24.3955 23.021,
	24.3942 23.019,
	24.3915 23.0175,
	24.3902 23.0162,
	24.3874 23.0155,
	24.3827 23.0121,
	24.3813 23.0121,
	24.3766 23.0088,
	24.3753 23.0074,
	24.3725 23.0068,
	24.3618 23,
	24.359 22.9979,
	24.3576 22.9979,
	24.3529 22.9939,
	24.3502 22.9932,
	24.3312 22.979,
	24.3299 22.979,
	24.3259 22.9749,
	24.3232 22.9742,
	24.3178 22.9702,
	24.3123 22.9675,
	24.3097 22.9655,
	24.307 22.9648,
	24.3015 22.96,
	24.2988 22.9594,
	24.2934 22.9553,
	24.2921 22.9553,
	24.2866 22.9506,
	24.2839 22.95,
	24.2786 22.9458,
	24.2772 22.9458,
	24.2766 22.9445,
	24.2738 22.9438,
	24.2711 22.9411,
	24.2697 22.9411,
	24.2482 22.9283,
	24.2468 22.9269,
	24.244 22.9269,
	24.24 22.9229,
	24.2373 22.9222,
	24.217 22.9101,
	24.2062 22.9032,
	24.2035 22.9026,
	24.1981 22.8992,
	24.1927 22.8979,
	24.1819 22.8918,
	24.1805 22.8905,
	24.1792 22.8905,
	24.1778 22.889,
	24.1751 22.8884,
	24.1656 22.8823,
	24.163 22.8803,
	24.1602 22.8796,
	24.1386 22.8668,
	24.1379 22.8654,
	24.1352 22.8654,
	24.1304 22.8621,
	24.1291 22.8606,
	24.1277 22.8606,
	24.1176 22.8539,
	24.1162 22.8539,
	24.1142 22.8519,
	24.1115 22.8512,
	24.1088 22.8492,
	24.1075 22.8492,
	24.1055 22.8471,
	24.1027 22.8465,
	24.0973 22.8431,
	24.0872 22.8384,
	24.0858 22.8371,
	24.0804 22.835,
	24.0696 22.8282,
	24.0642 22.8249,
	24.0615 22.8229,
	24.0588 22.8222,
	24.0567 22.8202,
	24.0554 22.8202,
	24.0527 22.8181,
	24.0514 22.8181,
	24.0459 22.8147,
	24.0432 22.8127,
	24.0419 22.8127,
	24.0365 22.8093,
	24.0338 22.8087,
	24.0324 22.8073,
	24.031 22.8073,
	24.0304 22.806,
	24.029 22.806,
	24.0283 22.8045,
	24.023 22.8025,
	24.0216 22.8025,
	24.0121 22.7958,
	23.9905 22.7829,
	23.9797 22.7769,
	23.979 22.7761,
	23.9844 22.7741,
	23.9891 22.7708,
	23.9946 22.7687,
	23.9999 22.7654,
	24.0216 22.7592,
	24.027 22.7572,
	24.0297 22.7566,
	24.0317 22.7545,
	24.0331 22.7545,
	24.0385 22.745,
	24.0473 22.7235,
	24.0494 22.718,
	24.05 22.7153,
	24.0541 22.7099,
	24.0541 22.7086,
	24.0594 22.7051,
	24.0703 22.7024,
	24.0723 22.7011,
	24.0743 22.6984,
	24.0757 22.693,
	24.0757 22.6822,
	24.0784 22.6767,
	24.0811 22.674,
	24.0885 22.6653,
	24.096 22.6551,
	24.1007 22.6443,
	24.104 22.6335,
	24.1062 22.6308,
	24.1068 22.6254,
	24.1088 22.6199,
	24.1109 22.6172,
	24.1257 22.574,
	24.1277 22.5686,
	24.1284 22.5659,
	24.1298 22.5646,
	24.1304 22.5591,
	24.1325 22.5564,
	24.1346 22.551,
	24.1406 22.5422,
	24.1453 22.5368,
	24.1541 22.528,
	24.1555 22.528,
	24.1575 22.5253,
	24.1623 22.5226,
	24.165 22.5199,
	24.1758 22.5152,
	24.1812 22.5131,
	24.1825 22.5131,
	24.1832 22.5118,
	24.1859 22.5118,
	24.1872 22.5105,
	24.1981 22.5071,
	24.2035 22.5057,
	24.2062 22.5043,
	24.2089 22.5043,
	24.2116 22.503,
	24.2224 22.501,
	24.2333 22.501,
	24.2387 22.5016,
	24.244 22.5043,
	24.2482 22.5078,
	24.2555 22.5172,
	24.2589 22.5226,
	24.261 22.5253,
	24.2617 22.528,
	24.263 22.5287,
	24.2637 22.5314,
	24.2657 22.5334,
	24.2657 22.5347,
	24.2677 22.5375,
	24.2684 22.5402,
	24.2718 22.5449,
	24.2738 22.5504,
	24.2759 22.5531,
	24.2779 22.5584,
	24.2779 22.5611,
	24.2819 22.5713,
	24.2826 22.5767,
	24.2866 22.5875,
	24.288 22.5983,
	24.2908 22.6092,
	24.2921 22.6146,
	24.2921 22.6172,
	24.2934 22.6186,
	24.2941 22.6241,
	24.3015 22.6456,
	24.3022 22.6511,
	24.317 22.6944,
	24.3178 22.6971,
	24.3198 22.6998,
	24.3212 22.7051,
	24.3218 22.7079,
	24.3232 22.7086,
	24.3265 22.7193,
	24.3312 22.7302,
	24.3312 22.7315,
	24.3327 22.7329,
	24.334 22.7383,
	24.3347 22.741,
	24.3367 22.7437,
	24.3401 22.7545,
	24.3414 22.7599,
	24.3441 22.7654,
	24.3441 22.7681,
	24.3482 22.7789,
	24.3496 22.7803,
	24.3489 22.7816,
	24.3536 22.7924,
	24.3543 22.7978,
	24.3563 22.8032,
	24.3563 22.8045,
	24.3576 22.806,
	24.3597 22.8276,
	24.3597 22.8384,
	24.3611 22.8492,
	24.3631 22.8546,
	24.3631 22.8573,
	24.3631 22.8586,
	24.3644 22.86,
	24.3644 22.8628,
	24.3718 22.8843,
	24.3738 22.8897,
	24.376 22.8925,
	24.378 22.8979,
	24.3813 22.9032,
	24.3833 22.908,
	24.3854 22.9101,
	24.3854 22.9114,
	24.3867 22.9127,
	24.3874 22.9154,
	24.3915 22.9202,
	24.3942 22.9256,
	24.3955 22.9269,
	24.3975 22.9323,
	24.3989 22.9338,
	24.4009 22.9385,
	24.4016 22.9438,
	24.403 22.9452,
	24.403 22.948,
	24.4064 22.958,
	24.4077 22.9635,
	24.4091 22.9648,
	24.4091 22.9675,
	24.4104 22.9689,
	24.4104 22.9716,
	24.4192 22.9932,
	24.4239 23.0026,
	24.4259 23.0081,
	24.4273 23.0095,
	24.4273 23.0108,
	24.4286 23.0115,
	24.4293 23.0168,
	24.4341 23.0277,
	24.4361 23.0385,
	"/>
</Transform>

<Transform dim="0"
 xcoef=" 0 1 0 0 0 0"
 ycoef=" 0 0 1 0 0 0">
<Contour name="d38sp14" hidden="false" closed="true" simplified="true" border="1 0 0" fill="1 0 0" mode="11"
 points="21.1366 23.8753,
	21.1297 23.8744,
	21.1263 23.8727,
	21.1195 23.8719,
	21.116 23.8711,
	21.1143 23.8693,
	21.1075 23.8676,
	21.1041 23.865,
	21.1007 23.865,
	21.0939 23.8616,
	21.0904 23.8591,
	21.087 23.8582,
	21.0802 23.853,
	21.0768 23.853,
	21.0742 23.8496,
	21.0708 23.848,
	21.0691 23.8463,
	21.0674 23.8463,
	21.0648 23.8437,
	21.064 23.8419,
	21.0605 23.8411,
	21.0537 23.836,
	21.0503 23.8351,
	21.0451 23.83,
	21.0417 23.8292,
	21.035 23.8232,
	21.0289 23.8189,
	21.0289 23.8172,
	21.0255 23.8164,
	21.0144 23.8069,
	20.9896 23.783,
	20.9862 23.7804,
	20.982 23.7745,
	20.9803 23.771,
	20.9803 23.7676,
	20.9786 23.7642,
	20.9777 23.7369,
	20.9777 23.7301,
	20.9777 23.7293,
	20.9803 23.7258,
	20.9811 23.719,
	20.9828 23.7173,
	20.9923 23.6899,
	20.9973 23.6763,
	20.9982 23.6729,
	21.0024 23.666,
	21.005 23.6592,
	21.0093 23.6523,
	21.0136 23.6387,
	21.0161 23.6353,
	21.0161 23.6336,
	21.0281 23.6224,
	21.0315 23.6199,
	21.0332 23.6182,
	21.0468 23.6165,
	21.0503 23.6157,
	21.052 23.6139,
	21.0529 23.5865,
	21.0546 23.573,
	21.0588 23.5593,
	21.0613 23.5558,
	21.0887 23.5541,
	21.116 23.5549,
	21.1195 23.5549,
	21.1263 23.5575,
	21.1536 23.5601,
	21.1604 23.5583,
	21.1639 23.5575,
	21.1656 23.5575,
	21.1724 23.5524,
	21.1852 23.5473,
	21.2126 23.5448,
	21.2262 23.5456,
	21.2331 23.5473,
	21.2348 23.549,
	21.2416 23.5499,
	21.2485 23.5524,
	21.2502 23.5524,
	21.2527 23.5549,
	21.2664 23.5601,
	21.2732 23.5627,
	21.2767 23.5644,
	21.2801 23.5644,
	21.2818 23.5678,
	21.2835 23.5678,
	21.2843 23.5695,
	21.2877 23.5703,
	21.2937 23.5763,
	21.2971 23.5772,
	21.304 23.5823,
	21.3287 23.5968,
	21.3415 23.6071,
	21.3518 23.6174,
	21.3535 23.6199,
	21.3646 23.631,
	21.3655 23.6344,
	21.3714 23.6387,
	21.3851 23.6404,
	21.3885 23.6404,
	21.392 23.6421,
	21.3954 23.6421,
	21.3971 23.6438,
	21.3988 23.6438,
	21.4022 23.6464,
	21.404 23.6481,
	21.4057 23.6481,
	21.4065 23.6498,
	21.4082 23.6498,
	21.409 23.6515,
	21.4107 23.6515,
	21.4133 23.654,
	21.415 23.654,
	21.427 23.6635,
	21.4295 23.6652,
	21.4347 23.6719,
	21.4364 23.6754,
	21.4364 23.6788,
	21.4398 23.6856,
	21.4406 23.6891,
	21.4423 23.6908,
	21.4432 23.6942,
	21.4467 23.6976,
	21.4484 23.6993,
	21.4534 23.7129,
	21.4551 23.7266,
	21.4551 23.7403,
	21.4543 23.7472,
	21.4484 23.7608,
	21.4372 23.7737,
	21.4312 23.7796,
	21.4253 23.783,
	21.4236 23.7865,
	21.4202 23.7873,
	21.4176 23.7907,
	21.4141 23.7916,
	21.4124 23.7933,
	21.409 23.7941,
	21.4022 23.7984,
	21.4005 23.7984,
	21.3988 23.8002,
	21.3954 23.801,
	21.3885 23.8052,
	21.3834 23.8103,
	21.3766 23.8155,
	21.3748 23.8172,
	21.3731 23.8172,
	21.3672 23.8215,
	21.3398 23.8292,
	21.3262 23.8326,
	21.3228 23.8343,
	21.3091 23.836,
	21.3022 23.8385,
	21.2988 23.8385,
	21.2971 23.8402,
	21.2904 23.8411,
	21.2767 23.8454,
	21.2732 23.8471,
	21.2664 23.848,
	21.2527 23.853,
	21.2458 23.8539,
	21.2322 23.8591,
	21.2254 23.8599,
	21.2117 23.865,
	21.2049 23.8659,
	21.1913 23.8701,
	21.1639 23.8744,
	"/>
</Transform>

<Transform dim="0"
 xcoef=" 0 1 0 0 0 0"
 ycoef=" 0 0 1 0 0 0">
<Contour name="d39c25" hidden="false" closed="true" simplified="true" border="0 0 1" fill="0 0 1" mode="11"
 points="11.5987 27.7669,
	11.5905 27.7627,
	11.5864 27.7617,
	11.5824 27.7587,
	11.5803 27.7587,
	11.5773 27.7547,
	11.5752 27.7537,
	11.5752 27.7516,
	11.5712 27.7485,
	11.5702 27.7445,
	11.5682 27.7435,
	11.565 27.7272,
	11.564 27.6947,
	11.564 27.6783,
	11.564 27.6753,
	11.564 27.6743,
	11.5661 27.6581,
	11.5671 27.6499,
	11.5702 27.6418,
	11.5702 27.6378,
	11.5722 27.6336,
	11.5722 27.6296,
	11.5783 27.6133,
	11.5813 27.6052,
	11.5834 27.6011,
	11.5844 27.5686,
	11.5885 27.5524,
	11.5885 27.5442,
	11.5955 27.5117,
	11.5977 27.4954,
	11.6017 27.4791,
	11.6017 27.471,
	11.6047 27.4628,
	11.6119 27.4303,
	11.619 27.4141,
	11.6261 27.4069,
	11.6342 27.4019,
	11.6362 27.3998,
	11.6404 27.3998,
	11.6444 27.3978,
	11.6606 27.3968,
	11.6769 27.3998,
	11.6851 27.4008,
	11.6931 27.4039,
	11.6973 27.4049,
	11.7033 27.41,
	11.7186 27.4243,
	11.7186 27.4263,
	11.7236 27.4334,
	11.7268 27.4415,
	11.7288 27.4578,
	11.7288 27.474,
	11.7258 27.4903,
	11.7247 27.4985,
	11.7226 27.5025,
	11.7226 27.5107,
	11.7196 27.5269,
	11.7176 27.531,
	11.7145 27.5472,
	11.7135 27.5554,
	11.7135 27.5594,
	11.7044 27.5919,
	11.7003 27.6082,
	11.6983 27.6164,
	11.6963 27.6204,
	11.6963 27.6245,
	11.6911 27.6408,
	11.6881 27.6489,
	11.6871 27.657,
	11.6769 27.6896,
	11.6739 27.6977,
	11.6739 27.7018,
	11.6698 27.7099,
	11.6688 27.718,
	11.6627 27.7343,
	11.6596 27.7425,
	11.6596 27.7445,
	11.6546 27.7526,
	11.6474 27.7587,
	11.6434 27.7617,
	11.6352 27.7627,
	11.6271 27.7659,
	11.6109 27.7669,
	"/>
</Transform>

<Transform dim="0"
 xcoef=" 0 1 0 0 0 0"
 ycoef=" 0 0 1 0 0 0">
<Contour name="d56sp18" hidden="false" closed="true" simplified="true" border="1 0 0" fill="1 0 0" mode="11"
 points="23.1642 22.9271,
	23.1637 22.9092,
	23.1637 22.9047,
	23.1637 22.9041,
	23.1648 22.9019,
	23.1648 22.8996,
	23.1688 22.8907,
	23.1699 22.8884,
	23.1699 22.8873,
	23.1727 22.8828,
	23.18 22.8649,
	23.185 22.8469,
	23.1867 22.838,
	23.1872 22.8021,
	23.1878 22.7842,
	23.1895 22.7752,
	23.1928 22.7663,
	23.1946 22.7573,
	23.1951 22.7484,
	23.1939 22.7472,
	23.1934 22.7427,
	23.1923 22.7416,
	23.1917 22.7394,
	23.1917 22.7382,
	23.1906 22.7371,
	23.1878 22.7281,
	23.1867 22.7259,
	23.1867 22.7237,
	23.1856 22.7214,
	23.1845 22.6855,
	23.1845 22.6497,
	23.1856 22.6317,
	23.1861 22.5959,
	23.1889 22.5869,
	23.1906 22.578,
	23.1917 22.5756,
	23.1928 22.5667,
	23.1928 22.5487,
	23.1957 22.5398,
	23.1979 22.5354,
	23.199 22.533,
	23.2013 22.5314,
	23.2013 22.5303,
	23.2079 22.5219,
	23.2119 22.5174,
	23.2298 22.5112,
	23.2343 22.5096,
	23.2389 22.5096,
	23.2411 22.5084,
	23.25 22.5079,
	23.2545 22.5068,
	23.2724 22.5061,
	23.2815 22.5068,
	23.2837 22.5073,
	23.2848 22.5084,
	23.2892 22.5096,
	23.2915 22.5096,
	23.2931 22.5107,
	23.2944 22.5107,
	23.2949 22.5118,
	23.3038 22.5146,
	23.306 22.5162,
	23.3072 22.5162,
	23.3084 22.5174,
	23.3106 22.5179,
	23.3189 22.5241,
	23.3217 22.528,
	23.3241 22.5297,
	23.3246 22.5319,
	23.3279 22.5359,
	23.3279 22.537,
	23.3307 22.5415,
	23.3318 22.5437,
	23.3318 22.5448,
	23.3335 22.5471,
	23.3341 22.5494,
	23.3352 22.5505,
	23.3381 22.5594,
	23.3414 22.5774,
	23.3436 22.5863,
	23.3464 22.6042,
	23.3498 22.6401,
	23.3521 22.676,
	23.3554 22.7119,
	23.3571 22.7298,
	23.3588 22.7388,
	23.3593 22.7433,
	23.3593 22.7444,
	23.3604 22.7455,
	23.3632 22.7545,
	23.3672 22.7635,
	23.3672 22.7646,
	23.3705 22.7691,
	23.3711 22.7713,
	23.3761 22.7797,
	23.3789 22.7842,
	23.3829 22.7886,
	23.3829 22.7898,
	23.384 22.7903,
	23.3846 22.7926,
	23.3756 22.7932,
	23.3576 22.791,
	23.3486 22.7898,
	23.3307 22.7903,
	23.3128 22.7949,
	23.3106 22.796,
	23.3095 22.796,
	23.3084 22.7971,
	23.306 22.7971,
	23.3016 22.7988,
	23.2994 22.8004,
	23.2815 22.8089,
	23.273 22.8139,
	23.2686 22.8161,
	23.2663 22.8167,
	23.264 22.8189,
	23.2595 22.8212,
	23.2551 22.8246,
	23.254 22.8246,
	23.2455 22.8312,
	23.245 22.8324,
	23.2439 22.8324,
	23.24 22.8363,
	23.2383 22.8375,
	23.2365 22.8397,
	23.2293 22.8458,
	23.2147 22.8615,
	23.2108 22.8655,
	23.2046 22.8733,
	23.2007 22.8778,
	23.1979 22.8812,
	23.1946 22.8856,
	23.1946 22.8867,
	23.1917 22.8907,
	23.1906 22.8913,
	23.19 22.8935,
	23.1766 22.9109,
	23.1699 22.9199,
	23.1666 22.9243,
	23.1648 22.9266,
	"/>
</Transform>

<Transform dim="0"
 xcoef=" 0 1 0 0 0 0"
 ycoef=" 0 0 1 0 0 0">
<Contour name="d63sp28" hidden="false" closed="true" simplified="true" border="1 0 0" fill="1 0 0" mode="11"
 points="20.0691 28.1717,
	20.0589 28.1679,
	20.0564 28.1672,
	20.0538 28.1653,
	20.0525 28.1653,
	20.043 28.1583,
	20.0384 28.1545,
	20.0372 28.1519,
	20.0346 28.15,
	20.034 28.1474,
	20.0308 28.1436,
	20.0295 28.141,
	20.0295 28.1385,
	20.0276 28.1366,
	20.0257 28.1264,
	20.027 28.0855,
	20.027 28.0804,
	20.0231 28.06,
	20.0218 28.0498,
	20.0218 28.0447,
	20.0218 28.044,
	20.0251 28.0338,
	20.0257 28.0312,
	20.0384 28.0115,
	20.0384 28.0102,
	20.0423 28.0051,
	20.0538 27.9859,
	20.057 27.9815,
	20.0583 27.979,
	20.0608 27.977,
	20.0608 27.9757,
	20.0646 27.9713,
	20.0659 27.9687,
	20.0671 27.9675,
	20.0685 27.9675,
	20.0819 27.9489,
	20.0889 27.94,
	20.0921 27.9355,
	20.094 27.931,
	20.0952 27.9285,
	20.0966 27.9272,
	20.0966 27.926,
	20.1004 27.9214,
	20.101 27.9189,
	20.1093 27.9094,
	20.1163 27.9017,
	20.1176 27.9004,
	20.1189 27.9004,
	20.1239 27.8966,
	20.1444 27.8889,
	20.1495 27.887,
	20.1547 27.887,
	20.1648 27.8839,
	20.17 27.8826,
	20.1801 27.8819,
	20.1903 27.8826,
	20.1955 27.8826,
	20.2006 27.8845,
	20.2031 27.8851,
	20.2057 27.887,
	20.2082 27.887,
	20.2134 27.8896,
	20.2159 27.8915,
	20.221 27.8935,
	20.2261 27.8966,
	20.228 27.8985,
	20.2293 27.8985,
	20.2389 27.9049,
	20.2433 27.9081,
	20.2446 27.9094,
	20.2459 27.9094,
	20.251 27.9138,
	20.2536 27.9145,
	20.2727 27.9317,
	20.2771 27.9355,
	20.2784 27.9375,
	20.2829 27.9413,
	20.2848 27.9438,
	20.2855 27.9451,
	20.2867 27.9451,
	20.2874 27.9464,
	20.2886 27.9464,
	20.2905 27.9489,
	20.2931 27.9503,
	20.3014 27.9585,
	20.3027 27.9585,
	20.3123 27.9668,
	20.3212 27.9738,
	20.3257 27.977,
	20.3276 27.979,
	20.3289 27.979,
	20.3314 27.9809,
	20.3339 27.9815,
	20.3385 27.9853,
	20.341 27.9866,
	20.3435 27.9891,
	20.3461 27.9897,
	20.3544 27.9968,
	20.3589 27.9994,
	20.3614 28.0019,
	20.3614 28.0032,
	20.3659 28.0071,
	20.3716 28.0172,
	20.3748 28.0274,
	20.3754 28.0478,
	20.3748 28.053,
	20.371 28.0631,
	20.3697 28.0683,
	20.3697 28.0696,
	20.3678 28.0721,
	20.3672 28.0746,
	20.3659 28.0759,
	20.3652 28.0785,
	20.3614 28.0836,
	20.3614 28.0849,
	20.357 28.0893,
	20.3557 28.0912,
	20.3461 28.0996,
	20.3435 28.1015,
	20.3429 28.1027,
	20.3404 28.1034,
	20.3301 28.1092,
	20.3282 28.1111,
	20.3257 28.1117,
	20.3205 28.1149,
	20.3155 28.1168,
	20.3129 28.1187,
	20.3027 28.1213,
	20.2976 28.1226,
	20.2874 28.1232,
	20.2823 28.1232,
	20.2771 28.1245,
	20.2746 28.1251,
	20.2695 28.1295,
	20.2644 28.1314,
	20.2625 28.1333,
	20.2523 28.1353,
	20.2318 28.1372,
	20.2115 28.141,
	20.2012 28.1429,
	20.1962 28.1429,
	20.1859 28.1455,
	20.1654 28.1474,
	20.1451 28.1467,
	20.1348 28.1474,
	20.1323 28.148,
	20.1272 28.1513,
	20.1247 28.1519,
	20.1239 28.1532,
	20.1227 28.1532,
	20.1182 28.1564,
	20.1157 28.157,
	20.1099 28.1608,
	20.1074 28.1608,
	20.0972 28.1666,
	20.0921 28.1685,
	20.0895 28.1698,
	"/>
</Transform>

<Transform dim="0"
 xcoef=" 0 1 0 0 0 0"
 ycoef=" 0 0 1 0 0 0">
<Contour name="d63sp28" hidden="false" closed="true" simplified="true" border="1 0 0" fill="1 0 0" mode="11"
 points="19.9322 27.6745,
	19.9265 27.6702,
	19.9235 27.6586,
	19.9235 27.6529,
	19.9235 27.6499,
	19.9235 27.6484,
	19.9235 27.6477,
	19.9272 27.642,
	19.9272 27.6405,
	19.93 27.6377,
	19.9308 27.6347,
	19.9351 27.6297,
	19.9358 27.6268,
	19.938 27.6239,
	19.9417 27.6123,
	19.9438 27.6064,
	19.946 27.6036,
	19.9481 27.592,
	19.9503 27.5862,
	19.951 27.5805,
	19.959 27.5572,
	19.9619 27.5456,
	19.9662 27.534,
	19.9692 27.5224,
	19.9713 27.5167,
	19.9721 27.5109,
	19.98 27.4877,
	19.9814 27.4863,
	19.9814 27.4834,
	19.9894 27.4602,
	19.9916 27.4544,
	19.9923 27.4486,
	19.9923 27.4472,
	19.9937 27.4457,
	19.9967 27.4341,
	19.9974 27.4284,
	20.001 27.4168,
	20.0025 27.4051,
	20.0025 27.3935,
	19.9989 27.3704,
	19.9967 27.3472,
	19.9952 27.3356,
	19.9959 27.3299,
	19.9974 27.3299,
	20.0053 27.3393,
	20.0148 27.3487,
	20.0184 27.3523,
	20.0184 27.3538,
	20.0285 27.3617,
	20.0336 27.3653,
	20.0386 27.3704,
	20.0445 27.3719,
	20.0502 27.3747,
	20.0561 27.3755,
	20.0677 27.3791,
	20.0908 27.3776,
	20.1024 27.3747,
	20.114 27.366,
	20.1197 27.3617,
	20.1226 27.3595,
	20.1241 27.3581,
	20.1249 27.3595,
	20.1233 27.3624,
	20.1233 27.3639,
	20.1212 27.3667,
	20.1205 27.3697,
	20.1183 27.3726,
	20.114 27.3842,
	20.114 27.3856,
	20.1125 27.3871,
	20.1111 27.3928,
	20.1096 27.3957,
	20.1096 27.4016,
	20.106 27.4248,
	20.1045 27.4363,
	20.1031 27.4421,
	20.1017 27.4436,
	20.1017 27.445,
	20.1002 27.4464,
	20.0988 27.4522,
	20.0951 27.458,
	20.0929 27.4696,
	20.0915 27.4754,
	20.0915 27.4986,
	20.0893 27.5102,
	20.0893 27.5131,
	20.0879 27.516,
	20.0879 27.5174,
	20.0806 27.529,
	20.0792 27.5319,
	20.0741 27.5362,
	20.0661 27.5456,
	20.0495 27.5674,
	20.0416 27.5789,
	20.0379 27.5848,
	20.0364 27.5855,
	20.0364 27.5869,
	20.0278 27.5971,
	20.0249 27.6,
	20.0212 27.6043,
	20.0191 27.6057,
	20.0169 27.6086,
	20.0141 27.6101,
	20.0126 27.613,
	20.0025 27.6216,
	19.9974 27.6268,
	19.993 27.6304,
	19.993 27.6318,
	19.988 27.6361,
	19.988 27.6377,
	19.9829 27.6434,
	19.9721 27.6521,
	19.9662 27.6557,
	19.9633 27.6572,
	19.9619 27.6593,
	19.951 27.6666,
	19.9452 27.6709,
	19.9424 27.6709,
	19.9409 27.6724,
	19.9351 27.6738,
	"/>
</Transform>

<Transform dim="0"
 xcoef=" 0 1 0 0 0 0"
 ycoef=" 0 0 1 0 0 0">
<Contour name="d28sp21" hidden="false" closed="true" simplified="true" border="1 0 0" fill="1 0 0" mode="11"
 points="6.382 24.4224,
	6.35852 24.4202,
	6.3409 24.4202,
	6.33503 24.4173,
	6.32549 24.407,
	6.31741 24.3836,
	6.31667 24.3806,
	6.31301 24.3748,
	6.30787 24.3697,
	6.30567 24.3666,
	6.30126 24.363,
	6.29979 24.3601,
	6.29026 24.3505,
	6.28511 24.3454,
	6.27777 24.3344,
	6.27704 24.3315,
	6.27557 24.33,
	6.27484 24.3182,
	6.27484 24.3124,
	6.27484 24.3108,
	6.27484 24.3101,
	6.27924 24.2985,
	6.28145 24.2954,
	6.28218 24.2925,
	6.28511 24.2903,
	6.28511 24.2889,
	6.28879 24.2838,
	6.29098 24.2815,
	6.29098 24.28,
	6.30053 24.2706,
	6.30567 24.2668,
	6.30787 24.2646,
	6.30934 24.2646,
	6.31521 24.2595,
	6.31667 24.2595,
	6.32182 24.2559,
	6.32402 24.2536,
	6.32549 24.2536,
	6.32622 24.2521,
	6.32769 24.2521,
	6.32843 24.2507,
	6.32989 24.2507,
	6.35265 24.2353,
	6.35852 24.2316,
	6.36145 24.2309,
	6.36659 24.2273,
	6.36952 24.225,
	6.371 24.225,
	6.37687 24.2213,
	6.38861 24.2177,
	6.39448 24.2177,
	6.39742 24.2191,
	6.40035 24.2191,
	6.40109 24.2206,
	6.42385 24.2273,
	6.44733 24.2309,
	6.4532 24.2309,
	6.45614 24.2316,
	6.46055 24.236,
	6.46349 24.2419,
	6.46275 24.2889,
	6.46275 24.3006,
	6.46642 24.3124,
	6.46642 24.3139,
	6.46789 24.3153,
	6.47155 24.3264,
	6.47376 24.3285,
	6.47376 24.33,
	6.48037 24.341,
	6.4855 24.3512,
	6.48844 24.3572,
	6.48844 24.3586,
	6.4899 24.3601,
	6.49211 24.3659,
	6.49284 24.3777,
	6.49284 24.3836,
	6.4899 24.3894,
	6.4899 24.3924,
	6.48331 24.4041,
	6.48184 24.407,
	6.48037 24.4078,
	6.47963 24.4107,
	6.47082 24.4195,
	6.46495 24.421,
	6.4532 24.421,
	6.44733 24.4181,
	6.43559 24.4144,
	6.41798 24.4144,
	6.4121 24.4173,
	6.41063 24.4173,
	6.40843 24.4195,
	6.40696 24.4195,
	6.4055 24.421,
	6.39375 24.4224,
	"/>
</Transform>

<Transform dim="0"
 xcoef=" 0 1 0 0 0 0"
 ycoef=" 0 0 1 0 0 0">
<Contour name="d63c28" hidden="false" closed="true" simplified="true" border="0 0 1" fill="0 0 1" mode="11"
 points="20.1037 28.1986,
	20.0989 28.1974,
	20.094 28.195,
	20.0917 28.1932,
	20.0905 28.192,
	20.0893 28.192,
	20.0814 28.1824,
	20.0761 28.1728,
	20.0749 28.1716,
	20.0743 28.1668,
	20.0731 28.1656,
	20.0713 28.156,
	20.0701 28.1512,
	20.0701 28.1416,
	20.0701 28.1368,
	20.0701 28.1356,
	20.0701 28.135,
	20.0743 28.1254,
	20.0808 28.1164,
	20.0827 28.1152,
	20.0863 28.111,
	20.0959 28.1038,
	20.1001 28.1008,
	20.1013 28.1008,
	20.1109 28.0948,
	20.1205 28.0918,
	20.1397 28.0882,
	20.1589 28.0882,
	20.1685 28.0888,
	20.178 28.087,
	20.1973 28.0864,
	20.2164 28.087,
	20.2356 28.0894,
	20.2405 28.09,
	20.2428 28.0906,
	20.247 28.0948,
	20.2482 28.0972,
	20.2506 28.0996,
	20.2518 28.1014,
	20.2518 28.1026,
	20.2537 28.1056,
	20.2596 28.1248,
	20.2602 28.144,
	20.2596 28.1536,
	20.2584 28.1584,
	20.256 28.1631,
	20.25 28.171,
	20.2405 28.1751,
	20.2308 28.1775,
	20.2261 28.1794,
	20.2164 28.1812,
	20.2141 28.1812,
	20.2092 28.183,
	20.19 28.1872,
	20.1709 28.1901,
	20.1516 28.192,
	20.1421 28.195,
	20.1228 28.198,
	"/>
</Transform>

<Transform dim="0"
 xcoef=" 0 1 0 0 0 0"
 ycoef=" 0 0 1 0 0 0">
<Contour name="d39sp29" hidden="false" closed="true" simplified="true" border="1 0 0" fill="1 0 0" mode="11"
 points="9.75568 28.465,
	9.75273 28.4643,
	9.75052 28.4621,
	9.74462 28.4605,
	9.74537 28.4598,
	9.73947 28.4576,
	9.73651 28.4569,
	9.73357 28.4547,
	9.73062 28.4539,
	9.72989 28.4525,
	9.72399 28.4503,
	9.71294 28.4421,
	9.70999 28.4407,
	9.70925 28.4392,
	9.7063 28.4385,
	9.70483 28.4363,
	9.69893 28.4325,
	9.69746 28.4325,
	9.68788 28.4252,
	9.68273 28.4201,
	9.68125 28.4201,
	9.67904 28.4178,
	9.6783 28.4163,
	9.67535 28.4156,
	9.67093 28.4112,
	9.66798 28.4097,
	9.66651 28.4075,
	9.65472 28.3979,
	9.64366 28.3905,
	9.62451 28.3736,
	9.62156 28.3714,
	9.61787 28.367,
	9.6164 28.3641,
	9.61345 28.3618,
	9.61271 28.3588,
	9.60461 28.3493,
	9.60239 28.3463,
	9.60092 28.3456,
	9.60092 28.3441,
	9.59871 28.3426,
	9.59724 28.3397,
	9.59503 28.3383,
	9.58692 28.3272,
	9.58177 28.3228,
	9.58177 28.3213,
	9.57882 28.3199,
	9.57144 28.311,
	9.56702 28.3059,
	9.56482 28.3036,
	9.56334 28.3028,
	9.56334 28.3014,
	9.55376 28.2919,
	9.54787 28.2866,
	9.54565 28.2852,
	9.54344 28.2822,
	9.54197 28.2822,
	9.53755 28.2779,
	9.52649 28.2697,
	9.52428 28.2682,
	9.52355 28.2668,
	9.52207 28.2668,
	9.51913 28.2638,
	9.49627 28.2498,
	9.49554 28.2483,
	9.49407 28.2483,
	9.4889 28.2439,
	9.48743 28.2439,
	9.47637 28.2366,
	9.4749 28.2344,
	9.47343 28.2344,
	9.45058 28.2166,
	9.44838 28.2144,
	9.44838 28.213,
	9.44396 28.2078,
	9.44174 28.2048,
	9.43953 28.199,
	9.43805 28.196,
	9.43805 28.1901,
	9.43805 28.1886,
	9.43805 28.1879,
	9.44101 28.185,
	9.44396 28.1842,
	9.4469 28.182,
	9.46975 28.1724,
	9.47564 28.1688,
	9.47859 28.1673,
	9.48006 28.1658,
	9.48154 28.1658,
	9.48301 28.1644,
	9.48448 28.1644,
	9.48596 28.1628,
	9.5088 28.1533,
	9.51175 28.1526,
	9.5147 28.1504,
	9.52059 28.1488,
	9.52207 28.1473,
	9.53386 28.1444,
	9.54565 28.1393,
	9.54712 28.1393,
	9.55007 28.1371,
	9.56187 28.1319,
	9.56776 28.1304,
	9.57071 28.1282,
	9.57366 28.1275,
	9.57513 28.1275,
	9.57808 28.1253,
	9.60166 28.1171,
	9.60461 28.1157,
	9.6164 28.1142,
	9.62229 28.112,
	9.62377 28.112,
	9.62524 28.1105,
	9.63113 28.1083,
	9.63408 28.1076,
	9.63703 28.1053,
	9.63997 28.1046,
	9.64293 28.1024,
	9.66578 28.0922,
	9.66725 28.0922,
	9.66872 28.0906,
	9.6702 28.0906,
	9.67167 28.0891,
	9.67462 28.0884,
	9.67609 28.0869,
	9.68788 28.0862,
	9.69673 28.0862,
	9.69968 28.0884,
	9.70262 28.0891,
	9.7041 28.0891,
	9.70704 28.0913,
	9.70852 28.0929,
	9.71146 28.0936,
	9.72325 28.1002,
	9.72767 28.1039,
	9.73873 28.112,
	9.74168 28.1135,
	9.74315 28.1149,
	9.74462 28.1149,
	9.74979 28.1186,
	9.75273 28.1201,
	9.75346 28.1216,
	9.75641 28.1224,
	9.76232 28.126,
	9.76305 28.1275,
	9.76599 28.1282,
	9.76894 28.1304,
	9.77189 28.1311,
	9.77778 28.1356,
	9.78958 28.1422,
	9.79253 28.1437,
	9.794 28.1437,
	9.79695 28.1459,
	9.79989 28.1466,
	9.80506 28.1504,
	9.808 28.1511,
	9.81095 28.1533,
	9.81242 28.1533,
	9.81463 28.1555,
	9.81759 28.1562,
	9.81906 28.1562,
	9.81979 28.1577,
	9.82127 28.1577,
	9.82274 28.1591,
	9.82863 28.1606,
	9.82938 28.1621,
	9.83232 28.1628,
	9.8338 28.1628,
	9.83969 28.1666,
	9.84264 28.168,
	9.84338 28.1695,
	9.84633 28.1695,
	9.84927 28.1717,
	9.85222 28.1724,
	9.86328 28.1798,
	9.86548 28.182,
	9.86695 28.182,
	9.86917 28.185,
	9.88023 28.1931,
	9.88096 28.1946,
	9.88243 28.1946,
	9.88759 28.1997,
	9.8898 28.2019,
	9.8898 28.2033,
	9.89791 28.2137,
	9.9016 28.2248,
	9.90233 28.2277,
	9.90233 28.2292,
	9.9038 28.2306,
	9.90602 28.2542,
	9.90675 28.266,
	9.90896 28.2779,
	9.90822 28.3014,
	9.90675 28.3043,
	9.90454 28.3161,
	9.90233 28.3221,
	9.90086 28.325,
	9.90086 28.3264,
	9.89938 28.3279,
	9.89865 28.3308,
	9.89643 28.3339,
	9.89643 28.3353,
	9.89349 28.3383,
	9.8898 28.3441,
	9.8898 28.3456,
	9.87359 28.3677,
	9.86917 28.3736,
	9.8677 28.3758,
	9.86475 28.3781,
	9.86401 28.381,
	9.85442 28.3913,
	9.85442 28.3928,
	9.85148 28.3943,
	9.8419 28.4045,
	9.83305 28.4163,
	9.83232 28.4185,
	9.8279 28.4237,
	9.82569 28.4259,
	9.82569 28.4274,
	9.82274 28.4303,
	9.82274 28.4318,
	9.81759 28.4363,
	9.81537 28.4392,
	9.81095 28.4429,
	9.79989 28.4525,
	9.79916 28.4539,
	9.79621 28.4547,
	9.79105 28.4583,
	9.78516 28.4605,
	9.77336 28.4628,
	9.77041 28.4628,
	9.76747 28.4643,
	"/>
</Transform>

<Transform dim="0"
 xcoef=" 0 1 0 0 0 0"
 ycoef=" 0 0 1 0 0 0">
<Contour name="d56c19" hidden="false" closed="true" simplified="true" border="0 0 1" fill="0 0 1" mode="11"
 points="24.3316 22.8251,
	24.327 22.8235,
	24.3248 22.8223,
	24.3237 22.8223,
	24.3231 22.8212,
	24.3208 22.8212,
	24.3197 22.8201,
	24.3186 22.8201,
	24.3162 22.8183,
	24.3151 22.8172,
	24.3129 22.8172,
	24.3044 22.8104,
	24.3033 22.8093,
	24.3021 22.8093,
	24.2948 22.8013,
	24.2925 22.7997,
	24.292 22.7974,
	24.2897 22.7957,
	24.2868 22.7912,
	24.2846 22.7889,
	24.284 22.7866,
	24.2812 22.7833,
	24.2801 22.7788,
	24.2778 22.7764,
	24.2778 22.7753,
	24.275 22.7708,
	24.2732 22.7691,
	24.2727 22.7669,
	24.2716 22.7657,
	24.2716 22.7646,
	24.2687 22.76,
	24.2687 22.7578,
	24.2654 22.7488,
	24.2648 22.7442,
	24.2597 22.7261,
	24.2574 22.717,
	24.2568 22.6989,
	24.2557 22.6898,
	24.2507 22.6718,
	24.2495 22.6695,
	24.2455 22.6514,
	24.2438 22.6332,
	24.2427 22.6243,
	24.2427 22.6062,
	24.2427 22.5976,
	24.2427 22.5971,
	24.2455 22.588,
	24.2518 22.5796,
	24.2529 22.5779,
	24.2552 22.5767,
	24.2597 22.5727,
	24.262 22.571,
	24.2795 22.5631,
	24.2976 22.5569,
	24.3067 22.5563,
	24.3089 22.5563,
	24.3112 22.558,
	24.3134 22.5586,
	24.3175 22.5619,
	24.3203 22.566,
	24.3214 22.5677,
	24.3214 22.5688,
	24.3231 22.571,
	24.3231 22.5722,
	24.3242 22.5733,
	24.3298 22.5914,
	24.3327 22.6005,
	24.3344 22.605,
	24.3344 22.6062,
	24.3356 22.6073,
	24.3378 22.6163,
	24.3412 22.6254,
	24.3423 22.6276,
	24.3423 22.6299,
	24.3434 22.631,
	24.3451 22.6356,
	24.3451 22.6378,
	24.3491 22.6468,
	24.3497 22.6514,
	24.3519 22.6559,
	24.3519 22.6571,
	24.3531 22.6582,
	24.3536 22.6627,
	24.3599 22.6809,
	24.3622 22.6898,
	24.3638 22.6944,
	24.365 22.6967,
	24.3728 22.7328,
	24.3734 22.7374,
	24.3746 22.7397,
	24.3774 22.7578,
	24.3786 22.7669,
	24.3791 22.7849,
	24.3786 22.794,
	24.3769 22.7985,
	24.3763 22.803,
	24.37 22.8116,
	24.3661 22.8149,
	24.3638 22.8172,
	24.3599 22.8189,
	24.3576 22.8206,
	24.3553 22.8212,
	24.3542 22.8223,
	24.3451 22.8251,
	"/>
</Transform>

<Transform dim="0"
 xcoef=" 0 1 0 0 0 0"
 ycoef=" 0 0 1 0 0 0">
<Contour name="d39p28" hidden="false" closed="true" simplified="true" border="1 0 0" fill="1 0 0" mode="11"
 points="10.5176 28.2113,
	10.5016 28.1818,
	10.5337 28.1818,
	"/>
</Transform>

<Transform dim="0"
 xcoef=" 0 1 0 0 0 0"
 ycoef=" 0 0 1 0 0 0">
<Contour name="d39sp28" hidden="false" closed="true" simplified="true" border="1 0 0" fill="1 0 0" mode="11"
 points="10.3268 28.529,
	10.3161 28.5284,
	10.3053 28.5244,
	10.3 28.5224,
	10.2973 28.5224,
	10.2946 28.5204,
	10.2919 28.5197,
	10.2866 28.5163,
	10.2852 28.5136,
	10.2825 28.5116,
	10.2825 28.5103,
	10.2812 28.509,
	10.2785 28.4982,
	10.2778 28.4874,
	10.2785 28.4821,
	10.2852 28.472,
	10.2939 28.462,
	10.2953 28.4593,
	10.2966 28.4579,
	10.3 28.4472,
	10.3006 28.4258,
	10.3 28.4204,
	10.2986 28.4177,
	10.2986 28.415,
	10.2973 28.4143,
	10.2953 28.409,
	10.2939 28.4077,
	10.2939 28.4063,
	10.2913 28.4042,
	10.2879 28.4003,
	10.2832 28.3969,
	10.2664 28.3788,
	10.2658 28.3734,
	10.2658 28.3727,
	10.2678 28.3701,
	10.2678 28.3687,
	10.2718 28.3634,
	10.2772 28.36,
	10.2825 28.3587,
	10.2933 28.3587,
	10.3147 28.362,
	10.3255 28.362,
	10.3362 28.3607,
	10.3389 28.3607,
	10.3402 28.3593,
	10.3456 28.3587,
	10.351 28.3567,
	10.3536 28.3553,
	10.3563 28.3553,
	10.359 28.354,
	10.3604 28.354,
	10.3617 28.3527,
	10.3644 28.352,
	10.3657 28.352,
	10.3684 28.35,
	10.3711 28.35,
	10.3764 28.3479,
	10.3778 28.3466,
	10.3832 28.3452,
	10.3845 28.3439,
	10.3899 28.3432,
	10.3905 28.3419,
	10.3959 28.3406,
	10.3986 28.3392,
	10.3999 28.3379,
	10.4207 28.3311,
	10.4261 28.3291,
	10.4288 28.3285,
	10.4301 28.3285,
	10.4315 28.3271,
	10.4422 28.3251,
	10.4637 28.3238,
	10.465 28.3238,
	10.4664 28.3225,
	10.4717 28.3205,
	10.4744 28.3191,
	10.4751 28.3177,
	10.4764 28.3177,
	10.4798 28.3071,
	10.4791 28.2963,
	10.4764 28.2855,
	10.4717 28.2748,
	10.4704 28.2695,
	10.469 28.2681,
	10.4616 28.2466,
	10.457 28.236,
	10.4563 28.2252,
	10.457 28.2239,
	10.4637 28.2339,
	10.4684 28.2379,
	10.4697 28.2393,
	10.4751 28.2406,
	10.4764 28.2419,
	10.4818 28.2426,
	10.4871 28.2446,
	10.5086 28.2487,
	10.514 28.2507,
	10.5247 28.252,
	10.526 28.2527,
	10.5475 28.2507,
	10.5515 28.2507,
	10.5522 28.252,
	10.5495 28.2574,
	10.5482 28.2587,
	10.5482 28.26,
	10.5415 28.2708,
	10.5374 28.2815,
	10.5368 28.2923,
	10.5374 28.303,
	10.5395 28.3084,
	10.5401 28.3137,
	10.5415 28.3164,
	10.5422 28.3271,
	10.5422 28.3325,
	10.5422 28.3352,
	10.5388 28.3452,
	10.5368 28.356,
	10.5361 28.3775,
	10.5361 28.3828,
	10.5368 28.3855,
	10.5368 28.3868,
	10.5388 28.3902,
	10.5428 28.4009,
	10.5428 28.4023,
	10.5442 28.4029,
	10.5455 28.4083,
	10.5455 28.411,
	10.5468 28.4137,
	10.5475 28.4244,
	10.5475 28.4298,
	10.5448 28.4352,
	10.5435 28.4379,
	10.5381 28.4419,
	10.5361 28.4439,
	10.5334 28.4445,
	10.5281 28.4479,
	10.5274 28.4493,
	10.5247 28.4499,
	10.514 28.4566,
	10.5086 28.4593,
	10.5059 28.4613,
	10.5032 28.462,
	10.5006 28.464,
	10.4979 28.4647,
	10.4959 28.4667,
	10.4905 28.4687,
	10.4892 28.47,
	10.4845 28.472,
	10.4791 28.4754,
	10.4771 28.4781,
	10.4757 28.4788,
	10.4757 28.4801,
	10.4677 28.4874,
	10.4576 28.4935,
	10.4523 28.4955,
	10.4308 28.4989,
	10.4093 28.5002,
	10.404 28.5022,
	10.3986 28.5029,
	10.3885 28.5063,
	10.3858 28.507,
	10.3845 28.5083,
	10.3818 28.509,
	10.3805 28.509,
	10.3778 28.511,
	10.3751 28.5116,
	10.3724 28.5136,
	10.351 28.5231,
	10.3483 28.5251,
	10.3429 28.5257,
	10.3402 28.5271,
	10.3389 28.5271,
	10.3375 28.5284,
	"/>
</Transform>

<Transform dim="0"
 xcoef=" 0 1 0 0 0 0"
 ycoef=" 0 0 1 0 0 0">
<Contour name="d56c18" hidden="false" closed="true" simplified="true" border="0 0 1" fill="0 0 1" mode="11"
 points="23.1763 22.6699,
	23.174 22.6696,
	23.1716 22.6681,
	23.1701 22.6661,
	23.169 22.6652,
	23.1681 22.6627,
	23.1678 22.6533,
	23.1678 22.653,
	23.1678 22.6527,
	23.1681 22.6336,
	23.1681 22.6289,
	23.1692 22.6242,
	23.1701 22.623,
	23.171 22.6206,
	23.1728 22.6185,
	23.1737 22.6173,
	23.176 22.6158,
	23.1809 22.6149,
	23.1903 22.6146,
	23.1975 22.6146,
	23.2022 22.6158,
	23.2046 22.6173,
	23.2057 22.6176,
	23.2069 22.6188,
	23.2081 22.6194,
	23.2088 22.62,
	23.2088 22.6206,
	23.2106 22.6227,
	23.2108 22.6239,
	23.2117 22.6251,
	23.2126 22.6274,
	23.2129 22.6298,
	23.2135 22.6301,
	23.2144 22.6396,
	23.2141 22.6443,
	23.2132 22.6467,
	23.2129 22.6492,
	23.212 22.6515,
	23.2114 22.6562,
	23.21 22.661,
	23.2091 22.6621,
	23.2088 22.6634,
	23.2048 22.6676,
	23.2001 22.669,
	23.1811 22.6699,
	"/>
</Transform>

<Transform dim="0"
 xcoef=" 0 1 0 0 0 0"
 ycoef=" 0 0 1 0 0 0">
<Contour name="d39c28" hidden="false" closed="true" simplified="true" border="0 0 1" fill="0 0 1" mode="11"
 points="10.4257 28.5203,
	10.4196 28.5174,
	10.418 28.5162,
	10.4172 28.5162,
	10.4119 28.5113,
	10.4103 28.5085,
	10.4078 28.5053,
	10.4066 28.5019,
	10.4058 28.5003,
	10.4058 28.4971,
	10.4046 28.4938,
	10.4037 28.4873,
	10.4029 28.484,
	10.4029 28.4808,
	10.4029 28.4804,
	10.4042 28.4788,
	10.4042 28.478,
	10.4074 28.4751,
	10.409 28.4742,
	10.4099 28.4734,
	10.4107 28.4734,
	10.4172 28.4698,
	10.4237 28.4678,
	10.427 28.4666,
	10.4286 28.4666,
	10.4351 28.4645,
	10.4416 28.465,
	10.4449 28.4666,
	10.4465 28.467,
	10.4497 28.469,
	10.4522 28.471,
	10.4542 28.4742,
	10.4554 28.476,
	10.4562 28.4792,
	10.4562 28.4857,
	10.4562 28.4873,
	10.4583 28.4938,
	10.4591 28.5003,
	10.4591 28.5019,
	10.4583 28.5027,
	10.4554 28.5093,
	10.4501 28.515,
	10.4485 28.5162,
	10.4453 28.5174,
	10.4436 28.5182,
	10.4404 28.5182,
	10.4339 28.5195,
	10.4306 28.5203,
	"/>
</Transform>

<Transform dim="0"
 xcoef=" 0 1 0 0 0 0"
 ycoef=" 0 0 1 0 0 0">
<Contour name="d39c29" hidden="false" closed="true" simplified="true" border="0 0 1" fill="0 0 1" mode="11"
 points="9.63709 28.4322,
	9.63542 28.4314,
	9.63208 28.431,
	9.63124 28.4301,
	9.62455 28.428,
	9.6212 28.4268,
	9.61953 28.426,
	9.6187 28.426,
	9.61745 28.4243,
	9.61577 28.4239,
	9.60406 28.4147,
	9.59779 28.4093,
	9.58735 28.3996,
	9.58525 28.3971,
	9.58399 28.3955,
	9.58316 28.3946,
	9.58316 28.3938,
	9.58065 28.3913,
	9.57981 28.3896,
	9.57898 28.3891,
	9.57898 28.3883,
	9.57647 28.3858,
	9.57606 28.3842,
	9.57396 28.3808,
	9.57229 28.3796,
	9.57188 28.3779,
	9.56978 28.3753,
	9.56895 28.3745,
	9.56895 28.3737,
	9.56727 28.372,
	9.56309 28.3654,
	9.56184 28.3637,
	9.56142 28.362,
	9.56059 28.3615,
	9.56059 28.3607,
	9.55975 28.3603,
	9.55723 28.3545,
	9.55431 28.3477,
	9.55222 28.3411,
	9.55097 28.3378,
	9.54971 28.331,
	9.54887 28.3277,
	9.54887 28.3211,
	9.54887 28.3202,
	9.54887 28.3198,
	9.55305 28.3064,
	9.55431 28.3051,
	9.55556 28.3018,
	9.55682 28.2997,
	9.55723 28.298,
	9.55808 28.2972,
	9.55933 28.2939,
	9.56393 28.2876,
	9.56685 28.2847,
	9.57019 28.2826,
	9.57188 28.2822,
	9.5748 28.2801,
	9.57563 28.2801,
	9.57647 28.2793,
	9.58985 28.2788,
	9.59654 28.2793,
	9.60323 28.2805,
	9.60991 28.283,
	9.61075 28.283,
	9.61117 28.2838,
	9.61452 28.2851,
	9.61619 28.2855,
	9.62915 28.2943,
	9.63082 28.2955,
	9.63124 28.2964,
	9.63208 28.2964,
	9.63292 28.298,
	9.63459 28.2989,
	9.63919 28.3051,
	9.64211 28.3077,
	9.64295 28.3093,
	9.64378 28.3098,
	9.6442 28.3114,
	9.64629 28.3143,
	9.64755 28.3156,
	9.64796 28.3172,
	9.64796 28.3181,
	9.64922 28.3193,
	9.64963 28.3211,
	9.65089 28.3227,
	9.65089 28.3236,
	9.65173 28.3244,
	9.65382 28.331,
	9.65466 28.3327,
	9.65507 28.3361,
	9.65674 28.3394,
	9.65674 28.3411,
	9.658 28.3428,
	9.65841 28.3444,
	9.66302 28.3507,
	9.66385 28.3516,
	9.66385 28.3524,
	9.66762 28.3586,
	9.66887 28.3603,
	9.66887 28.3611,
	9.67096 28.3645,
	9.67138 28.3662,
	9.67221 28.367,
	9.67221 28.3679,
	9.67305 28.3687,
	9.67305 28.3704,
	9.67598 28.3771,
	9.67765 28.3837,
	9.67849 28.3871,
	9.67806 28.3938,
	9.67639 28.3971,
	9.67598 28.3988,
	9.67388 28.4017,
	9.67305 28.4029,
	9.67305 28.4038,
	9.6718 28.4055,
	9.67096 28.4064,
	9.67096 28.4072,
	9.66636 28.4134,
	9.66092 28.4197,
	9.65925 28.4214,
	9.65674 28.4235,
	9.65591 28.4243,
	9.65507 28.4243,
	9.65382 28.426,
	9.65299 28.426,
	9.65173 28.4276,
	9.65089 28.4276,
	9.65047 28.4285,
	9.64963 28.4285,
	9.64629 28.4305,
	9.64545 28.4314,
	9.63877 28.4322,
	"/>
</Transform>

<Transform dim="0"
 xcoef=" 0 1 0 0 0 0"
 ycoef=" 0 0 1 0 0 0">
<Contour name="d28c21" hidden="false" closed="true" simplified="true" border="0 0 1" fill="0 0 1" mode="11"
 points="6.29577 24.3342,
	6.29168 24.3332,
	6.2876 24.3312,
	6.28709 24.3301,
	6.28504 24.3296,
	6.283 24.3281,
	6.28147 24.3276,
	6.27738 24.325,
	6.27329 24.3214,
	6.26971 24.3189,
	6.26562 24.3153,
	6.26562 24.3143,
	6.26358 24.3133,
	6.26103 24.3097,
	6.2595 24.3086,
	6.25847 24.3066,
	6.25643 24.3046,
	6.25643 24.3036,
	6.2549 24.3015,
	6.25337 24.2974,
	6.25234 24.2953,
	6.25234 24.2933,
	6.24979 24.2852,
	6.24928 24.277,
	6.24877 24.2729,
	6.24877 24.2709,
	6.24877 24.2699,
	6.24877 24.2694,
	6.25132 24.2612,
	6.2549 24.2535,
	6.25643 24.2514,
	6.25694 24.2494,
	6.26308 24.2423,
	6.26461 24.2408,
	6.26562 24.2402,
	6.26562 24.2391,
	6.2692 24.2361,
	6.27023 24.2341,
	6.2738 24.2305,
	6.27942 24.2238,
	6.28248 24.2203,
	6.28351 24.2198,
	6.28351 24.2188,
	6.28555 24.2183,
	6.28862 24.2142,
	6.28963 24.2137,
	6.28963 24.2127,
	6.29168 24.2116,
	6.2973 24.205,
	6.30394 24.1984,
	6.31161 24.1917,
	6.31518 24.1896,
	6.3162 24.1896,
	6.32335 24.1846,
	6.32539 24.1841,
	6.32591 24.1829,
	6.33409 24.1799,
	6.3351 24.1784,
	6.33919 24.1784,
	6.34328 24.1769,
	6.35145 24.1758,
	6.3678 24.1764,
	6.37138 24.1784,
	6.3724 24.1784,
	6.37393 24.1804,
	6.37495 24.1804,
	6.37853 24.1846,
	6.38057 24.1866,
	6.38568 24.1932,
	6.39028 24.2009,
	6.39078 24.205,
	6.39283 24.209,
	6.39386 24.2132,
	6.39487 24.2152,
	6.39539 24.2193,
	6.39692 24.2213,
	6.39692 24.2295,
	6.39795 24.2376,
	6.39795 24.2458,
	6.39795 24.2479,
	6.39692 24.2489,
	6.39692 24.2509,
	6.39692 24.2519,
	6.3959 24.2529,
	6.39487 24.2571,
	6.39487 24.2581,
	6.39334 24.2601,
	6.39283 24.2622,
	6.39283 24.2632,
	6.39181 24.2642,
	6.39181 24.2652,
	6.39028 24.2667,
	6.39028 24.2678,
	6.38772 24.2719,
	6.38159 24.2785,
	6.37444 24.2852,
	6.37086 24.2877,
	6.36831 24.2903,
	6.36627 24.2908,
	6.36218 24.2933,
	6.36014 24.2943,
	6.35911 24.2959,
	6.35707 24.2969,
	6.35707 24.298,
	6.35299 24.3015,
	6.35145 24.3036,
	6.35043 24.3041,
	6.35043 24.3051,
	6.34686 24.3081,
	6.33971 24.3163,
	6.33256 24.3234,
	6.33153 24.3234,
	6.32948 24.3256,
	6.32847 24.3256,
	6.32438 24.3281,
	6.32233 24.3286,
	6.32029 24.3301,
	6.31824 24.3307,
	6.3162 24.3322,
	6.30803 24.3337,
	6.29986 24.3342,
	"/>
</Transform>

<Transform dim="0"
 xcoef=" 0 1 0 0 0 0"
 ycoef=" 0 0 1 0 0 0">
<Contour name="d38c14" hidden="false" closed="true" simplified="true" border="0 0 1" fill="0 0 1" mode="11"
 points="21.164 23.9343,
	21.1455 23.9331,
	21.1271 23.928,
	21.1226 23.9268,
	21.1209 23.9256,
	21.1197 23.9256,
	21.1185 23.9245,
	21.1139 23.9233,
	21.1093 23.9211,
	21.1088 23.9199,
	21.1041 23.9182,
	21.1018 23.9165,
	21.1007 23.9154,
	21.0995 23.9154,
	21.091 23.9078,
	21.0875 23.9038,
	21.0852 23.9016,
	21.0818 23.8986,
	21.0789 23.8946,
	21.0778 23.8923,
	21.0754 23.8906,
	21.0725 23.8866,
	21.0714 23.8855,
	21.0708 23.8831,
	21.0674 23.8785,
	21.0651 23.874,
	21.064 23.8717,
	21.0628 23.8711,
	21.0623 23.8687,
	21.0623 23.8676,
	21.057 23.859,
	21.0553 23.8544,
	21.0536 23.836,
	21.0536 23.8337,
	21.0536 23.8326,
	21.0536 23.832,
	21.057 23.8228,
	21.0587 23.8188,
	21.0599 23.8182,
	21.0604 23.8159,
	21.0616 23.8154,
	21.0616 23.8142,
	21.0628 23.8136,
	21.0628 23.8113,
	21.0663 23.8073,
	21.0663 23.8061,
	21.0674 23.805,
	21.0674 23.8039,
	21.0714 23.7999,
	21.0748 23.7969,
	21.0772 23.7958,
	21.0795 23.7935,
	21.0818 23.7923,
	21.084 23.7901,
	21.0886 23.7878,
	21.091 23.7866,
	21.0916 23.7854,
	21.0938 23.7848,
	21.0961 23.7831,
	21.1054 23.7803,
	21.1099 23.7785,
	21.1111 23.7785,
	21.1122 23.7774,
	21.1145 23.7774,
	21.1328 23.7717,
	21.1421 23.7687,
	21.1513 23.7676,
	21.188 23.7665,
	21.1972 23.7665,
	21.2156 23.7693,
	21.2248 23.7699,
	21.2432 23.7693,
	21.2617 23.7676,
	21.2662 23.7665,
	21.2685 23.7665,
	21.2708 23.7653,
	21.2731 23.7653,
	21.2823 23.7625,
	21.2846 23.7613,
	21.2869 23.7613,
	21.2961 23.7585,
	21.3053 23.7573,
	21.3099 23.7561,
	21.3145 23.7561,
	21.3237 23.7544,
	21.342 23.7538,
	21.3513 23.7532,
	21.3604 23.7538,
	21.3651 23.755,
	21.3742 23.759,
	21.3783 23.7625,
	21.3806 23.7648,
	21.3817 23.7659,
	21.3817 23.767,
	21.3829 23.7676,
	21.3829 23.7687,
	21.3857 23.7734,
	21.3857 23.7757,
	21.3857 23.7768,
	21.3868 23.7774,
	21.388 23.782,
	21.3891 23.7831,
	21.3898 23.7878,
	21.3909 23.7901,
	21.3938 23.8084,
	21.3944 23.8268,
	21.3944 23.836,
	21.3944 23.8406,
	21.3915 23.8498,
	21.3898 23.8544,
	21.3834 23.863,
	21.376 23.8704,
	21.3673 23.8768,
	21.3628 23.8791,
	21.3616 23.8791,
	21.3593 23.8808,
	21.3547 23.882,
	21.3524 23.8831,
	21.3501 23.8831,
	21.3409 23.8872,
	21.3317 23.89,
	21.3225 23.894,
	21.318 23.8952,
	21.3087 23.8993,
	21.3042 23.901,
	21.3029 23.9021,
	21.2846 23.9084,
	21.2823 23.909,
	21.28 23.9107,
	21.2755 23.9113,
	21.2708 23.9136,
	21.2685 23.9142,
	21.2674 23.9142,
	21.2662 23.9154,
	21.257 23.9171,
	21.2386 23.9228,
	21.2294 23.9245,
	21.2271 23.9256,
	21.2248 23.9256,
	21.2226 23.9268,
	21.2133 23.928,
	21.211 23.928,
	21.2099 23.9291,
	21.1915 23.932,
	21.1731 23.9337,
	"/>
</Transform>

<Transform dim="0"
 xcoef=" 0 1 0 0 0 0"
 ycoef=" 0 0 1 0 0 0">
<Contour name="d63p28" hidden="false" closed="true" simplified="true" border="1 0 0" fill="1 0 0" mode="11"
 points="20.0781 27.2778,
	20.0616 27.2475,
	20.0946 27.2475,
	"/>
</Transform>

<Transform dim="0"
 xcoef=" 0 1 0 0 0 0"
 ycoef=" 0 0 1 0 0 0">
<Contour name="d39cfa25" hidden="false" closed="false" simplified="true" border="0 1 0" fill="1 0 0" mode="11"
 points="11.6604 27.4066,
	11.6554 27.43,
	11.6502 27.4545,
	11.6462 27.4788,
	11.6422 27.5062,
	11.6289 27.5744,
	11.6147 27.6253,
	11.6035 27.6781,
	11.5913 27.7574,
	"/>
</Transform>

<Transform dim="0"
 xcoef=" 0 1 0 0 0 0"
 ycoef=" 0 0 1 0 0 0">
<Contour name="d63cfa28" hidden="false" closed="false" simplified="true" border="0 1 0" fill="1 0 0" mode="11"
 points="20.256 28.1192,
	20.2546 28.1192,
	20.2376 28.1178,
	20.2182 28.1173,
	20.183 28.1192,
	20.1476 28.1255,
	20.1205 28.1347,
	20.075 28.1527,
	"/>
</Transform>

<Transform dim="0"
 xcoef=" 0 1 0 0 0 0"
 ycoef=" 0 0 1 0 0 0">
<Contour name="d56cfa19" hidden="false" closed="false" simplified="true" border="1 0 0" fill="1 0 0" mode="11"
 points="24.2659 22.5719,
	24.2696 22.601,
	24.2715 22.6315,
	24.2795 22.6724,
	24.2904 22.7105,
	24.3251 22.796,
	24.3387 22.8172,
	"/>
</Transform>

<Transform dim="0"
 xcoef=" 0 1 0 0 0 0"
 ycoef=" 0 0 1 0 0 0">
<Contour name="d56cfa18" hidden="false" closed="false" simplified="true" border="1 0 0" fill="1 0 0" mode="11"
 points="23.1988 22.6181,
	23.1988 22.6672,
	"/>
</Transform>

<Transform dim="0"
 xcoef=" 0 1 0 0 0 0"
 ycoef=" 0 0 1 0 0 0">
<Contour name="d39cfa28" hidden="false" closed="false" simplified="true" border="0 1 0" fill="1 0 0" mode="11"
 points="10.4519 28.4809,
	10.4088 28.4927,
	"/>
</Transform>

<Transform dim="0"
 xcoef=" 0 1 0 0 0 0"
 ycoef=" 0 0 1 0 0 0">
<Contour name="d39cfa29" hidden="false" closed="false" simplified="true" border="0 1 0" fill="1 0 0" mode="11"
 points="9.67339 28.3966,
	9.66512 28.3903,
	9.65006 28.3777,
	9.62963 28.3582,
	9.61165 28.3369,
	9.57129 28.2867,
	"/>
</Transform>

<Transform dim="0"
 xcoef=" 0 1 0 0 0 0"
 ycoef=" 0 0 1 0 0 0">
<Contour name="d28cfa21" hidden="false" closed="false" simplified="true" border="0 1 0" fill="1 0 0" mode="11"
 points="6.39418 24.2325,
	6.37699 24.2427,
	6.36448 24.2513,
	6.35158 24.263,
	6.33673 24.2751,
	6.32188 24.2865,
	6.30703 24.299,
	6.29023 24.3291,
	"/>
</Transform>

<Transform dim="0"
 xcoef=" 0 1 0 0 0 0"
 ycoef=" 0 0 1 0 0 0">
<Contour name="d38cfa14" hidden="false" closed="false" simplified="true" border="1 0 0" fill="1 0 0" mode="11"
 points="21.0608 23.8271,
	21.0662 23.8285,
	21.0822 23.8334,
	21.124 23.8432,
	21.1746 23.8454,
	21.2187 23.836,
	21.2693 23.8213,
	21.3026 23.8098,
	21.3875 23.7841,
	"/>
</Transform>

</Section>