<?xml version="1.0"?>
<!DOCTYPE Section SYSTEM "section.dtd">

<Section index="44" thickness="0.048" alignLocked="true">
<Transform dim="0"
 xcoef=" 0 1 0 0 0 0"
 ycoef=" 0 0 1 0 0 0">
<Image mag="0.002063" contrast="1.82249" brightness="-0.18" red="true" green="true" blue="true"
 src="045____z2.243.jpg" />
<Contour name="domain1" hidden="false" closed="true" simplified="false" border="1 0 1" fill="1 0 1" mode="11"
 points="0 0,
	17236 0,
	17236 17077,
	0 17077,
	"/>
</Transform>

<Transform dim="0"
 xcoef=" 0 1 0 0 0 0"
 ycoef=" 0 0 1 0 0 0">
<Contour name="D39" hidden="false" closed="true" simplified="true" border="0 0 1" fill="0 0 1" mode="11"
 points="11.5804 28.6453,
	11.5291 28.6373,
	11.4828 28.6136,
	11.446 28.5769,
	11.4143 28.4792,
	11.4223 28.4279,
	11.446 28.3816,
	11.4828 28.3448,
	11.5291 28.3212,
	11.5804 28.3131,
	11.6317 28.3212,
	11.678 28.3448,
	11.7148 28.3816,
	11.7384 28.4279,
	11.7465 28.4792,
	11.7384 28.5305,
	11.7148 28.5769,
	11.678 28.6136,
	11.6317 28.6373,
	"/>
</Transform>

<Transform dim="0"
 xcoef=" 0 1 0 0 0 0"
 ycoef=" 0 0 1 0 0 0">
<Contour name="D56" hidden="false" closed="true" simplified="true" border="1 0 0" fill="1 0 0" mode="11"
 points="24.2356 23.1311,
	24.1924 23.1243,
	24.1534 23.1045,
	24.1224 23.0734,
	24.0957 22.9913,
	24.1025 22.948,
	24.1224 22.909,
	24.1534 22.8781,
	24.1924 22.8581,
	24.2356 22.8513,
	24.2788 22.8581,
	24.3179 22.8781,
	24.3488 22.909,
	24.3687 22.948,
	24.3756 22.9913,
	24.3687 23.0345,
	24.3488 23.0734,
	24.3179 23.1045,
	24.2788 23.1243,
	"/>
</Transform>

<Transform dim="0"
 xcoef=" 0 1 0 0 0 0"
 ycoef=" 0 0 1 0 0 0">
<Contour name="D31" hidden="false" closed="true" simplified="true" border="0 0 1" fill="0 0 1" mode="11"
 points="14.8142 19.0294,
	14.7605 19.0204,
	14.712 18.9942,
	14.6735 18.9536,
	14.6403 18.8453,
	14.6488 18.7885,
	14.6735 18.7371,
	14.712 18.6963,
	14.7605 18.6702,
	14.8142 18.6612,
	14.868 18.6702,
	14.9164 18.6963,
	14.9549 18.7371,
	14.9797 18.7885,
	14.9881 18.8453,
	14.9797 18.9022,
	14.9549 18.9536,
	14.9164 18.9942,
	14.868 19.0204,
	"/>
</Transform>

<Transform dim="0"
 xcoef=" 0 1 0 0 0 0"
 ycoef=" 0 0 1 0 0 0">
<Contour name="D28" hidden="false" closed="true" simplified="true" border="0 0 1" fill="0 0 1" mode="11"
 points="6.53385 24.0544,
	6.48521 24.0476,
	6.44133 24.0278,
	6.40651 23.9968,
	6.37644 23.9146,
	6.38415 23.8714,
	6.40651 23.8323,
	6.44133 23.8014,
	6.48521 23.7815,
	6.53385 23.7747,
	6.58249 23.7815,
	6.62638 23.8014,
	6.6612 23.8323,
	6.68356 23.8714,
	6.69127 23.9146,
	6.68356 23.9578,
	6.6612 23.9968,
	6.62638 24.0278,
	6.58249 24.0476,
	"/>
</Transform>

<Transform dim="0"
 xcoef=" 0 1 0 0 0 0"
 ycoef=" 0 0 1 0 0 0">
<Contour name="D38" hidden="false" closed="true" simplified="true" border="1 0 0" fill="1 0 0" mode="11"
 points="23.0471 22.6934,
	22.9958 22.6861,
	22.9494 22.665,
	22.9127 22.632,
	22.8809 22.5447,
	22.889 22.4988,
	22.9127 22.4573,
	22.9494 22.4244,
	22.9958 22.4033,
	23.0471 22.396,
	23.0984 22.4033,
	23.1447 22.4244,
	23.1815 22.4573,
	23.2051 22.4988,
	23.2132 22.5447,
	23.2051 22.5906,
	23.1815 22.632,
	23.1447 22.665,
	23.0984 22.6861,
	"/>
</Transform>

<Transform dim="0"
 xcoef=" 0 1 0 0 0 0"
 ycoef=" 0 0 1 0 0 0">
<Contour name="D01" hidden="false" closed="true" simplified="true" border="1 1 0" fill="1 1 0" mode="11"
 points="17.4105 26.2314,
	17.3599 26.2249,
	17.3143 26.206,
	17.278 26.1766,
	17.2468 26.0983,
	17.2549 26.0572,
	17.278 26.0202,
	17.3143 25.9908,
	17.3599 25.9719,
	17.4105 25.9654,
	17.461 25.9719,
	17.5067 25.9908,
	17.5429 26.0202,
	17.5662 26.0572,
	17.5741 26.0983,
	17.5662 26.1394,
	17.5429 26.1766,
	17.5067 26.206,
	17.461 26.2249,
	"/>
</Transform>

<Transform dim="0"
 xcoef=" 0 1 0 0 0 0"
 ycoef=" 0 0 1 0 0 0">
<Contour name="D63" hidden="false" closed="true" simplified="true" border="1 0 0" fill="1 0 0" mode="11"
 points="20.5519 26.9918,
	20.5293 26.9891,
	20.509 26.9811,
	20.4928 26.9687,
	20.4788 26.9358,
	20.4825 26.9185,
	20.4928 26.9029,
	20.509 26.8905,
	20.5293 26.8825,
	20.5519 26.8798,
	20.5744 26.8825,
	20.5948 26.8905,
	20.6109 26.9029,
	20.6212 26.9185,
	20.6248 26.9358,
	20.6212 26.9531,
	20.6109 26.9687,
	20.5948 26.9811,
	20.5744 26.9891,
	"/>
</Transform>

<Transform dim="0"
 xcoef=" 0 1 0 0 0 0"
 ycoef=" 0 0 1 0 0 0">
<Contour name="d28" hidden="false" closed="true" simplified="true" border="0 0 0" fill="0 0 0" mode="11"
 points="6.40569 24.5284,
	6.3849 24.5244,
	6.37971 24.5218,
	6.37711 24.5218,
	6.36283 24.5024,
	6.35633 24.4933,
	6.33944 24.479,
	6.33166 24.4712,
	6.31087 24.457,
	6.2914 24.4401,
	6.25633 24.4024,
	6.25633 24.3998,
	6.24723 24.3907,
	6.23425 24.3712,
	6.23425 24.3687,
	6.23166 24.3673,
	6.22646 24.3465,
	6.22646 24.3258,
	6.22646 24.3154,
	6.23036 24.305,
	6.23036 24.3024,
	6.23425 24.2971,
	6.24074 24.2764,
	6.24464 24.2712,
	6.24853 24.2504,
	6.24853 24.2297,
	6.24853 24.2244,
	6.24853 24.2218,
	6.24594 24.2205,
	6.24594 24.2154,
	6.24594 24.2128,
	6.23944 24.2024,
	6.23036 24.192,
	6.21217 24.1751,
	6.20697 24.1738,
	6.18879 24.1582,
	6.1797 24.1478,
	6.1758 24.1427,
	6.1758 24.14,
	6.1719 24.1361,
	6.17061 24.131,
	6.16672 24.1257,
	6.16542 24.1205,
	6.16542 24.118,
	6.16152 24.1128,
	6.15762 24.1024,
	6.15503 24.0971,
	6.15113 24.0556,
	6.14463 24.0141,
	6.13944 24.005,
	6.13814 24.0037,
	6.13944 24.0024,
	6.12516 23.9881,
	6.11606 23.9816,
	6.11087 23.979,
	6.10307 23.9686,
	6.09917 23.9634,
	6.09917 23.9608,
	6.09529 23.957,
	6.09139 23.9361,
	6.09139 23.9154,
	6.09009 23.905,
	6.08229 23.8841,
	6.0784 23.879,
	6.0745 23.8582,
	6.0732 23.8478,
	6.0732 23.8465,
	6.0732 23.8452,
	6.0784 23.8348,
	6.081 23.8335,
	6.08229 23.8284,
	6.08879 23.818,
	6.09009 23.8075,
	6.08749 23.8024,
	6.08489 23.7816,
	6.08619 23.7711,
	6.09788 23.753,
	6.10437 23.744,
	6.10957 23.7231,
	6.11087 23.7024,
	6.11606 23.6816,
	6.11606 23.6711,
	6.12126 23.6504,
	6.12775 23.6426,
	6.14593 23.627,
	6.16672 23.6127,
	6.1758 23.6063,
	6.181 23.6024,
	6.1836 23.6024,
	6.1862 23.5997,
	6.18879 23.5997,
	6.19659 23.592,
	6.20049 23.5894,
	6.20178 23.579,
	6.19789 23.5374,
	6.20049 23.527,
	6.20437 23.5218,
	6.20567 23.5167,
	6.21087 23.5114,
	6.21347 23.5063,
	6.22386 23.4971,
	6.22906 23.4958,
	6.23425 23.492,
	6.23944 23.492,
	6.24074 23.4894,
	6.25113 23.4881,
	6.25373 23.4854,
	6.27451 23.479,
	6.29529 23.4698,
	6.31607 23.4634,
	6.32127 23.4621,
	6.32386 23.4621,
	6.32646 23.4595,
	6.36803 23.4452,
	6.37321 23.4439,
	6.37581 23.4413,
	6.3966 23.4374,
	6.41737 23.4361,
	6.42257 23.4335,
	6.43296 23.4322,
	6.44334 23.4283,
	6.44854 23.4283,
	6.46933 23.4205,
	6.47971 23.4193,
	6.5005 23.4218,
	6.50569 23.4218,
	6.51088 23.4257,
	6.52127 23.4283,
	6.52647 23.4296,
	6.53167 23.4335,
	6.53686 23.4348,
	6.54206 23.4387,
	6.54725 23.44,
	6.55244 23.4439,
	6.56284 23.4478,
	6.56413 23.4504,
	6.57323 23.4543,
	6.57842 23.4556,
	6.58101 23.4556,
	6.58361 23.4581,
	6.6044 23.4647,
	6.607 23.4673,
	6.61219 23.4673,
	6.62128 23.4738,
	6.62387 23.4738,
	6.64206 23.4881,
	6.64726 23.4907,
	6.64726 23.4933,
	6.65245 23.4971,
	6.65374 23.5024,
	6.66804 23.5205,
	6.67583 23.5296,
	6.67843 23.5296,
	6.68751 23.5361,
	6.69271 23.54,
	6.69531 23.54,
	6.7148 23.553,
	6.72518 23.5608,
	6.72648 23.5634,
	6.73167 23.5647,
	6.74986 23.5777,
	6.76804 23.5933,
	6.77324 23.6024,
	6.77713 23.6231,
	6.77843 23.6283,
	6.77843 23.631,
	6.78103 23.6335,
	6.78233 23.6387,
	6.78882 23.6465,
	6.79401 23.6504,
	6.79531 23.653,
	6.79791 23.653,
	6.80051 23.6582,
	6.8057 23.6621,
	6.8057 23.6647,
	6.8148 23.6725,
	6.82258 23.6828,
	6.82648 23.6881,
	6.82518 23.7297,
	6.82258 23.74,
	6.82258 23.8231,
	6.82258 23.8647,
	6.82258 23.8698,
	6.83687 23.9101,
	6.84337 23.9205,
	6.84467 23.9257,
	6.85635 23.9465,
	6.86025 23.957,
	6.86155 23.9621,
	6.86544 23.9673,
	6.86804 23.9777,
	6.87194 23.9828,
	6.87584 23.9933,
	6.87844 23.9958,
	6.87844 23.9984,
	6.88493 24.0075,
	6.88752 24.0127,
	6.89012 24.0141,
	6.89142 24.0193,
	6.90571 24.0413,
	6.90701 24.0465,
	6.92 24.0673,
	6.92389 24.0712,
	6.92389 24.0738,
	6.92908 24.079,
	6.93038 24.0842,
	6.93818 24.0946,
	6.94077 24.0998,
	6.96155 24.1128,
	6.97974 24.1297,
	6.98364 24.1348,
	6.98623 24.1452,
	6.98883 24.1478,
	6.98883 24.1894,
	6.99013 24.2101,
	6.99142 24.2154,
	6.99402 24.218,
	6.99402 24.2205,
	7.00181 24.2297,
	7.00961 24.2361,
	7.01221 24.2361,
	7.01351 24.2387,
	7.0187 24.24,
	7.02779 24.2478,
	7.03298 24.2504,
	7.04078 24.2595,
	7.04338 24.3011,
	7.04338 24.3427,
	7.04078 24.3634,
	7.03298 24.3842,
	7.03038 24.3868,
	7.02909 24.392,
	7.01221 24.4088,
	6.99272 24.4205,
	6.99013 24.4205,
	6.98883 24.4231,
	6.98623 24.4231,
	6.97584 24.431,
	6.97064 24.4323,
	6.96545 24.4374,
	6.96025 24.4387,
	6.95507 24.4427,
	6.94987 24.444,
	6.94467 24.4478,
	6.93948 24.4491,
	6.93688 24.4517,
	6.93428 24.4517,
	6.93298 24.4544,
	6.93038 24.4544,
	6.92518 24.4595,
	6.90701 24.4712,
	6.89531 24.479,
	6.87454 24.492,
	6.87194 24.4946,
	6.85116 24.4972,
	6.76804 24.4933,
	6.72648 24.4946,
	6.72128 24.4958,
	6.71868 24.4985,
	6.7096 24.5011,
	6.7044 24.505,
	6.6992 24.5063,
	6.69661 24.5088,
	6.67583 24.5141,
	6.65504 24.5167,
	6.61348 24.518,
	6.59271 24.5218,
	6.55114 24.5231,
	6.53037 24.5218,
	6.51997 24.5193,
	6.47841 24.5167,
	6.46803 24.5205,
	6.42647 24.5284,
	"/>
</Transform>

<Transform dim="0"
 xcoef=" 0 1 0 0 0 0"
 ycoef=" 0 0 1 0 0 0">
<Contour name="d39" hidden="false" closed="true" simplified="true" border="0 0.501961 0" fill="0 0 0" mode="11"
 points="11.53 29.1182,
	11.5156 29.1164,
	11.5083 29.1154,
	11.4794 29.1065,
	11.4649 29.0983,
	11.4504 29.0875,
	11.4233 29.0585,
	11.4161 29.0522,
	11.4143 29.0504,
	11.4106 29.0495,
	11.407 29.0468,
	11.4052 29.045,
	11.4016 29.044,
	11.3872 29.0323,
	11.3736 29.0188,
	11.3618 29.0052,
	11.3565 28.9979,
	11.3501 28.9834,
	11.3483 28.9763,
	11.3456 28.9735,
	11.3447 28.9663,
	11.3447 28.9627,
	11.3401 28.9554,
	11.3356 28.9409,
	11.3356 28.9374,
	11.3338 28.9356,
	11.3311 28.9283,
	11.3266 28.9211,
	11.3229 28.9066,
	11.3166 28.8922,
	11.3166 28.8904,
	11.3139 28.8876,
	11.3085 28.8586,
	11.3067 28.8442,
	11.3067 28.8406,
	11.3031 28.8334,
	11.3022 28.8261,
	11.3022 28.8225,
	11.2895 28.7936,
	11.2795 28.7791,
	11.2714 28.7647,
	11.2697 28.7574,
	11.2687 28.7284,
	11.266 28.6995,
	11.2633 28.5838,
	11.2633 28.5693,
	11.2633 28.5657,
	11.2633 28.5639,
	11.2633 28.563,
	11.266 28.5557,
	11.2669 28.5521,
	11.2669 28.5504,
	11.2687 28.5486,
	11.2706 28.5413,
	11.2714 28.5377,
	11.2759 28.5304,
	11.2759 28.5286,
	11.2795 28.525,
	11.2795 28.5232,
	11.285 28.5159,
	11.2886 28.5123,
	11.2895 28.5087,
	11.294 28.5015,
	11.2967 28.4979,
	11.2995 28.4907,
	11.3085 28.4762,
	11.3139 28.4617,
	11.3139 28.4599,
	11.3175 28.4572,
	11.3356 28.3993,
	11.3392 28.3848,
	11.3492 28.3559,
	11.3546 28.3487,
	11.3556 28.345,
	11.36 28.3405,
	11.36 28.3387,
	11.3745 28.327,
	11.389 28.3188,
	11.4179 28.3107,
	11.4324 28.308,
	11.4468 28.3025,
	11.4613 28.2953,
	11.4649 28.2944,
	11.4722 28.2881,
	11.4794 28.2854,
	11.4857 28.2809,
	11.5002 28.2782,
	11.5291 28.2773,
	11.5363 28.2773,
	11.5508 28.2827,
	11.5581 28.2863,
	11.5599 28.2863,
	11.5635 28.2899,
	11.5708 28.2927,
	11.5743 28.2953,
	11.5888 28.2989,
	11.6033 28.2989,
	11.6177 28.2962,
	11.625 28.2944,
	11.6322 28.289,
	11.6602 28.2609,
	11.6747 28.2493,
	11.6892 28.2402,
	11.7036 28.2329,
	11.7109 28.2284,
	11.7254 28.2248,
	11.7399 28.2239,
	11.7688 28.2275,
	11.7833 28.2302,
	11.7904 28.2293,
	11.794 28.2293,
	11.823 28.2175,
	11.8519 28.2076,
	11.8665 28.2022,
	11.8736 28.2013,
	11.8754 28.2013,
	11.8781 28.1986,
	11.9071 28.1923,
	11.9215 28.1895,
	11.936 28.1886,
	11.9505 28.1895,
	11.9649 28.1923,
	11.9722 28.1932,
	11.9867 28.1977,
	12.0445 28.2058,
	12.0518 28.2068,
	12.0663 28.2112,
	12.0808 28.2175,
	12.0879 28.2212,
	12.1024 28.2257,
	12.106 28.2266,
	12.1078 28.2266,
	12.1115 28.2302,
	12.126 28.2348,
	12.1404 28.2357,
	12.144 28.2357,
	12.1513 28.2393,
	12.1549 28.2402,
	12.1685 28.2519,
	12.1756 28.2573,
	12.1829 28.2646,
	12.1928 28.2782,
	12.1965 28.2854,
	12.1974 28.289,
	12.2019 28.2962,
	12.2101 28.3252,
	12.2128 28.3324,
	12.2227 28.3468,
	12.2299 28.3523,
	12.2444 28.3595,
	12.2588 28.365,
	12.2878 28.3704,
	12.3022 28.3722,
	12.3095 28.374,
	12.3131 28.3758,
	12.3203 28.3768,
	12.3348 28.383,
	12.3492 28.3921,
	12.3637 28.4057,
	12.371 28.4129,
	12.3819 28.4273,
	12.3864 28.4346,
	12.3899 28.4491,
	12.3917 28.4563,
	12.3927 28.4599,
	12.3954 28.4636,
	12.399 28.478,
	12.4008 28.4798,
	12.4017 28.4943,
	12.4008 28.5087,
	12.4008 28.5159,
	12.4008 28.5196,
	12.4008 28.5214,
	12.399 28.5232,
	12.3972 28.5377,
	12.3927 28.5521,
	12.3917 28.5593,
	12.389 28.5666,
	12.3881 28.5955,
	12.389 28.6534,
	12.389 28.6823,
	12.3846 28.7113,
	12.3783 28.7402,
	12.3746 28.7475,
	12.361 28.762,
	12.333 28.7872,
	12.3185 28.7999,
	12.304 28.8098,
	12.2969 28.8143,
	12.2933 28.817,
	12.2914 28.817,
	12.2842 28.8216,
	12.2263 28.8461,
	12.1974 28.8605,
	12.1829 28.8686,
	12.1756 28.8713,
	12.1738 28.8713,
	12.1703 28.8741,
	12.1685 28.8759,
	12.1667 28.8759,
	12.1639 28.8795,
	12.1621 28.8795,
	12.1476 28.894,
	12.134 28.9057,
	12.1051 28.9247,
	12.0906 28.9338,
	12.0762 28.9382,
	12.0726 28.9382,
	12.0653 28.9409,
	12.0617 28.9427,
	12.0581 28.9427,
	12.0554 28.9455,
	12.0265 28.9536,
	12.0247 28.9536,
	12.0183 28.9581,
	11.9604 28.979,
	11.9533 28.9808,
	11.946 28.9843,
	11.917 28.9898,
	11.9026 28.9943,
	11.8954 28.9952,
	11.8809 29.0025,
	11.8736 29.007,
	11.8701 29.0079,
	11.8411 29.0277,
	11.8338 29.0314,
	11.8267 29.0368,
	11.823 29.0377,
	11.8158 29.0422,
	11.8122 29.045,
	11.8049 29.0477,
	11.7904 29.0558,
	11.7326 29.0675,
	11.7181 29.0702,
	11.7109 29.0702,
	11.7036 29.073,
	11.6965 29.0739,
	11.6675 29.0838,
	11.6638 29.0865,
	11.6494 29.0911,
	11.6422 29.0929,
	11.6385 29.0929,
	11.6313 29.0965,
	11.6168 29.0992,
	11.5879 29.1083,
	11.5734 29.1118,
	11.5662 29.1145,
	11.5372 29.1173,
	"/>
</Transform>

<Transform dim="0"
 xcoef=" 0 1 0 0 0 0"
 ycoef=" 0 0 1 0 0 0">
<Contour name="D61" hidden="false" closed="true" simplified="true" border="1 0 0" fill="1 0 0" mode="11"
 points="19.8049 29.0955,
	19.7709 29.0896,
	19.7402 29.0721,
	19.7159 29.0451,
	19.6949 28.973,
	19.7003 28.9352,
	19.7159 28.901,
	19.7402 28.8739,
	19.7709 28.8565,
	19.8049 28.8505,
	19.8388 28.8565,
	19.8695 28.8739,
	19.8938 28.901,
	19.9094 28.9352,
	19.9148 28.973,
	19.9094 29.0109,
	19.8938 29.0451,
	19.8695 29.0721,
	19.8388 29.0896,
	"/>
</Transform>

<Transform dim="0"
 xcoef=" 0 1 0 0 0 0"
 ycoef=" 0 0 1 0 0 0">
<Contour name="d56" hidden="false" closed="true" simplified="true" border="0 0 0" fill="0 0 0" mode="11"
 points="24.2337 23.3822,
	24.1554 23.3797,
	24.0772 23.3711,
	24.0576 23.3687,
	24.0528 23.3675,
	24.0516 23.3651,
	24.0417 23.3626,
	24.0393 23.3626,
	24.0381 23.3602,
	24.0185 23.3553,
	24.0088 23.3516,
	23.9696 23.3455,
	23.9598 23.3455,
	23.9501 23.343,
	23.9452 23.3418,
	23.9427 23.3394,
	23.9379 23.3394,
	23.9281 23.3357,
	23.9232 23.3357,
	23.8841 23.3149,
	23.8743 23.3137,
	23.8547 23.3076,
	23.8499 23.3064,
	23.8449 23.3028,
	23.8401 23.3015,
	23.8352 23.2978,
	23.8254 23.2954,
	23.823 23.293,
	23.818 23.2917,
	23.7863 23.2526,
	23.7838 23.2477,
	23.774 23.2379,
	23.7716 23.2331,
	23.7667 23.2293,
	23.7643 23.2245,
	23.7594 23.2196,
	23.7569 23.2147,
	23.7483 23.205,
	23.735 23.1866,
	23.7288 23.1768,
	23.724 23.1731,
	23.7178 23.1634,
	23.7178 23.161,
	23.7141 23.156,
	23.7117 23.1536,
	23.7105 23.1487,
	23.7069 23.1438,
	23.7055 23.1242,
	23.7069 23.0851,
	23.7069 23.0656,
	23.7043 23.0558,
	23.6836 23.0166,
	23.6726 22.9971,
	23.6677 22.9873,
	23.6628 22.9824,
	23.6615 22.9776,
	23.6543 22.9678,
	23.6531 22.9629,
	23.6396 22.9433,
	23.6372 22.9336,
	23.6346 22.9311,
	23.6346 22.9262,
	23.6322 22.9238,
	23.6322 22.9189,
	23.6298 22.9164,
	23.6286 22.9067,
	23.6237 22.8969,
	23.6225 22.8871,
	23.6163 22.8676,
	23.6151 22.848,
	23.6151 22.8443,
	23.6151 22.8431,
	23.62 22.8334,
	23.62 22.8308,
	23.6384 22.8125,
	23.6518 22.793,
	23.6591 22.7832,
	23.6628 22.7783,
	23.6641 22.7734,
	23.675 22.7539,
	23.6836 22.7343,
	23.6836 22.7294,
	23.6872 22.7257,
	23.6934 22.7062,
	23.6934 22.7037,
	23.697 22.6988,
	23.697 22.6964,
	23.7019 22.6928,
	23.7154 22.6732,
	23.7215 22.6634,
	23.7374 22.6243,
	23.7471 22.6047,
	23.7533 22.595,
	23.7704 22.5754,
	23.8095 22.5375,
	23.829 22.5229,
	23.8389 22.5191,
	23.8584 22.5045,
	23.878 22.4874,
	23.8865 22.4775,
	23.8901 22.4727,
	23.8927 22.4629,
	23.8901 22.4605,
	23.8901 22.458,
	23.8841 22.4482,
	23.8768 22.4287,
	23.8755 22.4238,
	23.8559 22.408,
	23.8511 22.4042,
	23.8461 22.3945,
	23.8449 22.3847,
	23.8461 22.3749,
	23.8572 22.3554,
	23.8596 22.3529,
	23.8596 22.3505,
	23.8633 22.3456,
	23.8682 22.3431,
	23.8706 22.3407,
	23.8755 22.3395,
	23.8804 22.3358,
	23.8853 22.3345,
	23.8865 22.3321,
	23.8914 22.3321,
	23.9012 22.3285,
	23.9403 22.3248,
	23.9501 22.326,
	23.955 22.326,
	23.9745 22.3333,
	23.9794 22.3333,
	23.9891 22.3407,
	24.0038 22.3602,
	24.0124 22.3688,
	24.0124 22.3712,
	24.0222 22.3811,
	24.0271 22.3847,
	24.0295 22.3847,
	24.0345 22.3896,
	24.0393 22.3908,
	24.0491 22.3981,
	24.0503 22.4006,
	24.0552 22.4006,
	24.06 22.4042,
	24.0699 22.408,
	24.109 22.4152,
	24.1285 22.4177,
	24.1335 22.4177,
	24.153 22.4238,
	24.1628 22.4263,
	24.1725 22.4263,
	24.1921 22.4323,
	24.2117 22.4434,
	24.2312 22.452,
	24.241 22.4605,
	24.2606 22.4739,
	24.2703 22.4789,
	24.2753 22.4813,
	24.2838 22.4898,
	24.2936 22.4947,
	24.3107 22.5143,
	24.3167 22.5241,
	24.3217 22.5277,
	24.3241 22.5326,
	24.3327 22.5412,
	24.3522 22.5534,
	24.3621 22.5607,
	24.3645 22.5607,
	24.3669 22.5631,
	24.3693 22.5631,
	24.3743 22.5669,
	24.3792 22.5681,
	24.3816 22.5681,
	24.3864 22.5729,
	24.4256 22.5962,
	24.4452 22.6096,
	24.4647 22.6255,
	24.4696 22.6267,
	24.488 22.6426,
	24.5136 22.6818,
	24.5234 22.7013,
	24.5308 22.7111,
	24.5356 22.7209,
	24.538 22.7245,
	24.5429 22.727,
	24.5454 22.7318,
	24.5539 22.7416,
	24.5662 22.7611,
	24.582 22.7808,
	24.6017 22.7967,
	24.6114 22.8039,
	24.6298 22.8223,
	24.6322 22.8236,
	24.6322 22.826,
	24.6517 22.8443,
	24.6591 22.8541,
	24.664 22.8639,
	24.67 22.903,
	24.6713 22.9128,
	24.6774 22.9226,
	24.6859 22.9323,
	24.6884 22.9348,
	24.6982 22.9385,
	24.7178 22.9495,
	24.7275 22.9543,
	24.7361 22.9641,
	24.7422 22.9739,
	24.7471 22.9776,
	24.7593 22.9971,
	24.7618 23.002,
	24.7666 23.0057,
	24.7678 23.0106,
	24.7801 23.0301,
	24.7837 23.035,
	24.7837 23.0375,
	24.7899 23.0473,
	24.7935 23.0521,
	24.8009 23.0717,
	24.8082 23.1108,
	24.8082 23.1303,
	24.8058 23.1499,
	24.8058 23.1548,
	24.8021 23.1597,
	24.8009 23.1646,
	24.7862 23.1841,
	24.7837 23.1866,
	24.7837 23.1891,
	24.774 23.1988,
	24.7556 23.211,
	24.7471 23.2172,
	24.7422 23.2208,
	24.7397 23.2208,
	24.7214 23.2391,
	24.719 23.244,
	24.7166 23.2465,
	24.7128 23.2562,
	24.6994 23.2759,
	24.6957 23.2807,
	24.6945 23.2856,
	24.6786 23.304,
	24.6738 23.3088,
	24.6542 23.3211,
	24.6346 23.3296,
	24.615 23.3357,
	24.6053 23.3382,
	24.5955 23.343,
	24.576 23.348,
	24.5564 23.3553,
	24.5515 23.3553,
	24.5466 23.3589,
	24.5075 23.3699,
	24.488 23.3773,
	24.4684 23.3809,
	24.3119 23.3809,
	"/>
</Transform>

<Transform dim="0"
 xcoef=" 0 1 0 0 0 0"
 ycoef=" 0 0 1 0 0 0">
<Contour name="d38" hidden="false" closed="true" simplified="true" border="0 0 0" fill="0 0 0" mode="11"
 points="23.0566 22.8363,
	23.0382 22.8352,
	23.029 22.834,
	23.0244 22.834,
	23.0197 22.8317,
	23.0175 22.8317,
	23.0152 22.8294,
	23.0106 22.8294,
	22.9921 22.8236,
	22.983 22.8202,
	22.9783 22.8178,
	22.9691 22.8167,
	22.9645 22.8133,
	22.9622 22.8133,
	22.9599 22.811,
	22.9506 22.8087,
	22.9415 22.804,
	22.9392 22.8017,
	22.9368 22.8017,
	22.9277 22.7949,
	22.923 22.7914,
	22.9207 22.7914,
	22.9161 22.7868,
	22.9116 22.7856,
	22.9046 22.7788,
	22.8954 22.7729,
	22.8908 22.7695,
	22.8885 22.7695,
	22.8713 22.758,
	22.8678 22.7545,
	22.8632 22.7534,
	22.854 22.7476,
	22.8505 22.7453,
	22.8482 22.7453,
	22.839 22.7396,
	22.8378 22.7373,
	22.8332 22.7373,
	22.8321 22.735,
	22.8298 22.735,
	22.8125 22.7235,
	22.7941 22.7154,
	22.7849 22.7108,
	22.7802 22.7085,
	22.7779 22.7062,
	22.7688 22.7027,
	22.7664 22.7027,
	22.7618 22.6993,
	22.7596 22.6993,
	22.7573 22.697,
	22.7526 22.6958,
	22.7503 22.6958,
	22.7412 22.69,
	22.7227 22.6843,
	22.7181 22.6832,
	22.7158 22.6809,
	22.7112 22.6809,
	22.7088 22.6786,
	22.7066 22.6786,
	22.6974 22.6728,
	22.695 22.6728,
	22.6801 22.6612,
	22.6778 22.6612,
	22.6743 22.6567,
	22.6698 22.6544,
	22.6662 22.6498,
	22.6617 22.6474,
	22.649 22.629,
	22.6479 22.6245,
	22.6456 22.6222,
	22.6444 22.6037,
	22.6386 22.5853,
	22.6363 22.583,
	22.6363 22.5807,
	22.6191 22.568,
	22.6007 22.5599,
	22.5822 22.5588,
	22.573 22.5565,
	22.5684 22.5554,
	22.5592 22.5472,
	22.5558 22.5381,
	22.5558 22.5289,
	22.5558 22.5243,
	22.5558 22.5231,
	22.5615 22.5139,
	22.5649 22.5046,
	22.5684 22.5012,
	22.5719 22.492,
	22.5776 22.4552,
	22.5799 22.4368,
	22.581 22.4275,
	22.5937 22.3907,
	22.6041 22.3539,
	22.6052 22.2064,
	22.6075 22.188,
	22.6122 22.1696,
	22.626 22.1328,
	22.6363 22.096,
	22.6363 22.0913,
	22.6386 22.089,
	22.6421 22.0798,
	22.6433 22.0752,
	22.6501 22.066,
	22.6548 22.0625,
	22.6732 22.0614,
	22.6824 22.066,
	22.687 22.066,
	22.6882 22.0683,
	22.6962 22.0718,
	22.7054 22.0706,
	22.7192 22.0556,
	22.7227 22.051,
	22.725 22.0498,
	22.7262 22.0453,
	22.7308 22.0418,
	22.7331 22.0407,
	22.7331 22.0384,
	22.7515 22.0269,
	22.7699 22.0199,
	22.8067 22.0199,
	22.8804 22.0142,
	22.9173 22.0199,
	22.9357 22.0246,
	22.9542 22.0257,
	22.968 22.0257,
	22.9726 22.028,
	22.9771 22.028,
	23.014 22.0395,
	23.0324 22.0418,
	23.1061 22.043,
	23.143 22.0418,
	23.1614 22.0418,
	23.1983 22.0372,
	23.235 22.036,
	23.2535 22.0384,
	23.2627 22.0384,
	23.2719 22.0418,
	23.2765 22.043,
	23.2788 22.043,
	23.2835 22.0464,
	23.2858 22.0487,
	23.295 22.051,
	23.3134 22.066,
	23.3191 22.0729,
	23.3226 22.0763,
	23.3238 22.081,
	23.3238 22.0833,
	23.3191 22.0879,
	23.3191 22.0901,
	23.3007 22.1086,
	23.2926 22.1166,
	23.2903 22.1166,
	23.2731 22.1339,
	23.2374 22.165,
	23.2028 22.1984,
	23.1879 22.2157,
	23.1798 22.2249,
	23.1775 22.2295,
	23.1614 22.2479,
	23.1568 22.2526,
	23.1303 22.2893,
	23.1303 22.2916,
	23.1257 22.2963,
	23.1234 22.3009,
	23.1418 22.3032,
	23.1453 22.3066,
	23.2236 22.6014,
	23.2627 22.7488,
	23.2731 22.7856,
	23.2754 22.7949,
	23.2742 22.7972,
	23.265 22.7983,
	23.2558 22.8017,
	23.2189 22.8017,
	23.2005 22.8053,
	23.1913 22.8064,
	23.1741 22.8144,
	23.1648 22.8178,
	23.1602 22.8191,
	23.1579 22.8214,
	23.1487 22.8248,
	23.1396 22.8259,
	23.1303 22.8294,
	23.1257 22.8294,
	23.1211 22.8317,
	23.1165 22.8317,
	23.1119 22.834,
	23.075 22.8352,
	"/>
</Transform>

<Transform dim="0"
 xcoef=" 0 1 0 0 0 0"
 ycoef=" 0 0 1 0 0 0">
<Contour name="d28sp06" hidden="false" closed="true" simplified="true" border="1 0 0" fill="1 0 0" mode="11"
 points="7.35821 24.1418,
	7.33902 24.1387,
	7.32102 24.1321,
	7.31202 24.1268,
	7.30362 24.1201,
	7.28502 24.1063,
	7.28502 24.1051,
	7.28382 24.1051,
	7.27601 24.0979,
	7.27181 24.0943,
	7.27061 24.0925,
	7.26942 24.0919,
	7.26942 24.0907,
	7.26702 24.0889,
	7.26702 24.0877,
	7.26402 24.0842,
	7.26282 24.0817,
	7.26161 24.0811,
	7.25741 24.0727,
	7.25502 24.0679,
	7.25502 24.0667,
	7.25382 24.0655,
	7.25321 24.0607,
	7.25142 24.056,
	7.25142 24.0535,
	7.25021 24.0523,
	7.25021 24.0331,
	7.25021 24.0307,
	7.25021 24.0301,
	7.25021 24.0295,
	7.25262 24.0199,
	7.25382 24.0175,
	7.25382 24.0151,
	7.25982 23.9959,
	7.26041 23.9935,
	7.26161 23.9923,
	7.26161 23.9899,
	7.26282 23.9893,
	7.26341 23.9869,
	7.26461 23.9863,
	7.26522 23.9839,
	7.26702 23.9821,
	7.26761 23.9797,
	7.27542 23.9737,
	7.28021 23.9714,
	7.31861 23.9677,
	7.33782 23.9689,
	7.34742 23.9708,
	7.36661 23.9714,
	7.36902 23.9702,
	7.37022 23.9702,
	7.37141 23.9689,
	7.37381 23.9689,
	7.37862 23.9671,
	7.38101 23.9659,
	7.38221 23.9659,
	7.38462 23.9641,
	7.38941 23.9629,
	7.39361 23.9605,
	7.39602 23.9587,
	7.39841 23.9581,
	7.40022 23.9563,
	7.40981 23.9545,
	7.41221 23.9545,
	7.41461 23.9557,
	7.41582 23.9557,
	7.41702 23.957,
	7.41821 23.957,
	7.43621 23.9719,
	7.44461 23.9797,
	7.44761 23.9833,
	7.45002 23.9852,
	7.45301 23.9893,
	7.45361 23.9917,
	7.45542 23.9935,
	7.45601 23.9959,
	7.45781 23.9983,
	7.45842 24.0031,
	7.45962 24.0043,
	7.46262 24.014,
	7.46682 24.0229,
	7.46921 24.0278,
	7.47341 24.0319,
	7.47701 24.0349,
	7.47881 24.0367,
	7.48721 24.0403,
	7.48841 24.0403,
	7.48901 24.0416,
	7.49141 24.0416,
	7.49441 24.0457,
	7.49561 24.0505,
	7.49321 24.0601,
	7.48962 24.0698,
	7.48841 24.0745,
	7.48661 24.0769,
	7.48661 24.0793,
	7.48242 24.0877,
	7.47941 24.0925,
	7.47881 24.0949,
	7.47581 24.0997,
	7.47461 24.1003,
	7.47402 24.1027,
	7.47221 24.1051,
	7.47101 24.1051,
	7.47101 24.1063,
	7.46321 24.1136,
	7.45901 24.1165,
	7.45721 24.1183,
	7.45601 24.1183,
	7.45361 24.1207,
	7.44402 24.1243,
	7.44161 24.1261,
	7.43921 24.1268,
	7.43681 24.1285,
	7.43442 24.1285,
	7.43201 24.1297,
	7.43081 24.1309,
	7.42601 24.1321,
	7.42481 24.1321,
	7.42241 24.1339,
	7.42002 24.1339,
	7.41761 24.1357,
	7.41521 24.1363,
	7.41401 24.1363,
	7.41341 24.1375,
	7.41101 24.1375,
	7.40621 24.1393,
	7.39661 24.1412,
	"/>
</Transform>

<Transform dim="0"
 xcoef=" 0 1 0 0 0 0"
 ycoef=" 0 0 1 0 0 0">
<Contour name="d56sp10" hidden="false" closed="true" simplified="true" border="1 0 0" fill="1 0 0" mode="11"
 points="24.9359 22.4275,
	24.9239 22.426,
	24.9119 22.4223,
	24.9089 22.4207,
	24.9074 22.4207,
	24.9059 22.4192,
	24.9044 22.4192,
	24.9014 22.417,
	24.8894 22.4133,
	24.8864 22.4118,
	24.8834 22.4118,
	24.8804 22.4103,
	24.8789 22.4103,
	24.8759 22.408,
	24.8646 22.4035,
	24.8587 22.399,
	24.8571 22.399,
	24.8474 22.39,
	24.8369 22.3795,
	24.8316 22.3742,
	24.8294 22.3712,
	24.8271 22.3697,
	24.8211 22.3645,
	24.8128 22.3547,
	24.8098 22.3532,
	24.8016 22.3427,
	24.7956 22.3307,
	24.7933 22.3247,
	24.7926 22.3127,
	24.7941 22.3007,
	24.7978 22.2947,
	24.7985 22.2834,
	24.7941 22.2714,
	24.7918 22.2594,
	24.7911 22.2474,
	24.7911 22.2414,
	24.7911 22.2384,
	24.7911 22.2369,
	24.7911 22.2362,
	24.7948 22.2121,
	24.8 22.1881,
	24.8016 22.1761,
	24.8016 22.1281,
	24.8016 22.1161,
	24.8016 22.1101,
	24.8039 22.104,
	24.8039 22.1011,
	24.8076 22.0951,
	24.8143 22.071,
	24.8189 22.047,
	24.8196 22.041,
	24.8241 22.029,
	24.8256 22.023,
	24.8331 22.011,
	24.8354 22.008,
	24.8354 22.0065,
	24.8398 22.0012,
	24.8421 21.9983,
	24.8437 21.9975,
	24.8437 21.996,
	24.8519 21.9855,
	24.8548 21.9825,
	24.8563 21.9802,
	24.8594 21.9779,
	24.8631 21.972,
	24.8661 21.969,
	24.8676 21.9659,
	24.8706 21.9637,
	24.8789 21.9517,
	24.8872 21.942,
	24.8887 21.939,
	24.8931 21.9352,
	24.8954 21.9322,
	24.8976 21.9307,
	24.8998 21.9277,
	24.9029 21.927,
	24.9074 21.9217,
	24.9089 21.9217,
	24.9134 21.9172,
	24.9194 21.9127,
	24.9307 21.9059,
	24.9427 21.8977,
	24.9442 21.8962,
	24.9457 21.8962,
	24.9517 21.8924,
	24.9532 21.8909,
	24.9652 21.8857,
	24.9712 21.8849,
	24.972 21.8835,
	24.9779 21.8811,
	24.9809 21.8796,
	24.9824 21.8796,
	24.9885 21.8752,
	24.9915 21.8744,
	25.014 21.8602,
	25.0252 21.8511,
	25.0365 21.8437,
	25.0605 21.8369,
	25.0665 21.8361,
	25.0785 21.8324,
	25.0905 21.8301,
	25.1011 21.8301,
	25.1048 21.8361,
	25.1048 21.8376,
	25.1063 21.8392,
	25.1085 21.8511,
	25.11 21.8572,
	25.1107 21.8587,
	25.1122 21.8587,
	25.1243 21.8669,
	25.1272 21.8692,
	25.1288 21.8692,
	25.14 21.8796,
	25.1416 21.8804,
	25.1416 21.882,
	25.1453 21.8879,
	25.1476 21.8939,
	25.1476 21.8955,
	25.1498 21.8985,
	25.1498 21.8999,
	25.1513 21.9014,
	25.1528 21.9074,
	25.1588 21.9194,
	25.1611 21.9224,
	25.1626 21.924,
	25.1626 21.9255,
	25.1655 21.9285,
	25.1685 21.9344,
	25.1731 21.9405,
	25.1731 21.942,
	25.1768 21.9479,
	25.1791 21.96,
	25.1791 21.972,
	25.1776 21.984,
	25.1738 21.996,
	25.1723 22.002,
	25.1723 22.0035,
	25.1709 22.005,
	25.1693 22.011,
	25.1678 22.014,
	25.1678 22.017,
	25.1633 22.029,
	25.1566 22.0531,
	25.1528 22.065,
	25.1513 22.077,
	25.1498 22.0801,
	25.1461 22.104,
	25.1438 22.1281,
	25.1438 22.1761,
	25.1438 22.2001,
	25.1453 22.2242,
	25.1453 22.2301,
	25.1468 22.2362,
	25.1476 22.2481,
	25.149 22.2542,
	25.149 22.2572,
	25.1513 22.2624,
	25.152 22.2684,
	25.1543 22.2744,
	25.1559 22.2774,
	25.1559 22.2789,
	25.1573 22.2797,
	25.1573 22.2827,
	25.1685 22.3066,
	25.1701 22.3127,
	25.1716 22.3142,
	25.1783 22.3382,
	25.1783 22.3412,
	25.1844 22.3532,
	25.1888 22.3585,
	25.1888 22.3599,
	25.1926 22.3653,
	25.1948 22.3712,
	25.1963 22.3832,
	25.1941 22.3862,
	25.1933 22.3892,
	25.1881 22.3945,
	25.1768 22.399,
	25.1709 22.4005,
	25.1468 22.4012,
	25.1407 22.4012,
	25.1348 22.4027,
	25.1318 22.4027,
	25.1198 22.4064,
	25.1168 22.408,
	25.1153 22.408,
	25.1122 22.4103,
	25.1003 22.4133,
	25.0988 22.4147,
	25.0957 22.4147,
	25.095 22.4162,
	25.089 22.417,
	25.0861 22.4177,
	25.0845 22.4177,
	25.083 22.4192,
	25.077 22.42,
	25.071 22.4223,
	25.047 22.4253,
	25.029 22.4253,
	25.017 22.423,
	25.005 22.423,
	24.9989 22.4223,
	24.975 22.4245,
	24.972 22.426,
	24.96 22.4275,
	"/>
</Transform>

<Transform dim="0"
 xcoef=" 0 1 0 0 0 0"
 ycoef=" 0 0 1 0 0 0">
<Contour name="d39sp07" hidden="false" closed="true" simplified="true" border="1 0 0" fill="1 0 0" mode="11"
 points="11.7591 29.5577,
	11.727 29.5546,
	11.711 29.5496,
	11.7029 29.5456,
	11.6879 29.5406,
	11.6798 29.5366,
	11.6758 29.5366,
	11.6598 29.5306,
	11.6518 29.5286,
	11.6438 29.5286,
	11.6357 29.5265,
	11.6317 29.5245,
	11.6157 29.5215,
	11.6076 29.5196,
	11.6037 29.5186,
	11.6017 29.5166,
	11.5936 29.5156,
	11.5856 29.5115,
	11.5776 29.5095,
	11.5756 29.5075,
	11.5595 29.5025,
	11.5515 29.4995,
	11.5475 29.4975,
	11.5455 29.4975,
	11.5435 29.4955,
	11.5415 29.4955,
	11.5394 29.4935,
	11.5234 29.4885,
	11.5224 29.4865,
	11.5144 29.4844,
	11.5104 29.4824,
	11.5084 29.4824,
	11.5064 29.4804,
	11.4984 29.4784,
	11.4974 29.4764,
	11.4894 29.4735,
	11.4743 29.4634,
	11.4672 29.4563,
	11.4633 29.4484,
	11.4623 29.4444,
	11.4623 29.4424,
	11.4603 29.4403,
	11.4583 29.4323,
	11.4583 29.4163,
	11.4583 29.4122,
	11.4583 29.4112,
	11.4583 29.4102,
	11.4603 29.4082,
	11.4633 29.4003,
	11.4643 29.3962,
	11.4693 29.3882,
	11.4713 29.3862,
	11.4713 29.3841,
	11.4773 29.3782,
	11.4854 29.3701,
	11.4984 29.3572,
	11.5054 29.3501,
	11.5125 29.3341,
	11.5144 29.326,
	11.5144 29.318,
	11.5204 29.302,
	11.5244 29.2859,
	11.5305 29.2698,
	11.5325 29.2658,
	11.5335 29.2579,
	11.5435 29.2257,
	11.5465 29.2107,
	11.5495 29.2027,
	11.5505 29.1947,
	11.5535 29.1867,
	11.5535 29.1706,
	11.5535 29.1666,
	11.5465 29.1505,
	11.5425 29.1435,
	11.5384 29.1405,
	11.5345 29.1395,
	11.5325 29.1375,
	11.5244 29.1365,
	11.5224 29.1345,
	11.5204 29.1345,
	11.5184 29.1325,
	11.5144 29.1315,
	11.5104 29.1284,
	11.5084 29.1284,
	11.5044 29.1245,
	11.5024 29.1245,
	11.4943 29.1185,
	11.4894 29.1114,
	11.4884 29.1094,
	11.4894 29.1074,
	11.5054 29.1074,
	11.5214 29.1094,
	11.5295 29.1114,
	11.5615 29.1104,
	11.5776 29.1074,
	11.5856 29.1044,
	11.5896 29.1034,
	11.5906 29.1054,
	11.5886 29.1064,
	11.5886 29.1104,
	11.5866 29.1124,
	11.5866 29.1205,
	11.5896 29.1284,
	11.5946 29.1365,
	11.5946 29.1385,
	11.5977 29.1405,
	11.6017 29.1476,
	11.6037 29.1505,
	11.6167 29.1616,
	11.6187 29.1616,
	11.6227 29.1656,
	11.6247 29.1656,
	11.6327 29.1716,
	11.6337 29.1736,
	11.6377 29.1746,
	11.6668 29.1957,
	11.6939 29.2178,
	11.6999 29.2247,
	11.7029 29.2267,
	11.7059 29.2308,
	11.712 29.2358,
	11.72 29.2427,
	11.726 29.2478,
	11.73 29.2518,
	11.732 29.2548,
	11.746 29.2698,
	11.752 29.2779,
	11.7651 29.2909,
	11.7721 29.2969,
	11.7771 29.302,
	11.7771 29.304,
	11.7812 29.307,
	11.7822 29.309,
	11.7842 29.309,
	11.7912 29.316,
	11.7951 29.318,
	11.8032 29.326,
	11.8052 29.326,
	11.8113 29.3321,
	11.8192 29.339,
	11.8323 29.3491,
	11.8453 29.3621,
	11.8584 29.3772,
	11.8653 29.3851,
	11.8684 29.3882,
	11.8694 29.3912,
	11.8744 29.3982,
	11.8774 29.4023,
	11.8804 29.4043,
	11.8825 29.4082,
	11.8894 29.4132,
	11.8965 29.4203,
	11.9256 29.4403,
	11.9296 29.4434,
	11.9376 29.4464,
	11.9386 29.4484,
	11.9456 29.4513,
	11.9616 29.4614,
	11.9656 29.4644,
	11.9697 29.4715,
	11.9707 29.4875,
	11.9707 29.4915,
	11.9687 29.4955,
	11.9616 29.5025,
	11.9576 29.5055,
	11.9416 29.5095,
	11.9095 29.5105,
	11.9055 29.5105,
	11.8894 29.5176,
	11.8815 29.5215,
	11.8794 29.5235,
	11.8774 29.5235,
	11.8734 29.5265,
	11.8714 29.5286,
	11.8694 29.5286,
	11.8653 29.5316,
	11.8613 29.5326,
	11.8574 29.5356,
	11.8413 29.5406,
	11.8333 29.5427,
	11.8293 29.5427,
	11.8273 29.5446,
	11.8113 29.5476,
	11.8072 29.5496,
	11.7751 29.5556,
	"/>
</Transform>

<Transform dim="0"
 xcoef=" 0 1 0 0 0 0"
 ycoef=" 0 0 1 0 0 0">
<Contour name="d63sp09" hidden="false" closed="true" simplified="true" border="1 0 0" fill="1 0 0" mode="11"
 points="19.7236 26.1779,
	19.7194 26.1748,
	19.7173 26.1726,
	19.7173 26.1705,
	19.7142 26.1674,
	19.7142 26.1653,
	19.711 26.1612,
	19.71 26.1569,
	19.7069 26.1527,
	19.7069 26.1486,
	19.7048 26.1465,
	19.7048 26.1423,
	19.7017 26.1339,
	19.6985 26.1004,
	19.6985 26.0837,
	19.6985 26.0764,
	19.6985 26.0753,
	19.7017 26.0585,
	19.7048 25.9916,
	19.7058 25.9581,
	19.7058 25.9413,
	19.71 25.9246,
	19.7184 25.9079,
	19.731 25.8932,
	19.7403 25.8765,
	19.7446 25.8597,
	19.7477 25.8262,
	19.7477 25.8095,
	19.7477 25.8011,
	19.7477 25.7969,
	19.7561 25.7917,
	19.7644 25.7896,
	19.7811 25.7907,
	19.7895 25.7938,
	19.7937 25.7948,
	19.7958 25.7948,
	19.8 25.798,
	19.8011 25.8,
	19.8094 25.8031,
	19.8137 25.8064,
	19.8209 25.8095,
	19.8366 25.8189,
	19.8409 25.8221,
	19.8429 25.8221,
	19.844 25.8241,
	19.8481 25.8241,
	19.8523 25.8273,
	19.8607 25.8304,
	19.8691 25.8314,
	19.8733 25.8336,
	19.8754 25.8336,
	19.8774 25.8357,
	19.8942 25.8409,
	19.9026 25.8429,
	19.9067 25.8429,
	19.9152 25.8461,
	19.9235 25.8461,
	19.9277 25.8482,
	19.9298 25.8482,
	19.9381 25.8534,
	19.9455 25.8608,
	19.9507 25.8681,
	19.9539 25.8712,
	19.9539 25.8755,
	19.957 25.8838,
	19.957 25.8879,
	19.9591 25.8922,
	19.9591 25.9089,
	19.9539 25.9424,
	19.9517 25.9497,
	19.9496 25.9518,
	19.9476 25.9601,
	19.9465 25.9644,
	19.9371 25.9811,
	19.9319 25.9895,
	19.9308 25.9937,
	19.9308 25.9958,
	19.9288 25.9978,
	19.9256 26.0313,
	19.9245 26.0397,
	19.9235 26.0439,
	19.9214 26.046,
	19.9203 26.0502,
	19.9152 26.0585,
	19.9109 26.0617,
	19.889 26.0921,
	19.8859 26.0962,
	19.8816 26.0983,
	19.8795 26.1026,
	19.8754 26.1046,
	19.868 26.1119,
	19.8659 26.1119,
	19.8576 26.1183,
	19.8492 26.1214,
	19.845 26.1224,
	19.8409 26.1255,
	19.8366 26.1266,
	19.8345 26.1266,
	19.8273 26.1319,
	19.8188 26.135,
	19.8147 26.1381,
	19.8063 26.1412,
	19.798 26.1423,
	19.7811 26.1486,
	19.7728 26.1507,
	19.7571 26.1601,
	19.7414 26.1653,
	19.733 26.1715,
	19.7299 26.1758,
	19.7257 26.1779,
	"/>
</Transform>

<Transform dim="0"
 xcoef=" 0 1 0 0 0 0"
 ycoef=" 0 0 1 0 0 0">
<Contour name="d56sp06" hidden="false" closed="true" simplified="true" border="1 0 0" fill="1 0 0" mode="11"
 points="23.8195 23.2915,
	23.8172 23.2898,
	23.8083 23.2882,
	23.7993 23.2847,
	23.7949 23.2836,
	23.7926 23.2819,
	23.7881 23.2808,
	23.7842 23.278,
	23.7752 23.2753,
	23.7707 23.2735,
	23.7685 23.2729,
	23.7506 23.2624,
	23.746 23.2595,
	23.7449 23.2595,
	23.7433 23.2578,
	23.741 23.2573,
	23.7366 23.2539,
	23.7355 23.2539,
	23.7337 23.2522,
	23.7326 23.2522,
	23.7309 23.2506,
	23.7287 23.25,
	23.7254 23.2472,
	23.7209 23.2444,
	23.7191 23.2427,
	23.7169 23.2421,
	23.713 23.2382,
	23.7091 23.2354,
	23.7057 23.2315,
	23.704 23.2292,
	23.704 23.227,
	23.7029 23.2248,
	23.7018 23.2069,
	23.7018 23.1979,
	23.7018 23.194,
	23.7018 23.1934,
	23.7034 23.1755,
	23.704 23.1575,
	23.7051 23.1486,
	23.7057 23.144,
	23.7069 23.1418,
	23.7069 23.1373,
	23.708 23.1351,
	23.7086 23.1346,
	23.7136 23.1435,
	23.7147 23.1451,
	23.7169 23.1475,
	23.7169 23.1486,
	23.7203 23.153,
	23.7215 23.1547,
	23.7237 23.1569,
	23.7248 23.158,
	23.7248 23.1591,
	23.7287 23.1631,
	23.7343 23.1704,
	23.7405 23.1788,
	23.7523 23.194,
	23.7523 23.1951,
	23.7562 23.199,
	23.7584 23.2029,
	23.7584 23.2041,
	23.7646 23.2119,
	23.7707 23.2209,
	23.773 23.2225,
	23.7735 23.2248,
	23.7757 23.2264,
	23.777 23.2287,
	23.7786 23.2298,
	23.7797 23.2321,
	23.7797 23.2332,
	23.782 23.2349,
	23.7875 23.2427,
	23.7875 23.2438,
	23.7943 23.2522,
	23.7999 23.2607,
	23.8128 23.278,
	23.8189 23.287,
	23.8218 23.291,
	"/>
</Transform>

<Transform dim="0"
 xcoef=" 0 1 0 0 0 0"
 ycoef=" 0 0 1 0 0 0">
<Contour name="d56sp06" hidden="false" closed="true" simplified="true" border="1 0 0" fill="1 0 0" mode="11"
 points="23.3772 23.2188,
	23.3699 23.2179,
	23.3662 23.2164,
	23.3625 23.216,
	23.3606 23.2151,
	23.3597 23.2151,
	23.3579 23.2137,
	23.3542 23.2128,
	23.3524 23.2114,
	23.3486 23.21,
	23.3468 23.2096,
	23.3463 23.2086,
	23.3445 23.2086,
	23.3436 23.2077,
	23.3426 23.2077,
	23.3417 23.2068,
	23.3408 23.2068,
	23.3371 23.2045,
	23.3361 23.2036,
	23.3343 23.2031,
	23.3329 23.2012,
	23.332 23.2012,
	23.3256 23.1962,
	23.3228 23.1939,
	23.3168 23.1874,
	23.314 23.1846,
	23.3081 23.1777,
	23.3052 23.174,
	23.3011 23.1666,
	23.3011 23.1648,
	23.3011 23.1639,
	23.3002 23.163,
	23.2988 23.1555,
	23.2979 23.1519,
	23.2979 23.1371,
	23.2979 23.1352,
	23.2979 23.1348,
	23.2979 23.1343,
	23.3002 23.1269,
	23.3011 23.1251,
	23.3011 23.1232,
	23.3034 23.1196,
	23.3043 23.1191,
	23.3047 23.1172,
	23.3075 23.1144,
	23.3113 23.1121,
	23.3186 23.1117,
	23.326 23.1126,
	23.3297 23.114,
	23.3315 23.1144,
	23.3325 23.1153,
	23.3361 23.1158,
	23.3399 23.1177,
	23.3472 23.1196,
	23.3491 23.1205,
	23.35 23.1205,
	23.3505 23.1214,
	23.3579 23.1237,
	23.3597 23.1237,
	23.3606 23.1246,
	23.3643 23.1255,
	23.3662 23.126,
	23.3671 23.1269,
	23.369 23.1269,
	23.3699 23.1278,
	23.3736 23.1283,
	23.3768 23.1296,
	23.3786 23.1301,
	23.3796 23.131,
	23.3944 23.1357,
	23.3981 23.1375,
	23.4017 23.1385,
	23.4054 23.1407,
	23.4072 23.1417,
	23.4083 23.1417,
	23.4142 23.1477,
	23.4183 23.1551,
	23.4206 23.1587,
	23.4215 23.1625,
	23.423 23.1643,
	23.4235 23.1662,
	23.4249 23.168,
	23.4249 23.1698,
	23.4258 23.1717,
	23.4258 23.1726,
	23.4267 23.1735,
	23.4299 23.1883,
	23.4299 23.1957,
	23.4285 23.1994,
	23.4281 23.2012,
	23.4221 23.2086,
	23.4183 23.2114,
	23.4147 23.2132,
	23.411 23.2142,
	23.4105 23.2151,
	23.4068 23.2164,
	23.392 23.2188,
	"/>
</Transform>

<Transform dim="0"
 xcoef=" 0 1 0 0 0 0"
 ycoef=" 0 0 1 0 0 0">
<Contour name="d39c07" hidden="false" closed="true" simplified="true" border="0 0 1" fill="0 0 1" mode="11"
 points="11.6839 29.5898,
	11.6679 29.5888,
	11.6598 29.5878,
	11.6438 29.5827,
	11.6278 29.5757,
	11.6197 29.5737,
	11.6177 29.5717,
	11.6017 29.5686,
	11.5936 29.5667,
	11.5916 29.5667,
	11.5896 29.5647,
	11.5736 29.5597,
	11.5655 29.5567,
	11.5615 29.5546,
	11.5595 29.5546,
	11.5576 29.5526,
	11.5535 29.5516,
	11.5515 29.5496,
	11.5475 29.5486,
	11.5445 29.5456,
	11.5405 29.5446,
	11.5364 29.5416,
	11.5325 29.5406,
	11.5255 29.5356,
	11.5214 29.5326,
	11.5194 29.5326,
	11.5115 29.5255,
	11.5064 29.5186,
	11.5044 29.5105,
	11.5044 29.4945,
	11.5044 29.4905,
	11.5044 29.4895,
	11.5064 29.4855,
	11.5074 29.4774,
	11.5104 29.4694,
	11.5115 29.4654,
	11.5144 29.4614,
	11.5144 29.4594,
	11.5224 29.4523,
	11.5265 29.4504,
	11.5275 29.4484,
	11.5355 29.4464,
	11.5374 29.4444,
	11.5535 29.4424,
	11.5856 29.4454,
	11.6177 29.4504,
	11.6258 29.4523,
	11.6337 29.4563,
	11.6377 29.4574,
	11.6418 29.4604,
	11.6458 29.4614,
	11.6538 29.4664,
	11.6568 29.4694,
	11.6588 29.4694,
	11.6648 29.4754,
	11.6689 29.4794,
	11.6719 29.4814,
	11.6749 29.4855,
	11.6768 29.4875,
	11.6788 29.4875,
	11.6798 29.4895,
	11.6879 29.4915,
	11.6919 29.4945,
	11.696 29.4955,
	11.6999 29.4984,
	11.7019 29.4984,
	11.7039 29.5005,
	11.712 29.5035,
	11.715 29.5045,
	11.719 29.5085,
	11.726 29.5136,
	11.733 29.5206,
	11.735 29.5286,
	11.734 29.5446,
	11.729 29.5607,
	11.726 29.5676,
	11.725 29.5717,
	11.719 29.5797,
	11.712 29.5848,
	11.7079 29.5848,
	11.6999 29.5878,
	"/>
</Transform>

<Transform dim="0"
 xcoef=" 0 1 0 0 0 0"
 ycoef=" 0 0 1 0 0 0">
<Contour name="d63sp15" hidden="false" closed="true" simplified="true" border="1 0 0" fill="1 0 0" mode="11"
 points="20.6373 28.1486,
	20.6283 28.147,
	20.6238 28.1453,
	20.6216 28.1453,
	20.6204 28.1442,
	20.6159 28.1425,
	20.6137 28.1414,
	20.6092 28.1408,
	20.6087 28.1397,
	20.6063 28.1391,
	20.6041 28.1375,
	20.603 28.1375,
	20.5985 28.1347,
	20.5951 28.1307,
	20.5951 28.1295,
	20.594 28.129,
	20.5911 28.1199,
	20.5895 28.1155,
	20.5895 28.1144,
	20.5839 28.1053,
	20.5805 28.1014,
	20.5805 28.1003,
	20.576 28.0958,
	20.5737 28.0942,
	20.5715 28.0936,
	20.567 28.0901,
	20.5625 28.0885,
	20.5613 28.0874,
	20.5434 28.0818,
	20.5343 28.0761,
	20.5282 28.0705,
	20.5271 28.0694,
	20.5265 28.0671,
	20.5197 28.0592,
	20.5175 28.057,
	20.5164 28.0553,
	20.508 28.0474,
	20.5045 28.0435,
	20.5034 28.0424,
	20.5034 28.0413,
	20.4995 28.0368,
	20.4973 28.0328,
	20.4939 28.0289,
	20.4921 28.0266,
	20.4916 28.0244,
	20.4893 28.0222,
	20.4843 28.0137,
	20.4838 28.0114,
	20.4804 28.0069,
	20.4798 28.0046,
	20.477 28.0007,
	20.4758 27.9985,
	20.4758 27.9974,
	20.4742 27.9957,
	20.4736 27.9935,
	20.4719 27.9911,
	20.4719 27.9889,
	20.4686 27.98,
	20.4651 27.9619,
	20.464 27.9439,
	20.464 27.9422,
	20.464 27.9417,
	20.4663 27.9372,
	20.468 27.9349,
	20.4686 27.9326,
	20.4703 27.9304,
	20.4703 27.9293,
	20.4719 27.9271,
	20.4725 27.9248,
	20.4775 27.9158,
	20.4826 27.908,
	20.4838 27.9056,
	20.4838 27.9045,
	20.4871 27.9001,
	20.4877 27.8984,
	20.491 27.8939,
	20.4933 27.8899,
	20.495 27.8877,
	20.4956 27.8854,
	20.5017 27.877,
	20.5045 27.8725,
	20.5068 27.8702,
	20.508 27.868,
	20.5091 27.868,
	20.513 27.864,
	20.5175 27.8612,
	20.5219 27.8601,
	20.5265 27.8579,
	20.5287 27.8567,
	20.5332 27.8562,
	20.5422 27.8523,
	20.5445 27.8506,
	20.5456 27.8506,
	20.5467 27.8494,
	20.5647 27.8449,
	20.5828 27.8432,
	20.5917 27.8427,
	20.6007 27.841,
	20.6098 27.841,
	20.6277 27.8393,
	20.6368 27.8388,
	20.6413 27.8377,
	20.6772 27.8359,
	20.6953 27.8331,
	20.7042 27.8331,
	20.7088 27.8336,
	20.7132 27.8353,
	20.7155 27.8353,
	20.7199 27.8371,
	20.7245 27.8377,
	20.7335 27.8404,
	20.7695 27.8444,
	20.7875 27.8466,
	20.7919 27.8477,
	20.7943 27.8477,
	20.7965 27.8488,
	20.801 27.8488,
	20.8054 27.8506,
	20.8235 27.8534,
	20.8325 27.8551,
	20.8347 27.8551,
	20.8393 27.8567,
	20.8437 27.8573,
	20.8482 27.8595,
	20.8494 27.8607,
	20.8505 27.8607,
	20.8528 27.8623,
	20.8556 27.8663,
	20.8578 27.8686,
	20.8628 27.877,
	20.8663 27.881,
	20.8668 27.8832,
	20.8787 27.8984,
	20.882 27.9023,
	20.8831 27.9045,
	20.8842 27.9056,
	20.8848 27.908,
	20.8859 27.9085,
	20.8865 27.9108,
	20.8865 27.9119,
	20.8876 27.9124,
	20.8893 27.9169,
	20.8893 27.918,
	20.8904 27.9191,
	20.8909 27.9237,
	20.8922 27.9248,
	20.8944 27.9338,
	20.8955 27.9383,
	20.8955 27.9473,
	20.8955 27.9495,
	20.8944 27.9518,
	20.8854 27.9546,
	20.8809 27.9563,
	20.8787 27.9569,
	20.8741 27.9597,
	20.8657 27.9636,
	20.8634 27.9648,
	20.8606 27.9693,
	20.8595 27.9737,
	20.8595 27.976,
	20.8617 27.9805,
	20.8628 27.9828,
	20.8628 27.985,
	20.8652 27.9895,
	20.8657 27.9985,
	20.8628 28.0075,
	20.8556 28.0154,
	20.8544 28.0154,
	20.85 28.0181,
	20.8476 28.0193,
	20.8465 28.0193,
	20.8454 28.0204,
	20.8432 28.0209,
	20.8421 28.0222,
	20.833 28.0238,
	20.8241 28.0244,
	20.8195 28.025,
	20.8156 28.0266,
	20.8134 28.0272,
	20.81 28.0305,
	20.8078 28.0322,
	20.8078 28.0333,
	20.8049 28.0379,
	20.8032 28.0401,
	20.8032 28.0413,
	20.8004 28.0457,
	20.7987 28.0503,
	20.796 28.0548,
	20.796 28.057,
	20.7948 28.0592,
	20.7948 28.0603,
	20.7937 28.0615,
	20.7919 28.066,
	20.7919 28.0671,
	20.7864 28.0761,
	20.783 28.0801,
	20.7813 28.0823,
	20.7802 28.0823,
	20.7762 28.0862,
	20.7734 28.0901,
	20.7645 28.0969,
	20.7633 28.0981,
	20.7593 28.0997,
	20.7571 28.1009,
	20.756 28.102,
	20.7515 28.1036,
	20.7492 28.1042,
	20.747 28.1059,
	20.7425 28.1077,
	20.7414 28.1077,
	20.7391 28.1093,
	20.7301 28.1121,
	20.7256 28.1138,
	20.7212 28.1144,
	20.7199 28.1155,
	20.711 28.1188,
	20.702 28.1234,
	20.6936 28.1312,
	20.6846 28.138,
	20.6801 28.1403,
	20.6755 28.1414,
	20.6733 28.1414,
	20.6644 28.1442,
	20.6463 28.1475,
	"/>
</Transform>

<Transform dim="0"
 xcoef=" 0 1 0 0 0 0"
 ycoef=" 0 0 1 0 0 0">
<Contour name="d39p07" hidden="false" closed="true" simplified="true" border="1 0 0" fill="1 0 0" mode="11"
 points="11.55 29.0541,
	11.5319 29.0359,
	11.55 29.0178,
	11.5682 29.0359,
	"/>
</Transform>

<Transform dim="0"
 xcoef=" 0 1 0 0 0 0"
 ycoef=" 0 0 1 0 0 0">
<Contour name="d56p06" hidden="false" closed="true" simplified="true" border="1 0 0" fill="1 0 0" mode="11"
 points="23.8091 23.1868,
	23.794 23.1591,
	23.8241 23.1591,
	"/>
</Transform>

<Transform dim="0"
 xcoef=" 0 1 0 0 0 0"
 ycoef=" 0 0 1 0 0 0">
<Contour name="d63sp11" hidden="false" closed="true" simplified="true" border="1 0 0" fill="1 0 0" mode="11"
 points="20.7821 26.1439,
	20.7763 26.1417,
	20.7706 26.141,
	20.7691 26.141,
	20.7677 26.1396,
	20.7562 26.1374,
	20.7533 26.1367,
	20.7519 26.1353,
	20.7461 26.1346,
	20.7447 26.1331,
	20.7331 26.1295,
	20.7217 26.1245,
	20.7188 26.1238,
	20.7159 26.1209,
	20.7102 26.1188,
	20.6987 26.1115,
	20.6929 26.1072,
	20.69 26.1044,
	20.6886 26.1044,
	20.6828 26.0993,
	20.6663 26.0806,
	20.6641 26.0777,
	20.6641 26.0763,
	20.6626 26.0749,
	20.6605 26.0691,
	20.6454 26.0476,
	20.6368 26.0367,
	20.6368 26.0353,
	20.6317 26.0295,
	20.6317 26.0281,
	20.6267 26.0224,
	20.6216 26.0115,
	20.6195 26.0058,
	20.6181 25.9835,
	20.6181 25.9828,
	20.6195 25.9771,
	20.6202 25.954,
	20.6239 25.908,
	20.6253 25.862,
	20.6267 25.8562,
	20.6274 25.8332,
	20.6296 25.8217,
	20.6296 25.8188,
	20.631 25.8159,
	20.6346 25.7929,
	20.6368 25.7814,
	20.6375 25.7756,
	20.6375 25.7727,
	20.639 25.7699,
	20.6411 25.7468,
	20.6425 25.7354,
	20.6468 25.7238,
	20.6468 25.721,
	20.6497 25.7159,
	20.6519 25.7138,
	20.6526 25.7109,
	20.6562 25.7059,
	20.6612 25.7001,
	20.6663 25.6965,
	20.6677 25.6951,
	20.6706 25.6944,
	20.6735 25.6922,
	20.685 25.6893,
	20.6907 25.6857,
	20.7022 25.6828,
	20.7037 25.6814,
	20.7267 25.6742,
	20.7382 25.6706,
	20.744 25.6699,
	20.767 25.662,
	20.7777 25.6576,
	20.7807 25.6562,
	20.7821 25.6562,
	20.7835 25.6548,
	20.7892 25.6541,
	20.7951 25.6519,
	20.7965 25.6519,
	20.7993 25.6498,
	20.8022 25.6498,
	20.808 25.6476,
	20.8194 25.6454,
	20.8425 25.6383,
	20.8482 25.6368,
	20.8497 25.6354,
	20.8555 25.6347,
	20.8583 25.6333,
	20.8597 25.6317,
	20.8656 25.6296,
	20.8684 25.6289,
	20.8698 25.6289,
	20.8713 25.6274,
	20.8943 25.621,
	20.9058 25.6196,
	20.9173 25.6224,
	20.9288 25.6267,
	20.9346 25.6289,
	20.9375 25.6296,
	20.949 25.6368,
	20.9547 25.6397,
	20.9576 25.6397,
	20.9634 25.6433,
	20.9691 25.6454,
	20.9705 25.6468,
	20.972 25.6468,
	20.9727 25.6484,
	20.9785 25.6505,
	20.9892 25.6576,
	20.995 25.6627,
	21.0029 25.6735,
	21.0087 25.685,
	21.0108 25.6878,
	21.013 25.6937,
	21.0151 25.6965,
	21.0158 25.6994,
	21.0202 25.7052,
	21.0224 25.7102,
	21.0259 25.7152,
	21.0266 25.718,
	21.0331 25.7281,
	21.0396 25.7397,
	21.0417 25.7454,
	21.0432 25.7483,
	21.0432 25.7498,
	21.0446 25.7512,
	21.0446 25.754,
	21.046 25.7569,
	21.0467 25.7684,
	21.0475 25.7741,
	21.0467 25.78,
	21.046 25.7828,
	21.0417 25.7878,
	21.041 25.7908,
	21.0309 25.7993,
	21.0288 25.8022,
	21.0274 25.8022,
	21.0259 25.8052,
	21.0209 25.8094,
	21.0209 25.8109,
	21.018 25.813,
	21.0144 25.8173,
	20.9972 25.8404,
	20.9892 25.8512,
	20.9856 25.8547,
	20.9856 25.8562,
	20.9835 25.859,
	20.9828 25.862,
	20.9813 25.8634,
	20.9799 25.8864,
	20.9792 25.8979,
	20.9792 25.9037,
	20.9755 25.9151,
	20.9734 25.9209,
	20.9734 25.9224,
	20.9655 25.9332,
	20.9604 25.9389,
	20.9604 25.9403,
	20.9554 25.9461,
	20.9554 25.9476,
	20.954 25.949,
	20.954 25.9504,
	20.9526 25.9511,
	20.9526 25.9526,
	20.9504 25.9547,
	20.9504 25.9576,
	20.9482 25.9605,
	20.9482 25.962,
	20.946 25.9648,
	20.9368 25.9878,
	20.9353 25.9893,
	20.9353 25.9922,
	20.9331 25.9979,
	20.9309 26.0007,
	20.9288 26.0065,
	20.9274 26.0094,
	20.9259 26.0108,
	20.9238 26.0165,
	20.9201 26.0224,
	20.9201 26.0238,
	20.9187 26.0252,
	20.9187 26.0266,
	20.9159 26.0295,
	20.9137 26.0346,
	20.9066 26.0461,
	20.905 26.049,
	20.905 26.0504,
	20.9008 26.0554,
	20.9 26.0583,
	20.8958 26.0641,
	20.8943 26.0662,
	20.8914 26.0691,
	20.8899 26.0698,
	20.8899 26.0712,
	20.8849 26.0763,
	20.8828 26.0792,
	20.8807 26.0806,
	20.8756 26.0856,
	20.8741 26.0886,
	20.8713 26.0914,
	20.8648 26.1029,
	20.8641 26.1058,
	20.8597 26.1115,
	20.8597 26.1129,
	20.8547 26.118,
	20.8547 26.1195,
	20.8489 26.1252,
	20.8396 26.136,
	20.8338 26.1396,
	20.8224 26.1403,
	20.8166 26.1417,
	20.7936 26.1439,
	"/>
</Transform>

<Transform dim="0"
 xcoef=" 0 1 0 0 0 0"
 ycoef=" 0 0 1 0 0 0">
<Contour name="d38sp03" hidden="false" closed="true" simplified="true" border="1 0 0" fill="1 0 0" mode="11"
 points="23.6785 22.3675,
	23.6771 22.3532,
	23.6758 22.3246,
	23.6762 22.3104,
	23.6771 22.3032,
	23.6771 22.2889,
	23.6758 22.2746,
	23.6745 22.2675,
	23.674 22.2639,
	23.6731 22.263,
	23.6709 22.2559,
	23.6709 22.255,
	23.67 22.2541,
	23.6696 22.2524,
	23.6696 22.2515,
	23.6687 22.2506,
	23.6669 22.2434,
	23.6549 22.2149,
	23.6549 22.214,
	23.654 22.2135,
	23.6513 22.2063,
	23.6495 22.1992,
	23.649 22.1957,
	23.649 22.1953,
	23.649 22.1948,
	23.65 22.1944,
	23.6513 22.1953,
	23.6531 22.197,
	23.6562 22.1992,
	23.6571 22.2006,
	23.6589 22.201,
	23.6597 22.2023,
	23.6634 22.205,
	23.6647 22.2068,
	23.6665 22.2077,
	23.6674 22.2087,
	23.6683 22.2087,
	23.6745 22.2131,
	23.6777 22.2162,
	23.6843 22.2211,
	23.6848 22.2225,
	23.6905 22.2282,
	23.6919 22.2291,
	23.6977 22.2358,
	23.6999 22.239,
	23.7026 22.2412,
	23.7048 22.2443,
	23.7062 22.2461,
	23.7062 22.247,
	23.708 22.2487,
	23.7098 22.2519,
	23.7102 22.2537,
	23.7146 22.2603,
	23.716 22.2634,
	23.7186 22.2671,
	23.72 22.2706,
	23.7209 22.2724,
	23.7218 22.2733,
	23.7218 22.2751,
	23.7232 22.2786,
	23.7236 22.2858,
	23.7218 22.2929,
	23.7218 22.2948,
	23.7209 22.2965,
	23.7209 22.2974,
	23.72 22.2983,
	23.72 22.3001,
	23.7173 22.3072,
	23.7133 22.3139,
	23.7124 22.3157,
	23.7124 22.3166,
	23.7075 22.3233,
	23.7062 22.3246,
	23.7062 22.3255,
	23.7043 22.326,
	23.6986 22.3331,
	23.6937 22.3403,
	23.6933 22.342,
	23.6905 22.3451,
	23.6901 22.3469,
	23.6816 22.3607,
	23.6812 22.3625,
	23.6799 22.3644,
	"/>
</Transform>

<Transform dim="0"
 xcoef=" 0 1 0 0 0 0"
 ycoef=" 0 0 1 0 0 0">
<Contour name="d38sp03" hidden="false" closed="true" simplified="true" border="1 0 0" fill="1 0 0" mode="11"
 points="23.8532 22.2377,
	23.8484 22.2368,
	23.8459 22.2362,
	23.8435 22.2362,
	23.8424 22.2356,
	23.84 22.2353,
	23.8379 22.2344,
	23.8355 22.2341,
	23.8307 22.232,
	23.8301 22.232,
	23.8277 22.2305,
	23.8253 22.2296,
	23.8229 22.2281,
	23.822 22.2278,
	23.8172 22.2237,
	23.8151 22.2215,
	23.8142 22.2203,
	23.8142 22.2197,
	23.813 22.2185,
	23.8127 22.2173,
	23.8118 22.2161,
	23.8118 22.2155,
	23.8112 22.2149,
	23.8109 22.2126,
	23.8091 22.2077,
	23.8085 22.2029,
	23.808 22.2006,
	23.808 22.1958,
	23.808 22.1936,
	23.808 22.1933,
	23.8094 22.1886,
	23.8103 22.1865,
	23.8109 22.1859,
	23.8112 22.1847,
	23.8118 22.1844,
	23.8127 22.182,
	23.8184 22.1727,
	23.8217 22.1685,
	23.8241 22.1661,
	23.8259 22.1637,
	23.8268 22.1631,
	23.828 22.1619,
	23.8318 22.1589,
	23.8339 22.1574,
	23.8346 22.1568,
	23.8358 22.1565,
	23.837 22.1556,
	23.8382 22.1553,
	23.8391 22.1544,
	23.8438 22.1533,
	23.8487 22.1527,
	23.8582 22.1527,
	23.8678 22.1544,
	23.8702 22.155,
	23.8714 22.155,
	23.8726 22.1556,
	23.8775 22.1562,
	23.887 22.1583,
	23.8894 22.1586,
	23.8905 22.1589,
	23.8912 22.1595,
	23.9104 22.1619,
	23.9151 22.1622,
	23.92 22.1631,
	23.9248 22.1646,
	23.9259 22.1653,
	23.9265 22.1653,
	23.9271 22.1659,
	23.9319 22.1673,
	23.9325 22.1673,
	23.9331 22.1679,
	23.9338 22.1679,
	23.9344 22.1685,
	23.9356 22.1685,
	23.9403 22.1706,
	23.9427 22.1715,
	23.9433 22.1715,
	23.9439 22.1721,
	23.9488 22.1736,
	23.9494 22.1736,
	23.9499 22.1742,
	23.9523 22.1748,
	23.9571 22.1769,
	23.9583 22.1769,
	23.9631 22.1786,
	23.9676 22.1799,
	23.9724 22.182,
	23.9735 22.1823,
	23.9741 22.1829,
	23.9766 22.1835,
	23.9769 22.1841,
	23.9775 22.1841,
	23.9799 22.1856,
	23.9808 22.1862,
	23.982 22.1874,
	23.9832 22.1877,
	23.9876 22.1909,
	23.9876 22.1915,
	23.9888 22.1921,
	23.9897 22.1933,
	23.9907 22.1982,
	23.991 22.2006,
	23.9907 22.2029,
	23.9897 22.2053,
	23.9894 22.2065,
	23.9858 22.2111,
	23.9841 22.2131,
	23.9835 22.2134,
	23.9835 22.214,
	23.9814 22.2161,
	23.9802 22.2173,
	23.9796 22.2173,
	23.979 22.2185,
	23.9778 22.2194,
	23.9772 22.2194,
	23.975 22.2212,
	23.9706 22.2234,
	23.961 22.2254,
	23.9418 22.2257,
	23.9322 22.226,
	23.9227 22.2269,
	23.9178 22.2272,
	23.9154 22.2278,
	23.8963 22.2287,
	23.8915 22.2296,
	23.8819 22.2326,
	23.8795 22.2338,
	23.8747 22.235,
	23.8723 22.2359,
	23.8628 22.2377,
	"/>
</Transform>

<Transform dim="0"
 xcoef=" 0 1 0 0 0 0"
 ycoef=" 0 0 1 0 0 0">
<Contour name="d28c05" hidden="false" closed="true" simplified="true" border="0 0 1" fill="0 0 1" mode="11"
 points="5.93003 23.2412,
	5.92692 23.2393,
	5.92615 23.2393,
	5.92071 23.2351,
	5.91954 23.2343,
	5.91721 23.2316,
	5.91604 23.23,
	5.91604 23.2292,
	5.91527 23.2288,
	5.91527 23.228,
	5.91449 23.2273,
	5.91216 23.2215,
	5.91099 23.2184,
	5.91099 23.2167,
	5.90944 23.2136,
	5.90905 23.2121,
	5.90905 23.2113,
	5.90827 23.2106,
	5.904 23.1981,
	5.90244 23.195,
	5.90206 23.1935,
	5.90089 23.1919,
	5.90051 23.1908,
	5.89934 23.1892,
	5.89934 23.1884,
	5.89739 23.1857,
	5.87252 23.1849,
	5.8663 23.183,
	5.86359 23.1807,
	5.85932 23.1745,
	5.85892 23.1728,
	5.85892 23.1721,
	5.85737 23.1709,
	5.8562 23.1678,
	5.85543 23.167,
	5.85271 23.1613,
	5.85271 23.1605,
	5.85192 23.1596,
	5.85192 23.1588,
	5.85076 23.1573,
	5.85037 23.1558,
	5.84649 23.1504,
	5.84533 23.1492,
	5.84533 23.1484,
	5.84454 23.1477,
	5.84454 23.1469,
	5.84377 23.1465,
	5.8426 23.1433,
	5.84182 23.1425,
	5.84144 23.141,
	5.84027 23.1398,
	5.84027 23.1383,
	5.84027 23.1375,
	5.8395 23.1368,
	5.8395 23.1305,
	5.84027 23.1289,
	5.84027 23.1274,
	5.84222 23.1212,
	5.84338 23.1181,
	5.84338 23.1149,
	5.84299 23.1134,
	5.84222 23.1126,
	5.84182 23.1095,
	5.8391 23.1033,
	5.83794 23.0971,
	5.83794 23.094,
	5.83794 23.0925,
	5.83794 23.0921,
	5.83794 23.0917,
	5.83872 23.0901,
	5.83872 23.0885,
	5.84299 23.0765,
	5.84416 23.0749,
	5.84416 23.0741,
	5.84533 23.073,
	5.84571 23.0714,
	5.84688 23.0699,
	5.84726 23.0683,
	5.84843 23.0668,
	5.8492 23.0637,
	5.8496 23.0622,
	5.85037 23.0614,
	5.85037 23.0598,
	5.85271 23.0536,
	5.85387 23.0505,
	5.85465 23.0501,
	5.85465 23.0493,
	5.85892 23.0434,
	5.86942 23.0353,
	5.87174 23.0334,
	5.87252 23.0322,
	5.87563 23.0295,
	5.87563 23.0287,
	5.87718 23.0271,
	5.87718 23.0264,
	5.87874 23.0248,
	5.87952 23.0233,
	5.88029 23.0233,
	5.88807 23.0108,
	5.89856 23.0011,
	5.90089 22.9988,
	5.90244 22.998,
	5.90322 22.9965,
	5.90478 22.9957,
	5.90789 22.993,
	5.91099 22.9926,
	5.91138 22.9918,
	5.91293 22.9918,
	5.91449 22.9911,
	5.91604 22.9911,
	5.91643 22.9903,
	5.91721 22.9903,
	5.91799 22.9894,
	5.91954 22.989,
	5.92188 22.9871,
	5.92343 22.9856,
	5.93353 22.9778,
	5.9347 22.9771,
	5.93509 22.9763,
	5.93586 22.9763,
	5.93858 22.9739,
	5.94053 22.9723,
	5.9413 22.9723,
	5.94208 22.9712,
	5.95412 22.9631,
	5.95567 22.9623,
	5.95723 22.9607,
	5.95801 22.9607,
	5.96073 22.9583,
	5.9615 22.9583,
	5.9619 22.9576,
	5.96267 22.9576,
	5.96578 22.9556,
	5.96694 22.9549,
	5.96734 22.9541,
	5.96811 22.9541,
	5.97122 22.9522,
	5.97277 22.9506,
	5.97355 22.9506,
	5.97977 22.9463,
	5.99104 22.939,
	5.99259 22.9386,
	5.99376 22.9374,
	5.99531 22.937,
	5.99842 22.9351,
	6.00153 22.9347,
	6.00464 22.9355,
	6.00736 22.937,
	6.01008 22.9397,
	6.01124 22.9409,
	6.01241 22.9533,
	6.01358 22.9595,
	6.01436 22.9627,
	6.01436 22.9635,
	6.01513 22.9642,
	6.01513 22.965,
	6.01746 22.9677,
	6.01824 22.9693,
	6.01979 22.9704,
	6.02135 22.9708,
	6.02212 22.9708,
	6.02291 22.9716,
	6.02912 22.972,
	6.04156 22.9747,
	6.04738 22.9763,
	6.04816 22.9771,
	6.05127 22.9778,
	6.05283 22.9782,
	6.0536 22.979,
	6.05438 22.979,
	6.05515 22.9798,
	6.05477 23.0047,
	6.05515 23.017,
	6.05555 23.0233,
	6.0567 23.0295,
	6.0567 23.031,
	6.05787 23.0342,
	6.05826 23.0373,
	6.05943 23.0404,
	6.05982 23.0528,
	6.05982 23.059,
	6.05943 23.0622,
	6.05865 23.0633,
	6.05826 23.0664,
	6.0571 23.0695,
	6.0567 23.0726,
	6.05477 23.0789,
	6.05438 23.0819,
	6.05321 23.085,
	6.05283 23.0881,
	6.05166 23.0913,
	6.05011 23.1038,
	6.04932 23.1285,
	6.04894 23.1348,
	6.047 23.141,
	6.04622 23.1441,
	6.04544 23.1456,
	6.04544 23.1465,
	6.04466 23.1473,
	6.04388 23.1504,
	6.04388 23.1511,
	6.04311 23.1519,
	6.04272 23.155,
	6.04194 23.1558,
	6.04156 23.1573,
	6.04039 23.1588,
	6.04039 23.1596,
	6.03961 23.1605,
	6.03922 23.162,
	6.03495 23.167,
	6.03378 23.1686,
	6.03301 23.169,
	6.03301 23.1697,
	6.02291 23.1803,
	6.02019 23.1822,
	6.01902 23.1837,
	6.0163 23.1857,
	6.01474 23.1872,
	6.01358 23.188,
	6.00813 23.1935,
	6.00581 23.1958,
	6.00426 23.1973,
	6.00037 23.2032,
	5.9992 23.2044,
	5.9992 23.2052,
	5.99414 23.2102,
	5.98832 23.2144,
	5.98676 23.216,
	5.98599 23.216,
	5.98599 23.2167,
	5.98444 23.2176,
	5.98366 23.2191,
	5.98288 23.2191,
	5.98132 23.2207,
	5.97861 23.2226,
	5.97783 23.2226,
	5.97161 23.2265,
	5.9685 23.2284,
	5.96617 23.2303,
	5.96307 23.232,
	5.9615 23.2328,
	5.96073 23.2328,
	5.96035 23.2335,
	5.95723 23.2343,
	5.95412 23.2358,
	5.95257 23.2362,
	5.9518 23.237,
	5.95101 23.237,
	5.95024 23.2378,
	5.94868 23.2378,
	5.94791 23.2385,
	5.94168 23.2405,
	5.93547 23.2412,
	"/>
</Transform>

<Transform dim="0"
 xcoef=" 0 1 0 0 0 0"
 ycoef=" 0 0 1 0 0 0">
<Contour name="d56p07" hidden="false" closed="true" simplified="true" border="1 0 0" fill="1 0 0" mode="11"
 points="23.7218 22.8373,
	23.7067 22.8221,
	23.7218 22.807,
	23.737 22.8221,
	"/>
</Transform>

<Transform dim="0"
 xcoef=" 0 1 0 0 0 0"
 ycoef=" 0 0 1 0 0 0">
<Contour name="d56c07" hidden="false" closed="true" simplified="true" border="0 0 1" fill="0 0 1" mode="11"
 points="23.663 22.8247,
	23.6536 22.8241,
	23.6513 22.8235,
	23.6471 22.8206,
	23.6459 22.8194,
	23.6436 22.8187,
	23.6406 22.8152,
	23.6383 22.814,
	23.6365 22.8117,
	23.6341 22.8105,
	23.6282 22.8016,
	23.6253 22.7969,
	23.6235 22.7874,
	23.6235 22.7781,
	23.6235 22.7775,
	23.6253 22.7727,
	23.6271 22.7633,
	23.6306 22.7538,
	23.6323 22.7515,
	23.6341 22.7467,
	23.6371 22.7426,
	23.6377 22.7402,
	23.6401 22.7379,
	23.6412 22.7355,
	23.6424 22.7344,
	23.643 22.7319,
	23.6459 22.7278,
	23.6477 22.7255,
	23.6477 22.7243,
	23.6536 22.7154,
	23.6548 22.7142,
	23.6548 22.713,
	23.6572 22.7107,
	23.6583 22.7101,
	23.6583 22.7089,
	23.6667 22.703,
	23.669 22.7024,
	23.6713 22.7006,
	23.6808 22.6995,
	23.6855 22.6983,
	23.695 22.6989,
	23.7038 22.703,
	23.705 22.7053,
	23.705 22.7066,
	23.7074 22.7083,
	23.7092 22.713,
	23.7127 22.7177,
	23.7139 22.7225,
	23.7156 22.7249,
	23.7234 22.7437,
	23.7239 22.7532,
	23.7234 22.7579,
	23.7168 22.7674,
	23.7133 22.7721,
	23.7115 22.7744,
	23.7098 22.7786,
	23.7092 22.781,
	23.7056 22.7857,
	23.7032 22.7904,
	23.7015 22.7928,
	23.7015 22.794,
	23.6974 22.7987,
	23.6908 22.8076,
	23.6826 22.8158,
	23.6802 22.8181,
	23.6785 22.8194,
	23.6772 22.8194,
	23.6725 22.8229,
	"/>
</Transform>

<Transform dim="0"
 xcoef=" 0 1 0 0 0 0"
 ycoef=" 0 0 1 0 0 0">
<Contour name="d39cfa07" hidden="false" closed="false" simplified="true" border="0 1 0" fill="1 0 0" mode="11"
 points="11.7299 29.5313,
	11.7148 29.5272,
	11.6807 29.5152,
	11.6256 29.4961,
	11.5634 29.4761,
	11.5203 29.4661,
	"/>
</Transform>

<Transform dim="0"
 xcoef=" 0 1 0 0 0 0"
 ycoef=" 0 0 1 0 0 0">
<Contour name="d56cfa07" hidden="false" closed="false" simplified="true" border="1 0 0" fill="1 0 0" mode="11"
 points="23.7022 22.7115,
	23.6975 22.7422,
	23.6898 22.7641,
	23.6833 22.7788,
	23.6762 22.79,
	23.6526 22.8196,
	"/>
</Transform>

<Transform dim="0"
 xcoef=" 0 1 0 0 0 0"
 ycoef=" 0 0 1 0 0 0">
<Contour name="d28endos10_transendo" hidden="false" closed="true" simplified="true" border="1 0.502 0" fill="1 0 0" mode="11"
 points="6.8069 24.3273,
	6.80738 24.3186,
	6.8088 24.31,
	6.81115 24.3016,
	6.81441 24.2935,
	6.81853 24.2858,
	6.82347 24.2786,
	6.82916 24.2719,
	6.83555 24.2659,
	6.84255 24.2606,
	6.85009 24.2561,
	6.85808 24.2525,
	6.86641 24.2497,
	6.87501 24.2478,
	6.88375 24.2469,
	6.89255 24.2469,
	6.9013 24.2478,
	6.90989 24.2497,
	6.91823 24.2525,
	6.92621 24.2561,
	6.93375 24.2606,
	6.94075 24.2659,
	6.94714 24.2719,
	6.95283 24.2786,
	6.95777 24.2858,
	6.96189 24.2935,
	6.96515 24.3016,
	6.9675 24.31,
	6.96893 24.3186,
	6.9694 24.3273,
	6.96893 24.336,
	6.9675 24.3446,
	6.96515 24.353,
	6.96189 24.3611,
	6.95777 24.3688,
	6.95283 24.3761,
	6.94714 24.3827,
	6.94075 24.3887,
	6.93375 24.394,
	6.92621 24.3985,
	6.91823 24.4021,
	6.90989 24.4049,
	6.9013 24.4068,
	6.89255 24.4077,
	6.88375 24.4077,
	6.87501 24.4068,
	6.86641 24.4049,
	6.85808 24.4021,
	6.85009 24.3985,
	6.84255 24.394,
	6.83555 24.3887,
	6.82916 24.3827,
	6.82347 24.3761,
	6.81853 24.3688,
	6.81441 24.3611,
	6.81115 24.353,
	6.8088 24.3446,
	"/>
</Transform>

<Transform dim="0"
 xcoef=" 0 1 0 0 0 0"
 ycoef=" 0 0 1 0 0 0">
<Contour name="d28endos11_whorl" hidden="false" closed="true" simplified="true" border="1 0.502 0" fill="1 0 0" mode="11"
 points="6.20134 23.9113,
	6.20488 23.9042,
	6.21514 23.8979,
	6.23112 23.8928,
	6.25125 23.8895,
	6.27357 23.8884,
	6.29588 23.8895,
	6.31602 23.8928,
	6.332 23.8979,
	6.34225 23.9042,
	6.34579 23.9113,
	6.34225 23.9184,
	6.332 23.9248,
	6.31602 23.9299,
	6.29588 23.9331,
	6.27357 23.9342,
	6.25125 23.9331,
	6.23112 23.9299,
	6.21514 23.9248,
	"/>
</Transform>

<Transform dim="0"
 xcoef=" 0 1 0 0 0 0"
 ycoef=" 0 0 1 0 0 0">
<Contour name="d63endos03_cp" hidden="false" closed="true" simplified="true" border="1 0.502 0" fill="1 0 0" mode="11"
 points="20.2239 27.0968,
	20.2244 27.0902,
	20.226 27.0837,
	20.2287 27.0773,
	20.2324 27.0712,
	20.2371 27.0653,
	20.2427 27.0599,
	20.2491 27.0549,
	20.2563 27.0505,
	20.2642 27.0466,
	20.2727 27.0433,
	20.2817 27.0407,
	20.291 27.0388,
	20.3006 27.0376,
	20.3103 27.0372,
	20.32 27.0374,
	20.3297 27.0384,
	20.3391 27.0402,
	20.3481 27.0426,
	20.3568 27.0457,
	20.3648 27.0494,
	20.3722 27.0538,
	20.3788 27.0586,
	20.3847 27.0639,
	20.3896 27.0697,
	20.3935 27.0757,
	20.3965 27.0821,
	20.3983 27.0886,
	20.3991 27.0952,
	20.3989 27.1018,
	20.3975 27.1084,
	20.3951 27.1148,
	20.3917 27.121,
	20.3872 27.1269,
	20.3819 27.1324,
	20.3756 27.1375,
	20.3686 27.1421,
	20.3609 27.1462,
	20.3525 27.1496,
	20.3437 27.1523,
	20.3344 27.1544,
	20.3249 27.1558,
	20.3152 27.1564,
	20.3054 27.1564,
	20.2958 27.1555,
	20.2863 27.154,
	20.2771 27.1517,
	20.2684 27.1488,
	20.2602 27.1452,
	20.2526 27.141,
	20.2458 27.1363,
	20.2398 27.1311,
	20.2346 27.1255,
	20.2304 27.1195,
	20.2272 27.1132,
	20.2251 27.1067,
	"/>
</Transform>

<Transform dim="0"
 xcoef=" 0 1 0 0 0 0"
 ycoef=" 0 0 1 0 0 0">
<Contour name="d63sp07" hidden="false" closed="true" simplified="true" border="1 0 0" fill="1 0 0" mode="11"
 points="21.0531 27.5737,
	21.0543 27.5713,
	21.0543 27.5689,
	21.0567 27.564,
	21.0579 27.5628,
	21.0579 27.5616,
	21.064 27.5532,
	21.0706 27.5466,
	21.0796 27.5394,
	21.0832 27.5364,
	21.0838 27.5352,
	21.085 27.5352,
	21.0868 27.5334,
	21.088 27.5334,
	21.0904 27.531,
	21.091 27.5298,
	21.0922 27.5298,
	21.094 27.528,
	21.0952 27.528,
	21.0988 27.5244,
	21.1012 27.5238,
	21.1018 27.5226,
	21.103 27.5226,
	21.1078 27.519,
	21.1121 27.5171,
	21.1145 27.5165,
	21.1151 27.5153,
	21.1175 27.5153,
	21.1175 27.5141,
	21.1199 27.5135,
	21.1211 27.5135,
	21.1235 27.5117,
	21.1331 27.5093,
	21.1355 27.5081,
	21.1451 27.5063,
	21.1836 27.5063,
	21.1932 27.5069,
	21.2028 27.5087,
	21.2125 27.5093,
	21.2509 27.522,
	21.2533 27.5226,
	21.2551 27.5244,
	21.2575 27.525,
	21.2581 27.5262,
	21.2605 27.5268,
	21.2617 27.528,
	21.2642 27.528,
	21.2684 27.531,
	21.2708 27.5316,
	21.2756 27.5346,
	21.278 27.5352,
	21.2876 27.5406,
	21.2924 27.5436,
	21.2948 27.5442,
	21.2972 27.546,
	21.2984 27.546,
	21.308 27.5514,
	21.3092 27.5514,
	21.3177 27.5568,
	21.3225 27.5586,
	21.3243 27.5604,
	21.3333 27.564,
	21.3357 27.5646,
	21.3363 27.5658,
	21.3387 27.5658,
	21.3573 27.5725,
	21.367 27.5749,
	21.3766 27.5761,
	21.3958 27.5755,
	21.4054 27.5755,
	21.4102 27.5755,
	21.4199 27.5773,
	21.4247 27.5785,
	21.4295 27.5785,
	21.468 27.5857,
	21.4776 27.5875,
	21.4824 27.5893,
	21.4872 27.5899,
	21.4896 27.5911,
	21.4944 27.5917,
	21.4968 27.5917,
	21.4992 27.5929,
	21.5185 27.5941,
	21.5377 27.5935,
	21.5569 27.5941,
	21.5666 27.5947,
	21.5762 27.5965,
	21.5774 27.5965,
	21.5798 27.5983,
	21.5822 27.5983,
	21.5834 27.5983,
	21.5876 27.6013,
	21.59 27.6037,
	21.5984 27.6091,
	21.6032 27.6127,
	21.605 27.6145,
	21.6062 27.6145,
	21.6098 27.6181,
	21.611 27.6181,
	21.6201 27.6242,
	21.6207 27.6254,
	21.6219 27.6254,
	21.6237 27.6272,
	21.6249 27.6272,
	21.6291 27.6302,
	21.6315 27.6314,
	21.6327 27.6326,
	21.6339 27.6326,
	21.6357 27.6344,
	21.6405 27.6362,
	21.6429 27.6368,
	21.6441 27.638,
	21.6489 27.6398,
	21.6513 27.6398,
	21.6609 27.6446,
	21.6633 27.6452,
	21.6657 27.647,
	21.6682 27.6476,
	21.6694 27.6488,
	21.6706 27.6488,
	21.6712 27.65,
	21.6724 27.65,
	21.6766 27.653,
	21.6778 27.6542,
	21.679 27.6542,
	21.6808 27.656,
	21.682 27.656,
	21.6862 27.6596,
	21.6904 27.662,
	21.6904 27.6632,
	21.6916 27.6632,
	21.7006 27.6711,
	21.7078 27.6807,
	21.709 27.6831,
	21.7102 27.6837,
	21.712 27.6879,
	21.7138 27.6891,
	21.7156 27.6915,
	21.7175 27.6963,
	21.7205 27.7011,
	21.7217 27.7035,
	21.7229 27.7041,
	21.7265 27.7131,
	21.7277 27.7143,
	21.7277 27.7155,
	21.7307 27.7197,
	21.7307 27.721,
	21.7319 27.7222,
	21.7319 27.7246,
	21.7337 27.727,
	21.7337 27.7294,
	21.7379 27.739,
	21.7409 27.7438,
	21.7415 27.7462,
	21.7427 27.7468,
	21.7433 27.7492,
	21.7445 27.7498,
	21.7463 27.7528,
	21.7469 27.7552,
	21.7481 27.7558,
	21.7481 27.757,
	21.7517 27.7612,
	21.7517 27.7624,
	21.7553 27.766,
	21.7553 27.7672,
	21.7589 27.7715,
	21.7589 27.7727,
	21.7625 27.7775,
	21.7631 27.7799,
	21.7643 27.7811,
	21.7643 27.7823,
	21.7661 27.7841,
	21.768 27.7883,
	21.7698 27.7907,
	21.7734 27.8003,
	21.7752 27.8093,
	21.7764 27.8117,
	21.7782 27.8214,
	21.7788 27.8262,
	21.7806 27.831,
	21.7812 27.8358,
	21.7824 27.8382,
	21.783 27.8478,
	21.7824 27.8526,
	21.7788 27.8574,
	21.7788 27.8586,
	21.7764 27.861,
	21.7764 27.8622,
	21.7686 27.8713,
	21.7595 27.8779,
	21.7559 27.8803,
	21.7511 27.8815,
	21.7487 27.8827,
	21.7295 27.8839,
	21.7199 27.8851,
	21.7187 27.8863,
	21.7162 27.8863,
	21.7114 27.8881,
	21.709 27.8899,
	21.7066 27.8905,
	21.7054 27.8917,
	21.7006 27.8935,
	21.6994 27.8935,
	21.697 27.8953,
	21.6946 27.8953,
	21.6934 27.8965,
	21.6886 27.8977,
	21.6862 27.8989,
	21.6838 27.8989,
	21.679 27.9007,
	21.6597 27.9025,
	21.6549 27.9025,
	21.6501 27.9013,
	21.6477 27.9007,
	21.6453 27.8989,
	21.6429 27.8989,
	21.6411 27.8971,
	21.6315 27.8929,
	21.6267 27.8905,
	21.6219 27.8923,
	21.6195 27.8941,
	21.6183 27.8953,
	21.6134 27.8971,
	21.611 27.8977,
	21.6104 27.8989,
	21.6008 27.9007,
	21.5816 27.9001,
	21.572 27.8965,
	21.5672 27.8947,
	21.566 27.8935,
	21.5647 27.8935,
	21.5557 27.8869,
	21.5527 27.8833,
	21.5515 27.8809,
	21.5503 27.8803,
	21.5503 27.8791,
	21.5443 27.8719,
	21.5371 27.864,
	21.5353 27.8616,
	21.5329 27.8604,
	21.5323 27.8592,
	21.5281 27.8574,
	21.5257 27.8574,
	21.5233 27.8562,
	21.5136 27.8556,
	21.5112 27.8556,
	21.5064 27.8538,
	21.5016 27.8538,
	21.4992 27.8538,
	21.4968 27.855,
	21.4872 27.8556,
	21.4776 27.855,
	21.4728 27.8538,
	21.468 27.8538,
	21.4631 27.852,
	21.4607 27.852,
	21.4595 27.8508,
	21.4571 27.8508,
	21.4559 27.8496,
	21.4535 27.8496,
	21.4523 27.8484,
	21.4499 27.8484,
	21.4475 27.8466,
	21.4463 27.8466,
	21.4445 27.8448,
	21.4433 27.8448,
	21.4415 27.843,
	21.4403 27.843,
	21.4355 27.8394,
	21.4259 27.8352,
	21.4247 27.834,
	21.4205 27.8322,
	21.4181 27.8316,
	21.4169 27.8304,
	21.4078 27.8268,
	21.4054 27.8262,
	21.4042 27.825,
	21.403 27.825,
	21.394 27.8177,
	21.3892 27.8129,
	21.3874 27.8117,
	21.3862 27.8093,
	21.3838 27.8081,
	21.3826 27.8069,
	21.3814 27.8069,
	21.379 27.8051,
	21.3766 27.8051,
	21.376 27.8039,
	21.3567 27.8009,
	21.3519 27.7997,
	21.3327 27.7985,
	21.3231 27.7979,
	21.3183 27.7967,
	21.3159 27.7961,
	21.3147 27.7961,
	21.3135 27.7949,
	21.3038 27.7931,
	21.299 27.7907,
	21.2942 27.7901,
	21.2894 27.7883,
	21.287 27.7883,
	21.2822 27.7865,
	21.2798 27.7853,
	21.2774 27.7853,
	21.2762 27.7841,
	21.2714 27.7829,
	21.2702 27.7829,
	21.269 27.7817,
	21.2666 27.7817,
	21.2569 27.7769,
	21.2527 27.7745,
	21.2509 27.7727,
	21.2497 27.7727,
	21.2461 27.769,
	21.2377 27.7642,
	21.2329 27.7612,
	21.2323 27.76,
	21.2299 27.7594,
	21.2131 27.7462,
	21.21 27.7426,
	21.2058 27.7396,
	21.204 27.7378,
	21.204 27.7366,
	21.2004 27.7324,
	21.1986 27.7306,
	21.1986 27.7294,
	21.192 27.7222,
	21.1902 27.7204,
	21.1902 27.7191,
	21.1878 27.7173,
	21.1866 27.7155,
	21.171 27.7017,
	21.1674 27.6981,
	21.1626 27.6933,
	21.1457 27.6795,
	21.1367 27.6723,
	21.1277 27.6662,
	21.1229 27.6626,
	21.1217 27.6626,
	21.1193 27.6602,
	21.1181 27.6602,
	21.1163 27.6584,
	21.1157 27.6572,
	21.1145 27.6572,
	21.1121 27.6548,
	21.1024 27.6482,
	21.0982 27.6452,
	21.0976 27.6428,
	21.094 27.6392,
	21.0928 27.6392,
	21.091 27.6368,
	21.0904 27.6356,
	21.0892 27.6356,
	21.082 27.6284,
	21.079 27.6248,
	21.0778 27.6242,
	21.0778 27.623,
	21.0766 27.623,
	21.0676 27.6139,
	21.0634 27.6097,
	21.0603 27.6049,
	21.0585 27.6001,
	21.0579 27.5953,
	21.0567 27.5941,
	21.0537 27.5845,
	21.0531 27.5749,
	21.0531 27.5743,
	"/>
</Transform>

<Transform dim="0"
 xcoef=" 0 1 0 0 0 0"
 ycoef=" 0 0 1 0 0 0">
<Contour name="d63rh07" hidden="false" closed="true" simplified="false" border="0 0 1" fill="1 0 1" mode="11"
 points="21.3867 27.6505,
	21.3867 27.6464,
	21.3908 27.6422,
	21.3949 27.6422,
	21.399 27.6464,
	21.399 27.6505,
	21.3949 27.6546,
	21.3908 27.6546,
	"/>
<Contour name="d63rh07" hidden="false" closed="true" simplified="false" border="0 0 1" fill="1 0 1" mode="11"
 points="21.3619 27.6855,
	21.3619 27.6814,
	21.3661 27.6773,
	21.3702 27.6773,
	21.3743 27.6814,
	21.3743 27.6855,
	21.3702 27.6896,
	21.3661 27.6896,
	"/>
<Contour name="d63rh07" hidden="false" closed="true" simplified="false" border="0 0 1" fill="1 0 1" mode="11"
 points="21.2043 27.6659,
	21.2043 27.6618,
	21.2084 27.6577,
	21.2125 27.6577,
	21.2167 27.6618,
	21.2167 27.6659,
	21.2125 27.6701,
	21.2084 27.6701,
	"/>
</Transform>

<Transform dim="0"
 xcoef=" 0 1 0 0 0 0"
 ycoef=" 0 0 1 0 0 0">
<Contour name="d63endoh07_svb" hidden="false" closed="true" simplified="true" border="1 0.502 0" fill="1 0 0" mode="11"
 points="21.549 27.8135,
	21.5494 27.8085,
	21.5503 27.8036,
	21.5518 27.7989,
	21.5539 27.7944,
	21.5565 27.7902,
	21.5596 27.7864,
	21.5631 27.7831,
	21.5671 27.7803,
	21.5713 27.778,
	21.5758 27.7764,
	21.5804 27.7753,
	21.5852 27.7749,
	21.5899 27.7752,
	21.5946 27.776,
	21.5991 27.7776,
	21.6034 27.7797,
	21.6075 27.7824,
	21.6111 27.7856,
	21.6143 27.7892,
	21.6171 27.7933,
	21.6193 27.7977,
	21.621 27.8024,
	21.622 27.8073,
	21.6225 27.8123,
	21.6223 27.8173,
	21.6216 27.8222,
	21.6202 27.827,
	21.6183 27.8316,
	21.6158 27.8358,
	21.6128 27.8397,
	21.6093 27.8432,
	21.6055 27.8461,
	21.6013 27.8485,
	21.5969 27.8503,
	21.5923 27.8515,
	21.5876 27.8521,
	21.5828 27.852,
	21.5781 27.8513,
	21.5735 27.8499,
	21.5692 27.848,
	21.5651 27.8454,
	21.5613 27.8423,
	21.558 27.8388,
	21.5551 27.8348,
	21.5528 27.8304,
	21.551 27.8258,
	21.5497 27.821,
	"/>
</Transform>

<Transform dim="0"
 xcoef=" 0 1 0 0 0 0"
 ycoef=" 0 0 1 0 0 0">
<Contour name="d63serh11" hidden="false" closed="true" simplified="false" border="1 1 0" fill="0 1 0" mode="11"
 points="20.7282 25.8878,
	20.7282 25.8765,
	20.7395 25.8765,
	20.7395 25.8652,
	20.7508 25.8652,
	20.7508 25.8765,
	20.7621 25.8765,
	20.7621 25.8878,
	20.7508 25.8878,
	20.7508 25.8991,
	20.7395 25.8991,
	20.7395 25.8878,
	"/>
</Transform>

</Section>