<?xml version="1.0"?>
<!DOCTYPE Section SYSTEM "section.dtd">

<Section index="116" thickness="0.048" alignLocked="true">
<Transform dim="0"
 xcoef=" 0 1 0 0 0 0"
 ycoef=" 0 0 1 0 0 0">
<Image mag="0.002063" contrast="1.86401" brightness="-0.18" red="true" green="true" blue="true"
 src="117____z5.916.jpg" />
<Contour name="domain1" hidden="false" closed="true" simplified="false" border="1 0 1" fill="1 0 1" mode="11"
 points="0 0,
	17236 0,
	17236 17077,
	0 17077,
	"/>
</Transform>

<Transform dim="0"
 xcoef=" 0 1 0 0 0 0"
 ycoef=" 0 0 1 0 0 0">
<Contour name="D39" hidden="false" closed="true" simplified="true" border="0 0 1" fill="0 0 1" mode="11"
 points="10.9963 28.5446,
	10.9449 28.5366,
	10.8986 28.5129,
	10.8619 28.4762,
	10.8301 28.3785,
	10.8382 28.3272,
	10.8619 28.2809,
	10.8986 28.2441,
	10.9449 28.2205,
	10.9963 28.2124,
	11.0476 28.2205,
	11.0939 28.2441,
	11.1307 28.2809,
	11.1543 28.3272,
	11.1624 28.3785,
	11.1543 28.4298,
	11.1307 28.4762,
	11.0939 28.5129,
	11.0476 28.5366,
	"/>
</Transform>

<Transform dim="0"
 xcoef=" 0 1 0 0 0 0"
 ycoef=" 0 0 1 0 0 0">
<Contour name="D56" hidden="false" closed="true" simplified="true" border="1 0 0" fill="1 0 0" mode="11"
 points="23.7421 23.5642,
	23.6989 23.5573,
	23.6599 23.5375,
	23.6289 23.5065,
	23.6022 23.4243,
	23.6091 23.381,
	23.6289 23.342,
	23.6599 23.3111,
	23.6989 23.2912,
	23.7421 23.2843,
	23.7853 23.2912,
	23.8244 23.3111,
	23.8553 23.342,
	23.8752 23.381,
	23.8821 23.4243,
	23.8752 23.4675,
	23.8553 23.5065,
	23.8244 23.5375,
	23.7853 23.5573,
	"/>
</Transform>

<Transform dim="0"
 xcoef=" 0 1 0 0 0 0"
 ycoef=" 0 0 1 0 0 0">
<Contour name="D31" hidden="false" closed="true" simplified="true" border="0 0 1" fill="0 0 1" mode="11"
 points="13.4949 20.0566,
	13.4412 20.0477,
	13.3927 20.0215,
	13.3542 19.9808,
	13.321 19.8725,
	13.3295 19.8157,
	13.3542 19.7644,
	13.3927 19.7236,
	13.4412 19.6974,
	13.4949 19.6884,
	13.5487 19.6974,
	13.5971 19.7236,
	13.6356 19.7644,
	13.6604 19.8157,
	13.6688 19.8725,
	13.6604 19.9294,
	13.6356 19.9808,
	13.5971 20.0215,
	13.5487 20.0477,
	"/>
</Transform>

<Transform dim="0"
 xcoef=" 0 1 0 0 0 0"
 ycoef=" 0 0 1 0 0 0">
<Contour name="D28" hidden="false" closed="true" simplified="true" border="0 0 1" fill="0 0 1" mode="11"
 points="6.82591 23.6919,
	6.77726 23.685,
	6.73339 23.6652,
	6.69856 23.6343,
	6.6685 23.552,
	6.6762 23.5088,
	6.69856 23.4697,
	6.73339 23.4388,
	6.77726 23.419,
	6.82591 23.4121,
	6.87455 23.419,
	6.91844 23.4388,
	6.95325 23.4697,
	6.97562 23.5088,
	6.98332 23.552,
	6.97562 23.5952,
	6.95325 23.6343,
	6.91844 23.6652,
	6.87455 23.685,
	"/>
</Transform>

<Transform dim="0"
 xcoef=" 0 1 0 0 0 0"
 ycoef=" 0 0 1 0 0 0">
<Contour name="D38" hidden="false" closed="true" simplified="true" border="1 0 0" fill="1 0 0" mode="11"
 points="22.3119 23.5091,
	22.2606 23.5019,
	22.2143 23.4807,
	22.1775 23.4478,
	22.1458 23.3605,
	22.1538 23.3145,
	22.1775 23.273,
	22.2143 23.2401,
	22.2606 23.2191,
	22.3119 23.2117,
	22.3632 23.2191,
	22.4095 23.2401,
	22.4463 23.273,
	22.47 23.3145,
	22.478 23.3605,
	22.47 23.4064,
	22.4463 23.4478,
	22.4095 23.4807,
	22.3632 23.5019,
	"/>
</Transform>

<Transform dim="0"
 xcoef=" 0 1 0 0 0 0"
 ycoef=" 0 0 1 0 0 0">
<Contour name="D01" hidden="false" closed="true" simplified="true" border="1 1 0" fill="1 1 0" mode="11"
 points="16.1012 26.3824,
	16.0507 26.376,
	16.0051 26.357,
	15.9688 26.3276,
	15.9376 26.2494,
	15.9457 26.2083,
	15.9688 26.1712,
	16.0051 26.1418,
	16.0507 26.123,
	16.1012 26.1164,
	16.1518 26.123,
	16.1975 26.1418,
	16.2337 26.1712,
	16.2569 26.2083,
	16.2649 26.2494,
	16.2569 26.2905,
	16.2337 26.3276,
	16.1975 26.357,
	16.1518 26.376,
	"/>
</Transform>

<Transform dim="0"
 xcoef=" 0 1 0 0 0 0"
 ycoef=" 0 0 1 0 0 0">
<Contour name="D63" hidden="false" closed="true" simplified="true" border="1 0 0" fill="1 0 0" mode="11"
 points="20.0282 27.1429,
	20.0056 27.1402,
	19.9853 27.1322,
	19.9692 27.1198,
	19.9552 27.0869,
	19.9588 27.0696,
	19.9692 27.0539,
	19.9853 27.0416,
	20.0056 27.0336,
	20.0282 27.0309,
	20.0507 27.0336,
	20.0711 27.0416,
	20.0872 27.0539,
	20.0976 27.0696,
	20.1011 27.0869,
	20.0976 27.1042,
	20.0872 27.1198,
	20.0711 27.1322,
	20.0507 27.1402,
	"/>
</Transform>

<Transform dim="0"
 xcoef=" 0 1 0 0 0 0"
 ycoef=" 0 0 1 0 0 0">
<Contour name="d28" hidden="false" closed="true" simplified="true" border="0 0 0" fill="0 0 0" mode="11"
 points="6.9539 23.9419,
	6.85861 23.9345,
	6.76331 23.9345,
	6.71566 23.936,
	6.69183 23.936,
	6.67992 23.9345,
	6.67397 23.9345,
	6.66503 23.9271,
	6.65907 23.9241,
	6.65758 23.9211,
	6.6546 23.9211,
	6.64418 23.9107,
	6.63823 23.9048,
	6.63823 23.9018,
	6.62482 23.8794,
	6.62036 23.8735,
	6.61887 23.8675,
	6.61887 23.8646,
	6.6144 23.8586,
	6.61292 23.8526,
	6.60845 23.8467,
	6.60547 23.8348,
	6.59355 23.8109,
	6.58611 23.799,
	6.58016 23.7931,
	6.57867 23.7872,
	6.56973 23.7767,
	6.56377 23.7648,
	6.5608 23.7633,
	6.5608 23.7604,
	6.54442 23.738,
	6.53548 23.7261,
	6.53548 23.7231,
	6.52953 23.7187,
	6.52506 23.7112,
	6.52506 23.7082,
	6.52208 23.7067,
	6.51762 23.6948,
	6.51315 23.6709,
	6.50421 23.6501,
	6.50272 23.6442,
	6.49826 23.6397,
	6.49677 23.6338,
	6.49081 23.6292,
	6.49081 23.6233,
	6.48337 23.6129,
	6.47741 23.6084,
	6.47443 23.6055,
	6.46252 23.6025,
	6.45657 23.6011,
	6.45359 23.6011,
	6.45061 23.598,
	6.44465 23.598,
	6.43423 23.5936,
	6.4104 23.5891,
	6.39849 23.5846,
	6.38956 23.5772,
	6.3702 23.5578,
	6.36276 23.5459,
	6.36127 23.534,
	6.36127 23.5295,
	6.36127 23.528,
	6.36425 23.5221,
	6.36425 23.5191,
	6.36723 23.5177,
	6.37169 23.5057,
	6.37467 23.4997,
	6.37467 23.4938,
	6.37913 23.4819,
	6.38659 23.4343,
	6.38808 23.4223,
	6.39552 23.3985,
	6.40594 23.3747,
	6.41338 23.3509,
	6.41487 23.3389,
	6.41637 23.333,
	6.41934 23.33,
	6.41934 23.3181,
	6.42381 23.2943,
	6.4387 23.2467,
	6.4387 23.2436,
	6.44167 23.2406,
	6.44167 23.2377,
	6.44465 23.2347,
	6.44465 23.2287,
	6.44913 23.2228,
	6.4521 23.2198,
	6.4521 23.2168,
	6.46103 23.205,
	6.46401 23.2004,
	6.46997 23.1945,
	6.47741 23.1826,
	6.48039 23.1811,
	6.48486 23.1692,
	6.49081 23.1602,
	6.50421 23.1126,
	6.51315 23.0887,
	6.51911 23.065,
	6.52208 23.053,
	6.52357 23.0471,
	6.52357 23.0441,
	6.52804 23.0382,
	6.52804 23.0352,
	6.53995 23.0277,
	6.56973 23.0277,
	6.58165 23.0321,
	6.60547 23.0352,
	6.61738 23.0367,
	6.62334 23.0396,
	6.64716 23.0411,
	6.67099 23.0456,
	6.69481 23.053,
	6.70672 23.059,
	6.71268 23.062,
	6.71566 23.062,
	6.72161 23.0665,
	6.72459 23.0665,
	6.72608 23.0694,
	6.72906 23.0694,
	6.73204 23.0724,
	6.73799 23.0738,
	6.74246 23.0784,
	6.74841 23.0799,
	6.75437 23.0843,
	6.76032 23.0858,
	6.76629 23.0903,
	6.78861 23.0992,
	6.79458 23.1021,
	6.79607 23.1052,
	6.80798 23.1067,
	6.81393 23.1111,
	6.81988 23.1111,
	6.84371 23.1201,
	6.84966 23.1216,
	6.85264 23.1216,
	6.85414 23.1245,
	6.86009 23.1245,
	6.88242 23.1335,
	6.90625 23.1394,
	6.90923 23.1424,
	6.93305 23.1499,
	6.94496 23.1543,
	6.94795 23.1543,
	6.95093 23.1572,
	6.96283 23.1618,
	6.96879 23.1633,
	6.97921 23.1707,
	6.98964 23.1811,
	6.99857 23.1885,
	7.01048 23.1989,
	7.02091 23.205,
	7.0224 23.2079,
	7.02537 23.2079,
	7.03133 23.2138,
	7.03728 23.2153,
	7.04325 23.2213,
	7.05515 23.2258,
	7.06408 23.2333,
	7.07004 23.2377,
	7.08196 23.2406,
	7.09387 23.2467,
	7.10578 23.2496,
	7.10876 23.2496,
	7.11174 23.2526,
	7.12365 23.2541,
	7.12662 23.257,
	7.17428 23.2734,
	7.18023 23.2779,
	7.18619 23.2794,
	7.19065 23.2853,
	7.19661 23.2868,
	7.20704 23.2943,
	7.2115 23.2987,
	7.21448 23.2987,
	7.2249 23.3077,
	7.22936 23.3121,
	7.23533 23.3136,
	7.25766 23.3285,
	7.27999 23.3404,
	7.29041 23.3448,
	7.29787 23.3509,
	7.30084 23.3509,
	7.30233 23.3538,
	7.30531 23.3538,
	7.3068 23.3568,
	7.30978 23.3568,
	7.3336 23.3702,
	7.34551 23.3777,
	7.35146 23.3821,
	7.35444 23.3821,
	7.36041 23.3881,
	7.37231 23.3955,
	7.37529 23.3955,
	7.38125 23.4014,
	7.39316 23.4089,
	7.39912 23.4134,
	7.42294 23.4223,
	7.43485 23.4282,
	7.44676 23.4297,
	7.45868 23.4343,
	7.46315 23.4387,
	7.4691 23.4402,
	7.48102 23.4506,
	7.48102 23.4536,
	7.48399 23.4551,
	7.48399 23.458,
	7.48697 23.4611,
	7.48846 23.467,
	7.49293 23.4714,
	7.49293 23.4774,
	7.4959 23.4833,
	7.4959 23.4863,
	7.49888 23.4894,
	7.50483 23.537,
	7.50483 23.5608,
	7.50483 23.5667,
	7.50037 23.5787,
	7.4959 23.6025,
	7.4959 23.6501,
	7.50037 23.674,
	7.50037 23.6799,
	7.50483 23.6918,
	7.50781 23.6978,
	7.5108 23.7008,
	7.5108 23.7038,
	7.52568 23.7261,
	7.52568 23.7321,
	7.53015 23.738,
	7.53164 23.744,
	7.53164 23.747,
	7.53462 23.7484,
	7.53462 23.7543,
	7.53908 23.7663,
	7.53908 23.7901,
	7.53015 23.814,
	7.52271 23.8258,
	7.51824 23.8303,
	7.51229 23.8318,
	7.50781 23.8363,
	7.46017 23.8497,
	7.44825 23.8556,
	7.42443 23.8601,
	7.42146 23.8601,
	7.41848 23.8631,
	7.39465 23.8675,
	7.37231 23.875,
	7.36636 23.8765,
	7.36338 23.878,
	7.35743 23.8765,
	7.35444 23.8794,
	7.33062 23.8809,
	7.3068 23.8794,
	7.28297 23.8809,
	7.27106 23.8824,
	7.26511 23.8824,
	7.25319 23.8884,
	7.22936 23.8928,
	7.21746 23.8928,
	7.20555 23.8958,
	7.19661 23.8958,
	7.19363 23.8988,
	7.18172 23.9018,
	7.17874 23.9018,
	7.17279 23.9063,
	7.14896 23.9167,
	7.14301 23.9211,
	7.12067 23.9286,
	7.10876 23.9331,
	7.01346 23.936,
	7.00155 23.9405,
	"/>
</Transform>

<Transform dim="0"
 xcoef=" 0 1 0 0 0 0"
 ycoef=" 0 0 1 0 0 0">
<Contour name="d39" hidden="false" closed="true" simplified="true" border="0 0.501961 0" fill="0 0 0" mode="11"
 points="10.9017 28.8117,
	10.8313 28.8095,
	10.7961 28.803,
	10.7785 28.8007,
	10.7697 28.8007,
	10.7609 28.7963,
	10.7258 28.7898,
	10.7082 28.7809,
	10.6994 28.7743,
	10.6818 28.7677,
	10.6136 28.7106,
	10.596 28.6952,
	10.5828 28.6776,
	10.5696 28.6424,
	10.5454 28.6072,
	10.5278 28.572,
	10.5168 28.5016,
	10.5124 28.4312,
	10.5124 28.4136,
	10.5036 28.3785,
	10.4992 28.3696,
	10.4926 28.3345,
	10.4904 28.3168,
	10.4706 28.2465,
	10.464 28.2289,
	10.4618 28.1937,
	10.4618 28.1761,
	10.4618 28.1717,
	10.4618 28.1695,
	10.4772 28.1343,
	10.4816 28.1255,
	10.4816 28.1212,
	10.4926 28.108,
	10.508 28.0903,
	10.5432 28.0662,
	10.552 28.0617,
	10.585 28.0331,
	10.618 28.009,
	10.6224 28.009,
	10.6554 27.9848,
	10.673 27.9826,
	10.6906 27.987,
	10.7609 27.9848,
	10.8313 27.9605,
	10.8401 27.9605,
	10.8753 27.9473,
	10.8797 27.943,
	10.9149 27.932,
	10.9325 27.9276,
	10.9391 27.9209,
	10.9567 27.9144,
	10.9655 27.9122,
	10.9699 27.9078,
	10.9875 27.9055,
	11.0205 27.8814,
	11.0227 27.8726,
	11.0381 27.8572,
	11.0711 27.8374,
	11.1415 27.8176,
	11.1766 27.8198,
	11.181 27.8242,
	11.1987 27.8264,
	11.203 27.8308,
	11.2382 27.8418,
	11.2558 27.8506,
	11.2646 27.8594,
	11.2998 27.8748,
	11.3328 27.9012,
	11.4032 27.943,
	11.4383 27.9716,
	11.4493 27.987,
	11.4669 28.0002,
	11.4757 28.009,
	11.4779 28.0177,
	11.4889 28.0331,
	11.4955 28.0508,
	11.5175 28.0837,
	11.5483 28.1541,
	11.5571 28.1717,
	11.5571 28.2069,
	11.555 28.2245,
	11.5439 28.2597,
	11.5505 28.2949,
	11.5659 28.33,
	11.5659 28.3345,
	11.5703 28.3389,
	11.5725 28.3564,
	11.5835 28.3917,
	11.5901 28.4093,
	11.5879 28.4444,
	11.5835 28.4621,
	11.5659 28.4972,
	11.5593 28.5148,
	11.5527 28.5236,
	11.5461 28.5412,
	11.5241 28.5742,
	11.4889 28.5874,
	11.4846 28.5918,
	11.4142 28.6072,
	11.3789 28.6181,
	11.3614 28.6313,
	11.3525 28.638,
	11.3482 28.6424,
	11.313 28.6534,
	11.2954 28.6556,
	11.2602 28.6534,
	11.2426 28.6556,
	11.225 28.6622,
	11.2206 28.6666,
	11.1855 28.6688,
	11.1502 28.6776,
	11.1326 28.6841,
	11.1238 28.693,
	11.1151 28.6952,
	11.1041 28.6798,
	11.1041 28.6445,
	11.0974 28.627,
	11.0842 28.6094,
	11.0689 28.5984,
	11.0513 28.594,
	11.0293 28.594,
	11.0139 28.6094,
	11.0073 28.627,
	11.0073 28.6445,
	11.0117 28.6622,
	11.0161 28.6709,
	11.0337 28.6863,
	11.0513 28.6973,
	11.0601 28.7017,
	11.0645 28.7106,
	11.0645 28.7281,
	11.0293 28.7391,
	11.0117 28.7435,
	11.0029 28.748,
	10.9985 28.7523,
	10.9941 28.7523,
	10.9765 28.7699,
	10.9633 28.7875,
	10.9545 28.7941,
	10.9193 28.8052,
	"/>
</Transform>

<Transform dim="0"
 xcoef=" 0 1 0 0 0 0"
 ycoef=" 0 0 1 0 0 0">
<Contour name="d56" hidden="false" closed="true" simplified="true" border="0 0 0" fill="0 0 0" mode="11"
 points="23.5248 23.8632,
	23.5189 23.8625,
	23.516 23.8603,
	23.5102 23.8596,
	23.5043 23.8558,
	23.4925 23.8515,
	23.4867 23.8493,
	23.4838 23.8486,
	23.4809 23.8464,
	23.4779 23.8457,
	23.4757 23.8435,
	23.4699 23.8428,
	23.4582 23.8376,
	23.4524 23.8354,
	23.4472 23.831,
	23.4414 23.8288,
	23.4384 23.828,
	23.4354 23.8258,
	23.4296 23.8237,
	23.4179 23.8157,
	23.4121 23.8127,
	23.4062 23.8083,
	23.4033 23.8076,
	23.3915 23.7988,
	23.3857 23.7937,
	23.3828 23.7915,
	23.3769 23.79,
	23.3557 23.7666,
	23.3505 23.7608,
	23.3491 23.7549,
	23.3462 23.7519,
	23.3418 23.7402,
	23.3382 23.7344,
	23.3272 23.7249,
	23.322 23.7198,
	23.3104 23.7147,
	23.3045 23.7117,
	23.2927 23.7088,
	23.2811 23.7022,
	23.2796 23.7022,
	23.2562 23.681,
	23.2445 23.6707,
	23.2335 23.6591,
	23.2277 23.6531,
	23.2196 23.6414,
	23.2174 23.6356,
	23.2145 23.6121,
	23.213 23.5888,
	23.2116 23.5771,
	23.2116 23.5653,
	23.2152 23.5419,
	23.2181 23.5302,
	23.2203 23.4833,
	23.2203 23.4716,
	23.2159 23.46,
	23.2145 23.4541,
	23.2116 23.4483,
	23.2094 23.4461,
	23.2087 23.4402,
	23.2049 23.4343,
	23.2013 23.4226,
	23.2013 23.3758,
	23.2013 23.3699,
	23.2013 23.367,
	23.2013 23.3663,
	23.2064 23.3545,
	23.2094 23.3487,
	23.2108 23.3253,
	23.2116 23.3135,
	23.2116 23.3077,
	23.2181 23.2843,
	23.2217 23.2725,
	23.2269 23.2609,
	23.2277 23.255,
	23.2306 23.2492,
	23.232 23.2463,
	23.232 23.2433,
	23.2387 23.2316,
	23.2488 23.2082,
	23.2526 23.2023,
	23.2533 23.1965,
	23.2679 23.173,
	23.2752 23.1614,
	23.2781 23.1555,
	23.2796 23.1526,
	23.3023 23.1306,
	23.3118 23.1189,
	23.3169 23.113,
	23.3205 23.1072,
	23.3228 23.1043,
	23.3236 23.1013,
	23.3337 23.0904,
	23.3418 23.0787,
	23.3462 23.0728,
	23.3579 23.0611,
	23.3586 23.0581,
	23.3615 23.0552,
	23.3645 23.0545,
	23.3762 23.0428,
	23.3821 23.0377,
	23.3879 23.034,
	23.3908 23.031,
	23.3967 23.0288,
	23.4025 23.0245,
	23.4054 23.0223,
	23.4172 23.0178,
	23.4231 23.0157,
	23.4347 23.0142,
	23.4464 23.0091,
	23.4582 23.0025,
	23.4611 23.0018,
	23.508 22.966,
	23.5174 22.9542,
	23.5219 22.9484,
	23.5328 22.9367,
	23.5365 22.9308,
	23.5387 22.925,
	23.546 22.9132,
	23.5474 22.9103,
	23.5592 22.9008,
	23.5651 22.8971,
	23.5709 22.8964,
	23.5826 22.8898,
	23.606 22.8737,
	23.6119 22.873,
	23.6177 22.8701,
	23.6236 22.8693,
	23.6265 22.8679,
	23.6733 22.8642,
	23.6968 22.8635,
	23.7085 22.8628,
	23.7553 22.8642,
	23.767 22.8642,
	23.7788 22.8612,
	23.8021 22.8605,
	23.8139 22.8612,
	23.8198 22.8612,
	23.8314 22.8679,
	23.8373 22.8722,
	23.8402 22.8781,
	23.8424 22.9015,
	23.8475 22.9074,
	23.8505 22.9081,
	23.8738 22.9235,
	23.8856 22.9345,
	23.8951 22.9461,
	23.898 22.9491,
	23.9009 22.955,
	23.9024 22.9579,
	23.9258 22.9784,
	23.9493 22.9974,
	23.9609 23.0069,
	23.9639 23.0099,
	23.9654 23.0113,
	23.9683 23.012,
	23.98 23.0201,
	23.9858 23.0245,
	23.9917 23.0274,
	23.9976 23.0288,
	23.999 23.0288,
	24.0019 23.0318,
	24.0078 23.0333,
	24.0107 23.0355,
	24.0122 23.0369,
	24.0151 23.0377,
	24.0166 23.0377,
	24.0196 23.0406,
	24.0254 23.0428,
	24.0371 23.0501,
	24.0429 23.053,
	24.0444 23.053,
	24.0474 23.0552,
	24.0532 23.0567,
	24.0561 23.0574,
	24.062 23.0619,
	24.0649 23.064,
	24.0707 23.0662,
	24.0736 23.0669,
	24.0781 23.072,
	24.0839 23.0742,
	24.0956 23.0823,
	24.1015 23.0867,
	24.1074 23.0888,
	24.1103 23.0911,
	24.1161 23.0933,
	24.1191 23.094,
	24.1249 23.0984,
	24.1264 23.0998,
	24.1322 23.1006,
	24.1381 23.1036,
	24.141 23.105,
	24.1469 23.1058,
	24.1491 23.1087,
	24.1607 23.1116,
	24.1842 23.1255,
	24.2076 23.1372,
	24.2127 23.1416,
	24.2156 23.1423,
	24.2186 23.1445,
	24.2244 23.1468,
	24.2362 23.154,
	24.242 23.1584,
	24.2449 23.1607,
	24.2566 23.1643,
	24.2683 23.1723,
	24.2705 23.1745,
	24.2823 23.1797,
	24.3057 23.1936,
	24.3291 23.2046,
	24.3408 23.2096,
	24.3525 23.2162,
	24.354 23.2162,
	24.3599 23.2206,
	24.3657 23.2228,
	24.3774 23.2301,
	24.3832 23.2324,
	24.395 23.2404,
	24.3979 23.2425,
	24.3993 23.2425,
	24.4111 23.2528,
	24.4213 23.2646,
	24.4257 23.2689,
	24.4484 23.2865,
	24.4601 23.296,
	24.4631 23.2989,
	24.466 23.3004,
	24.4681 23.3034,
	24.4696 23.3034,
	24.4806 23.315,
	24.4901 23.3267,
	24.4945 23.3326,
	24.496 23.3334,
	24.4981 23.3392,
	24.5055 23.3509,
	24.507 23.3567,
	24.5106 23.3626,
	24.512 23.3684,
	24.5149 23.3744,
	24.5165 23.3773,
	24.5165 23.3802,
	24.5187 23.3824,
	24.5274 23.4058,
	24.534 23.4175,
	24.5377 23.4233,
	24.5384 23.4263,
	24.542 23.4322,
	24.542 23.4336,
	24.5435 23.4351,
	24.5435 23.4365,
	24.5458 23.4394,
	24.5559 23.4622,
	24.5574 23.4651,
	24.5626 23.4709,
	24.5691 23.4819,
	24.5713 23.4936,
	24.5728 23.5171,
	24.5779 23.5397,
	24.5801 23.5514,
	24.5816 23.5572,
	24.583 23.5807,
	24.583 23.6275,
	24.583 23.651,
	24.583 23.6627,
	24.5816 23.6744,
	24.5787 23.6802,
	24.5772 23.6831,
	24.5713 23.6883,
	24.5597 23.6934,
	24.5538 23.6941,
	24.548 23.6963,
	24.5362 23.6985,
	24.5245 23.7022,
	24.5187 23.7044,
	24.5157 23.7044,
	24.504 23.7088,
	24.4981 23.7102,
	24.4952 23.7109,
	24.4938 23.7124,
	24.488 23.7131,
	24.4762 23.7109,
	24.4645 23.7073,
	24.441 23.708,
	24.4352 23.708,
	24.4293 23.7095,
	24.3825 23.7117,
	24.3357 23.7109,
	24.3005 23.7109,
	24.2772 23.7139,
	24.2713 23.7147,
	24.2683 23.7147,
	24.2566 23.719,
	24.2449 23.7183,
	24.2333 23.7161,
	24.1864 23.7147,
	24.163 23.7139,
	24.1513 23.7109,
	24.1395 23.7066,
	24.1337 23.703,
	24.1278 23.7022,
	24.1161 23.6956,
	24.0927 23.6773,
	24.081 23.6663,
	24.0774 23.6605,
	24.0715 23.6553,
	24.0686 23.6531,
	24.0568 23.6495,
	24.01 23.6502,
	23.9983 23.6553,
	23.9925 23.6583,
	23.9895 23.6591,
	23.9427 23.6992,
	23.9193 23.719,
	23.9163 23.7198,
	23.9105 23.7256,
	23.9076 23.7285,
	23.9017 23.7308,
	23.8958 23.7344,
	23.8724 23.7409,
	23.849 23.7461,
	23.8431 23.749,
	23.8402 23.749,
	23.8344 23.7527,
	23.8227 23.7563,
	23.8109 23.7651,
	23.805 23.7702,
	23.8021 23.7725,
	23.7992 23.7732,
	23.7875 23.7812,
	23.7758 23.7856,
	23.77 23.7879,
	23.7641 23.7915,
	23.7582 23.7937,
	23.7349 23.8076,
	23.7231 23.8127,
	23.7172 23.8149,
	23.7055 23.8164,
	23.6939 23.8193,
	23.6704 23.8273,
	23.647 23.8339,
	23.6353 23.8368,
	23.6323 23.839,
	23.609 23.8457,
	23.6068 23.8478,
	23.5951 23.85,
	23.5716 23.8574,
	23.5599 23.861,
	23.5365 23.8632,
	"/>
</Transform>

<Transform dim="0"
 xcoef=" 0 1 0 0 0 0"
 ycoef=" 0 0 1 0 0 0">
<Contour name="d39sp26" hidden="false" closed="true" simplified="true" border="1 0 0" fill="1 0 0" mode="11"
 points="12.0561 28.2625,
	12.0405 28.2576,
	12.0326 28.2518,
	12.0316 28.2499,
	12.0277 28.2489,
	12.0218 28.2439,
	12.0071 28.2352,
	12.0032 28.2331,
	11.9993 28.2331,
	11.9964 28.2312,
	11.9945 28.2312,
	11.9924 28.2292,
	11.9885 28.2283,
	11.9808 28.2205,
	11.9808 28.2126,
	11.9808 28.2087,
	11.9808 28.2077,
	11.9837 28.1999,
	11.9846 28.1685,
	11.9817 28.1372,
	11.9817 28.1216,
	11.9827 28.1137,
	11.9846 28.1098,
	11.9974 28.097,
	12.0052 28.0911,
	12.0092 28.0901,
	12.0111 28.0882,
	12.0268 28.0853,
	12.0581 28.0824,
	12.0737 28.0785,
	12.0776 28.0774,
	12.0816 28.0745,
	12.0855 28.0735,
	12.0933 28.0677,
	12.107 28.0588,
	12.1207 28.048,
	12.1335 28.0354,
	12.1384 28.0285,
	12.1512 28.0147,
	12.157 28.0099,
	12.1609 28.0059,
	12.1629 28.0059,
	12.1659 28.002,
	12.1815 27.9912,
	12.1844 27.9893,
	12.1893 27.9825,
	12.1922 27.9795,
	12.1922 27.9775,
	12.1962 27.9746,
	12.2011 27.9678,
	12.2021 27.9638,
	12.205 27.9609,
	12.2059 27.957,
	12.2109 27.9491,
	12.2138 27.9462,
	12.2138 27.9442,
	12.2256 27.9295,
	12.2285 27.9266,
	12.2305 27.9256,
	12.2305 27.9237,
	12.2422 27.909,
	12.2521 27.8943,
	12.255 27.8903,
	12.2559 27.8864,
	12.2598 27.8835,
	12.2628 27.8756,
	12.2648 27.8747,
	12.2648 27.8727,
	12.2687 27.8698,
	12.2697 27.8659,
	12.2726 27.8639,
	12.2736 27.86,
	12.2774 27.8571,
	12.2774 27.8551,
	12.2814 27.8512,
	12.2921 27.8364,
	12.2942 27.8355,
	12.2971 27.8287,
	12.3029 27.8208,
	12.3058 27.8169,
	12.3068 27.813,
	12.3108 27.8111,
	12.3118 27.8071,
	12.3216 27.7914,
	12.3245 27.7875,
	12.3245 27.7836,
	12.3265 27.7817,
	12.3333 27.7503,
	12.3343 27.7425,
	12.3392 27.7268,
	12.3412 27.7189,
	12.3412 27.715,
	12.3431 27.7111,
	12.3441 27.7033,
	12.35 27.6876,
	12.35 27.6857,
	12.3607 27.67,
	12.3636 27.6661,
	12.3676 27.6641,
	12.4303 27.6631,
	12.4381 27.6631,
	12.4695 27.669,
	12.4851 27.6729,
	12.492 27.6749,
	12.4959 27.6768,
	12.4969 27.6847,
	12.4959 27.6925,
	12.489 27.7003,
	12.4871 27.7023,
	12.4832 27.7033,
	12.4822 27.7052,
	12.4803 27.7052,
	12.4783 27.7072,
	12.4704 27.7092,
	12.4666 27.7111,
	12.4646 27.7111,
	12.4616 27.7141,
	12.4577 27.715,
	12.445 27.7258,
	12.4332 27.7386,
	12.4264 27.7464,
	12.4235 27.7493,
	12.4225 27.7533,
	12.4165 27.7601,
	12.4127 27.768,
	12.4107 27.7718,
	12.4107 27.7757,
	12.4078 27.7797,
	12.398 27.8111,
	12.396 27.8149,
	12.396 27.8169,
	12.3941 27.8188,
	12.3941 27.8228,
	12.3911 27.8267,
	12.3901 27.8306,
	12.3852 27.8375,
	12.3725 27.8669,
	12.3676 27.8825,
	12.3647 27.8903,
	12.3627 27.9218,
	12.3627 27.9295,
	12.3657 27.9452,
	12.3657 27.9471,
	12.3676 27.9481,
	12.3725 27.9795,
	12.3715 27.9873,
	12.3647 28.003,
	12.3588 28.0099,
	12.351 28.0177,
	12.347 28.0186,
	12.346 28.0196,
	12.3382 28.0177,
	12.3343 28.0167,
	12.3323 28.0147,
	12.3245 28.0128,
	12.3166 28.0128,
	12.3128 28.0118,
	12.3089 28.0128,
	12.301 28.0186,
	12.2882 28.0333,
	12.2834 28.0402,
	12.2795 28.0559,
	12.2784 28.0716,
	12.2765 28.0794,
	12.2755 28.0833,
	12.2687 28.0901,
	12.2667 28.0901,
	12.2658 28.0922,
	12.25 28.0961,
	12.2343 28.097,
	12.2187 28.1029,
	12.2167 28.1029,
	12.2129 28.1058,
	12.209 28.1069,
	12.205 28.1098,
	12.203 28.1098,
	12.2001 28.1137,
	12.1932 28.1185,
	12.1913 28.1185,
	12.1775 28.1323,
	12.1678 28.146,
	12.1629 28.1616,
	12.1619 28.1931,
	12.1609 28.2087,
	12.1551 28.2165,
	12.1501 28.2205,
	12.1482 28.2205,
	12.1433 28.2263,
	12.1286 28.2391,
	12.1217 28.2449,
	12.1178 28.2459,
	12.1159 28.2478,
	12.1139 28.2478,
	12.113 28.2499,
	12.1051 28.2528,
	12.1031 28.2547,
	12.0875 28.2596,
	12.0797 28.2625,
	"/>
</Transform>

<Transform dim="0"
 xcoef=" 0 1 0 0 0 0"
 ycoef=" 0 0 1 0 0 0">
<Contour name="d39sp26" hidden="false" closed="true" simplified="true" border="1 0 0" fill="1 0 0" mode="11"
 points="12.0757 27.4652,
	12.0599 27.4642,
	12.0531 27.4593,
	12.0521 27.4554,
	12.0462 27.4494,
	12.0442 27.4465,
	12.0432 27.4308,
	12.0432 27.4269,
	12.0432 27.4259,
	12.0452 27.4219,
	12.059 27.4091,
	12.0629 27.4091,
	12.0669 27.4111,
	12.0797 27.4269,
	12.0836 27.4347,
	12.0856 27.4426,
	12.0856 27.4583,
	12.0856 27.4603,
	12.0816 27.4632,
	12.0776 27.4632,
	"/>
</Transform>

<Transform dim="0"
 xcoef=" 0 1 0 0 0 0"
 ycoef=" 0 0 1 0 0 0">
<Contour name="d38sp11" hidden="false" closed="true" simplified="true" border="1 0 0" fill="1 0 0" mode="11"
 points="22.7871 24.1564,
	22.7734 24.1529,
	22.7665 24.1504,
	22.7631 24.1495,
	22.7614 24.1478,
	22.7065 24.1409,
	22.7031 24.1409,
	22.6997 24.1392,
	22.6928 24.1384,
	22.686 24.135,
	22.6843 24.135,
	22.6826 24.1315,
	22.6826 24.1298,
	22.6826 24.129,
	22.6919 24.1161,
	22.6954 24.1153,
	22.6972 24.1118,
	22.704 24.1084,
	22.7108 24.1033,
	22.7126 24.1033,
	22.7254 24.0955,
	22.7528 24.0862,
	22.7802 24.081,
	22.8213 24.081,
	22.8487 24.0835,
	22.8762 24.0827,
	22.8899 24.0818,
	22.8968 24.0827,
	22.9036 24.0862,
	22.9062 24.0896,
	22.9087 24.1033,
	22.9087 24.1101,
	22.907 24.1136,
	22.907 24.1153,
	22.9036 24.1187,
	22.9019 24.1212,
	22.895 24.1273,
	22.8933 24.129,
	22.8899 24.1298,
	22.8865 24.1324,
	22.8831 24.1333,
	22.8813 24.135,
	22.8779 24.135,
	22.8504 24.1444,
	22.8436 24.147,
	22.8419 24.147,
	22.8384 24.1495,
	22.8316 24.1521,
	22.8247 24.1529,
	22.8213 24.1546,
	22.7939 24.1564,
	"/>
</Transform>

<Transform dim="0"
 xcoef=" 0 1 0 0 0 0"
 ycoef=" 0 0 1 0 0 0">
<Contour name="d38sp11" hidden="false" closed="true" simplified="true" border="1 0 0" fill="1 0 0" mode="11"
 points="25.1496 24.05,
	25.1466 24.047,
	25.1426 24.046,
	25.1405 24.046,
	25.1375 24.0419,
	25.1355 24.0398,
	25.1335 24.0398,
	25.1274 24.0338,
	25.1233 24.0328,
	25.1213 24.0308,
	25.1052 24.0257,
	25.0729 24.0237,
	25.0405 24.0257,
	25.0082 24.0257,
	24.9921 24.0267,
	24.9759 24.0257,
	24.9598 24.0227,
	24.9527 24.0197,
	24.9447 24.0187,
	24.9295 24.0126,
	24.9274 24.0106,
	24.9254 24.0106,
	24.9184 24.0045,
	24.9133 23.9995,
	24.9133 23.9974,
	24.9033 23.9823,
	24.9012 23.9783,
	24.8871 23.9651,
	24.88 23.9581,
	24.878 23.9571,
	24.878 23.955,
	24.874 23.953,
	24.8709 23.949,
	24.8669 23.947,
	24.8638 23.943,
	24.8598 23.9409,
	24.8567 23.9369,
	24.8416 23.9277,
	24.8336 23.9227,
	24.8316 23.9227,
	24.8275 23.9197,
	24.8254 23.9197,
	24.8184 23.9137,
	24.8033 23.9076,
	24.7881 23.8985,
	24.781 23.8934,
	24.779 23.8914,
	24.775 23.8914,
	24.7689 23.8854,
	24.7649 23.8833,
	24.7589 23.8763,
	24.7578 23.8723,
	24.7538 23.8682,
	24.7508 23.8602,
	24.7487 23.856,
	24.7467 23.854,
	24.7447 23.8379,
	24.7447 23.8218,
	24.7447 23.8208,
	24.7447 23.8198,
	24.7508 23.8116,
	24.7589 23.8066,
	24.7912 23.8056,
	24.8234 23.8086,
	24.8396 23.8096,
	24.8477 23.8096,
	24.8557 23.8066,
	24.8578 23.8046,
	24.8618 23.8046,
	24.8699 23.8016,
	24.874 23.7985,
	24.882 23.7955,
	24.8901 23.7905,
	24.8921 23.7895,
	24.8921 23.7875,
	24.8991 23.7803,
	24.8991 23.7783,
	24.9033 23.7743,
	24.9123 23.7602,
	24.9144 23.7561,
	24.9164 23.7541,
	24.9164 23.7521,
	24.9194 23.7481,
	24.9224 23.7399,
	24.9274 23.7319,
	24.9285 23.7278,
	24.9396 23.7127,
	24.9416 23.7087,
	24.9487 23.7016,
	24.9547 23.6965,
	24.9668 23.6834,
	24.9698 23.6794,
	24.9719 23.6774,
	24.9739 23.6774,
	24.984 23.6642,
	24.9911 23.6481,
	24.9931 23.6441,
	24.9931 23.64,
	24.9951 23.639,
	24.9961 23.635,
	24.9981 23.634,
	24.9991 23.6299,
	25.0022 23.6268,
	25.0022 23.6248,
	25.0132 23.6097,
	25.0194 23.6017,
	25.0214 23.5976,
	25.0285 23.5895,
	25.0315 23.5854,
	25.0335 23.5844,
	25.0345 23.5804,
	25.0446 23.5643,
	25.0527 23.5481,
	25.0557 23.541,
	25.0648 23.5249,
	25.0678 23.5209,
	25.0709 23.5137,
	25.0809 23.4976,
	25.086 23.4896,
	25.089 23.4865,
	25.09 23.4825,
	25.0961 23.4754,
	25.1002 23.4673,
	25.1072 23.4603,
	25.1153 23.4562,
	25.1193 23.4542,
	25.1355 23.4542,
	25.1678 23.4502,
	25.1759 23.4472,
	25.192 23.4441,
	25.2001 23.4431,
	25.2082 23.44,
	25.2404 23.437,
	25.2486 23.437,
	25.2567 23.44,
	25.2607 23.44,
	25.2687 23.4441,
	25.2728 23.4441,
	25.289 23.4512,
	25.297 23.4562,
	25.2991 23.4562,
	25.3011 23.4582,
	25.3051 23.4593,
	25.3132 23.4653,
	25.3173 23.4663,
	25.3183 23.4683,
	25.3264 23.4713,
	25.3344 23.4723,
	25.3384 23.4723,
	25.3465 23.4754,
	25.3515 23.4784,
	25.3597 23.4794,
	25.3748 23.4876,
	25.3758 23.4896,
	25.3798 23.4896,
	25.3839 23.4926,
	25.3919 23.4956,
	25.396 23.4996,
	25.4001 23.5006,
	25.4081 23.5077,
	25.4222 23.5179,
	25.4283 23.5259,
	25.4314 23.534,
	25.4324 23.5663,
	25.4314 23.5824,
	25.4304 23.5905,
	25.4273 23.5986,
	25.4242 23.6027,
	25.4242 23.6047,
	25.4202 23.6087,
	25.4182 23.6087,
	25.4152 23.6127,
	25.4071 23.6168,
	25.394 23.6299,
	25.3828 23.6451,
	25.3818 23.6491,
	25.3768 23.6571,
	25.3748 23.6592,
	25.3718 23.6672,
	25.3708 23.6713,
	25.3677 23.6754,
	25.3617 23.7077,
	25.3617 23.7238,
	25.3647 23.7399,
	25.3677 23.7481,
	25.3688 23.7521,
	25.3748 23.7592,
	25.3818 23.7642,
	25.3859 23.7672,
	25.3879 23.7672,
	25.3889 23.7692,
	25.393 23.7702,
	25.394 23.7723,
	25.3981 23.7723,
	25.4122 23.7834,
	25.4152 23.7854,
	25.4172 23.7935,
	25.4172 23.8096,
	25.4162 23.8177,
	25.4101 23.8339,
	25.4101 23.8379,
	25.4081 23.8419,
	25.4061 23.844,
	25.4051 23.848,
	25.4031 23.849,
	25.4021 23.853,
	25.393 23.8692,
	25.3889 23.8733,
	25.3879 23.8773,
	25.3849 23.8803,
	25.3849 23.8823,
	25.3748 23.8975,
	25.3617 23.9126,
	25.3546 23.9197,
	25.3525 23.9237,
	25.3485 23.9267,
	25.3394 23.9409,
	25.3334 23.948,
	25.3304 23.956,
	25.3284 23.9601,
	25.3264 23.9621,
	25.3253 23.9661,
	25.3253 23.9681,
	25.3223 23.9713,
	25.3213 23.9753,
	25.3193 23.9773,
	25.3162 23.9854,
	25.3111 23.9934,
	25.3111 23.9954,
	25.3041 24.0035,
	25.2728 24.0167,
	25.2587 24.0257,
	25.2546 24.0267,
	25.2466 24.0318,
	25.2304 24.0348,
	25.2263 24.0368,
	25.2102 24.0388,
	25.2021 24.0398,
	25.198 24.0398,
	25.194 24.0419,
	25.192 24.0419,
	25.19 24.0439,
	25.1739 24.049,
	25.1577 24.05,
	"/>
</Transform>

<Transform dim="0"
 xcoef=" 0 1 0 0 0 0"
 ycoef=" 0 0 1 0 0 0">
<Contour name="d56sp14" hidden="false" closed="true" simplified="true" border="1 0 0" fill="1 0 0" mode="11"
 points="23.6882 24.1244,
	23.6833 24.1231,
	23.6809 24.1225,
	23.6802 24.1213,
	23.6703 24.1194,
	23.6654 24.1182,
	23.6554 24.1139,
	23.6505 24.1107,
	23.6418 24.1021,
	23.6412 24.0996,
	23.6381 24.0952,
	23.6375 24.0928,
	23.6356 24.0897,
	23.6306 24.0797,
	23.6269 24.0698,
	23.625 24.0649,
	23.6182 24.0549,
	23.6139 24.0506,
	23.6114 24.0487,
	23.6108 24.0463,
	23.6077 24.0413,
	23.6071 24.0363,
	23.6058 24.0339,
	23.6039 24.0239,
	23.6033 23.9842,
	23.6027 23.9744,
	23.6027 23.9693,
	23.6027 23.9669,
	23.5996 23.957,
	23.5953 23.9471,
	23.5928 23.942,
	23.586 23.9328,
	23.5847 23.9279,
	23.5816 23.9229,
	23.581 23.9204,
	23.5779 23.9161,
	23.5766 23.9149,
	23.5748 23.9098,
	23.563 23.8906,
	23.5605 23.8882,
	23.5574 23.8838,
	23.55 23.877,
	23.5456 23.8727,
	23.5432 23.8721,
	23.5407 23.8695,
	23.5358 23.8677,
	23.5308 23.864,
	23.5295 23.864,
	23.5246 23.8603,
	23.5246 23.8597,
	23.5444 23.8559,
	23.5544 23.854,
	23.5593 23.8534,
	23.5692 23.8503,
	23.5742 23.8497,
	23.5792 23.8479,
	23.5841 23.8472,
	23.5866 23.846,
	23.5915 23.8454,
	23.5965 23.8436,
	23.6015 23.8429,
	23.6065 23.841,
	23.6114 23.8404,
	23.6214 23.8373,
	23.6312 23.8354,
	23.6412 23.8324,
	23.6461 23.8318,
	23.6858 23.8187,
	23.6882 23.8175,
	23.6895 23.8175,
	23.6907 23.8163,
	23.7106 23.8106,
	23.7304 23.802,
	23.7329 23.8014,
	23.7341 23.8002,
	23.7367 23.8002,
	23.7391 23.7982,
	23.7434 23.797,
	23.7459 23.7957,
	23.7471 23.7945,
	23.7571 23.792,
	23.7596 23.7902,
	23.7695 23.7859,
	23.7744 23.7839,
	23.7795 23.7809,
	23.7819 23.7803,
	23.7844 23.7784,
	23.7856 23.7778,
	23.7862 23.779,
	23.7795 23.789,
	23.7757 23.7939,
	23.7732 23.7957,
	23.772 23.7982,
	23.7677 23.8026,
	23.7608 23.8119,
	23.7589 23.8144,
	23.7589 23.8156,
	23.7565 23.8175,
	23.7559 23.82,
	23.7528 23.8249,
	23.7515 23.8273,
	23.7515 23.8287,
	23.7484 23.833,
	23.7471 23.8354,
	23.7471 23.8367,
	23.7441 23.8416,
	23.7428 23.8442,
	23.7428 23.8454,
	23.7416 23.8466,
	23.7398 23.8516,
	23.741 23.8715,
	23.7422 23.8813,
	23.7453 23.8913,
	23.7471 23.8937,
	23.7484 23.8986,
	23.7509 23.9037,
	23.7577 23.9235,
	23.7614 23.9334,
	23.762 23.9359,
	23.7646 23.9384,
	23.7646 23.9408,
	23.7677 23.9458,
	23.7732 23.9656,
	23.7732 23.9707,
	23.777 23.9905,
	23.7782 24.0103,
	23.7807 24.0302,
	23.7807 24.05,
	23.7801 24.0599,
	23.7744 24.0797,
	23.7726 24.0848,
	23.7707 24.0866,
	23.7707 24.0878,
	23.7689 24.0897,
	23.7683 24.0921,
	23.7658 24.094,
	23.7626 24.0977,
	23.7589 24.1027,
	23.7503 24.1101,
	23.7491 24.1113,
	23.7478 24.1113,
	23.7453 24.1133,
	23.7441 24.1145,
	23.7428 24.1145,
	23.7416 24.1157,
	23.7391 24.1164,
	23.7379 24.1176,
	23.7354 24.1182,
	23.7329 24.12,
	23.723 24.1231,
	23.718 24.1244,
	"/>
</Transform>

<Transform dim="0"
 xcoef=" 0 1 0 0 0 0"
 ycoef=" 0 0 1 0 0 0">
<Contour name="d38sp09" hidden="false" closed="true" simplified="true" border="1 0 0" fill="1 0 0" mode="11"
 points="22.7871 22.5349,
	22.7701 22.5342,
	22.753 22.5316,
	22.7446 22.53,
	22.7403 22.5284,
	22.7318 22.5269,
	22.7233 22.5269,
	22.7063 22.5284,
	22.7021 22.529,
	22.6935 22.5274,
	22.6893 22.5269,
	22.6872 22.5258,
	22.6861 22.5258,
	22.6823 22.5232,
	22.6744 22.5152,
	22.6734 22.5136,
	22.6713 22.5115,
	22.6686 22.5083,
	22.6632 22.5003,
	22.6622 22.4982,
	22.6601 22.4961,
	22.6574 22.4924,
	22.6569 22.4902,
	22.6559 22.4891,
	22.6559 22.488,
	22.65 22.4807,
	22.6473 22.4763,
	22.6473 22.4753,
	22.6452 22.4737,
	22.6447 22.4716,
	22.642 22.4674,
	22.641 22.4663,
	22.6393 22.4625,
	22.6382 22.4604,
	22.6372 22.4594,
	22.6356 22.4551,
	22.634 22.453,
	22.633 22.4487,
	22.6309 22.4445,
	22.6298 22.4275,
	22.6298 22.4233,
	22.6298 22.4222,
	22.6298 22.4217,
	22.6314 22.3876,
	22.6324 22.3792,
	22.6335 22.3749,
	22.6335 22.3706,
	22.6372 22.3537,
	22.6377 22.3451,
	22.641 22.3281,
	22.6415 22.326,
	22.6436 22.3239,
	22.6441 22.3244,
	22.6484 22.3212,
	22.6505 22.3212,
	22.6515 22.3201,
	22.6601 22.3175,
	22.6638 22.3148,
	22.6669 22.3112,
	22.6675 22.3026,
	22.6669 22.2942,
	22.6669 22.292,
	22.6686 22.2877,
	22.6718 22.284,
	22.6739 22.2835,
	22.6749 22.2825,
	22.6792 22.2809,
	22.6962 22.2781,
	22.7042 22.275,
	22.7079 22.2723,
	22.711 22.2681,
	22.7127 22.266,
	22.7169 22.2638,
	22.7255 22.2638,
	22.7339 22.2649,
	22.7467 22.2649,
	22.7488 22.2638,
	22.7498 22.2638,
	22.7509 22.2627,
	22.752 22.2627,
	22.7563 22.259,
	22.7573 22.258,
	22.7584 22.258,
	22.7626 22.2543,
	22.7637 22.2543,
	22.7674 22.2517,
	22.768 22.2506,
	22.7722 22.2489,
	22.7743 22.2484,
	22.7754 22.2473,
	22.7839 22.2458,
	22.8009 22.2447,
	22.8179 22.2447,
	22.8264 22.2458,
	22.8306 22.2468,
	22.8476 22.2479,
	22.8646 22.2506,
	22.8689 22.2506,
	22.8731 22.2522,
	22.8753 22.2522,
	22.8774 22.2532,
	22.8859 22.2543,
	22.8943 22.2564,
	22.8981 22.2569,
	22.9151 22.2622,
	22.9236 22.2655,
	22.9279 22.2671,
	22.93 22.2676,
	22.9311 22.2686,
	22.9353 22.2692,
	22.9363 22.2702,
	22.9384 22.2702,
	22.9428 22.2729,
	22.9449 22.2739,
	22.9459 22.2739,
	22.9501 22.2766,
	22.9545 22.2803,
	22.9629 22.284,
	22.965 22.2846,
	22.9661 22.2856,
	22.9683 22.2862,
	22.9693 22.2872,
	22.9715 22.2877,
	22.9725 22.2877,
	22.973 22.2888,
	22.9751 22.2893,
	22.9762 22.2893,
	22.9842 22.2947,
	22.9916 22.2989,
	22.9937 22.3,
	22.9959 22.3021,
	23.0038 22.308,
	23.0103 22.3154,
	23.0108 22.3175,
	23.0129 22.3191,
	23.014 22.3212,
	23.0161 22.3234,
	23.0213 22.3302,
	23.0224 22.3324,
	23.0357 22.3478,
	23.0367 22.3499,
	23.039 22.3521,
	23.0437 22.36,
	23.0448 22.3642,
	23.0469 22.3685,
	23.049 22.377,
	23.0506 22.3813,
	23.0516 22.3897,
	23.0528 22.3941,
	23.0533 22.411,
	23.0538 22.4195,
	23.0533 22.428,
	23.0533 22.4291,
	23.0506 22.4333,
	23.0341 22.444,
	23.0257 22.4487,
	23.0219 22.4504,
	23.0182 22.453,
	23.0166 22.4546,
	23.0155 22.4546,
	23.0075 22.4609,
	23.0038 22.4642,
	23.0028 22.4658,
	22.9991 22.4695,
	22.9991 22.4705,
	22.9954 22.4742,
	22.9905 22.4817,
	22.9879 22.4854,
	22.9879 22.4865,
	22.9842 22.4907,
	22.9842 22.4917,
	22.9762 22.4987,
	22.972 22.5008,
	22.9699 22.5008,
	22.9688 22.5019,
	22.9603 22.5045,
	22.9517 22.505,
	22.9433 22.5067,
	22.9412 22.5078,
	22.9326 22.5088,
	22.9157 22.513,
	22.9071 22.5157,
	22.8987 22.5173,
	22.8943 22.5188,
	22.8859 22.5199,
	22.8689 22.5237,
	22.8518 22.5263,
	22.8434 22.5269,
	22.8392 22.5279,
	22.8221 22.529,
	22.8179 22.5295,
	22.8168 22.5295,
	22.8158 22.5306,
	22.8137 22.5306,
	22.8126 22.5316,
	22.8041 22.5342,
	"/>
</Transform>

<Transform dim="0"
 xcoef=" 0 1 0 0 0 0"
 ycoef=" 0 0 1 0 0 0">
<Contour name="D35" hidden="false" closed="true" simplified="true" border="0 0 1" fill="0 0 1" mode="11"
 points="18.258 29.7254,
	18.2989 29.6846,
	18.6262 29.6846,
	18.6262 29.3573,
	18.2989 29.3573,
	18.2989 29.6436,
	18.258 29.6846,
	18.258 29.3163,
	18.6672 29.3163,
	18.6672 29.7254,
	"/>
</Transform>

<Transform dim="0"
 xcoef=" 0 1 0 0 0 0"
 ycoef=" 0 0 1 0 0 0">
<Contour name="d39sp21" hidden="false" closed="true" simplified="true" border="1 0 0" fill="1 0 0" mode="11"
 points="10.7572 29.9077,
	10.747 29.9039,
	10.7445 29.9039,
	10.7419 29.9014,
	10.7394 29.9014,
	10.7381 29.8988,
	10.7279 29.8949,
	10.7189 29.8873,
	10.7164 29.8873,
	10.7023 29.8708,
	10.696 29.8618,
	10.6921 29.8592,
	10.6768 29.8427,
	10.6589 29.826,
	10.6564 29.826,
	10.6513 29.8209,
	10.6308 29.8094,
	10.6257 29.8043,
	10.6232 29.8043,
	10.6143 29.7954,
	10.6104 29.7903,
	10.6066 29.7877,
	10.5772 29.7519,
	10.5708 29.7431,
	10.567 29.7404,
	10.5542 29.7213,
	10.5504 29.7175,
	10.5504 29.715,
	10.5466 29.7098,
	10.544 29.7073,
	10.5427 29.7022,
	10.5351 29.692,
	10.53 29.6817,
	10.5274 29.6805,
	10.5236 29.6716,
	10.5108 29.6511,
	10.507 29.646,
	10.5057 29.6409,
	10.5006 29.6371,
	10.4981 29.6268,
	10.4955 29.6243,
	10.4942 29.6192,
	10.4904 29.6128,
	10.4776 29.572,
	10.4738 29.5515,
	10.4738 29.5464,
	10.4738 29.5452,
	10.4738 29.5439,
	10.4764 29.5413,
	10.4802 29.5311,
	10.4827 29.5286,
	10.4917 29.5094,
	10.4942 29.5068,
	10.4968 29.4979,
	10.4993 29.4966,
	10.5006 29.4915,
	10.5044 29.4865,
	10.5057 29.4813,
	10.5121 29.4711,
	10.5159 29.4672,
	10.5159 29.4647,
	10.521 29.4609,
	10.5351 29.4417,
	10.5351 29.4391,
	10.5491 29.4226,
	10.5555 29.4136,
	10.5606 29.4085,
	10.5657 29.3995,
	10.5747 29.3907,
	10.5798 29.3855,
	10.5823 29.3842,
	10.5823 29.3817,
	10.5989 29.3664,
	10.6117 29.346,
	10.6155 29.3421,
	10.6155 29.3396,
	10.6194 29.3358,
	10.6219 29.3345,
	10.6219 29.332,
	10.6372 29.314,
	10.6436 29.3064,
	10.6487 29.2962,
	10.6525 29.2758,
	10.6551 29.194,
	10.6589 29.1838,
	10.6602 29.1737,
	10.6628 29.171,
	10.6653 29.1609,
	10.6679 29.1596,
	10.6679 29.157,
	10.6704 29.1544,
	10.673 29.1443,
	10.6755 29.1417,
	10.6768 29.1315,
	10.6768 29.1289,
	10.6794 29.1263,
	10.6819 29.1162,
	10.6832 29.111,
	10.6857 29.1085,
	10.6857 29.1034,
	10.687 29.1022,
	10.6857 29.0995,
	10.6896 29.0894,
	10.6921 29.0919,
	10.6934 29.0829,
	10.6972 29.0727,
	10.7036 29.0319,
	10.7036 28.9911,
	10.7049 28.9859,
	10.7317 28.9515,
	10.7355 28.9412,
	10.7381 28.9387,
	10.7381 28.9284,
	10.7368 28.9234,
	10.7368 28.9208,
	10.733 28.9157,
	10.724 28.8965,
	10.7189 28.8863,
	10.7151 28.8825,
	10.7126 28.8723,
	10.7074 28.8621,
	10.7049 28.8609,
	10.7036 28.8557,
	10.6998 28.8519,
	10.6985 28.8468,
	10.6921 28.8378,
	10.6921 28.8353,
	10.6883 28.8301,
	10.6883 28.8251,
	10.6845 28.8148,
	10.6819 28.8123,
	10.6794 28.802,
	10.6768 28.7995,
	10.6755 28.7894,
	10.6755 28.7867,
	10.673 28.7842,
	10.6666 28.7651,
	10.6653 28.7548,
	10.6666 28.7498,
	10.6857 28.7638,
	10.696 28.7676,
	10.7023 28.7727,
	10.7113 28.7766,
	10.7164 28.7778,
	10.7189 28.7778,
	10.7215 28.7804,
	10.7317 28.7817,
	10.7368 28.7829,
	10.7394 28.7829,
	10.7406 28.7855,
	10.7509 28.7894,
	10.756 28.7894,
	10.7611 28.7919,
	10.7815 28.7944,
	10.8019 28.7995,
	10.8428 28.8034,
	10.8939 28.8034,
	10.9347 28.7944,
	10.9551 28.7894,
	10.9564 28.7906,
	10.9475 28.7995,
	10.9449 28.8097,
	10.9436 28.8301,
	10.9373 28.8506,
	10.9334 28.8595,
	10.9334 28.8647,
	10.9194 28.885,
	10.9117 28.8927,
	10.9117 28.8953,
	10.9041 28.9043,
	10.9002 28.9081,
	10.9002 28.9106,
	10.8939 28.9196,
	10.89 28.9297,
	10.8875 28.9311,
	10.8862 28.9361,
	10.8836 28.9374,
	10.8824 28.9477,
	10.8798 28.9489,
	10.8734 28.9693,
	10.8734 28.9718,
	10.8709 28.9745,
	10.867 28.9949,
	10.8645 29.0357,
	10.8658 29.0561,
	10.867 29.0664,
	10.8696 29.0714,
	10.8721 29.0919,
	10.8721 29.1123,
	10.8721 29.1225,
	10.8696 29.1328,
	10.8696 29.1379,
	10.867 29.1429,
	10.8658 29.1532,
	10.8619 29.1634,
	10.8607 29.1685,
	10.8543 29.1787,
	10.8504 29.1838,
	10.8504 29.1863,
	10.8453 29.1915,
	10.8453 29.194,
	10.839 29.2043,
	10.8326 29.2247,
	10.8287 29.2298,
	10.8211 29.249,
	10.8172 29.2592,
	10.8172 29.2643,
	10.8147 29.2668,
	10.8096 29.2873,
	10.8019 29.3077,
	10.7994 29.3179,
	10.7968 29.323,
	10.7968 29.3332,
	10.8045 29.3536,
	10.8096 29.3639,
	10.8121 29.3664,
	10.8121 29.3689,
	10.8172 29.3741,
	10.8185 29.3792,
	10.8249 29.3894,
	10.8287 29.3995,
	10.8287 29.4047,
	10.8338 29.415,
	10.8338 29.42,
	10.8377 29.4303,
	10.8504 29.4494,
	10.867 29.466,
	10.8721 29.4698,
	10.8849 29.4877,
	10.8875 29.4915,
	10.89 29.4928,
	10.8926 29.5018,
	10.8951 29.503,
	10.8964 29.5081,
	10.9002 29.5132,
	10.9079 29.5337,
	10.9079 29.5362,
	10.9105 29.5375,
	10.9117 29.5477,
	10.9143 29.5502,
	10.9168 29.5605,
	10.9181 29.5656,
	10.9181 29.5681,
	10.9207 29.5707,
	10.9207 29.5733,
	10.9232 29.5758,
	10.9245 29.586,
	10.9271 29.5886,
	10.9334 29.609,
	10.9334 29.6115,
	10.936 29.6141,
	10.9398 29.6243,
	10.9411 29.6345,
	10.9436 29.6371,
	10.9436 29.6575,
	10.9398 29.6779,
	10.9398 29.683,
	10.936 29.6932,
	10.9334 29.7137,
	10.9334 29.7545,
	10.9334 29.775,
	10.9322 29.7852,
	10.9283 29.789,
	10.9283 29.7916,
	10.9245 29.7966,
	10.9207 29.7993,
	10.9105 29.8081,
	10.9002 29.8146,
	10.8977 29.8146,
	10.8939 29.8196,
	10.8849 29.826,
	10.8785 29.835,
	10.8785 29.8375,
	10.8632 29.8554,
	10.8594 29.8592,
	10.8504 29.863,
	10.8313 29.8758,
	10.8287 29.8809,
	10.8287 29.8835,
	10.8109 29.9014,
	10.8083 29.9039,
	10.7981 29.9064,
	10.7777 29.9064,
	10.7675 29.9052,
	10.7624 29.9039,
	10.7624 29.9064,
	"/>
</Transform>

<Transform dim="0"
 xcoef=" 0 1 0 0 0 0"
 ycoef=" 0 0 1 0 0 0">
<Contour name="d39sp20" hidden="false" closed="true" simplified="true" border="1 0 0" fill="1 0 0" mode="11"
 points="11.033 27.866,
	11.0323 27.8628,
	11.0338 27.8621,
	11.0361 27.856,
	11.0369 27.8529,
	11.0384 27.8514,
	11.0407 27.8452,
	11.0407 27.8437,
	11.043 27.8406,
	11.0454 27.8344,
	11.0469 27.8321,
	11.0469 27.829,
	11.0492 27.826,
	11.0507 27.8198,
	11.053 27.8167,
	11.0577 27.8044,
	11.06 27.7983,
	11.0615 27.786,
	11.0615 27.7737,
	11.06 27.7613,
	11.0569 27.749,
	11.0554 27.746,
	11.0554 27.7444,
	11.0538 27.7429,
	11.0538 27.7398,
	11.0523 27.7391,
	11.0484 27.7268,
	11.0469 27.7237,
	11.0469 27.7206,
	11.0438 27.7144,
	11.043 27.7114,
	11.043 27.7099,
	11.0415 27.7082,
	11.0369 27.696,
	11.0338 27.6929,
	11.033 27.6906,
	11.023 27.6798,
	11.0123 27.6706,
	11.0061 27.6668,
	11.0046 27.6668,
	11.0015 27.6644,
	10.9984 27.6636,
	10.9954 27.6606,
	10.983 27.6537,
	10.98 27.6513,
	10.9784 27.6513,
	10.9769 27.6498,
	10.9754 27.6498,
	10.9723 27.6467,
	10.9707 27.6467,
	10.9646 27.6429,
	10.9523 27.6383,
	10.9492 27.6367,
	10.9431 27.6359,
	10.9315 27.6306,
	10.9284 27.6298,
	10.9261 27.6275,
	10.9231 27.6268,
	10.92 27.6245,
	10.9138 27.6221,
	10.9107 27.6198,
	10.9046 27.6175,
	10.9015 27.6167,
	10.9 27.6167,
	10.8969 27.6145,
	10.8846 27.6099,
	10.8784 27.6082,
	10.8677 27.6006,
	10.8661 27.5991,
	10.8646 27.5991,
	10.8531 27.5898,
	10.8477 27.586,
	10.8431 27.5805,
	10.8377 27.5767,
	10.8346 27.5737,
	10.83 27.5699,
	10.8254 27.5636,
	10.8238 27.5629,
	10.8231 27.5598,
	10.8177 27.5545,
	10.8138 27.5483,
	10.8054 27.5383,
	10.8015 27.5337,
	10.7977 27.5275,
	10.7954 27.5253,
	10.7954 27.5236,
	10.7938 27.5221,
	10.7938 27.5206,
	10.79 27.5145,
	10.7869 27.5114,
	10.7869 27.5099,
	10.7831 27.5037,
	10.7808 27.4983,
	10.7784 27.4968,
	10.7761 27.4906,
	10.7738 27.4875,
	10.7723 27.4814,
	10.7708 27.4806,
	10.7708 27.4775,
	10.7677 27.4714,
	10.7646 27.4591,
	10.7638 27.4098,
	10.7638 27.4037,
	10.7638 27.4006,
	10.7638 27.3999,
	10.7684 27.3936,
	10.7715 27.3921,
	10.7746 27.3921,
	10.7808 27.3898,
	10.7838 27.3883,
	10.79 27.3875,
	10.7961 27.3852,
	10.8023 27.3845,
	10.8084 27.3822,
	10.8115 27.3813,
	10.8131 27.3813,
	10.8231 27.3714,
	10.8308 27.3598,
	10.8377 27.3352,
	10.8461 27.3107,
	10.8477 27.3045,
	10.8507 27.2983,
	10.8546 27.286,
	10.8561 27.2845,
	10.8569 27.2813,
	10.8615 27.2752,
	10.8654 27.2722,
	10.8669 27.2722,
	10.8684 27.2706,
	10.8746 27.2714,
	10.8869 27.276,
	10.8931 27.2783,
	10.8961 27.2806,
	10.8977 27.2806,
	10.9023 27.2853,
	10.9054 27.286,
	10.9084 27.2883,
	10.91 27.2883,
	10.9154 27.2921,
	10.9184 27.2944,
	10.9215 27.2952,
	10.9231 27.2968,
	10.9246 27.2968,
	10.9254 27.2983,
	10.9315 27.3006,
	10.9346 27.3022,
	10.9592 27.3052,
	11.0084 27.3083,
	11.0207 27.3107,
	11.0446 27.3183,
	11.0477 27.3191,
	11.0592 27.326,
	11.0654 27.3306,
	11.0799 27.3545,
	11.0884 27.3667,
	11.0907 27.3691,
	11.0907 27.3706,
	11.1061 27.3929,
	11.1107 27.3983,
	11.1139 27.4037,
	11.1184 27.4098,
	11.1184 27.4114,
	11.1215 27.4145,
	11.1253 27.4206,
	11.1261 27.4236,
	11.1277 27.4253,
	11.1292 27.4314,
	11.1315 27.4337,
	11.1323 27.4367,
	11.1323 27.4382,
	11.1338 27.4391,
	11.1338 27.4422,
	11.1353 27.4429,
	11.1369 27.449,
	11.1384 27.4521,
	11.1384 27.4553,
	11.1399 27.456,
	11.1415 27.4614,
	11.1415 27.4737,
	11.1369 27.486,
	11.1353 27.4875,
	11.1353 27.4891,
	11.1338 27.4906,
	11.1338 27.4921,
	11.1292 27.4976,
	11.1238 27.509,
	11.1223 27.5106,
	11.1223 27.5137,
	11.1207 27.5168,
	11.1207 27.5198,
	11.1192 27.5229,
	11.1177 27.5352,
	11.1169 27.5414,
	11.1154 27.5444,
	11.1154 27.5506,
	11.1139 27.5568,
	11.1122 27.5598,
	11.1122 27.5629,
	11.1084 27.5752,
	11.1076 27.5783,
	11.1061 27.5798,
	11.1054 27.586,
	11.1038 27.5868,
	11.0969 27.6106,
	11.093 27.6229,
	11.0907 27.6352,
	11.0892 27.6383,
	11.0877 27.6629,
	11.0884 27.6752,
	11.0892 27.6814,
	11.0892 27.6845,
	11.0907 27.686,
	11.0915 27.6921,
	11.1 27.7167,
	11.1023 27.7229,
	11.1031 27.726,
	11.1054 27.7291,
	11.1107 27.7414,
	11.1122 27.7429,
	11.1223 27.7668,
	11.1223 27.7683,
	11.1308 27.7799,
	11.1346 27.7844,
	11.1446 27.7937,
	11.1461 27.7952,
	11.1477 27.7952,
	11.153 27.7998,
	11.1577 27.8029,
	11.16 27.8052,
	11.1615 27.8052,
	11.1638 27.8075,
	11.1699 27.8098,
	11.1731 27.8121,
	11.1746 27.8121,
	11.1761 27.8137,
	11.1776 27.8137,
	11.1784 27.8152,
	11.1815 27.8152,
	11.1846 27.8175,
	11.1877 27.8183,
	11.1992 27.8252,
	11.2053 27.8283,
	11.2115 27.829,
	11.2177 27.8313,
	11.2207 27.8321,
	11.2222 27.8336,
	11.2253 27.8344,
	11.2245 27.8359,
	11.2184 27.8368,
	11.2061 27.8352,
	11.1938 27.8313,
	11.1691 27.829,
	11.1569 27.8275,
	11.1323 27.8283,
	11.12 27.8298,
	11.1139 27.8306,
	11.1015 27.8344,
	11.0953 27.8368,
	11.0892 27.8375,
	11.0769 27.8421,
	11.0754 27.8421,
	11.0738 27.8437,
	11.0707 27.8437,
	11.0646 27.8467,
	11.063 27.8467,
	11.0384 27.8628,
	"/>
</Transform>

<Transform dim="0"
 xcoef=" 0 1 0 0 0 0"
 ycoef=" 0 0 1 0 0 0">
<Contour name="d28sp14" hidden="false" closed="true" simplified="true" border="1 0 0" fill="1 0 0" mode="11"
 points="6.50721 23.134,
	6.50511 23.1283,
	6.5044 23.1228,
	6.5009 23.1115,
	6.5009 23.1087,
	6.4988 23.1031,
	6.4988 23.1003,
	6.49809 23.0996,
	6.49949 23.0982,
	6.49949 23.0869,
	6.49809 23.0758,
	6.49037 23.0533,
	6.48897 23.0477,
	6.48686 23.0448,
	6.48546 23.0392,
	6.47914 23.028,
	6.47634 23.0259,
	6.47282 23.0203,
	6.46159 23.0112,
	6.45878 23.0105,
	6.45387 23.0049,
	6.44334 22.9957,
	6.43703 22.9845,
	6.42931 22.9732,
	6.41878 22.9635,
	6.41737 22.9621,
	6.41597 22.9621,
	6.41036 22.9585,
	6.40474 22.9571,
	6.40193 22.9571,
	6.3907 22.9529,
	6.38509 22.9508,
	6.38228 22.9501,
	6.38088 22.9487,
	6.37527 22.9465,
	6.36404 22.9389,
	6.35281 22.9276,
	6.3486 22.922,
	6.34719 22.9207,
	6.34719 22.9193,
	6.34439 22.9171,
	6.34439 22.9157,
	6.34158 22.9136,
	6.33806 22.908,
	6.33526 22.9059,
	6.32192 22.8834,
	6.31561 22.8722,
	6.3121 22.8666,
	6.31069 22.8652,
	6.31069 22.8638,
	6.30157 22.8526,
	6.29946 22.8498,
	6.29877 22.8469,
	6.29455 22.8413,
	6.29175 22.8385,
	6.29175 22.8371,
	6.28894 22.835,
	6.28823 22.8321,
	6.27209 22.8104,
	6.26438 22.7992,
	6.24613 22.7775,
	6.24191 22.7718,
	6.2363 22.7669,
	6.2363 22.7655,
	6.23349 22.7634,
	6.23349 22.7619,
	6.22857 22.7564,
	6.22717 22.755,
	6.22717 22.7536,
	6.22155 22.7487,
	6.20541 22.7262,
	6.1991 22.715,
	6.19699 22.7122,
	6.19699 22.7108,
	6.19418 22.7087,
	6.19208 22.703,
	6.18787 22.6974,
	6.18716 22.6946,
	6.18085 22.6834,
	6.17874 22.6806,
	6.17804 22.6749,
	6.17593 22.6721,
	6.17524 22.6666,
	6.17383 22.6638,
	6.17243 22.6623,
	6.17243 22.6595,
	6.17032 22.6567,
	6.16822 22.6511,
	6.16681 22.6482,
	6.16611 22.6427,
	6.1612 22.6314,
	6.15418 22.6203,
	6.15067 22.6146,
	6.14856 22.6118,
	6.14716 22.6104,
	6.14646 22.6076,
	6.14225 22.602,
	6.14085 22.5992,
	6.13804 22.5964,
	6.13733 22.5936,
	6.12891 22.5823,
	6.1247 22.5767,
	6.1226 22.5739,
	6.1226 22.5725,
	6.10154 22.5501,
	6.07908 22.5311,
	6.06785 22.5227,
	6.06223 22.5191,
	6.051 22.5156,
	6.03978 22.5135,
	6.01732 22.5149,
	6.0117 22.5156,
	5.98924 22.5121,
	5.97801 22.5094,
	5.9724 22.508,
	5.96959 22.5066,
	5.96397 22.5058,
	5.95274 22.5016,
	5.94713 22.4995,
	5.94151 22.4988,
	5.9359 22.4967,
	5.93028 22.496,
	5.92468 22.4939,
	5.91345 22.4932,
	5.90783 22.4939,
	5.90221 22.496,
	5.89941 22.4967,
	5.898 22.4967,
	5.8966 22.4981,
	5.89098 22.4988,
	5.86852 22.5066,
	5.85729 22.508,
	5.84606 22.5073,
	5.8236 22.5023,
	5.81798 22.5016,
	5.81238 22.4995,
	5.80957 22.4995,
	5.79834 22.4953,
	5.77588 22.4903,
	5.76465 22.4869,
	5.75903 22.4862,
	5.75342 22.4834,
	5.75061 22.4813,
	5.7478 22.4806,
	5.73657 22.4714,
	5.73307 22.4665,
	5.72394 22.4553,
	5.71903 22.4497,
	5.71622 22.4468,
	5.71271 22.4413,
	5.7113 22.4385,
	5.7099 22.4385,
	5.70218 22.4272,
	5.69797 22.423,
	5.68885 22.4118,
	5.67902 22.4019,
	5.66779 22.395,
	5.65656 22.39,
	5.64674 22.3823,
	5.64183 22.3773,
	5.63831 22.3718,
	5.63481 22.3605,
	5.6334 22.3577,
	5.62989 22.3128,
	5.62989 22.2679,
	5.62849 22.2567,
	5.62849 22.2454,
	5.62708 22.2342,
	5.62708 22.223,
	5.62708 22.2223,
	5.6334 22.2111,
	5.63831 22.2054,
	5.64954 22.1984,
	5.65095 22.197,
	5.65375 22.1963,
	5.65656 22.1942,
	5.65797 22.1942,
	5.65937 22.1927,
	5.66499 22.192,
	5.6706 22.19,
	5.69306 22.1886,
	5.73798 22.192,
	5.76044 22.197,
	5.80536 22.2097,
	5.82781 22.2166,
	5.83062 22.2187,
	5.85308 22.2244,
	5.86431 22.2265,
	5.87554 22.2265,
	5.88677 22.2244,
	5.90923 22.2244,
	5.92046 22.2265,
	5.92608 22.2279,
	5.92888 22.2279,
	5.93169 22.23,
	5.9373 22.2314,
	5.94011 22.2335,
	5.94292 22.2342,
	5.95345 22.2426,
	5.95836 22.2482,
	5.96538 22.2595,
	5.97099 22.2707,
	5.9717 22.2735,
	5.97872 22.2847,
	5.98293 22.2903,
	5.98293 22.2917,
	5.98433 22.2924,
	5.98503 22.2953,
	5.98994 22.3009,
	5.99065 22.3037,
	5.99977 22.3149,
	5.99977 22.3163,
	6.00469 22.322,
	6.0124 22.3324,
	6.01732 22.3374,
	6.02434 22.3486,
	6.02925 22.3542,
	6.05943 22.3984,
	6.06083 22.4012,
	6.06575 22.4069,
	6.06644 22.4097,
	6.07417 22.4208,
	6.07838 22.4265,
	6.08048 22.4293,
	6.08189 22.4307,
	6.08259 22.4335,
	6.09102 22.4447,
	6.09733 22.4553,
	6.10083 22.4609,
	6.10294 22.4637,
	6.10504 22.4693,
	6.11206 22.4806,
	6.11417 22.4862,
	6.11487 22.4889,
	6.12119 22.4995,
	6.1261 22.5108,
	6.12751 22.5121,
	6.12751 22.5135,
	6.12962 22.5163,
	6.13102 22.522,
	6.13453 22.5269,
	6.13664 22.5297,
	6.13664 22.5311,
	6.13944 22.5338,
	6.13944 22.5353,
	6.14435 22.5409,
	6.14576 22.5423,
	6.14576 22.5437,
	6.15558 22.5543,
	6.1612 22.5591,
	6.17243 22.5662,
	6.17804 22.5711,
	6.17945 22.5718,
	6.18506 22.5711,
	6.19629 22.5725,
	6.20753 22.5767,
	6.20892 22.5767,
	6.21173 22.5789,
	6.21313 22.5789,
	6.21454 22.5802,
	6.21594 22.5802,
	6.2377 22.602,
	6.24191 22.6076,
	6.24472 22.6125,
	6.24963 22.6181,
	6.25244 22.6238,
	6.25665 22.6286,
	6.25665 22.63,
	6.25946 22.6328,
	6.26016 22.6357,
	6.26227 22.6385,
	6.26297 22.6413,
	6.26998 22.6525,
	6.2714 22.6553,
	6.2763 22.6609,
	6.2784 22.6638,
	6.2784 22.6652,
	6.29736 22.6869,
	6.29877 22.6862,
	6.30157 22.6883,
	6.30298 22.6897,
	6.30438 22.6897,
	6.31561 22.6988,
	6.32123 22.7023,
	6.32403 22.7037,
	6.32544 22.7051,
	6.32683 22.7051,
	6.33245 22.7094,
	6.33806 22.7115,
	6.34298 22.715,
	6.34579 22.715,
	6.35702 22.7199,
	6.37948 22.7276,
	6.38088 22.729,
	6.38228 22.729,
	6.38789 22.7332,
	6.3907 22.7339,
	6.40193 22.7437,
	6.40755 22.7494,
	6.40755 22.7508,
	6.41247 22.7564,
	6.41527 22.7613,
	6.41668 22.7627,
	6.41668 22.7641,
	6.41949 22.7662,
	6.44474 22.8111,
	6.45949 22.8335,
	6.47703 22.856,
	6.48616 22.8673,
	6.49388 22.8785,
	6.49669 22.8841,
	6.5009 22.8897,
	6.51002 22.9115,
	6.51002 22.9129,
	6.51142 22.9136,
	6.51213 22.9193,
	6.52406 22.9417,
	6.53108 22.9529,
	6.53388 22.9585,
	6.5388 22.9642,
	6.54021 22.9669,
	6.54442 22.9704,
	6.55003 22.9753,
	6.55564 22.9782,
	6.56687 22.9859,
	6.576 22.9964,
	6.59635 23.0189,
	6.60056 23.0238,
	6.60618 23.028,
	6.616 23.0392,
	6.6181 23.042,
	6.61951 23.0434,
	6.61741 23.0448,
	6.6146 23.0427,
	6.60898 23.042,
	6.60337 23.0392,
	6.58091 23.033,
	6.55845 23.0308,
	6.54723 23.0315,
	6.54161 23.0337,
	6.53669 23.0378,
	6.53388 23.0399,
	6.53038 23.0512,
	6.52967 23.0736,
	6.52757 23.0961,
	6.52265 23.1073,
	6.50932 23.1297,
	6.50792 23.1326,
	"/>
</Transform>

<Transform dim="0"
 xcoef=" 0 1 0 0 0 0"
 ycoef=" 0 0 1 0 0 0">
<Contour name="d39p20" hidden="false" closed="true" simplified="true" border="1 0 0" fill="1 0 0" mode="11"
 points="11.1172 27.9247,
	11.1003 27.8937,
	11.1341 27.8937,
	"/>
</Transform>

<Transform dim="0"
 xcoef=" 0 1 0 0 0 0"
 ycoef=" 0 0 1 0 0 0">
<Contour name="d39p21" hidden="false" closed="true" simplified="true" border="1 0 0" fill="1 0 0" mode="11"
 points="10.8258 28.7606,
	10.807 28.7417,
	10.8258 28.723,
	10.8445 28.7417,
	"/>
</Transform>

<Transform dim="0"
 xcoef=" 0 1 0 0 0 0"
 ycoef=" 0 0 1 0 0 0">
<Contour name="d56sp15" hidden="false" closed="true" simplified="true" border="1 0 0" fill="1 0 0" mode="11"
 points="23.6069 22.8831,
	23.6053 22.8824,
	23.6091 22.8772,
	23.6121 22.8741,
	23.6136 22.8726,
	23.6136 22.8711,
	23.6181 22.8659,
	23.6188 22.8629,
	23.6316 22.8396,
	23.6354 22.8335,
	23.6369 22.8306,
	23.6399 22.8283,
	23.6406 22.8253,
	23.6451 22.8194,
	23.6473 22.8133,
	23.6497 22.8103,
	23.6512 22.8043,
	23.6512 22.8028,
	23.6527 22.8013,
	23.6549 22.7893,
	23.6549 22.7773,
	23.6512 22.7653,
	23.6504 22.7592,
	23.6488 22.7577,
	23.6473 22.7518,
	23.6458 22.7488,
	23.6451 22.7427,
	23.6436 22.7412,
	23.6391 22.7292,
	23.6369 22.7232,
	23.6354 22.7225,
	23.6338 22.7164,
	23.6301 22.7105,
	23.6256 22.6984,
	23.6241 22.6977,
	23.6234 22.6947,
	23.6203 22.6917,
	23.6188 22.6887,
	23.6188 22.6872,
	23.6158 22.6849,
	23.6158 22.6834,
	23.6076 22.6736,
	23.606 22.6722,
	23.6045 22.6722,
	23.6008 22.6669,
	23.5978 22.6662,
	23.5926 22.6616,
	23.5895 22.6609,
	23.5866 22.6579,
	23.5813 22.6549,
	23.5784 22.6542,
	23.5753 22.6519,
	23.5513 22.6481,
	23.5393 22.6459,
	23.5273 22.6451,
	23.5152 22.6429,
	23.5093 22.6406,
	23.498 22.6384,
	23.486 22.6331,
	23.48 22.6286,
	23.4769 22.6256,
	23.4724 22.6219,
	23.4626 22.6121,
	23.4522 22.6038,
	23.4469 22.5986,
	23.4417 22.5949,
	23.4379 22.591,
	23.4379 22.5895,
	23.4356 22.5881,
	23.4311 22.5821,
	23.4237 22.5723,
	23.4146 22.561,
	23.4079 22.5498,
	23.4033 22.5445,
	23.4026 22.5415,
	23.3981 22.5363,
	23.3974 22.5332,
	23.3928 22.5273,
	23.3913 22.5213,
	23.3876 22.5152,
	23.3876 22.5123,
	23.3839 22.5002,
	23.3839 22.4987,
	23.3824 22.4972,
	23.3801 22.4732,
	23.3801 22.4612,
	23.3801 22.4559,
	23.3801 22.4552,
	23.3824 22.4432,
	23.3839 22.4372,
	23.3854 22.4357,
	23.3883 22.4237,
	23.3928 22.4117,
	23.3928 22.4087,
	23.3981 22.3966,
	23.3996 22.3906,
	23.4019 22.3883,
	23.4019 22.3869,
	23.4033 22.3854,
	23.4041 22.3824,
	23.4131 22.3711,
	23.4229 22.3613,
	23.4244 22.3606,
	23.4244 22.3591,
	23.4311 22.3524,
	23.4364 22.3485,
	23.4424 22.3433,
	23.4476 22.3396,
	23.4597 22.3358,
	23.4657 22.3343,
	23.5137 22.329,
	23.5167 22.329,
	23.5228 22.3261,
	23.546 22.3185,
	23.549 22.317,
	23.5506 22.317,
	23.5513 22.3155,
	23.5632 22.3111,
	23.5663 22.3096,
	23.5678 22.3081,
	23.5798 22.3042,
	23.5918 22.3035,
	23.5978 22.3035,
	23.6099 22.3081,
	23.6128 22.3081,
	23.6188 22.3111,
	23.6219 22.3125,
	23.6458 22.3155,
	23.6699 22.3155,
	23.6759 22.314,
	23.712 22.314,
	23.7179 22.3148,
	23.7194 22.3148,
	23.721 22.3163,
	23.724 22.3163,
	23.7247 22.3178,
	23.7307 22.3193,
	23.7329 22.3207,
	23.7345 22.3207,
	23.7397 22.3253,
	23.7412 22.3283,
	23.7412 22.3403,
	23.7412 22.3433,
	23.7368 22.3553,
	23.7337 22.3794,
	23.7322 22.4034,
	23.7329 22.4154,
	23.7368 22.4394,
	23.7412 22.4875,
	23.742 22.5356,
	23.7412 22.5595,
	23.7405 22.5656,
	23.736 22.5775,
	23.736 22.5791,
	23.7277 22.5903,
	23.7255 22.5934,
	23.7255 22.5964,
	23.724 22.5993,
	23.7225 22.6114,
	23.7225 22.6234,
	23.724 22.6294,
	23.7255 22.6308,
	23.7262 22.6369,
	23.7285 22.6429,
	23.7285 22.6444,
	23.7299 22.6459,
	23.7307 22.6519,
	23.7345 22.664,
	23.7382 22.6879,
	23.7412 22.6999,
	23.742 22.712,
	23.7465 22.736,
	23.7488 22.748,
	23.7488 22.751,
	23.7503 22.754,
	23.7518 22.7781,
	23.7525 22.79,
	23.7548 22.7961,
	23.7562 22.7976,
	23.757 22.8005,
	23.757 22.802,
	23.7592 22.8051,
	23.7592 22.8066,
	23.7622 22.8088,
	23.7631 22.8118,
	23.766 22.8148,
	23.7698 22.8201,
	23.7818 22.8283,
	23.787 22.8335,
	23.7923 22.8374,
	23.8035 22.8471,
	23.8081 22.8509,
	23.8111 22.8531,
	23.8118 22.8546,
	23.8148 22.8554,
	23.8193 22.8598,
	23.8246 22.8659,
	23.8126 22.8666,
	23.7885 22.8659,
	23.6925 22.8666,
	23.6684 22.8674,
	23.6564 22.8719,
	23.6084 22.8824,
	"/>
</Transform>

<Transform dim="0"
 xcoef=" 0 1 0 0 0 0"
 ycoef=" 0 0 1 0 0 0">
<Contour name="d38c11a" hidden="false" closed="true" simplified="true" border="0 0 1" fill="0 0 1" mode="11"
 points="21.5414 24.5194,
	21.5347 24.5178,
	21.5313 24.5161,
	21.5279 24.5153,
	21.5212 24.5111,
	21.5152 24.5063,
	21.5127 24.5042,
	21.5098 24.5013,
	21.5081 24.5005,
	21.5068 24.4988,
	21.506 24.4988,
	21.4996 24.4937,
	21.4975 24.4916,
	21.4958 24.4911,
	21.495 24.4899,
	21.4891 24.4836,
	21.4861 24.4805,
	21.4857 24.4797,
	21.4848 24.4797,
	21.4819 24.4764,
	21.4764 24.4709,
	21.4738 24.4679,
	21.47 24.4641,
	21.4646 24.4586,
	21.4625 24.4557,
	21.4608 24.4544,
	21.4586 24.4518,
	21.4578 24.4501,
	21.4552 24.448,
	21.4532 24.4451,
	21.4515 24.4438,
	21.4515 24.443,
	21.4485 24.4396,
	21.4485 24.4387,
	21.4434 24.4328,
	21.4426 24.4316,
	21.4426 24.4307,
	21.44 24.4278,
	21.4384 24.4243,
	21.4367 24.4227,
	21.4363 24.4214,
	21.4337 24.418,
	21.4333 24.4164,
	21.4286 24.4096,
	21.4248 24.4037,
	21.4248 24.4028,
	21.4236 24.4012,
	21.4232 24.3999,
	21.419 24.3931,
	21.4155 24.3868,
	21.4134 24.3834,
	21.4113 24.3766,
	21.4101 24.3733,
	21.408 24.3597,
	21.4075 24.3462,
	21.4075 24.3445,
	21.4075 24.3441,
	21.4075 24.3437,
	21.4088 24.3369,
	21.4088 24.3352,
	21.4109 24.3285,
	21.4122 24.325,
	21.413 24.3234,
	21.413 24.3225,
	21.4138 24.3217,
	21.4163 24.315,
	21.4163 24.3141,
	21.4206 24.3077,
	21.4219 24.3048,
	21.4244 24.3014,
	21.4248 24.2998,
	21.4278 24.2963,
	21.4325 24.2909,
	21.4337 24.2896,
	21.4346 24.2896,
	21.4375 24.2871,
	21.4442 24.2846,
	21.4511 24.2837,
	21.4578 24.2837,
	21.4612 24.2841,
	21.4679 24.2867,
	21.4713 24.2867,
	21.4848 24.2921,
	21.4912 24.2955,
	21.4921 24.2955,
	21.4925 24.2963,
	21.4933 24.2963,
	21.4946 24.2981,
	21.4962 24.2985,
	21.4975 24.3002,
	21.4983 24.3002,
	21.5017 24.3027,
	21.5035 24.3044,
	21.5068 24.3065,
	21.5077 24.3073,
	21.5085 24.3073,
	21.5119 24.3103,
	21.5152 24.3125,
	21.5187 24.3154,
	21.5204 24.3166,
	21.5204 24.3175,
	21.5258 24.3229,
	21.5267 24.3246,
	21.5322 24.3314,
	21.5368 24.3377,
	21.5372 24.339,
	21.541 24.3458,
	21.5427 24.3492,
	21.544 24.3508,
	21.544 24.3517,
	21.5448 24.3525,
	21.5448 24.3543,
	21.5529 24.3677,
	21.5533 24.3695,
	21.5622 24.383,
	21.5643 24.3864,
	21.5656 24.3897,
	21.5698 24.3964,
	21.5723 24.4033,
	21.5735 24.4066,
	21.5741 24.41,
	21.5766 24.4168,
	21.5778 24.4201,
	21.5824 24.427,
	21.5824 24.4278,
	21.5833 24.4286,
	21.5833 24.4295,
	21.5854 24.4328,
	21.5866 24.4362,
	21.5879 24.4379,
	21.5884 24.4396,
	21.5884 24.4405,
	21.5893 24.4409,
	21.5914 24.4476,
	21.5914 24.4493,
	21.5922 24.4501,
	21.5922 24.4518,
	21.593 24.4527,
	21.5943 24.4595,
	21.5943 24.4662,
	21.5943 24.4696,
	21.5922 24.4764,
	21.5914 24.4772,
	21.5905 24.4805,
	21.5893 24.4822,
	21.5879 24.4857,
	21.5858 24.4882,
	21.5829 24.4916,
	21.5782 24.4971,
	21.5766 24.4984,
	21.5766 24.4992,
	21.5735 24.5017,
	21.5735 24.5026,
	21.5677 24.5072,
	21.566 24.5089,
	21.5635 24.5111,
	21.563 24.5119,
	21.5622 24.5119,
	21.5587 24.514,
	21.5575 24.5153,
	21.5558 24.5157,
	21.5541 24.5169,
	21.5533 24.5169,
	21.5516 24.5182,
	21.5448 24.519,
	"/>
</Transform>

<Transform dim="0"
 xcoef=" 0 1 0 0 0 0"
 ycoef=" 0 0 1 0 0 0">
<Contour name="d56p14" hidden="false" closed="true" simplified="true" border="1 0 0" fill="1 0 0" mode="11"
 points="23.6444 23.8149,
	23.6305 23.7894,
	23.6583 23.7894,
	"/>
</Transform>

<Transform dim="0"
 xcoef=" 0 1 0 0 0 0"
 ycoef=" 0 0 1 0 0 0">
<Contour name="d56serb14" hidden="false" closed="true" simplified="true" border="1 1 0" fill="1 1 0" mode="11"
 points="23.6706 23.7817,
	23.6706 23.7619,
	23.6508 23.7619,
	23.6508 23.7421,
	23.6706 23.7421,
	23.6706 23.7223,
	23.6903 23.7223,
	23.6903 23.7421,
	23.7102 23.7421,
	23.7102 23.7619,
	23.6903 23.7619,
	23.6903 23.7817,
	"/>
</Transform>

<Transform dim="0"
 xcoef=" 0 1 0 0 0 0"
 ycoef=" 0 0 1 0 0 0">
<Contour name="d56p15" hidden="false" closed="true" simplified="true" border="1 0 0" fill="1 0 0" mode="11"
 points="23.7093 22.9252,
	23.6931 22.909,
	23.7093 22.8928,
	23.7255 22.909,
	"/>
</Transform>

<Transform dim="0"
 xcoef=" 0 1 0 0 0 0"
 ycoef=" 0 0 1 0 0 0">
<Contour name="d63p23" hidden="false" closed="true" simplified="true" border="1 0 0" fill="1 0 0" mode="11"
 points="20.4169 26.8978,
	20.3976 26.8785,
	20.4169 26.8593,
	20.4361 26.8785,
	"/>
</Transform>

<Transform dim="0"
 xcoef=" 0 1 0 0 0 0"
 ycoef=" 0 0 1 0 0 0">
<Contour name="d63sp23" hidden="false" closed="true" simplified="true" border="1 0 0" fill="1 0 0" mode="11"
 points="20.5013 26.8301,
	20.4984 26.8294,
	20.4926 26.8257,
	20.4897 26.8228,
	20.4869 26.8221,
	20.4847 26.8193,
	20.4833 26.8193,
	20.4775 26.8157,
	20.4682 26.8077,
	20.4668 26.8077,
	20.4567 26.7999,
	20.4466 26.7905,
	20.4409 26.7862,
	20.4388 26.784,
	20.438 26.7825,
	20.4365 26.7825,
	20.4337 26.7797,
	20.4221 26.7733,
	20.4164 26.7718,
	20.4049 26.7667,
	20.3934 26.7646,
	20.3704 26.7653,
	20.3481 26.7704,
	20.3474 26.7696,
	20.3502 26.7675,
	20.3518 26.766,
	20.3546 26.7653,
	20.3553 26.7639,
	20.3669 26.7596,
	20.3726 26.7559,
	20.3783 26.7545,
	20.3841 26.7509,
	20.3956 26.7488,
	20.4013 26.7467,
	20.407 26.7459,
	20.4186 26.7416,
	20.4301 26.7394,
	20.4358 26.7387,
	20.4388 26.7387,
	20.4495 26.7431,
	20.4553 26.7474,
	20.4596 26.7517,
	20.4624 26.7575,
	20.4668 26.7625,
	20.4689 26.774,
	20.4704 26.7797,
	20.4711 26.7825,
	20.4754 26.7876,
	20.4782 26.7926,
	20.4805 26.7955,
	20.4819 26.7969,
	20.4819 26.7984,
	20.4862 26.8027,
	20.4876 26.8056,
	20.4905 26.8085,
	20.4977 26.8193,
	20.5013 26.8243,
	20.502 26.8271,
	"/>
</Transform>

<Transform dim="0"
 xcoef=" 0 1 0 0 0 0"
 ycoef=" 0 0 1 0 0 0">
<Contour name="d38cfa11a" hidden="false" closed="false" simplified="true" border="1 0 0" fill="1 0 0" mode="11"
 points="21.5853 24.4825,
	21.5698 24.4549,
	21.55 24.429,
	21.5336 24.4066,
	21.5034 24.3652,
	21.468 24.3264,
	21.4309 24.3005,
	"/>
</Transform>

<Transform dim="1"
 xcoef=" 0 1 0 0 0 0"
 ycoef=" 0 0 1 0 0 0">
<Contour name="d38sp11" hidden="false" closed="true" simplified="true" border="1 0 0" fill="1 0 0" mode="11"
 points="24.3463 24.0138,
	24.3244 24.0096,
	24.1497 24.0123,
	24.0624 24.0109,
	24.0078 24.0109,
	23.9859 24.0069,
	23.9805 24.0069,
	23.975 24.0042,
	23.8876 23.9892,
	23.8768 23.9878,
	23.8549 23.9809,
	23.844 23.9782,
	23.8413 23.9755,
	23.8386 23.9755,
	23.8358 23.9728,
	23.8303 23.9728,
	23.8208 23.9659,
	23.803 23.9455,
	23.7976 23.9413,
	23.7962 23.9359,
	23.7894 23.9263,
	23.7853 23.9155,
	23.7785 23.8718,
	23.7785 23.8499,
	23.7785 23.8486,
	23.7785 23.8472,
	23.7812 23.8445,
	23.7826 23.839,
	23.8003 23.8213,
	23.8044 23.8172,
	23.8072 23.8172,
	23.8167 23.809,
	23.8222 23.8063,
	23.8249 23.8063,
	23.8467 23.794,
	23.8576 23.7886,
	23.8631 23.7886,
	23.8659 23.7858,
	23.8713 23.7844,
	23.874 23.7844,
	23.8768 23.7817,
	23.8876 23.779,
	23.9095 23.7776,
	23.9205 23.7749,
	23.9641 23.7763,
	23.9859 23.7776,
	24.0078 23.7817,
	24.0187 23.7844,
	24.0842 23.7844,
	24.1279 23.7776,
	24.1497 23.7694,
	24.1552 23.768,
	24.1579 23.768,
	24.1592 23.7653,
	24.1811 23.7557,
	24.1865 23.7517,
	24.2084 23.7435,
	24.2111 23.7407,
	24.2194 23.7407,
	24.2221 23.738,
	24.2438 23.7353,
	24.3312 23.7312,
	24.5059 23.7326,
	24.5933 23.7312,
	24.6206 23.7312,
	24.6302 23.7407,
	24.6356 23.7421,
	24.6574 23.7557,
	24.6629 23.7599,
	24.6683 23.7612,
	24.671 23.764,
	24.682 23.768,
	24.6875 23.7694,
	24.6888 23.7722,
	24.6943 23.7735,
	24.7161 23.7872,
	24.7189 23.7899,
	24.7216 23.7899,
	24.727 23.7953,
	24.7366 23.8022,
	24.7366 23.824,
	24.7352 23.8349,
	24.7325 23.8403,
	24.7229 23.8499,
	24.7175 23.854,
	24.7147 23.8567,
	24.7093 23.8582,
	24.6983 23.8649,
	24.697 23.8677,
	24.6752 23.8759,
	24.6315 23.8827,
	24.6206 23.8868,
	24.5987 23.8909,
	24.5769 23.899,
	24.5673 23.9059,
	24.5496 23.9236,
	24.5277 23.9332,
	24.5169 23.9346,
	24.5114 23.9359,
	24.5087 23.9359,
	24.5032 23.9413,
	24.4977 23.9441,
	24.4977 23.9469,
	24.4882 23.9563,
	24.4827 23.9619,
	24.4609 23.9742,
	24.4568 23.9782,
	24.435 23.9865,
	24.4295 23.9892,
	24.4281 23.9919,
	24.4227 23.9932,
	24.4117 24.0015,
	24.4063 24.0028,
	24.4008 24.0069,
	24.39 24.0109,
	24.3681 24.0138,
	"/>
</Transform>

<Transform dim="1"
 xcoef=" 0 1 0 0 0 0"
 ycoef=" 0 0 1 0 0 0">
<Contour name="d38sp11" hidden="false" closed="true" simplified="true" border="1 0 0" fill="1 0 0" mode="11"
 points="22.2919 24.4227,
	22.2787 24.4177,
	22.2721 24.4169,
	22.2598 24.4112,
	22.2466 24.4021,
	22.2441 24.3996,
	22.2425 24.3996,
	22.2301 24.3897,
	22.2243 24.384,
	22.221 24.3806,
	22.2194 24.3773,
	22.2177 24.3757,
	22.2177 24.3741,
	22.2161 24.3732,
	22.2153 24.37,
	22.2135 24.3682,
	22.2135 24.365,
	22.2119 24.3617,
	22.2094 24.3353,
	22.2086 24.3221,
	22.2062 24.3089,
	22.2037 24.3023,
	22.2037 24.2991,
	22.1987 24.2924,
	22.1971 24.29,
	22.1905 24.2867,
	22.1641 24.2825,
	22.1608 24.2817,
	22.1576 24.2792,
	22.1542 24.2784,
	22.1526 24.2784,
	22.1501 24.2751,
	22.1468 24.2735,
	22.1418 24.2668,
	22.1402 24.2652,
	22.1394 24.2619,
	22.1377 24.2603,
	22.1369 24.257,
	22.1369 24.2554,
	22.1344 24.252,
	22.1336 24.2388,
	22.1336 24.2355,
	22.1336 24.2347,
	22.1353 24.2314,
	22.1418 24.2265,
	22.155 24.2232,
	22.1682 24.2215,
	22.221 24.2215,
	22.2275 24.2223,
	22.2309 24.2223,
	22.2375 24.2191,
	22.2441 24.2182,
	22.2507 24.2158,
	22.2771 24.2166,
	22.2903 24.2191,
	22.2927 24.2215,
	22.3059 24.2248,
	22.3455 24.2248,
	22.3587 24.2265,
	22.3595 24.2282,
	22.3727 24.2306,
	22.376 24.2323,
	22.3776 24.2323,
	22.3793 24.2339,
	22.3825 24.2339,
	22.3843 24.2355,
	22.3908 24.2364,
	22.3941 24.2364,
	22.3974 24.238,
	22.4238 24.2405,
	22.4765 24.238,
	22.4897 24.2388,
	22.493 24.2396,
	22.4988 24.2455,
	22.4997 24.252,
	22.5013 24.2554,
	22.5021 24.2619,
	22.5038 24.2652,
	22.5062 24.2784,
	22.5079 24.2851,
	22.5119 24.2916,
	22.5137 24.2941,
	22.5202 24.2982,
	22.5235 24.2999,
	22.5269 24.2999,
	22.5326 24.3048,
	22.5342 24.3064,
	22.5342 24.3081,
	22.5367 24.3114,
	22.5383 24.3131,
	22.5383 24.3164,
	22.54 24.318,
	22.54 24.3245,
	22.5392 24.3279,
	22.5392 24.3296,
	22.5359 24.332,
	22.5334 24.3361,
	22.5342 24.3377,
	22.5277 24.3419,
	22.5145 24.346,
	22.5111 24.3477,
	22.4848 24.3501,
	22.4584 24.3509,
	22.4552 24.3509,
	22.4485 24.3534,
	22.4353 24.3559,
	22.4221 24.3609,
	22.4164 24.3658,
	22.4106 24.3724,
	22.4065 24.379,
	22.4032 24.3822,
	22.4016 24.384,
	22.4016 24.3856,
	22.3949 24.3905,
	22.3916 24.393,
	22.3851 24.3938,
	22.3784 24.3963,
	22.3752 24.3988,
	22.3685 24.4013,
	22.3652 24.4037,
	22.3587 24.4054,
	22.3553 24.4062,
	22.3537 24.4078,
	22.3405 24.4112,
	22.3348 24.4136,
	22.3315 24.4161,
	22.3051 24.4227,
	"/>
</Transform>

<Transform dim="1"
 xcoef=" 0 1 0 0 0 0"
 ycoef=" 0 0 1 0 0 0">
<Contour name="d38sp11" hidden="false" closed="true" simplified="true" border="1 0 0" fill="1 0 0" mode="11"
 points="21.7267 24.5148,
	21.7194 24.5139,
	21.7057 24.5084,
	21.6983 24.5057,
	21.6947 24.5038,
	21.6929 24.5038,
	21.692 24.502,
	21.6883 24.502,
	21.6737 24.4975,
	21.6717 24.4956,
	21.6645 24.4946,
	21.6571 24.4919,
	21.6424 24.4901,
	21.6352 24.4901,
	21.6205 24.4946,
	21.6059 24.4966,
	21.5985 24.4984,
	21.5766 24.4984,
	21.5619 24.4928,
	21.5582 24.4892,
	21.5563 24.4892,
	21.5435 24.4791,
	21.5289 24.4653,
	21.5252 24.4617,
	21.516 24.448,
	21.5142 24.4461,
	21.5142 24.4443,
	21.5087 24.4379,
	21.506 24.4351,
	21.5051 24.4315,
	21.5033 24.4297,
	21.5033 24.4278,
	21.5014 24.4269,
	21.5014 24.425,
	21.4914 24.4114,
	21.4876 24.404,
	21.4822 24.3976,
	21.4794 24.3912,
	21.473 24.3848,
	21.4639 24.3711,
	21.4621 24.3673,
	21.4583 24.3646,
	21.4492 24.3508,
	21.4373 24.3389,
	21.4328 24.3335,
	21.4263 24.3289,
	21.4227 24.328,
	21.419 24.3252,
	21.3897 24.317,
	21.3603 24.3124,
	21.3457 24.3096,
	21.3384 24.3078,
	21.3237 24.3005,
	21.3164 24.2968,
	21.3045 24.2859,
	21.3017 24.2821,
	21.3008 24.2785,
	21.2981 24.2749,
	21.2917 24.2611,
	21.2889 24.2537,
	21.2843 24.2465,
	21.2834 24.2318,
	21.2834 24.2291,
	21.2834 24.2282,
	21.288 24.2217,
	21.288 24.2199,
	21.2944 24.2126,
	21.2999 24.2071,
	21.3145 24.196,
	21.3201 24.1915,
	21.3274 24.1869,
	21.3347 24.1842,
	21.3366 24.1823,
	21.3384 24.1823,
	21.342 24.1796,
	21.3494 24.1787,
	21.364 24.1741,
	21.3934 24.1723,
	21.408 24.1705,
	21.4227 24.1705,
	21.452 24.1667,
	21.5106 24.1658,
	21.5545 24.1658,
	21.5692 24.1631,
	21.5985 24.1604,
	21.6278 24.1558,
	21.6424 24.1548,
	21.6571 24.1558,
	21.6717 24.1595,
	21.6755 24.1604,
	21.6773 24.1622,
	21.6809 24.1631,
	21.6828 24.1649,
	21.6901 24.1667,
	21.6965 24.1714,
	21.7112 24.1759,
	21.7258 24.1787,
	21.7551 24.1796,
	21.7844 24.1787,
	21.7991 24.1787,
	21.8137 24.1805,
	21.8284 24.186,
	21.8357 24.1906,
	21.843 24.1969,
	21.8439 24.1989,
	21.8459 24.1989,
	21.8522 24.2052,
	21.8559 24.2071,
	21.8632 24.208,
	21.8705 24.2107,
	21.8779 24.2116,
	21.8925 24.2172,
	21.9072 24.219,
	21.9218 24.2181,
	21.9365 24.2144,
	21.942 24.2144,
	21.9439 24.2126,
	21.9732 24.208,
	21.9805 24.2061,
	21.9951 24.2052,
	22.0025 24.2043,
	22.0098 24.2052,
	22.0107 24.2126,
	22.0098 24.2199,
	22.0034 24.2264,
	21.9997 24.2291,
	21.9951 24.2336,
	21.9878 24.2382,
	21.9841 24.2391,
	21.9713 24.2492,
	21.9676 24.2519,
	21.9658 24.2519,
	21.953 24.2648,
	21.9511 24.2675,
	21.9475 24.2703,
	21.9457 24.2712,
	21.9448 24.2749,
	21.9392 24.2803,
	21.9282 24.2941,
	21.9155 24.3087,
	21.9054 24.3215,
	21.8971 24.3353,
	21.8944 24.3427,
	21.8925 24.3454,
	21.8925 24.3472,
	21.8898 24.3499,
	21.888 24.3573,
	21.8861 24.361,
	21.8843 24.3628,
	21.8815 24.3701,
	21.8752 24.3765,
	21.8605 24.3866,
	21.8568 24.3884,
	21.8549 24.3921,
	21.8522 24.3939,
	21.8468 24.4013,
	21.8468 24.4031,
	21.843 24.4067,
	21.8394 24.4214,
	21.8385 24.436,
	21.8385 24.4434,
	21.8367 24.4507,
	21.8367 24.4544,
	21.8284 24.4691,
	21.8256 24.4709,
	21.8247 24.4745,
	21.8128 24.4883,
	21.8055 24.4946,
	21.7982 24.4975,
	21.7972 24.4993,
	21.79 24.5002,
	21.7826 24.5047,
	21.779 24.5066,
	21.778 24.5084,
	21.7707 24.5093,
	21.7634 24.513,
	21.756 24.5148,
	"/>
</Transform>

<Transform dim="1"
 xcoef=" 0.05 1 0 0 0 0"
 ycoef=" -0.04 0 1 0 0 0">
<Contour name="d28p14" hidden="false" closed="true" simplified="true" border="1 0 0" fill="1 0 0" mode="11"
 points="6.58822 23.1632,
	6.55875 23.1337,
	6.58822 23.1043,
	6.6177 23.1337,
	"/>
</Transform>

<Transform dim="0"
 xcoef=" 0 1 0 0 0 0"
 ycoef=" 0 0 1 0 0 0">
<Contour name="d28endob14_pino" hidden="false" closed="true" simplified="true" border="1 0.502 0" fill="1 0 0" mode="11"
 points="6.55719 23.1348,
	6.55733 23.1282,
	6.55775 23.1215,
	6.55844 23.1149,
	6.55941 23.1083,
	6.56065 23.1019,
	6.56216 23.0955,
	6.56394 23.0892,
	6.56597 23.0831,
	6.56825 23.0772,
	6.57078 23.0714,
	6.57355 23.0658,
	6.57655 23.0604,
	6.57976 23.0552,
	6.58319 23.0503,
	6.58682 23.0457,
	6.59063 23.0413,
	6.59462 23.0372,
	6.59878 23.0334,
	6.60309 23.0299,
	6.60754 23.0267,
	6.61212 23.0239,
	6.61681 23.0213,
	6.62159 23.0192,
	6.62646 23.0174,
	6.6314 23.0159,
	6.63639 23.0148,
	6.64142 23.0141,
	6.64647 23.0137,
	6.65153 23.0137,
	6.65658 23.0141,
	6.66161 23.0148,
	6.6666 23.0159,
	6.67154 23.0174,
	6.6764 23.0192,
	6.68119 23.0213,
	6.68588 23.0239,
	6.69045 23.0267,
	6.6949 23.0299,
	6.69921 23.0334,
	6.70337 23.0372,
	6.70736 23.0413,
	6.71118 23.0457,
	6.7148 23.0503,
	6.71823 23.0552,
	6.72145 23.0604,
	6.72444 23.0658,
	6.72721 23.0714,
	6.72974 23.0772,
	6.73203 23.0831,
	6.73406 23.0892,
	6.73583 23.0955,
	6.73734 23.1019,
	6.73858 23.1083,
	6.73955 23.1149,
	6.74025 23.1215,
	6.74067 23.1282,
	6.74081 23.1348,
	6.74067 23.1415,
	6.74025 23.1482,
	6.73955 23.1548,
	6.73858 23.1614,
	6.73734 23.1678,
	6.73583 23.1742,
	6.73406 23.1805,
	6.73203 23.1866,
	6.72974 23.1925,
	6.72721 23.1983,
	6.72444 23.2039,
	6.72145 23.2093,
	6.71823 23.2144,
	6.7148 23.2194,
	6.71118 23.224,
	6.70736 23.2284,
	6.70337 23.2325,
	6.69921 23.2363,
	6.6949 23.2398,
	6.69045 23.243,
	6.68588 23.2458,
	6.68119 23.2484,
	6.6764 23.2505,
	6.67154 23.2523,
	6.6666 23.2538,
	6.66161 23.2549,
	6.65658 23.2556,
	6.65153 23.256,
	6.64647 23.256,
	6.64142 23.2556,
	6.63639 23.2549,
	6.6314 23.2538,
	6.62646 23.2523,
	6.62159 23.2505,
	6.61681 23.2484,
	6.61212 23.2458,
	6.60754 23.243,
	6.60309 23.2398,
	6.59878 23.2363,
	6.59462 23.2325,
	6.59063 23.2284,
	6.58682 23.224,
	6.58319 23.2194,
	6.57976 23.2144,
	6.57655 23.2093,
	6.57355 23.2039,
	6.57078 23.1983,
	6.56825 23.1925,
	6.56597 23.1866,
	6.56394 23.1805,
	6.56216 23.1742,
	6.56065 23.1678,
	6.55941 23.1614,
	6.55844 23.1548,
	6.55775 23.1482,
	"/>
</Transform>

<Transform dim="0"
 xcoef=" 0 1 0 0 0 0"
 ycoef=" 0 0 1 0 0 0">
<Contour name="d28rh14" hidden="false" closed="true" simplified="false" border="0 0 1" fill="1 0 1" mode="11"
 points="5.83563 22.3882,
	5.83563 22.3832,
	5.84064 22.3782,
	5.84564 22.3782,
	5.85065 22.3832,
	5.85065 22.3882,
	5.84564 22.3932,
	5.84064 22.3932,
	"/>
<Contour name="d28rh14" hidden="false" closed="true" simplified="false" border="0 0 1" fill="1 0 1" mode="11"
 points="5.80936 22.3269,
	5.80936 22.3219,
	5.81436 22.3169,
	5.81937 22.3169,
	5.82437 22.3219,
	5.82437 22.3269,
	5.81937 22.3319,
	5.81436 22.3319,
	"/>
<Contour name="d28rh14" hidden="false" closed="true" simplified="false" border="0 0 1" fill="1 0 1" mode="11"
 points="5.78308 22.2418,
	5.78308 22.2368,
	5.78808 22.2318,
	5.79309 22.2318,
	5.79809 22.2368,
	5.79809 22.2418,
	5.79309 22.2468,
	5.78808 22.2468,
	"/>
</Transform>

<Transform dim="0"
 xcoef=" 0 1 0 0 0 0"
 ycoef=" 0 0 1 0 0 0">
<Contour name="d39endos03_cp" hidden="false" closed="true" simplified="true" border="1 0.502 0" fill="1 0 0" mode="11"
 points="10.9718 28.6541,
	10.972 28.6478,
	10.9727 28.6416,
	10.9738 28.6354,
	10.9754 28.6294,
	10.9774 28.6235,
	10.9798 28.6177,
	10.9826 28.6121,
	10.9858 28.6068,
	10.9894 28.6017,
	10.9934 28.5969,
	10.9977 28.5924,
	11.0023 28.5882,
	11.0072 28.5843,
	11.0124 28.5808,
	11.0178 28.5777,
	11.0234 28.5751,
	11.0292 28.5728,
	11.0351 28.5709,
	11.0411 28.5695,
	11.0473 28.5686,
	11.0535 28.5681,
	11.0597 28.568,
	11.0659 28.5684,
	11.0721 28.5692,
	11.0781 28.5705,
	11.0841 28.5723,
	11.0899 28.5744,
	11.0956 28.577,
	11.1011 28.58,
	11.1063 28.5834,
	11.1113 28.5872,
	11.1159 28.5913,
	11.1203 28.5957,
	11.1244 28.6005,
	11.128 28.6055,
	11.1314 28.6108,
	11.1343 28.6163,
	11.1368 28.622,
	11.1389 28.6279,
	11.1406 28.6339,
	11.1418 28.64,
	11.1426 28.6462,
	11.1429 28.6525,
	11.1428 28.6587,
	11.1423 28.665,
	11.1413 28.6711,
	11.1398 28.6772,
	11.1379 28.6832,
	11.1356 28.689,
	11.1329 28.6946,
	11.1298 28.7,
	11.1262 28.7052,
	11.1224 28.7101,
	11.1182 28.7146,
	11.1136 28.7189,
	11.1088 28.7229,
	11.1037 28.7264,
	11.0984 28.7296,
	11.0928 28.7324,
	11.0871 28.7348,
	11.0811 28.7368,
	11.0751 28.7383,
	11.069 28.7393,
	11.0628 28.74,
	11.0566 28.7401,
	11.0504 28.7399,
	11.0442 28.7391,
	11.0381 28.7379,
	11.0321 28.7363,
	11.0262 28.7342,
	11.0205 28.7318,
	11.015 28.7289,
	11.0097 28.7256,
	11.0047 28.7219,
	10.9999 28.7179,
	10.9955 28.7135,
	10.9914 28.7089,
	10.9876 28.7039,
	10.9842 28.6987,
	10.9811 28.6932,
	10.9785 28.6875,
	10.9763 28.6817,
	10.9745 28.6757,
	10.9732 28.6696,
	10.9723 28.6634,
	"/>
</Transform>

<Transform dim="1"
 xcoef=" 0.02 1 0 0 0 0"
 ycoef=" -0.04 0 1 0 0 0">
<Contour name="d39serb20" hidden="false" closed="true" simplified="true" border="1 1 0" fill="1 1 0" mode="11"
 points="11.0651 27.94,
	11.0651 27.9217,
	11.0467 27.9217,
	11.0467 27.9032,
	11.0651 27.9032,
	11.0651 27.8849,
	11.0834 27.8849,
	11.0834 27.9032,
	11.1018 27.9032,
	11.1018 27.9217,
	11.0834 27.9217,
	11.0834 27.94,
	"/>
</Transform>

<Transform dim="0"
 xcoef=" 0 1 0 0 0 0"
 ycoef=" 0 0 1 0 0 0">
<Contour name="d63serb23" hidden="false" closed="true" simplified="false" border="1 1 0" fill="0 1 0" mode="11"
 points="20.3769 26.834,
	20.3769 26.8268,
	20.3842 26.8268,
	20.3842 26.8195,
	20.3914 26.8195,
	20.3914 26.8268,
	20.3986 26.8268,
	20.3986 26.834,
	20.3914 26.834,
	20.3914 26.8413,
	20.3842 26.8413,
	20.3842 26.834,
	"/>
</Transform>

</Section>