<?xml version="1.0"?>
<!DOCTYPE Section SYSTEM "section.dtd">

<Section index="85" thickness="0.048" alignLocked="true">
<Transform dim="0"
 xcoef=" 0 1 0 0 0 0"
 ycoef=" 0 0 1 0 0 0">
<Image mag="0.002063" contrast="2.05507" brightness="-0.18" red="true" green="true" blue="true"
 src="086____z4.335.jpg" />
<Contour name="domain1" hidden="false" closed="true" simplified="false" border="1 0 1" fill="1 0 1" mode="11"
 points="0 0,
	17236 0,
	17236 17077,
	0 17077,
	"/>
</Transform>

<Transform dim="0"
 xcoef=" 0 1 0 0 0 0"
 ycoef=" 0 0 1 0 0 0">
<Contour name="D39" hidden="false" closed="true" simplified="true" border="0 0 1" fill="0 0 1" mode="11"
 points="10.9963 28.5446,
	10.9449 28.5366,
	10.8986 28.5129,
	10.8619 28.4762,
	10.8301 28.3785,
	10.8382 28.3272,
	10.8619 28.2809,
	10.8986 28.2441,
	10.9449 28.2205,
	10.9963 28.2124,
	11.0476 28.2205,
	11.0939 28.2441,
	11.1307 28.2809,
	11.1543 28.3272,
	11.1624 28.3785,
	11.1543 28.4298,
	11.1307 28.4762,
	11.0939 28.5129,
	11.0476 28.5366,
	"/>
</Transform>

<Transform dim="0"
 xcoef=" 0 1 0 0 0 0"
 ycoef=" 0 0 1 0 0 0">
<Contour name="D56" hidden="false" closed="true" simplified="true" border="1 0 0" fill="1 0 0" mode="11"
 points="23.7421 23.5642,
	23.6989 23.5573,
	23.6599 23.5375,
	23.6289 23.5065,
	23.6022 23.4243,
	23.6091 23.381,
	23.6289 23.342,
	23.6599 23.3111,
	23.6989 23.2912,
	23.7421 23.2843,
	23.7853 23.2912,
	23.8244 23.3111,
	23.8553 23.342,
	23.8752 23.381,
	23.8821 23.4243,
	23.8752 23.4675,
	23.8553 23.5065,
	23.8244 23.5375,
	23.7853 23.5573,
	"/>
</Transform>

<Transform dim="0"
 xcoef=" 0 1 0 0 0 0"
 ycoef=" 0 0 1 0 0 0">
<Contour name="D31" hidden="false" closed="true" simplified="true" border="0 0 1" fill="0 0 1" mode="11"
 points="13.9078 19.5531,
	13.8541 19.5441,
	13.8056 19.5179,
	13.7671 19.4772,
	13.7339 19.369,
	13.7424 19.3122,
	13.7671 19.2608,
	13.8056 19.22,
	13.8541 19.1938,
	13.9078 19.1849,
	13.9616 19.1938,
	14.01 19.22,
	14.0485 19.2608,
	14.0733 19.3122,
	14.0817 19.369,
	14.0733 19.4259,
	14.0485 19.4772,
	14.01 19.5179,
	13.9616 19.5441,
	"/>
</Transform>

<Transform dim="0"
 xcoef=" 0 1 0 0 0 0"
 ycoef=" 0 0 1 0 0 0">
<Contour name="D28" hidden="false" closed="true" simplified="true" border="0 0 1" fill="0 0 1" mode="11"
 points="6.82591 23.6919,
	6.77726 23.685,
	6.73339 23.6652,
	6.69856 23.6343,
	6.6685 23.552,
	6.6762 23.5088,
	6.69856 23.4697,
	6.73339 23.4388,
	6.77726 23.419,
	6.82591 23.4121,
	6.87455 23.419,
	6.91844 23.4388,
	6.95325 23.4697,
	6.97562 23.5088,
	6.98332 23.552,
	6.97562 23.5952,
	6.95325 23.6343,
	6.91844 23.6652,
	6.87455 23.685,
	"/>
</Transform>

<Transform dim="0"
 xcoef=" 0 1 0 0 0 0"
 ycoef=" 0 0 1 0 0 0">
<Contour name="D38" hidden="false" closed="true" simplified="true" border="1 0 0" fill="1 0 0" mode="11"
 points="22.3925 23.3883,
	22.3411 23.381,
	22.2948 23.3599,
	22.2581 23.3269,
	22.2263 23.2396,
	22.2344 23.1937,
	22.2581 23.1522,
	22.2948 23.1193,
	22.3411 23.0982,
	22.3925 23.0909,
	22.4438 23.0982,
	22.4901 23.1193,
	22.5269 23.1522,
	22.5505 23.1937,
	22.5586 23.2396,
	22.5505 23.2855,
	22.5269 23.3269,
	22.4901 23.3599,
	22.4438 23.381,
	"/>
</Transform>

<Transform dim="0"
 xcoef=" 0 1 0 0 0 0"
 ycoef=" 0 0 1 0 0 0">
<Contour name="D01" hidden="false" closed="true" simplified="true" border="1 1 0" fill="1 1 0" mode="11"
 points="16.3732 26.6543,
	16.3226 26.6479,
	16.277 26.629,
	16.2407 26.5995,
	16.2095 26.5213,
	16.2176 26.4802,
	16.2407 26.4431,
	16.277 26.4137,
	16.3226 26.3949,
	16.3732 26.3884,
	16.4237 26.3949,
	16.4694 26.4137,
	16.5056 26.4431,
	16.5289 26.4802,
	16.5368 26.5213,
	16.5289 26.5624,
	16.5056 26.5995,
	16.4694 26.629,
	16.4237 26.6479,
	"/>
</Transform>

<Transform dim="0"
 xcoef=" 0 1 0 0 0 0"
 ycoef=" 0 0 1 0 0 0">
<Contour name="D63" hidden="false" closed="true" simplified="true" border="1 0 0" fill="1 0 0" mode="11"
 points="20.0282 27.2536,
	20.0056 27.2509,
	19.9853 27.243,
	19.9692 27.2306,
	19.9552 27.1977,
	19.9588 27.1803,
	19.9692 27.1647,
	19.9853 27.1523,
	20.0056 27.1444,
	20.0282 27.1417,
	20.0507 27.1444,
	20.0711 27.1523,
	20.0872 27.1647,
	20.0976 27.1803,
	20.1011 27.1977,
	20.0976 27.215,
	20.0872 27.2306,
	20.0711 27.243,
	20.0507 27.2509,
	"/>
</Transform>

<Transform dim="0"
 xcoef=" 0 1 0 0 0 0"
 ycoef=" 0 0 1 0 0 0">
<Contour name="d28" hidden="false" closed="true" simplified="true" border="0 0 0" fill="0 0 0" mode="11"
 points="6.91987 24.1261,
	6.89995 24.1248,
	6.89497 24.1248,
	6.89 24.123,
	6.88812 24.1205,
	6.88689 24.1193,
	6.86697 24.1156,
	6.85701 24.1137,
	6.84892 24.1043,
	6.83771 24.0645,
	6.83522 24.0545,
	6.83522 24.0533,
	6.82651 24.0434,
	6.82277 24.0383,
	6.82154 24.0371,
	6.81158 24.0359,
	6.80224 24.044,
	6.79725 24.0539,
	6.79602 24.0739,
	6.79477 24.0837,
	6.79477 24.0851,
	6.79228 24.0875,
	6.79103 24.0925,
	6.79103 24.095,
	6.78481 24.105,
	6.77983 24.1093,
	6.77858 24.1105,
	6.75867 24.1143,
	6.74871 24.1162,
	6.74374 24.1168,
	6.72382 24.1149,
	6.71386 24.1137,
	6.70888 24.1137,
	6.69892 24.1105,
	6.68896 24.1093,
	6.68399 24.1093,
	6.64416 24.0968,
	6.60433 24.0807,
	6.59437 24.0763,
	6.55454 24.0694,
	6.54458 24.0676,
	6.52467 24.0595,
	6.51968 24.0577,
	6.49977 24.0434,
	6.48981 24.0371,
	6.47985 24.0297,
	6.47488 24.0278,
	6.46989 24.024,
	6.45993 24.0203,
	6.44998 24.0203,
	6.43006 24.0246,
	6.4201 24.0284,
	6.41761 24.0297,
	6.37031 24.0297,
	6.36534 24.0265,
	6.36036 24.0265,
	6.32052 24.0054,
	6.31866 24.0029,
	6.31803 24.0017,
	6.31306 24.0004,
	6.3031 23.9935,
	6.30061 23.9911,
	6.29564 23.9892,
	6.2558 23.9624,
	6.24585 23.9569,
	6.24335 23.9555,
	6.24148 23.9524,
	6.23651 23.9506,
	6.22655 23.9418,
	6.22592 23.9394,
	6.22344 23.9387,
	6.22095 23.9338,
	6.20228 23.9139,
	6.19543 23.9039,
	6.19232 23.8989,
	6.19232 23.894,
	6.18547 23.8741,
	6.18298 23.8641,
	6.18298 23.8541,
	6.18298 23.8516,
	6.19107 23.8318,
	6.19232 23.8267,
	6.19232 23.8242,
	6.19543 23.8193,
	6.19729 23.8174,
	6.19854 23.8168,
	6.19854 23.8144,
	6.20103 23.8124,
	6.20228 23.8112,
	6.22219 23.8099,
	6.26202 23.8124,
	6.26949 23.8124,
	6.27447 23.8087,
	6.2838 23.7987,
	6.28505 23.7975,
	6.2863 23.7925,
	6.28941 23.7888,
	6.29625 23.7688,
	6.29812 23.759,
	6.29812 23.749,
	6.2975 23.744,
	6.29439 23.734,
	6.29376 23.7316,
	6.29314 23.7303,
	6.29065 23.7303,
	6.28069 23.721,
	6.26452 23.7011,
	6.25642 23.6911,
	6.24957 23.6811,
	6.24397 23.6711,
	6.23526 23.6512,
	6.23029 23.6413,
	6.22717 23.6363,
	6.21473 23.5965,
	6.2085 23.5766,
	6.20477 23.5566,
	6.20103 23.5467,
	6.19978 23.5442,
	6.19854 23.5343,
	6.19169 23.5143,
	6.19045 23.5093,
	6.18672 23.5044,
	6.18672 23.5019,
	6.18298 23.4969,
	6.1805 23.4944,
	6.1805 23.4919,
	6.17613 23.4882,
	6.16929 23.4782,
	6.16494 23.4733,
	6.16369 23.4682,
	6.15995 23.4633,
	6.15435 23.4433,
	6.15435 23.4334,
	6.15435 23.431,
	6.15435 23.4303,
	6.15934 23.4259,
	6.16431 23.4253,
	6.20414 23.4272,
	6.2141 23.4259,
	6.21908 23.4259,
	6.25891 23.4141,
	6.26389 23.4122,
	6.26638 23.411,
	6.26763 23.4098,
	6.2726 23.4085,
	6.27509 23.4085,
	6.28443 23.3985,
	6.28816 23.3936,
	6.29003 23.3911,
	6.29128 23.3861,
	6.29128 23.3836,
	6.29314 23.3811,
	6.29439 23.3805,
	6.29439 23.3756,
	6.29687 23.3705,
	6.29687 23.3656,
	6.31057 23.3257,
	6.31118 23.3208,
	6.31741 23.3108,
	6.31741 23.3083,
	6.32551 23.2983,
	6.33484 23.2885,
	6.3367 23.2859,
	6.33795 23.2846,
	6.34044 23.2846,
	6.3423 23.2822,
	6.3448 23.2809,
	6.36471 23.2778,
	6.40454 23.2766,
	6.44437 23.2679,
	6.45433 23.2672,
	6.45932 23.2679,
	6.47923 23.2754,
	6.49915 23.2791,
	6.57881 23.2778,
	6.65847 23.2697,
	6.66843 23.2685,
	6.68835 23.2685,
	6.72818 23.2741,
	6.73067 23.2741,
	6.74063 23.2778,
	6.75059 23.2778,
	6.7705 23.284,
	6.78046 23.2865,
	6.78543 23.2891,
	6.79539 23.2909,
	6.79788 23.2909,
	6.8178 23.2983,
	6.82277 23.3008,
	6.82776 23.3014,
	6.83025 23.302,
	6.83273 23.304,
	6.83522 23.3046,
	6.84021 23.3077,
	6.86012 23.3139,
	6.89995 23.3307,
	6.91987 23.3438,
	6.92983 23.35,
	6.9348 23.3531,
	6.93729 23.3544,
	6.93978 23.3568,
	6.94476 23.3587,
	6.95472 23.3656,
	6.95534 23.3668,
	6.95783 23.3674,
	6.9597 23.3693,
	6.96467 23.3711,
	6.97463 23.3793,
	6.97962 23.3805,
	6.98957 23.3873,
	6.99207 23.3886,
	6.99455 23.3911,
	6.99953 23.393,
	7.00202 23.3936,
	7.01198 23.4004,
	7.02194 23.4104,
	7.02317 23.4116,
	7.02317 23.4141,
	7.02442 23.4167,
	7.04247 23.4359,
	7.04683 23.4402,
	7.04932 23.4409,
	7.05928 23.449,
	7.06425 23.4539,
	7.06674 23.4546,
	7.0711 23.459,
	7.07546 23.4608,
	7.0848 23.4664,
	7.10471 23.4795,
	7.12463 23.4913,
	7.13458 23.4969,
	7.14454 23.5038,
	7.16383 23.5237,
	7.16881 23.5286,
	7.17628 23.5386,
	7.18748 23.5586,
	7.19247 23.5684,
	7.19993 23.5884,
	7.20865 23.6083,
	7.20926 23.6183,
	7.20865 23.6282,
	7.20304 23.6481,
	7.20055 23.6531,
	7.19931 23.6581,
	7.1962 23.6631,
	7.18375 23.7029,
	7.17814 23.7228,
	7.17628 23.7627,
	7.17753 23.8423,
	7.17753 23.8522,
	7.17503 23.8722,
	7.17131 23.8821,
	7.17006 23.8921,
	7.16197 23.912,
	7.14268 23.9301,
	7.13271 23.9375,
	7.12774 23.9412,
	7.124 23.9463,
	7.11404 23.9563,
	7.10658 23.9661,
	7.10284 23.9712,
	7.09351 23.9805,
	7.08541 23.9904,
	7.07173 24.0103,
	7.04745 24.0502,
	7.03313 24.0701,
	7.02567 24.08,
	7.02194 24.0851,
	7.00202 24.0994,
	6.99704 24.1025,
	6.99207 24.1043,
	6.98708 24.108,
	6.97712 24.1118,
	6.97463 24.1143,
	6.96966 24.1143,
	6.9597 24.1205,
	6.94974 24.123,
	6.92983 24.1254,
	"/>
</Transform>

<Transform dim="0"
 xcoef=" 0 1 0 0 0 0"
 ycoef=" 0 0 1 0 0 0">
<Contour name="d39" hidden="false" closed="true" simplified="true" border="0 0.501961 0" fill="0 0 0" mode="11"
 points="11.5426 28.8622,
	11.4803 28.8592,
	11.4647 28.8583,
	11.457 28.8573,
	11.4492 28.8534,
	11.4415 28.8515,
	11.4102 28.836,
	11.3947 28.8331,
	11.387 28.8321,
	11.3559 28.8331,
	11.3402 28.8331,
	11.3091 28.8281,
	11.3014 28.8281,
	11.2858 28.8252,
	11.2702 28.8243,
	11.2624 28.8243,
	11.2469 28.8214,
	11.1846 28.8185,
	11.1223 28.8175,
	11.1068 28.8175,
	11.0912 28.8126,
	11.0873 28.8126,
	11.0795 28.8097,
	11.064 28.8068,
	11.0328 28.796,
	11.0173 28.7912,
	11.0095 28.7903,
	11.0017 28.7863,
	10.9394 28.7795,
	10.9083 28.7727,
	10.8772 28.764,
	10.8733 28.7611,
	10.8422 28.7523,
	10.8344 28.7484,
	10.8334 28.7465,
	10.8256 28.7444,
	10.8178 28.7406,
	10.81 28.7387,
	10.8023 28.7348,
	10.8003 28.7348,
	10.7993 28.7329,
	10.7955 28.7329,
	10.7799 28.7241,
	10.7731 28.7183,
	10.7653 28.7153,
	10.703 28.6793,
	10.6991 28.6755,
	10.6953 28.6744,
	10.6797 28.6638,
	10.6758 28.6618,
	10.6719 28.6579,
	10.668 28.6559,
	10.6661 28.6559,
	10.6505 28.6404,
	10.6408 28.6248,
	10.6379 28.621,
	10.6359 28.6131,
	10.631 28.6064,
	10.6262 28.5908,
	10.6272 28.5888,
	10.6165 28.5577,
	10.6135 28.55,
	10.6135 28.5421,
	10.6087 28.5266,
	10.6058 28.511,
	10.6038 28.5071,
	10.6028 28.4993,
	10.5999 28.4916,
	10.5941 28.4838,
	10.5912 28.4809,
	10.5892 28.4799,
	10.5892 28.478,
	10.5814 28.4711,
	10.5775 28.4634,
	10.5707 28.4555,
	10.562 28.44,
	10.5571 28.4244,
	10.5542 28.4089,
	10.5435 28.3933,
	10.5347 28.3778,
	10.5318 28.3466,
	10.5318 28.3456,
	10.5357 28.3427,
	10.5386 28.335,
	10.5493 28.3193,
	10.5522 28.3154,
	10.5522 28.3135,
	10.5552 28.3096,
	10.5571 28.3018,
	10.5591 28.3009,
	10.561 28.2931,
	10.561 28.2892,
	10.5639 28.2853,
	10.5756 28.2542,
	10.5834 28.2386,
	10.5882 28.2308,
	10.5892 28.2269,
	10.5941 28.2191,
	10.597 28.2152,
	10.597 28.2133,
	10.6028 28.2075,
	10.6048 28.2036,
	10.6048 28.2016,
	10.631 28.1705,
	10.633 28.1686,
	10.633 28.1666,
	10.6476 28.1511,
	10.6554 28.1442,
	10.6583 28.1404,
	10.6622 28.1394,
	10.668 28.1316,
	10.6962 28.1014,
	10.7098 28.0868,
	10.7137 28.0859,
	10.7176 28.083,
	10.7215 28.082,
	10.7235 28.0801,
	10.7546 28.0732,
	10.7585 28.0722,
	10.7624 28.0693,
	10.7702 28.0674,
	10.7741 28.0665,
	10.776 28.0645,
	10.7838 28.0635,
	10.7993 28.0586,
	10.8149 28.0557,
	10.8305 28.0548,
	10.8616 28.0557,
	10.8772 28.0538,
	10.885 28.0509,
	10.8927 28.0499,
	10.9083 28.044,
	10.9161 28.0431,
	10.92 28.0411,
	10.9355 28.0411,
	10.9511 28.0431,
	10.9667 28.0431,
	10.9822 28.0402,
	10.99 28.0382,
	10.9939 28.0352,
	11.0017 28.0343,
	11.0173 28.0275,
	11.025 28.0236,
	11.0289 28.0217,
	11.0601 28.0227,
	11.0679 28.0236,
	11.0717 28.0256,
	11.0795 28.0265,
	11.0814 28.0265,
	11.0854 28.0294,
	11.101 28.0343,
	11.1087 28.0373,
	11.1126 28.0402,
	11.1438 28.0499,
	11.1749 28.0509,
	11.2371 28.0567,
	11.2527 28.0557,
	11.2682 28.0528,
	11.2839 28.0479,
	11.315 28.044,
	11.3344 28.044,
	11.35 28.0499,
	11.3578 28.0519,
	11.3607 28.0548,
	11.3645 28.0557,
	11.3665 28.0557,
	11.3704 28.0586,
	11.3743 28.0596,
	11.4054 28.0859,
	11.4102 28.0937,
	11.4181 28.1005,
	11.4269 28.116,
	11.4336 28.1229,
	11.4375 28.1258,
	11.4453 28.1287,
	11.4531 28.1345,
	11.4687 28.1413,
	11.4726 28.1433,
	11.4764 28.1433,
	11.4784 28.1452,
	11.4803 28.1452,
	11.4822 28.1471,
	11.4979 28.154,
	11.5056 28.1588,
	11.5212 28.1657,
	11.5523 28.1832,
	11.5601 28.189,
	11.5669 28.1968,
	11.5747 28.2026,
	11.5786 28.2045,
	11.5864 28.2114,
	11.5991 28.224,
	11.6136 28.2367,
	11.6273 28.2523,
	11.6759 28.3135,
	11.6895 28.3291,
	11.705 28.3427,
	11.7187 28.3563,
	11.7488 28.3845,
	11.7634 28.4001,
	11.7722 28.4156,
	11.7751 28.4235,
	11.777 28.4273,
	11.778 28.4352,
	11.7799 28.439,
	11.7809 28.4468,
	11.7839 28.4546,
	11.7858 28.4857,
	11.7849 28.5168,
	11.7849 28.5324,
	11.782 28.548,
	11.777 28.5636,
	11.7683 28.5791,
	11.7576 28.5947,
	11.7527 28.6024,
	11.7517 28.6064,
	11.7459 28.6141,
	11.7421 28.6219,
	11.7313 28.6375,
	11.7138 28.6686,
	11.6983 28.6997,
	11.6914 28.7153,
	11.6866 28.7308,
	11.6847 28.7387,
	11.6778 28.7542,
	11.6749 28.762,
	11.673 28.7659,
	11.671 28.7678,
	11.6701 28.7717,
	11.6525 28.8029,
	11.6457 28.8106,
	11.6448 28.8145,
	11.6311 28.8301,
	11.6243 28.8379,
	11.6223 28.8398,
	11.6204 28.8398,
	11.6127 28.8467,
	11.6048 28.8505,
	11.5737 28.8592,
	"/>
</Transform>

<Transform dim="0"
 xcoef=" 0 1 0 0 0 0"
 ycoef=" 0 0 1 0 0 0">
<Contour name="D61" hidden="false" closed="true" simplified="true" border="1 0 0" fill="1 0 0" mode="11"
 points="19.9056 30.1429,
	19.8716 30.1369,
	19.841 30.1195,
	19.8166 30.0924,
	19.7956 30.0204,
	19.801 29.9826,
	19.8166 29.9484,
	19.841 29.9213,
	19.8716 29.9039,
	19.9056 29.8979,
	19.9395 29.9039,
	19.9702 29.9213,
	19.9945 29.9484,
	20.0101 29.9826,
	20.0155 30.0204,
	20.0101 30.0583,
	19.9945 30.0924,
	19.9702 30.1195,
	19.9395 30.1369,
	"/>
</Transform>

<Transform dim="0"
 xcoef=" 0 1 0 0 0 0"
 ycoef=" 0 0 1 0 0 0">
<Contour name="d63" hidden="false" closed="true" simplified="true" border="1 1 0" fill="0 0 0" mode="11"
 points="20.466 27.6163,
	20.4473 27.6151,
	20.41 27.6069,
	20.4053 27.6069,
	20.403 27.6046,
	20.3656 27.5929,
	20.347 27.5883,
	20.3412 27.5871,
	20.3389 27.5848,
	20.3295 27.5825,
	20.3249 27.5825,
	20.3201 27.5801,
	20.3155 27.5801,
	20.3143 27.5777,
	20.277 27.566,
	20.2583 27.5614,
	20.249 27.5603,
	20.2303 27.5626,
	20.193 27.5626,
	20.1743 27.5614,
	20.165 27.5614,
	20.1463 27.5568,
	20.137 27.5533,
	20.1289 27.5463,
	20.1265 27.5416,
	20.1218 27.5369,
	20.1102 27.5194,
	20.1102 27.5171,
	20.1078 27.5148,
	20.1078 27.5125,
	20.1032 27.5077,
	20.0997 27.4985,
	20.0974 27.4961,
	20.0974 27.4937,
	20.095 27.4914,
	20.0938 27.4821,
	20.0892 27.4728,
	20.088 27.4681,
	20.0857 27.4657,
	20.0857 27.4611,
	20.0822 27.4517,
	20.0822 27.4331,
	20.1417 27.2838,
	20.1709 27.2091,
	20.186 27.1718,
	20.193 27.1531,
	20.1965 27.1438,
	20.1989 27.1403,
	20.1895 27.1403,
	20.1849 27.1391,
	20.1766 27.1333,
	20.1592 27.1181,
	20.1429 27.0995,
	20.1335 27.0913,
	20.1183 27.0738,
	20.1009 27.0552,
	20.0985 27.0504,
	20.0892 27.0412,
	20.0834 27.0318,
	20.0786 27.0272,
	20.0658 27.0084,
	20.06 26.9992,
	20.0577 26.9944,
	20.053 26.9898,
	20.0483 26.9804,
	20.0414 26.9712,
	20.0366 26.9618,
	20.0343 26.9572,
	20.0297 26.9524,
	20.0262 26.9432,
	20.0203 26.9338,
	20.0075 26.8964,
	20.004 26.8778,
	20.0028 26.8404,
	20.0028 26.8393,
	20.004 26.8206,
	20.0052 26.8113,
	20.0122 26.7926,
	20.0122 26.788,
	20.018 26.7786,
	20.0251 26.7717,
	20.0297 26.7705,
	20.0483 26.7717,
	20.0577 26.7728,
	20.0763 26.7798,
	20.0786 26.7798,
	20.081 26.7821,
	20.0903 26.7844,
	20.095 26.788,
	20.0997 26.7891,
	20.1043 26.7926,
	20.1137 26.7961,
	20.1183 26.7973,
	20.1206 26.7997,
	20.1254 26.8008,
	20.13 26.8043,
	20.1346 26.8043,
	20.1534 26.8124,
	20.172 26.8137,
	20.1766 26.8137,
	20.1814 26.816,
	20.1837 26.816,
	20.186 26.8183,
	20.2047 26.8218,
	20.2093 26.8229,
	20.2117 26.8253,
	20.2163 26.8253,
	20.2187 26.8277,
	20.228 26.83,
	20.2327 26.8323,
	20.235 26.8346,
	20.2373 26.8346,
	20.2385 26.8369,
	20.2432 26.8369,
	20.2525 26.8428,
	20.2549 26.8428,
	20.2641 26.8498,
	20.2735 26.8544,
	20.277 26.8592,
	20.2817 26.8615,
	20.284 26.8626,
	20.284 26.8649,
	20.3027 26.8789,
	20.3109 26.886,
	20.3132 26.886,
	20.3178 26.8895,
	20.3552 26.9046,
	20.3645 26.9104,
	20.3738 26.9186,
	20.3796 26.9256,
	20.389 26.9338,
	20.4053 26.9466,
	20.4147 26.9524,
	20.4147 26.9547,
	20.417 26.9547,
	20.4263 26.9606,
	20.445 26.9676,
	20.4544 26.9723,
	20.4567 26.9746,
	20.466 26.9758,
	20.4753 26.9804,
	20.4928 26.9956,
	20.5056 27.0132,
	20.5127 27.0224,
	20.5161 27.0318,
	20.5196 27.0364,
	20.5232 27.0458,
	20.529 27.0552,
	20.5418 27.0924,
	20.543 27.0971,
	20.5453 27.0995,
	20.5465 27.1041,
	20.5524 27.1135,
	20.571 27.1286,
	20.5804 27.1333,
	20.5827 27.1356,
	20.585 27.1356,
	20.6025 27.1484,
	20.6364 27.1799,
	20.6491 27.1951,
	20.6608 27.2138,
	20.6667 27.2231,
	20.6678 27.2278,
	20.6736 27.2371,
	20.6759 27.2395,
	20.6795 27.2488,
	20.683 27.2535,
	20.6842 27.2581,
	20.6958 27.2768,
	20.6993 27.2814,
	20.7005 27.2861,
	20.7063 27.2954,
	20.7087 27.3001,
	20.7087 27.3024,
	20.711 27.3036,
	20.725 27.341,
	20.725 27.3782,
	20.7145 27.4156,
	20.7145 27.4179,
	20.7122 27.4202,
	20.7075 27.439,
	20.7005 27.4576,
	20.7005 27.4623,
	20.6947 27.4716,
	20.6911 27.4809,
	20.6876 27.4856,
	20.6865 27.4903,
	20.6842 27.4926,
	20.683 27.4973,
	20.6771 27.5054,
	20.6759 27.5101,
	20.669 27.5183,
	20.6667 27.5229,
	20.6504 27.5393,
	20.641 27.5463,
	20.6387 27.5463,
	20.6293 27.552,
	20.6107 27.5591,
	20.6084 27.5614,
	20.6036 27.5626,
	20.6002 27.566,
	20.5955 27.5673,
	20.5779 27.5789,
	20.5733 27.5825,
	20.571 27.5825,
	20.5687 27.5848,
	20.5639 27.5859,
	20.5593 27.5894,
	20.5499 27.5929,
	20.5453 27.5941,
	20.543 27.5965,
	20.5336 27.5988,
	20.529 27.5999,
	20.5244 27.6034,
	20.515 27.6069,
	20.5056 27.6081,
	20.5033 27.6105,
	20.4847 27.6151,
	"/>
</Transform>

<Transform dim="0"
 xcoef=" 0 1 0 0 0 0"
 ycoef=" 0 0 1 0 0 0">
<Contour name="d56" hidden="false" closed="true" simplified="true" border="0 0 0" fill="0 0 0" mode="11"
 points="24.2283 23.8324,
	24.199 23.8315,
	24.1954 23.8315,
	24.188 23.8278,
	24.1743 23.8131,
	24.1706 23.8058,
	24.1652 23.7985,
	24.1615 23.7948,
	24.1596 23.793,
	24.1596 23.7912,
	24.1469 23.7774,
	24.1395 23.7701,
	24.1249 23.7601,
	24.0956 23.7436,
	24.0809 23.7371,
	24.0663 23.7344,
	24.0589 23.7317,
	24.0442 23.7299,
	24.015 23.7299,
	24.0003 23.7279,
	23.971 23.7288,
	23.9564 23.7288,
	23.9271 23.7353,
	23.9234 23.7371,
	23.9198 23.7371,
	23.9051 23.7417,
	23.8904 23.7436,
	23.8831 23.7426,
	23.8685 23.7371,
	23.8611 23.7353,
	23.8474 23.727,
	23.8455 23.727,
	23.8392 23.7207,
	23.8254 23.7124,
	23.8218 23.7115,
	23.8144 23.706,
	23.7851 23.6941,
	23.7705 23.6896,
	23.7668 23.6877,
	23.7375 23.684,
	23.7338 23.6831,
	23.7192 23.6877,
	23.7155 23.6914,
	23.7082 23.6923,
	23.6936 23.6986,
	23.6899 23.6986,
	23.688 23.7006,
	23.6844 23.7006,
	23.677 23.7042,
	23.6698 23.706,
	23.6624 23.7106,
	23.6477 23.7133,
	23.6331 23.7198,
	23.6184 23.7225,
	23.6038 23.7288,
	23.5745 23.7362,
	23.5598 23.7417,
	23.5452 23.7436,
	23.5305 23.7481,
	23.5013 23.7545,
	23.4866 23.7582,
	23.472 23.7646,
	23.4573 23.7664,
	23.4427 23.772,
	23.4134 23.7738,
	23.3987 23.7765,
	23.3694 23.7783,
	23.3401 23.7774,
	23.3327 23.7774,
	23.3034 23.7682,
	23.2998 23.7673,
	23.2962 23.7646,
	23.2888 23.7637,
	23.2742 23.7573,
	23.2705 23.7573,
	23.2631 23.7527,
	23.2559 23.75,
	23.2266 23.7261,
	23.2229 23.7225,
	23.2192 23.7207,
	23.2073 23.7069,
	23.2036 23.6996,
	23.2009 23.6959,
	23.2 23.6886,
	23.1945 23.674,
	23.1917 23.6593,
	23.1899 23.652,
	23.1899 23.6502,
	23.1844 23.6428,
	23.1835 23.6391,
	23.1798 23.6364,
	23.1789 23.6218,
	23.1808 23.6071,
	23.1854 23.5925,
	23.1863 23.5888,
	23.189 23.586,
	23.1926 23.5714,
	23.1935 23.5567,
	23.1917 23.5421,
	23.1917 23.5384,
	23.1798 23.5091,
	23.1753 23.4945,
	23.1725 23.4872,
	23.1716 23.4798,
	23.1689 23.4725,
	23.168 23.4578,
	23.168 23.4505,
	23.168 23.4496,
	23.168 23.4487,
	23.1716 23.4413,
	23.1725 23.4377,
	23.1725 23.4359,
	23.1753 23.4322,
	23.1808 23.4176,
	23.1917 23.4029,
	23.1964 23.3965,
	23.2257 23.3717,
	23.2403 23.3599,
	23.2439 23.3571,
	23.2458 23.3571,
	23.2604 23.3443,
	23.264 23.3424,
	23.266 23.3424,
	23.2687 23.3388,
	23.276 23.3352,
	23.2824 23.3278,
	23.287 23.3205,
	23.2897 23.3169,
	23.2915 23.3095,
	23.3007 23.2949,
	23.3227 23.2656,
	23.3337 23.2509,
	23.3337 23.2491,
	23.3392 23.2417,
	23.3465 23.2354,
	23.3575 23.2207,
	23.3639 23.2133,
	23.3658 23.2097,
	23.3676 23.2088,
	23.3676 23.207,
	23.3721 23.1996,
	23.3785 23.1849,
	23.3832 23.1777,
	23.3886 23.163,
	23.3932 23.1556,
	23.3932 23.1538,
	23.3996 23.1466,
	23.4042 23.1392,
	23.4179 23.1254,
	23.4215 23.1218,
	23.4235 23.12,
	23.4271 23.1191,
	23.4564 23.0998,
	23.4637 23.0961,
	23.4665 23.0934,
	23.4811 23.0888,
	23.4848 23.0879,
	23.4884 23.0851,
	23.5031 23.0815,
	23.5067 23.0806,
	23.5141 23.076,
	23.5215 23.0732,
	23.5251 23.0705,
	23.5324 23.0678,
	23.5617 23.0522,
	23.5754 23.0457,
	23.5828 23.0403,
	23.5846 23.0403,
	23.5992 23.032,
	23.602 23.0293,
	23.6056 23.0284,
	23.613 23.0238,
	23.6276 23.0173,
	23.6313 23.0173,
	23.6377 23.0128,
	23.667 23.0036,
	23.6817 22.9982,
	23.6963 22.9954,
	23.7 22.9936,
	23.7293 22.9945,
	23.7329 22.9963,
	23.7622 22.9972,
	23.7916 23,
	23.8062 23.0027,
	23.8135 23.0064,
	23.8428 23.0348,
	23.8474 23.0421,
	23.862 23.0513,
	23.8694 23.0549,
	23.884 23.054,
	23.8877 23.0531,
	23.9014 23.0394,
	23.9161 23.0385,
	23.9307 23.0403,
	23.9381 23.043,
	23.9417 23.0457,
	23.9491 23.0486,
	23.9637 23.0567,
	23.971 23.0614,
	23.9857 23.0668,
	23.993 23.0696,
	23.9967 23.0696,
	24.0003 23.0723,
	24.015 23.0769,
	24.0223 23.0797,
	24.0296 23.0842,
	24.0333 23.0879,
	24.0352 23.0898,
	24.0424 23.0916,
	24.0461 23.0925,
	24.048 23.0925,
	24.0607 23.1053,
	24.0672 23.1108,
	24.0708 23.1135,
	24.0717 23.1172,
	24.0754 23.12,
	24.0791 23.1273,
	24.0891 23.1419,
	24.0891 23.1437,
	24.091 23.1446,
	24.091 23.1484,
	24.0937 23.152,
	24.0937 23.1538,
	24.1019 23.1676,
	24.1057 23.1749,
	24.1093 23.1786,
	24.1102 23.1822,
	24.1203 23.196,
	24.123 23.1996,
	24.124 23.2033,
	24.1341 23.218,
	24.1395 23.2252,
	24.1422 23.2289,
	24.1432 23.2326,
	24.1569 23.2464,
	24.1634 23.2536,
	24.1917 23.2775,
	24.2064 23.2903,
	24.2128 23.2967,
	24.2128 23.2985,
	24.2192 23.3059,
	24.2192 23.3077,
	24.2219 23.3113,
	24.2229 23.315,
	24.2292 23.3223,
	24.2339 23.3287,
	24.2375 23.3315,
	24.2457 23.3453,
	24.2558 23.3599,
	24.2558 23.3617,
	24.2576 23.3626,
	24.2576 23.3663,
	24.2604 23.3699,
	24.2604 23.3737,
	24.2686 23.3883,
	24.2751 23.4029,
	24.2778 23.4102,
	24.286 23.4249,
	24.2925 23.4395,
	24.3025 23.4542,
	24.3071 23.4615,
	24.3089 23.4634,
	24.3089 23.4652,
	24.3107 23.4661,
	24.3135 23.4735,
	24.3309 23.5028,
	24.341 23.5174,
	24.341 23.5192,
	24.3529 23.5339,
	24.363 23.5485,
	24.3657 23.5522,
	24.3666 23.5558,
	24.3721 23.5632,
	24.3758 23.5704,
	24.3858 23.5851,
	24.3905 23.5925,
	24.3932 23.5961,
	24.3932 23.5979,
	24.3977 23.6053,
	24.4033 23.6199,
	24.4051 23.6492,
	24.4042 23.6639,
	24.4005 23.6785,
	24.3986 23.6858,
	24.395 23.6932,
	24.3923 23.6968,
	24.3914 23.7006,
	24.3721 23.7299,
	24.3666 23.7371,
	24.363 23.7445,
	24.3602 23.7481,
	24.3592 23.7518,
	24.3337 23.7802,
	24.3199 23.793,
	24.3162 23.7939,
	24.3016 23.8058,
	24.2943 23.8113,
	24.2796 23.8187,
	24.2503 23.8278,
	24.243 23.8306,
	"/>
</Transform>

<Transform dim="0"
 xcoef=" 0 1 0 0 0 0"
 ycoef=" 0 0 1 0 0 0">
<Contour name="d56sp13" hidden="false" closed="true" simplified="true" border="1 0 0" fill="1 0 0" mode="11"
 points="22.9208 24.0632,
	22.9167 24.0622,
	22.9147 24.0612,
	22.9142 24.0602,
	22.9101 24.0597,
	22.909 24.0587,
	22.9009 24.0555,
	22.8927 24.054,
	22.8845 24.054,
	22.8682 24.052,
	22.8517 24.0464,
	22.8502 24.0454,
	22.8492 24.0454,
	22.8451 24.0418,
	22.8416 24.0392,
	22.8411 24.0381,
	22.84 24.0381,
	22.8364 24.0346,
	22.8354 24.0346,
	22.82 24.0248,
	22.819 24.0238,
	22.817 24.0233,
	22.8088 24.0177,
	22.8011 24.0132,
	22.8001 24.0132,
	22.7929 24.0075,
	22.7894 24.0034,
	22.7878 24.0014,
	22.7863 23.9932,
	22.7858 23.9891,
	22.7858 23.9886,
	22.7858 23.9881,
	22.7873 23.9839,
	22.7904 23.9676,
	22.7914 23.9594,
	22.7914 23.9574,
	22.7939 23.9492,
	22.7976 23.9409,
	22.8011 23.9374,
	22.8093 23.9343,
	22.8175 23.9338,
	22.8216 23.9333,
	22.8257 23.9318,
	22.8278 23.9308,
	22.8288 23.9298,
	22.8328 23.9283,
	22.8344 23.9266,
	22.8364 23.9261,
	22.8517 23.9175,
	22.8522 23.9165,
	22.8564 23.9149,
	22.86 23.9118,
	22.862 23.9113,
	22.8697 23.9067,
	22.8712 23.9052,
	22.8733 23.9047,
	22.8753 23.9027,
	22.8763 23.9027,
	22.8804 23.9001,
	22.882 23.898,
	22.884 23.8975,
	22.8876 23.8944,
	22.8947 23.8899,
	22.8983 23.8878,
	22.8989 23.8868,
	22.9009 23.8863,
	22.9049 23.8832,
	22.906 23.8832,
	22.907 23.8821,
	22.909 23.8816,
	22.9111 23.8801,
	22.9132 23.8796,
	22.9142 23.8796,
	22.9152 23.8786,
	22.9162 23.8786,
	22.9177 23.8771,
	22.9218 23.8761,
	22.926 23.874,
	22.927 23.874,
	22.9285 23.8725,
	22.9326 23.871,
	22.9346 23.8693,
	22.9428 23.8658,
	22.951 23.8643,
	22.9531 23.8643,
	22.9551 23.8653,
	22.9571 23.8653,
	22.9582 23.8663,
	22.9602 23.8668,
	22.9637 23.8693,
	22.9663 23.8735,
	22.9679 23.8776,
	22.9679 23.8796,
	22.9689 23.8806,
	22.9699 23.8888,
	22.9699 23.897,
	22.9674 23.9052,
	22.9668 23.9072,
	22.9602 23.9149,
	22.9582 23.917,
	22.9571 23.919,
	22.9494 23.9261,
	22.9469 23.9293,
	22.9433 23.9333,
	22.9418 23.9354,
	22.9408 23.9364,
	22.9408 23.9374,
	22.9382 23.9415,
	22.9366 23.9436,
	22.9366 23.9446,
	22.9351 23.9461,
	22.9336 23.9543,
	22.9366 23.9579,
	22.9449 23.9615,
	22.9489 23.9625,
	22.9531 23.965,
	22.9551 23.9665,
	22.9566 23.9707,
	22.9566 23.9748,
	22.9566 23.9768,
	22.9561 23.9778,
	22.9551 23.9778,
	22.9546 23.9798,
	22.9541 23.9809,
	22.9531 23.9809,
	22.9526 23.9829,
	22.9494 23.9865,
	22.9489 23.9886,
	22.9464 23.9926,
	22.9464 23.9967,
	22.9479 24.0049,
	22.9489 24.0059,
	22.9494 24.01,
	22.9531 24.0182,
	22.9551 24.0223,
	22.9561 24.0233,
	22.9577 24.0315,
	22.9577 24.0356,
	22.9577 24.0376,
	22.9566 24.0397,
	22.9561 24.0438,
	22.9546 24.0479,
	22.9546 24.0489,
	22.9536 24.0499,
	22.9531 24.054,
	22.9499 24.0582,
	22.9484 24.0597,
	22.9464 24.0602,
	22.9454 24.0612,
	22.9371 24.0627,
	"/>
</Transform>

<Transform dim="0"
 xcoef=" 0 1 0 0 0 0"
 ycoef=" 0 0 1 0 0 0">
<Contour name="d56sp13" hidden="false" closed="true" simplified="true" border="1 0 0" fill="1 0 0" mode="11"
 points="23.2562 23.7608,
	23.2541 23.7603,
	23.2531 23.7603,
	23.2521 23.7593,
	23.2478 23.7577,
	23.2458 23.7571,
	23.238 23.7519,
	23.2337 23.7493,
	23.2332 23.7483,
	23.2322 23.7483,
	23.2301 23.7462,
	23.2134 23.7373,
	23.2051 23.7347,
	23.2009 23.7337,
	23.1842 23.7327,
	23.18 23.7316,
	23.1779 23.7311,
	23.1764 23.7296,
	23.1753 23.7212,
	23.1753 23.7128,
	23.1753 23.7086,
	23.1753 23.7081,
	23.1779 23.6915,
	23.1779 23.6894,
	23.1806 23.681,
	23.1827 23.6769,
	23.1832 23.6748,
	23.1863 23.6711,
	23.1868 23.669,
	23.1899 23.6648,
	23.1905 23.6628,
	23.1925 23.6607,
	23.1925 23.6597,
	23.1941 23.6575,
	23.1941 23.6565,
	23.1973 23.6534,
	23.1983 23.6539,
	23.1999 23.6623,
	23.1999 23.6643,
	23.2014 23.6664,
	23.2014 23.6685,
	23.2025 23.6695,
	23.203 23.6738,
	23.2045 23.6774,
	23.2045 23.6794,
	23.2061 23.6836,
	23.2061 23.6857,
	23.2093 23.694,
	23.2103 23.6982,
	23.2129 23.7024,
	23.2166 23.7107,
	23.2191 23.715,
	23.2207 23.7165,
	23.2212 23.7186,
	23.2234 23.7207,
	23.2244 23.7217,
	23.2249 23.7238,
	23.2312 23.7306,
	23.2343 23.7337,
	23.2363 23.7358,
	23.2375 23.7368,
	23.2385 23.7368,
	23.2421 23.7394,
	23.2442 23.741,
	23.2463 23.7415,
	23.2473 23.7425,
	23.2494 23.7431,
	23.2516 23.7447,
	23.2536 23.7452,
	23.2547 23.7462,
	23.2567 23.7462,
	23.2609 23.7488,
	23.2775 23.7566,
	23.2854 23.7603,
	23.2687 23.7608,
	"/>
</Transform>

<Transform dim="0"
 xcoef=" 0 1 0 0 0 0"
 ycoef=" 0 0 1 0 0 0">
<Contour name="d63sp20" hidden="false" closed="true" simplified="true" border="1 0 0" fill="1 0 0" mode="11"
 points="20.0429 26.5466,
	20.0276 26.5452,
	20.0257 26.5452,
	20.0237 26.5442,
	20.0199 26.5442,
	20.018 26.5437,
	20.017 26.5427,
	20.0132 26.5422,
	20.0093 26.5408,
	20.0074 26.5408,
	19.9998 26.537,
	19.9921 26.5322,
	19.985 26.5289,
	19.9831 26.5274,
	19.9811 26.5269,
	19.9735 26.5226,
	19.9716 26.5212,
	19.9677 26.5207,
	19.9601 26.5184,
	19.9563 26.5174,
	19.9448 26.5174,
	19.9371 26.515,
	19.9333 26.5135,
	19.9262 26.5092,
	19.9223 26.5069,
	19.9204 26.505,
	19.9194 26.504,
	19.9185 26.504,
	19.9156 26.5007,
	19.9137 26.4992,
	19.9128 26.4977,
	19.9094 26.4939,
	19.9065 26.4916,
	19.9041 26.4878,
	19.9032 26.4868,
	19.9032 26.4858,
	19.9003 26.4824,
	19.896 26.4748,
	19.896 26.4739,
	19.8945 26.4725,
	19.8941 26.4705,
	19.8931 26.4695,
	19.8931 26.4676,
	19.8912 26.4638,
	19.8903 26.46,
	19.8903 26.4586,
	19.8903 26.4581,
	19.8922 26.4566,
	19.896 26.4552,
	19.8999 26.4528,
	19.9032 26.4495,
	19.9056 26.4457,
	19.9065 26.4438,
	19.9065 26.4418,
	19.9133 26.4265,
	19.9142 26.4246,
	19.9161 26.4227,
	19.9171 26.4212,
	19.9237 26.414,
	19.9257 26.4126,
	19.9267 26.4126,
	19.9305 26.4102,
	19.9458 26.4059,
	19.9534 26.4045,
	19.9606 26.4017,
	19.9625 26.4006,
	19.9634 26.4006,
	19.9644 26.3997,
	19.9797 26.3949,
	19.9874 26.3921,
	20.0027 26.3916,
	20.0065 26.3916,
	20.0142 26.393,
	20.0218 26.3959,
	20.0257 26.3968,
	20.0295 26.3992,
	20.0304 26.3992,
	20.0342 26.4026,
	20.0352 26.4026,
	20.0385 26.4059,
	20.0396 26.4059,
	20.0448 26.4135,
	20.0495 26.4203,
	20.0563 26.4274,
	20.0625 26.4327,
	20.0768 26.4427,
	20.0778 26.4427,
	20.0817 26.4457,
	20.0855 26.4476,
	20.0874 26.4485,
	20.0883 26.4495,
	20.0902 26.4499,
	20.0974 26.4547,
	20.1008 26.4566,
	20.1027 26.4586,
	20.1036 26.4595,
	20.1046 26.4595,
	20.1055 26.4614,
	20.1088 26.4638,
	20.1151 26.47,
	20.118 26.4729,
	20.1257 26.4796,
	20.1319 26.4853,
	20.1319 26.4863,
	20.1338 26.4878,
	20.1371 26.4954,
	20.1371 26.4992,
	20.1357 26.5031,
	20.1347 26.505,
	20.1347 26.5059,
	20.1285 26.5107,
	20.1262 26.514,
	20.1262 26.515,
	20.1252 26.5155,
	20.1223 26.5231,
	20.1208 26.5308,
	20.1204 26.5346,
	20.1189 26.5384,
	20.1185 26.5403,
	20.1147 26.5433,
	20.1128 26.5442,
	20.1088 26.5447,
	20.1079 26.5456,
	20.0926 26.5452,
	20.0888 26.5447,
	20.0735 26.5452,
	20.0582 26.5466,
	"/>
</Transform>

<Transform dim="0"
 xcoef=" 0 1 0 0 0 0"
 ycoef=" 0 0 1 0 0 0">
<Contour name="d28sp11" hidden="false" closed="true" simplified="true" border="1 0 0" fill="1 0 0" mode="11"
 points="7.11896 23.3976,
	7.10888 23.3951,
	7.10762 23.3951,
	7.1051 23.3932,
	7.09502 23.3907,
	7.0925 23.3895,
	7.09124 23.3882,
	7.07109 23.3844,
	7.05093 23.3844,
	7.03078 23.3831,
	7.0207 23.3812,
	7.01063 23.3781,
	7.00558 23.3769,
	7.00054 23.3769,
	6.99046 23.3737,
	6.98039 23.3686,
	6.97787 23.3667,
	6.97535 23.3661,
	6.96528 23.3591,
	6.96401 23.3591,
	6.95394 23.3523,
	6.95142 23.3504,
	6.95078 23.3491,
	6.94953 23.3491,
	6.90921 23.3208,
	6.90669 23.3189,
	6.90544 23.3189,
	6.9048 23.3177,
	6.89977 23.3157,
	6.89473 23.3126,
	6.89094 23.3076,
	6.88843 23.3051,
	6.87836 23.2987,
	6.87331 23.2943,
	6.87079 23.2924,
	6.86576 23.2906,
	6.86071 23.2873,
	6.85064 23.2836,
	6.83048 23.2805,
	6.82041 23.278,
	6.81536 23.2773,
	6.80528 23.2741,
	6.80025 23.2741,
	6.78009 23.2672,
	6.75993 23.2616,
	6.73978 23.2597,
	6.69947 23.259,
	6.61885 23.2559,
	6.59869 23.2559,
	6.59617 23.2565,
	6.59113 23.2546,
	6.51051 23.259,
	6.49036 23.2597,
	6.48027 23.2603,
	6.43996 23.2484,
	6.42989 23.2426,
	6.42484 23.2395,
	6.42422 23.237,
	6.4217 23.2364,
	6.40154 23.2376,
	6.39146 23.2383,
	6.38642 23.2408,
	6.38391 23.2426,
	6.37887 23.2445,
	6.37383 23.2484,
	6.37257 23.2496,
	6.37005 23.2502,
	6.36501 23.254,
	6.34485 23.261,
	6.3247 23.2666,
	6.31966 23.2685,
	6.2995 23.2704,
	6.29447 23.271,
	6.28942 23.2704,
	6.2869 23.2704,
	6.28187 23.2685,
	6.27683 23.2679,
	6.27179 23.2654,
	6.26675 23.2647,
	6.24659 23.2565,
	6.24155 23.2521,
	6.23904 23.2496,
	6.22896 23.2426,
	6.22392 23.2383,
	6.21889 23.2351,
	6.21636 23.2339,
	6.21447 23.2314,
	6.21322 23.2314,
	6.21006 23.2269,
	6.20503 23.2238,
	6.2025 23.2231,
	6.19998 23.2213,
	6.17983 23.2155,
	6.1748 23.2149,
	6.16975 23.213,
	6.1496 23.2124,
	6.12944 23.2093,
	6.08913 23.1998,
	6.06897 23.1936,
	6.0589 23.1904,
	6.05637 23.1898,
	6.05449 23.1878,
	6.04944 23.1872,
	6.04693 23.1866,
	6.04441 23.1847,
	6.03433 23.1816,
	6.02929 23.1809,
	6.02677 23.1797,
	6.02174 23.1791,
	6.01921 23.1772,
	6.00914 23.1747,
	6.00409 23.174,
	5.96379 23.1766,
	5.94363 23.1784,
	5.92348 23.1772,
	5.90332 23.1747,
	5.88316 23.1696,
	5.87308 23.1665,
	5.87056 23.1658,
	5.86553 23.1621,
	5.86048 23.1595,
	5.85797 23.1582,
	5.85671 23.157,
	5.85167 23.1551,
	5.84663 23.152,
	5.83656 23.1431,
	5.83151 23.1381,
	5.83089 23.1356,
	5.82837 23.1331,
	5.82585 23.128,
	5.8227 23.118,
	5.8208 23.1079,
	5.82018 23.0877,
	5.82018 23.0864,
	5.82018 23.0858,
	5.82773 23.0657,
	5.82899 23.0606,
	5.83089 23.0581,
	5.83089 23.0568,
	5.8334 23.055,
	5.83466 23.0537,
	5.8353 23.0512,
	5.83781 23.0487,
	5.83844 23.0461,
	5.85608 23.026,
	5.8586 23.0235,
	5.86364 23.021,
	5.87372 23.0134,
	5.87623 23.0115,
	5.87875 23.0109,
	5.88316 23.0078,
	5.88568 23.0071,
	5.88757 23.0046,
	5.89261 23.0026,
	5.91276 22.9894,
	5.91781 22.9863,
	5.91907 22.985,
	5.92158 22.9844,
	5.92284 22.9844,
	5.92789 22.9813,
	5.92915 22.9813,
	5.93418 22.9775,
	5.94426 22.9743,
	5.94678 22.9724,
	5.9493 22.9718,
	5.95938 22.9662,
	5.9619 22.9662,
	5.98205 22.9592,
	5.98709 22.9586,
	5.99717 22.9554,
	6.00473 22.9554,
	6.02488 22.9486,
	6.03496 22.9466,
	6.04 22.9447,
	6.06016 22.9435,
	6.08031 22.9435,
	6.10046 22.9466,
	6.11054 22.9479,
	6.12062 22.9511,
	6.13071 22.9554,
	6.13196 22.9554,
	6.14204 22.9649,
	6.14708 22.9687,
	6.1496 22.9712,
	6.15086 22.9724,
	6.15148 22.9749,
	6.15653 22.9775,
	6.1603 22.9819,
	6.16282 22.9838,
	6.16408 22.985,
	6.16534 22.985,
	6.17542 22.9933,
	6.18045 22.9976,
	6.18172 22.9989,
	6.18424 22.9995,
	6.18928 23.004,
	6.19936 23.0109,
	6.21951 23.0285,
	6.23967 23.0449,
	6.24471 23.0487,
	6.24848 23.0537,
	6.25352 23.0562,
	6.27368 23.0713,
	6.27809 23.0744,
	6.28061 23.0752,
	6.28249 23.077,
	6.28502 23.0777,
	6.2869 23.0796,
	6.28816 23.0796,
	6.29824 23.0864,
	6.30832 23.0922,
	6.3121 23.0922,
	6.31714 23.0959,
	6.32722 23.0997,
	6.33225 23.1015,
	6.33478 23.1022,
	6.33604 23.1022,
	6.34044 23.1054,
	6.35052 23.1085,
	6.35556 23.1104,
	6.36564 23.1123,
	6.3858 23.1186,
	6.40595 23.1218,
	6.41603 23.123,
	6.43618 23.1236,
	6.45634 23.1218,
	6.46642 23.1205,
	6.47145 23.1186,
	6.48153 23.1167,
	6.49161 23.1135,
	6.5017 23.1091,
	6.52185 23.094,
	6.53193 23.0864,
	6.54893 23.0663,
	6.55837 23.0562,
	6.56216 23.0512,
	6.57223 23.0411,
	6.57476 23.0392,
	6.57602 23.0367,
	6.57602 23.0355,
	6.58295 23.0254,
	6.58672 23.0153,
	6.58924 22.9951,
	6.58988 22.9749,
	6.58924 22.9548,
	6.58798 22.9498,
	6.58798 22.9473,
	6.58609 22.9422,
	6.58421 22.9321,
	6.58231 22.9271,
	6.58169 22.9246,
	6.57854 22.9196,
	6.57664 22.9095,
	6.57287 22.8994,
	6.5672 22.8893,
	6.56342 22.8793,
	6.56153 22.8768,
	6.56027 22.8717,
	6.55271 22.8617,
	6.54389 22.8515,
	6.53948 22.8471,
	6.53696 22.8452,
	6.5357 22.8439,
	6.53319 22.8433,
	6.53067 22.8414,
	6.52814 22.8408,
	6.52374 22.8371,
	6.51366 22.8352,
	6.51114 22.8339,
	6.50106 22.8332,
	6.48091 22.8263,
	6.47083 22.8238,
	6.46579 22.8219,
	6.46075 22.8213,
	6.45068 22.8175,
	6.44563 22.815,
	6.4406 22.8143,
	6.43556 22.8112,
	6.43303 22.8106,
	6.43177 22.8106,
	6.42989 22.8087,
	6.41981 22.8056,
	6.41729 22.8036,
	6.37698 22.7917,
	6.35683 22.7866,
	6.34674 22.7847,
	6.30643 22.7847,
	6.28628 22.7841,
	6.26612 22.7772,
	6.26108 22.7759,
	6.25919 22.7734,
	6.25667 22.7721,
	6.25164 22.7678,
	6.24848 22.7628,
	6.24659 22.7577,
	6.24597 22.7527,
	6.24659 22.7501,
	6.24786 22.7489,
	6.24912 22.7438,
	6.25856 22.7337,
	6.26108 22.7312,
	6.26298 22.7306,
	6.26486 22.7281,
	6.26738 22.7274,
	6.27242 22.7243,
	6.27494 22.7237,
	6.27935 22.7206,
	6.28942 22.7173,
	6.32974 22.7098,
	6.33982 22.7092,
	6.34233 22.7079,
	6.34485 22.7092,
	6.36501 22.7047,
	6.40532 22.6935,
	6.4154 22.6909,
	6.43556 22.6827,
	6.4406 22.6802,
	6.44311 22.679,
	6.44437 22.679,
	6.44689 22.6764,
	6.45697 22.6732,
	6.49728 22.672,
	6.50735 22.6701,
	6.50988 22.6701,
	6.51492 22.667,
	6.51995 22.6651,
	6.52247 22.6645,
	6.52374 22.6645,
	6.52878 22.66,
	6.53381 22.6569,
	6.53633 22.6556,
	6.53822 22.6531,
	6.54074 22.6525,
	6.54263 22.65,
	6.56279 22.6368,
	6.5653 22.6349,
	6.56783 22.6342,
	6.56909 22.6317,
	6.58924 22.6191,
	6.59176 22.6166,
	6.59428 22.6159,
	6.59932 22.6122,
	6.60184 22.6116,
	6.60247 22.6103,
	6.60688 22.6091,
	6.60939 22.6084,
	6.61192 22.6065,
	6.61696 22.6052,
	6.62704 22.6008,
	6.62955 22.5996,
	6.63459 22.5952,
	6.65034 22.575,
	6.65853 22.565,
	6.66861 22.5574,
	6.67554 22.5473,
	6.68561 22.5404,
	6.69569 22.5366,
	6.71584 22.5321,
	6.72592 22.5284,
	6.736 22.5234,
	6.73852 22.5215,
	6.74104 22.5209,
	6.74607 22.517,
	6.75049 22.5145,
	6.75993 22.5063,
	6.76246 22.5044,
	6.76372 22.5044,
	6.77317 22.4944,
	6.7782 22.4893,
	6.78072 22.4868,
	6.78324 22.4856,
	6.78513 22.4831,
	6.79017 22.4799,
	6.79269 22.4781,
	6.79521 22.4773,
	6.80025 22.4742,
	6.82041 22.4673,
	6.84056 22.4667,
	6.86071 22.4686,
	6.90102 22.4748,
	6.94134 22.4787,
	6.96149 22.4818,
	6.97157 22.4818,
	6.97661 22.4806,
	6.97912 22.4806,
	6.99865 22.4723,
	7.01881 22.4661,
	7.02133 22.4661,
	7.02637 22.4642,
	7.03141 22.4635,
	7.03393 22.4622,
	7.044 22.4629,
	7.04905 22.4642,
	7.05156 22.4642,
	7.07172 22.473,
	7.0818 22.4773,
	7.09188 22.4831,
	7.0944 22.4831,
	7.09943 22.4874,
	7.10951 22.4938,
	7.11896 22.5026,
	7.12904 22.5089,
	7.13156 22.5108,
	7.13659 22.512,
	7.13785 22.5133,
	7.15801 22.5215,
	7.16305 22.5246,
	7.16808 22.5265,
	7.17313 22.5296,
	7.17565 22.5303,
	7.17816 22.5321,
	7.17942 22.5321,
	7.18447 22.5373,
	7.18699 22.5423,
	7.18635 22.5524,
	7.18509 22.5549,
	7.18068 22.558,
	7.17942 22.558,
	7.17691 22.5599,
	7.17565 22.5599,
	7.17439 22.5611,
	7.17313 22.5611,
	7.16305 22.5706,
	7.16117 22.5731,
	7.15801 22.5832,
	7.1555 22.5882,
	7.15045 22.5927,
	7.14793 22.5952,
	7.1429 22.5977,
	7.14038 22.5996,
	7.1303 22.6021,
	7.12904 22.6021,
	7.12652 22.6039,
	7.11644 22.6065,
	7.11392 22.6072,
	7.1114 22.6091,
	7.10888 22.6097,
	7.10384 22.6128,
	7.10132 22.6147,
	7.09881 22.6153,
	7.08873 22.6223,
	7.08621 22.6242,
	7.08369 22.6248,
	7.07361 22.6317,
	7.06857 22.6355,
	7.05849 22.6411,
	7.05346 22.6449,
	7.05093 22.6455,
	7.04589 22.6494,
	7.04338 22.6513,
	7.04086 22.6519,
	7.03834 22.6538,
	7.03581 22.6538,
	7.02574 22.66,
	7.01566 22.6651,
	7.01063 22.667,
	7.0081 22.6689,
	7.00684 22.6689,
	7.0018 22.672,
	6.99677 22.6739,
	6.99172 22.6771,
	6.98669 22.6783,
	6.98417 22.6802,
	6.97912 22.6815,
	6.97409 22.6846,
	6.96401 22.6877,
	6.95897 22.6896,
	6.95771 22.6896,
	6.9552 22.6916,
	6.95015 22.6928,
	6.94889 22.6928,
	6.94637 22.6947,
	6.92622 22.6997,
	6.92118 22.701,
	6.91866 22.7028,
	6.91614 22.7035,
	6.91488 22.7035,
	6.91236 22.7061,
	6.90733 22.7086,
	6.90228 22.7098,
	6.89977 22.7104,
	6.89725 22.7123,
	6.87709 22.7167,
	6.85693 22.7167,
	6.83678 22.7186,
	6.8267 22.7199,
	6.82167 22.7218,
	6.81914 22.7218,
	6.8141 22.7249,
	6.81033 22.7249,
	6.80025 22.7324,
	6.79773 22.7331,
	6.79521 22.7357,
	6.79017 22.7369,
	6.77001 22.7508,
	6.76498 22.7545,
	6.7549 22.7646,
	6.75238 22.7671,
	6.75112 22.7696,
	6.74104 22.7791,
	6.73852 22.7816,
	6.73789 22.7841,
	6.736 22.7866,
	6.736 22.7879,
	6.73411 22.7904,
	6.73285 22.7955,
	6.73349 22.8056,
	6.73789 22.8257,
	6.74607 22.9064,
	6.75174 22.9265,
	6.75238 22.9315,
	6.75426 22.9366,
	6.75553 22.9391,
	6.75679 22.9492,
	6.76308 22.9693,
	6.76624 22.9794,
	6.76624 22.9819,
	6.76812 22.9869,
	6.76939 22.9875,
	6.77001 22.9926,
	6.77379 23.0026,
	6.77379 23.0052,
	6.7782 23.0153,
	6.78135 23.0254,
	6.78576 23.0355,
	6.79143 23.0455,
	6.79269 23.0481,
	6.79269 23.0493,
	6.79962 23.0593,
	6.80276 23.0644,
	6.81851 23.0846,
	6.82229 23.0897,
	6.82481 23.0909,
	6.82859 23.0953,
	6.83363 23.099,
	6.83615 23.1009,
	6.84118 23.1022,
	6.85126 23.1085,
	6.85378 23.1091,
	6.85568 23.111,
	6.85693 23.111,
	6.85883 23.1129,
	6.8689 23.116,
	6.87898 23.1205,
	6.8815 23.1211,
	6.88276 23.1211,
	6.88465 23.123,
	6.9048 23.1268,
	6.91488 23.1286,
	6.93503 23.1305,
	6.94008 23.1305,
	6.95015 23.1325,
	6.95268 23.1325,
	6.96275 23.1362,
	6.96464 23.1387,
	6.97472 23.1431,
	6.97976 23.1463,
	6.98228 23.1482,
	6.98732 23.1501,
	6.98984 23.1526,
	6.99929 23.1595,
	7.00432 23.1621,
	7.0144 23.1702,
	7.01881 23.1747,
	7.02448 23.1847,
	7.02637 23.1872,
	7.03014 23.1973,
	7.03393 23.2023,
	7.04338 23.2093,
	7.04841 23.2124,
	7.05093 23.213,
	7.05346 23.2149,
	7.05597 23.2155,
	7.0755 23.2288,
	7.08557 23.2358,
	7.08683 23.2358,
	7.09188 23.2389,
	7.0944 23.2408,
	7.09565 23.2408,
	7.10574 23.2465,
	7.11077 23.249,
	7.11203 23.249,
	7.11455 23.2509,
	7.11706 23.2509,
	7.11833 23.2521,
	7.1284 23.2565,
	7.13092 23.2577,
	7.13219 23.2577,
	7.13345 23.259,
	7.13849 23.261,
	7.14857 23.2666,
	7.1536 23.2691,
	7.16368 23.2767,
	7.17061 23.2867,
	7.17439 23.2918,
	7.1788 23.3018,
	7.18447 23.3119,
	7.18887 23.322,
	7.19013 23.327,
	7.19202 23.3289,
	7.19328 23.334,
	7.19454 23.3365,
	7.19454 23.339,
	7.19706 23.344,
	7.19895 23.3541,
	7.19833 23.3642,
	7.19769 23.3692,
	7.19706 23.3718,
	7.19076 23.3819,
	7.18068 23.3888,
	7.17816 23.3901,
	7.17691 23.3901,
	7.17439 23.392,
	7.15424 23.397,
	7.13407 23.3976,
	"/>
</Transform>

<Transform dim="0"
 xcoef=" 0 1 0 0 0 0"
 ycoef=" 0 0 1 0 0 0">
<Contour name="d63sp18" hidden="false" closed="true" simplified="true" border="1 0 0" fill="1 0 0" mode="11"
 points="19.412 27.5623,
	19.4002 27.5593,
	19.3942 27.5571,
	19.389 27.5534,
	19.3883 27.5504,
	19.3845 27.5445,
	19.383 27.5386,
	19.3816 27.5355,
	19.3801 27.5341,
	19.3779 27.5222,
	19.3764 27.5163,
	19.3772 27.4925,
	19.3794 27.4688,
	19.3801 27.445,
	19.3794 27.4212,
	19.3779 27.4183,
	19.3772 27.4124,
	19.3727 27.4005,
	19.3667 27.3886,
	19.363 27.3767,
	19.3623 27.3708,
	19.3608 27.3678,
	19.3586 27.356,
	19.3572 27.35,
	19.3572 27.347,
	19.3556 27.3441,
	19.3548 27.3381,
	19.3526 27.3322,
	19.3519 27.3203,
	19.3519 27.3144,
	19.3519 27.3114,
	19.3519 27.3107,
	19.3541 27.2988,
	19.3579 27.2869,
	19.3645 27.275,
	19.3675 27.2735,
	19.3689 27.2706,
	19.3742 27.2653,
	19.3854 27.258,
	19.3972 27.2557,
	19.4031 27.255,
	19.409 27.2557,
	19.415 27.258,
	19.4261 27.2675,
	19.4314 27.2728,
	19.4336 27.2735,
	19.4447 27.2802,
	19.4499 27.284,
	19.4528 27.2847,
	19.4588 27.2884,
	19.4647 27.2899,
	19.4707 27.2928,
	19.4722 27.2928,
	19.4737 27.2943,
	19.5211 27.3017,
	19.527 27.3032,
	19.5301 27.3047,
	19.533 27.3047,
	19.5449 27.3107,
	19.5568 27.3195,
	19.5598 27.3203,
	19.5627 27.3232,
	19.5746 27.33,
	19.5776 27.3307,
	19.5798 27.3329,
	19.5812 27.3329,
	19.5827 27.3344,
	19.5858 27.3344,
	19.5887 27.3359,
	19.5917 27.3359,
	19.5946 27.3381,
	19.6006 27.3396,
	19.6021 27.3411,
	19.608 27.3419,
	19.6199 27.347,
	19.6258 27.3492,
	19.6288 27.3514,
	19.6318 27.3514,
	19.634 27.3545,
	19.6355 27.3545,
	19.6466 27.3626,
	19.6518 27.367,
	19.66 27.3782,
	19.66 27.3811,
	19.6644 27.3856,
	19.6659 27.3915,
	19.6688 27.3975,
	19.6704 27.4005,
	19.6704 27.4034,
	19.6726 27.4093,
	19.6726 27.4124,
	19.6741 27.4153,
	19.6748 27.4272,
	19.6748 27.4302,
	19.6719 27.4361,
	19.6666 27.4413,
	19.6651 27.4413,
	19.6651 27.4428,
	19.66 27.4487,
	19.6525 27.4598,
	19.6503 27.4628,
	19.6496 27.4657,
	19.6444 27.4717,
	19.6437 27.4747,
	19.6422 27.4754,
	19.6422 27.4769,
	19.6406 27.4776,
	19.6406 27.4791,
	19.6391 27.4806,
	19.6391 27.4822,
	19.6347 27.4881,
	19.6332 27.4903,
	19.6273 27.4947,
	19.6155 27.4999,
	19.6036 27.5066,
	19.5984 27.5096,
	19.5865 27.5185,
	19.5835 27.5199,
	19.5805 27.5229,
	19.5746 27.5259,
	19.5717 27.5267,
	19.5686 27.5289,
	19.5627 27.5304,
	19.5612 27.5304,
	19.5605 27.5318,
	19.5486 27.5348,
	19.5367 27.5355,
	19.5248 27.5386,
	19.5189 27.54,
	19.516 27.5415,
	19.5145 27.5415,
	19.5129 27.543,
	19.5011 27.5467,
	19.4951 27.5489,
	19.4715 27.5542,
	19.4477 27.5578,
	19.4358 27.5608,
	"/>
</Transform>

<Transform dim="0"
 xcoef=" 0 1 0 0 0 0"
 ycoef=" 0 0 1 0 0 0">
<Contour name="d28c11" hidden="false" closed="true" simplified="true" border="0 0 1" fill="0 0 1" mode="11"
 points="6.48786 23.1823,
	6.46342 23.1815,
	6.43898 23.1785,
	6.41454 23.177,
	6.3901 23.1693,
	6.37788 23.1647,
	6.37635 23.1647,
	6.37483 23.1632,
	6.36872 23.1625,
	6.36795 23.1609,
	6.36185 23.1601,
	6.36032 23.1586,
	6.35421 23.157,
	6.35116 23.1563,
	6.3481 23.154,
	6.34199 23.1517,
	6.33894 23.1502,
	6.33817 23.1487,
	6.33664 23.1487,
	6.32595 23.1403,
	6.32443 23.1387,
	6.32213 23.1327,
	6.32137 23.1204,
	6.32137 23.1189,
	6.32137 23.1182,
	6.32443 23.112,
	6.32824 23.0998,
	6.32901 23.0967,
	6.3313 23.0937,
	6.3313 23.0907,
	6.33436 23.0845,
	6.33436 23.083,
	6.34428 23.0715,
	6.34962 23.067,
	6.35574 23.0639,
	6.38018 23.0632,
	6.3924 23.0639,
	6.41684 23.0617,
	6.42294 23.0609,
	6.426 23.0593,
	6.45043 23.0555,
	6.4512 23.054,
	6.45731 23.0525,
	6.46036 23.0525,
	6.48481 23.044,
	6.48633 23.044,
	6.48786 23.0425,
	6.5123 23.0349,
	6.52452 23.0342,
	6.53063 23.0342,
	6.53673 23.0364,
	6.53979 23.0387,
	6.54284 23.0395,
	6.54896 23.0433,
	6.55124 23.0448,
	6.55201 23.0463,
	6.55506 23.0471,
	6.55583 23.0487,
	6.55736 23.0487,
	6.5627 23.0532,
	6.56576 23.0593,
	6.56805 23.0617,
	6.56881 23.0647,
	6.5711 23.0677,
	6.57339 23.08,
	6.57263 23.1044,
	6.56805 23.1166,
	6.56729 23.1197,
	6.56499 23.1227,
	6.55964 23.135,
	6.55201 23.1456,
	6.54208 23.1563,
	6.53063 23.1662,
	6.52452 23.17,
	6.52146 23.1708,
	6.5184 23.1731,
	6.5123 23.1754,
	6.50924 23.177,
	6.50619 23.177,
	6.50007 23.18,
	"/>
</Transform>

<Transform dim="0"
 xcoef=" 0 1 0 0 0 0"
 ycoef=" 0 0 1 0 0 0">
<Contour name="d28c11" hidden="false" closed="true" simplified="true" border="0 0 1" fill="0 0 1" mode="11"
 points="6.85978 23.177,
	6.85367 23.1738,
	6.84146 23.17,
	6.82006 23.1533,
	6.81473 23.1495,
	6.80938 23.1441,
	6.80632 23.1418,
	6.80556 23.1403,
	6.80403 23.1403,
	6.79487 23.1311,
	6.79029 23.125,
	6.78189 23.115,
	6.77807 23.1097,
	6.77577 23.1067,
	6.77501 23.1036,
	6.77196 23.1013,
	6.76814 23.096,
	6.76203 23.0907,
	6.75286 23.08,
	6.74523 23.0685,
	6.74293 23.0654,
	6.74293 23.0639,
	6.74141 23.0632,
	6.74141 23.06,
	6.73606 23.0487,
	6.733 23.0364,
	6.73148 23.0334,
	6.73072 23.0272,
	6.73072 23.0242,
	6.72919 23.0227,
	6.72537 22.9982,
	6.72308 22.986,
	6.72155 22.9829,
	6.72155 22.9769,
	6.71544 22.9524,
	6.70934 22.9409,
	6.70169 22.9302,
	6.69941 22.9279,
	6.69864 22.9249,
	6.68718 22.915,
	6.6765 22.9081,
	6.66656 22.8989,
	6.66122 22.8936,
	6.65893 22.8913,
	6.65893 22.8897,
	6.6551 22.8837,
	6.65282 22.8806,
	6.65052 22.8745,
	6.65052 22.8729,
	6.649 22.8714,
	6.64824 22.8654,
	6.64671 22.8638,
	6.64442 22.8516,
	6.64365 22.8394,
	6.64365 22.8332,
	6.64365 22.8325,
	6.64365 22.8317,
	6.64442 22.8256,
	6.64594 22.8226,
	6.64594 22.8196,
	6.64594 22.8179,
	6.64747 22.8164,
	6.649 22.8104,
	6.64977 22.8073,
	6.64977 22.8058,
	6.65129 22.8042,
	6.65205 22.7981,
	6.65435 22.7921,
	6.65587 22.7913,
	6.65664 22.7851,
	6.65893 22.7791,
	6.66733 22.7676,
	6.67115 22.7623,
	6.68184 22.7531,
	6.6826 22.7516,
	6.68566 22.7508,
	6.69101 22.7469,
	6.71467 22.7386,
	6.72079 22.7355,
	6.72384 22.7348,
	6.72537 22.7348,
	6.72842 22.7324,
	6.74065 22.7286,
	6.7437 22.7279,
	6.74828 22.7241,
	6.75133 22.7218,
	6.75286 22.7203,
	6.75439 22.7203,
	6.76279 22.7118,
	6.76508 22.7111,
	6.76966 22.7073,
	6.78189 22.6988,
	6.7941 22.692,
	6.79715 22.6913,
	6.79868 22.6896,
	6.8109 22.6851,
	6.81243 22.6836,
	6.82465 22.6798,
	6.83687 22.679,
	6.84298 22.6775,
	6.86742 22.6783,
	6.87047 22.679,
	6.88193 22.6881,
	6.88346 22.6904,
	6.88346 22.692,
	6.88498 22.6935,
	6.8888 22.7179,
	6.8888 22.7301,
	6.8888 22.7332,
	6.88575 22.7393,
	6.88422 22.7424,
	6.88193 22.7439,
	6.88193 22.7454,
	6.87658 22.7501,
	6.87353 22.7531,
	6.872 22.7531,
	6.87047 22.7546,
	6.86437 22.7569,
	6.86284 22.7569,
	6.86131 22.7584,
	6.84909 22.7623,
	6.84298 22.7638,
	6.83076 22.7699,
	6.82465 22.7721,
	6.81396 22.7806,
	6.81015 22.7859,
	6.80785 22.7889,
	6.80632 22.7904,
	6.80556 22.7936,
	6.79868 22.8058,
	6.79487 22.8179,
	6.79257 22.8302,
	6.79257 22.8791,
	6.79257 22.9035,
	6.79792 22.9279,
	6.80556 22.9524,
	6.80708 22.9585,
	6.80708 22.96,
	6.80861 22.9616,
	6.80938 22.9646,
	6.80938 22.9662,
	6.8109 22.9677,
	6.81931 22.9921,
	6.8216 22.9959,
	6.82389 23.002,
	6.82618 23.0051,
	6.82694 23.0082,
	6.82923 23.0104,
	6.83153 23.0158,
	6.83306 23.0189,
	6.83611 23.0219,
	6.83687 23.025,
	6.85214 23.0494,
	6.85597 23.0532,
	6.85597 23.0547,
	6.85902 23.057,
	6.86284 23.0624,
	6.87277 23.0723,
	6.87811 23.0762,
	6.88116 23.0777,
	6.8827 23.0792,
	6.88422 23.0792,
	6.89033 23.0837,
	6.89644 23.0868,
	6.89949 23.0892,
	6.90102 23.0892,
	6.90713 23.0945,
	6.91095 23.0998,
	6.91248 23.1052,
	6.91477 23.109,
	6.91782 23.1212,
	6.91782 23.1273,
	6.91554 23.1334,
	6.91477 23.1365,
	6.91171 23.1387,
	6.91171 23.1403,
	6.90789 23.1456,
	6.90561 23.1479,
	6.90561 23.1495,
	6.90179 23.154,
	6.89721 23.1601,
	6.88651 23.1685,
	6.88116 23.1731,
	6.87811 23.1738,
	6.87505 23.1762,
	6.86284 23.177,
	"/>
</Transform>

<Transform dim="0"
 xcoef=" 0 1 0 0 0 0"
 ycoef=" 0 0 1 0 0 0">
<Contour name="d39sp16" hidden="false" closed="true" simplified="true" border="1 0 0" fill="1 0 0" mode="11"
 points="10.2922 28.8629,
	10.2534 28.8623,
	10.2146 28.8599,
	10.2049 28.8592,
	10.1854 28.8549,
	10.1806 28.8531,
	10.1782 28.8525,
	10.177 28.8513,
	10.1757 28.8513,
	10.1733 28.8495,
	10.1709 28.8489,
	10.1697 28.8489,
	10.1685 28.8477,
	10.1636 28.8459,
	10.1612 28.8452,
	10.1594 28.8434,
	10.1581 28.8434,
	10.1533 28.8404,
	10.1497 28.8374,
	10.1478 28.8356,
	10.1454 28.835,
	10.143 28.8332,
	10.1405 28.8326,
	10.1399 28.8314,
	10.1375 28.8307,
	10.1296 28.8228,
	10.123 28.8143,
	10.1199 28.8095,
	10.1187 28.8083,
	10.1181 28.8059,
	10.1145 28.8009,
	10.1126 28.7961,
	10.1114 28.7949,
	10.1084 28.7852,
	10.1084 28.7658,
	10.1084 28.7646,
	10.1084 28.764,
	10.1096 28.7628,
	10.1096 28.7616,
	10.1108 28.7604,
	10.1108 28.7591,
	10.112 28.7579,
	10.1126 28.7555,
	10.1163 28.7506,
	10.1175 28.7488,
	10.1199 28.7464,
	10.126 28.7385,
	10.1321 28.7294,
	10.1363 28.7197,
	10.1393 28.7002,
	10.1405 28.6906,
	10.1442 28.6809,
	10.1448 28.6785,
	10.1478 28.6754,
	10.1484 28.6729,
	10.1515 28.6687,
	10.1533 28.6645,
	10.1545 28.6639,
	10.1545 28.6627,
	10.1557 28.6615,
	10.1575 28.6566,
	10.1581 28.6517,
	10.16 28.6475,
	10.1606 28.6426,
	10.1624 28.6378,
	10.1636 28.6354,
	10.1636 28.633,
	10.166 28.6281,
	10.1703 28.6232,
	10.1721 28.6214,
	10.1733 28.6214,
	10.1757 28.6196,
	10.1854 28.6184,
	10.2243 28.622,
	10.2437 28.6226,
	10.2534 28.6226,
	10.2728 28.6256,
	10.2922 28.6275,
	10.2971 28.6281,
	10.2995 28.6281,
	10.3019 28.6293,
	10.3056 28.6293,
	10.3068 28.6305,
	10.3165 28.633,
	10.3189 28.633,
	10.3201 28.6342,
	10.325 28.6348,
	10.3347 28.6384,
	10.3371 28.639,
	10.3383 28.639,
	10.3395 28.6402,
	10.342 28.6402,
	10.3468 28.6426,
	10.3565 28.6456,
	10.3614 28.6469,
	10.3638 28.6481,
	10.3662 28.6481,
	10.4044 28.6609,
	10.4093 28.6627,
	10.4099 28.6639,
	10.4111 28.6639,
	10.4208 28.6699,
	10.4251 28.6735,
	10.4275 28.6778,
	10.4293 28.6797,
	10.4299 28.6821,
	10.433 28.6851,
	10.4336 28.6875,
	10.4348 28.6887,
	10.4366 28.6984,
	10.4378 28.7008,
	10.4372 28.7397,
	10.4378 28.7421,
	10.4378 28.7433,
	10.439 28.7445,
	10.4402 28.7494,
	10.4408 28.7518,
	10.4408 28.753,
	10.4421 28.7543,
	10.4433 28.7591,
	10.4433 28.7604,
	10.4445 28.7616,
	10.4463 28.7712,
	10.4469 28.781,
	10.4469 28.7834,
	10.4457 28.7858,
	10.4451 28.7907,
	10.4433 28.7931,
	10.439 28.8027,
	10.4324 28.8113,
	10.4299 28.8125,
	10.4287 28.8143,
	10.4239 28.818,
	10.4214 28.8198,
	10.4202 28.8198,
	10.4117 28.8276,
	10.4093 28.8294,
	10.4081 28.8307,
	10.4069 28.8307,
	10.3972 28.8368,
	10.3947 28.8386,
	10.3935 28.8386,
	10.3929 28.8398,
	10.3881 28.841,
	10.3875 28.8422,
	10.3862 28.8422,
	10.385 28.8434,
	10.3802 28.8452,
	10.379 28.8465,
	10.3602 28.8543,
	10.3577 28.8549,
	10.3553 28.8568,
	10.3505 28.8574,
	10.3407 28.8605,
	10.331 28.8623,
	"/>
</Transform>

<Transform dim="0"
 xcoef=" 0 1 0 0 0 0"
 ycoef=" 0 0 1 0 0 0">
<Contour name="d38sp08" hidden="false" closed="true" simplified="true" border="1 0 0" fill="1 0 0" mode="11"
 points="22.1578 22.8733,
	22.1571 22.8702,
	22.1578 22.8451,
	22.1571 22.82,
	22.1546 22.8075,
	22.1507 22.7957,
	22.15 22.7894,
	22.1461 22.7831,
	22.1445 22.78,
	22.1445 22.7785,
	22.139 22.7729,
	22.1358 22.7675,
	22.1264 22.7565,
	22.1233 22.7541,
	22.1217 22.751,
	22.1186 22.7487,
	22.117 22.747,
	22.117 22.7455,
	22.106 22.7353,
	22.1006 22.7306,
	22.0982 22.7282,
	22.095 22.7274,
	22.0919 22.7243,
	22.0888 22.7228,
	22.0873 22.7228,
	22.0809 22.718,
	22.0778 22.7164,
	22.0763 22.7164,
	22.0731 22.7133,
	22.0606 22.7055,
	22.0504 22.6953,
	22.0401 22.6835,
	22.0362 22.6781,
	22.0347 22.6764,
	22.0347 22.6749,
	22.0237 22.664,
	22.019 22.66,
	22.0167 22.6569,
	22.0151 22.6569,
	22.0096 22.6514,
	21.9993 22.6427,
	21.9939 22.6381,
	21.9908 22.6357,
	21.9884 22.6349,
	21.9837 22.6294,
	21.9805 22.6286,
	21.9751 22.6239,
	21.9728 22.6224,
	21.9664 22.6168,
	21.9618 22.6122,
	21.9586 22.6098,
	21.9579 22.6083,
	21.9546 22.6075,
	21.9492 22.6019,
	21.9476 22.6019,
	21.9374 22.5909,
	21.9359 22.5902,
	21.9351 22.587,
	21.9304 22.5816,
	21.9304 22.58,
	21.928 22.5785,
	21.9264 22.5753,
	21.9249 22.5737,
	21.9241 22.5706,
	21.9202 22.5651,
	21.9186 22.5588,
	21.9171 22.5572,
	21.9163 22.5541,
	21.9163 22.5526,
	21.9146 22.551,
	21.9138 22.5447,
	21.91 22.5321,
	21.9084 22.529,
	21.9084 22.5259,
	21.9061 22.5196,
	21.9045 22.5165,
	21.9022 22.4913,
	21.9014 22.4859,
	21.9014 22.4851,
	21.9029 22.482,
	21.9029 22.4804,
	21.9076 22.4741,
	21.9084 22.471,
	21.9138 22.4663,
	21.9138 22.4648,
	21.9194 22.4608,
	21.9304 22.4499,
	21.9304 22.4482,
	21.9359 22.4428,
	21.9445 22.4325,
	21.9492 22.4279,
	21.9523 22.4263,
	21.9531 22.4247,
	21.9594 22.4232,
	21.9719 22.4232,
	21.9844 22.4247,
	21.997 22.4247,
	22.0033 22.424,
	22.0159 22.42,
	22.0409 22.4192,
	22.0472 22.4216,
	22.0527 22.4255,
	22.0652 22.4357,
	22.0715 22.4381,
	22.0747 22.4389,
	22.0755 22.4404,
	22.0817 22.4412,
	22.0848 22.4428,
	22.0873 22.4459,
	22.0997 22.4538,
	22.1029 22.4561,
	22.1045 22.4561,
	22.1076 22.4584,
	22.1202 22.4623,
	22.1233 22.4631,
	22.1358 22.4718,
	22.1413 22.4757,
	22.1468 22.4812,
	22.15 22.4835,
	22.1515 22.4851,
	22.1531 22.4851,
	22.1578 22.489,
	22.1594 22.4906,
	22.161 22.4906,
	22.1672 22.4945,
	22.1687 22.4961,
	22.172 22.4969,
	22.1774 22.5016,
	22.1836 22.5047,
	22.1869 22.5071,
	22.1884 22.5071,
	22.1915 22.5094,
	22.1931 22.511,
	22.1946 22.511,
	22.1962 22.5126,
	22.2018 22.5149,
	22.2049 22.5165,
	22.2064 22.518,
	22.2095 22.5188,
	22.2143 22.5228,
	22.2174 22.5251,
	22.2229 22.5377,
	22.2229 22.5408,
	22.2276 22.5534,
	22.2284 22.5596,
	22.2315 22.5659,
	22.2378 22.5909,
	22.2393 22.5973,
	22.2409 22.6224,
	22.2409 22.6474,
	22.2441 22.66,
	22.2449 22.6663,
	22.248 22.6725,
	22.248 22.6741,
	22.2496 22.6756,
	22.2511 22.682,
	22.2567 22.6945,
	22.2574 22.6976,
	22.2598 22.7015,
	22.2621 22.7071,
	22.2629 22.7102,
	22.2668 22.7141,
	22.2668 22.7157,
	22.2755 22.7274,
	22.2778 22.7306,
	22.2778 22.7321,
	22.2888 22.7431,
	22.2919 22.7447,
	22.2966 22.7502,
	22.2998 22.7526,
	22.3006 22.7541,
	22.3037 22.7549,
	22.3068 22.758,
	22.3084 22.7596,
	22.3099 22.7596,
	22.3209 22.7698,
	22.3264 22.7752,
	22.3304 22.78,
	22.335 22.7862,
	22.3382 22.7886,
	22.3389 22.7918,
	22.3405 22.7934,
	22.3405 22.7949,
	22.3453 22.8004,
	22.3468 22.8035,
	22.3476 22.8051,
	22.3468 22.8059,
	22.2966 22.8043,
	22.2904 22.8051,
	22.266 22.816,
	22.2645 22.8176,
	22.2629 22.8176,
	22.2574 22.8216,
	22.2449 22.827,
	22.2401 22.827,
	22.237 22.8294,
	22.2244 22.8334,
	22.2229 22.8334,
	22.2221 22.8349,
	22.219 22.8349,
	22.2127 22.838,
	22.2095 22.838,
	22.2033 22.8404,
	22.2002 22.8427,
	22.197 22.8435,
	22.1954 22.8435,
	22.1939 22.8451,
	22.1923 22.8451,
	22.1672 22.8655,
	22.161 22.871,
	"/>
</Transform>

<Transform dim="0"
 xcoef=" 0 1 0 0 0 0"
 ycoef=" 0 0 1 0 0 0">
<Contour name="d39c16" hidden="false" closed="true" simplified="true" border="0 0 1" fill="0 0 1" mode="11"
 points="10.3365 28.7082,
	10.3171 28.7064,
	10.3074 28.7046,
	10.305 28.7046,
	10.2855 28.699,
	10.2807 28.6978,
	10.2783 28.6966,
	10.2588 28.6942,
	10.2491 28.6936,
	10.2443 28.693,
	10.2394 28.6912,
	10.2358 28.6912,
	10.2346 28.69,
	10.2334 28.69,
	10.2322 28.6887,
	10.2273 28.6881,
	10.2176 28.6845,
	10.2152 28.6845,
	10.214 28.6833,
	10.2091 28.6827,
	10.2079 28.6815,
	10.2055 28.6809,
	10.2042 28.6809,
	10.203 28.6797,
	10.2006 28.6791,
	10.2 28.6778,
	10.1976 28.6778,
	10.197 28.6766,
	10.1958 28.6766,
	10.1952 28.6754,
	10.1939 28.6754,
	10.1921 28.6729,
	10.1909 28.6729,
	10.183 28.6651,
	10.1763 28.656,
	10.1739 28.6462,
	10.1727 28.6414,
	10.1727 28.6226,
	10.1727 28.622,
	10.1763 28.6026,
	10.1842 28.5832,
	10.1848 28.5808,
	10.1891 28.5759,
	10.1903 28.5734,
	10.1945 28.5698,
	10.197 28.5692,
	10.2018 28.5662,
	10.2212 28.5644,
	10.2407 28.565,
	10.2601 28.5668,
	10.2698 28.5674,
	10.2746 28.5674,
	10.294 28.5716,
	10.2965 28.5716,
	10.2989 28.5728,
	10.3001 28.5728,
	10.3013 28.574,
	10.3062 28.5746,
	10.3086 28.5752,
	10.3098 28.5766,
	10.3147 28.5772,
	10.3335 28.5838,
	10.3359 28.585,
	10.3383 28.585,
	10.3407 28.5862,
	10.342 28.5862,
	10.3432 28.5874,
	10.348 28.588,
	10.3492 28.5892,
	10.3541 28.5905,
	10.3589 28.5929,
	10.3614 28.5929,
	10.3662 28.5947,
	10.3687 28.5953,
	10.3699 28.5965,
	10.3747 28.5977,
	10.3796 28.6001,
	10.3887 28.6032,
	10.3935 28.6057,
	10.396 28.6063,
	10.3966 28.6075,
	10.4014 28.6093,
	10.4063 28.6129,
	10.4142 28.6196,
	10.4172 28.6244,
	10.4196 28.6268,
	10.4196 28.6293,
	10.4214 28.6342,
	10.4232 28.6438,
	10.4239 28.6633,
	10.422 28.6729,
	10.4214 28.6778,
	10.4172 28.6875,
	10.4142 28.6918,
	10.4044 28.6984,
	10.402 28.699,
	10.4008 28.7002,
	10.396 28.7014,
	10.3947 28.7026,
	10.3753 28.707,
	10.3559 28.7082,
	"/>
</Transform>

<Transform dim="0"
 xcoef=" 0 1 0 0 0 0"
 ycoef=" 0 0 1 0 0 0">
<Contour name="d38p08" hidden="false" closed="true" simplified="true" border="1 0 0" fill="1 0 0" mode="11"
 points="22.279 22.9439,
	22.2642 22.9168,
	22.2938 22.9168,
	"/>
</Transform>

<Transform dim="0"
 xcoef=" 0 1 0 0 0 0"
 ycoef=" 0 0 1 0 0 0">
<Contour name="d63c18" hidden="false" closed="true" simplified="true" border="0 0 1" fill="0 0 1" mode="11"
 points="19.3795 27.5066,
	19.364 27.5038,
	19.3562 27.5018,
	19.3408 27.4994,
	19.3331 27.4975,
	19.3293 27.497,
	19.3272 27.497,
	19.3196 27.4945,
	19.3118 27.4931,
	19.3079 27.4921,
	19.306 27.4921,
	19.3022 27.4907,
	19.2982 27.4902,
	19.2963 27.4893,
	19.2954 27.4893,
	19.2944 27.4883,
	19.2906 27.4873,
	19.2886 27.4869,
	19.2877 27.4859,
	19.2858 27.4859,
	19.2818 27.484,
	19.2741 27.4816,
	19.2707 27.4805,
	19.263 27.4772,
	19.262 27.4772,
	19.2582 27.4748,
	19.2562 27.4738,
	19.2543 27.4738,
	19.2533 27.4728,
	19.2456 27.47,
	19.2378 27.466,
	19.234 27.4636,
	19.2321 27.4631,
	19.2286 27.4603,
	19.2277 27.4603,
	19.2224 27.4535,
	19.2181 27.4458,
	19.2166 27.4419,
	19.2147 27.4265,
	19.2147 27.4187,
	19.2152 27.4148,
	19.2166 27.4115,
	19.2171 27.4075,
	19.219 27.4037,
	19.22 27.396,
	19.2195 27.3805,
	19.2181 27.3728,
	19.2166 27.3689,
	19.2166 27.3669,
	19.2152 27.365,
	19.2136 27.3612,
	19.2132 27.3573,
	19.2122 27.3564,
	19.2093 27.3486,
	19.2074 27.3447,
	19.2064 27.3438,
	19.2064 27.3419,
	19.2031 27.3341,
	19.2031 27.3264,
	19.2031 27.3255,
	19.2031 27.325,
	19.2064 27.3172,
	19.2079 27.3134,
	19.2084 27.3114,
	19.2098 27.3094,
	19.2103 27.3075,
	19.2122 27.3056,
	19.2171 27.2979,
	19.22 27.2944,
	19.2209 27.293,
	19.2281 27.2853,
	19.2302 27.2834,
	19.2316 27.2824,
	19.2321 27.2814,
	19.2345 27.2799,
	19.2359 27.2795,
	19.2398 27.2771,
	19.2437 27.2756,
	19.2442 27.2747,
	19.248 27.2732,
	19.2499 27.2732,
	19.2538 27.2718,
	19.2547 27.2708,
	19.2587 27.2703,
	19.2664 27.2669,
	19.2818 27.2621,
	19.2828 27.2621,
	19.2837 27.2611,
	19.2915 27.2592,
	19.2954 27.2582,
	19.2968 27.2573,
	19.2978 27.2573,
	19.2987 27.2563,
	19.3017 27.2563,
	19.3027 27.2554,
	19.3046 27.2554,
	19.32 27.2495,
	19.321 27.2495,
	19.3248 27.2466,
	19.3268 27.2461,
	19.3277 27.2461,
	19.3297 27.2447,
	19.3317 27.2442,
	19.3336 27.2428,
	19.3355 27.2428,
	19.3365 27.2418,
	19.3442 27.2388,
	19.3462 27.2379,
	19.3471 27.2369,
	19.3481 27.2369,
	19.349 27.236,
	19.351 27.236,
	19.3529 27.235,
	19.3538 27.234,
	19.3558 27.2336,
	19.3568 27.2326,
	19.3607 27.2312,
	19.3626 27.2297,
	19.3645 27.2292,
	19.3655 27.2292,
	19.3693 27.2268,
	19.3713 27.2259,
	19.3723 27.2259,
	19.3761 27.2234,
	19.3771 27.2224,
	19.379 27.2224,
	19.3809 27.2215,
	19.3819 27.2215,
	19.3828 27.2205,
	19.3978 27.2157,
	19.4018 27.2157,
	19.4056 27.2147,
	19.421 27.2143,
	19.4288 27.2147,
	19.4307 27.2157,
	19.4327 27.2157,
	19.4403 27.2186,
	19.4443 27.2195,
	19.4481 27.2215,
	19.4558 27.2239,
	19.4578 27.2243,
	19.4597 27.2259,
	19.4636 27.2273,
	19.4655 27.2288,
	19.4733 27.2316,
	19.4752 27.2326,
	19.4771 27.2326,
	19.4926 27.2394,
	19.4945 27.2399,
	19.5018 27.2442,
	19.5023 27.2452,
	19.5042 27.2457,
	19.5119 27.2505,
	19.5158 27.2529,
	19.5187 27.2554,
	19.5327 27.2645,
	19.5366 27.2669,
	19.5424 27.2723,
	19.5434 27.2732,
	19.5443 27.2732,
	19.5458 27.2747,
	19.5458 27.2756,
	19.5525 27.2809,
	19.556 27.2844,
	19.5584 27.2877,
	19.5593 27.2887,
	19.5593 27.2896,
	19.5608 27.2911,
	19.5617 27.2916,
	19.5617 27.2925,
	19.5641 27.2965,
	19.5651 27.2984,
	19.566 27.2993,
	19.566 27.3013,
	19.567 27.3017,
	19.5724 27.3172,
	19.5748 27.325,
	19.5762 27.3288,
	19.5762 27.3307,
	19.5805 27.3462,
	19.5825 27.354,
	19.5829 27.3578,
	19.584 27.3597,
	19.585 27.3675,
	19.5854 27.383,
	19.585 27.3984,
	19.585 27.4023,
	19.5829 27.41,
	19.5829 27.412,
	19.5801 27.4196,
	19.5796 27.4216,
	19.5796 27.4225,
	19.5748 27.4298,
	19.5684 27.4365,
	19.5622 27.4419,
	19.5603 27.4434,
	19.5525 27.4462,
	19.5506 27.4467,
	19.5496 27.4467,
	19.5487 27.4477,
	19.5467 27.4477,
	19.5458 27.4486,
	19.5419 27.4501,
	19.5399 27.4501,
	19.538 27.451,
	19.537 27.451,
	19.5361 27.452,
	19.5284 27.4545,
	19.5264 27.4545,
	19.5225 27.4559,
	19.5206 27.4569,
	19.5168 27.4574,
	19.509 27.4598,
	19.5071 27.4607,
	19.5052 27.4607,
	19.5032 27.4622,
	19.5023 27.4622,
	19.5013 27.4631,
	19.4859 27.468,
	19.4838 27.4685,
	19.4819 27.47,
	19.4781 27.4714,
	19.4742 27.4738,
	19.4723 27.4743,
	19.4684 27.4767,
	19.4665 27.4772,
	19.4655 27.4781,
	19.4645 27.4781,
	19.4641 27.4791,
	19.45 27.4854,
	19.4481 27.4864,
	19.4472 27.4873,
	19.4452 27.4878,
	19.4443 27.4878,
	19.4438 27.4888,
	19.4428 27.4888,
	19.4408 27.4902,
	19.4389 27.4907,
	19.4379 27.4907,
	19.437 27.4917,
	19.4331 27.4926,
	19.4293 27.495,
	19.4273 27.4956,
	19.4258 27.497,
	19.422 27.498,
	19.4201 27.4994,
	19.4191 27.4994,
	19.4182 27.5004,
	19.4104 27.5028,
	19.4065 27.5042,
	19.3911 27.5066,
	"/>
</Transform>

<Transform dim="0"
 xcoef=" 0 1 0 0 0 0"
 ycoef=" 0 0 1 0 0 0">
<Contour name="d63cfa18" hidden="false" closed="true" simplified="true" border="0 1 0" fill="0 1 0" mode="11"
 points="19.383 27.5036,
	19.3779 27.4977,
	19.3772 27.4917,
	19.3794 27.4681,
	19.3801 27.4443,
	19.3772 27.4205,
	19.3735 27.4086,
	19.3682 27.3975,
	19.3675 27.3915,
	19.3645 27.3864,
	19.3616 27.3745,
	19.3594 27.3715,
	19.3594 27.3686,
	19.3556 27.3567,
	19.3534 27.3091,
	19.3534 27.2973,
	19.3534 27.2958,
	19.3534 27.295,
	19.3579 27.2832,
	19.3594 27.2802,
	19.3623 27.2772,
	19.3623 27.2758,
	19.3727 27.2675,
	19.3742 27.2646,
	19.3764 27.2631,
	19.3779 27.2631,
	19.3808 27.2602,
	19.3861 27.258,
	19.389 27.2557,
	19.4009 27.2535,
	19.4068 27.255,
	19.4083 27.2565,
	19.4143 27.258,
	19.4202 27.2616,
	19.4209 27.2631,
	19.4239 27.2639,
	19.4268 27.2668,
	19.4328 27.2706,
	19.4358 27.2721,
	19.4365 27.2735,
	19.4395 27.2743,
	19.4417 27.2765,
	19.4447 27.2772,
	19.4462 27.2787,
	19.4477 27.2787,
	19.4536 27.2825,
	19.4647 27.2876,
	19.4662 27.2876,
	19.4677 27.2891,
	19.4707 27.2891,
	19.4737 27.2913,
	19.4974 27.2966,
	19.5034 27.2973,
	19.5063 27.2973,
	19.5078 27.2988,
	19.5197 27.301,
	19.5256 27.3047,
	19.5286 27.3054,
	19.5389 27.3136,
	19.5427 27.3188,
	19.5449 27.3203,
	19.5501 27.3322,
	19.5516 27.3381,
	19.5523 27.3411,
	19.5538 27.3426,
	19.5561 27.3485,
	19.5568 27.3514,
	19.5605 27.3574,
	19.5612 27.3604,
	19.5649 27.3663,
	19.5702 27.3782,
	19.5717 27.3811,
	19.5717 27.3842,
	19.5739 27.3901,
	19.5746 27.402,
	19.5724 27.4078,
	19.5671 27.4124,
	19.5642 27.4146,
	19.5523 27.4197,
	19.5464 27.422,
	19.5435 27.4234,
	19.542 27.425,
	19.5367 27.4272,
	19.5316 27.4309,
	19.5294 27.4331,
	19.5279 27.4331,
	19.5219 27.4368,
	19.5189 27.4391,
	19.5175 27.4406,
	19.5056 27.4443,
	19.4937 27.4465,
	19.4878 27.4494,
	19.4863 27.4494,
	19.4848 27.4509,
	19.4788 27.4532,
	19.4759 27.4554,
	19.4744 27.4554,
	19.4729 27.4569,
	19.4669 27.4591,
	19.444 27.4732,
	19.4409 27.4762,
	19.438 27.4776,
	19.435 27.4806,
	19.4299 27.4836,
	19.4246 27.4881,
	19.4232 27.4881,
	19.4173 27.4917,
	19.4127 27.494,
	19.4009 27.5007,
	19.3949 27.5029,
	"/>
</Transform>

<Transform dim="0"
 xcoef=" 0 1 0 0 0 0"
 ycoef=" 0 0 1 0 0 0">
<Contour name="d28cfa11" hidden="false" closed="true" simplified="true" border="0 1 0" fill="0 1 0" mode="11"
 points="6.72798 22.8957,
	6.71234 22.8854,
	6.7091 22.8828,
	6.70695 22.8812,
	6.70587 22.879,
	6.69778 22.8736,
	6.69563 22.872,
	6.69455 22.872,
	6.68701 22.8661,
	6.68539 22.865,
	6.68431 22.865,
	6.67677 22.8595,
	6.66868 22.8531,
	6.66706 22.851,
	6.6649 22.8499,
	6.6649 22.8488,
	6.66167 22.845,
	6.66006 22.8429,
	6.66006 22.8418,
	6.65898 22.8412,
	6.6579 22.8326,
	6.6579 22.824,
	6.6579 22.8197,
	6.6579 22.8191,
	6.6579 22.8186,
	6.66114 22.8013,
	6.66275 22.7971,
	6.66329 22.7928,
	6.66437 22.7917,
	6.66545 22.7873,
	6.6703 22.7788,
	6.67246 22.7749,
	6.67677 22.7717,
	6.67784 22.7706,
	6.67892 22.7706,
	6.68054 22.7685,
	6.68162 22.7685,
	6.68593 22.7658,
	6.68754 22.7642,
	6.69186 22.7637,
	6.69347 22.762,
	6.69778 22.7604,
	6.69994 22.7598,
	6.70102 22.7588,
	6.70318 22.7582,
	6.70426 22.7582,
	6.70534 22.7572,
	6.70965 22.7566,
	6.71827 22.7539,
	6.73552 22.7529,
	6.74414 22.7518,
	6.74845 22.7518,
	6.75007 22.7539,
	6.75169 22.7582,
	6.75223 22.7626,
	6.75277 22.7647,
	6.75115 22.7685,
	6.74792 22.7722,
	6.74576 22.7738,
	6.74468 22.776,
	6.74361 22.776,
	6.74091 22.7804,
	6.74037 22.7825,
	6.73768 22.7863,
	6.73605 22.7879,
	6.73444 22.7917,
	6.73337 22.8003,
	6.73875 22.8175,
	6.73983 22.8348,
	6.73983 22.8434,
	6.73983 22.8478,
	6.74145 22.8563,
	6.74306 22.8909,
	6.74091 22.893,
	6.73983 22.8946,
	6.73121 22.8957,
	"/>
</Transform>

<Transform dim="0"
 xcoef=" 0 1 0 0 0 0"
 ycoef=" 0 0 1 0 0 0">
<Contour name="d56p13" hidden="false" closed="true" simplified="true" border="1 0 0" fill="1 0 0" mode="11"
 points="23.2691 23.6758,
	23.2529 23.6596,
	23.2691 23.6433,
	23.2853 23.6596,
	"/>
</Transform>

<Transform dim="0"
 xcoef=" 0 1 0 0 0 0"
 ycoef=" 0 0 1 0 0 0">
<Contour name="d28cfa11" hidden="false" closed="false" simplified="true" border="0 1 0" fill="1 0 0" mode="11"
 points="6.56717 23.0795,
	6.54697 23.1095,
	6.52923 23.1193,
	6.50782 23.1284,
	6.48518 23.1358,
	6.45765 23.1419,
	6.43073 23.1437,
	6.3934 23.1419,
	6.36343 23.1334,
	6.32611 23.1236,
	"/>
</Transform>

<Transform dim="0"
 xcoef=" 0 1 0 0 0 0"
 ycoef=" 0 0 1 0 0 0">
<Contour name="d28cfa11" hidden="false" closed="false" simplified="true" border="0 1 0" fill="1 0 0" mode="11"
 points="6.73259 22.8954,
	6.7353 22.9096,
	6.73802 22.9265,
	6.74004 22.9496,
	6.74276 22.9712,
	6.74885 22.9997,
	6.75427 23.018,
	6.76308 23.039,
	6.7719 23.0546,
	6.78815 23.0749,
	6.80578 23.0946,
	6.82204 23.1095,
	6.84643 23.1258,
	6.86946 23.1339,
	6.90403 23.1427,
	"/>
</Transform>

<Transform dim="0"
 xcoef=" 0 1 0 0 0 0"
 ycoef=" 0 0 1 0 0 0">
<Contour name="d28cfa11" hidden="false" closed="false" simplified="true" border="0 1 0" fill="1 0 0" mode="11"
 points="6.87624 22.7049,
	6.84643 22.7049,
	6.79358 22.7185,
	6.7719 22.7287,
	6.74953 22.7545,
	"/>
</Transform>

<Transform dim="0"
 xcoef=" 0 1 0 0 0 0"
 ycoef=" 0 0 1 0 0 0">
<Contour name="d39cfa16" hidden="false" closed="false" simplified="true" border="0 1 0" fill="1 0 0" mode="11"
 points="10.4168 28.6821,
	10.3974 28.6785,
	10.3774 28.6755,
	10.3458 28.6706,
	10.2736 28.6536,
	10.176 28.6444,
	"/>
</Transform>

<Transform dim="0"
 xcoef=" 0 1 0 0 0 0"
 ycoef=" 0 0 1 0 0 0">
<Contour name="d28endos04_cp" hidden="false" closed="true" simplified="true" border="1 0.502 0" fill="1 0 0" mode="11"
 points="6.72308 24.0671,
	6.72326 24.0613,
	6.72379 24.0555,
	6.72468 24.0497,
	6.72591 24.044,
	6.7275 24.0384,
	6.72942 24.0329,
	6.73167 24.0275,
	6.73424 24.0223,
	6.73713 24.0173,
	6.74032 24.0125,
	6.7438 24.0078,
	6.74755 24.0034,
	6.75156 23.9993,
	6.75582 23.9954,
	6.76031 23.9918,
	6.765 23.9885,
	6.76989 23.9855,
	6.77496 23.9828,
	6.78017 23.9805,
	6.78552 23.9785,
	6.79098 23.9768,
	6.79653 23.9755,
	6.80215 23.9745,
	6.80782 23.9739,
	6.81352 23.9737,
	6.81921 23.9738,
	6.82489 23.9743,
	6.83052 23.9752,
	6.83609 23.9764,
	6.84158 23.978,
	6.84696 23.9799,
	6.85221 23.9822,
	6.85731 23.9848,
	6.86225 23.9877,
	6.86699 23.991,
	6.87153 23.9945,
	6.87585 23.9983,
	6.87993 24.0024,
	6.88375 24.0067,
	6.88729 24.0113,
	6.89056 24.0161,
	6.89352 24.021,
	6.89617 24.0262,
	6.89851 24.0315,
	6.90051 24.037,
	6.90218 24.0426,
	6.9035 24.0483,
	6.90448 24.054,
	6.9051 24.0598,
	6.90537 24.0657,
	6.90528 24.0715,
	6.90483 24.0773,
	6.90403 24.0831,
	6.90288 24.0888,
	6.90139 24.0945,
	6.89955 24.1,
	6.89738 24.1054,
	6.89489 24.1106,
	6.89208 24.1157,
	6.88896 24.1206,
	6.88555 24.1253,
	6.88187 24.1297,
	6.87792 24.1339,
	6.87372 24.1379,
	6.86929 24.1416,
	6.86465 24.1449,
	6.8598 24.148,
	6.85478 24.1508,
	6.8496 24.1532,
	6.84428 24.1553,
	6.83885 24.1571,
	6.83332 24.1585,
	6.82771 24.1595,
	6.82205 24.1602,
	6.81636 24.1605,
	6.81067 24.1605,
	6.80498 24.1601,
	6.79934 24.1593,
	6.79375 24.1582,
	6.78824 24.1567,
	6.78283 24.1548,
	6.77755 24.1526,
	6.7724 24.1501,
	6.76743 24.1473,
	6.76263 24.1441,
	6.75804 24.1407,
	6.75366 24.1369,
	6.74952 24.1329,
	6.74564 24.1286,
	6.74202 24.1241,
	6.73869 24.1194,
	6.73565 24.1145,
	6.73292 24.1093,
	6.7305 24.1041,
	6.72841 24.0986,
	6.72666 24.0931,
	6.72525 24.0874,
	6.72419 24.0817,
	6.72348 24.0759,
	"/>
</Transform>

</Section>