<?xml version="1.0"?>
<!DOCTYPE Section SYSTEM "section.dtd">

<Section index="137" thickness="0.048" alignLocked="true">
<Transform dim="0"
 xcoef=" 0 1 0 0 0 0"
 ycoef=" 0 0 1 0 0 0">
<Image mag="0.002063" contrast="1.8547" brightness="-0.18" red="true" green="true" blue="true"
 src="138____z6.987.jpg" />
<Contour name="domain1" hidden="false" closed="true" simplified="false" border="1 0 1" fill="1 0 1" mode="11"
 points="0 0,
	17236 0,
	17236 17077,
	0 17077,
	"/>
</Transform>

<Transform dim="0"
 xcoef=" 0 1 0 0 0 0"
 ycoef=" 0 0 1 0 0 0">
<Contour name="D39" hidden="false" closed="true" simplified="true" border="0 0 1" fill="0 0 1" mode="11"
 points="10.9459 28.3734,
	10.8946 28.3654,
	10.8483 28.3417,
	10.8115 28.3049,
	10.7798 28.2073,
	10.7879 28.156,
	10.8115 28.1097,
	10.8483 28.0729,
	10.8946 28.0492,
	10.9459 28.0412,
	10.9973 28.0492,
	11.0436 28.0729,
	11.0803 28.1097,
	11.104 28.156,
	11.112 28.2073,
	11.104 28.2586,
	11.0803 28.3049,
	11.0436 28.3417,
	10.9973 28.3654,
	"/>
</Transform>

<Transform dim="0"
 xcoef=" 0 1 0 0 0 0"
 ycoef=" 0 0 1 0 0 0">
<Contour name="D56" hidden="false" closed="true" simplified="true" border="1 0 0" fill="1 0 0" mode="11"
 points="23.7421 23.5642,
	23.6989 23.5573,
	23.6599 23.5375,
	23.6289 23.5065,
	23.6022 23.4243,
	23.6091 23.381,
	23.6289 23.342,
	23.6599 23.3111,
	23.6989 23.2912,
	23.7421 23.2843,
	23.7853 23.2912,
	23.8244 23.3111,
	23.8553 23.342,
	23.8752 23.381,
	23.8821 23.4243,
	23.8752 23.4675,
	23.8553 23.5065,
	23.8244 23.5375,
	23.7853 23.5573,
	"/>
</Transform>

<Transform dim="0"
 xcoef=" 0 1 0 0 0 0"
 ycoef=" 0 0 1 0 0 0">
<Contour name="D31" hidden="false" closed="true" simplified="true" border="0 0 1" fill="0 0 1" mode="11"
 points="13.4345 20.9731,
	13.3808 20.9641,
	13.3323 20.9379,
	13.2938 20.8972,
	13.2606 20.789,
	13.2691 20.7322,
	13.2938 20.6808,
	13.3323 20.64,
	13.3808 20.6138,
	13.4345 20.6049,
	13.4883 20.6138,
	13.5367 20.64,
	13.5752 20.6808,
	13.5999 20.7322,
	13.6084 20.789,
	13.5999 20.8459,
	13.5752 20.8972,
	13.5367 20.9379,
	13.4883 20.9641,
	"/>
</Transform>

<Transform dim="0"
 xcoef=" 0 1 0 0 0 0"
 ycoef=" 0 0 1 0 0 0">
<Contour name="D28" hidden="false" closed="true" simplified="true" border="0 0 1" fill="0 0 1" mode="11"
 points="7.18846 23.6919,
	7.13981 23.685,
	7.09594 23.6652,
	7.06111 23.6343,
	7.03105 23.552,
	7.03875 23.5088,
	7.06111 23.4697,
	7.09594 23.4388,
	7.13981 23.419,
	7.18846 23.4121,
	7.2371 23.419,
	7.28099 23.4388,
	7.3158 23.4697,
	7.33817 23.5088,
	7.34587 23.552,
	7.33817 23.5952,
	7.3158 23.6343,
	7.28099 23.6652,
	7.2371 23.685,
	"/>
</Transform>

<Transform dim="0"
 xcoef=" 0 1 0 0 0 0"
 ycoef=" 0 0 1 0 0 0">
<Contour name="D38" hidden="false" closed="true" simplified="true" border="1 0 0" fill="1 0 0" mode="11"
 points="22.3119 23.5091,
	22.2606 23.5019,
	22.2143 23.4807,
	22.1775 23.4478,
	22.1458 23.3605,
	22.1538 23.3145,
	22.1775 23.273,
	22.2143 23.2401,
	22.2606 23.2191,
	22.3119 23.2117,
	22.3632 23.2191,
	22.4095 23.2401,
	22.4463 23.273,
	22.47 23.3145,
	22.478 23.3605,
	22.47 23.4064,
	22.4463 23.4478,
	22.4095 23.4807,
	22.3632 23.5019,
	"/>
</Transform>

<Transform dim="0"
 xcoef=" 0 1 0 0 0 0"
 ycoef=" 0 0 1 0 0 0">
<Contour name="D01" hidden="false" closed="true" simplified="true" border="1 1 0" fill="1 1 0" mode="11"
 points="16.1012 26.3824,
	16.0507 26.376,
	16.0051 26.357,
	15.9688 26.3276,
	15.9376 26.2494,
	15.9457 26.2083,
	15.9688 26.1712,
	16.0051 26.1418,
	16.0507 26.123,
	16.1012 26.1164,
	16.1518 26.123,
	16.1975 26.1418,
	16.2337 26.1712,
	16.2569 26.2083,
	16.2649 26.2494,
	16.2569 26.2905,
	16.2337 26.3276,
	16.1975 26.357,
	16.1518 26.376,
	"/>
</Transform>

<Transform dim="0"
 xcoef=" 0 1 0 0 0 0"
 ycoef=" 0 0 1 0 0 0">
<Contour name="D63" hidden="false" closed="true" simplified="true" border="1 0 0" fill="1 0 0" mode="11"
 points="19.9275 26.9817,
	19.9049 26.979,
	19.8846 26.9711,
	19.8685 26.9587,
	19.8545 26.9257,
	19.8581 26.9084,
	19.8685 26.8928,
	19.8846 26.8804,
	19.9049 26.8725,
	19.9275 26.8697,
	19.95 26.8725,
	19.9704 26.8804,
	19.9865 26.8928,
	19.9969 26.9084,
	20.0004 26.9257,
	19.9969 26.9431,
	19.9865 26.9587,
	19.9704 26.9711,
	19.95 26.979,
	"/>
</Transform>

<Transform dim="0"
 xcoef=" 0 1 0 0 0 0"
 ycoef=" 0 0 1 0 0 0">
<Contour name="d28" hidden="false" closed="true" simplified="true" border="0 0 0" fill="0 0 0" mode="11"
 points="7.6039 23.8509,
	7.57041 23.8498,
	7.55368 23.8467,
	7.53693 23.8404,
	7.52018 23.8393,
	7.50344 23.8424,
	7.49506 23.8436,
	7.4867 23.8467,
	7.46995 23.8457,
	7.45739 23.8457,
	7.44902 23.8424,
	7.44483 23.8424,
	7.43646 23.8383,
	7.41972 23.8341,
	7.38623 23.8331,
	7.35274 23.8352,
	7.34437 23.8362,
	7.336 23.8393,
	7.30251 23.8457,
	7.23554 23.8436,
	7.20204 23.8436,
	7.16856 23.8404,
	7.15182 23.8373,
	7.14344 23.8331,
	7.13612 23.8257,
	7.12775 23.8226,
	7.12147 23.8184,
	7.09008 23.7985,
	7.0817 23.7933,
	7.0796 23.7933,
	7.07752 23.7912,
	7.06914 23.7892,
	7.0524 23.7797,
	7.04402 23.7766,
	7.03984 23.7735,
	7.03565 23.7724,
	7.02728 23.7671,
	7.01054 23.7609,
	7.00321 23.7578,
	6.99902 23.7578,
	6.9917 23.7535,
	6.97495 23.7494,
	6.94147 23.7368,
	6.92472 23.7284,
	6.89228 23.7065,
	6.87554 23.6949,
	6.87136 23.6918,
	6.86717 23.6908,
	6.86298 23.6877,
	6.84624 23.6813,
	6.84205 23.6782,
	6.83368 23.6751,
	6.82949 23.674,
	6.8274 23.6719,
	6.8253 23.6719,
	6.82112 23.6688,
	6.80437 23.6636,
	6.79601 23.6615,
	6.76356 23.6374,
	6.74891 23.6258,
	6.73321 23.6122,
	6.72485 23.6039,
	6.71961 23.5955,
	6.71542 23.5924,
	6.71333 23.5882,
	6.71124 23.5872,
	6.71019 23.5829,
	6.69659 23.5673,
	6.69135 23.5589,
	6.68717 23.5547,
	6.68612 23.5505,
	6.68089 23.5421,
	6.67774 23.538,
	6.67356 23.5212,
	6.67356 23.5192,
	6.67984 23.5107,
	6.68822 23.5035,
	6.69449 23.4951,
	6.69659 23.494,
	6.69659 23.4919,
	6.70078 23.4888,
	6.70078 23.4866,
	6.72275 23.4532,
	6.72798 23.4449,
	6.73321 23.428,
	6.73321 23.4239,
	6.71961 23.4072,
	6.70286 23.402,
	6.66937 23.3988,
	6.66101 23.3967,
	6.62752 23.3956,
	6.61077 23.3946,
	6.59402 23.3915,
	6.58566 23.3884,
	6.57729 23.3872,
	6.5731 23.3841,
	6.56891 23.3831,
	6.56682 23.382,
	6.56682 23.381,
	6.56996 23.3768,
	6.571 23.3726,
	6.57414 23.3684,
	6.57414 23.3663,
	6.57833 23.3632,
	6.57833 23.3611,
	6.58251 23.3579,
	6.58461 23.3538,
	6.60031 23.337,
	6.60658 23.3286,
	6.60763 23.3245,
	6.61391 23.3161,
	6.61809 23.3077,
	6.61914 23.3036,
	6.61914 23.3014,
	6.62228 23.2973,
	6.62647 23.2805,
	6.62857 23.2785,
	6.62857 23.2743,
	6.6317 23.27,
	6.63484 23.2617,
	6.63589 23.2575,
	6.64635 23.2407,
	6.64635 23.2387,
	6.65264 23.2303,
	6.65264 23.2282,
	6.65577 23.224,
	6.65786 23.2073,
	6.65786 23.1737,
	6.65786 23.1654,
	6.65996 23.157,
	6.65996 23.1487,
	6.67252 23.1151,
	6.67984 23.1079,
	6.68403 23.1048,
	6.71751 23.0974,
	6.72589 23.0953,
	6.73007 23.0943,
	6.73217 23.0943,
	6.73949 23.0858,
	6.74158 23.0848,
	6.74158 23.0827,
	6.77403 23.0524,
	6.78972 23.0357,
	6.80647 23.021,
	6.81484 23.0157,
	6.83054 23.0095,
	6.84729 23.0085,
	6.86402 23.0043,
	6.88077 22.998,
	6.88705 22.9928,
	6.90379 22.9823,
	6.90798 22.9792,
	6.92472 22.9739,
	6.9331 22.9718,
	6.93728 22.9697,
	6.95403 22.9676,
	7.021 22.9687,
	7.07123 22.9687,
	7.10472 22.9749,
	7.13821 22.9864,
	7.15495 22.9917,
	7.1717 22.999,
	7.17589 23,
	7.18007 23.0032,
	7.18845 23.0053,
	7.19053 23.0053,
	7.19263 23.0074,
	7.19472 23.0074,
	7.19682 23.0095,
	7.20101 23.0095,
	7.20937 23.0147,
	7.21355 23.0157,
	7.24705 23.0377,
	7.25542 23.0429,
	7.25961 23.0461,
	7.26379 23.0461,
	7.26798 23.0493,
	7.27217 23.0503,
	7.27425 23.0524,
	7.291 23.0545,
	7.29937 23.0555,
	7.30356 23.0586,
	7.31193 23.0618,
	7.31402 23.0618,
	7.31821 23.065,
	7.32658 23.067,
	7.33496 23.0733,
	7.34333 23.0765,
	7.34751 23.0765,
	7.35588 23.0827,
	7.36006 23.0858,
	7.36216 23.0879,
	7.36425 23.0879,
	7.37262 23.0963,
	7.37681 23.0984,
	7.39042 23.1151,
	7.39565 23.1236,
	7.39879 23.132,
	7.40402 23.1654,
	7.41135 23.1821,
	7.41763 23.1906,
	7.42181 23.1947,
	7.4239 23.1947,
	7.43124 23.2031,
	7.43856 23.2083,
	7.44275 23.2125,
	7.45948 23.223,
	7.46682 23.2292,
	7.47518 23.2324,
	7.48355 23.2376,
	7.49925 23.2533,
	7.50658 23.2617,
	7.54007 23.2857,
	7.54844 23.2847,
	7.55681 23.2816,
	7.56519 23.2805,
	7.56937 23.2816,
	7.57146 23.2816,
	7.57565 23.2847,
	7.57983 23.2857,
	7.58402 23.2889,
	7.61751 23.2993,
	7.63425 23.3046,
	7.63844 23.3057,
	7.64053 23.3077,
	7.67402 23.3193,
	7.68239 23.3214,
	7.69076 23.3276,
	7.69286 23.3266,
	7.69705 23.3307,
	7.70227 23.3391,
	7.71797 23.3548,
	7.72216 23.3579,
	7.72634 23.359,
	7.74309 23.3705,
	7.81007 23.3936,
	7.81425 23.3936,
	7.82262 23.3977,
	7.831 23.3998,
	7.83518 23.402,
	7.84356 23.402,
	7.86029 23.3988,
	7.87704 23.3998,
	7.88123 23.402,
	7.88541 23.402,
	7.90216 23.4166,
	7.91053 23.4249,
	7.91576 23.4333,
	7.91891 23.4375,
	7.91367 23.471,
	7.90425 23.5045,
	7.89902 23.5212,
	7.8917 23.538,
	7.88855 23.5464,
	7.88646 23.5505,
	7.88228 23.5547,
	7.88123 23.5589,
	7.86972 23.5757,
	7.86029 23.6091,
	7.85297 23.6426,
	7.85297 23.6468,
	7.84878 23.6551,
	7.84878 23.6594,
	7.84251 23.6761,
	7.83832 23.6929,
	7.83727 23.7013,
	7.82576 23.7347,
	7.81844 23.7514,
	7.81634 23.7599,
	7.80693 23.7766,
	7.80064 23.7849,
	7.80064 23.7871,
	7.78391 23.8028,
	7.77553 23.809,
	7.77135 23.8132,
	7.7546 23.8247,
	7.74623 23.83,
	7.73785 23.831,
	7.72948 23.8352,
	7.696 23.8446,
	7.67925 23.8509,
	7.67088 23.8509,
	7.65413 23.8467,
	7.6374 23.8467,
	"/>
</Transform>

<Transform dim="0"
 xcoef=" 0 1 0 0 0 0"
 ycoef=" 0 0 1 0 0 0">
<Contour name="d39" hidden="false" closed="true" simplified="true" border="0 0.501961 0" fill="0 0 0" mode="11"
 points="10.9239 28.5944,
	10.8964 28.5892,
	10.8827 28.585,
	10.8793 28.585,
	10.8656 28.5782,
	10.8518 28.5738,
	10.8493 28.5712,
	10.8355 28.567,
	10.8218 28.5644,
	10.7944 28.5636,
	10.7669 28.5661,
	10.7601 28.567,
	10.7326 28.5653,
	10.6777 28.5575,
	10.6503 28.5499,
	10.6366 28.5455,
	10.6297 28.5438,
	10.628 28.5438,
	10.6254 28.5412,
	10.6186 28.5404,
	10.5911 28.5326,
	10.5842 28.5309,
	10.5705 28.5241,
	10.5637 28.5207,
	10.5568 28.5155,
	10.5534 28.5146,
	10.5396 28.5061,
	10.5259 28.495,
	10.5122 28.4821,
	10.5002 28.4692,
	10.4942 28.4641,
	10.483 28.4512,
	10.4556 28.4332,
	10.4419 28.4238,
	10.4402 28.4238,
	10.4359 28.4212,
	10.423 28.4134,
	10.3956 28.3929,
	10.3887 28.386,
	10.3844 28.3792,
	10.3801 28.3655,
	10.375 28.338,
	10.3741 28.3243,
	10.3741 28.3174,
	10.3741 28.314,
	10.3741 28.3123,
	10.3741 28.3114,
	10.3767 28.308,
	10.3776 28.3045,
	10.3793 28.3036,
	10.3793 28.3019,
	10.3904 28.2882,
	10.3964 28.2814,
	10.399 28.2788,
	10.3999 28.2753,
	10.4033 28.2736,
	10.4059 28.2668,
	10.411 28.2599,
	10.4136 28.2565,
	10.4196 28.2428,
	10.4221 28.236,
	10.4221 28.1811,
	10.4264 28.1673,
	10.4333 28.1536,
	10.4384 28.1399,
	10.4402 28.1262,
	10.4393 28.1124,
	10.4393 28.1055,
	10.4359 28.0918,
	10.4307 28.0782,
	10.4282 28.0712,
	10.4264 28.0678,
	10.4264 28.0644,
	10.4239 28.0618,
	10.4196 28.0481,
	10.417 28.0412,
	10.4153 27.9863,
	10.4136 27.9726,
	10.4101 27.9658,
	10.4076 27.9521,
	10.3999 27.9246,
	10.3964 27.9109,
	10.3956 27.8834,
	10.3999 27.8765,
	10.4067 27.8706,
	10.4101 27.8672,
	10.417 27.8655,
	10.4239 27.8655,
	10.4376 27.8706,
	10.4444 27.8731,
	10.4513 27.874,
	10.4582 27.8774,
	10.4719 27.8782,
	10.4993 27.8757,
	10.5062 27.8748,
	10.5199 27.8697,
	10.5234 27.868,
	10.5362 27.8543,
	10.5422 27.8482,
	10.5439 27.8465,
	10.5439 27.8448,
	10.5508 27.838,
	10.5645 27.8277,
	10.5911 27.8123,
	10.5945 27.8123,
	10.598 27.8088,
	10.5997 27.8088,
	10.6065 27.8028,
	10.6134 27.7985,
	10.6271 27.7874,
	10.634 27.7831,
	10.6374 27.7822,
	10.6511 27.7728,
	10.6786 27.7574,
	10.6855 27.7548,
	10.6872 27.7531,
	10.6906 27.7531,
	10.6975 27.7487,
	10.7249 27.7419,
	10.7798 27.7367,
	10.8896 27.735,
	10.917 27.735,
	10.9445 27.7377,
	10.9513 27.7402,
	10.965 27.7419,
	10.9925 27.7496,
	11.0062 27.7539,
	11.0337 27.7719,
	11.0474 27.7787,
	11.0611 27.7831,
	11.0748 27.7899,
	11.0817 27.7933,
	11.0954 27.8036,
	11.1091 27.8174,
	11.116 27.8216,
	11.1194 27.8251,
	11.1262 27.8294,
	11.1332 27.8353,
	11.1357 27.8389,
	11.1374 27.8397,
	11.1383 27.8431,
	11.1606 27.8706,
	11.164 27.8714,
	11.1906 27.8946,
	11.1974 27.9014,
	11.2043 27.9057,
	11.2069 27.9092,
	11.2103 27.91,
	11.2164 27.9143,
	11.2198 27.9152,
	11.2232 27.9177,
	11.2266 27.9186,
	11.2284 27.9186,
	11.2352 27.9229,
	11.2421 27.9255,
	11.2696 27.9418,
	11.2764 27.946,
	11.2901 27.9504,
	11.3038 27.9521,
	11.3055 27.9521,
	11.3072 27.9538,
	11.3142 27.9546,
	11.321 27.9606,
	11.3218 27.9623,
	11.3235 27.9623,
	11.3287 27.9692,
	11.3313 27.9726,
	11.333 27.9743,
	11.3347 27.9743,
	11.3381 27.9769,
	11.3655 27.9855,
	11.393 27.9958,
	11.3999 27.9967,
	11.4136 28.0018,
	11.4205 28.0035,
	11.4342 28.0121,
	11.4616 28.0352,
	11.4684 28.0421,
	11.4788 28.055,
	11.4805 28.0567,
	11.4805 28.0584,
	11.4865 28.0653,
	11.4882 28.067,
	11.4882 28.0687,
	11.4916 28.0721,
	11.4925 28.0755,
	11.502 28.0892,
	11.5096 28.103,
	11.5148 28.1158,
	11.5182 28.1227,
	11.5182 28.1262,
	11.5277 28.1536,
	11.5294 28.157,
	11.5303 28.1639,
	11.5328 28.1699,
	11.5328 28.1836,
	11.5354 28.2111,
	11.5345 28.2385,
	11.5345 28.2453,
	11.5294 28.2728,
	11.5242 28.2865,
	11.5242 28.2899,
	11.5208 28.2968,
	11.5191 28.3036,
	11.5114 28.3174,
	11.4925 28.3448,
	11.4659 28.3723,
	11.4591 28.3783,
	11.4557 28.3809,
	11.4513 28.3868,
	11.4445 28.3912,
	11.4316 28.4023,
	11.4042 28.4212,
	11.3973 28.4246,
	11.3939 28.428,
	11.3801 28.4358,
	11.3733 28.4392,
	11.3596 28.4435,
	11.3459 28.4443,
	11.3184 28.4504,
	11.3047 28.4538,
	11.291 28.4614,
	11.2772 28.4666,
	11.2704 28.4709,
	11.2635 28.4735,
	11.2567 28.4778,
	11.2532 28.4804,
	11.2515 28.4804,
	11.2378 28.4915,
	11.224 28.5009,
	11.2103 28.5087,
	11.1966 28.5138,
	11.1829 28.5216,
	11.176 28.5258,
	11.1726 28.5284,
	11.1657 28.5275,
	11.152 28.5292,
	11.1383 28.5284,
	11.1315 28.5284,
	11.1177 28.525,
	11.1108 28.5233,
	11.104 28.5198,
	11.0903 28.5198,
	11.0765 28.5216,
	11.0705 28.5275,
	11.0671 28.5301,
	11.0671 28.5318,
	11.0422 28.5584,
	11.0388 28.5601,
	11.0319 28.567,
	11.0182 28.5747,
	11.0114 28.5773,
	11.0045 28.5816,
	10.9976 28.5841,
	10.9942 28.5858,
	10.9925 28.5875,
	10.9788 28.591,
	10.965 28.5927,
	10.9582 28.5944,
	"/>
</Transform>

<Transform dim="0"
 xcoef=" 0 1 0 0 0 0"
 ycoef=" 0 0 1 0 0 0">
<Contour name="d56" hidden="false" closed="true" simplified="true" border="0 0 0" fill="0 0 0" mode="11"
 points="23.9 23.887,
	23.8888 23.8842,
	23.8666 23.8856,
	23.8443 23.8842,
	23.822 23.8793,
	23.8164 23.8772,
	23.8109 23.8766,
	23.7886 23.8688,
	23.7775 23.8661,
	23.7719 23.864,
	23.7663 23.8605,
	23.7218 23.8445,
	23.7106 23.8396,
	23.705 23.8389,
	23.7022 23.8389,
	23.68 23.8313,
	23.6744 23.8306,
	23.6633 23.825,
	23.6577 23.8208,
	23.6549 23.8201,
	23.6437 23.8117,
	23.6382 23.8097,
	23.627 23.8021,
	23.6215 23.8,
	23.6159 23.795,
	23.6131 23.793,
	23.6076 23.7916,
	23.5852 23.7749,
	23.5741 23.7665,
	23.5685 23.7623,
	23.5574 23.7512,
	23.5351 23.7324,
	23.5128 23.7122,
	23.5017 23.7018,
	23.4905 23.6927,
	23.4794 23.685,
	23.4766 23.6836,
	23.471 23.6781,
	23.4655 23.6767,
	23.4543 23.6683,
	23.453 23.6669,
	23.4501 23.6669,
	23.439 23.6558,
	23.4341 23.6516,
	23.4341 23.6502,
	23.4286 23.6481,
	23.4202 23.6377,
	23.4153 23.6328,
	23.4146 23.6301,
	23.4042 23.6196,
	23.3986 23.6154,
	23.3909 23.6043,
	23.3812 23.5931,
	23.3784 23.5904,
	23.3763 23.5847,
	23.3715 23.5792,
	23.368 23.5737,
	23.3659 23.568,
	23.361 23.5632,
	23.3582 23.5611,
	23.3575 23.5583,
	23.3478 23.5479,
	23.3471 23.5451,
	23.3443 23.5436,
	23.3228 23.5221,
	23.3004 23.5033,
	23.2893 23.4942,
	23.2837 23.4894,
	23.281 23.4873,
	23.2753 23.4851,
	23.2698 23.4803,
	23.2586 23.4741,
	23.2531 23.4698,
	23.2502 23.4678,
	23.2447 23.4657,
	23.2335 23.4566,
	23.228 23.4518,
	23.2259 23.449,
	23.2259 23.4476,
	23.2036 23.4323,
	23.1814 23.4148,
	23.1375 23.3723,
	23.1152 23.3529,
	23.104 23.3438,
	23.0832 23.3222,
	23.0609 23.3013,
	23.0393 23.2825,
	23.0337 23.2784,
	23.0309 23.2763,
	23.0295 23.2749,
	23.0268 23.2741,
	23.0212 23.27,
	23.0101 23.2651,
	23.0072 23.2644,
	23.0058 23.2631,
	23.0031 23.2631,
	23.0003 23.2617,
	22.9836 23.2617,
	22.978 23.2595,
	22.9627 23.2373,
	22.9592 23.2317,
	22.9558 23.2206,
	22.9558 23.215,
	22.9544 23.2094,
	22.9544 23.1871,
	22.9544 23.1843,
	22.9544 23.1829,
	22.9544 23.1823,
	22.9571 23.1711,
	22.9627 23.1599,
	22.9654 23.1544,
	22.9697 23.1489,
	22.9718 23.1461,
	22.994 23.1418,
	23.0051 23.137,
	23.0108 23.1363,
	23.0163 23.1329,
	23.0218 23.1314,
	23.033 23.1265,
	23.0386 23.1245,
	23.0497 23.1182,
	23.0553 23.1154,
	23.0581 23.1126,
	23.0609 23.1119,
	23.072 23.1014,
	23.0776 23.0966,
	23.0803 23.0938,
	23.0832 23.0925,
	23.0936 23.0834,
	23.0964 23.082,
	23.0992 23.0792,
	23.102 23.0785,
	23.1047 23.0758,
	23.1271 23.0632,
	23.1326 23.0583,
	23.1354 23.0576,
	23.136 23.0562,
	23.1375 23.0562,
	23.1486 23.0493,
	23.1709 23.0374,
	23.1737 23.036,
	23.1751 23.0347,
	23.1807 23.0333,
	23.1835 23.0311,
	23.1946 23.0283,
	23.2392 23.0249,
	23.2502 23.0242,
	23.2726 23.02,
	23.2781 23.02,
	23.2893 23.0165,
	23.3004 23.0144,
	23.306 23.013,
	23.3283 23.004,
	23.3395 22.9991,
	23.3505 22.9956,
	23.3561 22.9943,
	23.3589 22.9915,
	23.3812 22.9859,
	23.4258 22.9859,
	23.437 22.9838,
	23.4425 22.9796,
	23.4453 22.9776,
	23.4509 22.9754,
	23.4731 22.9573,
	23.4759 22.9566,
	23.4982 22.9399,
	23.5037 22.9358,
	23.5065 22.9337,
	23.5288 22.926,
	23.54 22.9218,
	23.5622 22.9191,
	23.5846 22.9191,
	23.5957 22.9198,
	23.6069 22.9218,
	23.6124 22.9253,
	23.6179 22.9267,
	23.6208 22.9281,
	23.643 22.9308,
	23.6654 22.9365,
	23.6764 22.9378,
	23.7211 22.9351,
	23.7656 22.9301,
	23.7879 22.9274,
	23.799 22.9267,
	23.8102 22.9246,
	23.813 22.9246,
	23.8241 22.9205,
	23.8353 22.9191,
	23.8408 22.9183,
	23.852 22.9148,
	23.8965 22.9086,
	23.9188 22.9072,
	23.9299 22.9065,
	23.9745 22.9107,
	23.9968 22.9148,
	24.0191 22.9121,
	24.0302 22.9093,
	24.0358 22.9093,
	24.0553 22.9308,
	24.0581 22.9337,
	24.0587 22.9365,
	24.0678 22.9476,
	24.0678 22.9504,
	24.0734 22.9559,
	24.0762 22.9587,
	24.0783 22.9643,
	24.0894 22.9747,
	24.0922 22.9769,
	24.1033 22.981,
	24.1089 22.9838,
	24.1312 22.9893,
	24.1423 22.9936,
	24.148 22.9949,
	24.1507 22.9956,
	24.1521 22.9956,
	24.1549 22.9984,
	24.1604 22.9984,
	24.1716 23.004,
	24.1743 23.0047,
	24.1758 23.0047,
	24.1869 23.0144,
	24.1925 23.02,
	24.2037 23.0283,
	24.2259 23.05,
	24.2482 23.0694,
	24.2538 23.075,
	24.2608 23.0861,
	24.2823 23.1078,
	24.2871 23.1133,
	24.2893 23.1189,
	24.2969 23.13,
	24.3004 23.1356,
	24.3074 23.1578,
	24.3109 23.1802,
	24.3129 23.2247,
	24.315 23.2359,
	24.3186 23.2471,
	24.3255 23.2916,
	24.3325 23.3138,
	24.336 23.325,
	24.3422 23.3362,
	24.3457 23.3473,
	24.3526 23.3584,
	24.3554 23.3696,
	24.3597 23.3807,
	24.3652 23.3919,
	24.3728 23.403,
	24.375 23.4086,
	24.3826 23.4197,
	24.384 23.4253,
	24.3903 23.4364,
	24.3924 23.4476,
	24.3937 23.4922,
	24.3931 23.5144,
	24.391 23.5255,
	24.3903 23.5312,
	24.3853 23.5422,
	24.3847 23.5869,
	24.3847 23.598,
	24.3833 23.6036,
	24.3617 23.6196,
	24.3506 23.6279,
	24.3478 23.6286,
	24.3464 23.6286,
	24.3415 23.6342,
	24.3394 23.637,
	24.3339 23.6397,
	24.3255 23.6509,
	24.3129 23.6732,
	24.306 23.6843,
	24.2949 23.6941,
	24.2893 23.6996,
	24.2837 23.7032,
	24.2782 23.7052,
	24.2754 23.7066,
	24.2725 23.7094,
	24.2615 23.7122,
	24.2558 23.715,
	24.2531 23.715,
	24.2307 23.7296,
	24.2197 23.7379,
	24.2161 23.7428,
	24.2134 23.7436,
	24.1918 23.7651,
	24.1918 23.7665,
	24.1813 23.7777,
	24.1633 23.8,
	24.1521 23.8104,
	24.1319 23.8327,
	24.1263 23.8375,
	24.1152 23.8445,
	24.1096 23.8487,
	24.0985 23.8515,
	24.0971 23.8515,
	24.095 23.8542,
	24.0727 23.8585,
	24.0281 23.8612,
	24.0059 23.8661,
	23.9836 23.8786,
	23.978 23.8828,
	23.9724 23.8848,
	23.9502 23.887,
	"/>
</Transform>

<Transform dim="0"
 xcoef=" 0 1 0 0 0 0"
 ycoef=" 0 0 1 0 0 0">
<Contour name="d39sp26" hidden="false" closed="true" simplified="true" border="1 0 0" fill="1 0 0" mode="11"
 points="11.9033 28.1216,
	11.8831 28.1189,
	11.8729 28.1177,
	11.8678 28.1152,
	11.8627 28.1152,
	11.8577 28.1126,
	11.8551 28.1101,
	11.85 28.1089,
	11.845 28.105,
	11.826 28.0962,
	11.7853 28.072,
	11.7676 28.0606,
	11.7625 28.0555,
	11.746 28.0416,
	11.7383 28.0352,
	11.7028 28.0009,
	11.6952 27.9908,
	11.6876 27.9832,
	11.6851 27.9781,
	11.68 27.973,
	11.6737 27.9616,
	11.6699 27.9565,
	11.6686 27.9515,
	11.6622 27.9413,
	11.6584 27.9363,
	11.6584 27.9337,
	11.652 27.9248,
	11.647 27.9197,
	11.6457 27.9147,
	11.642 27.9109,
	11.642 27.9057,
	11.6356 27.8957,
	11.6267 27.8855,
	11.6216 27.883,
	11.6191 27.8804,
	11.5988 27.874,
	11.5962 27.874,
	11.5937 27.8715,
	11.5912 27.8715,
	11.5861 27.8677,
	11.581 27.8665,
	11.5709 27.8588,
	11.5645 27.8499,
	11.5645 27.8449,
	11.5645 27.8423,
	11.5747 27.8359,
	11.5797 27.8322,
	11.6191 27.8296,
	11.6191 27.8195,
	11.6191 27.8144,
	11.6191 27.8119,
	11.6153 27.8068,
	11.614 27.8017,
	11.6064 27.7915,
	11.6039 27.7865,
	11.5937 27.7827,
	11.5734 27.7802,
	11.543 27.7802,
	11.5378 27.7776,
	11.5341 27.7725,
	11.5341 27.77,
	11.5315 27.7675,
	11.5303 27.7281,
	11.5303 27.7269,
	11.5366 27.7065,
	11.543 27.6977,
	11.5455 27.6952,
	11.548 27.6952,
	11.5582 27.6863,
	11.5645 27.666,
	11.567 27.6558,
	11.567 27.6456,
	11.5709 27.6254,
	11.5722 27.6152,
	11.5709 27.605,
	11.5645 27.5962,
	11.5645 27.5936,
	11.5607 27.5898,
	11.5569 27.5796,
	11.5557 27.5695,
	11.5557 27.5644,
	11.5595 27.5594,
	11.5607 27.5543,
	11.567 27.5441,
	11.5759 27.5365,
	11.5962 27.5289,
	11.6064 27.5251,
	11.6255 27.5137,
	11.6356 27.5073,
	11.6381 27.5048,
	11.6407 27.5048,
	11.6432 27.5023,
	11.6534 27.4997,
	11.6547 27.4972,
	11.6597 27.4972,
	11.6699 27.4921,
	11.7105 27.4833,
	11.7155 27.4806,
	11.7206 27.4806,
	11.7308 27.4769,
	11.7714 27.4706,
	11.812 27.4718,
	11.8221 27.4756,
	11.8247 27.4756,
	11.8297 27.4794,
	11.8399 27.4833,
	11.845 27.4858,
	11.8475 27.4858,
	11.85 27.4883,
	11.8906 27.501,
	11.8958 27.5023,
	11.8983 27.5048,
	11.9185 27.5086,
	11.9287 27.5099,
	11.9389 27.5137,
	12.0201 27.5302,
	12.0252 27.5302,
	12.0353 27.534,
	12.0759 27.5378,
	12.1571 27.5416,
	12.1673 27.5441,
	12.1724 27.5467,
	12.1825 27.5479,
	12.2028 27.5543,
	12.213 27.5581,
	12.218 27.5594,
	12.2205 27.5594,
	12.2257 27.5631,
	12.2358 27.5644,
	12.2384 27.567,
	12.279 27.5733,
	12.2891 27.5746,
	12.3094 27.581,
	12.3195 27.5848,
	12.3386 27.5987,
	12.3513 27.619,
	12.3589 27.6596,
	12.3627 27.6698,
	12.3653 27.6723,
	12.3653 27.6748,
	12.3728 27.6837,
	12.3932 27.6977,
	12.3982 27.7015,
	12.402 27.7117,
	12.4033 27.7319,
	12.3995 27.7523,
	12.397 27.7624,
	12.3945 27.7649,
	12.3945 27.7675,
	12.3918 27.7688,
	12.3918 27.7738,
	12.3779 27.7942,
	12.3678 27.803,
	12.364 27.8068,
	12.3538 27.8094,
	12.3513 27.8119,
	12.331 27.8157,
	12.3208 27.8157,
	12.3107 27.8182,
	12.2599 27.8182,
	12.2497 27.822,
	12.2332 27.8386,
	12.2168 27.8576,
	12.1901 27.8969,
	12.1774 27.9159,
	12.1749 27.921,
	12.1546 27.9401,
	12.1482 27.9451,
	12.1457 27.9451,
	12.1407 27.9502,
	12.1203 27.9628,
	12.1165 27.9667,
	12.1115 27.968,
	12.1013 27.9755,
	12.1 27.9781,
	12.095 27.9794,
	12.0861 27.987,
	12.0836 27.9895,
	12.081 27.9895,
	12.0759 27.9946,
	12.0734 27.9946,
	12.0556 28.0073,
	12.0353 28.0174,
	12.0175 28.0289,
	12.0023 28.0453,
	11.9973 28.0491,
	11.9846 28.067,
	11.9719 28.0872,
	11.9693 28.0885,
	11.9681 28.0936,
	11.9529 28.1114,
	11.9439 28.1202,
	"/>
</Transform>

<Transform dim="0"
 xcoef=" 0 1 0 0 0 0"
 ycoef=" 0 0 1 0 0 0">
<Contour name="d28sp16" hidden="false" closed="true" simplified="true" border="1 0 0" fill="1 0 0" mode="11"
 points="6.93926 22.4432,
	6.93502 22.4427,
	6.93396 22.4427,
	6.9329 22.4416,
	6.92866 22.4411,
	6.92441 22.4395,
	6.92229 22.4385,
	6.91804 22.4385,
	6.90955 22.4352,
	6.90744 22.4336,
	6.90637 22.4336,
	6.89895 22.4273,
	6.89577 22.4231,
	6.89364 22.4209,
	6.89312 22.4198,
	6.89205 22.4198,
	6.88781 22.4172,
	6.88569 22.4156,
	6.88357 22.4151,
	6.88198 22.4135,
	6.88039 22.413,
	6.87667 22.4098,
	6.87561 22.4088,
	6.87455 22.4088,
	6.86713 22.4024,
	6.865 22.3987,
	6.86394 22.3966,
	6.86394 22.3945,
	6.86288 22.3922,
	6.86288 22.3838,
	6.86288 22.3817,
	6.86288 22.3812,
	6.86288 22.3807,
	6.86394 22.3763,
	6.86394 22.3721,
	6.86394 22.37,
	6.86872 22.3531,
	6.87031 22.3488,
	6.87083 22.3445,
	6.87349 22.3361,
	6.8772 22.3281,
	6.88198 22.3206,
	6.88357 22.3185,
	6.88781 22.3164,
	6.88994 22.3154,
	6.90691 22.3159,
	6.9154 22.3154,
	6.91964 22.3143,
	6.92176 22.3133,
	6.93873 22.3127,
	6.94722 22.3138,
	6.94775 22.3148,
	6.95624 22.3175,
	6.95836 22.318,
	6.96048 22.3196,
	6.96897 22.3228,
	6.97693 22.3292,
	6.97958 22.3334,
	6.98223 22.3366,
	6.98488 22.3409,
	6.98648 22.343,
	6.987 22.3445,
	6.98859 22.3461,
	6.98912 22.3482,
	6.99072 22.3498,
	6.99337 22.3583,
	6.99497 22.3669,
	6.99549 22.3838,
	6.99443 22.388,
	6.99337 22.3901,
	6.99284 22.3945,
	6.98966 22.4029,
	6.98807 22.4072,
	6.98648 22.4088,
	6.98648 22.4098,
	6.98435 22.4119,
	6.98329 22.414,
	6.98223 22.4151,
	6.98223 22.4161,
	6.97852 22.4198,
	6.97745 22.4215,
	6.97375 22.4247,
	6.97216 22.4268,
	6.97109 22.4268,
	6.96313 22.4336,
	6.95943 22.4364,
	6.95783 22.4379,
	6.95571 22.4385,
	6.95146 22.4411,
	6.94775 22.4427,
	"/>
</Transform>

<Transform dim="0"
 xcoef=" 0 1 0 0 0 0"
 ycoef=" 0 0 1 0 0 0">
<Contour name="d28sp17" hidden="false" closed="true" simplified="true" border="1 0 0" fill="1 0 0" mode="11"
 points="7.88239 23.9013,
	7.86851 23.8987,
	7.81301 23.8978,
	7.80955 23.8978,
	7.80261 23.8952,
	7.79914 23.8935,
	7.79567 23.8935,
	7.78874 23.8909,
	7.78527 23.89,
	7.7818 23.8875,
	7.77486 23.8857,
	7.77139 23.8848,
	7.77052 23.8831,
	7.76359 23.8822,
	7.75145 23.8762,
	7.74798 23.8753,
	7.74624 23.8753,
	7.74538 23.8736,
	7.73931 23.871,
	7.73584 23.87,
	7.7289 23.8649,
	7.72544 23.864,
	7.7237 23.864,
	7.72284 23.8623,
	7.71936 23.8623,
	7.70548 23.858,
	7.70202 23.858,
	7.69856 23.8562,
	7.69162 23.8553,
	7.68814 23.8553,
	7.68554 23.8527,
	7.67861 23.8519,
	7.67514 23.851,
	7.67427 23.8501,
	7.70202 23.8363,
	7.72977 23.8285,
	7.73151 23.8285,
	7.73497 23.8258,
	7.74105 23.8241,
	7.74451 23.8224,
	7.74624 23.8207,
	7.74972 23.8198,
	7.75058 23.8181,
	7.75665 23.8155,
	7.76966 23.8076,
	7.78267 23.7981,
	7.78786 23.7929,
	7.7948 23.7869,
	7.7948 23.7851,
	7.79828 23.7816,
	7.80001 23.7782,
	7.80174 23.7764,
	7.80174 23.7747,
	7.80434 23.7712,
	7.80608 23.7695,
	7.80695 23.766,
	7.80955 23.7634,
	7.80955 23.76,
	7.80955 23.7583,
	7.81128 23.7564,
	7.81301 23.7495,
	7.81475 23.7487,
	7.82429 23.7209,
	7.82602 23.7139,
	7.82862 23.7105,
	7.82862 23.7071,
	7.82862 23.7053,
	7.83036 23.7045,
	7.83036 23.7028,
	7.8321 23.701,
	7.83296 23.694,
	7.83469 23.6932,
	7.83556 23.6862,
	7.8451 23.6585,
	7.84684 23.6516,
	7.84684 23.6498,
	7.84857 23.6481,
	7.85117 23.6342,
	7.85204 23.6272,
	7.8529 23.6238,
	7.85551 23.6255,
	7.86418 23.6385,
	7.86418 23.6403,
	7.86678 23.6438,
	7.86765 23.6472,
	7.87112 23.6498,
	7.87112 23.6516,
	7.87545 23.6559,
	7.87545 23.6576,
	7.87805 23.6594,
	7.88239 23.6663,
	7.88412 23.6663,
	7.88672 23.6697,
	7.89887 23.6784,
	7.91013 23.6889,
	7.91534 23.6949,
	7.92228 23.701,
	7.92748 23.7062,
	7.92834 23.7079,
	7.93008 23.7079,
	7.93182 23.7114,
	7.95523 23.7296,
	7.9691 23.7391,
	7.97084 23.7391,
	7.97344 23.7417,
	7.9769 23.7426,
	7.97951 23.7452,
	7.98298 23.7461,
	7.99599 23.7539,
	8.00899 23.76,
	8.01593 23.7608,
	8.01853 23.7634,
	8.0324 23.7669,
	8.06015 23.7677,
	8.07403 23.7677,
	8.08791 23.7695,
	8.09484 23.7703,
	8.09831 23.7721,
	8.10177 23.7721,
	8.10785 23.7764,
	8.11478 23.779,
	8.12172 23.7851,
	8.12693 23.7903,
	8.13039 23.7946,
	8.13039 23.7963,
	8.13472 23.8033,
	8.13472 23.8068,
	8.13733 23.8137,
	8.1382 23.8414,
	8.13386 23.8553,
	8.13213 23.858,
	8.13039 23.8588,
	8.13039 23.8606,
	8.12346 23.8675,
	8.11999 23.8692,
	8.11825 23.871,
	8.10438 23.8762,
	8.09744 23.8787,
	8.09398 23.8787,
	8.0905 23.8805,
	8.08704 23.8805,
	8.08356 23.8822,
	8.05582 23.8839,
	8.04194 23.8866,
	8.035 23.8875,
	8.02807 23.89,
	8.02114 23.8909,
	8.01766 23.8926,
	8.01072 23.8926,
	7.99685 23.8892,
	7.98992 23.8875,
	7.96217 23.89,
	7.95523 23.8918,
	7.95176 23.8935,
	7.92401 23.8978,
	7.91013 23.9005,
	"/>
</Transform>

<Transform dim="0"
 xcoef=" 0 1 0 0 0 0"
 ycoef=" 0 0 1 0 0 0">
<Contour name="d63sp24" hidden="false" closed="true" simplified="true" border="1 0 0" fill="1 0 0" mode="11"
 points="18.9655 26.6266,
	18.9546 26.6246,
	18.9492 26.6239,
	18.9437 26.6212,
	18.9221 26.6225,
	18.9112 26.6219,
	18.9058 26.6212,
	18.9004 26.6192,
	18.8977 26.6192,
	18.895 26.6178,
	18.8936 26.6178,
	18.8923 26.6165,
	18.8814 26.613,
	18.8705 26.6076,
	18.8692 26.6076,
	18.8678 26.6063,
	18.8652 26.6056,
	18.8631 26.6036,
	18.8604 26.6029,
	18.8509 26.5941,
	18.8476 26.5887,
	18.8462 26.586,
	18.8449 26.5852,
	18.8449 26.5745,
	18.8449 26.5718,
	18.8427 26.567,
	18.8421 26.5643,
	18.8407 26.5636,
	18.8401 26.5609,
	18.838 26.5596,
	18.8326 26.5547,
	18.8231 26.548,
	18.8123 26.5405,
	18.8075 26.5365,
	18.8062 26.5338,
	18.8035 26.5324,
	18.7987 26.5276,
	18.7974 26.5249,
	18.7926 26.5195,
	18.7893 26.5141,
	18.7851 26.5033,
	18.7831 26.4924,
	18.7831 26.4816,
	18.7831 26.4762,
	18.7831 26.4741,
	18.7831 26.4735,
	18.7872 26.4626,
	18.7893 26.4571,
	18.794 26.4524,
	18.7994 26.449,
	18.8007 26.4477,
	18.8062 26.4457,
	18.8075 26.4457,
	18.8089 26.4443,
	18.8305 26.4375,
	18.8414 26.4335,
	18.8631 26.4314,
	18.8712 26.4314,
	18.874 26.4328,
	18.8767 26.4328,
	18.8794 26.4348,
	18.8848 26.4368,
	18.8903 26.4375,
	18.893 26.4382,
	18.8943 26.4395,
	18.9052 26.4422,
	18.9159 26.4429,
	18.9214 26.4429,
	18.9268 26.4395,
	18.9323 26.4375,
	18.9377 26.4341,
	18.9594 26.4308,
	18.9715 26.4308,
	18.9722 26.4321,
	18.9777 26.4335,
	18.9824 26.4382,
	18.9899 26.4443,
	18.9926 26.445,
	18.9946 26.447,
	19.038 26.4531,
	19.0489 26.4538,
	19.0597 26.4558,
	19.0624 26.4565,
	19.0671 26.4599,
	19.0725 26.4646,
	19.0753 26.4673,
	19.0787 26.4728,
	19.0787 26.4741,
	19.0807 26.4768,
	19.082 26.4775,
	19.0854 26.4884,
	19.0875 26.4992,
	19.0875 26.5209,
	19.0854 26.5318,
	19.0847 26.5371,
	19.0882 26.548,
	19.0902 26.5534,
	19.0909 26.5643,
	19.0882 26.569,
	19.0882 26.5703,
	19.0861 26.5731,
	19.084 26.5745,
	19.084 26.5758,
	19.0793 26.5812,
	19.078 26.5832,
	19.0671 26.5907,
	19.0644 26.5914,
	19.0536 26.5988,
	19.0522 26.6002,
	19.0509 26.6002,
	19.0489 26.6029,
	19.0387 26.609,
	19.036 26.6097,
	19.0258 26.6158,
	19.0244 26.6158,
	19.0197 26.6192,
	19.0088 26.6219,
	19.0035 26.6239,
	18.9926 26.6259,
	18.9709 26.6266,
	"/>
</Transform>

<Transform dim="0"
 xcoef=" 0 1 0 0 0 0"
 ycoef=" 0 0 1 0 0 0">
<Contour name="d63sp26" hidden="false" closed="true" simplified="true" border="1 0 0" fill="1 0 0" mode="11"
 points="20.0166 27.9504,
	20.0106 27.9481,
	20.0053 27.9436,
	20.0038 27.9406,
	20.0008 27.9384,
	19.9993 27.9353,
	19.994 27.9301,
	19.991 27.9293,
	19.9888 27.9271,
	19.9646 27.9241,
	19.9587 27.9241,
	19.9346 27.9173,
	19.9286 27.915,
	19.9256 27.9135,
	19.9225 27.9135,
	19.921 27.912,
	19.9195 27.912,
	19.918 27.9105,
	19.915 27.9098,
	19.9135 27.9083,
	19.9075 27.9067,
	19.8961 27.9,
	19.8902 27.8955,
	19.8872 27.8924,
	19.8842 27.8909,
	19.8842 27.8894,
	19.8744 27.8797,
	19.8691 27.8759,
	19.8676 27.8729,
	19.8653 27.8714,
	19.8616 27.8662,
	19.8586 27.8654,
	19.8571 27.8623,
	19.8541 27.8608,
	19.848 27.8556,
	19.839 27.8458,
	19.8345 27.8413,
	19.8322 27.8391,
	19.8315 27.836,
	19.8263 27.83,
	19.8263 27.827,
	19.8224 27.8209,
	19.8179 27.809,
	19.8172 27.8059,
	19.8149 27.8029,
	19.8127 27.8014,
	19.8036 27.7908,
	19.7992 27.7863,
	19.7961 27.7841,
	19.7946 27.7819,
	19.7931 27.7819,
	19.7834 27.772,
	19.781 27.7713,
	19.7765 27.7661,
	19.7706 27.7615,
	19.766 27.757,
	19.7637 27.7555,
	19.7517 27.7442,
	19.7465 27.7397,
	19.745 27.7397,
	19.7344 27.7292,
	19.7262 27.7208,
	19.7262 27.7193,
	19.7208 27.7141,
	19.7179 27.708,
	19.7164 27.7073,
	19.7156 27.7043,
	19.7156 27.7028,
	19.7134 27.7006,
	19.7134 27.6991,
	19.711 27.6968,
	19.7036 27.6727,
	19.7021 27.6667,
	19.7006 27.6637,
	19.696 27.6396,
	19.6945 27.6336,
	19.6945 27.5854,
	19.6952 27.5734,
	19.6998 27.5493,
	19.6998 27.5433,
	19.6991 27.5403,
	19.6952 27.5357,
	19.6809 27.5132,
	19.6787 27.5071,
	19.6765 27.4831,
	19.6765 27.4711,
	19.6765 27.4703,
	19.6787 27.4462,
	19.6794 27.4342,
	19.6817 27.4221,
	19.684 27.4161,
	19.684 27.4131,
	19.6915 27.4011,
	19.7006 27.3898,
	19.7051 27.3845,
	19.7171 27.3762,
	19.7231 27.3747,
	19.7351 27.3747,
	19.7412 27.3755,
	19.7532 27.38,
	19.7563 27.38,
	19.7622 27.3823,
	19.7637 27.3823,
	19.7652 27.3838,
	19.7713 27.3853,
	19.7743 27.3853,
	19.7773 27.3868,
	19.7788 27.3868,
	19.7803 27.3883,
	19.7864 27.3905,
	19.7984 27.3928,
	19.8224 27.4018,
	19.8345 27.4063,
	19.8375 27.4085,
	19.839 27.41,
	19.8406 27.41,
	19.842 27.4116,
	19.8435 27.4116,
	19.8488 27.4161,
	19.8518 27.4169,
	19.8578 27.4221,
	19.8638 27.4259,
	19.8751 27.4364,
	19.8789 27.4425,
	19.8804 27.444,
	19.8849 27.456,
	19.8879 27.4681,
	19.8887 27.4741,
	19.8909 27.48,
	19.8909 27.4831,
	19.8954 27.4952,
	19.8977 27.5012,
	19.8992 27.5041,
	19.9007 27.5056,
	19.903 27.5117,
	19.9097 27.5222,
	19.9165 27.5342,
	19.9173 27.5372,
	19.9203 27.5403,
	19.9278 27.5515,
	19.9308 27.5576,
	19.9331 27.5606,
	19.9331 27.5636,
	19.9399 27.5756,
	19.9436 27.5817,
	19.9489 27.5929,
	19.9526 27.599,
	19.9526 27.6005,
	19.9542 27.602,
	19.9542 27.605,
	19.9587 27.611,
	19.9602 27.614,
	19.9602 27.6155,
	19.9631 27.6185,
	19.97 27.6298,
	19.97 27.6313,
	19.9737 27.6374,
	19.9752 27.6389,
	19.976 27.6419,
	19.976 27.6434,
	19.9774 27.6441,
	19.9774 27.6471,
	19.9828 27.6592,
	19.9858 27.6651,
	19.9858 27.6682,
	19.991 27.6803,
	19.9947 27.6922,
	19.9963 27.7043,
	19.9978 27.7104,
	19.9978 27.7119,
	19.9993 27.7134,
	20.0001 27.7193,
	20.0001 27.7208,
	20.0016 27.7223,
	20.0023 27.7284,
	20.006 27.7405,
	20.0075 27.7464,
	20.0098 27.7494,
	20.0121 27.7555,
	20.0121 27.757,
	20.0144 27.76,
	20.0151 27.763,
	20.0173 27.7661,
	20.0173 27.7691,
	20.0188 27.7698,
	20.0211 27.7758,
	20.0226 27.7788,
	20.0226 27.7804,
	20.0264 27.7856,
	20.0279 27.7871,
	20.0287 27.7901,
	20.0309 27.7923,
	20.0316 27.7954,
	20.0331 27.7969,
	20.0339 27.7999,
	20.0415 27.8112,
	20.0437 27.8142,
	20.0437 27.8157,
	20.0467 27.8179,
	20.0625 27.8413,
	20.0662 27.8473,
	20.0693 27.8503,
	20.0701 27.8533,
	20.073 27.8563,
	20.076 27.8623,
	20.0805 27.8684,
	20.0858 27.8804,
	20.0866 27.8924,
	20.0858 27.8955,
	20.0858 27.897,
	20.0836 27.9,
	20.0836 27.9015,
	20.0813 27.9037,
	20.0805 27.9067,
	20.073 27.918,
	20.0701 27.921,
	20.0693 27.9241,
	20.0647 27.9293,
	20.064 27.9323,
	20.061 27.9353,
	20.0572 27.9406,
	20.0543 27.9436,
	20.0512 27.9451,
	20.0497 27.9451,
	20.0467 27.9474,
	20.0346 27.9496,
	20.0226 27.9504,
	"/>
</Transform>

<Transform dim="0"
 xcoef=" 0 1 0 0 0 0"
 ycoef=" 0 0 1 0 0 0">
<Contour name="d63sp26" hidden="false" closed="true" simplified="true" border="1 0 0" fill="1 0 0" mode="11"
 points="19.7295 27.3309,
	19.7281 27.3306,
	19.7267 27.3295,
	19.7259 27.3284,
	19.7231 27.326,
	19.7192 27.3206,
	19.7167 27.3153,
	19.7106 27.3038,
	19.7099 27.3024,
	19.7092 27.3017,
	19.7088 27.3003,
	19.7053 27.2946,
	19.7039 27.2917,
	19.7018 27.2889,
	19.7018 27.2882,
	19.7004 27.2868,
	19.6993 27.284,
	19.6986 27.2836,
	19.6986 27.2829,
	19.6971 27.2814,
	19.6967 27.28,
	19.695 27.2782,
	19.695 27.2775,
	19.6943 27.2771,
	19.6939 27.2757,
	19.6904 27.2708,
	19.6886 27.2683,
	19.6872 27.2668,
	19.6865 27.2654,
	19.6851 27.264,
	19.6814 27.2587,
	19.68 27.2576,
	19.6793 27.2569,
	19.6793 27.2562,
	19.6779 27.2548,
	19.6765 27.2522,
	19.6744 27.2494,
	19.6737 27.248,
	19.673 27.2473,
	19.673 27.2469,
	19.673 27.2466,
	19.6786 27.2448,
	19.6793 27.2444,
	19.6851 27.2466,
	19.6879 27.2473,
	19.6893 27.248,
	19.6907 27.248,
	19.6936 27.249,
	19.6964 27.2494,
	19.6979 27.2501,
	19.7092 27.2522,
	19.732 27.2548,
	19.7377 27.2551,
	19.7491 27.2541,
	19.7548 27.2522,
	19.7562 27.2519,
	19.7573 27.2508,
	19.7587 27.2504,
	19.7608 27.2487,
	19.763 27.2462,
	19.7633 27.2458,
	19.7637 27.2466,
	19.7619 27.2522,
	19.7605 27.2551,
	19.7598 27.2558,
	19.7573 27.2615,
	19.7573 27.2622,
	19.7566 27.2626,
	19.7562 27.264,
	19.7552 27.265,
	19.7548 27.2664,
	19.748 27.2775,
	19.7473 27.2803,
	19.747 27.2817,
	19.7463 27.2825,
	19.7452 27.2854,
	19.7417 27.3081,
	19.741 27.311,
	19.7401 27.3124,
	19.7391 27.3181,
	19.7373 27.3209,
	19.7373 27.3223,
	19.7352 27.3249,
	19.7345 27.3263,
	19.7345 27.327,
	19.7324 27.3295,
	19.731 27.3306,
	"/>
</Transform>

<Transform dim="0"
 xcoef=" 0 1 0 0 0 0"
 ycoef=" 0 0 1 0 0 0">
<Contour name="d39sp23" hidden="false" closed="true" simplified="true" border="1 0 0" fill="1 0 0" mode="11"
 points="11.3458 27.7432,
	11.3266 27.7426,
	11.3073 27.7408,
	11.2977 27.7408,
	11.2881 27.7396,
	11.2785 27.7372,
	11.2761 27.7372,
	11.2713 27.7354,
	11.2689 27.7342,
	11.2677 27.733,
	11.2665 27.733,
	11.2623 27.7294,
	11.2611 27.7276,
	11.2611 27.7228,
	11.2593 27.7132,
	11.2587 27.7083,
	11.2545 27.6994,
	11.2509 27.6939,
	11.2509 27.6927,
	11.2473 27.688,
	11.2473 27.6868,
	11.2443 27.6826,
	11.2431 27.682,
	11.2425 27.6795,
	11.24 27.6771,
	11.24 27.6759,
	11.2365 27.6712,
	11.2353 27.6694,
	11.2353 27.6682,
	11.2317 27.6639,
	11.2299 27.6621,
	11.2293 27.6597,
	11.2262 27.6562,
	11.2244 27.652,
	11.2209 27.6471,
	11.2197 27.6459,
	11.2191 27.6435,
	11.2173 27.6418,
	11.2167 27.6394,
	11.2149 27.6369,
	11.2137 27.6273,
	11.2137 27.6225,
	11.2137 27.6207,
	11.2137 27.6201,
	11.2167 27.6106,
	11.2191 27.6057,
	11.2203 27.5865,
	11.2197 27.5817,
	11.2179 27.5769,
	11.2167 27.5745,
	11.2155 27.5648,
	11.2155 27.5601,
	11.2209 27.5409,
	11.2227 27.536,
	11.2233 27.5336,
	11.2244 27.5325,
	11.225 27.5277,
	11.2281 27.518,
	11.2323 27.4989,
	11.2323 27.4965,
	11.2323 27.4952,
	11.2335 27.494,
	11.2353 27.4845,
	11.2359 27.4796,
	11.2371 27.4784,
	11.24 27.4689,
	11.24 27.4677,
	11.2467 27.458,
	11.2467 27.4568,
	11.255 27.449,
	11.2599 27.4454,
	11.2611 27.4454,
	11.2683 27.4382,
	11.2773 27.4322,
	11.2821 27.4316,
	11.2846 27.431,
	11.2893 27.4322,
	11.2941 27.4352,
	11.2953 27.4352,
	11.2977 27.437,
	11.3019 27.4389,
	11.3031 27.4389,
	11.3037 27.44,
	11.3061 27.44,
	11.3085 27.4418,
	11.3175 27.4436,
	11.3223 27.4454,
	11.332 27.4454,
	11.3511 27.4406,
	11.3608 27.4412,
	11.362 27.4424,
	11.371 27.4448,
	11.3758 27.446,
	11.377 27.4472,
	11.3866 27.4508,
	11.3908 27.4545,
	11.3932 27.4556,
	11.395 27.458,
	11.3998 27.461,
	11.4022 27.4622,
	11.4028 27.4634,
	11.404 27.4634,
	11.4052 27.4658,
	11.4076 27.4664,
	11.4124 27.4707,
	11.4148 27.4718,
	11.4166 27.4742,
	11.4178 27.4742,
	11.4268 27.4815,
	11.4292 27.4821,
	11.434 27.4851,
	11.4364 27.4868,
	11.4388 27.4874,
	11.4472 27.4928,
	11.4496 27.4946,
	11.4508 27.4946,
	11.4551 27.4977,
	11.4592 27.4995,
	11.4682 27.5048,
	11.4707 27.506,
	11.4719 27.506,
	11.4742 27.5078,
	11.4766 27.5084,
	11.479 27.5103,
	11.4802 27.5103,
	11.4892 27.5169,
	11.4898 27.518,
	11.491 27.518,
	11.4995 27.5253,
	11.5019 27.5265,
	11.5066 27.5307,
	11.5108 27.5336,
	11.5204 27.5415,
	11.5216 27.5415,
	11.5259 27.5451,
	11.5277 27.5469,
	11.5301 27.5475,
	11.5337 27.551,
	11.536 27.5535,
	11.536 27.5547,
	11.5378 27.5565,
	11.5384 27.5589,
	11.5403 27.5613,
	11.5427 27.5709,
	11.5433 27.5805,
	11.5421 27.5901,
	11.5397 27.5997,
	11.5354 27.6087,
	11.5349 27.6112,
	11.5331 27.6129,
	11.5295 27.6225,
	11.5277 27.6273,
	11.5246 27.6465,
	11.5216 27.6562,
	11.5204 27.6585,
	11.5198 27.6682,
	11.5198 27.673,
	11.5198 27.6753,
	11.5216 27.6777,
	11.5222 27.6801,
	11.5222 27.6814,
	11.524 27.6838,
	11.5246 27.6886,
	11.5228 27.6927,
	11.5187 27.697,
	11.5169 27.6988,
	11.5157 27.6988,
	11.5133 27.7012,
	11.5108 27.7018,
	11.5084 27.7036,
	11.4995 27.7065,
	11.4898 27.7108,
	11.4851 27.7138,
	11.4826 27.7144,
	11.473 27.7198,
	11.4707 27.7203,
	11.4682 27.7221,
	11.4634 27.7221,
	11.4586 27.7234,
	11.4394 27.724,
	11.4346 27.724,
	11.425 27.7264,
	11.4202 27.7282,
	11.4178 27.7282,
	11.4082 27.7312,
	11.389 27.7342,
	11.3842 27.7354,
	11.3746 27.7359,
	11.3722 27.7365,
	11.371 27.7378,
	11.3614 27.7396,
	11.3602 27.7408,
	11.3554 27.7408,
	"/>
</Transform>

<Transform dim="0"
 xcoef=" 0 1 0 0 0 0"
 ycoef=" 0 0 1 0 0 0">
<Contour name="d39sp24" hidden="false" closed="true" simplified="true" border="1 0 0" fill="1 0 0" mode="11"
 points="11.4331 29.1599,
	11.4228 29.1573,
	11.4178 29.1567,
	11.4075 29.1535,
	11.405 29.1529,
	11.4037 29.1516,
	11.4012 29.151,
	11.3909 29.1433,
	11.3878 29.1388,
	11.3878 29.1376,
	11.3859 29.1363,
	11.3852 29.135,
	11.384 29.135,
	11.382 29.1325,
	11.3807 29.1325,
	11.3712 29.1254,
	11.366 29.1222,
	11.3635 29.1203,
	11.3629 29.1191,
	11.3616 29.1191,
	11.3565 29.1159,
	11.3526 29.1133,
	11.3501 29.1126,
	11.345 29.1095,
	11.3425 29.1088,
	11.3412 29.1076,
	11.3386 29.1076,
	11.336 29.1063,
	11.3348 29.105,
	11.3252 29.1005,
	11.3201 29.098,
	11.3188 29.0967,
	11.3176 29.0967,
	11.308 29.091,
	11.3035 29.0885,
	11.3022 29.0885,
	11.301 29.0871,
	11.2997 29.0871,
	11.2977 29.0852,
	11.2952 29.0845,
	11.2939 29.0833,
	11.2914 29.0826,
	11.2901 29.0826,
	11.2882 29.0801,
	11.283 29.0782,
	11.2818 29.0769,
	11.2792 29.0763,
	11.278 29.075,
	11.2729 29.0738,
	11.2704 29.0718,
	11.2677 29.0711,
	11.2652 29.0692,
	11.2601 29.068,
	11.2576 29.0661,
	11.2473 29.0629,
	11.2467 29.0616,
	11.2416 29.0604,
	11.239 29.0591,
	11.2384 29.0577,
	11.2282 29.0539,
	11.2084 29.0424,
	11.2071 29.0412,
	11.2058 29.0412,
	11.1962 29.0335,
	11.1765 29.0208,
	11.158 29.008,
	11.1478 29.0016,
	11.1427 28.9978,
	11.1401 28.9971,
	11.1375 28.9952,
	11.1363 28.9939,
	11.1337 28.9933,
	11.1299 28.9901,
	11.1248 28.9869,
	11.1209 28.9837,
	11.1113 28.9774,
	11.1063 28.9722,
	11.0973 28.964,
	11.0929 28.9602,
	11.0891 28.955,
	11.0839 28.9447,
	11.0807 28.9403,
	11.0801 28.9378,
	11.0782 28.9352,
	11.075 28.925,
	11.0731 28.9199,
	11.0718 28.9097,
	11.0718 28.9046,
	11.0705 28.8994,
	11.0699 28.8791,
	11.0699 28.8739,
	11.0699 28.8726,
	11.0699 28.872,
	11.0724 28.8619,
	11.0731 28.8567,
	11.0731 28.8541,
	11.0744 28.8529,
	11.0756 28.8426,
	11.082 28.8223,
	11.0839 28.8172,
	11.091 28.8076,
	11.0922 28.805,
	11.0948 28.8031,
	11.0948 28.8018,
	11.0993 28.7967,
	11.1031 28.7935,
	11.1056 28.7916,
	11.1082 28.791,
	11.1094 28.7897,
	11.1107 28.7897,
	11.112 28.7884,
	11.1325 28.7884,
	11.1528 28.7897,
	11.1631 28.7891,
	11.1682 28.7884,
	11.1708 28.7884,
	11.1759 28.7852,
	11.1797 28.7852,
	11.1848 28.782,
	11.1874 28.7801,
	11.1886 28.7801,
	11.1981 28.7743,
	11.2008 28.7737,
	11.2033 28.7718,
	11.2084 28.7699,
	11.2109 28.7686,
	11.2314 28.7693,
	11.2365 28.7712,
	11.239 28.7718,
	11.2492 28.7776,
	11.2511 28.7801,
	11.2537 28.7808,
	11.262 28.7877,
	11.2665 28.791,
	11.2742 28.7992,
	11.2767 28.8038,
	11.2786 28.8063,
	11.2792 28.8089,
	11.2811 28.8114,
	11.2811 28.8139,
	11.2844 28.8235,
	11.285 28.8261,
	11.2869 28.8286,
	11.2876 28.8338,
	11.2907 28.8439,
	11.292 28.8465,
	11.292 28.8491,
	11.2945 28.8541,
	11.2958 28.8567,
	11.2977 28.858,
	11.2997 28.8625,
	11.3035 28.8676,
	11.3048 28.8701,
	11.306 28.8714,
	11.308 28.8765,
	11.3086 28.8791,
	11.3099 28.8797,
	11.3125 28.8899,
	11.3131 28.9001,
	11.3131 28.9053,
	11.3111 28.9154,
	11.3054 28.9359,
	11.3035 28.9461,
	11.306 28.9512,
	11.306 28.9537,
	11.3073 28.955,
	11.3073 28.9563,
	11.3086 28.9575,
	11.3105 28.9627,
	11.3118 28.9652,
	11.3118 28.9678,
	11.3138 28.9703,
	11.3163 28.9805,
	11.3176 28.9908,
	11.3169 29.0009,
	11.3144 29.0061,
	11.3125 29.0086,
	11.3086 29.0189,
	11.3092 29.0392,
	11.3092 29.0418,
	11.3118 29.047,
	11.3118 29.0495,
	11.3131 29.0508,
	11.3131 29.0533,
	11.3144 29.0539,
	11.3144 29.0565,
	11.3182 29.061,
	11.3195 29.0623,
	11.3207 29.0623,
	11.3258 29.0654,
	11.3284 29.0673,
	11.3386 29.0705,
	11.3398 29.0705,
	11.3412 29.0718,
	11.3513 29.0744,
	11.361 29.0814,
	11.3635 29.0826,
	11.3648 29.0839,
	11.375 29.0839,
	11.3801 29.0826,
	11.3826 29.0814,
	11.3928 29.0795,
	11.4031 29.0788,
	11.4056 29.0788,
	11.4082 29.0807,
	11.4107 29.0814,
	11.4152 29.0852,
	11.4165 29.0871,
	11.419 29.0885,
	11.428 29.0967,
	11.4286 29.098,
	11.4299 29.098,
	11.4331 29.1025,
	11.4427 29.1095,
	11.4446 29.112,
	11.4528 29.1184,
	11.4528 29.1197,
	11.4555 29.121,
	11.4561 29.1229,
	11.4637 29.1312,
	11.465 29.1337,
	11.4662 29.1344,
	11.4662 29.1369,
	11.4643 29.142,
	11.4637 29.1446,
	11.4612 29.1465,
	11.4612 29.1478,
	11.4567 29.1522,
	11.4541 29.1548,
	11.4528 29.1548,
	11.4484 29.158,
	11.4433 29.1599,
	"/>
</Transform>

<Transform dim="0"
 xcoef=" 0 1 0 0 0 0"
 ycoef=" 0 0 1 0 0 0">
<Contour name="d28sp18" hidden="false" closed="true" simplified="true" border="1 0 0" fill="1 0 0" mode="11"
 points="6.59022 24.0485,
	6.57755 24.0462,
	6.57438 24.0462,
	6.56804 24.0438,
	6.55537 24.0414,
	6.5522 24.0406,
	6.55062 24.0406,
	6.54904 24.039,
	6.53636 24.0366,
	6.52369 24.0359,
	6.51736 24.0343,
	6.50469 24.0335,
	6.47934 24.028,
	6.47618 24.0263,
	6.47142 24.0263,
	6.47063 24.0247,
	6.46429 24.0232,
	6.46112 24.0224,
	6.46033 24.0208,
	6.454 24.02,
	6.4437 24.0121,
	6.43658 24.0003,
	6.4342 23.9939,
	6.43261 23.9907,
	6.43261 23.9876,
	6.43023 23.9812,
	6.42865 23.9685,
	6.42787 23.9432,
	6.42787 23.9306,
	6.42787 23.9298,
	6.42945 23.9171,
	6.43103 23.9107,
	6.43103 23.9076,
	6.43261 23.906,
	6.43974 23.8806,
	6.43974 23.8775,
	6.4437 23.8648,
	6.44449 23.8616,
	6.44607 23.8601,
	6.44607 23.8569,
	6.44925 23.8505,
	6.4532 23.8379,
	6.45558 23.8316,
	6.45638 23.8252,
	6.45875 23.8189,
	6.46033 23.8157,
	6.46033 23.8125,
	6.46509 23.7999,
	6.46667 23.7935,
	6.46746 23.7904,
	6.46905 23.7888,
	6.47063 23.7824,
	6.47142 23.7793,
	6.4738 23.7761,
	6.4738 23.773,
	6.47855 23.7611,
	6.47855 23.7579,
	6.48013 23.757,
	6.48171 23.7507,
	6.4833 23.75,
	6.48726 23.7373,
	6.49518 23.7254,
	6.49835 23.7222,
	6.50073 23.7207,
	6.50389 23.7175,
	6.50547 23.7159,
	6.50706 23.7159,
	6.51182 23.7111,
	6.51815 23.7064,
	6.52131 23.7056,
	6.5332 23.6953,
	6.53478 23.6953,
	6.53795 23.6922,
	6.53953 23.6922,
	6.54587 23.6882,
	6.54904 23.6858,
	6.5522 23.685,
	6.55537 23.6826,
	6.55853 23.6818,
	6.56013 23.6803,
	6.56171 23.6803,
	6.5625 23.6787,
	6.56567 23.6787,
	6.56725 23.6771,
	6.56884 23.6771,
	6.56962 23.6755,
	6.5823 23.6715,
	6.58388 23.6715,
	6.58467 23.6699,
	6.59101 23.6676,
	6.59418 23.6668,
	6.59576 23.6652,
	6.59893 23.6644,
	6.60051 23.6644,
	6.60606 23.6597,
	6.60922 23.6581,
	6.61477 23.6525,
	6.61477 23.651,
	6.61715 23.6486,
	6.61793 23.6462,
	6.62586 23.6351,
	6.62824 23.6328,
	6.62824 23.6312,
	6.63615 23.6209,
	6.6409 23.6145,
	6.64249 23.6129,
	6.64249 23.6113,
	6.64566 23.609,
	6.64644 23.6058,
	6.65041 23.6002,
	6.65199 23.5987,
	6.65199 23.5971,
	6.65595 23.5916,
	6.65833 23.5892,
	6.66308 23.5765,
	6.66466 23.5701,
	6.66466 23.5575,
	6.66704 23.5449,
	6.66942 23.5385,
	6.67417 23.5322,
	6.67655 23.529,
	6.67655 23.5274,
	6.6805 23.5234,
	6.68446 23.5361,
	6.68446 23.5377,
	6.68605 23.5385,
	6.68605 23.5401,
	6.68763 23.5416,
	6.68842 23.5449,
	6.69714 23.5575,
	6.70506 23.5686,
	6.70743 23.5717,
	6.70901 23.5717,
	6.70981 23.5734,
	6.71139 23.5734,
	6.71535 23.5781,
	6.72723 23.586,
	6.73752 23.5963,
	6.74307 23.6002,
	6.74624 23.6035,
	6.75495 23.6129,
	6.75654 23.6162,
	6.77792 23.6359,
	6.78821 23.6486,
	6.79376 23.6541,
	6.79455 23.6549,
	6.79376 23.6557,
	6.79455 23.6565,
	6.79296 23.6572,
	6.7898 23.6565,
	6.78663 23.6589,
	6.78346 23.6597,
	6.78188 23.6597,
	6.7803 23.6613,
	6.76763 23.6652,
	6.76445 23.666,
	6.76287 23.666,
	6.7597 23.6684,
	6.75812 23.6699,
	6.75495 23.6707,
	6.75257 23.6732,
	6.75099 23.6732,
	6.74783 23.6763,
	6.74624 23.6763,
	6.74148 23.6803,
	6.72881 23.685,
	6.72248 23.6874,
	6.7209 23.689,
	6.71931 23.689,
	6.71852 23.6906,
	6.71219 23.6929,
	6.70901 23.6953,
	6.70822 23.6969,
	6.70664 23.6969,
	6.69714 23.7072,
	6.69476 23.7096,
	6.69397 23.7127,
	6.69001 23.7183,
	6.68842 23.7207,
	6.68842 23.7222,
	6.68446 23.7285,
	6.6805 23.7404,
	6.67813 23.7531,
	6.67733 23.7658,
	6.67892 23.7912,
	6.67892 23.7943,
	6.6805 23.7974,
	6.68288 23.8101,
	6.68684 23.822,
	6.68842 23.8236,
	6.68921 23.8267,
	6.68921 23.8284,
	6.69159 23.8316,
	6.69239 23.8347,
	6.69476 23.8379,
	6.69634 23.8442,
	6.69714 23.8474,
	6.69872 23.8482,
	6.69872 23.8513,
	6.70188 23.8577,
	6.70268 23.8609,
	6.70268 23.8624,
	6.70426 23.864,
	6.70822 23.8767,
	6.70981 23.8894,
	6.70981 23.9147,
	6.70822 23.9273,
	6.70585 23.9337,
	6.70506 23.94,
	6.70426 23.9432,
	6.70268 23.9448,
	6.7011 23.9511,
	6.69951 23.9519,
	6.6908 23.9757,
	6.68842 23.9788,
	6.68605 23.9843,
	6.68446 23.9852,
	6.68368 23.9884,
	6.66704 24.0113,
	6.65753 24.0216,
	6.65437 24.0232,
	6.65279 24.0263,
	6.6512 24.0263,
	6.64962 24.0296,
	6.63853 24.0382,
	6.63299 24.043,
	6.62982 24.0438,
	6.62824 24.0454,
	6.61556 24.0485,
	"/>
</Transform>

<Transform dim="0"
 xcoef=" 0 1 0 0 0 0"
 ycoef=" 0 0 1 0 0 0">
<Contour name="d63sp27" hidden="false" closed="true" simplified="true" border="1 0 0" fill="1 0 0" mode="11"
 points="19.6072 25.8969,
	19.5996 25.8941,
	19.5841 25.8912,
	19.5765 25.8893,
	19.5612 25.884,
	19.5535 25.8811,
	19.5459 25.8773,
	19.544 25.8759,
	19.5286 25.871,
	19.5209 25.8682,
	19.5171 25.8667,
	19.5018 25.8658,
	19.4979 25.8653,
	19.4941 25.8658,
	19.4787 25.8725,
	19.4634 25.8802,
	19.4557 25.884,
	19.4404 25.8887,
	19.4365 25.8903,
	19.4289 25.8912,
	19.425 25.8922,
	19.4097 25.8887,
	19.4021 25.8873,
	19.4002 25.8868,
	19.3925 25.8883,
	19.3847 25.8912,
	19.3809 25.8922,
	19.379 25.8931,
	19.358 25.8931,
	19.3503 25.8898,
	19.3426 25.8854,
	19.3387 25.8826,
	19.3368 25.8811,
	19.3066 25.8759,
	19.3057 25.8759,
	19.2904 25.8634,
	19.2866 25.8605,
	19.2826 25.8566,
	19.2822 25.8557,
	19.2784 25.8547,
	19.2741 25.8471,
	19.2736 25.8451,
	19.2741 25.8413,
	19.2711 25.826,
	19.2697 25.8227,
	19.2621 25.8184,
	19.2467 25.8121,
	19.2314 25.802,
	19.2161 25.7906,
	19.2084 25.7862,
	19.193 25.78,
	19.1853 25.7786,
	19.1815 25.7781,
	19.1662 25.78,
	19.1508 25.7795,
	19.1202 25.7747,
	19.1125 25.7756,
	19.1087 25.7756,
	19.0933 25.7781,
	19.0856 25.779,
	19.0818 25.7795,
	19.0665 25.7786,
	19.0511 25.7675,
	19.0497 25.7661,
	19.0492 25.7642,
	19.0434 25.7565,
	19.0396 25.7527,
	19.0391 25.7373,
	19.0387 25.7335,
	19.0387 25.7315,
	19.0325 25.7162,
	19.0301 25.7086,
	19.0271 25.6932,
	19.0267 25.6779,
	19.0267 25.6759,
	19.0267 25.6749,
	19.0267 25.6745,
	19.0295 25.6669,
	19.0306 25.665,
	19.0306 25.661,
	19.031 25.6591,
	19.0368 25.6515,
	19.0445 25.6448,
	19.0521 25.639,
	19.0598 25.6343,
	19.0636 25.6304,
	19.0655 25.6304,
	19.0674 25.6294,
	19.0751 25.6228,
	19.0789 25.6199,
	19.0867 25.6127,
	19.0905 25.6098,
	19.0924 25.6084,
	19.0962 25.6074,
	19.0981 25.607,
	19.1058 25.6011,
	19.1134 25.5983,
	19.1288 25.5945,
	19.1365 25.5945,
	19.1403 25.594,
	19.1442 25.5926,
	19.148 25.5896,
	19.1518 25.5887,
	19.1547 25.5887,
	19.1586 25.5858,
	19.1739 25.5787,
	19.181 25.5762,
	19.182 25.5743,
	19.1858 25.5733,
	19.1878 25.5729,
	19.1888 25.571,
	19.1897 25.57,
	19.1935 25.57,
	19.1954 25.5691,
	19.1973 25.5671,
	19.2012 25.5662,
	19.2046 25.5638,
	19.2122 25.5613,
	19.2161 25.5604,
	19.2237 25.5566,
	19.2314 25.5542,
	19.2621 25.5485,
	19.2774 25.5455,
	19.2812 25.5446,
	19.3426 25.5446,
	19.3503 25.5455,
	19.3541 25.5455,
	19.3847 25.5509,
	19.4002 25.5532,
	19.404 25.5537,
	19.4059 25.5537,
	19.4097 25.5571,
	19.4404 25.5671,
	19.4443 25.5691,
	19.4519 25.5705,
	19.4672 25.5768,
	19.4711 25.5787,
	19.4787 25.5796,
	19.4825 25.5825,
	19.4979 25.5872,
	19.5056 25.5901,
	19.5075 25.5911,
	19.5113 25.5916,
	19.5127 25.5935,
	19.5138 25.5945,
	19.5176 25.5954,
	19.5214 25.5983,
	19.5271 25.5983,
	19.531 25.6002,
	19.5348 25.603,
	19.5502 25.6074,
	19.5655 25.6155,
	19.5808 25.6261,
	19.5847 25.628,
	19.5866 25.629,
	19.5942 25.6367,
	19.5961 25.6381,
	19.5981 25.6419,
	19.5991 25.6438,
	19.6144 25.6587,
	19.6182 25.6621,
	19.6259 25.6669,
	19.6413 25.6683,
	19.6566 25.6688,
	19.672 25.6683,
	19.6796 25.6678,
	19.6854 25.6678,
	19.693 25.674,
	19.6968 25.6779,
	19.7007 25.6855,
	19.7031 25.6893,
	19.7098 25.697,
	19.7127 25.7008,
	19.728 25.7018,
	19.73 25.7023,
	19.7338 25.7052,
	19.7443 25.7206,
	19.7458 25.7225,
	19.7505 25.7531,
	19.7524 25.7685,
	19.7534 25.7762,
	19.7524 25.7838,
	19.7477 25.7991,
	19.7467 25.8029,
	19.7357 25.8184,
	19.7338 25.8222,
	19.73 25.8255,
	19.728 25.8269,
	19.726 25.8307,
	19.6954 25.8566,
	19.68 25.8696,
	19.6762 25.8725,
	19.6743 25.8739,
	19.6705 25.8749,
	19.6628 25.8802,
	19.659 25.8826,
	19.6283 25.8912,
	19.613 25.8955,
	19.6091 25.8969,
	"/>
</Transform>

<Transform dim="0"
 xcoef=" 0 1 0 0 0 0"
 ycoef=" 0 0 1 0 0 0">
<Contour name="d63c26" hidden="false" closed="true" simplified="true" border="0 0 1" fill="0 0 1" mode="11"
 points="19.8534 27.8822,
	19.8526 27.8814,
	19.8495 27.8802,
	19.8487 27.8795,
	19.8479 27.8795,
	19.8448 27.8766,
	19.8416 27.8747,
	19.8413 27.8739,
	19.8405 27.8739,
	19.838 27.8711,
	19.8372 27.8711,
	19.8314 27.8657,
	19.8278 27.8597,
	19.8274 27.8565,
	19.8274 27.855,
	19.8274 27.8542,
	19.8274 27.8538,
	19.8278 27.8522,
	19.829 27.8506,
	19.8302 27.8474,
	19.8302 27.8459,
	19.8325 27.8427,
	19.8337 27.8396,
	19.8357 27.8369,
	19.8361 27.8352,
	19.8401 27.8293,
	19.842 27.8262,
	19.8436 27.8258,
	19.8467 27.8238,
	19.8499 27.8235,
	19.853 27.8238,
	19.8594 27.827,
	19.8625 27.8289,
	19.8637 27.8297,
	19.8696 27.8356,
	19.8724 27.8388,
	19.8736 27.842,
	19.8747 27.8431,
	19.8759 27.8463,
	19.8779 27.8494,
	19.8779 27.8526,
	19.8779 27.8542,
	19.8751 27.8605,
	19.8732 27.8636,
	19.8724 27.8644,
	19.8724 27.8653,
	19.87 27.8676,
	19.8693 27.8707,
	19.8641 27.8766,
	19.8617 27.8795,
	19.8586 27.8814,
	19.8582 27.8822,
	"/>
</Transform>

<Transform dim="0"
 xcoef=" 0 1 0 0 0 0"
 ycoef=" 0 0 1 0 0 0">
<Contour name="d63c27" hidden="false" closed="true" simplified="true" border="0 0 1" fill="0 0 1" mode="11"
 points="19.4135 25.9371,
	19.3864 25.9367,
	19.3796 25.9363,
	19.3763 25.9354,
	19.3746 25.935,
	19.3737 25.9342,
	19.3669 25.9329,
	19.3652 25.9321,
	19.3619 25.9315,
	19.3602 25.9307,
	19.3568 25.9303,
	19.35 25.9278,
	19.3483 25.9278,
	19.3466 25.9265,
	19.345 25.9265,
	19.3415 25.9248,
	19.3398 25.9248,
	19.3267 25.9185,
	19.32 25.9142,
	19.3166 25.9121,
	19.314 25.91,
	19.3072 25.9058,
	19.2937 25.8952,
	19.292 25.8935,
	19.2912 25.8935,
	19.278 25.8816,
	19.2712 25.8749,
	19.2657 25.8681,
	19.2624 25.8614,
	19.2611 25.8579,
	19.2611 25.8444,
	19.2611 25.8414,
	19.2611 25.841,
	19.2641 25.8343,
	19.2641 25.8326,
	19.2674 25.8262,
	19.2726 25.8195,
	19.2743 25.8177,
	19.281 25.813,
	19.2878 25.8101,
	19.2945 25.8093,
	19.2979 25.8084,
	19.3114 25.8076,
	19.3183 25.8076,
	19.32 25.8072,
	19.3233 25.8051,
	19.3301 25.8033,
	19.3437 25.8024,
	19.3572 25.8029,
	19.3842 25.8076,
	19.3978 25.8114,
	19.452 25.8168,
	19.4656 25.8168,
	19.4927 25.8207,
	19.4995 25.8228,
	19.5012 25.8232,
	19.502 25.8232,
	19.5037 25.8245,
	19.5045 25.8245,
	19.5054 25.8253,
	19.5062 25.8253,
	19.5096 25.8283,
	19.5113 25.8295,
	19.5135 25.833,
	19.5156 25.8397,
	19.5168 25.8465,
	19.5168 25.8533,
	19.5168 25.8566,
	19.5092 25.8837,
	19.5066 25.8906,
	19.5033 25.8973,
	19.5012 25.9007,
	19.4948 25.9071,
	19.4914 25.9096,
	19.4846 25.9134,
	19.4711 25.9194,
	19.4643 25.9219,
	19.4609 25.924,
	19.4474 25.9286,
	19.444 25.9303,
	19.4406 25.9307,
	19.4338 25.9329,
	19.427 25.9337,
	19.4203 25.9363,
	"/>
</Transform>

<Transform dim="0"
 xcoef=" 0 1 0 0 0 0"
 ycoef=" 0 0 1 0 0 0">
<Contour name="d56sp17" hidden="false" closed="true" simplified="true" border="1 0 0" fill="1 0 0" mode="11"
 points="22.7524 23.3336,
	22.7398 23.3296,
	22.7145 23.3249,
	22.7019 23.3249,
	22.6955 23.3241,
	22.6892 23.3249,
	22.6829 23.3241,
	22.6797 23.3241,
	22.6734 23.3217,
	22.667 23.3209,
	22.6553 23.3161,
	22.6489 23.3146,
	22.6362 23.3075,
	22.6244 23.2972,
	22.615 23.2846,
	22.6102 23.2783,
	22.6078 23.2759,
	22.6078 23.2744,
	22.5952 23.2649,
	22.5825 23.2577,
	22.5794 23.2553,
	22.5762 23.2553,
	22.5636 23.2498,
	22.5604 23.2491,
	22.5589 23.2491,
	22.5573 23.2475,
	22.5541 23.2467,
	22.5525 23.245,
	22.5462 23.2435,
	22.5398 23.2395,
	22.5336 23.2372,
	22.5209 23.23,
	22.5178 23.2277,
	22.5162 23.2277,
	22.5154 23.2261,
	22.5091 23.2238,
	22.5028 23.2198,
	22.4996 23.2183,
	22.4981 23.2166,
	22.4964 23.2166,
	22.4948 23.215,
	22.4917 23.2142,
	22.479 23.2064,
	22.4728 23.2024,
	22.4696 23.2016,
	22.457 23.1938,
	22.4554 23.1922,
	22.4522 23.1914,
	22.4459 23.1866,
	22.4395 23.1835,
	22.4143 23.1661,
	22.4079 23.1637,
	22.3826 23.1472,
	22.3795 23.1447,
	22.3732 23.1424,
	22.37 23.14,
	22.3574 23.1361,
	22.3511 23.1329,
	22.3258 23.1266,
	22.3242 23.125,
	22.3211 23.125,
	22.3195 23.1234,
	22.3132 23.1227,
	22.3115 23.1227,
	22.31 23.1211,
	22.2973 23.1179,
	22.2721 23.1139,
	22.2657 23.1131,
	22.2404 23.1045,
	22.2342 23.1021,
	22.231 23.1005,
	22.2279 23.1005,
	22.2247 23.0981,
	22.1994 23.0895,
	22.1868 23.0863,
	22.1843 23.0839,
	22.1781 23.0831,
	22.1275 23.0658,
	22.1212 23.0626,
	22.1085 23.0531,
	22.1023 23.0476,
	22.0999 23.0444,
	22.0975 23.0326,
	22.0975 23.0317,
	22.1023 23.0192,
	22.103 23.016,
	22.103 23.0144,
	22.1046 23.0128,
	22.1054 23.0097,
	22.1101 23.0033,
	22.1117 23.0002,
	22.1181 22.9947,
	22.1307 22.9907,
	22.137 22.9883,
	22.1434 22.9875,
	22.1449 22.9859,
	22.1576 22.9844,
	22.1638 22.9828,
	22.1765 22.982,
	22.1796 22.9812,
	22.1812 22.9812,
	22.1843 22.9789,
	22.197 22.9741,
	22.2002 22.9717,
	22.2065 22.9694,
	22.2192 22.9623,
	22.2254 22.9599,
	22.2373 22.952,
	22.2404 22.9497,
	22.242 22.9497,
	22.2673 22.9298,
	22.2729 22.9236,
	22.276 22.922,
	22.2823 22.9156,
	22.2856 22.9125,
	22.2871 22.9109,
	22.2871 22.9094,
	22.31 22.8848,
	22.314 22.8786,
	22.3242 22.8659,
	22.3274 22.8595,
	22.3368 22.8469,
	22.3376 22.8437,
	22.3448 22.8311,
	22.3479 22.8248,
	22.3518 22.7995,
	22.3526 22.7742,
	22.355 22.7616,
	22.359 22.749,
	22.3598 22.7458,
	22.3653 22.7418,
	22.3906 22.7403,
	22.4159 22.7458,
	22.4285 22.7506,
	22.4317 22.7514,
	22.4372 22.7561,
	22.4435 22.7687,
	22.4475 22.7814,
	22.4522 22.8067,
	22.453 22.8319,
	22.4498 22.8825,
	22.449 22.9331,
	22.4514 22.9583,
	22.453 22.9709,
	22.4545 22.9773,
	22.4545 22.9805,
	22.4633 23.0058,
	22.4759 23.031,
	22.483 23.0436,
	22.4838 23.0468,
	22.4862 23.05,
	22.4878 23.0563,
	22.4925 23.0626,
	22.4933 23.0658,
	22.5043 23.0784,
	22.5059 23.0816,
	22.5565 23.1274,
	22.562 23.1337,
	22.5651 23.1353,
	22.577 23.1472,
	22.5897 23.1542,
	22.5959 23.1574,
	22.5992 23.1589,
	22.6118 23.1606,
	22.6181 23.1622,
	22.6212 23.1637,
	22.6339 23.1653,
	22.6465 23.1684,
	22.6972 23.1739,
	22.7477 23.1724,
	22.7603 23.17,
	22.7856 23.1692,
	22.7983 23.1692,
	22.8014 23.1677,
	22.814 23.1669,
	22.8267 23.1677,
	22.8283 23.1692,
	22.8345 23.1716,
	22.8472 23.1732,
	22.8536 23.1739,
	22.8788 23.1716,
	22.9041 23.1677,
	22.9072 23.1677,
	22.9105 23.1661,
	22.9167 23.1661,
	22.942 23.1606,
	22.9547 23.1566,
	22.9673 23.1487,
	22.9736 23.148,
	22.9752 23.1472,
	22.976 23.148,
	22.9697 23.1542,
	22.9625 23.1669,
	22.9617 23.17,
	22.9617 23.1716,
	22.9602 23.1732,
	22.9578 23.1858,
	22.957 23.1985,
	22.9578 23.2111,
	22.961 23.2238,
	22.9633 23.23,
	22.9657 23.2333,
	22.9681 23.2395,
	22.9783 23.2522,
	22.9831 23.2585,
	22.9839 23.2601,
	22.9775 23.2633,
	22.9649 23.2672,
	22.9522 23.2735,
	22.9491 23.2744,
	22.9475 23.2744,
	22.9444 23.2767,
	22.9191 23.2838,
	22.9128 23.2861,
	22.9096 23.2861,
	22.9033 23.2894,
	22.8906 23.2917,
	22.8875 23.2933,
	22.8622 23.2988,
	22.8495 23.3004,
	22.8369 23.3004,
	22.8117 23.298,
	22.8053 23.2972,
	22.799 23.3011,
	22.7887 23.3138,
	22.784 23.3202,
	22.7777 23.3264,
	22.7714 23.3304,
	22.765 23.3328,
	"/>
</Transform>

<Transform dim="0"
 xcoef=" 0 1 0 0 0 0"
 ycoef=" 0 0 1 0 0 0">
<Contour name="d63p25" hidden="false" closed="true" simplified="true" border="1 0 0" fill="1 0 0" mode="11"
 points="20.1745 27.0025,
	20.1553 26.9831,
	20.1745 26.9639,
	20.1938 26.9831,
	"/>
</Transform>

<Transform dim="0"
 xcoef=" 0 1 0 0 0 0"
 ycoef=" 0 0 1 0 0 0">
<Contour name="d63sp25" hidden="false" closed="true" simplified="true" border="1 0 0" fill="1 0 0" mode="11"
 points="20.1806 27.9342,
	20.1708 27.933,
	20.1659 27.933,
	20.1463 27.9287,
	20.1439 27.9281,
	20.1433 27.9269,
	20.1408 27.9263,
	20.1359 27.9232,
	20.1346 27.9232,
	20.1316 27.9201,
	20.1304 27.9201,
	20.1224 27.9134,
	20.1205 27.911,
	20.1199 27.9085,
	20.1169 27.9036,
	20.1157 27.8987,
	20.1151 27.8963,
	20.1132 27.8938,
	20.1126 27.8889,
	20.1095 27.879,
	20.1083 27.8693,
	20.1077 27.8643,
	20.1058 27.8595,
	20.104 27.8496,
	20.1022 27.8105,
	20.1016 27.7719,
	20.1016 27.7712,
	20.1034 27.7517,
	20.104 27.7418,
	20.104 27.7394,
	20.1071 27.7296,
	20.1089 27.7197,
	20.1126 27.71,
	20.1132 27.705,
	20.1157 27.7002,
	20.1187 27.6903,
	20.1193 27.6885,
	20.1212 27.6861,
	20.1212 27.6836,
	20.1224 27.6824,
	20.1224 27.6812,
	20.1286 27.6726,
	20.1298 27.6708,
	20.1322 27.6683,
	20.1359 27.6652,
	20.1383 27.6628,
	20.1396 27.6609,
	20.142 27.6591,
	20.1433 27.6573,
	20.1445 27.6573,
	20.1493 27.6536,
	20.1518 27.653,
	20.1543 27.6511,
	20.1592 27.6493,
	20.169 27.6474,
	20.1886 27.6468,
	20.1984 27.6487,
	20.2082 27.6493,
	20.2107 27.6505,
	20.2204 27.6524,
	20.2254 27.6536,
	20.2266 27.6536,
	20.2278 27.6548,
	20.2327 27.6561,
	20.2339 27.6573,
	20.2363 27.6573,
	20.2462 27.6603,
	20.251 27.6615,
	20.2536 27.6615,
	20.2627 27.6659,
	20.2651 27.6665,
	20.2665 27.6665,
	20.2689 27.6683,
	20.2713 27.6689,
	20.2725 27.6702,
	20.275 27.6708,
	20.2842 27.6768,
	20.2885 27.6793,
	20.2909 27.6818,
	20.2921 27.683,
	20.2933 27.683,
	20.3025 27.6915,
	20.305 27.6928,
	20.3062 27.6941,
	20.3062 27.6953,
	20.3136 27.7038,
	20.3173 27.7081,
	20.3191 27.71,
	20.3197 27.7124,
	20.3265 27.7222,
	20.3283 27.7247,
	20.3301 27.7296,
	20.3313 27.7314,
	20.3313 27.7326,
	20.3326 27.7338,
	20.3344 27.7388,
	20.34 27.7485,
	20.3479 27.7682,
	20.3497 27.7731,
	20.3503 27.7779,
	20.3541 27.7872,
	20.3547 27.792,
	20.3571 27.797,
	20.3601 27.8061,
	20.3626 27.8111,
	20.3626 27.8135,
	20.3669 27.8234,
	20.37 27.8331,
	20.37 27.8355,
	20.3712 27.8381,
	20.3724 27.8478,
	20.3736 27.8528,
	20.373 27.8723,
	20.3718 27.8729,
	20.3706 27.8778,
	20.3675 27.8822,
	20.3663 27.8846,
	20.3638 27.8864,
	20.3626 27.8883,
	20.3528 27.895,
	20.343 27.8993,
	20.3381 27.9011,
	20.3368 27.9011,
	20.3362 27.9023,
	20.3166 27.906,
	20.2971 27.9072,
	20.2897 27.9072,
	20.2848 27.9091,
	20.2836 27.9104,
	20.2786 27.9116,
	20.2774 27.9116,
	20.2762 27.9128,
	20.2665 27.9164,
	20.2566 27.9213,
	20.2516 27.9232,
	20.2492 27.9245,
	20.2296 27.9275,
	20.2198 27.9293,
	20.2101 27.9324,
	20.1904 27.9342,
	"/>
</Transform>

<Transform dim="0"
 xcoef=" 0 1 0 0 0 0"
 ycoef=" 0 0 1 0 0 0">
<Contour name="d63sp25" hidden="false" closed="true" simplified="true" border="1 0 0" fill="1 0 0" mode="11"
 points="20.1966 27.3303,
	20.1914 27.3296,
	20.1863 27.3277,
	20.1759 27.3219,
	20.174 27.3199,
	20.1696 27.318,
	20.1643 27.3148,
	20.1631 27.3148,
	20.1611 27.3123,
	20.1567 27.309,
	20.1527 27.3045,
	20.1515 27.3032,
	20.1515 27.3019,
	20.1489 27.2994,
	20.1483 27.2968,
	20.1451 27.2916,
	20.1438 27.291,
	20.1393 27.282,
	20.1387 27.2794,
	20.1367 27.2768,
	20.1367 27.2755,
	20.1347 27.273,
	20.1341 27.2704,
	20.1277 27.2601,
	20.1258 27.2575,
	20.1258 27.2563,
	20.1187 27.2459,
	20.1161 27.2408,
	20.1155 27.2382,
	20.1123 27.235,
	20.1123 27.2337,
	20.1104 27.2311,
	20.1096 27.2286,
	20.1077 27.226,
	20.1077 27.2246,
	20.1064 27.2234,
	20.1032 27.2131,
	20.1019 27.2079,
	20.1019 27.2054,
	20.1019 27.2047,
	20.1019 27.2041,
	20.1039 27.199,
	20.111 27.1886,
	20.1174 27.1796,
	20.1212 27.1751,
	20.1258 27.1648,
	20.1258 27.1622,
	20.129 27.1519,
	20.1328 27.1314,
	20.1347 27.121,
	20.1387 27.1107,
	20.1393 27.1081,
	20.1393 27.1069,
	20.1412 27.1049,
	20.1419 27.1024,
	20.1431 27.1017,
	20.1444 27.0965,
	20.1444 27.0863,
	20.1425 27.0811,
	20.1412 27.0785,
	20.1412 27.0773,
	20.1393 27.0747,
	20.1347 27.065,
	20.1341 27.0625,
	20.1309 27.0573,
	20.129 27.0521,
	20.1277 27.0496,
	20.1264 27.0483,
	20.1271 27.047,
	20.1476 27.0515,
	20.158 27.0534,
	20.1785 27.054,
	20.1812 27.0548,
	20.2017 27.0489,
	20.212 27.0457,
	20.2146 27.0451,
	20.2159 27.0457,
	20.2114 27.0489,
	20.2024 27.058,
	20.1998 27.0593,
	20.1979 27.0618,
	20.1952 27.0625,
	20.1869 27.0702,
	20.1856 27.0721,
	20.1856 27.0773,
	20.1888 27.0817,
	20.1933 27.0857,
	20.1946 27.0869,
	20.1998 27.0882,
	20.2101 27.0889,
	20.2152 27.0895,
	20.2204 27.0914,
	20.2216 27.0927,
	20.2229 27.0927,
	20.2307 27.1017,
	20.2307 27.1043,
	20.232 27.1049,
	20.2352 27.1146,
	20.2397 27.1249,
	20.2429 27.1301,
	20.2448 27.1352,
	20.2455 27.1377,
	20.2487 27.143,
	20.2493 27.1455,
	20.2564 27.1558,
	20.2577 27.1571,
	20.2577 27.1597,
	20.2603 27.1648,
	20.2628 27.1751,
	20.2628 27.1777,
	20.266 27.188,
	20.2668 27.1906,
	20.2668 27.1918,
	20.2681 27.1931,
	20.2687 27.1957,
	20.2732 27.1996,
	20.2835 27.2015,
	20.2886 27.2047,
	20.2905 27.2098,
	20.2918 27.2125,
	20.2924 27.2227,
	20.2931 27.2254,
	20.2918 27.2305,
	20.2912 27.233,
	20.2899 27.2343,
	20.2892 27.2395,
	20.288 27.2408,
	20.2841 27.251,
	20.2816 27.2563,
	20.2802 27.2614,
	20.2802 27.2626,
	20.2719 27.273,
	20.2622 27.2787,
	20.2519 27.2827,
	20.2416 27.2852,
	20.2364 27.2871,
	20.2339 27.2878,
	20.2288 27.2922,
	20.2249 27.2968,
	20.2223 27.2987,
	20.2152 27.3077,
	20.2133 27.3102,
	20.2127 27.3206,
	20.212 27.3231,
	20.2081 27.3277,
	20.2068 27.329,
	"/>
</Transform>

<Transform dim="0"
 xcoef=" 0 1 0 0 0 0"
 ycoef=" 0 0 1 0 0 0">
<Contour name="d28p17" hidden="false" closed="true" simplified="true" border="1 0 0" fill="1 0 0" mode="11"
 points="7.79592 23.7471,
	7.77423 23.7073,
	7.81761 23.7073,
	"/>
</Transform>

<Transform dim="0"
 xcoef=" 0 1 0 0 0 0"
 ycoef=" 0 0 1 0 0 0">
<Contour name="d56c17" hidden="false" closed="true" simplified="true" border="0 0 1" fill="0 0 1" mode="11"
 points="22.2191 23.0186,
	22.1909 23.018,
	22.1839 23.0163,
	22.1804 23.0158,
	22.1786 23.0154,
	22.1777 23.0154,
	22.1769 23.0145,
	22.176 23.0145,
	22.1751 23.0137,
	22.1742 23.0137,
	22.1707 23.011,
	22.1702 23.0093,
	22.1693 23.0084,
	22.1693 23.0067,
	22.1685 23.0058,
	22.1672 22.9987,
	22.1645 22.9917,
	22.1641 22.9881,
	22.1619 22.9812,
	22.1611 22.9671,
	22.1611 22.9662,
	22.1611 22.9658,
	22.1632 22.9587,
	22.1672 22.9517,
	22.1676 22.95,
	22.1707 22.9468,
	22.1707 22.9459,
	22.1725 22.9442,
	22.1734 22.9438,
	22.1734 22.9429,
	22.1769 22.9398,
	22.1773 22.9381,
	22.1892 22.9288,
	22.1909 22.9271,
	22.197 22.9223,
	22.2002 22.9192,
	22.2011 22.9192,
	22.2024 22.9174,
	22.2033 22.9174,
	22.2094 22.9126,
	22.2129 22.9099,
	22.2138 22.9095,
	22.2138 22.9086,
	22.2156 22.9078,
	22.216 22.9069,
	22.2169 22.9069,
	22.2173 22.906,
	22.2182 22.906,
	22.2199 22.9042,
	22.2327 22.895,
	22.2344 22.8941,
	22.2358 22.8924,
	22.2388 22.8901,
	22.2397 22.8901,
	22.2424 22.8875,
	22.2459 22.8853,
	22.2472 22.8844,
	22.2485 22.8827,
	22.2503 22.8822,
	22.2516 22.8805,
	22.2551 22.8783,
	22.2569 22.877,
	22.2578 22.8761,
	22.2587 22.8761,
	22.2591 22.8752,
	22.26 22.8752,
	22.26 22.8743,
	22.2617 22.873,
	22.2626 22.873,
	22.2691 22.8673,
	22.2723 22.8647,
	22.2732 22.8638,
	22.2749 22.8634,
	22.2766 22.8615,
	22.2784 22.8607,
	22.2788 22.8598,
	22.2797 22.8598,
	22.2814 22.8585,
	22.2819 22.8576,
	22.2836 22.8572,
	22.2872 22.8545,
	22.2903 22.8528,
	22.292 22.8515,
	22.2929 22.8515,
	22.2964 22.8493,
	22.2973 22.8484,
	22.2991 22.8484,
	22.3004 22.847,
	22.3039 22.8457,
	22.318 22.8444,
	22.3215 22.8444,
	22.3355 22.8484,
	22.3426 22.8524,
	22.3457 22.8545,
	22.3483 22.8576,
	22.3483 22.8593,
	22.3505 22.8664,
	22.3509 22.8805,
	22.3496 22.8946,
	22.3483 22.8981,
	22.3483 22.8998,
	22.347 22.9033,
	22.3457 22.9104,
	22.3444 22.9139,
	22.3439 22.9174,
	22.3412 22.9244,
	22.3403 22.9279,
	22.3395 22.9297,
	22.3395 22.9306,
	22.3386 22.9314,
	22.3377 22.9346,
	22.3373 22.9363,
	22.336 22.9381,
	22.336 22.939,
	22.3347 22.9403,
	22.3347 22.9411,
	22.3338 22.942,
	22.3338 22.9429,
	22.332 22.9446,
	22.3307 22.9482,
	22.3286 22.9517,
	22.3286 22.9526,
	22.3267 22.9539,
	22.3223 22.9604,
	22.3215 22.9618,
	22.3197 22.9636,
	22.3188 22.9653,
	22.3132 22.9715,
	22.31 22.9741,
	22.31 22.9749,
	22.2973 22.9833,
	22.2903 22.986,
	22.2836 22.9904,
	22.2801 22.9926,
	22.2784 22.9939,
	22.2775 22.9939,
	22.274 22.9961,
	22.2732 22.997,
	22.2714 22.9974,
	22.2678 23,
	22.2669 23,
	22.2635 23.0022,
	22.2626 23.0031,
	22.256 23.0062,
	22.2551 23.0062,
	22.2533 23.0075,
	22.2516 23.008,
	22.2507 23.0089,
	22.2437 23.0119,
	22.2296 23.0163,
	22.2226 23.0176,
	"/>
</Transform>

<Transform dim="0"
 xcoef=" 0 1 0 0 0 0"
 ycoef=" 0 0 1 0 0 0">
<Contour name="d56p17" hidden="false" closed="true" simplified="true" border="1 0 0" fill="1 0 0" mode="11"
 points="23.0699 23.2218,
	23.0537 23.2056,
	23.0699 23.1894,
	23.0861 23.2056,
	"/>
</Transform>

<Transform dim="0"
 xcoef=" 0 1 0 0 0 0"
 ycoef=" 0 0 1 0 0 0">
<Contour name="d38sp12" hidden="false" closed="true" simplified="true" border="1 0 0" fill="1 0 0" mode="11"
 points="22.8727 23.612,
	22.8708 23.6114,
	22.884 23.5903,
	22.8873 23.5849,
	22.8919 23.5638,
	22.8932 23.5585,
	22.8939 23.5373,
	22.8932 23.5267,
	22.8932 23.5241,
	22.8932 23.5227,
	22.8919 23.5214,
	22.8906 23.5162,
	22.888 23.5108,
	22.8806 23.5009,
	22.8773 23.4963,
	22.8747 23.4936,
	22.8721 23.4923,
	22.8708 23.4904,
	22.8695 23.4904,
	22.8602 23.483,
	22.8502 23.4784,
	22.8476 23.4765,
	22.8463 23.4765,
	22.8251 23.4645,
	22.8224 23.4626,
	22.8198 23.4626,
	22.8172 23.4606,
	22.8158 23.4606,
	22.8145 23.4593,
	22.8092 23.4579,
	22.8065 23.4572,
	22.8019 23.4533,
	22.7993 23.4526,
	22.794 23.4487,
	22.794 23.448,
	22.7993 23.446,
	22.8204 23.4426,
	22.8231 23.442,
	22.8244 23.442,
	22.8258 23.4407,
	22.8363 23.4367,
	22.8417 23.4335,
	22.8469 23.4315,
	22.8482 23.4301,
	22.8496 23.4301,
	22.8509 23.4288,
	22.8608 23.4242,
	22.8661 23.4222,
	22.8767 23.4163,
	22.882 23.4135,
	22.8847 23.4116,
	22.8853 23.4103,
	22.8866 23.4103,
	22.8912 23.4063,
	22.8939 23.4043,
	22.8952 23.4024,
	22.9038 23.395,
	22.9091 23.3911,
	22.9257 23.3712,
	22.9303 23.3659,
	22.9329 23.364,
	22.9382 23.3633,
	22.9805 23.364,
	22.9833 23.3653,
	22.9859 23.3653,
	22.9885 23.3666,
	22.9898 23.3666,
	22.9925 23.3686,
	22.9978 23.3692,
	23.0031 23.3719,
	23.0137 23.3746,
	23.0163 23.3759,
	23.0269 23.3779,
	23.0282 23.3779,
	23.0296 23.3792,
	23.0507 23.3825,
	23.0587 23.3825,
	23.0686 23.3891,
	23.0778 23.399,
	23.0791 23.401,
	23.0804 23.4016,
	23.0804 23.403,
	23.0878 23.4129,
	23.0924 23.4222,
	23.0943 23.4248,
	23.0964 23.4294,
	23.0977 23.4321,
	23.0977 23.4335,
	23.099 23.4348,
	23.099 23.4374,
	23.1003 23.4387,
	23.1036 23.4493,
	23.1049 23.4506,
	23.1116 23.4718,
	23.1123 23.4824,
	23.1116 23.493,
	23.111 23.4982,
	23.1089 23.5029,
	23.1082 23.5082,
	23.1049 23.5188,
	23.103 23.5293,
	23.103 23.5505,
	23.1023 23.5611,
	23.1023 23.5638,
	23.101 23.5644,
	23.101 23.5657,
	23.0971 23.5703,
	23.0917 23.575,
	23.0878 23.5783,
	23.0825 23.5816,
	23.0772 23.5836,
	23.0752 23.5856,
	23.0726 23.5862,
	23.0712 23.5876,
	23.0606 23.5916,
	23.0554 23.5935,
	23.0527 23.5942,
	23.0513 23.5955,
	23.0408 23.5975,
	23.0382 23.5988,
	23.0368 23.6001,
	23.0157 23.6028,
	22.9944 23.6035,
	22.9521 23.6015,
	22.9416 23.6035,
	22.9403 23.6035,
	22.9389 23.6048,
	22.9283 23.6074,
	22.886 23.6107,
	22.8754 23.6114,
	"/>
</Transform>

<Transform dim="0"
 xcoef=" 0 1 0 0 0 0"
 ycoef=" 0 0 1 0 0 0">
<Contour name="d38p12" hidden="false" closed="true" simplified="true" border="1 0 0" fill="1 0 0" mode="11"
 points="22.7723 23.5817,
	22.7572 23.554,
	22.7874 23.554,
	"/>
</Transform>

<Transform dim="0"
 xcoef=" 0 1 0 0 0 0"
 ycoef=" 0 0 1 0 0 0">
<Contour name="d39c23" hidden="false" closed="true" simplified="true" border="0 0 1" fill="0 0 1" mode="11"
 points="11.4761 27.5796,
	11.4636 27.5777,
	11.4605 27.5773,
	11.4542 27.5754,
	11.4511 27.5746,
	11.4504 27.5746,
	11.4496 27.5738,
	11.4465 27.5727,
	11.4449 27.5727,
	11.4419 27.5711,
	11.4356 27.5692,
	11.4325 27.5676,
	11.4309 27.5673,
	11.4294 27.566,
	11.4231 27.5633,
	11.411 27.5559,
	11.4048 27.5536,
	11.4017 27.5525,
	11.4009 27.5525,
	11.3994 27.5512,
	11.3962 27.55,
	11.3954 27.55,
	11.3947 27.5493,
	11.3916 27.5481,
	11.3908 27.5473,
	11.3892 27.547,
	11.3768 27.5392,
	11.3714 27.5353,
	11.3702 27.5341,
	11.3694 27.5337,
	11.3694 27.5329,
	11.3678 27.5322,
	11.367 27.531,
	11.3643 27.5287,
	11.3624 27.5264,
	11.3608 27.5252,
	11.3608 27.5244,
	11.3585 27.5216,
	11.3569 27.5189,
	11.3558 27.5178,
	11.3554 27.5162,
	11.3541 27.5147,
	11.3538 27.5131,
	11.3526 27.5116,
	11.3503 27.5053,
	11.3499 27.5037,
	11.3491 27.503,
	11.3441 27.4905,
	11.3418 27.4843,
	11.3418 27.4835,
	11.341 27.4827,
	11.3378 27.4703,
	11.3366 27.464,
	11.3363 27.4578,
	11.3363 27.4547,
	11.3363 27.4532,
	11.3363 27.4523,
	11.3363 27.4519,
	11.3374 27.4457,
	11.3393 27.4395,
	11.3401 27.4387,
	11.341 27.4356,
	11.3418 27.4348,
	11.3418 27.434,
	11.3425 27.4332,
	11.3437 27.4301,
	11.3476 27.4247,
	11.3476 27.424,
	11.3534 27.4177,
	11.355 27.4165,
	11.3558 27.4153,
	11.3589 27.4134,
	11.3604 27.413,
	11.3616 27.4119,
	11.3624 27.4119,
	11.3651 27.4094,
	11.3658 27.4094,
	11.367 27.4083,
	11.3678 27.4083,
	11.369 27.4071,
	11.3706 27.4067,
	11.3737 27.4048,
	11.3745 27.4048,
	11.3775 27.4029,
	11.3783 27.4029,
	11.3791 27.4021,
	11.3822 27.4017,
	11.3885 27.3998,
	11.3947 27.3998,
	11.3979 27.3994,
	11.4009 27.3998,
	11.4025 27.3998,
	11.4056 27.4013,
	11.4119 27.4033,
	11.415 27.4044,
	11.4165 27.4048,
	11.4181 27.406,
	11.4212 27.4067,
	11.4227 27.4079,
	11.4259 27.4091,
	11.4267 27.4098,
	11.4282 27.4103,
	11.4313 27.4123,
	11.4325 27.4134,
	11.434 27.4138,
	11.4367 27.4161,
	11.4375 27.4169,
	11.4383 27.4169,
	11.4442 27.4211,
	11.4469 27.4235,
	11.45 27.4251,
	11.4511 27.4267,
	11.4519 27.4267,
	11.4578 27.4309,
	11.4609 27.4328,
	11.4613 27.4336,
	11.4628 27.434,
	11.4687 27.4384,
	11.4695 27.4391,
	11.4703 27.4391,
	11.4757 27.4434,
	11.4784 27.4453,
	11.4792 27.4453,
	11.4803 27.4469,
	11.4811 27.4469,
	11.4932 27.4559,
	11.4944 27.4574,
	11.5003 27.4617,
	11.5064 27.4676,
	11.5123 27.4726,
	11.5131 27.4726,
	11.5154 27.4749,
	11.5166 27.4757,
	11.5197 27.4788,
	11.5216 27.4812,
	11.5232 27.4827,
	11.5239 27.4843,
	11.5268 27.4866,
	11.5306 27.4916,
	11.5326 27.4947,
	11.5333 27.4952,
	11.5337 27.4968,
	11.5357 27.4987,
	11.536 27.5002,
	11.538 27.5033,
	11.5387 27.5041,
	11.5391 27.5057,
	11.5404 27.5072,
	11.5408 27.5088,
	11.5408 27.5096,
	11.5416 27.51,
	11.5435 27.5162,
	11.5439 27.5193,
	11.5443 27.5208,
	11.545 27.5216,
	11.5466 27.5341,
	11.5466 27.5404,
	11.5466 27.5435,
	11.5423 27.5559,
	11.5419 27.5575,
	11.5412 27.5583,
	11.54 27.5614,
	11.5387 27.5629,
	11.5387 27.5637,
	11.5345 27.5696,
	11.5291 27.5731,
	11.526 27.5742,
	11.5228 27.5746,
	11.5197 27.5758,
	11.4947 27.5796,
	"/>
</Transform>

<Transform dim="0"
 xcoef=" 0 1 0 0 0 0"
 ycoef=" 0 0 1 0 0 0">
<Contour name="d28p18" hidden="false" closed="true" simplified="true" border="1 0 0" fill="1 0 0" mode="11"
 points="6.7757 23.6318,
	6.7479 23.6039,
	6.7757 23.5761,
	6.80352 23.6039,
	"/>
</Transform>

<Transform dim="0"
 xcoef=" 0 1 0 0 0 0"
 ycoef=" 0 0 1 0 0 0">
<Contour name="d39sah26" hidden="false" closed="true" simplified="true" border="1 0 0" fill="1 0 0" mode="11"
 points="11.8329 27.8369,
	11.8329 27.8233,
	11.8193 27.8233,
	11.8193 27.8097,
	11.8329 27.8097,
	11.8329 27.7961,
	11.8465 27.7961,
	11.8465 27.8097,
	11.8601 27.8097,
	11.8601 27.8233,
	11.8465 27.8233,
	11.8465 27.8369,
	"/>
</Transform>

<Transform dim="0"
 xcoef=" 0 1 0 0 0 0"
 ycoef=" 0 0 1 0 0 0">
<Contour name="d38serb12" hidden="false" closed="true" simplified="true" border="1 1 0" fill="1 1 0" mode="11"
 points="22.812 23.6052,
	22.812 23.5904,
	22.7972 23.5904,
	22.7972 23.5756,
	22.812 23.5756,
	22.812 23.5608,
	22.8268 23.5608,
	22.8268 23.5756,
	22.8416 23.5756,
	22.8416 23.5904,
	22.8268 23.5904,
	22.8268 23.6052,
	"/>
</Transform>

<Transform dim="0"
 xcoef=" 0 1 0 0 0 0"
 ycoef=" 0 0 1 0 0 0">
<Contour name="d63cfa27" hidden="false" closed="true" simplified="true" border="0 1 0" fill="0 1 0" mode="11"
 points="19.3692 25.8937,
	19.3666 25.8927,
	19.3615 25.8927,
	19.359 25.8924,
	19.3577 25.8924,
	19.3551 25.8914,
	19.3538 25.8908,
	19.3531 25.8908,
	19.3506 25.8891,
	19.3496 25.8882,
	19.3484 25.8878,
	19.3433 25.8837,
	19.3426 25.8831,
	19.3419 25.8831,
	19.3406 25.8821,
	19.3359 25.8805,
	19.3333 25.8792,
	19.3308 25.8789,
	19.3295 25.8789,
	19.3268 25.878,
	19.3217 25.877,
	19.3167 25.8767,
	19.3064 25.8747,
	19.3051 25.8744,
	19.3025 25.8728,
	19.3019 25.8728,
	19.3013 25.8721,
	19.2989 25.8712,
	19.2948 25.8674,
	19.2935 25.8664,
	19.2935 25.8658,
	19.2913 25.8635,
	19.2897 25.861,
	19.2891 25.8603,
	19.2891 25.8596,
	19.2848 25.8552,
	19.2848 25.8545,
	19.2826 25.8523,
	19.281 25.8504,
	19.2801 25.8491,
	19.2797 25.8478,
	19.2785 25.8465,
	19.2756 25.8414,
	19.2756 25.8407,
	19.2746 25.8395,
	19.2737 25.8369,
	19.2737 25.8344,
	19.2737 25.8341,
	19.275 25.8328,
	19.2756 25.8314,
	19.2778 25.8292,
	19.2801 25.8276,
	19.281 25.8266,
	19.2836 25.8257,
	19.2862 25.8241,
	19.2875 25.8228,
	19.2926 25.8215,
	19.3029 25.8212,
	19.3041 25.8219,
	19.3144 25.8235,
	19.3195 25.8244,
	19.3221 25.825,
	19.3233 25.8257,
	19.3246 25.8257,
	19.3272 25.8266,
	19.3278 25.8266,
	19.3285 25.8273,
	19.3311 25.8282,
	19.3413 25.8295,
	19.3465 25.8308,
	19.3669 25.8328,
	19.3875 25.8337,
	19.3977 25.8341,
	19.408 25.8353,
	19.4131 25.8357,
	19.4157 25.8363,
	19.4208 25.8366,
	19.4259 25.8376,
	19.4465 25.8395,
	19.4516 25.8401,
	19.4823 25.8401,
	19.4926 25.8411,
	19.4977 25.8417,
	19.5004 25.8423,
	19.5029 25.8423,
	19.5042 25.8427,
	19.5048 25.8427,
	19.5055 25.8433,
	19.5067 25.8436,
	19.509 25.8458,
	19.5096 25.8472,
	19.5096 25.8485,
	19.5106 25.851,
	19.5109 25.8536,
	19.5106 25.8561,
	19.5096 25.8587,
	19.5093 25.8599,
	19.5071 25.8623,
	19.4968 25.8651,
	19.4917 25.8664,
	19.4891 25.8674,
	19.4879 25.8677,
	19.4856 25.8693,
	19.485 25.8699,
	19.4836 25.8702,
	19.4811 25.8718,
	19.4785 25.8728,
	19.476 25.8744,
	19.4747 25.8744,
	19.4734 25.8754,
	19.4635 25.8789,
	19.4628 25.8789,
	19.4622 25.8796,
	19.4571 25.8818,
	19.4565 25.8818,
	19.4535 25.8837,
	19.4522 25.8847,
	19.4509 25.885,
	19.4503 25.8856,
	19.4478 25.8866,
	19.4471 25.8866,
	19.4468 25.8872,
	19.4443 25.8878,
	19.443 25.8878,
	19.4378 25.8895,
	19.4352 25.8902,
	19.425 25.8905,
	19.4148 25.8902,
	19.4096 25.8891,
	19.407 25.8882,
	19.4019 25.8872,
	19.3967 25.8869,
	19.3916 25.8878,
	19.3891 25.8882,
	19.3866 25.8895,
	19.3839 25.8902,
	19.3826 25.8905,
	19.382 25.8905,
	19.3807 25.8914,
	19.3782 25.8924,
	19.3769 25.8924,
	19.3744 25.8934,
	"/>
</Transform>

<Transform dim="0"
 xcoef=" 0 1 0 0 0 0"
 ycoef=" 0 0 1 0 0 0">
<Contour name="d63cfa26" hidden="false" closed="false" simplified="true" border="0 1 0" fill="1 0 0" mode="11"
 points="19.8723 27.8612,
	19.8441 27.8274,
	"/>
</Transform>

<Transform dim="0"
 xcoef=" 0 1 0 0 0 0"
 ycoef=" 0 0 1 0 0 0">
<Contour name="d56cfa17" hidden="false" closed="false" simplified="true" border="1 0 0" fill="1 0 0" mode="11"
 points="22.3447 22.8637,
	22.3362 22.8813,
	22.325 22.9015,
	22.3068 22.9349,
	22.2839 22.9609,
	22.2519 22.9871,
	22.2141 23.0054,
	22.1724 23.008,
	"/>
</Transform>

<Transform dim="0"
 xcoef=" 0 1 0 0 0 0"
 ycoef=" 0 0 1 0 0 0">
<Contour name="d39cfa23" hidden="false" closed="false" simplified="true" border="0 1 0" fill="1 0 0" mode="11"
 points="11.3393 27.4507,
	11.3456 27.4543,
	11.3615 27.4624,
	11.3798 27.4737,
	11.4055 27.4901,
	11.4313 27.506,
	11.4609 27.5256,
	11.4885 27.5431,
	11.5294 27.5665,
	"/>
</Transform>

<Transform dim="0"
 xcoef=" 0 1 0 0 0 0"
 ycoef=" 0 0 1 0 0 0">
<Contour name="mito07" hidden="false" closed="false" simplified="true" border="1 0 0" fill="1 0 0" mode="11"
 points="22.5349 30.846,
	22.5922 30.5665,
	"/>
</Transform>

<Transform dim="1"
 xcoef=" -0.01 1 0 0 0 0"
 ycoef=" 0.01 0 1 0 0 0">
<Contour name="d28rh18" hidden="false" closed="true" simplified="true" border="0 0 1" fill="0 0 1" mode="11"
 points="6.60427 23.8816,
	6.60112 23.8784,
	6.60112 23.8753,
	6.60427 23.8722,
	6.6074 23.8722,
	6.61053 23.8753,
	6.61053 23.8784,
	6.6074 23.8816,
	"/>
<Contour name="d28rh18" hidden="false" closed="true" simplified="false" border="0 0 1" fill="1 0 1" mode="11"
 points="6.5898 23.9194,
	6.5898 23.9155,
	6.59372 23.9116,
	6.59764 23.9116,
	6.60156 23.9155,
	6.60156 23.9194,
	6.59764 23.9233,
	6.59372 23.9233,
	"/>
<Contour name="d28rh18" hidden="false" closed="true" simplified="false" border="0 0 1" fill="1 0 1" mode="11"
 points="6.56335 23.9067,
	6.56335 23.9028,
	6.56727 23.8989,
	6.57118 23.8989,
	6.5751 23.9028,
	6.5751 23.9067,
	6.57118 23.9106,
	6.56727 23.9106,
	"/>
</Transform>

<Transform dim="0"
 xcoef=" 0 1 0 0 0 0"
 ycoef=" 0 0 1 0 0 0">
<Contour name="d63serb25" hidden="false" closed="true" simplified="false" border="1 1 0" fill="0 1 0" mode="11"
 points="20.2098 27.005,
	20.2098 26.9933,
	20.2215 26.9933,
	20.2215 26.9816,
	20.2332 26.9816,
	20.2332 26.9933,
	20.245 26.9933,
	20.245 27.005,
	20.2332 27.005,
	20.2332 27.0167,
	20.2215 27.0167,
	20.2215 27.005,
	"/>
</Transform>

<Transform dim="0"
 xcoef=" 0 1 0 0 0 0"
 ycoef=" 0 0 1 0 0 0">
<Contour name="d63p26" hidden="false" closed="true" simplified="true" border="1 0 0" fill="1 0 0" mode="11"
 points="19.7009 27.1925,
	19.6844 27.1622,
	19.7174 27.1622,
	"/>
<Contour name="d63serb26" hidden="false" closed="true" simplified="false" border="1 1 0" fill="0 1 0" mode="11"
 points="19.7364 27.2196,
	19.7364 27.2113,
	19.7446 27.2113,
	19.7446 27.203,
	19.7529 27.203,
	19.7529 27.2113,
	19.7612 27.2113,
	19.7612 27.2196,
	19.7529 27.2196,
	19.7529 27.2279,
	19.7446 27.2279,
	19.7446 27.2196,
	"/>
</Transform>

<Transform dim="1"
 xcoef=" 0.26 1 0 0 0 0"
 ycoef=" 0 0 1 0 0 0">
<Contour name="d28sern17" hidden="false" closed="true" simplified="true" border="1 1 0" fill="1 1 0" mode="11"
 points="8.20769 23.8606,
	8.20769 23.8387,
	8.18584 23.8387,
	8.18584 23.8169,
	8.20769 23.8169,
	8.20769 23.795,
	8.22953 23.795,
	8.22953 23.8169,
	8.25138 23.8169,
	8.25138 23.8387,
	8.22953 23.8387,
	8.22953 23.8606,
	"/>
</Transform>

<Transform dim="0"
 xcoef=" 0 1 0 0 0 0"
 ycoef=" 0 0 1 0 0 0">
<Contour name="mito07_php2016" hidden="false" closed="false" simplified="true" border="1 0.501961 0.25098" fill="1 0 0" mode="11"
 points="22.5779 30.8564,
	22.6372 30.5736,
	"/>
</Transform>

</Section>