<?xml version="1.0"?>
<!DOCTYPE Section SYSTEM "section.dtd">

<Section index="188" thickness="0.045794" alignLocked="true">
<Transform dim="0"
 xcoef=" 0 1 0 0 0 0"
 ycoef=" 0 0 1 0 0 0">
<Image mag="0.0022379" contrast="1.144" brightness="-0.15" red="true" green="true" blue="true"
 src="189____z188.0.tif" />
<Contour name="domain1" hidden="false" closed="true" simplified="false" border="1 0 1" fill="1 0 1" mode="11"
 points="0 0,
	9357 0,
	9357 6734,
	0 6734,
	"/>
</Transform>

<Transform dim="0"
 xcoef=" 0 1 0 0 0 0"
 ycoef=" 0 0 1 0 0 0">
<Contour name="d04sp35" hidden="false" closed="true" simplified="true" border="1 0 0" fill="1 0 0" mode="11"
 points="9.27186 8.72882,
	9.27186 8.7273,
	9.27186 8.72655,
	9.24407 8.72827,
	9.17487 8.72608,
	9.14008 8.72261,
	9.10615 8.71516,
	9.07305 8.69992,
	9.05735 8.68574,
	9.05001 8.67816,
	9.04057 8.66302,
	9.02532 8.63259,
	9.02039 8.62489,
	9.00576 8.60931,
	8.99908 8.60149,
	8.98381 8.58954,
	8.96993 8.5747,
	8.96361 8.56679,
	8.96097 8.56286,
	8.9596 8.55511,
	8.95988 8.53975,
	8.95958 8.53204,
	8.95983 8.52916,
	8.95991 8.52821,
	8.98096 8.46641,
	8.99098 8.43587,
	9.02338 8.37778,
	9.06103 8.35604,
	9.07066 8.3509,
	9.07313 8.34919,
	9.09175 8.3488,
	9.10118 8.34819,
	9.17656 8.35866,
	9.19578 8.36107,
	9.21537 8.36092,
	9.23521 8.35909,
	9.27742 8.33562,
	9.27825 8.33529,
	9.27825 8.33488,
	9.27826 8.33314,
	9.28597 8.33006,
	9.43535 8.29378,
	9.46951 8.28253,
	9.50211 8.27508,
	9.50361 8.27489,
	9.51378 8.27258,
	9.57611 8.26505,
	9.6014 8.26222,
	9.64946 8.25278,
	9.67605 8.24868,
	9.68293 8.24816,
	9.68871 8.24735,
	9.73872 8.24441,
	9.76243 8.24374,
	9.7857 8.24758,
	9.80885 8.25432,
	9.82424 8.26069,
	9.82424 8.26073,
	9.82426 8.26276,
	9.82429 8.26481,
	9.82431 8.26685,
	9.82433 8.2689,
	9.82434 8.27095,
	9.82435 8.27269,
	9.83686 8.29265,
	9.84941 8.32139,
	9.86638 8.35131,
	9.87592 8.3807,
	9.87984 8.40981,
	9.87937 8.43885,
	9.87772 8.45331,
	9.86094 8.48073,
	9.85062 8.49483,
	9.84578 8.50196,
	9.81854 8.52665,
	9.8185 8.52819,
	9.81843 8.53039,
	9.81837 8.5326,
	9.81831 8.53481,
	9.81825 8.53676,
	9.80007 8.55279,
	9.76859 8.57731,
	9.75256 8.58927,
	9.74844 8.59275,
	9.68527 8.62072,
	9.61887 8.65076,
	9.54876 8.683,
	9.51333 8.69542,
	9.50721 8.69611,
	9.50066 8.69844,
	9.46666 8.70245,
	9.4499 8.70241,
	9.44157 8.70199,
	9.40991 8.70882,
	9.38285 8.71641,
	9.38138 8.71657,
	9.37117 8.71942,
	9.30236 8.72711,
	"/>
</Transform>

<Transform dim="0"
 xcoef=" 0 1 0 0 0 0"
 ycoef=" 0 0 1 0 0 0">
<Contour name="d23sp37" hidden="false" closed="true" simplified="true" border="1 0 0" fill="1 0 0" mode="11"
 points="11.1628 6.66215,
	11.1128 6.64942,
	11.1003 6.64714,
	11.0974 6.64512,
	11.0759 6.61564,
	11.065 6.60188,
	11.0594 6.59687,
	11.0359 6.5835,
	11.0243 6.5763,
	11.0186 6.57129,
	11.0078 6.55744,
	11.005 6.55447,
	10.9999 6.53897,
	10.9985 6.53126,
	11.0027 6.49837,
	11.0031 6.49631,
	11.0033 6.49529,
	11.0074 6.47877,
	11.0179 6.46237,
	11.0227 6.45412,
	11.0387 6.43769,
	11.0667 6.42562,
	11.1221 6.40616,
	11.1506 6.3944,
	11.1775 6.39095,
	11.1906 6.3918,
	11.197 6.39276,
	11.2209 6.40512,
	11.2268 6.40816,
	11.2378 6.41858,
	11.243 6.42486,
	11.2499 6.44181,
	11.2563 6.47577,
	11.2543 6.50975,
	11.2431 6.54255,
	11.2411 6.55041,
	11.2406 6.56606,
	11.2403 6.57389,
	11.2234 6.60551,
	11.2102 6.63702,
	11.1967 6.65274,
	11.1694 6.66128,
	"/>
</Transform>

<Transform dim="0"
 xcoef=" 0 1 0 0 0 0"
 ycoef=" 0 0 1 0 0 0">
<Contour name="d05sp46" hidden="false" closed="true" simplified="true" border="1 0 0" fill="1 0 0" mode="11"
 points="10.9733 11.8022,
	10.954 11.7927,
	10.9164 11.7853,
	10.9118 11.7848,
	10.8975 11.7695,
	10.8962 11.7615,
	10.8996 11.7539,
	10.9381 11.7339,
	10.9535 11.7195,
	10.9552 11.7037,
	10.955 11.6958,
	10.9504 11.6873,
	10.9332 11.6817,
	10.9153 11.6798,
	10.8968 11.6819,
	10.8801 11.6801,
	10.8664 11.6707,
	10.8598 11.666,
	10.8567 11.6578,
	10.8598 11.6443,
	10.8605 11.6424,
	10.8742 11.628,
	10.8923 11.614,
	10.902 11.6109,
	10.9355 11.6142,
	10.954 11.614,
	10.9699 11.6215,
	10.9848 11.6328,
	10.9965 11.6478,
	11.0036 11.6563,
	11.0388 11.6769,
	11.056 11.6919,
	11.046 11.7072,
	11.0409 11.7386,
	11.0543 11.7553,
	11.0612 11.7637,
	11.0571 11.7714,
	11.0109 11.7876,
	10.9889 11.7976,
	10.9785 11.8007,
	"/>
</Transform>

<Transform dim="0"
 xcoef=" 0 1 0 0 0 0"
 ycoef=" 0 0 1 0 0 0">
<Contour name="d07sp51" hidden="false" closed="true" simplified="true" border="1 0 0" fill="1 0 0" mode="11"
 points="10.9563 7.32464,
	10.9443 7.32399,
	10.9382 7.32365,
	10.9269 7.3182,
	10.9212 7.31625,
	10.9159 7.31114,
	10.9118 7.29814,
	10.9097 7.29165,
	10.9104 7.28693,
	10.9106 7.28535,
	10.9188 7.26043,
	10.9315 7.23573,
	10.9599 7.21161,
	10.9737 7.2042,
	11.0278 7.18997,
	11.0825 7.18182,
	11.1103 7.17966,
	11.1372 7.18365,
	11.1473 7.19687,
	11.1532 7.20341,
	11.1556 7.20989,
	11.1553 7.22281,
	11.156 7.22927,
	11.1412 7.25499,
	11.1093 7.27886,
	11.0935 7.28985,
	11.0357 7.31194,
	10.9814 7.32463,
	"/>
</Transform>

<Transform dim="0"
 xcoef=" 0 1 0 0 0 0"
 ycoef=" 0 0 1 0 0 0">
<Contour name="d19sp34" hidden="false" closed="true" simplified="true" border="1 0 0" fill="1 0 0" mode="11"
 points="5.04571 10.1776,
	5.0086 10.1757,
	4.97056 10.171,
	4.95112 10.1679,
	4.94122 10.1669,
	4.93162 10.1626,
	4.92687 10.16,
	4.92234 10.1552,
	4.91422 10.1375,
	4.91013 10.1287,
	4.90571 10.1117,
	4.90365 10.1075,
	4.89589 10.0987,
	4.896 10.0977,
	4.89936 10.0899,
	4.90633 10.0824,
	4.91565 10.0751,
	4.92085 10.0714,
	4.96035 10.0584,
	4.97963 10.0531,
	4.99857 10.0507,
	5.01728 10.0504,
	5.09047 10.0574,
	5.12622 10.0587,
	5.16086 10.071,
	5.16937 10.0746,
	5.18352 10.0917,
	5.18873 10.1097,
	5.19127 10.1187,
	5.19163 10.1276,
	5.18687 10.1451,
	5.18389 10.1539,
	5.17566 10.1613,
	5.17092 10.1656,
	5.15293 10.1726,
	5.08209 10.1768,
	"/>
</Transform>

<Transform dim="0"
 xcoef=" 0 1 0 0 0 0"
 ycoef=" 0 0 1 0 0 0">
<Contour name="d07sp48" hidden="false" closed="true" simplified="true" border="1 0 0" fill="1 0 0" mode="11"
 points="10.764 8.38333,
	10.7496 8.38138,
	10.721 8.38255,
	10.6925 8.3789,
	10.6642 8.37869,
	10.6085 8.36719,
	10.5949 8.3623,
	10.5417 8.35432,
	10.4908 8.34111,
	10.4421 8.32397,
	10.4186 8.31011,
	10.3953 8.29944,
	10.3724 8.28529,
	10.3609 8.27985,
	10.3129 8.27606,
	10.3011 8.27217,
	10.2538 8.23251,
	10.2288 8.21868,
	10.2031 8.21444,
	10.1785 8.1993,
	10.177 8.19768,
	10.1772 8.19613,
	10.2809 7.99096,
	10.3072 7.93731,
	10.3213 7.91063,
	10.3284 7.89736,
	10.3324 7.89242,
	10.3675 7.94696,
	10.3721 7.95382,
	10.4143 7.982,
	10.4358 7.99614,
	10.4577 8.00527,
	10.4801 8.00937,
	10.5249 8.0257,
	10.5365 8.02931,
	10.5815 8.0601,
	10.6308 8.08028,
	10.6854 8.07518,
	10.6987 8.07836,
	10.7117 8.08643,
	10.7662 8.1085,
	10.8228 8.12386,
	10.8515 8.13166,
	10.8801 8.13641,
	10.9084 8.14462,
	10.9361 8.15631,
	10.9635 8.17144,
	10.9904 8.19154,
	11.0168 8.20688,
	11.0297 8.21372,
	11.0361 8.21713,
	11.0477 8.23026,
	11.0547 8.24321,
	11.0537 8.25603,
	11.0496 8.26888,
	11.0259 8.29334,
	10.9992 8.30998,
	10.9436 8.33354,
	10.886 8.36542,
	10.8717 8.37203,
	10.8645 8.37361,
	10.8359 8.37138,
	10.7784 8.38195,
	"/>
</Transform>

<Transform dim="0"
 xcoef=" 0 1 0 0 0 0"
 ycoef=" 0 0 1 0 0 0">
<Contour name="d19sp36" hidden="false" closed="true" simplified="true" border="1 0 0" fill="1 0 0" mode="11"
 points="6.77223 11.2563,
	6.75194 11.2551,
	6.732 11.251,
	6.72195 11.2497,
	6.68265 11.2357,
	6.67263 11.233,
	6.66345 11.2229,
	6.65842 11.2104,
	6.65594 11.1982,
	6.6586 11.1867,
	6.66892 11.1643,
	6.67183 11.1591,
	6.68252 11.1506,
	6.70313 11.1447,
	6.72328 11.1445,
	6.73341 11.143,
	6.74374 11.1388,
	6.7543 11.1318,
	6.76385 11.1218,
	6.76656 11.1194,
	6.78699 11.1192,
	6.82883 11.1132,
	6.91522 11.0948,
	6.95941 11.0837,
	6.98232 11.0731,
	6.99458 11.0688,
	7.00073 11.0667,
	7.02691 11.0481,
	7.05068 11.0275,
	7.06151 11.0052,
	7.06625 10.9939,
	7.06847 10.9704,
	7.06307 10.9222,
	7.05694 10.8977,
	7.03867 10.8794,
	7.0291 10.8695,
	7.0246 10.8631,
	6.98569 10.8336,
	6.94729 10.8071,
	6.90775 10.7876,
	6.88696 10.7821,
	6.86513 10.7809,
	6.85372 10.7823,
	6.84825 10.7817,
	6.80246 10.794,
	6.79125 10.7973,
	6.74404 10.825,
	6.71981 10.842,
	6.70754 10.8514,
	6.6838 10.8632,
	6.65953 10.8782,
	6.61344 10.8852,
	6.60773 10.8852,
	6.59577 10.8898,
	6.58443 10.8886,
	6.56332 10.8723,
	6.56253 10.8667,
	6.56287 10.8639,
	6.56303 10.8624,
	6.5685 10.8396,
	6.57678 10.8168,
	6.58088 10.8055,
	6.60854 10.7605,
	6.62363 10.7385,
	6.67072 10.6954,
	6.69494 10.681,
	6.70681 10.6759,
	6.71273 10.6734,
	6.75811 10.6721,
	6.80619 10.6674,
	6.82904 10.6706,
	6.85055 10.6806,
	6.86094 10.6871,
	6.88263 10.692,
	6.90472 10.6915,
	6.915 10.6954,
	6.92011 10.6974,
	6.93842 10.7176,
	6.94277 10.7237,
	6.96245 10.733,
	6.98248 10.7396,
	7.00383 10.7378,
	7.04849 10.7216,
	7.07093 10.7144,
	7.08213 10.7114,
	7.093 10.7113,
	7.10338 10.7152,
	7.1086 10.7172,
	7.11663 10.7293,
	7.13966 10.7769,
	7.16064 10.8246,
	7.16928 10.8485,
	7.17375 10.8721,
	7.18118 10.8962,
	7.21269 10.9458,
	7.21624 10.9692,
	7.21715 10.9807,
	7.21759 10.9865,
	7.20027 11.0315,
	7.1922 11.0537,
	7.18131 11.0756,
	7.14554 11.1181,
	7.13912 11.1395,
	7.12583 11.1605,
	7.11995 11.1709,
	7.11633 11.1761,
	7.10371 11.1849,
	7.07956 11.196,
	7.05626 11.2021,
	7.03458 11.2038,
	6.989 11.2135,
	6.97759 11.2169,
	6.9333 11.223,
	6.91104 11.2295,
	6.90015 11.2312,
	6.85613 11.2466,
	6.81361 11.2544,
	"/>
</Transform>

<Transform dim="0"
 xcoef=" 0 1 0 0 0 0"
 ycoef=" 0 0 1 0 0 0">
<Contour name="d05sp44" hidden="false" closed="true" simplified="true" border="1 0 0" fill="1 0 0" mode="11"
 points="12.2487 11.4024,
	12.2412 11.4009,
	12.2369 11.3695,
	12.2363 11.3377,
	12.225 11.3064,
	12.2149 11.2909,
	12.1872 11.2721,
	12.1797 11.2704,
	12.1171 11.2789,
	12.1157 11.2768,
	12.1537 11.2445,
	12.1732 11.227,
	12.1905 11.2202,
	12.224 11.2145,
	12.2404 11.2135,
	12.2486 11.2129,
	12.2846 11.1973,
	12.2934 11.1945,
	12.2976 11.1941,
	12.3044 11.1999,
	12.3356 11.206,
	12.3511 11.2091,
	12.3577 11.2152,
	12.3675 11.2495,
	12.3636 11.2664,
	12.3618 11.2747,
	12.3305 11.3092,
	12.3068 11.3431,
	12.2742 11.3772,
	12.2572 11.394,
	"/>
</Transform>

<Transform dim="0"
 xcoef=" 0 1 0 0 0 0"
 ycoef=" 0 0 1 0 0 0">
<Contour name="d23sp38" hidden="false" closed="true" simplified="true" border="1 0 0" fill="1 0 0" mode="11"
 points="11.8343 8.17052,
	11.8163 8.16654,
	11.8072 8.16402,
	11.8027 8.16277,
	11.7851 8.15178,
	11.7675 8.13673,
	11.7643 8.13253,
	11.7643 8.0997,
	11.7629 8.0913,
	11.7633 8.08714,
	11.7606 8.07863,
	11.7614 8.0617,
	11.7619 8.05745,
	11.762 8.05639,
	11.7622 8.05531,
	11.7692 8.04697,
	11.7722 8.04277,
	11.7775 8.03968,
	11.7875 8.03786,
	11.8241 8.04897,
	11.8327 8.05471,
	11.849 8.07256,
	11.8537 8.0813,
	11.8585 8.0985,
	11.8626 8.13219,
	11.8638 8.1405,
	11.8623 8.14455,
	11.8491 8.16025,
	11.8391 8.16779,
	"/>
</Transform>

<Transform dim="0"
 xcoef=" 0 1 0 0 0 0"
 ycoef=" 0 0 1 0 0 0">
<Contour name="d23sp38" hidden="false" closed="true" simplified="true" border="1 0 0" fill="1 0 0" mode="11"
 points="11.9663 7.90927,
	11.9321 7.90347,
	11.9149 7.89753,
	11.9063 7.89394,
	11.8894 7.88212,
	11.8724 7.86685,
	11.8549 7.85405,
	11.8518 7.84945,
	11.8507 7.8483,
	11.8496 7.84716,
	11.8679 7.84592,
	11.9039 7.84809,
	11.9215 7.85031,
	11.9567 7.85101,
	11.992 7.84285,
	12.0274 7.83035,
	12.0454 7.81823,
	12.0477 7.81685,
	12.0486 7.81928,
	12.0407 7.83952,
	12.0032 7.87885,
	11.9939 7.88868,
	11.9756 7.90209,
	"/>
</Transform>

<Transform dim="0"
 xcoef=" 0 1 0 0 0 0"
 ycoef=" 0 0 1 0 0 0">
<Contour name="d19sp37" hidden="false" closed="true" simplified="true" border="1 0 0" fill="1 0 0" mode="11"
 points="8.34882 10.4694,
	8.33061 10.4679,
	8.25951 10.4481,
	8.2233 10.4419,
	8.18754 10.4283,
	8.11647 10.3953,
	8.09866 10.3901,
	8.08075 10.3876,
	8.07179 10.3871,
	8.03743 10.3737,
	8.00462 10.3545,
	7.98866 10.345,
	7.9596 10.3125,
	7.94475 10.2719,
	7.94343 10.2669,
	7.92933 10.2536,
	7.92218 10.2482,
	7.90585 10.2505,
	7.89793 10.2499,
	7.89415 10.2483,
	7.8874 10.2403,
	7.88704 10.2304,
	7.88765 10.2268,
	7.88785 10.2256,
	7.89504 10.2068,
	7.89961 10.1976,
	7.90384 10.1787,
	7.91102 10.1601,
	7.92949 10.1448,
	7.93814 10.1406,
	7.95444 10.138,
	7.98517 10.1455,
	7.9926 10.1495,
	8.0202 10.1805,
	8.03447 10.1966,
	8.04164 10.2054,
	8.04652 10.2152,
	8.06192 10.2293,
	8.0784 10.2387,
	8.11418 10.2446,
	8.13282 10.2449,
	8.16953 10.2508,
	8.18791 10.2541,
	8.26193 10.2626,
	8.29858 10.2692,
	8.31695 10.2732,
	8.32629 10.2745,
	8.4053 10.2723,
	8.4257 10.2716,
	8.44695 10.2672,
	8.45762 10.265,
	8.49875 10.265,
	8.5193 10.2642,
	8.5294 10.2645,
	8.56744 10.276,
	8.57209 10.2778,
	8.5889 10.2949,
	8.59646 10.3159,
	8.58949 10.3352,
	8.57878 10.3542,
	8.56503 10.3725,
	8.55806 10.3816,
	8.53666 10.3989,
	8.51414 10.4098,
	8.50281 10.4159,
	8.46009 10.4302,
	8.43894 10.4385,
	8.39829 10.4515,
	8.35842 10.467,
	"/>
</Transform>

<Transform dim="0"
 xcoef=" 0 1 0 0 0 0"
 ycoef=" 0 0 1 0 0 0">
<Contour name="d23sph37" hidden="false" closed="true" simplified="true" border="1 0 0" fill="1 0 0" mode="11"
 points="11.1628 6.66215,
	11.1128 6.64942,
	11.1003 6.64714,
	11.0974 6.64512,
	11.0759 6.61564,
	11.065 6.60188,
	11.0594 6.59687,
	11.0359 6.5835,
	11.0243 6.5763,
	11.0186 6.57129,
	11.0078 6.55744,
	11.005 6.55447,
	10.9999 6.53897,
	10.9985 6.53126,
	11.0027 6.49837,
	11.0031 6.49631,
	11.0033 6.49529,
	11.0074 6.47877,
	11.0179 6.46237,
	11.0227 6.45412,
	11.0387 6.43769,
	11.0667 6.42562,
	11.1221 6.40616,
	11.1506 6.3944,
	11.1775 6.39095,
	11.1906 6.3918,
	11.197 6.39276,
	11.2209 6.40512,
	11.2268 6.40816,
	11.2378 6.41858,
	11.243 6.42486,
	11.2499 6.44181,
	11.2563 6.47577,
	11.2543 6.50975,
	11.2431 6.54255,
	11.2411 6.55041,
	11.2406 6.56606,
	11.2403 6.57389,
	11.2234 6.60551,
	11.2102 6.63702,
	11.1967 6.65274,
	11.1694 6.66128,
	"/>
</Transform>

<Transform dim="0"
 xcoef=" 0 1 0 0 0 0"
 ycoef=" 0 0 1 0 0 0">
<Contour name="d24sp38" hidden="false" closed="true" simplified="true" border="1 0 0" fill="1 0 0" mode="11"
 points="8.59578 8.01134,
	8.58051 8.00958,
	8.57669 8.00924,
	8.56263 8.00202,
	8.55575 7.99778,
	8.55219 7.9962,
	8.53921 7.98371,
	8.53275 7.97721,
	8.52547 7.97458,
	8.52179 7.97355,
	8.51993 7.97304,
	8.50867 7.95274,
	8.49569 7.9132,
	8.49414 7.90834,
	8.49443 7.89024,
	8.49485 7.88122,
	8.49481 7.87668,
	8.4953 7.87448,
	8.49541 7.87393,
	8.50186 7.85664,
	8.50336 7.85226,
	8.50435 7.85009,
	8.50461 7.84899,
	8.52399 7.83286,
	8.53373 7.82462,
	8.53836 7.82045,
	8.54093 7.81837,
	8.55973 7.80971,
	8.56916 7.80518,
	8.57764 7.80438,
	8.5941 7.80475,
	8.60238 7.80466,
	8.61033 7.80588,
	8.62563 7.81037,
	8.63314 7.81304,
	8.64854 7.81658,
	8.6563 7.81808,
	8.66007 7.81918,
	8.67228 7.83408,
	8.67815 7.84223,
	8.68676 7.8642,
	8.68778 7.86967,
	8.68803 7.89103,
	8.68708 7.91193,
	8.68548 7.93242,
	8.6858 7.95271,
	8.6862 7.95774,
	8.69248 7.96686,
	8.69557 7.97195,
	8.69726 7.97388,
	8.69804 7.97513,
	8.69501 7.98467,
	8.67678 7.9921,
	8.67246 7.99303,
	8.6559 7.99285,
	8.64767 7.99286,
	8.63025 7.99842,
	8.61279 8.00536,
	8.60424 8.0084,
	8.5999 8.01046,
	"/>
</Transform>

<Transform dim="0"
 xcoef=" 0 1 0 0 0 0"
 ycoef=" 0 0 1 0 0 0">
<Contour name="d07p48" hidden="false" closed="true" simplified="true" border="0 0 1" fill="0 0 1" mode="11"
 points="10.4531 8.20845,
	10.4318 8.15838,
	10.4795 8.16005,
	"/>
</Transform>

<Transform dim="0"
 xcoef=" 0 1 0 0 0 0"
 ycoef=" 0 0 1 0 0 0">
<Contour name="d07sp49" hidden="false" closed="true" simplified="true" border="1 0 0" fill="1 0 0" mode="11"
 points="8.89045 8.90263,
	8.86985 8.90055,
	8.84972 8.89604,
	8.83028 8.88304,
	8.81086 8.86783,
	8.80107 8.86033,
	8.79127 8.84099,
	8.78999 8.83739,
	8.78873 8.83618,
	8.79362 8.82677,
	8.8036 8.81986,
	8.82402 8.8145,
	8.84483 8.80574,
	8.88782 8.78498,
	8.90992 8.77765,
	8.93225 8.77391,
	8.95473 8.77616,
	8.95756 8.77629,
	8.96319 8.78136,
	8.96595 8.78629,
	8.96578 8.79587,
	8.95846 8.80508,
	8.95549 8.8097,
	8.94531 8.81872,
	8.93044 8.83697,
	8.91825 8.85543,
	8.90871 8.87417,
	8.90526 8.88369,
	8.89914 8.89319,
	"/>
</Transform>

<Transform dim="0"
 xcoef=" 0 1 0 0 0 0"
 ycoef=" 0 0 1 0 0 0">
<Contour name="d07sp49" hidden="false" closed="true" simplified="true" border="1 0 0" fill="1 0 0" mode="11"
 points="9.19438 8.32136,
	9.16936 8.31906,
	9.15712 8.31628,
	9.14712 8.30804,
	9.14143 8.30333,
	9.13726 8.2854,
	9.13776 8.28101,
	9.13788 8.27992,
	9.13801 8.27881,
	9.14055 8.27014,
	9.15335 8.25332,
	9.1691 8.23684,
	9.19237 8.22106,
	9.20233 8.21307,
	9.22003 8.17895,
	9.24171 8.14415,
	9.2472 8.12589,
	9.24401 8.10662,
	9.2458 8.10197,
	9.42931 8.23607,
	9.45104 8.25114,
	9.46163 8.2592,
	9.46425 8.26149,
	9.4199 8.27189,
	9.3967 8.27954,
	9.37265 8.28909,
	9.27174 8.31341,
	9.22007 8.31934,
	"/>
</Transform>

<Transform dim="0"
 xcoef=" 0 1 0 0 0 0"
 ycoef=" 0 0 1 0 0 0">
<Contour name="d07p49" hidden="false" closed="true" simplified="true" border="0 0 1" fill="0 0 1" mode="11"
 points="9.31713 8.23735,
	9.28649 8.19202,
	9.29808 8.19267,
	9.29624 8.19001,
	9.36012 8.19288,
	9.328 8.23507,
	9.32374 8.22905,
	"/>
</Transform>

<Transform dim="0"
 xcoef=" 0 1 0 0 0 0"
 ycoef=" 0 0 1 0 0 0">
<Contour name="d05p44" hidden="false" closed="true" simplified="true" border="0 0 1" fill="0 0 1" mode="11"
 points="12.1522 11.393,
	12.1381 11.3523,
	12.1867 11.3513,
	"/>
</Transform>

<Transform dim="0"
 xcoef=" 0 1 0 0 0 0"
 ycoef=" 0 0 1 0 0 0">
<Contour name="d05p48" hidden="false" closed="true" simplified="true" border="0 0 1" fill="0 0 1" mode="11"
 points="11.0169 11.5017,
	11.0102 11.4766,
	11.0416 11.4781,
	"/>
</Transform>

<Transform dim="0"
 xcoef=" 0 1 0 0 0 0"
 ycoef=" 0 0 1 0 0 0">
<Contour name="d05sp48" hidden="false" closed="true" simplified="true" border="1 0 0" fill="1 0 0" mode="11"
 points="10.9593 11.5576,
	10.9577 11.5548,
	10.9479 11.5514,
	10.9416 11.5404,
	10.9411 11.5194,
	10.943 11.509,
	10.9417 11.4663,
	10.9419 11.445,
	10.9459 11.4237,
	10.9451 11.4224,
	10.9458 11.4211,
	10.9706 11.4089,
	10.995 11.3992,
	11.0061 11.3977,
	11.0093 11.3963,
	11.0136 11.3991,
	11.0155 11.4048,
	10.9967 11.4493,
	10.9801 11.4925,
	10.9757 11.5031,
	10.9735 11.5083,
	10.9728 11.5297,
	10.9782 11.5406,
	10.9822 11.5449,
	11.0049 11.5478,
	11.0103 11.5495,
	"/>
</Transform>

<Transform dim="0"
 xcoef=" 0 1 0 0 0 0"
 ycoef=" 0 0 1 0 0 0">
<Contour name="d24sp37" hidden="false" closed="true" simplified="true" border="1 0 0" fill="1 0 0" mode="11"
 points="6.78134 7.95371,
	6.73001 7.93543,
	6.7174 7.93048,
	6.67242 7.8945,
	6.66683 7.88982,
	6.62381 7.84366,
	6.6002 7.82298,
	6.59391 7.81849,
	6.53822 7.79193,
	6.53067 7.7894,
	6.50074 7.77268,
	6.48484 7.76492,
	6.48075 7.7632,
	6.47933 7.75776,
	6.4798 7.73571,
	6.47987 7.73501,
	6.47994 7.73433,
	6.51742 7.71577,
	6.522 7.71391,
	6.58821 7.7194,
	6.60374 7.72135,
	6.60757 7.72186,
	6.6615 7.75483,
	6.70939 7.79397,
	6.73239 7.81229,
	6.74369 7.82139,
	6.7493 7.82595,
	6.76808 7.85025,
	6.78503 7.87422,
	6.79969 7.89782,
	6.80679 7.90944,
	6.80949 7.91223,
	6.81042 7.91518,
	6.80277 7.94024,
	6.8011 7.94649,
	6.80068 7.94806,
	6.79274 7.95113,
	6.78522 7.9526,
	"/>
</Transform>

<Transform dim="0"
 xcoef=" 0 1 0 0 0 0"
 ycoef=" 0 0 1 0 0 0">
<Contour name="d07c49" hidden="false" closed="true" simplified="true" border="0 0 1" fill="0 0 1" mode="11"
 points="8.8654 8.90788,
	8.85091 8.9064,
	8.84375 8.90523,
	8.82973 8.89938,
	8.81586 8.89185,
	8.8124 8.88997,
	8.79877 8.87647,
	8.79186 8.87024,
	8.79101 8.86936,
	8.7984 8.85574,
	8.80113 8.85238,
	8.80835 8.84914,
	8.81017 8.84834,
	8.83875 8.86478,
	8.86749 8.87809,
	8.87475 8.881,
	8.88096 8.88563,
	8.88137 8.89264,
	8.88203 8.89619,
	8.87989 8.89962,
	8.87286 8.90641,
	"/>
</Transform>

<Transform dim="0"
 xcoef=" 0 1 0 0 0 0"
 ycoef=" 0 0 1 0 0 0">
<Contour name="d19c34" hidden="false" closed="true" simplified="true" border="0 0 1" fill="0 0 1" mode="11"
 points="5.01948 10.1734,
	4.98154 10.171,
	4.96228 10.168,
	4.95284 10.1638,
	4.94356 10.1575,
	4.93703 10.1483,
	4.9268 10.1136,
	4.9235 10.1092,
	4.92295 10.1019,
	4.92305 10.1009,
	4.92502 10.0929,
	4.93183 10.0852,
	4.9421 10.0788,
	4.95211 10.0743,
	4.97158 10.0702,
	4.99071 10.068,
	5.00024 10.0664,
	5.01897 10.0673,
	5.02811 10.072,
	5.04647 10.0761,
	5.08312 10.0735,
	5.10104 10.0753,
	5.13661 10.0746,
	5.14532 10.076,
	5.1497 10.0762,
	5.15395 10.0785,
	5.16221 10.0866,
	5.16601 10.0956,
	5.1679 10.1001,
	5.16837 10.1091,
	5.17309 10.1181,
	5.17596 10.1226,
	5.17738 10.1316,
	5.17446 10.1403,
	5.17298 10.1447,
	5.16475 10.1521,
	5.14664 10.1603,
	5.11054 10.1707,
	5.03819 10.1727,
	"/>
</Transform>

<Transform dim="0"
 xcoef=" 0 1 0 0 0 0"
 ycoef=" 0 0 1 0 0 0">
<Contour name="d19c37" hidden="false" closed="true" simplified="true" border="0 0 1" fill="0 0 1" mode="11"
 points="8.26751 10.275,
	8.25006 10.2719,
	8.24138 10.2701,
	8.22361 10.2688,
	8.21462 10.2688,
	8.21003 10.2694,
	8.19244 10.2666,
	8.17456 10.2658,
	8.1658 10.2642,
	8.1573 10.261,
	8.1399 10.2576,
	8.13153 10.254,
	8.12769 10.2502,
	8.12624 10.2454,
	8.12581 10.2413,
	8.12591 10.2407,
	8.12891 10.2363,
	8.12985 10.234,
	8.13422 10.2315,
	8.15202 10.2325,
	8.22229 10.2434,
	8.23995 10.2452,
	8.27468 10.2519,
	8.29183 10.2568,
	8.29604 10.2585,
	8.29814 10.2594,
	8.30078 10.264,
	8.30206 10.2665,
	8.30252 10.2672,
	8.29745 10.2706,
	8.29259 10.2728,
	8.28792 10.2739,
	8.28553 10.2747,
	"/>
</Transform>

<Transform dim="0"
 xcoef=" 0 1 0 0 0 0"
 ycoef=" 0 0 1 0 0 0">
<Contour name="d07cfa49" hidden="false" closed="false" simplified="true" border="1 0 0" fill="1 0 0" mode="11"
 points="8.87775 8.90076,
	8.84933 8.89587,
	8.80265 8.86016,
	8.79899 8.85438,
	"/>
</Transform>

<Transform dim="0"
 xcoef=" 0 1 0 0 0 0"
 ycoef=" 0 0 1 0 0 0">
<Contour name="mito09" hidden="false" closed="false" simplified="true" border="1 0 0" fill="1 0 0" mode="11"
 points="16.9803 6.14529,
	16.9137 5.8256,
	"/>
</Transform>

<Transform dim="0"
 xcoef=" 0 1 0 0 0 0"
 ycoef=" 0 0 1 0 0 0">
<Contour name="mito11" hidden="false" closed="false" simplified="true" border="1 0 0" fill="1 0 0" mode="11"
 points="16.9994 11.099,
	16.9135 10.873,
	"/>
</Transform>

<Transform dim="0"
 xcoef=" 0 1 0 0 0 0"
 ycoef=" 0 0 1 0 0 0">
<Contour name="d19cfa37" hidden="false" closed="false" simplified="true" border="1 0 0" fill="1 0 0" mode="11"
 points="8.29849 10.2691,
	8.27012 10.2637,
	8.19077 10.2543,
	8.13666 10.2446,
	8.12598 10.2457,
	"/>
</Transform>

<Transform dim="0"
 xcoef=" 0 1 0 0 0 0"
 ycoef=" 0 0 1 0 0 0">
<Contour name="d04sah35" hidden="false" closed="true" simplified="false" border="1 1 0" fill="1 1 0" mode="-13"
 points="9.66157 8.47265,
	9.66157 8.40955,
	9.59847 8.40955,
	9.59847 8.46476,
	9.59058 8.47265,
	9.59058 8.40166,
	9.66946 8.40166,
	9.66946 8.48053,
	9.59058 8.48053,
	9.59847 8.47265,
	"/>
</Transform>

<Transform dim="1"
 xcoef=" 0 1 0 0 0 0"
 ycoef=" 0.03 0 1 0 0 0">
<Contour name="d19cfa34" hidden="false" closed="true" simplified="true" border="0 1 0" fill="0 1 0" mode="11"
 points="5.02061 10.1926,
	4.98268 10.1904,
	4.96344 10.1875,
	4.95399 10.1833,
	4.94469 10.177,
	4.93813 10.1679,
	4.92776 10.1335,
	4.92445 10.1291,
	4.92388 10.1219,
	4.92398 10.1209,
	4.92592 10.1129,
	4.93266 10.1052,
	4.94286 10.0988,
	4.9528 10.0942,
	4.97216 10.09,
	4.9912 10.0878,
	5.00069 10.0861,
	5.01938 10.0869,
	5.02852 10.0915,
	5.04689 10.0955,
	5.08352 10.0927,
	5.10148 10.0945,
	5.13708 10.0936,
	5.14582 10.095,
	5.1502 10.0952,
	5.15447 10.0976,
	5.16281 10.1056,
	5.16666 10.1147,
	5.16858 10.1192,
	5.16911 10.1281,
	5.17389 10.1371,
	5.17679 10.1417,
	5.17828 10.1506,
	5.17541 10.1594,
	5.17396 10.1638,
	5.16577 10.1712,
	5.14771 10.1794,
	5.11167 10.1898,
	5.03931 10.1919,
	"/>
</Transform>

<Transform dim="1"
 xcoef=" -0.02 1 0 0 0 0"
 ycoef=" 0 0 1 0 0 0">
<Contour name="d05sp44" hidden="false" closed="true" simplified="true" border="1 0 0" fill="1 0 0" mode="11"
 points="12.5442 11.0359,
	12.4782 11.0331,
	12.4695 11.034,
	12.4382 11.0232,
	12.4219 11.0192,
	12.4139 11.0163,
	12.3856 10.9915,
	12.3765 10.978,
	12.3735 10.9494,
	12.3737 10.9475,
	12.3798 10.9323,
	12.4124 10.8987,
	12.4521 10.8654,
	12.4724 10.8493,
	12.5119 10.8282,
	12.5502 10.8167,
	12.5698 10.8082,
	12.6072 10.8017,
	12.626 10.796,
	12.6355 10.7932,
	12.653 10.794,
	12.685 10.8082,
	12.699 10.8236,
	12.7116 10.8546,
	12.7168 10.8701,
	12.7514 10.9327,
	12.7503 10.9485,
	12.7487 10.9565,
	12.7321 10.9725,
	12.7219 10.9786,
	12.6855 10.987,
	12.6673 10.9914,
	12.6327 10.9946,
	12.624 10.995,
	12.6197 10.9952,
	12.5997 11.011,
	12.5898 11.018,
	12.5531 11.0331,
	"/>
<Contour name="d05sp43" hidden="false" closed="true" simplified="true" border="1 0 0" fill="1 0 0" mode="11"
 points="10.2402 10.7416,
	10.2051 10.7373,
	10.1874 10.7331,
	10.1701 10.7248,
	10.1514 10.7271,
	10.1148 10.7214,
	10.079 10.7077,
	10.0701 10.7038,
	10.0068 10.6446,
	10.0014 10.6361,
	9.99766 10.6187,
	10.0025 10.5824,
	10.0035 10.5778,
	10.004 10.5755,
	10.0458 10.5392,
	10.0675 10.5226,
	10.0878 10.511,
	10.1247 10.5005,
	10.16 10.4954,
	10.1772 10.4943,
	10.1934 10.4978,
	10.2249 10.5176,
	10.2414 10.5249,
	10.2499 10.5274,
	10.274 10.5608,
	10.3032 10.6289,
	10.3101 10.6456,
	10.3214 10.6622,
	10.324 10.6954,
	10.3398 10.7284,
	10.3321 10.7367,
	10.3272 10.7408,
	10.2929 10.7383,
	10.258 10.7398,
	"/>
</Transform>

<Transform dim="1"
 xcoef=" -0.02 1 0 0 0 0"
 ycoef=" 0.01 0 1 0 0 0">
<Contour name="d19sp35" hidden="false" closed="true" simplified="true" border="1 0 0" fill="1 0 0" mode="11"
 points="6.54098 10.1021,
	6.55624 10.0799,
	6.57844 10.0577,
	6.60064 10.0425,
	6.64503 10.0203,
	6.66722 10.0105,
	6.67832 10.0008,
	6.68665 9.98974,
	6.69636 9.96754,
	6.69774 9.95644,
	6.69497 9.93425,
	6.68942 9.91205,
	6.69081 9.88986,
	6.69913 9.87876,
	6.70329 9.87321,
	6.71439 9.86766,
	6.75878 9.85379,
	6.78098 9.84962,
	6.82537 9.85934,
	6.84757 9.86072,
	6.85867 9.86211,
	6.86422 9.86211,
	6.86699 9.86072,
	6.87809 9.8635,
	6.88919 9.8635,
	6.91138 9.86766,
	6.95578 9.88708,
	6.96688 9.89402,
	7.01127 9.91066,
	7.03346 9.92315,
	7.07786 9.95644,
	7.08895 9.96477,
	7.08618 9.96754,
	7.04179 9.9717,
	7.01959 9.9717,
	7.00849 9.97309,
	7.00294 9.97309,
	7.00017 9.97309,
	6.9974 9.97587,
	6.9752 9.97587,
	6.93081 9.98003,
	6.91971 9.98003,
	6.91416 9.98003,
	6.91138 9.9828,
	6.90029 9.9828,
	6.87809 9.98696,
	6.85589 9.9939,
	6.8337 9.99806,
	6.8115 10.005,
	6.80595 10.005,
	6.8004 10.0078,
	6.79763 10.0078,
	6.79485 10.0105,
	6.78376 10.0119,
	6.78098 10.0119,
	6.77821 10.0147,
	6.77266 10.0147,
	6.76711 10.0189,
	6.74491 10.0258,
	6.74214 10.0286,
	6.73659 10.0286,
	6.73104 10.0327,
	6.71994 10.0355,
	6.71439 10.0355,
	6.70884 10.0397,
	6.68665 10.0466,
	6.67555 10.0522,
	6.67277 10.0522,
	6.67 10.0549,
	6.66445 10.0549,
	6.6589 10.0577,
	6.65613 10.0577,
	6.65058 10.0619,
	6.62838 10.0688,
	6.60618 10.0785,
	6.59509 10.0827,
	6.58954 10.0855,
	6.58676 10.0855,
	6.58121 10.0896,
	6.55902 10.0979,
	6.54792 10.1035,
	6.54237 10.1035,
	"/>
</Transform>

<Transform dim="0"
 xcoef=" 0 1 0 0 0 0"
 ycoef=" 0 0 1 0 0 0">
<Contour name="dch_na_d19c37" hidden="false" closed="true" simplified="true" border="0 0 1" fill="0 0 1" mode="11"
 points="8.26751 10.275,
	8.25006 10.2719,
	8.24138 10.2701,
	8.22361 10.2688,
	8.21462 10.2688,
	8.21003 10.2694,
	8.19244 10.2666,
	8.17456 10.2658,
	8.1658 10.2642,
	8.1573 10.261,
	8.1399 10.2576,
	8.13153 10.254,
	8.12769 10.2502,
	8.12624 10.2454,
	8.12581 10.2413,
	8.12591 10.2407,
	8.12891 10.2363,
	8.12985 10.234,
	8.13422 10.2315,
	8.15202 10.2325,
	8.22229 10.2434,
	8.23995 10.2452,
	8.27468 10.2519,
	8.29183 10.2568,
	8.29604 10.2585,
	8.29814 10.2594,
	8.30078 10.264,
	8.30206 10.2665,
	8.30252 10.2672,
	8.29745 10.2706,
	8.29259 10.2728,
	8.28792 10.2739,
	8.28553 10.2747,
	"/>
</Transform>

<Transform dim="1"
 xcoef=" 0.01 1 0 0 0 0"
 ycoef=" 0 0 1 0 0 0">
<Contour name="dch_d19c34" hidden="false" closed="true" simplified="true" border="0 0 1" fill="0 0 1" mode="11"
 points="5.03061 10.1626,
	4.99268 10.1604,
	4.97344 10.1575,
	4.96399 10.1533,
	4.95469 10.147,
	4.94813 10.1379,
	4.93776 10.1035,
	4.93445 10.0991,
	4.93388 10.0919,
	4.93398 10.0909,
	4.93592 10.0829,
	4.94266 10.0752,
	4.95286 10.0688,
	4.9628 10.0642,
	4.98216 10.06,
	5.0012 10.0578,
	5.01069 10.0561,
	5.02938 10.0569,
	5.03852 10.0615,
	5.05689 10.0655,
	5.09352 10.0627,
	5.11148 10.0645,
	5.14708 10.0636,
	5.15582 10.065,
	5.1602 10.0652,
	5.16447 10.0676,
	5.17281 10.0756,
	5.17666 10.0847,
	5.17858 10.0892,
	5.17911 10.0981,
	5.18389 10.1071,
	5.18679 10.1117,
	5.18828 10.1206,
	5.18541 10.1294,
	5.18396 10.1338,
	5.17577 10.1412,
	5.15771 10.1494,
	5.12167 10.1598,
	5.04931 10.1619,
	"/>
</Transform>

<Transform dim="0"
 xcoef=" 0 1 0 0 0 0"
 ycoef=" 0 0 1 0 0 0">
<Image mag="0.0022379" contrast="1.144" brightness="-0.15" red="true" green="true" blue="true"
 src="188____z187.0.tif" />
<Contour name="d05c15" hidden="false" closed="true" simplified="false" border="0 0 1" fill="0 0 1" mode="11"
 points="0 0,
	9356 0,
	9356 6733,
	0 6733,
	"/>
</Transform>

<Transform dim="0"
 xcoef=" 0 1 0 0 0 0"
 ycoef=" 0 0 1 0 0 0">
<Image mag="0.0022379" contrast="1.144" brightness="-0.15" red="true" green="true" blue="true"
 src="189____z188.0.tif" />
<Contour name="d05c15" hidden="false" closed="true" simplified="false" border="0 0 1" fill="0 0 1" mode="11"
 points="0 0,
	9356 0,
	9356 6733,
	0 6733,
	"/>
</Transform>

</Section>