<?xml version="1.0"?>
<!DOCTYPE Section SYSTEM "section.dtd">

<Section index="169" thickness="0.045794" alignLocked="true">
<Transform dim="0"
 xcoef=" 0 1 0 0 0 0"
 ycoef=" 0 0 1 0 0 0">
<Image mag="0.0022379" contrast="1.144" brightness="-0.15" red="true" green="true" blue="true"
 src="170____z169.0.tif" />
<Contour name="domain1" hidden="false" closed="true" simplified="false" border="1 0 1" fill="1 0 1" mode="11"
 points="0 0,
	9357 0,
	9357 6734,
	0 6734,
	"/>
</Transform>

<Transform dim="1"
 xcoef=" 0.04 1 0 0 0 0"
 ycoef=" 0 0 1 0 0 0">
<Contour name="d07sp41" hidden="false" closed="true" simplified="true" border="1 0 0" fill="1 0 0" mode="11"
 points="7.77464 9.34151,
	7.75495 9.33918,
	7.74522 9.33546,
	7.73572 9.32762,
	7.731 9.32319,
	7.72865 9.32098,
	7.72981 9.30422,
	7.73005 9.30106,
	7.73012 9.30001,
	7.73392 9.28322,
	7.74031 9.2664,
	7.746 9.25805,
	7.76351 9.24155,
	7.80217 9.20847,
	7.81847 9.19167,
	7.83719 9.17494,
	7.85804 9.1605,
	7.87822 9.15157,
	7.88836 9.14655,
	7.89335 9.1446,
	7.91192 9.12772,
	7.93139 9.11306,
	7.97127 9.09605,
	7.98131 9.09092,
	7.9911 9.08803,
	8.00066 9.08738,
	8.01941 9.08948,
	8.0384 9.08929,
	8.04796 9.08864,
	8.06749 9.08275,
	8.07243 9.08071,
	8.09115 9.08278,
	8.12925 9.07896,
	8.14826 9.07647,
	8.16738 9.0717,
	8.17705 9.0676,
	8.18196 9.0644,
	8.18447 9.06221,
	8.19435 9.06168,
	8.19936 9.06087,
	8.21769 9.07013,
	8.25444 9.08423,
	8.27217 9.09475,
	8.28099 9.10003,
	8.29663 9.11851,
	8.30432 9.13751,
	8.31472 9.17497,
	8.32052 9.21171,
	8.31804 9.22952,
	8.31454 9.23822,
	8.31221 9.24251,
	8.30334 9.24978,
	8.29907 9.25401,
	8.22439 9.24848,
	8.2052 9.24624,
	8.19557 9.24568,
	8.18592 9.24285,
	8.1763 9.23774,
	8.15702 9.23316,
	8.11808 9.23644,
	8.09856 9.23746,
	8.07918 9.23506,
	8.03991 9.24146,
	8.03007 9.24304,
	7.99024 9.25708,
	7.97017 9.26571,
	7.96009 9.27055,
	7.95508 9.27241,
	7.91409 9.30256,
	7.89379 9.31522,
	7.87365 9.32559,
	7.86355 9.33125,
	7.85338 9.33903,
	7.84347 9.34143,
	7.83369 9.34064,
	7.81429 9.33594,
	7.8046 9.3331,
	7.78468 9.33801,
	"/>
<Contour name="d24sph31" hidden="false" closed="true" simplified="true" border="1 0 0" fill="1 0 0" mode="11"
 points="7.14931 7.7018,
	7.13492 7.69919,
	7.12061 7.69505,
	7.1135 7.69241,
	7.10994 7.6913,
	7.10303 7.68669,
	7.09626 7.68087,
	7.09291 7.67776,
	7.09125 7.67622,
	7.06386 7.6619,
	7.05109 7.65229,
	7.04738 7.64593,
	7.04555 7.64274,
	7.04264 7.62972,
	7.04281 7.61647,
	7.04354 7.60977,
	7.04371 7.6081,
	7.04376 7.60767,
	7.04663 7.60133,
	7.05034 7.59509,
	7.05285 7.59193,
	7.05388 7.59037,
	7.06142 7.58507,
	7.06329 7.58384,
	7.07047 7.5824,
	7.08466 7.58179,
	7.11289 7.58332,
	7.11994 7.58383,
	7.13381 7.58681,
	7.14767 7.5891,
	7.1545 7.59085,
	7.15789 7.59193,
	7.16447 7.59601,
	7.16774 7.59824,
	7.17093 7.60125,
	7.18393 7.61048,
	7.21005 7.62465,
	7.21644 7.6301,
	7.21965 7.63261,
	7.22602 7.63889,
	7.22921 7.64225,
	7.23272 7.64891,
	7.23427 7.65223,
	7.23505 7.65391,
	7.23615 7.66713,
	7.23688 7.67375,
	7.23525 7.68031,
	7.23398 7.68357,
	7.23358 7.68521,
	7.22657 7.68958,
	7.21909 7.69314,
	7.21556 7.69515,
	7.21379 7.69596,
	7.1997 7.69713,
	7.18543 7.69916,
	7.17824 7.70038,
	"/>
<Contour name="d24sp31" hidden="false" closed="true" simplified="true" border="1 0 0" fill="1 0 0" mode="11"
 points="7.14931 7.7018,
	7.13492 7.69919,
	7.12061 7.69505,
	7.1135 7.69241,
	7.10994 7.6913,
	7.10303 7.68669,
	7.09626 7.68087,
	7.09291 7.67776,
	7.09125 7.67622,
	7.06386 7.6619,
	7.05109 7.65229,
	7.04738 7.64593,
	7.04555 7.64274,
	7.04264 7.62972,
	7.04281 7.61647,
	7.04354 7.60977,
	7.04371 7.6081,
	7.04376 7.60767,
	7.04663 7.60133,
	7.05034 7.59509,
	7.05285 7.59193,
	7.05388 7.59037,
	7.06142 7.58507,
	7.06329 7.58384,
	7.07047 7.5824,
	7.08466 7.58179,
	7.11289 7.58332,
	7.11994 7.58383,
	7.13381 7.58681,
	7.14767 7.5891,
	7.1545 7.59085,
	7.15789 7.59193,
	7.16447 7.59601,
	7.16774 7.59824,
	7.17093 7.60125,
	7.18393 7.61048,
	7.21005 7.62465,
	7.21644 7.6301,
	7.21965 7.63261,
	7.22602 7.63889,
	7.22921 7.64225,
	7.23272 7.64891,
	7.23427 7.65223,
	7.23505 7.65391,
	7.23615 7.66713,
	7.23688 7.67375,
	7.23525 7.68031,
	7.23398 7.68357,
	7.23358 7.68521,
	7.22657 7.68958,
	7.21909 7.69314,
	7.21556 7.69515,
	7.21379 7.69596,
	7.1997 7.69713,
	7.18543 7.69916,
	7.17824 7.70038,
	"/>
<Contour name="d23sp32" hidden="false" closed="true" simplified="true" border="1 0 0" fill="1 0 0" mode="11"
 points="10.2141 7.5434,
	10.1913 7.5427,
	10.179 7.52532,
	10.1758 7.51637,
	10.1796 7.49756,
	10.1775 7.47923,
	10.1815 7.40673,
	10.1816 7.40561,
	10.2108 7.36806,
	10.2239 7.34988,
	10.2295 7.34096,
	10.241 7.33389,
	10.2467 7.33038,
	10.2698 7.32271,
	10.2814 7.31995,
	10.3041 7.30922,
	10.3155 7.30441,
	10.3385 7.29905,
	10.3846 7.29394,
	10.4076 7.29868,
	10.4132 7.29964,
	10.4343 7.31708,
	10.437 7.31932,
	10.4437 7.35575,
	10.4409 7.37419,
	10.4291 7.4113,
	10.4215 7.42993,
	10.3977 7.46711,
	10.3884 7.47636,
	10.3655 7.49481,
	10.3535 7.5029,
	10.3304 7.51212,
	10.3186 7.51799,
	10.2723 7.53151,
	10.2257 7.54156,
	"/>
<Contour name="d23sph32" hidden="false" closed="true" simplified="true" border="1 0 0" fill="1 0 0" mode="11"
 points="10.2141 7.5434,
	10.1913 7.5427,
	10.179 7.52532,
	10.1758 7.51637,
	10.1796 7.49756,
	10.1775 7.47923,
	10.1815 7.40673,
	10.1816 7.40561,
	10.2108 7.36806,
	10.2239 7.34988,
	10.2295 7.34096,
	10.241 7.33389,
	10.2467 7.33038,
	10.2698 7.32271,
	10.2814 7.31995,
	10.3041 7.30922,
	10.3155 7.30441,
	10.3385 7.29905,
	10.3846 7.29394,
	10.4076 7.29868,
	10.4132 7.29964,
	10.4343 7.31708,
	10.437 7.31932,
	10.4437 7.35575,
	10.4409 7.37419,
	10.4291 7.4113,
	10.4215 7.42993,
	10.3977 7.46711,
	10.3884 7.47636,
	10.3655 7.49481,
	10.3535 7.5029,
	10.3304 7.51212,
	10.3186 7.51799,
	10.2723 7.53151,
	10.2257 7.54156,
	"/>
<Contour name="d07sp45" hidden="false" closed="true" simplified="true" border="1 0 0" fill="1 0 0" mode="11"
 points="9.63202 9.6337,
	9.61855 9.6327,
	9.61513 9.63245,
	9.60186 9.61976,
	9.58321 9.59488,
	9.57462 9.57066,
	9.571 9.54671,
	9.57316 9.49941,
	9.56491 9.45162,
	9.54574 9.40392,
	9.52967 9.38041,
	9.46848 9.33242,
	9.41762 9.28477,
	9.35838 9.2404,
	9.34111 9.21611,
	9.33207 9.2039,
	9.29668 9.11671,
	9.29665 9.11557,
	9.2966 9.1134,
	9.29655 9.11123,
	9.29651 9.10905,
	9.29646 9.10688,
	9.29642 9.1047,
	9.29638 9.10253,
	9.29634 9.10035,
	9.2963 9.09818,
	9.29626 9.096,
	9.29623 9.09383,
	9.29619 9.09202,
	9.29095 9.0785,
	9.28671 9.05418,
	9.28621 9.00532,
	9.28394 8.98046,
	9.2831 8.96796,
	9.2827 8.96154,
	9.28298 8.95994,
	9.28326 8.95834,
	9.29704 8.94881,
	9.30068 8.94562,
	9.32592 8.94257,
	9.35054 8.94592,
	9.37457 8.95568,
	9.38053 8.95891,
	9.4327 8.96538,
	9.44603 8.96701,
	9.47192 8.9769,
	9.49785 8.99016,
	9.55084 9.02349,
	9.57865 9.03861,
	9.63634 9.0644,
	9.66547 9.07997,
	9.69459 9.09876,
	9.75215 9.12422,
	9.78136 9.13709,
	9.87028 9.16582,
	9.87028 9.16603,
	9.87026 9.16824,
	9.87025 9.17046,
	9.87025 9.17267,
	9.87024 9.17373,
	9.88222 9.17742,
	9.93561 9.20276,
	9.98812 9.23206,
	10.0144 9.24664,
	10.0407 9.25833,
	10.067 9.26419,
	10.0934 9.26555,
	10.1068 9.26765,
	10.1102 9.26778,
	10.1225 9.2802,
	10.1508 9.2994,
	10.1653 9.31061,
	10.2228 9.34878,
	10.2511 9.36749,
	10.2785 9.38312,
	10.2918 9.3901,
	10.3171 9.41211,
	10.3293 9.42063,
	10.341 9.43236,
	10.3467 9.43899,
	10.3518 9.45207,
	10.354 9.47789,
	10.3558 9.49072,
	10.3666 9.51477,
	10.3678 9.51795,
	10.3618 9.53039,
	10.358 9.53654,
	10.3456 9.54084,
	10.3333 9.54192,
	10.2857 9.52831,
	10.2626 9.5062,
	10.2509 9.49262,
	10.2262 9.47292,
	10.2005 9.45762,
	10.1741 9.44831,
	10.1207 9.41603,
	10.0669 9.38792,
	10.0143 9.37265,
	9.96379 9.36967,
	9.93888 9.36774,
	9.91461 9.37035,
	9.90283 9.37391,
	9.88978 9.39108,
	9.88999 9.39229,
	9.89038 9.39445,
	9.89077 9.39661,
	9.89116 9.39877,
	9.8912 9.39897,
	9.88812 9.40328,
	9.87693 9.41454,
	9.83042 9.44394,
	9.82689 9.44537,
	9.82099 9.44916,
	9.79649 9.45901,
	9.77333 9.46527,
	9.72756 9.51149,
	9.70677 9.53471,
	9.69789 9.54625,
	9.69254 9.55196,
	9.67102 9.59876,
	9.65756 9.62182,
	9.65382 9.62752,
	9.64763 9.62845,
	9.64549 9.63173,
	"/>
<Contour name="d23sp34" hidden="false" closed="true" simplified="true" border="1 0 0" fill="1 0 0" mode="11"
 points="10.7406 7.11919,
	10.6945 7.10737,
	10.672 7.09268,
	10.6662 7.08944,
	10.6456 7.06537,
	10.6104 7.01859,
	10.5857 6.99729,
	10.5731 6.98617,
	10.5638 6.97501,
	10.5501 6.95262,
	10.5307 6.93212,
	10.5037 6.91515,
	10.4939 6.90427,
	10.4893 6.89301,
	10.487 6.87005,
	10.4809 6.8474,
	10.463 6.8027,
	10.463 6.78017,
	10.463 6.77878,
	10.4742 6.75625,
	10.4788 6.74519,
	10.4818 6.73968,
	10.502 6.71912,
	10.5146 6.71231,
	10.522 6.70157,
	10.5266 6.69621,
	10.5392 6.65347,
	10.5421 6.64275,
	10.5395 6.60035,
	10.5362 6.57907,
	10.5345 6.53608,
	10.5345 6.52525,
	10.5486 6.48156,
	10.5594 6.45939,
	10.5922 6.41354,
	10.6003 6.36628,
	10.6025 6.35416,
	10.6044 6.348,
	10.6012 6.29916,
	10.6436 6.19403,
	10.6776 6.09235,
	10.7248 5.99506,
	10.7546 5.94768,
	10.7711 5.92429,
	10.7907 5.90109,
	10.8369 5.85535,
	10.861 5.83269,
	10.8731 5.82134,
	10.8993 5.80297,
	10.9123 5.79443,
	10.9647 5.76883,
	10.978 5.76249,
	10.9901 5.7607,
	11.0131 5.76165,
	11.0337 5.77203,
	11.0387 5.77504,
	11.0476 5.78584,
	11.0522 5.79047,
	11.0624 5.83991,
	11.0688 5.86432,
	11.0565 5.91092,
	11.0502 5.9337,
	11.0473 5.95644,
	11.049 5.97933,
	11.0676 6.02585,
	11.0702 6.03172,
	11.0919 6.04369,
	11.114 6.05988,
	11.1251 6.06943,
	11.1307 6.07419,
	11.1336 6.08014,
	11.1413 6.12642,
	11.1474 6.17305,
	11.1474 6.19644,
	11.1442 6.21981,
	11.1362 6.24297,
	11.0776 6.33496,
	11.0528 6.35621,
	11.0404 6.36771,
	11.0156 6.38028,
	10.9925 6.39939,
	10.9788 6.42362,
	10.9745 6.44802,
	10.9671 6.47219,
	10.9567 6.49613,
	10.9282 6.54313,
	10.9208 6.5547,
	10.91 6.60018,
	10.9078 6.62288,
	10.9066 6.63437,
	10.8932 6.68003,
	10.8821 6.70271,
	10.8794 6.70837,
	10.882 6.73141,
	10.8839 6.74301,
	10.8965 6.76673,
	10.9025 6.7787,
	10.9067 6.80247,
	10.9079 6.81436,
	10.9093 6.81741,
	10.8969 6.86436,
	10.8924 6.88804,
	10.8885 6.89979,
	10.8895 6.94839,
	10.891 6.97298,
	10.8881 6.99722,
	10.8749 7.04486,
	10.8263 7.08781,
	10.8133 7.09824,
	10.7885 7.11157,
	10.7762 7.116,
	10.7524 7.11907,
	"/>
<Contour name="d17sp27" hidden="false" closed="true" simplified="true" border="1 0 0" fill="1 0 0" mode="11"
 points="5.1295 7.51501,
	5.10314 7.51068,
	5.09636 7.5095,
	5.06826 7.49824,
	5.06465 7.49687,
	5.05004 7.48932,
	5.03518 7.48105,
	5.02766 7.47675,
	4.99731 7.45449,
	4.98968 7.44953,
	4.9845 7.44237,
	4.9817 7.43878,
	4.9795 7.43196,
	4.97879 7.4253,
	4.97796 7.42193,
	4.97803 7.4203,
	4.97808 7.41948,
	4.97809 7.41909,
	4.98022 7.40624,
	4.98581 7.39385,
	4.98861 7.3877,
	4.99659 7.37573,
	5.00545 7.36396,
	5.01506 7.35237,
	5.02538 7.34092,
	5.02825 7.33811,
	5.02922 7.33665,
	5.04412 7.32696,
	5.05863 7.32193,
	5.06221 7.32117,
	5.06937 7.32079,
	5.08359 7.32199,
	5.09767 7.32395,
	5.11159 7.3275,
	5.13881 7.33823,
	5.1648 7.35399,
	5.1711 7.35807,
	5.17741 7.36131,
	5.19001 7.36652,
	5.20258 7.37084,
	5.21531 7.3734,
	5.2412 7.37611,
	5.24774 7.37662,
	5.25103 7.37686,
	5.26401 7.37994,
	5.27732 7.38163,
	5.28064 7.38227,
	5.30873 7.37976,
	5.32308 7.37862,
	5.3374 7.37915,
	5.34462 7.37939,
	5.35149 7.38222,
	5.35496 7.38362,
	5.35829 7.38588,
	5.36418 7.39297,
	5.36601 7.39647,
	5.36742 7.40343,
	5.36839 7.40692,
	5.36854 7.41383,
	5.36769 7.42762,
	5.36532 7.44136,
	5.36465 7.4448,
	5.36156 7.4516,
	5.3576 7.45839,
	5.34678 7.47184,
	5.344 7.47519,
	5.32952 7.48329,
	5.32593 7.4853,
	5.3117 7.48945,
	5.30467 7.49085,
	5.30116 7.49196,
	5.27349 7.49174,
	5.25994 7.49083,
	5.25659 7.49059,
	5.2433 7.4925,
	5.24 7.49306,
	5.22702 7.49946,
	5.21419 7.50271,
	5.2015 7.50454,
	5.17656 7.51063,
	5.16414 7.51322,
	5.15793 7.51425,
	5.1327 7.51477,
	"/>
<Contour name="d07c45" hidden="false" closed="true" simplified="true" border="0 0 1" fill="0 0 1" mode="11"
 points="9.71597 9.54605,
	9.70761 9.54556,
	9.70345 9.54435,
	9.69859 9.52864,
	9.69861 9.52766,
	9.71823 9.46556,
	9.73481 9.45617,
	9.7389 9.45333,
	9.74128 9.4532,
	9.74509 9.45104,
	9.74918 9.44818,
	9.78239 9.44616,
	9.79063 9.4474,
	9.80669 9.44598,
	9.81464 9.4453,
	9.81864 9.44544,
	9.82701 9.45261,
	9.82842 9.4605,
	9.82209 9.47599,
	9.79328 9.50566,
	9.77659 9.51808,
	9.76034 9.53252,
	9.75224 9.53557,
	9.74986 9.53766,
	9.73275 9.54406,
	"/>
<Contour name="d07c45" hidden="false" closed="true" simplified="true" border="0 0 1" fill="0 0 1" mode="11"
 points="9.8924 9.40955,
	9.87639 9.40203,
	9.87236 9.39991,
	9.87024 9.3979,
	9.86921 9.39027,
	9.86882 9.38742,
	9.8687 9.38647,
	9.87551 9.37181,
	9.8897 9.35964,
	9.8969 9.35365,
	9.90049 9.35021,
	9.91563 9.343,
	9.93119 9.33868,
	9.93902 9.33655,
	9.94701 9.33626,
	9.97979 9.34349,
	9.98807 9.34602,
	10.005 9.35479,
	10.0117 9.3627,
	10.0161 9.36676,
	10.0184 9.37064,
	10.0115 9.3995,
	10.0106 9.40316,
	10.0097 9.40494,
	9.94514 9.39303,
	9.93725 9.39247,
	9.92208 9.39612,
	9.90713 9.4018,
	"/>
<Contour name="d05p40" hidden="false" closed="true" simplified="true" border="0 0 1" fill="0 0 1" mode="11"
 points="11.5346 11.7504,
	11.5138 11.7085,
	11.5651 11.7168,
	"/>
<Contour name="d05p41" hidden="false" closed="true" simplified="true" border="0 0 1" fill="0 0 1" mode="11"
 points="11.1914 11.5489,
	11.1693 11.506,
	11.2194 11.518,
	"/>
<Contour name="d23sph35" hidden="false" closed="true" simplified="true" border="1 0 0" fill="1 0 0" mode="11"
 points="12.4496 7.81348,
	12.4089 7.80135,
	12.3989 7.79866,
	12.3584 7.79278,
	12.3183 7.79144,
	12.3086 7.79046,
	12.2994 7.78839,
	12.2654 7.77394,
	12.2492 7.76521,
	12.2412 7.76081,
	12.2336 7.75537,
	12.2092 7.68993,
	12.206 7.68178,
	12.1903 7.61664,
	12.1859 7.60056,
	12.1837 7.59255,
	12.1768 7.57671,
	12.1722 7.56087,
	12.1716 7.5589,
	12.1713 7.55791,
	12.1714 7.55542,
	12.1778 7.54763,
	12.1872 7.53179,
	12.1899 7.52772,
	12.1901 7.52672,
	12.1939 7.5226,
	12.196 7.52054,
	12.197 7.51853,
	12.2006 7.51493,
	12.2029 7.51284,
	12.2043 7.51178,
	12.2046 7.51076,
	12.2067 7.5092,
	12.208 7.50865,
	12.2082 7.50764,
	12.2124 7.5045,
	12.2146 7.50293,
	12.2156 7.50291,
	12.22 7.4993,
	12.2298 7.49358,
	12.2344 7.49101,
	12.2391 7.48944,
	12.2416 7.48841,
	12.2426 7.4884,
	12.244 7.48739,
	12.2461 7.48737,
	12.255 7.4848,
	12.2588 7.4843,
	12.2928 7.48539,
	12.3098 7.48556,
	12.3141 7.48562,
	12.3315 7.48343,
	12.3643 7.48696,
	12.3805 7.49017,
	12.3885 7.49177,
	12.4202 7.50087,
	12.4279 7.50521,
	12.4299 7.50615,
	12.4612 7.5312,
	12.4936 7.55826,
	12.5019 7.5649,
	12.5368 7.58841,
	12.5439 7.59502,
	12.5489 7.60215,
	12.5649 7.63118,
	12.5656 7.66136,
	12.5662 7.66515,
	12.5726 7.68023,
	12.5758 7.68784,
	12.5763 7.70336,
	12.5762 7.71119,
	12.5759 7.71512,
	12.5593 7.74748,
	12.5485 7.76402,
	12.5458 7.76818,
	12.5418 7.77243,
	12.5308 7.78064,
	12.5067 7.79343,
	12.4825 7.80348,
	12.4586 7.81064,
	12.4525 7.81272,
	"/>
<Contour name="d17sph28" hidden="false" closed="true" simplified="true" border="1 0 0" fill="1 0 0" mode="11"
 points="3.27948 7.01035,
	3.26081 7.00635,
	3.25144 7.00408,
	3.2467 7.00323,
	3.22832 6.99471,
	3.15225 6.95366,
	3.13188 6.94366,
	3.12146 6.93867,
	3.11625 6.93561,
	3.0954 6.91949,
	3.07546 6.90135,
	3.05721 6.8829,
	3.05236 6.87829,
	3.03733 6.86028,
	3.02974 6.85133,
	3.01741 6.83383,
	3.00944 6.81694,
	3.00616 6.80865,
	3.00428 6.80056,
	3.00397 6.78487,
	3.00399 6.78389,
	3.00399 6.78341,
	3.00979 6.76846,
	3.01946 6.75389,
	3.02147 6.7502,
	3.03492 6.73579,
	3.0436 6.72868,
	3.0536 6.7221,
	3.06434 6.71749,
	3.06967 6.71491,
	3.09139 6.71197,
	3.136 6.713,
	3.14162 6.71335,
	3.16414 6.71759,
	3.16981 6.71934,
	3.18126 6.72474,
	3.18691 6.72694,
	3.20864 6.74317,
	3.22851 6.75928,
	3.23941 6.76602,
	3.24481 6.76964,
	3.2657 6.77905,
	3.28478 6.79578,
	3.2891 6.79999,
	3.29032 6.80105,
	3.29529 6.83312,
	3.29775 6.84143,
	3.30539 6.85852,
	3.30738 6.86284,
	3.30973 6.87981,
	3.31049 6.88835,
	3.30277 6.92213,
	3.29953 6.93938,
	3.29634 6.97474,
	3.29502 6.99288,
	3.29258 7.00191,
	3.29076 7.00641,
	3.28985 7.00866,
	3.2891 7.00977,
	"/>
<Contour name="d17sp28" hidden="false" closed="true" simplified="true" border="1 0 0" fill="1 0 0" mode="11"
 points="3.7649 7.60046,
	3.7587 7.59135,
	3.7552 7.5868,
	3.73869 7.57432,
	3.72341 7.56414,
	3.71585 7.55679,
	3.71221 7.55281,
	3.70912 7.54358,
	3.70723 7.53895,
	3.70648 7.5205,
	3.70892 7.51128,
	3.70922 7.51013,
	3.70937 7.50957,
	3.71221 7.50037,
	3.71277 7.49806,
	3.71871 7.4889,
	3.72204 7.48439,
	3.73936 7.46654,
	3.74967 7.45824,
	3.75475 7.45383,
	3.76408 7.44837,
	3.78175 7.43915,
	3.79017 7.43482,
	3.79428 7.43265,
	3.80215 7.43002,
	3.80596 7.42896,
	3.80786 7.42844,
	3.82194 7.43211,
	3.82543 7.43218,
	3.82878 7.43337,
	3.83209 7.43623,
	3.83369 7.43737,
	3.82842 7.44628,
	3.82564 7.45073,
	3.81783 7.45962,
	3.81088 7.46852,
	3.805 7.47746,
	3.79486 7.4954,
	3.77465 7.53143,
	3.7671 7.54951,
	3.76523 7.55854,
	3.76567 7.59478,
	3.76561 7.59932,
	"/>
<Contour name="d17sp28" hidden="false" closed="true" simplified="true" border="1 0 0" fill="1 0 0" mode="11"
 points="3.27948 7.01035,
	3.26081 7.00635,
	3.25144 7.00408,
	3.2467 7.00323,
	3.22832 6.99471,
	3.15225 6.95366,
	3.13188 6.94366,
	3.12146 6.93867,
	3.11625 6.93561,
	3.0954 6.91949,
	3.07546 6.90135,
	3.05721 6.8829,
	3.05236 6.87829,
	3.03733 6.86028,
	3.02974 6.85133,
	3.01741 6.83383,
	3.00944 6.81694,
	3.00616 6.80865,
	3.00428 6.80056,
	3.00397 6.78487,
	3.00399 6.78389,
	3.00399 6.78341,
	3.00979 6.76846,
	3.01946 6.75389,
	3.02147 6.7502,
	3.03492 6.73579,
	3.0436 6.72868,
	3.0536 6.7221,
	3.06434 6.71749,
	3.06967 6.71491,
	3.09139 6.71197,
	3.136 6.713,
	3.14162 6.71335,
	3.16414 6.71759,
	3.16981 6.71934,
	3.18126 6.72474,
	3.18691 6.72694,
	3.20864 6.74317,
	3.22851 6.75928,
	3.23941 6.76602,
	3.24481 6.76964,
	3.2657 6.77905,
	3.28478 6.79578,
	3.2891 6.79999,
	3.29032 6.80105,
	3.29529 6.83312,
	3.29775 6.84143,
	3.30539 6.85852,
	3.30738 6.86284,
	3.30973 6.87981,
	3.31049 6.88835,
	3.30277 6.92213,
	3.29953 6.93938,
	3.29634 6.97474,
	3.29502 6.99288,
	3.29258 7.00191,
	3.29076 7.00641,
	3.28985 7.00866,
	3.2891 7.00977,
	"/>
<Contour name="d07san45" hidden="false" closed="true" simplified="true" border="1 1 0" fill="1 1 0" mode="11"
 points="9.53552 9.21138,
	9.52879 9.15047,
	9.53078 9.15052,
	9.53688 9.21141,
	"/>
<Contour name="d07san45" hidden="false" closed="true" simplified="true" border="1 1 0" fill="1 1 0" mode="11"
 points="9.53736 9.22445,
	9.44683 9.22335,
	9.45462 9.21619,
	9.45615 9.2162,
	9.46301 9.2102,
	9.52589 9.2112,
	9.51979 9.15606,
	9.45901 9.15493,
	9.46212 9.20264,
	9.45408 9.20996,
	9.45052 9.15479,
	9.44932 9.15477,
	9.4536 9.20859,
	9.44588 9.21598,
	9.44066 9.14681,
	9.45016 9.14698,
	9.44991 9.14112,
	9.53974 9.14296,
	9.5476 9.21896,
	9.53653 9.21873,
	"/>
<Contour name="d23sph34" hidden="false" closed="true" simplified="true" border="1 0 0" fill="1 0 0" mode="11"
 points="10.7409 6.78649,
	10.6957 6.78508,
	10.6841 6.78377,
	10.6783 6.78313,
	10.6754 6.78192,
	10.6696 6.78188,
	10.6636 6.78007,
	10.6578 6.77946,
	10.6548 6.77828,
	10.652 6.77828,
	10.6408 6.77473,
	10.635 6.77416,
	10.6341 6.77298,
	10.6222 6.76951,
	10.6191 6.76776,
	10.6163 6.76719,
	10.6146 6.76602,
	10.6132 6.76604,
	10.6102 6.7643,
	10.6087 6.76432,
	10.6026 6.76084,
	10.6011 6.76086,
	10.5898 6.75451,
	10.5868 6.75338,
	10.5853 6.75222,
	10.5838 6.75224,
	10.5785 6.74878,
	10.5726 6.74651,
	10.5672 6.74247,
	10.5589 6.73612,
	10.549 6.72744,
	10.549 6.72625,
	10.5445 6.72279,
	10.5444 6.72162,
	10.5407 6.71872,
	10.5324 6.70939,
	10.5272 6.70474,
	10.525 6.70241,
	10.5243 6.70122,
	10.5242 6.69946,
	10.5275 6.69475,
	10.5379 6.65708,
	10.5411 6.64763,
	10.5423 6.64291,
	10.5394 6.60551,
	10.5355 6.56797,
	10.5349 6.52997,
	10.5348 6.5252,
	10.5472 6.48673,
	10.5506 6.47702,
	10.5608 6.45741,
	10.5897 6.41704,
	10.5935 6.40674,
	10.6007 6.36494,
	10.6026 6.35425,
	10.6044 6.34883,
	10.602 6.3058,
	10.6012 6.30041,
	10.6381 6.20785,
	10.643 6.19618,
	10.673 6.10614,
	10.6766 6.09522,
	10.7179 6.00911,
	10.7289 5.98808,
	10.7553 5.94639,
	10.7704 5.92576,
	10.787 5.90529,
	10.8272 5.86487,
	10.8696 5.82488,
	10.875 5.81988,
	10.8978 5.80432,
	10.9095 5.79616,
	10.9322 5.78463,
	10.9787 5.76275,
	10.9896 5.76048,
	11.0097 5.76201,
	11.0146 5.76257,
	11.0328 5.77172,
	11.0415 5.77774,
	11.0452 5.78319,
	11.0526 5.79205,
	11.0615 5.83567,
	11.0671 5.85722,
	11.0685 5.86259,
	11.0681 5.86786,
	11.0566 5.90889,
	11.0518 5.92903,
	11.0484 5.94908,
	11.0479 5.96917,
	11.0488 5.97925,
	11.065 6.02024,
	11.0696 6.03057,
	11.0738 6.03406,
	11.093 6.04463,
	11.1124 6.05827,
	11.1314 6.07567,
	11.1334 6.08086,
	11.1401 6.12164,
	11.1461 6.16268,
	11.1475 6.17303,
	11.1474 6.19365,
	11.1453 6.21427,
	11.1391 6.2347,
	11.1347 6.24488,
	11.0831 6.32591,
	11.0804 6.33108,
	11.0764 6.33615,
	11.0545 6.3542,
	11.0437 6.36433,
	11.0382 6.36874,
	11.0163 6.37983,
	10.9945 6.39728,
	10.9918 6.3999,
	10.9804 6.42128,
	10.9785 6.42664,
	10.9747 6.44815,
	10.9674 6.46947,
	10.9589 6.49061,
	10.957 6.49586,
	10.9312 6.53737,
	10.9253 6.54761,
	10.9221 6.5527,
	10.9117 6.59289,
	10.9094 6.60281,
	10.9075 6.62284,
	10.9064 6.63298,
	10.9011 6.65315,
	10.8946 6.67325,
	10.8917 6.68329,
	10.8819 6.70327,
	10.8796 6.70826,
	10.8796 6.71017,
	10.8733 6.71885,
	10.8587 6.73549,
	10.8509 6.74283,
	10.8465 6.74711,
	10.8268 6.75845,
	10.8221 6.76081,
	10.8195 6.76261,
	10.8181 6.76257,
	10.8082 6.76789,
	10.8068 6.76785,
	10.8048 6.76966,
	10.8035 6.76962,
	10.8009 6.77141,
	10.7995 6.77137,
	10.7968 6.77316,
	10.7941 6.77307,
	10.7928 6.77429,
	10.7819 6.77706,
	10.7766 6.77878,
	10.7738 6.77994,
	10.7711 6.77986,
	10.7656 6.78156,
	10.7628 6.78149,
	10.7519 6.78429,
	10.7464 6.78476,
	"/>
<Contour name="d23sp35" hidden="false" closed="true" simplified="true" border="1 0 0" fill="1 0 0" mode="11"
 points="12.4481 7.81355,
	12.4032 7.79944,
	12.358 7.79292,
	12.3135 7.79137,
	12.303 7.78967,
	12.2648 7.77421,
	12.2469 7.76449,
	12.2382 7.75902,
	12.234 7.75569,
	12.2063 7.68292,
	12.1887 7.61051,
	12.1838 7.59264,
	12.1762 7.57502,
	12.1656 7.53999,
	12.1574 7.52284,
	12.1478 7.5057,
	12.1357 7.48887,
	12.1305 7.48156,
	12.0956 7.46846,
	12.0884 7.46383,
	12.083 7.44712,
	12.0815 7.43863,
	12.082 7.42118,
	12.0825 7.41893,
	12.0828 7.41782,
	12.1041 7.40976,
	12.1146 7.40638,
	12.1521 7.4128,
	12.1875 7.42719,
	12.2057 7.43202,
	12.2145 7.43508,
	12.2311 7.44576,
	12.2351 7.44901,
	12.2426 7.46654,
	12.256 7.48411,
	12.2938 7.4853,
	12.3126 7.48551,
	12.332 7.48363,
	12.3685 7.48755,
	12.3864 7.4911,
	12.4216 7.50126,
	12.4302 7.50655,
	12.4651 7.53438,
	12.5015 7.56434,
	12.5404 7.59047,
	12.5464 7.5984,
	12.5647 7.63064,
	12.5656 7.66423,
	12.5729 7.681,
	12.5765 7.68945,
	12.5764 7.70679,
	12.5756 7.71554,
	12.5569 7.75161,
	12.5439 7.77013,
	12.535 7.77849,
	12.5082 7.79267,
	12.4812 7.80384,
	12.4547 7.81182,
	"/>
<Contour name="d23sp35" hidden="false" closed="true" simplified="true" border="1 0 0" fill="1 0 0" mode="11"
 points="11.8977 7.53297,
	11.8977 7.52886,
	11.91 7.49493,
	11.9132 7.48634,
	11.9133 7.45273,
	11.9103 7.41884,
	11.9022 7.3847,
	11.8992 7.37612,
	11.8984 7.37398,
	11.8987 7.37286,
	11.9035 7.37135,
	11.9217 7.37187,
	11.957 7.38014,
	11.9664 7.39655,
	11.9839 7.40088,
	11.9882 7.40251,
	12.0068 7.40219,
	12.0116 7.40154,
	12.0288 7.4089,
	12.0307 7.41081,
	12.0231 7.42915,
	12.0199 7.43817,
	12.0117 7.44779,
	11.9707 7.48696,
	11.9267 7.51636,
	11.9056 7.52831,
	11.9003 7.53177,
	"/>
<Contour name="d19sp40" hidden="false" closed="true" simplified="true" border="1 0 0" fill="1 0 0" mode="11"
 points="7.58757 10.141,
	7.58209 10.1407,
	7.58073 10.1403,
	7.5794 10.1393,
	7.57805 10.1389,
	7.56798 10.133,
	7.56565 10.1313,
	7.56534 10.1306,
	7.56466 10.1306,
	7.56199 10.1289,
	7.56133 10.1282,
	7.55998 10.1278,
	7.55767 10.1258,
	7.55667 10.1248,
	7.55533 10.1244,
	7.55501 10.1237,
	7.55367 10.1233,
	7.55135 10.1213,
	7.55001 10.1209,
	7.54768 10.1192,
	7.54701 10.1191,
	7.54569 10.1178,
	7.54437 10.1171,
	7.54371 10.1164,
	7.54303 10.1164,
	7.54238 10.1157,
	7.5417 10.1157,
	7.53741 10.1123,
	7.53643 10.1113,
	7.53509 10.1109,
	7.52486 10.1033,
	7.52027 10.0989,
	7.51601 10.0952,
	7.51603 10.0946,
	7.51472 10.0935,
	7.5122 10.0884,
	7.51094 10.0858,
	7.51029 10.0851,
	7.51033 10.0838,
	7.50936 10.0825,
	7.50635 10.0723,
	7.50641 10.0623,
	7.50642 10.062,
	7.50643 10.0617,
	7.509 10.0568,
	7.51225 10.0523,
	7.51406 10.0499,
	7.51512 10.049,
	7.51515 10.0484,
	7.51584 10.0481,
	7.51695 10.0459,
	7.51736 10.0447,
	7.52362 10.035,
	7.52402 10.0338,
	7.52473 10.0332,
	7.52476 10.0325,
	7.52659 10.0301,
	7.527 10.0289,
	7.5277 10.0286,
	7.52774 10.028,
	7.52988 10.0262,
	7.52991 10.0256,
	7.53175 10.0231,
	7.53318 10.022,
	7.53501 10.0198,
	7.53543 10.0186,
	7.53944 10.0144,
	7.54126 10.0123,
	7.54269 10.0114,
	7.54308 10.0105,
	7.54808 10.0072,
	7.55025 10.0054,
	7.55168 10.0046,
	7.55351 10.0028,
	7.56384 9.99665,
	7.56453 9.99669,
	7.56987 9.99379,
	7.57055 9.99383,
	7.57128 9.99323,
	7.57266 9.99299,
	7.5741 9.99212,
	7.57549 9.99188,
	7.57692 9.991,
	7.58776 9.9881,
	7.59057 9.9873,
	7.59332 9.98714,
	7.59892 9.98554,
	7.60448 9.98459,
	7.60689 9.98441,
	7.60971 9.9833,
	7.61543 9.98221,
	7.61832 9.9815,
	7.61902 9.98149,
	7.61978 9.9808,
	7.62121 9.98045,
	7.62192 9.98044,
	7.62268 9.97976,
	7.62409 9.97974,
	7.62989 9.97765,
	7.63276 9.97694,
	7.6342 9.97659,
	7.6349 9.97658,
	7.63566 9.9759,
	7.64702 9.97443,
	7.66949 9.97453,
	7.68065 9.97542,
	7.68622 9.97603,
	7.69183 9.97597,
	7.70291 9.97785,
	7.70361 9.97784,
	7.70427 9.97851,
	7.70981 9.97943,
	7.71219 9.9804,
	7.71498 9.9807,
	7.71637 9.98101,
	7.71667 9.98166,
	7.72757 9.98646,
	7.73235 9.98868,
	7.73506 9.99027,
	7.74054 9.99247,
	7.74327 9.99372,
	7.7488 9.99525,
	7.7495 9.99524,
	7.7505 9.9962,
	7.7519 9.99617,
	7.75464 9.99741,
	7.75566 9.99804,
	7.75706 9.99801,
	7.75807 9.99895,
	7.75947 9.99893,
	7.77011 10.0035,
	7.77076 10.0045,
	7.77318 10.0054,
	7.77556 10.0069,
	7.77696 10.0072,
	7.77969 10.0087,
	7.78104 10.01,
	7.78171 10.0106,
	7.78241 10.0106,
	7.78574 10.0146,
	7.78833 10.0196,
	7.78964 10.0218,
	7.79118 10.0269,
	7.79182 10.037,
	7.78984 10.0421,
	7.78867 10.0447,
	7.78456 10.05,
	7.78269 10.0526,
	7.78159 10.0533,
	7.7764 10.0586,
	7.77229 10.0632,
	7.77041 10.0658,
	7.7693 10.0668,
	7.76927 10.0675,
	7.76855 10.0678,
	7.76852 10.0685,
	7.76739 10.0698,
	7.76665 10.0705,
	7.76662 10.0711,
	7.76437 10.0738,
	7.76434 10.0744,
	7.76361 10.0748,
	7.76358 10.0754,
	7.76245 10.0767,
	7.76171 10.0774,
	7.76168 10.078,
	7.75983 10.0797,
	7.7598 10.0804,
	7.75564 10.0857,
	7.75075 10.0908,
	7.7478 10.0928,
	7.74554 10.0952,
	7.74257 10.0973,
	7.7411 10.098,
	7.73812 10.1004,
	7.73257 10.104,
	7.73186 10.104,
	7.73111 10.1047,
	7.73038 10.1047,
	7.72889 10.1058,
	7.72599 10.1066,
	7.7245 10.1076,
	7.72157 10.1087,
	7.72013 10.1088,
	7.7172 10.1099,
	7.71572 10.1107,
	7.71428 10.1107,
	7.71353 10.1114,
	7.71208 10.1115,
	7.71133 10.1122,
	7.70989 10.1123,
	7.68707 10.1185,
	7.68144 10.1196,
	7.67862 10.1198,
	7.67719 10.1204,
	7.67156 10.1212,
	7.66876 10.1214,
	7.66733 10.122,
	7.64522 10.1251,
	7.64242 10.1253,
	7.64205 10.1259,
	7.64136 10.1259,
	7.6385 10.1277,
	7.63288 10.1296,
	7.62166 10.1326,
	7.61885 10.1334,
	7.61779 10.1343,
	7.6164 10.1343,
	7.61498 10.1351,
	7.60939 10.1371,
	7.608 10.1373,
	7.60659 10.1382,
	7.60452 10.1381,
	7.60416 10.1387,
	7.60138 10.1392,
	7.6 10.1394,
	7.59931 10.1394,
	7.5986 10.14,
	"/>
<Contour name="d17p28" hidden="false" closed="true" simplified="true" border="1 0 0" fill="1 0 0" mode="11"
 points="3.93985 7.52395,
	3.92809 7.47592,
	3.958 7.47424,
	"/>
<Contour name="d07sp44" hidden="false" closed="true" simplified="true" border="1 0 0" fill="1 0 0" mode="11"
 points="9.75807 7.67078,
	9.62898 7.62936,
	9.59724 7.61806,
	9.58168 7.61157,
	9.57771 7.60997,
	9.57587 7.60844,
	9.59386 7.60452,
	9.5994 7.60421,
	9.60263 7.60351,
	9.61266 7.60294,
	9.64572 7.5924,
	9.65431 7.58955,
	9.6603 7.58965,
	9.66354 7.58858,
	9.69557 7.58895,
	9.71123 7.5905,
	9.72582 7.59931,
	9.75719 7.6454,
	9.77319 7.66759,
	9.76892 7.66912,
	9.76069 7.66688,
	9.76236 7.66923,
	"/>
<Contour name="d07sp44" hidden="false" closed="true" simplified="true" border="1 0 0" fill="1 0 0" mode="11"
 points="10.237 7.25037,
	10.2228 7.24593,
	10.195 7.24326,
	10.1881 7.24224,
	10.1741 7.23491,
	10.1688 7.22451,
	10.1686 7.20304,
	10.1603 7.18127,
	10.1424 7.1591,
	10.1376 7.15346,
	10.136 7.15062,
	10.1361 7.14919,
	10.1398 7.13759,
	10.1434 7.13175,
	10.169 7.10814,
	10.181 7.09627,
	10.2899 7.03351,
	10.3039 7.02544,
	10.311 7.02057,
	10.3386 7.02366,
	10.3664 7.03089,
	10.3958 7.02396,
	10.4109 7.018,
	10.4424 6.99954,
	10.4552 6.98583,
	10.4716 6.97337,
	10.4871 6.9675,
	10.5021 6.96789,
	10.5337 7.01477,
	10.5401 7.02659,
	10.538 7.05088,
	10.5316 7.06315,
	10.5289 7.07526,
	10.5266 7.08142,
	10.5312 7.09302,
	10.5345 7.09876,
	10.5318 7.1107,
	10.5316 7.11656,
	10.5035 7.13969,
	10.4457 7.16562,
	10.4172 7.17703,
	10.3893 7.19223,
	10.3618 7.20973,
	10.3067 7.23629,
	10.2931 7.24348,
	10.2652 7.25016,
	"/>
<Contour name="d05p42" hidden="false" closed="true" simplified="true" border="0 0 1" fill="0 0 1" mode="11"
 points="11.6144 10.8587,
	11.5902 10.8175,
	11.6429 10.8268,
	"/>
<Contour name="d17cfa29" hidden="false" closed="true" simplified="true" border="0 1 0" fill="0 1 0" mode="11"
 points="4.83683 6.18264,
	4.82922 6.18203,
	4.82174 6.18071,
	4.81434 6.17891,
	4.80705 6.17662,
	4.79988 6.17361,
	4.78594 6.16533,
	4.7789 6.16177,
	4.77538 6.16011,
	4.76103 6.15489,
	4.75382 6.15249,
	4.7502 6.15127,
	4.74837 6.15078,
	4.74138 6.14684,
	4.73789 6.14484,
	4.73618 6.1436,
	4.72975 6.13633,
	4.72813 6.13456,
	4.72734 6.13356,
	4.72684 6.12956,
	4.72647 6.12755,
	4.72641 6.12655,
	4.72627 6.12605,
	4.72631 6.12579,
	4.73204 6.11783,
	4.74092 6.11089,
	4.74305 6.10965,
	4.75104 6.10745,
	4.75893 6.10572,
	4.7739 6.10644,
	4.77578 6.10643,
	4.78274 6.10962,
	4.78962 6.11327,
	4.79625 6.11839,
	4.80919 6.13074,
	4.81571 6.13701,
	4.82233 6.14278,
	4.82578 6.14491,
	4.83288 6.14797,
	4.83648 6.14938,
	4.8435 6.15345,
	4.84439 6.15392,
	4.85027 6.16168,
	4.85063 6.16266,
	4.85082 6.16657,
	4.85082 6.16853,
	4.85093 6.1695,
	4.84971 6.17343,
	4.84924 6.17539,
	4.84888 6.17637,
	4.84485 6.17984,
	4.84277 6.18108,
	4.83881 6.18212,
	"/>
<Contour name="d24p34" hidden="false" closed="true" simplified="true" border="1 0 0" fill="1 0 0" mode="11"
 points="8.47786 7.27093,
	8.46928 7.24288,
	8.49326 7.24492,
	"/>
<Contour name="d17sph27" hidden="false" closed="true" simplified="true" border="1 0 0" fill="1 0 0" mode="11"
 points="5.1295 7.51501,
	5.10314 7.51068,
	5.09636 7.5095,
	5.06826 7.49824,
	5.06465 7.49687,
	5.05004 7.48932,
	5.03518 7.48105,
	5.02766 7.47675,
	4.99731 7.45449,
	4.98968 7.44953,
	4.9845 7.44237,
	4.9817 7.43878,
	4.9795 7.43196,
	4.97879 7.4253,
	4.97796 7.42193,
	4.97803 7.4203,
	4.97808 7.41948,
	4.97809 7.41909,
	4.98022 7.40624,
	4.98581 7.39385,
	4.98861 7.3877,
	4.99659 7.37573,
	5.00545 7.36396,
	5.01506 7.35237,
	5.02538 7.34092,
	5.02825 7.33811,
	5.02922 7.33665,
	5.04412 7.32696,
	5.05863 7.32193,
	5.06221 7.32117,
	5.06937 7.32079,
	5.08359 7.32199,
	5.09767 7.32395,
	5.11159 7.3275,
	5.13881 7.33823,
	5.1648 7.35399,
	5.1711 7.35807,
	5.17741 7.36131,
	5.19001 7.36652,
	5.20258 7.37084,
	5.21531 7.3734,
	5.2412 7.37611,
	5.24774 7.37662,
	5.25103 7.37686,
	5.26401 7.37994,
	5.27732 7.38163,
	5.28064 7.38227,
	5.30873 7.37976,
	5.32308 7.37862,
	5.3374 7.37915,
	5.34462 7.37939,
	5.35149 7.38222,
	5.35496 7.38362,
	5.35829 7.38588,
	5.36418 7.39297,
	5.36601 7.39647,
	5.36742 7.40343,
	5.36839 7.40692,
	5.36854 7.41383,
	5.36769 7.42762,
	5.36532 7.44136,
	5.36465 7.4448,
	5.36156 7.4516,
	5.3576 7.45839,
	5.34678 7.47184,
	5.344 7.47519,
	5.32952 7.48329,
	5.32593 7.4853,
	5.3117 7.48945,
	5.30467 7.49085,
	5.30116 7.49196,
	5.27349 7.49174,
	5.25994 7.49083,
	5.25659 7.49059,
	5.2433 7.4925,
	5.24 7.49306,
	5.22702 7.49946,
	5.21419 7.50271,
	5.2015 7.50454,
	5.17656 7.51063,
	5.16414 7.51322,
	5.15793 7.51425,
	5.1327 7.51477,
	"/>
<Contour name="d05c41" hidden="false" closed="true" simplified="true" border="0 0 1" fill="0 0 1" mode="11"
 points="11.0494 12.0092,
	11.0402 12.0063,
	11.0357 12.0048,
	11.0273 11.9967,
	11.0113 11.9731,
	11.0103 11.9714,
	11.0093 11.9698,
	11.0194 11.9657,
	11.0245 11.9636,
	11.0427 11.9696,
	11.0515 11.9749,
	11.0539 11.9756,
	11.0607 11.9866,
	11.0697 11.9903,
	11.0696 12.0007,
	11.0689 12.0057,
	11.0686 12.0082,
	"/>
<Contour name="d04sp35" hidden="false" closed="true" simplified="true" border="1 0 0" fill="1 0 0" mode="11"
 points="10.0321 8.38563,
	9.99738 8.37984,
	9.98065 8.37234,
	9.97225 8.36866,
	9.96808 8.3666,
	9.95272 8.35357,
	9.94783 8.33905,
	9.94701 8.33723,
	9.94843 8.32318,
	9.94851 8.31967,
	9.94884 8.31794,
	9.94892 8.3175,
	9.94901 8.31707,
	9.95969 8.30357,
	9.9651 8.29687,
	9.98168 8.28377,
	9.98585 8.28051,
	10.007 8.26777,
	10.026 8.26361,
	10.0307 8.26258,
	10.0484 8.26278,
	10.0529 8.26263,
	10.086 8.26896,
	10.094 8.27136,
	10.1092 8.2793,
	10.1129 8.28141,
	10.1266 8.2961,
	10.133 8.31111,
	10.133 8.32553,
	10.1332 8.32737,
	10.1256 8.341,
	10.124 8.34445,
	10.1145 8.35797,
	10.1118 8.36134,
	10.1024 8.3672,
	10.0977 8.36992,
	10.0953 8.37151,
	10.0591 8.38187,
	10.0499 8.38432,
	"/>
<Contour name="d07cfa45" hidden="false" closed="false" simplified="true" border="1 0 0" fill="1 0 0" mode="11"
 points="9.81902 9.44641,
	9.78142 9.45888,
	9.74561 9.49051,
	9.70934 9.52689,
	"/>
<Contour name="d07cfa45" hidden="false" closed="false" simplified="true" border="1 0 0" fill="1 0 0" mode="11"
 points="10.0167 9.37136,
	9.99116 9.36903,
	9.93308 9.36713,
	9.90407 9.37164,
	9.88786 9.39862,
	"/>
<Contour name="d05cfa41" hidden="false" closed="false" simplified="true" border="1 0 0" fill="1 0 0" mode="11"
 points="11.0687 12.0021,
	11.0652 12.0012,
	11.0582 11.9992,
	11.0372 11.9876,
	11.0147 11.9695,
	"/>
<Contour name="d17cfa29" hidden="false" closed="false" simplified="true" border="1 0 0" fill="1 0 0" mode="11"
 points="4.72401 6.13411,
	4.72685 6.13856,
	4.73184 6.142,
	4.73969 6.1478,
	4.74375 6.15084,
	4.75578 6.15685,
	4.76678 6.16109,
	4.77626 6.16463,
	4.79149 6.17069,
	4.80598 6.17804,
	4.81896 6.1831,
	4.83533 6.18549,
	"/>
<Contour name="mito08" hidden="false" closed="false" simplified="true" border="1 0 0" fill="1 0 0" mode="11"
 points="11.2204 8.55079,
	11.46 8.69235,
	"/>
<Contour name="d17sp27" hidden="false" closed="true" simplified="true" border="1 0 0" fill="1 0 0" mode="11"
 points="5.1295 7.51501,
	5.10314 7.51068,
	5.09636 7.5095,
	5.06826 7.49824,
	5.06465 7.49687,
	5.05004 7.48932,
	5.03518 7.48105,
	5.02766 7.47675,
	4.99731 7.45449,
	4.98968 7.44953,
	4.9845 7.44237,
	4.9817 7.43878,
	4.9795 7.43196,
	4.97879 7.4253,
	4.97796 7.42193,
	4.97803 7.4203,
	4.97808 7.41948,
	4.97809 7.41909,
	4.98022 7.40624,
	4.98581 7.39385,
	4.98861 7.3877,
	4.99659 7.37573,
	5.00545 7.36396,
	5.01506 7.35237,
	5.02538 7.34092,
	5.02825 7.33811,
	5.02922 7.33665,
	5.04412 7.32696,
	5.05863 7.32193,
	5.06221 7.32117,
	5.06937 7.32079,
	5.08359 7.32199,
	5.09767 7.32395,
	5.11159 7.3275,
	5.13881 7.33823,
	5.1648 7.35399,
	5.1711 7.35807,
	5.17741 7.36131,
	5.19001 7.36652,
	5.20258 7.37084,
	5.21531 7.3734,
	5.2412 7.37611,
	5.24774 7.37662,
	5.25103 7.37686,
	5.26401 7.37994,
	5.27732 7.38163,
	5.28064 7.38227,
	5.30873 7.37976,
	5.32308 7.37862,
	5.3374 7.37915,
	5.34462 7.37939,
	5.35149 7.38222,
	5.35496 7.38362,
	5.35829 7.38588,
	5.36418 7.39297,
	5.36601 7.39647,
	5.36742 7.40343,
	5.36839 7.40692,
	5.36854 7.41383,
	5.36769 7.42762,
	5.36532 7.44136,
	5.36465 7.4448,
	5.36156 7.4516,
	5.3576 7.45839,
	5.34678 7.47184,
	5.344 7.47519,
	5.32952 7.48329,
	5.32593 7.4853,
	5.3117 7.48945,
	5.30467 7.49085,
	5.30116 7.49196,
	5.27349 7.49174,
	5.25994 7.49083,
	5.25659 7.49059,
	5.2433 7.4925,
	5.24 7.49306,
	5.22702 7.49946,
	5.21419 7.50271,
	5.2015 7.50454,
	5.17656 7.51063,
	5.16414 7.51322,
	5.15793 7.51425,
	5.1327 7.51477,
	"/>
<Contour name="d17sph28" hidden="false" closed="true" simplified="true" border="1 0 0" fill="1 0 0" mode="11"
 points="3.27948 7.01035,
	3.26081 7.00635,
	3.25144 7.00408,
	3.2467 7.00323,
	3.22832 6.99471,
	3.15225 6.95366,
	3.13188 6.94366,
	3.12146 6.93867,
	3.11625 6.93561,
	3.0954 6.91949,
	3.07546 6.90135,
	3.05721 6.8829,
	3.05236 6.87829,
	3.03733 6.86028,
	3.02974 6.85133,
	3.01741 6.83383,
	3.00944 6.81694,
	3.00616 6.80865,
	3.00428 6.80056,
	3.00397 6.78487,
	3.00399 6.78389,
	3.00399 6.78341,
	3.00979 6.76846,
	3.01946 6.75389,
	3.02147 6.7502,
	3.03492 6.73579,
	3.0436 6.72868,
	3.0536 6.7221,
	3.06434 6.71749,
	3.06967 6.71491,
	3.09139 6.71197,
	3.136 6.713,
	3.14162 6.71335,
	3.16414 6.71759,
	3.16981 6.71934,
	3.18126 6.72474,
	3.18691 6.72694,
	3.20864 6.74317,
	3.22851 6.75928,
	3.23941 6.76602,
	3.24481 6.76964,
	3.2657 6.77905,
	3.28478 6.79578,
	3.2891 6.79999,
	3.29032 6.80105,
	3.29529 6.83312,
	3.29775 6.84143,
	3.30539 6.85852,
	3.30738 6.86284,
	3.30973 6.87981,
	3.31049 6.88835,
	3.30277 6.92213,
	3.29953 6.93938,
	3.29634 6.97474,
	3.29502 6.99288,
	3.29258 7.00191,
	3.29076 7.00641,
	3.28985 7.00866,
	3.2891 7.00977,
	"/>
<Contour name="d17sp28" hidden="false" closed="true" simplified="true" border="1 0 0" fill="1 0 0" mode="11"
 points="3.7649 7.60046,
	3.7587 7.59135,
	3.7552 7.5868,
	3.73869 7.57432,
	3.72341 7.56414,
	3.71585 7.55679,
	3.71221 7.55281,
	3.70912 7.54358,
	3.70723 7.53895,
	3.70648 7.5205,
	3.70892 7.51128,
	3.70922 7.51013,
	3.70937 7.50957,
	3.71221 7.50037,
	3.71277 7.49806,
	3.71871 7.4889,
	3.72204 7.48439,
	3.73936 7.46654,
	3.74967 7.45824,
	3.75475 7.45383,
	3.76408 7.44837,
	3.78175 7.43915,
	3.79017 7.43482,
	3.79428 7.43265,
	3.80215 7.43002,
	3.80596 7.42896,
	3.80786 7.42844,
	3.82194 7.43211,
	3.82543 7.43218,
	3.82878 7.43337,
	3.83209 7.43623,
	3.83369 7.43737,
	3.82842 7.44628,
	3.82564 7.45073,
	3.81783 7.45962,
	3.81088 7.46852,
	3.805 7.47746,
	3.79486 7.4954,
	3.77465 7.53143,
	3.7671 7.54951,
	3.76523 7.55854,
	3.76567 7.59478,
	3.76561 7.59932,
	"/>
<Contour name="d17sp28" hidden="false" closed="true" simplified="true" border="1 0 0" fill="1 0 0" mode="11"
 points="3.27948 7.01035,
	3.26081 7.00635,
	3.25144 7.00408,
	3.2467 7.00323,
	3.22832 6.99471,
	3.15225 6.95366,
	3.13188 6.94366,
	3.12146 6.93867,
	3.11625 6.93561,
	3.0954 6.91949,
	3.07546 6.90135,
	3.05721 6.8829,
	3.05236 6.87829,
	3.03733 6.86028,
	3.02974 6.85133,
	3.01741 6.83383,
	3.00944 6.81694,
	3.00616 6.80865,
	3.00428 6.80056,
	3.00397 6.78487,
	3.00399 6.78389,
	3.00399 6.78341,
	3.00979 6.76846,
	3.01946 6.75389,
	3.02147 6.7502,
	3.03492 6.73579,
	3.0436 6.72868,
	3.0536 6.7221,
	3.06434 6.71749,
	3.06967 6.71491,
	3.09139 6.71197,
	3.136 6.713,
	3.14162 6.71335,
	3.16414 6.71759,
	3.16981 6.71934,
	3.18126 6.72474,
	3.18691 6.72694,
	3.20864 6.74317,
	3.22851 6.75928,
	3.23941 6.76602,
	3.24481 6.76964,
	3.2657 6.77905,
	3.28478 6.79578,
	3.2891 6.79999,
	3.29032 6.80105,
	3.29529 6.83312,
	3.29775 6.84143,
	3.30539 6.85852,
	3.30738 6.86284,
	3.30973 6.87981,
	3.31049 6.88835,
	3.30277 6.92213,
	3.29953 6.93938,
	3.29634 6.97474,
	3.29502 6.99288,
	3.29258 7.00191,
	3.29076 7.00641,
	3.28985 7.00866,
	3.2891 7.00977,
	"/>
<Contour name="d17p28" hidden="false" closed="true" simplified="true" border="1 0 0" fill="1 0 0" mode="11"
 points="3.93985 7.52395,
	3.92809 7.47592,
	3.958 7.47424,
	"/>
<Contour name="d17cfa29" hidden="false" closed="true" simplified="true" border="0 1 0" fill="0 1 0" mode="11"
 points="4.83683 6.18264,
	4.82922 6.18203,
	4.82174 6.18071,
	4.81434 6.17891,
	4.80705 6.17662,
	4.79988 6.17361,
	4.78594 6.16533,
	4.7789 6.16177,
	4.77538 6.16011,
	4.76103 6.15489,
	4.75382 6.15249,
	4.7502 6.15127,
	4.74837 6.15078,
	4.74138 6.14684,
	4.73789 6.14484,
	4.73618 6.1436,
	4.72975 6.13633,
	4.72813 6.13456,
	4.72734 6.13356,
	4.72684 6.12956,
	4.72647 6.12755,
	4.72641 6.12655,
	4.72627 6.12605,
	4.72631 6.12579,
	4.73204 6.11783,
	4.74092 6.11089,
	4.74305 6.10965,
	4.75104 6.10745,
	4.75893 6.10572,
	4.7739 6.10644,
	4.77578 6.10643,
	4.78274 6.10962,
	4.78962 6.11327,
	4.79625 6.11839,
	4.80919 6.13074,
	4.81571 6.13701,
	4.82233 6.14278,
	4.82578 6.14491,
	4.83288 6.14797,
	4.83648 6.14938,
	4.8435 6.15345,
	4.84439 6.15392,
	4.85027 6.16168,
	4.85063 6.16266,
	4.85082 6.16657,
	4.85082 6.16853,
	4.85093 6.1695,
	4.84971 6.17343,
	4.84924 6.17539,
	4.84888 6.17637,
	4.84485 6.17984,
	4.84277 6.18108,
	4.83881 6.18212,
	"/>
<Contour name="d17sph27" hidden="false" closed="true" simplified="true" border="1 0 0" fill="1 0 0" mode="11"
 points="5.1295 7.51501,
	5.10314 7.51068,
	5.09636 7.5095,
	5.06826 7.49824,
	5.06465 7.49687,
	5.05004 7.48932,
	5.03518 7.48105,
	5.02766 7.47675,
	4.99731 7.45449,
	4.98968 7.44953,
	4.9845 7.44237,
	4.9817 7.43878,
	4.9795 7.43196,
	4.97879 7.4253,
	4.97796 7.42193,
	4.97803 7.4203,
	4.97808 7.41948,
	4.97809 7.41909,
	4.98022 7.40624,
	4.98581 7.39385,
	4.98861 7.3877,
	4.99659 7.37573,
	5.00545 7.36396,
	5.01506 7.35237,
	5.02538 7.34092,
	5.02825 7.33811,
	5.02922 7.33665,
	5.04412 7.32696,
	5.05863 7.32193,
	5.06221 7.32117,
	5.06937 7.32079,
	5.08359 7.32199,
	5.09767 7.32395,
	5.11159 7.3275,
	5.13881 7.33823,
	5.1648 7.35399,
	5.1711 7.35807,
	5.17741 7.36131,
	5.19001 7.36652,
	5.20258 7.37084,
	5.21531 7.3734,
	5.2412 7.37611,
	5.24774 7.37662,
	5.25103 7.37686,
	5.26401 7.37994,
	5.27732 7.38163,
	5.28064 7.38227,
	5.30873 7.37976,
	5.32308 7.37862,
	5.3374 7.37915,
	5.34462 7.37939,
	5.35149 7.38222,
	5.35496 7.38362,
	5.35829 7.38588,
	5.36418 7.39297,
	5.36601 7.39647,
	5.36742 7.40343,
	5.36839 7.40692,
	5.36854 7.41383,
	5.36769 7.42762,
	5.36532 7.44136,
	5.36465 7.4448,
	5.36156 7.4516,
	5.3576 7.45839,
	5.34678 7.47184,
	5.344 7.47519,
	5.32952 7.48329,
	5.32593 7.4853,
	5.3117 7.48945,
	5.30467 7.49085,
	5.30116 7.49196,
	5.27349 7.49174,
	5.25994 7.49083,
	5.25659 7.49059,
	5.2433 7.4925,
	5.24 7.49306,
	5.22702 7.49946,
	5.21419 7.50271,
	5.2015 7.50454,
	5.17656 7.51063,
	5.16414 7.51322,
	5.15793 7.51425,
	5.1327 7.51477,
	"/>
<Contour name="d17cfa29" hidden="false" closed="false" simplified="true" border="1 0 0" fill="1 0 0" mode="11"
 points="4.72401 6.13411,
	4.72685 6.13856,
	4.73184 6.142,
	4.73969 6.1478,
	4.74375 6.15084,
	4.75578 6.15685,
	4.76678 6.16109,
	4.77626 6.16463,
	4.79149 6.17069,
	4.80598 6.17804,
	4.81896 6.1831,
	4.83533 6.18549,
	"/>
<Contour name="DCH_d17a26" comment="DHanka_Fall2015_traced" hidden="false" closed="true" simplified="true" border="0 0.502 0" fill="0 0.502 0" mode="11"
 points="3.88152 6.19627,
	3.89272 6.17387,
	3.90952 6.15147,
	3.91792 6.14027,
	4.00752 6.09548,
	4.09712 6.08988,
	4.18672 6.09268,
	4.23151 6.09268,
	4.25391 6.08988,
	4.34351 6.05068,
	4.43311 6.03668,
	4.47791 6.03948,
	4.56751 6.06748,
	4.61231 6.07308,
	4.7915 6.13467,
	4.8139 6.14027,
	4.9035 6.18507,
	4.9203 6.20747,
	4.9259 6.21867,
	4.9287 6.22427,
	4.9147 6.24667,
	4.9091 6.25787,
	4.8867 6.27187,
	4.8419 6.28587,
	4.7523 6.30547,
	4.7075 6.31667,
	4.61791 6.32507,
	4.52831 6.29987,
	4.48351 6.28867,
	4.30431 6.27467,
	4.21471 6.27747,
	4.12512 6.28867,
	4.08032 6.28867,
	3.99072 6.27467,
	3.94592 6.26347,
	3.92352 6.25507,
	3.90112 6.24107,
	3.88992 6.23267,
	3.88432 6.21027,
	3.88152 6.19907,
	"/>
<Contour name="d17" hidden="false" closed="true" simplified="true" border="1 1 0.502" fill="1 1 0.502" mode="-9"
 points="3.68596 7.50775,
	3.74762 7.46921,
	3.77846 7.44608,
	3.79387 7.43452,
	3.80158 7.43066,
	3.83241 7.44223,
	3.89408 7.44608,
	3.9095 7.44608,
	3.94033 7.42296,
	3.95574 7.41139,
	3.97116 7.34973,
	3.99043 7.3189,
	3.99814 7.30348,
	4.0598 7.25338,
	4.07522 7.24181,
	4.19855 7.20713,
	4.21397 7.20327,
	4.27563 7.15317,
	4.29105 7.14161,
	4.35271 7.1339,
	4.47605 7.1339,
	4.49146 7.1339,
	4.61479 7.184,
	4.67646 7.19557,
	4.70729 7.20713,
	4.73812 7.2264,
	4.75354 7.23411,
	4.76896 7.26494,
	4.77666 7.28036,
	4.78052 7.34202,
	4.78052 7.37285,
	4.75354 7.43452,
	4.73812 7.46535,
	4.6225 7.58868,
	4.59167 7.61951,
	4.46834 7.68503,
	4.4375 7.70816,
	4.37584 7.73128,
	4.25251 7.73514,
	4.19084 7.73128,
	4.12918 7.70816,
	3.88252 7.66576,
	3.82085 7.6542,
	3.79002 7.64649,
	3.7746 7.64264,
	3.71679 7.58097,
	3.69752 7.55014,
	3.68596 7.51931,
	3.68596 7.5116,
	"/>
<Contour name="d05c40" hidden="false" closed="true" simplified="true" border="0 0 1" fill="0 0 1" mode="11"
 points="11.6172 12.3435,
	11.5583 12.3401,
	11.5279 12.3383,
	11.5126 12.3396,
	11.5088 12.3398,
	11.5069 12.3402,
	11.5049 12.3394,
	11.501 12.3191,
	11.4998 12.3139,
	11.4996 12.3121,
	11.4996 12.3114,
	11.5023 12.3068,
	11.5052 12.3047,
	11.5209 12.3013,
	11.5286 12.3,
	11.5364 12.3,
	11.5403 12.3,
	11.551 12.3108,
	11.5664 12.3086,
	11.5816 12.3184,
	11.589 12.3227,
	11.6039 12.3273,
	11.6057 12.3253,
	11.6076 12.325,
	11.6149 12.3282,
	11.6176 12.3305,
	11.62 12.3405,
	11.6208 12.343,
	"/>
<Contour name="d05cfa40" hidden="false" closed="false" simplified="true" border="1 0 1" fill="1 0 1" mode="11"
 points="11.6187 12.3366,
	11.6114 12.3352,
	11.5828 12.3293,
	11.563 12.3241,
	11.5391 12.3222,
	11.5168 12.3185,
	11.5002 12.316,
	"/>
<Contour name="d19sp32" hidden="false" closed="true" simplified="true" border="1 0 0" fill="1 0 0" mode="11"
 points="5.73693 10.4933,
	5.7207 10.4925,
	5.68864 10.4861,
	5.67271 10.4805,
	5.6648 10.4767,
	5.63354 10.4551,
	5.61778 10.4445,
	5.60888 10.4282,
	5.60821 10.4243,
	5.6084 10.4225,
	5.60849 10.4216,
	5.61506 10.4077,
	5.62453 10.3945,
	5.63792 10.3681,
	5.65397 10.3429,
	5.66833 10.318,
	5.6793 10.2924,
	5.70107 10.2372,
	5.70347 10.2298,
	5.71881 10.2002,
	5.72633 10.1849,
	5.73194 10.1691,
	5.7339 10.1652,
	5.7418 10.1586,
	5.75093 10.1563,
	5.76843 10.1553,
	5.79958 10.1727,
	5.83144 10.1921,
	5.84859 10.1981,
	5.85289 10.1998,
	5.85962 10.2069,
	5.86362 10.2104,
	5.86913 10.2246,
	5.87249 10.2386,
	5.87483 10.2454,
	5.87382 10.2731,
	5.86373 10.3009,
	5.85702 10.3149,
	5.83804 10.3432,
	5.83049 10.358,
	5.82778 10.3617,
	5.82369 10.3917,
	5.81938 10.407,
	5.80551 10.4378,
	5.79293 10.4528,
	5.78677 10.4603,
	5.77156 10.4747,
	5.75387 10.4866,
	"/>
</Transform>

<Transform dim="0"
 xcoef=" 0 1 0 0 0 0"
 ycoef=" 0 0 1 0 0 0">
<Contour name="d05sp40" hidden="false" closed="true" simplified="true" border="1 0 0" fill="1 0 0" mode="11"
 points="11.3733 12.2193,
	11.3824 12.1827,
	11.3893 12.1645,
	11.3984 12.1462,
	11.4041 12.1371,
	11.4395 12.1085,
	11.4578 12.0971,
	11.4669 12.0925,
	11.5034 12.0846,
	11.5217 12.0834,
	11.54 12.0891,
	11.5582 12.0994,
	11.5731 12.1165,
	11.5845 12.1348,
	11.5902 12.1439,
	11.6256 12.1782,
	11.6484 12.2147,
	11.6747 12.2512,
	11.677 12.2604,
	11.6827 12.2695,
	11.6975 12.2878,
	11.7044 12.2969,
	11.7067 12.3015,
	11.7158 12.3106,
	11.7181 12.3129,
	11.7192 12.3175,
	11.7181 12.3266,
	11.7204 12.3357,
	11.7181 12.354,
	11.7169 12.3586,
	11.7078 12.362,
	11.7055 12.3631,
	11.7032 12.362,
	11.6987 12.3631,
	11.6621 12.3506,
	11.653 12.3471,
	11.6347 12.3494,
	11.5982 12.3426,
	11.5617 12.3334,
	11.5251 12.3266,
	11.5069 12.3289,
	11.4703 12.3266,
	11.4338 12.3186,
	11.4155 12.314,
	11.4064 12.3106,
	11.3984 12.3026,
	11.3961 12.298,
	11.387 12.2901,
	11.379 12.2718,
	11.3767 12.2535,
	11.3733 12.2444,
	11.3733 12.2261,
	11.3733 12.2216,
	11.3733 12.2204,
	"/>
</Transform>

<Transform dim="0"
 xcoef=" 0 1 0 0 0 0"
 ycoef=" 0 0 1 0 0 0">
<Contour name="d05sp40" hidden="false" closed="true" simplified="true" border="1 0 0" fill="1 0 0" mode="11"
 points="11.2529 11.5571,
	11.2574 11.5537,
	11.2757 11.5503,
	11.3122 11.5503,
	11.3853 11.5537,
	11.4218 11.5548,
	11.4241 11.5571,
	11.4972 11.564,
	11.5337 11.5651,
	11.5703 11.5708,
	11.5885 11.572,
	11.5977 11.5742,
	11.6342 11.5742,
	11.6525 11.5754,
	11.6616 11.5754,
	11.6799 11.58,
	11.6981 11.5811,
	11.7073 11.5822,
	11.7118 11.5822,
	11.7198 11.5879,
	11.7107 11.5971,
	11.7061 11.6016,
	11.6878 11.6131,
	11.6707 11.6313,
	11.6639 11.6405,
	11.6456 11.6564,
	11.6273 11.6667,
	11.6091 11.6793,
	11.5999 11.6838,
	11.5954 11.6861,
	11.5931 11.6873,
	11.576 11.693,
	11.5577 11.6941,
	11.5486 11.6964,
	11.5394 11.701,
	11.5223 11.7181,
	11.5166 11.7272,
	11.5109 11.7455,
	11.5086 11.7546,
	11.5075 11.7729,
	11.5075 11.7832,
	11.4983 11.7923,
	11.4801 11.7946,
	11.4709 11.7934,
	11.4618 11.7877,
	11.4538 11.7695,
	11.4492 11.7603,
	11.4401 11.7512,
	11.439 11.7501,
	11.4401 11.7489,
	11.4093 11.7135,
	11.4116 11.7112,
	11.3967 11.693,
	11.3899 11.6838,
	11.3533 11.6507,
	11.3351 11.6359,
	11.3065 11.5994,
	11.2928 11.5811,
	11.2883 11.5765,
	11.27 11.5685,
	11.2529 11.5583,
	"/>
</Transform>

<Transform dim="0"
 xcoef=" 0 1 0 0 0 0"
 ycoef=" 0 0 1 0 0 0">
<Contour name="d05sp41" hidden="false" closed="true" simplified="true" border="1 0 0" fill="1 0 0" mode="11"
 points="10.8614 11.5633,
	10.8826 11.5421,
	10.9052 11.5364,
	10.9165 11.535,
	10.9221 11.5322,
	10.9419 11.5096,
	10.9532 11.5011,
	10.9588 11.4955,
	10.9617 11.4926,
	10.9842 11.4926,
	11.0294 11.4743,
	11.052 11.4644,
	11.0633 11.4602,
	11.0662 11.4602,
	11.0775 11.4503,
	11.1001 11.4376,
	11.1226 11.422,
	11.213 11.3754,
	11.2356 11.3599,
	11.2455 11.3486,
	11.2738 11.3034,
	11.2865 11.2808,
	11.2907 11.2695,
	11.2949 11.2469,
	11.2949 11.2356,
	11.2851 11.213,
	11.2836 11.2074,
	11.2851 11.2031,
	11.2865 11.2017,
	11.2978 11.2074,
	11.3006 11.2187,
	11.302 11.2639,
	11.3006 11.3091,
	11.3006 11.3317,
	11.3062 11.3768,
	11.3091 11.3881,
	11.3076 11.4333,
	11.3091 11.4559,
	11.3119 11.4672,
	11.3175 11.4785,
	11.3189 11.4842,
	11.326 11.4955,
	11.3345 11.5181,
	11.3373 11.5195,
	11.3373 11.5223,
	11.3415 11.5265,
	11.3458 11.5378,
	11.3458 11.5435,
	11.3627 11.5844,
	11.374 11.607,
	11.3783 11.6183,
	11.3797 11.6226,
	11.3839 11.6282,
	11.3839 11.631,
	11.3867 11.6325,
	11.3867 11.6381,
	11.391 11.6423,
	11.391 11.648,
	11.3952 11.6522,
	11.4051 11.6748,
	11.4122 11.6861,
	11.415 11.6918,
	11.4178 11.6946,
	11.4164 11.6988,
	11.3938 11.6847,
	11.3726 11.6621,
	11.35 11.6466,
	11.3387 11.6367,
	11.3161 11.6226,
	11.3062 11.6,
	11.3048 11.5943,
	11.2822 11.583,
	11.2709 11.5816,
	11.2483 11.583,
	11.2031 11.5915,
	11.2003 11.5915,
	11.1975 11.5943,
	11.2003 11.5972,
	11.1777 11.6028,
	11.1664 11.6042,
	11.1636 11.6042,
	11.1537 11.6155,
	11.1467 11.6381,
	11.1452 11.6438,
	11.1241 11.6664,
	11.1156 11.6889,
	11.1085 11.7341,
	11.1142 11.7793,
	11.1142 11.7906,
	11.117 11.8019,
	11.1142 11.8245,
	11.1128 11.8302,
	11.1142 11.8415,
	11.1156 11.8471,
	11.1057 11.8923,
	11.1015 11.9149,
	11.0972 11.9262,
	11.0972 11.9375,
	11.0944 11.9488,
	11.0732 11.9714,
	11.0633 11.9827,
	11.0577 11.9883,
	11.0534 11.9996,
	11.0309 12.0025,
	11.0196 12.0025,
	10.997 11.9869,
	10.9744 11.9686,
	10.9617 11.946,
	10.9574 11.9347,
	10.956 11.9121,
	10.9659 11.8895,
	10.9715 11.8782,
	10.9913 11.8556,
	10.9941 11.8499,
	10.997 11.8273,
	11.004 11.816,
	11.0054 11.7935,
	11.0068 11.7822,
	11.0097 11.7765,
	11.0196 11.7652,
	11.0238 11.7539,
	11.0266 11.7483,
	11.0252 11.737,
	11.0153 11.7144,
	11.0083 11.7031,
	10.9857 11.6833,
	10.9631 11.6678,
	10.9518 11.6593,
	10.9108 11.6141,
	10.9052 11.6028,
	10.8953 11.5915,
	10.8896 11.5873,
	10.867 11.5859,
	10.8614 11.5859,
	10.8614 11.5647,
	"/>
</Transform>

<Transform dim="0"
 xcoef=" 0 1 0 0 0 0"
 ycoef=" 0 0 1 0 0 0">
<Contour name="d05sp42" hidden="false" closed="true" simplified="true" border="1 0 0" fill="1 0 0" mode="11"
 points="10.3436 10.2981,
	10.3533 10.2758,
	10.3561 10.2647,
	10.3686 10.2425,
	10.3797 10.2342,
	10.3825 10.2328,
	10.4269 10.2494,
	10.4381 10.2522,
	10.4436 10.2536,
	10.4881 10.2411,
	10.5325 10.2342,
	10.5381 10.2342,
	10.5548 10.2564,
	10.5687 10.2786,
	10.5701 10.3231,
	10.5715 10.3453,
	10.5728 10.3564,
	10.5742 10.362,
	10.5881 10.3842,
	10.6104 10.4065,
	10.6215 10.4162,
	10.6437 10.4301,
	10.666 10.4412,
	10.6882 10.4551,
	10.7104 10.4648,
	10.716 10.4662,
	10.7382 10.4621,
	10.7827 10.4621,
	10.8049 10.4593,
	10.816 10.4579,
	10.8272 10.4537,
	10.8494 10.4523,
	10.8605 10.4523,
	10.905 10.4315,
	10.9272 10.4218,
	10.9383 10.4148,
	10.9606 10.3926,
	10.9814 10.3745,
	10.9967 10.33,
	11.0009 10.3078,
	11.0134 10.2633,
	11.0134 10.2411,
	11.0148 10.23,
	11.012 10.2077,
	11.0022 10.1633,
	10.9981 10.141,
	10.987 10.1188,
	10.9717 10.0966,
	10.8827 10.0382,
	10.8716 10.0313,
	10.8508 10.009,
	10.8397 9.9868,
	10.8327 9.96456,
	10.8285 9.94233,
	10.8272 9.92009,
	10.8327 9.90898,
	10.8369 9.90342,
	10.8591 9.9062,
	10.8647 9.9062,
	10.8661 9.90898,
	10.8772 9.90898,
	10.8827 9.91175,
	10.905 9.91314,
	10.9272 9.91731,
	10.93 9.91731,
	10.9536 9.92426,
	10.9592 9.92565,
	10.9647 9.92982,
	10.9675 9.92982,
	10.9731 9.93399,
	10.9745 9.93399,
	10.9814 9.94094,
	11.0148 9.98541,
	11.0356 10.0076,
	11.0578 10.0229,
	11.0801 10.0354,
	11.0912 10.0438,
	11.1134 10.0535,
	11.1357 10.0716,
	11.1509 10.0938,
	11.1662 10.1383,
	11.176 10.1494,
	11.1982 10.1591,
	11.2204 10.1786,
	11.2288 10.223,
	11.2329 10.2453,
	11.2343 10.2675,
	11.2343 10.2786,
	11.2427 10.3009,
	11.2357 10.3453,
	11.2232 10.3676,
	11.2149 10.3787,
	11.2037 10.4009,
	11.1593 10.4357,
	11.137 10.4482,
	11.1148 10.4579,
	11.1037 10.4607,
	11.0828 10.4815,
	11.0759 10.4926,
	11.0731 10.4982,
	11.0676 10.501,
	11.0453 10.494,
	11.0398 10.4926,
	11.0175 10.4982,
	10.9953 10.5079,
	10.9842 10.5121,
	10.962 10.5149,
	10.9508 10.5163,
	10.9397 10.5232,
	10.9175 10.5427,
	10.9119 10.5482,
	10.8897 10.5566,
	10.8786 10.5552,
	10.873 10.5538,
	10.8285 10.5663,
	10.8174 10.5677,
	10.8119 10.5677,
	10.7674 10.5913,
	10.7452 10.5969,
	10.734 10.5996,
	10.6896 10.5969,
	10.6673 10.5955,
	10.6618 10.5955,
	10.6396 10.5816,
	10.6284 10.5788,
	10.6229 10.5774,
	10.6145 10.5663,
	10.609 10.5607,
	10.5979 10.5579,
	10.5867 10.5593,
	10.5812 10.5593,
	10.5701 10.5524,
	10.5645 10.5482,
	10.5617 10.5454,
	10.5506 10.5427,
	10.5451 10.5427,
	10.5228 10.5288,
	10.5034 10.5065,
	10.4922 10.4954,
	10.47 10.4801,
	10.4506 10.4579,
	10.4394 10.4468,
	10.4283 10.4398,
	10.4061 10.419,
	10.4005 10.4079,
	10.395 10.3856,
	10.3797 10.3634,
	10.3588 10.3412,
	10.3519 10.33,
	10.3491 10.3245,
	10.3436 10.3189,
	10.3449 10.3078,
	10.3449 10.3022,
	10.3436 10.2995,
	"/>
</Transform>

<Transform dim="1"
 xcoef=" -0.01 1 0 0 0 0"
 ycoef=" 0 0 1 0 0 0">
<Contour name="d05sp42" hidden="false" closed="true" simplified="true" border="1 0 0" fill="1 0 0" mode="11"
 points="11.3143 10.8934,
	11.3208 10.8805,
	11.3321 10.8675,
	11.358 10.8529,
	11.4098 10.8287,
	11.4357 10.8125,
	11.4616 10.8011,
	11.4875 10.793,
	11.5134 10.7817,
	11.5264 10.7736,
	11.5345 10.7607,
	11.5588 10.7396,
	11.5847 10.7267,
	11.5879 10.7251,
	11.6009 10.7283,
	11.6073 10.7283,
	11.609 10.7267,
	11.6154 10.7315,
	11.6284 10.7364,
	11.6397 10.7493,
	11.643 10.7558,
	11.6559 10.7639,
	11.6689 10.7688,
	11.6753 10.772,
	11.6915 10.8238,
	11.698 10.8497,
	11.7012 10.8627,
	11.7012 10.8691,
	11.7142 10.895,
	11.7466 10.9468,
	11.7547 10.9598,
	11.7563 10.9614,
	11.753 10.963,
	11.7012 10.9485,
	11.6494 10.9387,
	11.6462 10.9387,
	11.6446 10.9355,
	11.6316 10.9339,
	11.6251 10.9339,
	11.6219 10.9307,
	11.609 10.9307,
	11.596 10.9274,
	11.5701 10.9258,
	11.5636 10.9226,
	11.5572 10.9226,
	11.5539 10.9226,
	11.5507 10.9193,
	11.5377 10.9177,
	11.5313 10.9145,
	11.5248 10.9145,
	11.5232 10.9112,
	11.4973 10.9096,
	11.494 10.9096,
	11.4908 10.9064,
	11.4843 10.9064,
	11.4811 10.9064,
	11.4778 10.9031,
	11.426 10.8983,
	11.3224 10.8983,
	11.3159 10.8983,
	11.3143 10.895,
	"/>
</Transform>

<Transform dim="1"
 xcoef=" 0 1 0 0 0 0"
 ycoef=" 0.02 0 1 0 0 0">
<Contour name="d19sp32" hidden="false" closed="true" simplified="true" border="1 0 0" fill="1 0 0" mode="11"
 points="5.85666 10.548,
	5.86266 10.516,
	5.86666 10.5,
	5.86766 10.484,
	5.87167 10.468,
	5.88467 10.436,
	5.88867 10.428,
	5.91868 10.3969,
	5.93168 10.3809,
	5.95069 10.3489,
	5.95569 10.3409,
	5.96269 10.3329,
	5.96469 10.3289,
	5.97269 10.3209,
	5.9887 10.3099,
	5.9927 10.3069,
	5.9937 10.3089,
	5.9857 10.3249,
	5.9857 10.3269,
	5.9837 10.3289,
	5.9837 10.3309,
	5.9817 10.3329,
	5.9807 10.3369,
	5.9787 10.3389,
	5.9767 10.3469,
	5.97369 10.3509,
	5.97269 10.3549,
	5.96769 10.3629,
	5.96069 10.3789,
	5.94269 10.411,
	5.93868 10.427,
	5.93568 10.435,
	5.93568 10.443,
	5.93268 10.451,
	5.93168 10.459,
	5.92868 10.467,
	5.92768 10.483,
	5.92768 10.491,
	5.92768 10.495,
	5.92568 10.499,
	5.92568 10.531,
	5.92968 10.563,
	5.93068 10.579,
	5.93568 10.611,
	5.93868 10.643,
	5.94269 10.659,
	5.94469 10.667,
	5.96169 10.699,
	5.97269 10.715,
	5.9787 10.723,
	5.9827 10.727,
	5.9847 10.731,
	5.9827 10.735,
	5.9837 10.739,
	5.9807 10.741,
	5.96469 10.736,
	5.95669 10.729,
	5.95169 10.721,
	5.94169 10.689,
	5.93268 10.673,
	5.93068 10.669,
	5.91468 10.653,
	5.90968 10.645,
	5.88367 10.614,
	5.87067 10.598,
	5.86466 10.59,
	5.85766 10.574,
	5.85666 10.558,
	5.85666 10.55,
	5.85666 10.549,
	"/>
</Transform>

<Transform dim="0"
 xcoef=" 0 1 0 0 0 0"
 ycoef=" 0 0 1 0 0 0">
<Contour name="d19sp35" hidden="false" closed="true" simplified="true" border="1 0 0" fill="1 0 0" mode="11"
 points="6.22701 8.97778,
	6.23541 8.95091,
	6.26396 8.89717,
	6.28411 8.8703,
	6.29754 8.85855,
	6.30594 8.84511,
	6.33281 8.82328,
	6.35968 8.80649,
	6.37815 8.77962,
	6.39327 8.75275,
	6.40166 8.73931,
	6.42685 8.71244,
	6.45372 8.69061,
	6.46044 8.68389,
	6.47388 8.65702,
	6.48395 8.63016,
	6.49571 8.61672,
	6.50075 8.61,
	6.51418 8.60496,
	6.52761 8.60329,
	6.53433 8.60161,
	6.53937 8.59489,
	6.53769 8.59153,
	6.54105 8.58481,
	6.54777 8.57977,
	6.57464 8.57474,
	6.60151 8.57642,
	6.62838 8.58145,
	6.65525 8.59153,
	6.68211 8.61,
	6.69555 8.62344,
	6.70227 8.63016,
	6.70898 8.64359,
	6.71234 8.65702,
	6.71066 8.68389,
	6.70059 8.69733,
	6.68715 8.70908,
	6.67708 8.72252,
	6.67372 8.72924,
	6.67204 8.72756,
	6.66532 8.73427,
	6.59647 8.84175,
	6.56792 8.89549,
	6.54441 8.94923,
	6.53265 8.9761,
	6.52929 8.98953,
	6.5209 9.00297,
	6.50746 9.01137,
	6.45372 9.0164,
	6.42685 9.01976,
	6.37312 9.04159,
	6.31938 9.05671,
	6.29251 9.05839,
	6.28579 9.05839,
	6.27235 9.05167,
	6.24548 9.03152,
	6.23373 9.01976,
	6.22869 9.00633,
	6.22701 8.97946,
	"/>
</Transform>

<Transform dim="0"
 xcoef=" 0 1 0 0 0 0"
 ycoef=" 0 0 1 0 0 0">
<Contour name="d19sp41" hidden="false" closed="true" simplified="true" border="1 0 0" fill="1 0 0" mode="11"
 points="7.02356 9.90761,
	7.02238 9.90761,
	7.01182 9.90174,
	7.00243 9.89352,
	6.99421 9.87474,
	6.99187 9.86535,
	6.99774 9.85479,
	7.00008 9.85009,
	7.01886 9.83484,
	7.05642 9.80901,
	7.06581 9.80197,
	7.07403 9.79258,
	7.08107 9.7738,
	7.08459 9.75502,
	7.08577 9.73624,
	7.08459 9.72685,
	7.07638 9.70807,
	7.06464 9.68929,
	7.06229 9.6846,
	7.07168 9.64704,
	7.07872 9.62826,
	7.08694 9.62239,
	7.1245 9.60948,
	7.13389 9.60478,
	7.15267 9.60126,
	7.17145 9.60244,
	7.17614 9.60244,
	7.19492 9.60948,
	7.23248 9.63061,
	7.25126 9.64704,
	7.25596 9.65056,
	7.26065 9.65878,
	7.26417 9.66347,
	7.26652 9.67286,
	7.28295 9.71042,
	7.2853 9.71981,
	7.28765 9.7245,
	7.28882 9.74328,
	7.28295 9.76206,
	7.27356 9.78084,
	7.26652 9.79023,
	7.24774 9.80549,
	7.22896 9.8184,
	7.21018 9.82662,
	7.1914 9.83014,
	7.17262 9.83836,
	7.13506 9.85948,
	7.12567 9.86653,
	7.08811 9.88883,
	7.06933 9.89822,
	7.05994 9.90291,
	7.05525 9.90409,
	7.0529 9.90291,
	7.05173 9.90526,
	7.03295 9.90761,
	7.02473 9.90761,
	"/>
</Transform>

<Transform dim="0"
 xcoef=" 0 1 0 0 0 0"
 ycoef=" 0 0 1 0 0 0">
<Contour name="d24sp34" hidden="false" closed="true" simplified="true" border="1 0 0" fill="1 0 0" mode="11"
 points="8.3385 7.4063,
	8.34817 7.3891,
	8.35677 7.35472,
	8.36644 7.28594,
	8.38041 7.14839,
	8.37826 7.1312,
	8.37826 7.1226,
	8.37074 7.08822,
	8.36644 7.07102,
	8.36429 7.06243,
	8.35999 7.05383,
	8.36214 7.05061,
	8.37933 7.06565,
	8.38793 7.07317,
	8.39223 7.0764,
	8.3933 7.07747,
	8.4148 7.11186,
	8.42877 7.12905,
	8.43951 7.14624,
	8.44489 7.15484,
	8.45241 7.16344,
	8.45671 7.16559,
	8.45886 7.16666,
	8.461 7.16989,
	8.461 7.17418,
	8.46853 7.17741,
	8.47712 7.17848,
	8.48142 7.17848,
	8.49002 7.18386,
	8.49862 7.19245,
	8.51581 7.20105,
	8.533 7.2075,
	8.5502 7.2118,
	8.58458 7.21609,
	8.59318 7.21717,
	8.62757 7.20965,
	8.64476 7.20535,
	8.65336 7.2032,
	8.67055 7.19568,
	8.67485 7.1946,
	8.74362 7.20535,
	8.76082 7.2075,
	8.7952 7.21717,
	8.8124 7.22254,
	8.88117 7.23006,
	8.91556 7.22469,
	8.93275 7.22147,
	9.00153 7.22576,
	9.01872 7.22684,
	9.02732 7.22684,
	9.03591 7.22899,
	9.05311 7.22576,
	9.0617 7.22362,
	9.0789 7.21394,
	9.0832 7.2118,
	9.10039 7.21394,
	9.10899 7.21502,
	9.14337 7.23329,
	9.15197 7.23866,
	9.15842 7.24726,
	9.16272 7.25156,
	9.17454 7.26875,
	9.18958 7.28594,
	9.22289 7.31388,
	9.23149 7.32248,
	9.23364 7.32355,
	9.22504 7.33215,
	9.20785 7.34182,
	9.17346 7.35687,
	9.10469 7.37728,
	9.08749 7.38266,
	9.0832 7.38373,
	9.08105 7.38481,
	9.06385 7.37836,
	9.04666 7.36331,
	9.03806 7.35472,
	9.03376 7.35042,
	9.0155 7.31603,
	9.01012 7.30743,
	9.00153 7.29884,
	8.98433 7.28594,
	8.97574 7.27949,
	8.94135 7.2666,
	8.93275 7.2623,
	8.89837 7.25478,
	8.88977 7.25263,
	8.88117 7.24833,
	8.8124 7.24188,
	8.77801 7.23866,
	8.74362 7.24188,
	8.70924 7.24726,
	8.69204 7.24833,
	8.65766 7.24726,
	8.58888 7.25263,
	8.57169 7.25585,
	8.5373 7.26982,
	8.52011 7.27735,
	8.50291 7.28809,
	8.46853 7.31711,
	8.39975 7.36439,
	8.36537 7.3891,
	8.34817 7.402,
	8.33957 7.40737,
	"/>
</Transform>

<Transform dim="0"
 xcoef=" 0 1 0 0 0 0"
 ycoef=" 0 0 1 0 0 0">
<Contour name="d24sp35" hidden="false" closed="true" simplified="true" border="1 0 0" fill="1 0 0" mode="11"
 points="6.22876 7.59597,
	6.28095 7.56662,
	6.30705 7.5552,
	6.3201 7.55031,
	6.37229 7.50953,
	6.38534 7.49974,
	6.43754 7.48506,
	6.46363 7.46875,
	6.47668 7.46223,
	6.50604 7.41003,
	6.51583 7.39699,
	6.53051 7.34479,
	6.54029 7.31869,
	6.55497 7.2926,
	6.56802 7.28118,
	6.58107 7.27629,
	6.60717 7.27302,
	6.63326 7.27466,
	6.65936 7.27955,
	6.68546 7.2877,
	6.68872 7.2877,
	6.70177 7.30075,
	6.71971 7.32685,
	6.72297 7.33337,
	6.72297 7.35947,
	6.73439 7.38557,
	6.7507 7.41166,
	6.75559 7.51605,
	6.75396 7.53073,
	6.73113 7.55683,
	6.68056 7.60739,
	6.66752 7.61718,
	6.61532 7.63838,
	6.56313 7.65632,
	6.51256 7.67916,
	6.43917 7.69384,
	6.38697 7.68242,
	6.36088 7.6759,
	6.34783 7.671,
	6.29563 7.66122,
	6.26954 7.65469,
	6.25649 7.6498,
	6.24344 7.64164,
	6.23039 7.61555,
	6.22713 7.6025,
	6.22876 7.59761,
	"/>
</Transform>

<Transform dim="1"
 xcoef=" 0 1 0 0 0 0"
 ycoef=" 0 0 1 0 0 0">
<Contour name="d17sp29" hidden="false" closed="true" simplified="true" border="1 0 0" fill="1 0 0" mode="11"
 points="4.815 6.20194,
	4.80228 6.19834,
	4.78977 6.19402,
	4.76579 6.18016,
	4.75985 6.177,
	4.73568 6.16806,
	4.71172 6.15802,
	4.70571 6.15556,
	4.7027 6.15433,
	4.68011 6.13542,
	4.65735 6.11679,
	4.65446 6.11458,
	4.64169 6.11245,
	4.63536 6.11094,
	4.6107 6.10041,
	4.58534 6.09212,
	4.5587 6.0865,
	4.54512 6.08361,
	4.51776 6.07548,
	4.51094 6.07243,
	4.5043 6.06758,
	4.50148 6.06454,
	4.50151 6.06094,
	4.50129 6.0591,
	4.50134 6.05865,
	4.5014 6.05821,
	4.5064 6.05157,
	4.51406 6.04519,
	4.51808 6.04203,
	4.5201 6.04043,
	4.53546 6.03262,
	4.56573 6.01491,
	4.58053 6.00591,
	4.60955 5.98433,
	4.62354 5.97451,
	4.63726 5.96551,
	4.64401 5.96097,
	4.64737 5.95845,
	4.66068 5.9526,
	4.66727 5.9499,
	4.67055 5.94831,
	4.69662 5.94274,
	4.70953 5.942,
	4.71595 5.9414,
	4.76751 5.94361,
	4.77397 5.94396,
	4.79993 5.94894,
	4.85221 5.96317,
	4.87857 5.97187,
	4.89162 5.97893,
	4.90483 5.98713,
	4.91782 5.99878,
	4.93054 6.01192,
	4.93683 6.01866,
	4.94606 6.03248,
	4.95042 6.03935,
	4.95678 6.05276,
	4.95889 6.0656,
	4.95897 6.07189,
	4.95691 6.08438,
	4.95579 6.09085,
	4.95522 6.0941,
	4.94436 6.11959,
	4.92787 6.14476,
	4.91784 6.15731,
	4.91248 6.16357,
	4.91028 6.16675,
	4.89494 6.1767,
	4.88741 6.18173,
	4.8589 6.19362,
	4.84491 6.19999,
	4.84144 6.20159,
	"/>
</Transform>

<Transform dim="1"
 xcoef=" 0 1 0 0 0 0"
 ycoef=" -0.01 0 1 0 0 0">
<Contour name="d17sp29" hidden="false" closed="true" simplified="true" border="1 0 0" fill="1 0 0" mode="11"
 points="4.815 6.19194,
	4.80228 6.18834,
	4.78977 6.18402,
	4.76579 6.17016,
	4.75985 6.167,
	4.73568 6.15806,
	4.71172 6.14802,
	4.70571 6.14556,
	4.7027 6.14433,
	4.68011 6.12542,
	4.65735 6.10679,
	4.65446 6.10458,
	4.64169 6.10245,
	4.63536 6.10094,
	4.6107 6.09041,
	4.58534 6.08212,
	4.5587 6.0765,
	4.54512 6.07361,
	4.51776 6.06548,
	4.51094 6.06243,
	4.5043 6.05758,
	4.50148 6.05454,
	4.50151 6.05094,
	4.50129 6.0491,
	4.50134 6.04865,
	4.5014 6.04821,
	4.5064 6.04157,
	4.51406 6.03519,
	4.51808 6.03203,
	4.5201 6.03043,
	4.53546 6.02262,
	4.56573 6.00491,
	4.58053 5.99591,
	4.60955 5.97433,
	4.62354 5.96451,
	4.63726 5.95551,
	4.64401 5.95097,
	4.64737 5.94845,
	4.66068 5.9426,
	4.66727 5.9399,
	4.67055 5.93831,
	4.69662 5.93274,
	4.70953 5.932,
	4.71595 5.9314,
	4.76751 5.93361,
	4.77397 5.93396,
	4.79993 5.93894,
	4.85221 5.95317,
	4.87857 5.96187,
	4.89162 5.96893,
	4.90483 5.97713,
	4.91782 5.98878,
	4.93054 6.00192,
	4.93683 6.00866,
	4.94606 6.02248,
	4.95042 6.02935,
	4.95678 6.04276,
	4.95889 6.0556,
	4.95897 6.06189,
	4.95691 6.07438,
	4.95579 6.08085,
	4.95522 6.0841,
	4.94436 6.10959,
	4.92787 6.13476,
	4.91784 6.14731,
	4.91248 6.15357,
	4.91028 6.15675,
	4.89494 6.1667,
	4.88741 6.17173,
	4.8589 6.18362,
	4.84491 6.18999,
	4.84144 6.19159,
	"/>
</Transform>

<Transform dim="0"
 xcoef=" 0 1 0 0 0 0"
 ycoef=" 0 0 1 0 0 0">
<Contour name="d17sph29" hidden="false" closed="true" simplified="true" border="1 0 0" fill="1 0 0" mode="11"
 points="4.815 6.20194,
	4.80228 6.19834,
	4.78977 6.19402,
	4.76579 6.18016,
	4.75985 6.177,
	4.73568 6.16806,
	4.71172 6.15802,
	4.70571 6.15556,
	4.7027 6.15433,
	4.68011 6.13542,
	4.65735 6.11679,
	4.65446 6.11458,
	4.64169 6.11245,
	4.63536 6.11094,
	4.6107 6.10041,
	4.58534 6.09212,
	4.5587 6.0865,
	4.54512 6.08361,
	4.51776 6.07548,
	4.51094 6.07243,
	4.5043 6.06758,
	4.50148 6.06454,
	4.50151 6.06094,
	4.50129 6.0591,
	4.50134 6.05865,
	4.5014 6.05821,
	4.5064 6.05157,
	4.51406 6.04519,
	4.51808 6.04203,
	4.5201 6.04043,
	4.53546 6.03262,
	4.56573 6.01491,
	4.58053 6.00591,
	4.60955 5.98433,
	4.62354 5.97451,
	4.63726 5.96551,
	4.64401 5.96097,
	4.64737 5.95845,
	4.66068 5.9526,
	4.66727 5.9499,
	4.67055 5.94831,
	4.69662 5.94274,
	4.70953 5.942,
	4.71595 5.9414,
	4.76751 5.94361,
	4.77397 5.94396,
	4.79993 5.94894,
	4.85221 5.96317,
	4.87857 5.97187,
	4.89162 5.97893,
	4.90483 5.98713,
	4.91782 5.99878,
	4.93054 6.01192,
	4.93683 6.01866,
	4.94606 6.03248,
	4.95042 6.03935,
	4.95678 6.05276,
	4.95889 6.0656,
	4.95897 6.07189,
	4.95691 6.08438,
	4.95579 6.09085,
	4.95522 6.0941,
	4.94436 6.11959,
	4.92787 6.14476,
	4.91784 6.15731,
	4.91248 6.16357,
	4.91028 6.16675,
	4.89494 6.1767,
	4.88741 6.18173,
	4.8589 6.19362,
	4.84491 6.19999,
	4.84144 6.20159,
	"/>
</Transform>

<Transform dim="1"
 xcoef=" 0 1 0 0 0 0"
 ycoef=" 0.01 0 1 0 0 0">
<Contour name="d17sph29" hidden="false" closed="true" simplified="true" border="1 0 0" fill="1 0 0" mode="11"
 points="4.815 6.21194,
	4.80228 6.20834,
	4.78977 6.20402,
	4.76579 6.19016,
	4.75985 6.187,
	4.73568 6.17806,
	4.71172 6.16802,
	4.70571 6.16556,
	4.7027 6.16433,
	4.68011 6.14542,
	4.65735 6.12679,
	4.65446 6.12458,
	4.64169 6.12245,
	4.63536 6.12094,
	4.6107 6.11041,
	4.58534 6.10212,
	4.5587 6.0965,
	4.54512 6.09361,
	4.51776 6.08548,
	4.51094 6.08243,
	4.5043 6.07758,
	4.50148 6.07454,
	4.50151 6.07094,
	4.50129 6.0691,
	4.50134 6.06865,
	4.5014 6.06821,
	4.5064 6.06157,
	4.51406 6.05519,
	4.51808 6.05203,
	4.5201 6.05043,
	4.53546 6.04262,
	4.56573 6.02491,
	4.58053 6.01591,
	4.60955 5.99433,
	4.62354 5.98451,
	4.63726 5.97551,
	4.64401 5.97097,
	4.64737 5.96845,
	4.66068 5.9626,
	4.66727 5.9599,
	4.67055 5.95831,
	4.69662 5.95274,
	4.70953 5.952,
	4.71595 5.9514,
	4.76751 5.95361,
	4.77397 5.95396,
	4.79993 5.95894,
	4.85221 5.97317,
	4.87857 5.98187,
	4.89162 5.98893,
	4.90483 5.99713,
	4.91782 6.00878,
	4.93054 6.02192,
	4.93683 6.02866,
	4.94606 6.04248,
	4.95042 6.04935,
	4.95678 6.06276,
	4.95889 6.0756,
	4.95897 6.08189,
	4.95691 6.09438,
	4.95579 6.10085,
	4.95522 6.1041,
	4.94436 6.12959,
	4.92787 6.15476,
	4.91784 6.16731,
	4.91248 6.17357,
	4.91028 6.17675,
	4.89494 6.1867,
	4.88741 6.19173,
	4.8589 6.20362,
	4.84491 6.20999,
	4.84144 6.21159,
	"/>
</Transform>

<Transform dim="0"
 xcoef=" 0 1 0 0 0 0"
 ycoef=" 0 0 1 0 0 0">
<Contour name="d17c29" hidden="false" closed="true" simplified="true" border="0 0 1" fill="0 0 1" mode="11"
 points="4.73937 6.22765,
	4.73136 6.22414,
	4.71596 6.21345,
	4.70124 6.19949,
	4.68873 6.18271,
	4.68515 6.17901,
	4.65505 6.1584,
	4.64022 6.14673,
	4.63359 6.1395,
	4.63152 6.13075,
	4.63182 6.12913,
	4.63193 6.1286,
	4.63379 6.12431,
	4.64067 6.11584,
	4.64265 6.11373,
	4.65114 6.11347,
	4.65524 6.11414,
	4.67075 6.12106,
	4.67867 6.12338,
	4.68676 6.12457,
	4.69511 6.12412,
	4.69989 6.1204,
	4.70864 6.11722,
	4.71709 6.11562,
	4.73325 6.11609,
	4.73711 6.11713,
	4.74457 6.12079,
	4.74825 6.12287,
	4.76232 6.13537,
	4.77638 6.14882,
	4.77997 6.15191,
	4.78751 6.15598,
	4.79525 6.15899,
	4.80282 6.16361,
	4.80949 6.17194,
	4.80951 6.18036,
	4.80799 6.18458,
	4.80827 6.18669,
	4.81227 6.18823,
	4.81606 6.1919,
	4.81795 6.19399,
	4.81926 6.20241,
	4.81908 6.20452,
	4.81556 6.20874,
	4.81327 6.21086,
	4.8121 6.21245,
	4.79477 6.2189,
	4.78614 6.22163,
	4.76905 6.22503,
	4.75202 6.22741,
	4.74358 6.22756,
	"/>
</Transform>

<Transform dim="1"
 xcoef=" 0.01 1 0 0 0 0"
 ycoef=" -0.01 0 1 0 0 0">
<Contour name="dch_d05c40" hidden="false" closed="true" simplified="true" border="0 0 1" fill="0 0 1" mode="11"
 points="11.4667 12.325,
	11.4683 12.312,
	11.4691 12.3055,
	11.4728 12.2989,
	11.4744 12.2957,
	11.4757 12.2945,
	11.4822 12.2941,
	11.4854 12.2937,
	11.5114 12.2957,
	11.5245 12.2973,
	11.531 12.2977,
	11.557 12.3026,
	11.57 12.3055,
	11.5733 12.3059,
	11.5863 12.3124,
	11.5879 12.3136,
	11.5912 12.3201,
	11.5859 12.3461,
	11.5786 12.3591,
	11.5745 12.3657,
	11.5725 12.3689,
	11.566 12.3722,
	11.5627 12.3734,
	11.5497 12.3746,
	11.5237 12.3705,
	11.5106 12.3685,
	11.5041 12.3673,
	11.4911 12.3628,
	11.4879 12.3616,
	11.4813 12.3571,
	11.4748 12.3518,
	11.4716 12.3494,
	11.4696 12.3461,
	11.4675 12.3396,
	11.4667 12.338,
	11.4667 12.3254,
	"/>
</Transform>

<Transform dim="0"
 xcoef=" 0 1 0 0 0 0"
 ycoef=" 0 0 1 0 0 0">
<Image mag="0.0022379" contrast="1.144" brightness="-0.15" red="true" green="true" blue="true"
 src="169____z168.0.tif" />
<Contour name="d05c15" hidden="false" closed="true" simplified="false" border="0 0 1" fill="0 0 1" mode="11"
 points="0 0,
	9356 0,
	9356 6733,
	0 6733,
	"/>
</Transform>

<Transform dim="1"
 xcoef=" 0.01 1 0 0 0 0"
 ycoef=" 0 0 1 0 0 0">
<Contour name="d19cfa32" hidden="false" closed="false" simplified="false" border="0 1 0" fill="1 0.5 0" mode="11"
 points="5.6486 10.2862,
	5.63481 10.328,
	5.61088 10.373,
	"/>
</Transform>

<Transform dim="0"
 xcoef=" 0 1 0 0 0 0"
 ycoef=" 0 0 1 0 0 0">
<Image mag="0.0022379" contrast="1.144" brightness="-0.15" red="true" green="true" blue="true"
 src="170____z169.0.tif" />
<Contour name="d05c15" hidden="false" closed="true" simplified="false" border="0 0 1" fill="0 0 1" mode="11"
 points="0 0,
	9356 0,
	9356 6733,
	0 6733,
	"/>
</Transform>

<Transform dim="0"
 xcoef=" 0 1 0 0 0 0"
 ycoef=" 0 0 1 0 0 0">
<Contour name="d19c32" hidden="false" closed="true" simplified="true" border="0 0 1" fill="0 0 1" mode="11"
 points="5.56195 10.3205,
	5.5622 10.3164,
	5.5622 10.3144,
	5.56578 10.3062,
	5.56987 10.298,
	5.57192 10.2939,
	5.57985 10.2873,
	5.58394 10.2845,
	5.59212 10.2812,
	5.59621 10.2794,
	5.61257 10.2799,
	5.62076 10.2804,
	5.63712 10.2847,
	5.63917 10.2855,
	5.64019 10.2858,
	5.64402 10.2891,
	5.64581 10.2911,
	5.64735 10.2952,
	5.64965 10.3034,
	5.64965 10.3116,
	5.64786 10.3198,
	5.6453 10.3279,
	5.64402 10.332,
	5.63968 10.3402,
	5.63763 10.3443,
	5.63456 10.3525,
	5.63047 10.3607,
	5.62945 10.3627,
	5.62868 10.3637,
	5.6205 10.3681,
	5.61641 10.3701,
	5.61232 10.3717,
	5.60414 10.3737,
	5.60209 10.374,
	5.59391 10.3686,
	5.58573 10.364,
	5.58164 10.3612,
	5.57959 10.3596,
	5.57448 10.3515,
	5.56885 10.3433,
	5.56425 10.3351,
	5.5622 10.3269,
	5.56195 10.3228,
	5.56195 10.3208,
	"/>
</Transform>

</Section>