<?xml version="1.0"?>
<!DOCTYPE Section SYSTEM "section.dtd">

<Section index="175" thickness="0.045794" alignLocked="true">
<Transform dim="0"
 xcoef=" 0 1 0 0 0 0"
 ycoef=" 0 0 1 0 0 0">
<Image mag="0.0022379" contrast="1.144" brightness="-0.15" red="true" green="true" blue="true"
 src="176____z175.0.tif" />
<Contour name="domain1" hidden="false" closed="true" simplified="false" border="1 0 1" fill="1 0 1" mode="11"
 points="0 0,
	9357 0,
	9357 6734,
	0 6734,
	"/>
</Transform>

<Transform dim="0"
 xcoef=" 0 1 0 0 0 0"
 ycoef=" 0 0 1 0 0 0">
<Contour name="d19_DELETE" hidden="false" closed="true" simplified="true" border="0 0 0" fill="0 0 0" mode="11"
 points="6.68393 10.5254,
	6.55381 10.4261,
	6.49289 10.373,
	6.46297 10.3473,
	6.45926 10.344,
	6.45742 10.3418,
	6.45364 10.3405,
	6.44816 10.3339,
	6.44073 10.3283,
	6.43002 10.311,
	6.4283 10.3067,
	6.42469 10.3023,
	6.42478 10.3003,
	6.42207 10.297,
	6.42216 10.2949,
	6.41852 10.2916,
	6.41606 10.2831,
	6.40838 10.2661,
	6.40402 10.2504,
	6.40374 10.2427,
	6.4022 10.2388,
	6.4026 10.2235,
	6.40141 10.2157,
	6.40246 10.1852,
	6.40349 10.1701,
	6.40356 10.1691,
	6.40561 10.154,
	6.41156 10.1392,
	6.41273 10.1364,
	6.41674 10.1346,
	6.41784 10.1328,
	6.42555 10.1331,
	6.45621 10.1392,
	6.46354 10.1425,
	6.49321 10.1479,
	6.50823 10.1497,
	6.52357 10.1486,
	6.52746 10.1478,
	6.53154 10.1451,
	6.53268 10.1433,
	6.53457 10.1434,
	6.53476 10.1415,
	6.53885 10.1388,
	6.5418 10.138,
	6.54294 10.1361,
	6.54484 10.1362,
	6.55918 10.1273,
	6.56541 10.1228,
	6.5962 10.1059,
	6.60028 10.1041,
	6.60457 10.1005,
	6.62108 10.0925,
	6.62303 10.0926,
	6.62628 10.0898,
	6.64258 10.0847,
	6.6465 10.0849,
	6.6477 10.083,
	6.65164 10.0831,
	6.65579 10.0814,
	6.65972 10.0816,
	6.66388 10.0798,
	6.66784 10.08,
	6.67002 10.0781,
	6.67805 10.0775,
	6.68222 10.0757,
	6.68619 10.0759,
	6.69446 10.0733,
	6.69854 10.0724,
	6.70054 10.0725,
	6.70275 10.0707,
	6.70684 10.0698,
	6.71071 10.071,
	6.71271 10.0711,
	6.71701 10.0683,
	6.72532 10.0657,
	6.73382 10.0611,
	6.74213 10.0585,
	6.75061 10.0539,
	6.76688 10.0516,
	6.77107 10.0498,
	6.77507 10.0499,
	6.77924 10.0481,
	6.78323 10.0483,
	6.79148 10.0456,
	6.82377 10.0418,
	6.83989 10.0394,
	6.85182 10.0397,
	6.85598 10.037,
	6.88802 10.0321,
	6.92001 10.0243,
	6.92394 10.0244,
	6.92599 10.0226,
	6.94187 10.0192,
	6.97339 10.017,
	6.99693 10.0174,
	7.01246 10.0233,
	7.02021 10.0262,
	7.02695 10.031,
	7.02782 10.0347,
	7.03069 10.0375,
	7.03262 10.0385,
	7.0335 10.0423,
	7.04188 10.0573,
	7.04182 10.0592,
	7.04375 10.0602,
	7.04364 10.0639,
	7.04358 10.0658,
	7.04551 10.0668,
	7.05092 10.0818,
	7.05458 10.0894,
	7.0604 10.1197,
	7.05525 10.1804,
	7.04919 10.2108,
	7.04904 10.2146,
	7.04353 10.2298,
	7.04225 10.2375,
	7.03376 10.2526,
	7.02062 10.2684,
	7.01463 10.2755,
	6.99962 10.2856,
	6.99659 10.2887,
	6.99257 10.2896,
	6.98852 10.2937,
	6.98651 10.2937,
	6.98143 10.2998,
	6.97837 10.3029,
	6.97634 10.3039,
	6.97632 10.306,
	6.97225 10.309,
	6.96711 10.3162,
	6.95991 10.3244,
	6.9599 10.3265,
	6.9537 10.3337,
	6.94545 10.3408,
	6.93299 10.3521,
	6.9257 10.3582,
	6.92362 10.3582,
	6.91839 10.3633,
	6.91632 10.3633,
	6.90899 10.3684,
	6.9069 10.3684,
	6.9048 10.3705,
	6.90061 10.3705,
	6.89956 10.3725,
	6.86585 10.3806,
	6.86162 10.3806,
	6.85422 10.3847,
	6.8521 10.3847,
	6.84365 10.3897,
	6.83518 10.3928,
	6.83307 10.3927,
	6.83201 10.3948,
	6.82778 10.3958,
	6.81197 10.4058,
	6.80359 10.4127,
	6.79732 10.4177,
	6.78381 10.4316,
	6.76926 10.4423,
	6.76722 10.4453,
	6.75278 10.457,
	6.75067 10.4569,
	6.74243 10.4627,
	6.73934 10.4647,
	6.73526 10.4685,
	6.73316 10.4685,
	6.72603 10.4753,
	6.72189 10.4772,
	6.71989 10.4801,
	6.70462 10.4926,
	6.70265 10.4964,
	6.69959 10.4983,
	6.69868 10.5022,
	6.69267 10.509,
	6.68969 10.5128,
	6.68879 10.5167,
	6.68887 10.5187,
	"/>
</Transform>

<Transform dim="0"
 xcoef=" 0 1 0 0 0 0"
 ycoef=" 0 0 1 0 0 0">
<Contour name="d07sp45" hidden="false" closed="true" simplified="true" border="1 0 0" fill="1 0 0" mode="11"
 points="9.16447 8.57662,
	9.14406 8.57604,
	9.12417 8.57309,
	9.11505 8.56688,
	9.10636 8.55834,
	9.0958 8.53925,
	9.09162 8.52055,
	9.08853 8.48395,
	9.08203 8.44835,
	9.07944 8.431,
	9.07632 8.42243,
	9.07475 8.41818,
	9.06797 8.40974,
	9.0505 8.39935,
	9.0482 8.3983,
	9.04709 8.39724,
	9.06682 8.39065,
	9.23317 8.35406,
	9.3246 8.33794,
	9.32762 8.3371,
	9.32886 8.33811,
	9.30503 8.35297,
	9.29406 8.36065,
	9.28224 8.37671,
	9.27475 8.39336,
	9.25105 8.42687,
	9.24648 8.43537,
	9.25057 8.45287,
	9.25204 8.47063,
	9.25244 8.4751,
	9.24475 8.49302,
	9.2232 8.52944,
	9.2081 8.54791,
	9.18676 8.56641,
	9.18083 8.57106,
	9.16998 8.57436,
	"/>
</Transform>

<Transform dim="0"
 xcoef=" 0 1 0 0 0 0"
 ycoef=" 0 0 1 0 0 0">
<Contour name="d23sp34" hidden="false" closed="true" simplified="true" border="1 0 0" fill="1 0 0" mode="11"
 points="10.5313 6.62705,
	10.5269 6.6261,
	10.5112 6.60957,
	10.5038 6.60137,
	10.4996 6.59731,
	10.4846 6.56451,
	10.4799 6.54816,
	10.4745 6.515,
	10.4774 6.48086,
	10.4828 6.4468,
	10.4844 6.42981,
	10.4841 6.41277,
	10.476 6.39565,
	10.4662 6.37839,
	10.4626 6.36971,
	10.4517 6.29988,
	10.4492 6.2647,
	10.4539 6.22934,
	10.4558 6.21279,
	10.4559 6.21169,
	10.4609 6.19431,
	10.475 6.1601,
	10.4831 6.14327,
	10.4931 6.1267,
	10.4986 6.11852,
	10.5268 6.05412,
	10.5473 6.02365,
	10.5534 6.0162,
	10.5559 6.01249,
	10.5596 5.98283,
	10.5588 5.96832,
	10.5566 5.9611,
	10.5719 5.93362,
	10.5781 5.92016,
	10.5811 5.91349,
	10.5843 5.9102,
	10.6017 5.90134,
	10.606 5.89975,
	10.6251 5.87368,
	10.6371 5.86077,
	10.643 5.85433,
	10.6471 5.85111,
	10.6804 5.83416,
	10.6967 5.82527,
	10.7048 5.82123,
	10.7216 5.81632,
	10.7539 5.80261,
	10.7621 5.80015,
	10.7962 5.79605,
	10.8304 5.79526,
	10.8391 5.79586,
	10.8481 5.79803,
	10.8527 5.79951,
	10.8559 5.8117,
	10.8575 5.8178,
	10.8548 5.82397,
	10.8461 5.83645,
	10.832 5.86174,
	10.8245 5.87463,
	10.7998 5.90117,
	10.7653 5.91551,
	10.7479 5.92452,
	10.7391 5.92906,
	10.7358 5.93088,
	10.7271 5.95865,
	10.7216 5.97293,
	10.7049 6.00249,
	10.6957 6.01771,
	10.6884 6.04852,
	10.6627 6.11397,
	10.6587 6.12248,
	10.6601 6.15644,
	10.6633 6.1911,
	10.6831 6.22575,
	10.6924 6.24324,
	10.7248 6.26912,
	10.7409 6.28223,
	10.7752 6.29865,
	10.7923 6.30656,
	10.8272 6.31725,
	10.8359 6.31977,
	10.8725 6.31786,
	10.9085 6.3134,
	10.9261 6.31151,
	10.961 6.30489,
	10.9784 6.29784,
	10.9872 6.29439,
	10.9955 6.29326,
	11.0114 6.29452,
	11.0196 6.29349,
	11.0363 6.28695,
	11.0445 6.28373,
	11.0609 6.26928,
	11.0695 6.26163,
	11.0736 6.25897,
	11.0894 6.25507,
	11.0973 6.25316,
	11.104 6.2625,
	11.1074 6.26661,
	11.1077 6.28504,
	11.106 6.29391,
	11.0898 6.32778,
	11.0853 6.33621,
	11.0581 6.36856,
	11.0407 6.38427,
	11.0319 6.39215,
	11.0275 6.3961,
	10.9925 6.414,
	10.9746 6.42302,
	10.9026 6.44725,
	10.829 6.48673,
	10.7927 6.50677,
	10.7571 6.51641,
	10.7527 6.51724,
	10.7185 6.54763,
	10.7014 6.5634,
	10.6923 6.5703,
	10.6566 6.5899,
	10.6215 6.59533,
	10.5854 6.61488,
	10.5763 6.6191,
	10.5583 6.62342,
	10.5403 6.6258,
	"/>
</Transform>

<Transform dim="0"
 xcoef=" 0 1 0 0 0 0"
 ycoef=" 0 0 1 0 0 0">
<Contour name="d17sp27" hidden="false" closed="true" simplified="true" border="1 0 0" fill="1 0 0" mode="11"
 points="5.06399 7.62008,
	5.0524 7.61571,
	5.04657 7.61331,
	5.04513 7.61248,
	5.03417 7.60139,
	5.02445 7.58809,
	5.01973 7.58126,
	4.9964 7.55737,
	4.99087 7.55061,
	4.98564 7.53676,
	4.98473 7.53329,
	4.98621 7.51916,
	4.98637 7.51563,
	4.98637 7.51519,
	4.98978 7.50098,
	4.99434 7.48662,
	4.99678 7.47939,
	5.00622 7.46453,
	5.01105 7.45702,
	5.02347 7.44159,
	5.02981 7.43423,
	5.04244 7.42117,
	5.05514 7.41297,
	5.06787 7.40834,
	5.08054 7.40461,
	5.10566 7.40045,
	5.10878 7.39967,
	5.12143 7.39167,
	5.12463 7.38914,
	5.13112 7.38274,
	5.13443 7.37932,
	5.14747 7.37115,
	5.17394 7.35749,
	5.18067 7.35405,
	5.20877 7.33626,
	5.22315 7.32805,
	5.22682 7.32578,
	5.24097 7.32082,
	5.24281 7.31994,
	5.25603 7.32078,
	5.26789 7.32822,
	5.27075 7.33042,
	5.2832 7.33489,
	5.28477 7.33535,
	5.29885 7.3334,
	5.30677 7.32921,
	5.31075 7.32713,
	5.31825 7.32515,
	5.32559 7.32405,
	5.32934 7.3233,
	5.34322 7.32506,
	5.34669 7.32562,
	5.34849 7.32568,
	5.36113 7.33307,
	5.36896 7.34717,
	5.37152 7.36109,
	5.37269 7.36803,
	5.3733 7.37151,
	5.37224 7.38531,
	5.3706 7.3991,
	5.36646 7.41286,
	5.3576 7.42653,
	5.35532 7.42997,
	5.33987 7.44099,
	5.33602 7.44313,
	5.30653 7.45421,
	5.27785 7.46967,
	5.26395 7.47869,
	5.25717 7.48281,
	5.22933 7.50286,
	5.22246 7.50855,
	5.17325 7.53454,
	5.16154 7.54136,
	5.13859 7.55289,
	5.13291 7.55522,
	5.13003 7.55686,
	5.12738 7.5594,
	5.11651 7.5752,
	5.11189 7.58305,
	5.10033 7.59893,
	5.08757 7.60969,
	5.08126 7.61341,
	5.06874 7.6184,
	5.06557 7.61953,
	"/>
</Transform>

<Transform dim="0"
 xcoef=" 0 1 0 0 0 0"
 ycoef=" 0 0 1 0 0 0">
<Contour name="d19sp35" hidden="false" closed="true" simplified="true" border="1 0 0" fill="1 0 0" mode="11"
 points="6.44245 9.0722,
	6.43187 9.06885,
	6.41124 9.05826,
	6.40099 9.05234,
	6.37927 9.04838,
	6.35635 9.05235,
	6.3339 9.05254,
	6.32272 9.05203,
	6.27974 9.03606,
	6.2686 9.03445,
	6.25708 9.03553,
	6.24587 9.03403,
	6.24018 9.03396,
	6.22747 9.01263,
	6.22332 9.00193,
	6.22365 8.98052,
	6.22407 8.97783,
	6.22427 8.9765,
	6.2319 8.95506,
	6.24074 8.94445,
	6.26414 8.92339,
	6.27907 8.90214,
	6.30256 8.8811,
	6.32825 8.86412,
	6.35472 8.84282,
	6.36135 8.83744,
	6.42423 8.74984,
	6.46063 8.66426,
	6.46761 8.64334,
	6.4774 8.62259,
	6.48583 8.61232,
	6.49219 8.60726,
	6.51587 8.60153,
	6.53853 8.60387,
	6.56032 8.61292,
	6.56583 8.61458,
	6.57619 8.62304,
	6.57914 8.63357,
	6.56099 8.67394,
	6.55385 8.69456,
	6.54952 8.70493,
	6.54798 8.7155,
	6.54719 8.72081,
	6.56089 8.74296,
	6.5673 8.76505,
	6.57111 8.77622,
	6.59272 8.82195,
	6.60104 8.84507,
	6.61161 8.89139,
	6.61236 8.9372,
	6.60264 8.95939,
	6.60024 8.96492,
	6.58865 8.97561,
	6.57621 8.98344,
	6.57025 8.98597,
	6.52036 9.02622,
	6.50175 9.04675,
	6.47712 9.06258,
	6.46495 9.06974,
	"/>
</Transform>

<Transform dim="0"
 xcoef=" 0 1 0 0 0 0"
 ycoef=" 0 0 1 0 0 0">
<Contour name="d17sph28" hidden="false" closed="true" simplified="true" border="1 0 0" fill="1 0 0" mode="11"
 points="3.07819 7.21832,
	3.06992 7.21665,
	3.06196 7.21387,
	3.05359 7.2124,
	3.04478 7.21229,
	3.0435 7.21282,
	3.04171 7.21141,
	3.03554 7.19097,
	3.03227 7.17066,
	3.03153 7.16051,
	3.033 7.14017,
	3.03277 7.13569,
	3.03297 7.13506,
	3.04146 7.12505,
	3.06138 7.12019,
	3.07732 7.12664,
	3.09163 7.13735,
	3.10478 7.15101,
	3.10646 7.15257,
	3.10709 7.154,
	3.1076 7.15408,
	3.10455 7.16478,
	3.10413 7.16602,
	3.10487 7.16877,
	3.10263 7.17887,
	3.09575 7.19851,
	3.09369 7.20333,
	3.0906 7.20799,
	3.09023 7.20921,
	3.08631 7.2131,
	3.08348 7.21524,
	3.08188 7.21692,
	3.08083 7.21678,
	"/>
</Transform>

<Transform dim="0"
 xcoef=" 0 1 0 0 0 0"
 ycoef=" 0 0 1 0 0 0">
<Contour name="d17sp28" hidden="false" closed="true" simplified="true" border="1 0 0" fill="1 0 0" mode="11"
 points="3.3011 7.45055,
	3.27901 7.44634,
	3.26808 7.44415,
	3.24686 7.43689,
	3.24422 7.43595,
	3.2246 7.42047,
	3.2197 7.41665,
	3.21724 7.41505,
	3.19906 7.39353,
	3.181 7.37527,
	3.17226 7.36558,
	3.13725 7.33306,
	3.12064 7.31464,
	3.1046 7.29468,
	3.08902 7.2733,
	3.07248 7.25573,
	3.06417 7.24705,
	3.04904 7.22407,
	3.04232 7.21199,
	3.03407 7.18677,
	3.03147 7.16177,
	3.03329 7.13672,
	3.03286 7.13593,
	3.03312 7.13514,
	3.03798 7.12898,
	3.04043 7.12588,
	3.04235 7.12436,
	3.05451 7.12172,
	3.06054 7.12047,
	3.08015 7.12845,
	3.08896 7.13504,
	3.12101 7.16913,
	3.12853 7.17873,
	3.15366 7.23244,
	3.16574 7.26015,
	3.16903 7.26702,
	3.18395 7.28915,
	3.18766 7.29508,
	3.22195 7.32878,
	3.25871 7.36165,
	3.27806 7.37742,
	3.28804 7.38479,
	3.3081 7.40107,
	3.31794 7.41188,
	3.32293 7.41725,
	3.32657 7.42756,
	3.32874 7.43284,
	3.32507 7.44331,
	3.32489 7.44463,
	"/>
</Transform>

<Transform dim="0"
 xcoef=" 0 1 0 0 0 0"
 ycoef=" 0 0 1 0 0 0">
<Contour name="d23sph34" hidden="false" closed="true" simplified="true" border="1 0 0" fill="1 0 0" mode="11"
 points="10.5313 6.62705,
	10.5269 6.6261,
	10.5112 6.60957,
	10.5038 6.60137,
	10.4996 6.59731,
	10.4846 6.56451,
	10.4799 6.54816,
	10.4745 6.515,
	10.4774 6.48086,
	10.4828 6.4468,
	10.4844 6.42981,
	10.4841 6.41277,
	10.476 6.39565,
	10.4662 6.37839,
	10.4626 6.36971,
	10.4517 6.29988,
	10.4492 6.2647,
	10.4539 6.22934,
	10.4558 6.21279,
	10.4559 6.21169,
	10.4609 6.19431,
	10.475 6.1601,
	10.4831 6.14327,
	10.4931 6.1267,
	10.4986 6.11852,
	10.5268 6.05412,
	10.5473 6.02365,
	10.5534 6.0162,
	10.5559 6.01249,
	10.5596 5.98283,
	10.5588 5.96832,
	10.5566 5.9611,
	10.5719 5.93362,
	10.5781 5.92016,
	10.5811 5.91349,
	10.5843 5.9102,
	10.6017 5.90134,
	10.606 5.89975,
	10.6251 5.87368,
	10.6371 5.86077,
	10.643 5.85433,
	10.6471 5.85111,
	10.6804 5.83416,
	10.6967 5.82527,
	10.7048 5.82123,
	10.7216 5.81632,
	10.7539 5.80261,
	10.7621 5.80015,
	10.7962 5.79605,
	10.8304 5.79526,
	10.8391 5.79586,
	10.8481 5.79803,
	10.8527 5.79951,
	10.8559 5.8117,
	10.8575 5.8178,
	10.8548 5.82397,
	10.8461 5.83645,
	10.832 5.86174,
	10.8245 5.87463,
	10.7998 5.90117,
	10.7653 5.91551,
	10.7479 5.92452,
	10.7391 5.92906,
	10.7358 5.93088,
	10.7271 5.95865,
	10.7216 5.97293,
	10.7049 6.00249,
	10.6957 6.01771,
	10.6884 6.04852,
	10.6627 6.11397,
	10.6587 6.12248,
	10.6601 6.15644,
	10.6633 6.1911,
	10.6831 6.22575,
	10.6924 6.24324,
	10.7248 6.26912,
	10.7409 6.28223,
	10.7752 6.29865,
	10.7923 6.30656,
	10.8272 6.31725,
	10.8359 6.31977,
	10.8725 6.31786,
	10.9085 6.3134,
	10.9261 6.31151,
	10.961 6.30489,
	10.9784 6.29784,
	10.9872 6.29439,
	10.9955 6.29326,
	11.0114 6.29452,
	11.0196 6.29349,
	11.0363 6.28695,
	11.0445 6.28373,
	11.0609 6.26928,
	11.0695 6.26163,
	11.0736 6.25897,
	11.0894 6.25507,
	11.0973 6.25316,
	11.104 6.2625,
	11.1074 6.26661,
	11.1077 6.28504,
	11.106 6.29391,
	11.0898 6.32778,
	11.0853 6.33621,
	11.0581 6.36856,
	11.0407 6.38427,
	11.0319 6.39215,
	11.0275 6.3961,
	10.9925 6.414,
	10.9746 6.42302,
	10.9026 6.44725,
	10.829 6.48673,
	10.7927 6.50677,
	10.7571 6.51641,
	10.7527 6.51724,
	10.7185 6.54763,
	10.7014 6.5634,
	10.6923 6.5703,
	10.6566 6.5899,
	10.6215 6.59533,
	10.5854 6.61488,
	10.5763 6.6191,
	10.5583 6.62342,
	10.5403 6.6258,
	"/>
</Transform>

<Transform dim="0"
 xcoef=" 0 1 0 0 0 0"
 ycoef=" 0 0 1 0 0 0">
<Contour name="d23sp35" hidden="false" closed="true" simplified="true" border="1 0 0" fill="1 0 0" mode="11"
 points="11.9664 7.51962,
	11.9684 7.50124,
	11.9776 7.46407,
	11.9822 7.44546,
	11.9808 7.40967,
	11.9774 7.39208,
	11.9689 7.37519,
	11.9641 7.36679,
	11.9624 7.36247,
	11.9613 7.3615,
	11.9822 7.35722,
	12.0031 7.35522,
	12.0131 7.35709,
	12.0183 7.35743,
	12.0303 7.3737,
	12.0367 7.40884,
	12.025 7.44676,
	12.0189 7.46573,
	12.0144 7.47541,
	11.9679 7.51829,
	"/>
</Transform>

<Transform dim="0"
 xcoef=" 0 1 0 0 0 0"
 ycoef=" 0 0 1 0 0 0">
<Contour name="d07sp44" hidden="false" closed="true" simplified="true" border="1 0 0" fill="1 0 0" mode="11"
 points="9.86634 7.5199,
	9.85547 7.51356,
	9.8532 7.51778,
	9.73858 7.45219,
	9.73145 7.44711,
	9.7278 7.44535,
	9.72604 7.44368,
	9.73377 7.44247,
	9.74157 7.44406,
	9.74495 7.44356,
	9.7673 7.44807,
	9.79465 7.44478,
	9.80249 7.44341,
	9.81033 7.4457,
	9.81529 7.44488,
	9.8455 7.4539,
	9.86017 7.46075,
	9.86535 7.46567,
	9.86877 7.51542,
	"/>
</Transform>

<Transform dim="0"
 xcoef=" 0 1 0 0 0 0"
 ycoef=" 0 0 1 0 0 0">
<Contour name="d07sp44" hidden="false" closed="true" simplified="true" border="1 0 0" fill="1 0 0" mode="11"
 points="10.3323 7.23261,
	10.2832 7.23037,
	10.2368 7.20315,
	10.2253 7.19548,
	10.2195 7.1924,
	10.1956 7.18926,
	10.1722 7.18127,
	10.1491 7.16679,
	10.1282 7.14239,
	10.1226 7.13576,
	10.1079 7.10908,
	10.1054 7.08232,
	10.1055 7.08065,
	10.1208 7.02643,
	10.1229 7.01952,
	10.1486 6.992,
	10.1752 6.97786,
	10.1818 6.976,
	10.2325 6.98353,
	10.2452 6.98653,
	10.2993 6.9807,
	10.3576 6.96483,
	10.4206 6.93911,
	10.4365 6.93307,
	10.4661 6.93093,
	10.4963 6.92538,
	10.512 6.91998,
	10.5416 6.91553,
	10.5553 6.91826,
	10.5673 6.92868,
	10.5872 6.95744,
	10.6098 6.97349,
	10.6626 6.98488,
	10.7109 7.01122,
	10.7352 7.02222,
	10.741 7.02635,
	10.7536 7.0293,
	10.7607 7.04432,
	10.7573 7.07234,
	10.7549 7.08612,
	10.7417 7.11284,
	10.7343 7.12608,
	10.7105 7.15231,
	10.6942 7.16388,
	10.6858 7.17059,
	10.6542 7.18616,
	10.6239 7.19556,
	10.6163 7.1976,
	10.5881 7.19563,
	10.5587 7.19929,
	10.544 7.20208,
	10.5299 7.20141,
	10.5007 7.20713,
	10.4707 7.2196,
	10.4425 7.22649,
	10.4161 7.22629,
	10.4098 7.22496,
	10.3833 7.22942,
	"/>
</Transform>

<Transform dim="0"
 xcoef=" 0 1 0 0 0 0"
 ycoef=" 0 0 1 0 0 0">
<Contour name="d17sp29" hidden="false" closed="true" simplified="true" border="1 0 0" fill="1 0 0" mode="11"
 points="4.66489 6.43855,
	4.64566 6.43684,
	4.636 6.43599,
	4.61687 6.42605,
	4.59765 6.41206,
	4.58798 6.40423,
	4.56858 6.38576,
	4.55289 6.36695,
	4.53861 6.34829,
	4.5351 6.34362,
	4.52425 6.32511,
	4.5162 6.30667,
	4.512 6.29741,
	4.50092 6.26028,
	4.49705 6.2415,
	4.49465 6.23199,
	4.49293 6.213,
	4.49245 6.20342,
	4.49194 6.1986,
	4.49326 6.18909,
	4.49393 6.18431,
	4.49426 6.18191,
	4.49435 6.18131,
	4.49443 6.18072,
	4.49841 6.16153,
	4.50938 6.14271,
	4.51551 6.13326,
	4.53461 6.12963,
	4.53701 6.12916,
	4.53825 6.12861,
	4.55554 6.13693,
	4.58841 6.16755,
	4.60539 6.1819,
	4.63985 6.21435,
	4.65702 6.2309,
	4.67077 6.24924,
	4.67244 6.25154,
	4.68179 6.25721,
	4.70067 6.26571,
	4.71946 6.27671,
	4.72884 6.28257,
	4.73119 6.28375,
	4.73865 6.29323,
	4.74269 6.29798,
	4.7444 6.30038,
	4.74237 6.30986,
	4.74166 6.3146,
	4.73728 6.32404,
	4.73604 6.32639,
	4.73332 6.34532,
	4.73175 6.36429,
	4.72591 6.38316,
	4.71872 6.40199,
	4.71615 6.40668,
	4.70798 6.41597,
	4.70418 6.42062,
	4.70168 6.42292,
	4.68196 6.43368,
	4.67702 6.43651,
	4.67452 6.43821,
	"/>
</Transform>

<Transform dim="0"
 xcoef=" 0 1 0 0 0 0"
 ycoef=" 0 0 1 0 0 0">
<Contour name="d17sph27" hidden="false" closed="true" simplified="true" border="1 0 0" fill="1 0 0" mode="11"
 points="5.06399 7.62008,
	5.0524 7.61571,
	5.04657 7.61331,
	5.04513 7.61248,
	5.03417 7.60139,
	5.02445 7.58809,
	5.01973 7.58126,
	4.9964 7.55737,
	4.99087 7.55061,
	4.98564 7.53676,
	4.98473 7.53329,
	4.98621 7.51916,
	4.98637 7.51563,
	4.98637 7.51519,
	4.98978 7.50098,
	4.99434 7.48662,
	4.99678 7.47939,
	5.00622 7.46453,
	5.01105 7.45702,
	5.02347 7.44159,
	5.02981 7.43423,
	5.04244 7.42117,
	5.05514 7.41297,
	5.06787 7.40834,
	5.08054 7.40461,
	5.10566 7.40045,
	5.10878 7.39967,
	5.12143 7.39167,
	5.12463 7.38914,
	5.13112 7.38274,
	5.13443 7.37932,
	5.14747 7.37115,
	5.17394 7.35749,
	5.18067 7.35405,
	5.20877 7.33626,
	5.22315 7.32805,
	5.22682 7.32578,
	5.24097 7.32082,
	5.24281 7.31994,
	5.25603 7.32078,
	5.26789 7.32822,
	5.27075 7.33042,
	5.2832 7.33489,
	5.28477 7.33535,
	5.29885 7.3334,
	5.30677 7.32921,
	5.31075 7.32713,
	5.31825 7.32515,
	5.32559 7.32405,
	5.32934 7.3233,
	5.34322 7.32506,
	5.34669 7.32562,
	5.34849 7.32568,
	5.36113 7.33307,
	5.36896 7.34717,
	5.37152 7.36109,
	5.37269 7.36803,
	5.3733 7.37151,
	5.37224 7.38531,
	5.3706 7.3991,
	5.36646 7.41286,
	5.3576 7.42653,
	5.35532 7.42997,
	5.33987 7.44099,
	5.33602 7.44313,
	5.30653 7.45421,
	5.27785 7.46967,
	5.26395 7.47869,
	5.25717 7.48281,
	5.22933 7.50286,
	5.22246 7.50855,
	5.17325 7.53454,
	5.16154 7.54136,
	5.13859 7.55289,
	5.13291 7.55522,
	5.13003 7.55686,
	5.12738 7.5594,
	5.11651 7.5752,
	5.11189 7.58305,
	5.10033 7.59893,
	5.08757 7.60969,
	5.08126 7.61341,
	5.06874 7.6184,
	5.06557 7.61953,
	"/>
</Transform>

<Transform dim="0"
 xcoef=" 0 1 0 0 0 0"
 ycoef=" 0 0 1 0 0 0">
<Contour name="d04sp35" hidden="false" closed="true" simplified="true" border="1 0 0" fill="1 0 0" mode="11"
 points="9.60004 8.76779,
	9.56623 8.76642,
	9.55784 8.76588,
	9.5262 8.7541,
	9.49674 8.73079,
	9.47059 8.69902,
	9.44923 8.66684,
	9.44429 8.65122,
	9.44234 8.6435,
	9.44084 8.63962,
	9.44239 8.62464,
	9.44199 8.62088,
	9.44232 8.61903,
	9.44248 8.6181,
	9.4596 8.60434,
	9.46885 8.60339,
	9.47046 8.60212,
	9.54456 8.5951,
	9.58153 8.59107,
	9.61728 8.58968,
	9.68431 8.59543,
	9.71621 8.60018,
	9.82101 8.63174,
	9.82101 8.63233,
	9.82099 8.63459,
	9.82098 8.63685,
	9.82097 8.63787,
	9.82147 8.63802,
	9.83593 8.64264,
	9.84304 8.64541,
	9.8725 8.64843,
	9.93178 8.63977,
	9.94616 8.63751,
	9.95322 8.63683,
	9.98182 8.62895,
	10.0377 8.60808,
	10.0902 8.5958,
	10.1029 8.59237,
	10.1091 8.5907,
	10.1329 8.58944,
	10.1389 8.58874,
	10.1615 8.59281,
	10.1724 8.59733,
	10.1779 8.59999,
	10.1893 8.60097,
	10.2012 8.59931,
	10.2071 8.59927,
	10.2099 8.60008,
	10.2113 8.60049,
	10.2119 8.61458,
	10.1956 8.63757,
	10.1893 8.64948,
	10.1853 8.66199,
	10.1834 8.66824,
	10.1765 8.67996,
	10.1675 8.69116,
	10.1568 8.70209,
	10.1312 8.71575,
	10.1054 8.72476,
	10.0921 8.73075,
	10.0791 8.73242,
	10.0536 8.7296,
	10.0406 8.72864,
	10.0273 8.72951,
	10.0206 8.72996,
	10.019 8.72962,
	10.004 8.74154,
	9.99723 8.74775,
	9.99344 8.75078,
	9.97925 8.75461,
	9.95207 8.75026,
	9.93816 8.74855,
	9.93083 8.75005,
	9.92729 8.75049,
	9.91204 8.75874,
	9.85294 8.7655,
	9.84525 8.76651,
	9.78385 8.76176,
	9.75224 8.75854,
	9.68589 8.76071,
	9.6176 8.76521,
	"/>
</Transform>

<Transform dim="0"
 xcoef=" 0 1 0 0 0 0"
 ycoef=" 0 0 1 0 0 0">
<Contour name="d04sp35" hidden="false" closed="true" simplified="true" border="1 0 0" fill="1 0 0" mode="11"
 points="10.0193 8.46795,
	10.0126 8.46764,
	10.0093 8.46708,
	9.99748 8.45816,
	9.98917 8.44393,
	9.98683 8.42973,
	9.98715 8.41678,
	9.98724 8.41592,
	9.99112 8.40282,
	9.99232 8.39961,
	9.99934 8.39905,
	10.001 8.39933,
	10.0132 8.4151,
	10.0195 8.42136,
	10.0226 8.42365,
	10.0287 8.43081,
	10.0321 8.43842,
	10.0332 8.44547,
	10.0341 8.44908,
	10.0298 8.46205,
	10.0229 8.46686,
	"/>
</Transform>

<Transform dim="0"
 xcoef=" 0 1 0 0 0 0"
 ycoef=" 0 0 1 0 0 0">
<Contour name="d04sp35" hidden="false" closed="true" simplified="true" border="1 0 0" fill="1 0 0" mode="11"
 points="9.56341 8.58654,
	9.41826 8.58325,
	9.38339 8.58015,
	9.35017 8.57183,
	9.33422 8.56554,
	9.32646 8.56156,
	9.32245 8.56046,
	9.29343 8.53687,
	9.27537 8.50808,
	9.26884 8.48024,
	9.27173 8.45334,
	9.27223 8.44672,
	9.27242 8.4459,
	9.29686 8.39493,
	9.30288 8.38243,
	9.32601 8.35861,
	9.34002 8.34718,
	9.3564 8.33611,
	9.36409 8.33063,
	9.40336 8.31152,
	9.41276 8.30863,
	9.41327 8.30838,
	9.4339 8.30217,
	9.47753 8.28916,
	9.51503 8.26843,
	9.53341 8.25797,
	9.54247 8.25309,
	9.55344 8.24172,
	9.56226 8.2303,
	9.56716 8.2246,
	9.601 8.20237,
	9.60999 8.19685,
	9.67855 8.17817,
	9.69599 8.17253,
	9.76795 8.14234,
	9.78608 8.13498,
	9.79492 8.1324,
	9.82926 8.1273,
	9.8633 8.12433,
	9.88033 8.12281,
	9.91557 8.11479,
	9.94956 8.10936,
	9.95793 8.10787,
	9.98929 8.10882,
	10.0046 8.10962,
	10.0122 8.10962,
	10.0409 8.1159,
	10.0551 8.11819,
	10.1086 8.13528,
	10.1343 8.14545,
	10.147 8.15015,
	10.1532 8.15333,
	10.179 8.15863,
	10.2041 8.16566,
	10.2163 8.16962,
	10.2413 8.17339,
	10.2654 8.17891,
	10.2711 8.18136,
	10.274 8.18259,
	10.2806 8.19748,
	10.2788 8.21133,
	10.2778 8.21826,
	10.2683 8.23111,
	10.2635 8.23752,
	10.2347 8.25181,
	10.207 8.26056,
	10.1925 8.2668,
	10.1851 8.26984,
	10.1583 8.27197,
	10.1045 8.26978,
	10.0773 8.26649,
	10.0484 8.26748,
	10.0412 8.26768,
	10.009 8.2808,
	9.95981 8.32406,
	9.95363 8.32951,
	9.89458 8.32549,
	9.86462 8.32025,
	9.8339 8.31756,
	9.82592 8.31713,
	9.80219 8.31971,
	9.78606 8.3212,
	9.75323 8.32747,
	9.74496 8.32911,
	9.71095 8.34358,
	9.70239 8.34693,
	9.67307 8.37062,
	9.64036 8.42152,
	9.63095 8.4342,
	9.62621 8.44059,
	9.61364 8.46683,
	9.60525 8.49385,
	9.59889 8.52154,
	9.59452 8.5355,
	9.59337 8.56424,
	9.58884 8.57854,
	9.58464 8.58194,
	9.57506 8.5841,
	9.57342 8.58405,
	9.57286 8.58449,
	"/>
</Transform>

<Transform dim="0"
 xcoef=" 0 1 0 0 0 0"
 ycoef=" 0 0 1 0 0 0">
<Contour name="d23sph36" hidden="false" closed="true" simplified="true" border="1 0 0" fill="1 0 0" mode="11"
 points="11.4444 7.12328,
	11.4147 7.11984,
	11.4077 7.1174,
	11.407 7.11615,
	11.4051 7.11597,
	11.3984 7.1118,
	11.3949 7.11028,
	11.3934 7.10896,
	11.3924 7.10887,
	11.3922 7.10767,
	11.3905 7.10691,
	11.3898 7.10565,
	11.3865 7.10357,
	11.3855 7.10349,
	11.3793 7.09697,
	11.3792 7.09575,
	11.3783 7.09567,
	11.3779 7.09325,
	11.3835 7.07439,
	11.3866 7.06498,
	11.3907 7.05567,
	11.4014 7.03731,
	11.4069 7.02816,
	11.4092 7.02355,
	11.4099 7.0212,
	11.4132 7.01668,
	11.4288 6.99898,
	11.437 6.99023,
	11.4463 6.98223,
	11.4487 6.9801,
	11.4661 6.97009,
	11.4683 6.96855,
	11.4756 6.96823,
	11.4791 6.96808,
	11.481 6.9677,
	11.4927 6.97642,
	11.5036 6.9875,
	11.5152 6.99621,
	11.5181 6.99837,
	11.5207 7.0017,
	11.5219 7.00366,
	11.5238 7.02313,
	11.5248 7.02804,
	11.5251 7.03047,
	11.5137 7.0673,
	11.5122 7.07187,
	11.5106 7.09056,
	11.5097 7.09984,
	11.5095 7.10099,
	11.5085 7.10324,
	11.5046 7.10637,
	11.5025 7.10791,
	11.5015 7.10781,
	11.4945 7.1124,
	11.4864 7.11511,
	11.4844 7.1155,
	11.4837 7.11662,
	11.4757 7.11874,
	11.4719 7.11895,
	11.4697 7.12049,
	11.4678 7.1203,
	11.4598 7.12244,
	"/>
</Transform>

<Transform dim="0"
 xcoef=" 0 1 0 0 0 0"
 ycoef=" 0 0 1 0 0 0">
<Contour name="d23sp36" hidden="false" closed="true" simplified="true" border="1 0 0" fill="1 0 0" mode="11"
 points="11.2749 7.2897,
	11.2742 7.2886,
	11.2744 7.2875,
	11.3126 7.21658,
	11.3333 7.18147,
	11.356 7.14708,
	11.3674 7.13016,
	11.3875 7.0613,
	11.4069 7.02782,
	11.4111 7.01941,
	11.4246 7.00316,
	11.4403 6.98726,
	11.4482 6.98046,
	11.464 6.97133,
	11.4681 6.96851,
	11.4813 6.96795,
	11.4919 6.97589,
	11.5019 6.98599,
	11.5124 6.99394,
	11.5177 6.99789,
	11.5218 7.00389,
	11.5238 7.02168,
	11.525 7.03055,
	11.5149 7.0642,
	11.5122 7.07254,
	11.5095 7.10655,
	11.5129 7.11539,
	11.5181 7.12437,
	11.5218 7.13316,
	11.5256 7.15039,
	11.529 7.18448,
	11.546 7.25282,
	11.5441 7.25373,
	11.5194 7.23783,
	11.5134 7.23308,
	11.5001 7.22882,
	11.4727 7.22454,
	11.4659 7.22296,
	11.407 7.232,
	11.3919 7.23559,
	11.3284 7.26238,
	11.2957 7.27874,
	11.279 7.28752,
	"/>
</Transform>

<Transform dim="0"
 xcoef=" 0 1 0 0 0 0"
 ycoef=" 0 0 1 0 0 0">
<Contour name="d07sp47" hidden="false" closed="true" simplified="true" border="1 0 0" fill="1 0 0" mode="11"
 points="10.3858 8.79464,
	10.3642 8.79415,
	10.3535 8.79439,
	10.3321 8.78995,
	10.3216 8.78762,
	10.2799 8.76561,
	10.2597 8.75164,
	10.2401 8.73475,
	10.2353 8.73137,
	10.2214 8.70858,
	10.2117 8.68604,
	10.2088 8.67501,
	10.208 8.66962,
	10.2081 8.66833,
	10.2142 8.64894,
	10.2229 8.62995,
	10.2274 8.62036,
	10.2366 8.61182,
	10.2467 8.60733,
	10.2516 8.60701,
	10.2539 8.60749,
	10.2611 8.59809,
	10.2644 8.57694,
	10.2668 8.5664,
	10.2687 8.56122,
	10.269 8.55851,
	10.2786 8.54913,
	10.3195 8.53829,
	10.3407 8.53219,
	10.3628 8.52302,
	10.3849 8.51633,
	10.3959 8.5143,
	10.4057 8.51914,
	10.4438 8.55329,
	10.4487 8.55768,
	10.4788 8.64558,
	10.4845 8.66675,
	10.491 8.67725,
	10.4935 8.68245,
	10.5033 8.69281,
	10.5263 8.70429,
	10.538 8.71175,
	10.5396 8.72161,
	10.5357 8.74114,
	10.5294 8.76043,
	10.5285 8.76995,
	10.5219 8.77949,
	10.5179 8.78423,
	10.4952 8.79018,
	10.4723 8.79001,
	"/>
</Transform>

<Transform dim="0"
 xcoef=" 0 1 0 0 0 0"
 ycoef=" 0 0 1 0 0 0">
<Contour name="d23c34" hidden="false" closed="true" simplified="true" border="0 0 1" fill="0 0 1" mode="11"
 points="10.849 6.34326,
	10.7786 6.32469,
	10.7425 6.31813,
	10.7334 6.31711,
	10.6996 6.29651,
	10.6673 6.26836,
	10.6553 6.25202,
	10.6365 6.21713,
	10.6239 6.18238,
	10.618 6.16517,
	10.6187 6.15656,
	10.6193 6.15333,
	10.6195 6.15225,
	10.6285 6.11822,
	10.6522 6.08462,
	10.6704 6.09103,
	10.6796 6.09371,
	10.6842 6.09555,
	10.6863 6.16295,
	10.6873 6.18034,
	10.6937 6.21538,
	10.7251 6.23992,
	10.7568 6.26833,
	10.7648 6.27497,
	10.8001 6.28486,
	10.8355 6.29212,
	10.8706 6.29687,
	10.888 6.29904,
	10.892 6.30048,
	10.8889 6.31889,
	10.8874 6.32808,
	10.8871 6.33039,
	"/>
</Transform>

<Transform dim="0"
 xcoef=" 0 1 0 0 0 0"
 ycoef=" 0 0 1 0 0 0">
<Contour name="d07p45" hidden="false" closed="true" simplified="true" border="0 0 1" fill="0 0 1" mode="11"
 points="9.13355 8.45058,
	9.1148 8.40669,
	9.17092 8.40787,
	"/>
</Transform>

<Transform dim="0"
 xcoef=" 0 1 0 0 0 0"
 ycoef=" 0 0 1 0 0 0">
<Contour name="d24p42" hidden="false" closed="true" simplified="true" border="1 0 0" fill="1 0 0" mode="11"
 points="8.29016 7.20122,
	8.28072 7.1837,
	8.29979 7.18234,
	"/>
</Transform>

<Transform dim="0"
 xcoef=" 0 1 0 0 0 0"
 ycoef=" 0 0 1 0 0 0">
<Contour name="d19c35" hidden="false" closed="true" simplified="true" border="0 0 1" fill="0 0 1" mode="11"
 points="6.33072 8.8744,
	6.31009 8.87122,
	6.30257 8.86086,
	6.30299 8.85834,
	6.30321 8.85708,
	6.30754 8.84708,
	6.31453 8.83713,
	6.33755 8.81858,
	6.35547 8.79852,
	6.37048 8.77961,
	6.37641 8.77581,
	6.38193 8.77454,
	6.38706 8.7758,
	6.38972 8.7758,
	6.39893 8.78472,
	6.40361 8.78858,
	6.40724 8.79887,
	6.39715 8.81941,
	6.38173 8.83982,
	6.3597 8.8599,
	6.34762 8.86853,
	6.34148 8.87346,
	"/>
</Transform>

<Transform dim="0"
 xcoef=" 0 1 0 0 0 0"
 ycoef=" 0 0 1 0 0 0">
<Contour name="d24c42" hidden="false" closed="true" simplified="true" border="0 0 1" fill="0 0 1" mode="11"
 points="8.35425 7.28721,
	8.3402 7.2641,
	8.2947 7.16237,
	8.27066 7.11071,
	8.26747 7.10591,
	8.26744 7.10424,
	8.29199 7.07596,
	8.29504 7.07243,
	8.33695 7.1227,
	8.35789 7.14766,
	8.36754 7.16013,
	8.39915 7.26206,
	8.4007 7.26513,
	8.39587 7.27045,
	8.37029 7.28094,
	8.35747 7.28531,
	"/>
</Transform>

<Transform dim="0"
 xcoef=" 0 1 0 0 0 0"
 ycoef=" 0 0 1 0 0 0">
<Contour name="d07sp46" hidden="false" closed="true" simplified="true" border="1 0 0" fill="1 0 0" mode="11"
 points="9.4423 7.48889,
	9.44054 7.48739,
	9.47364 7.46396,
	9.48768 7.45226,
	9.49656 7.44648,
	9.52832 7.43844,
	9.58792 7.43418,
	9.59081 7.43492,
	9.59667 7.43454,
	9.62574 7.44208,
	9.63283 7.44578,
	9.5068 7.47332,
	9.47186 7.48123,
	9.45387 7.48675,
	9.44726 7.48808,
	9.447 7.48786,
	"/>
</Transform>

<Transform dim="0"
 xcoef=" 0 1 0 0 0 0"
 ycoef=" 0 0 1 0 0 0">
<Contour name="d07sp46" hidden="false" closed="true" simplified="true" border="1 0 0" fill="1 0 0" mode="11"
 points="8.75579 7.27886,
	8.74431 7.27852,
	8.72212 7.27419,
	8.7109 7.27273,
	8.6878 7.27371,
	8.67617 7.2749,
	8.63202 7.27106,
	8.60998 7.27119,
	8.60478 7.26994,
	8.59527 7.26356,
	8.55944 7.23001,
	8.55495 7.22611,
	8.55165 7.21576,
	8.55234 7.2119,
	8.55258 7.21062,
	8.55867 7.20559,
	8.58187 7.19328,
	8.60591 7.17751,
	8.63073 7.15835,
	8.65301 7.13938,
	8.66565 7.12031,
	8.67127 7.11079,
	8.6768 7.09161,
	8.67953 7.08202,
	8.68016 7.0772,
	8.68574 7.06772,
	8.68781 7.06295,
	8.71068 7.04564,
	8.73672 7.0309,
	8.74985 7.02418,
	8.80136 7.01075,
	8.82699 7.0072,
	8.87725 7.00757,
	8.889 7.01186,
	8.89498 7.01342,
	8.91514 7.0302,
	8.93278 7.05039,
	8.97454 7.08664,
	9.01316 7.12588,
	9.01801 7.13119,
	9.0266 7.15161,
	9.03299 7.16219,
	9.03629 7.17253,
	9.03653 7.1826,
	9.0308 7.192,
	9.00235 7.20648,
	8.97774 7.22426,
	8.96481 7.23319,
	8.9512 7.23954,
	8.92325 7.25622,
	8.89822 7.26301,
	8.85002 7.27084,
	8.82583 7.27568,
	8.80217 7.2782,
	"/>
</Transform>

<Transform dim="0"
 xcoef=" 0 1 0 0 0 0"
 ycoef=" 0 0 1 0 0 0">
<Contour name="d19p40" hidden="false" closed="true" simplified="true" border="1 0 0" fill="1 0 0" mode="11"
 points="6.99358 10.2044,
	6.97659 10.1723,
	7.01303 10.1727,
	"/>
</Transform>

<Transform dim="0"
 xcoef=" 0 1 0 0 0 0"
 ycoef=" 0 0 1 0 0 0">
<Contour name="d04c34" hidden="false" closed="true" simplified="true" border="0 0 1" fill="0 0 1" mode="11"
 points="8.82097 10.5348,
	8.80682 10.5289,
	8.80384 10.5264,
	8.80108 10.5106,
	8.79944 10.5027,
	8.79838 10.4869,
	8.79806 10.479,
	8.79743 10.4751,
	8.79718 10.4592,
	8.79884 10.4255,
	8.79895 10.424,
	8.79898 10.4234,
	8.8015 10.4068,
	8.80165 10.4047,
	8.81197 10.3885,
	8.82365 10.3724,
	8.83884 10.3576,
	8.84263 10.3542,
	8.8574 10.3467,
	8.87178 10.3459,
	8.87914 10.3448,
	8.88099 10.3447,
	8.88823 10.3477,
	8.89433 10.355,
	8.89721 10.3626,
	8.89593 10.3783,
	8.89509 10.3863,
	8.88914 10.4024,
	8.88036 10.4187,
	8.86608 10.4515,
	8.85956 10.4678,
	8.85392 10.4841,
	8.84957 10.5003,
	8.84761 10.5084,
	8.84468 10.5165,
	8.84344 10.5206,
	8.84281 10.5226,
	8.83611 10.5307,
	"/>
</Transform>

<Transform dim="0"
 xcoef=" 0 1 0 0 0 0"
 ycoef=" 0 0 1 0 0 0">
<Contour name="d04c35" hidden="false" closed="true" simplified="true" border="0 0 1" fill="0 0 1" mode="11"
 points="9.81584 8.34367,
	9.79251 8.34304,
	9.7691 8.3409,
	9.7573 8.33995,
	9.74567 8.33619,
	9.73984 8.33405,
	9.73689 8.33328,
	9.72552 8.32457,
	9.72436 8.31998,
	9.72453 8.31773,
	9.72458 8.31717,
	9.72463 8.31662,
	9.72683 8.30782,
	9.73432 8.29942,
	9.73846 8.29528,
	9.74973 8.28727,
	9.75607 8.28389,
	9.80455 8.27831,
	9.81031 8.27879,
	9.82033 8.27772,
	9.83682 8.27921,
	9.83674 8.2804,
	9.8367 8.28092,
	9.85136 8.28205,
	9.87394 8.28773,
	9.88489 8.2923,
	9.89034 8.29461,
	9.89562 8.29805,
	9.90003 8.30255,
	9.90157 8.3073,
	9.90119 8.31644,
	9.90066 8.32102,
	9.89684 8.32988,
	9.88545 8.33723,
	9.87377 8.34046,
	9.86215 8.34256,
	"/>
</Transform>

<Transform dim="0"
 xcoef=" 0 1 0 0 0 0"
 ycoef=" 0 0 1 0 0 0">
<Contour name="d04sp33" hidden="false" closed="true" simplified="true" border="1 0 0" fill="1 0 0" mode="11"
 points="9.62878 9.36098,
	9.61594 9.35924,
	9.60892 9.35546,
	9.60528 9.35298,
	9.588 9.33319,
	9.57964 9.32319,
	9.56679 9.30332,
	9.55575 9.28364,
	9.55098 9.27412,
	9.54784 9.26934,
	9.53077 9.25006,
	9.527 9.24519,
	9.50685 9.22548,
	9.49671 9.2155,
	9.44745 9.17552,
	9.42403 9.15662,
	9.41264 9.14669,
	9.40984 9.14402,
	9.39764 9.12278,
	9.39173 9.11205,
	9.38987 9.1067,
	9.39029 9.08551,
	9.39061 9.0802,
	9.39069 9.07887,
	9.39074 9.07819,
	9.40196 9.05723,
	9.42572 9.04326,
	9.42873 9.04132,
	9.43676 9.03969,
	9.439 9.03826,
	9.46291 9.03331,
	9.47495 9.03085,
	9.52216 9.03988,
	9.5281 9.04134,
	9.5747 9.07532,
	9.5986 9.09272,
	9.6047 9.09543,
	9.65406 9.10945,
	9.704 9.11315,
	9.72926 9.11598,
	9.75431 9.11762,
	9.76674 9.11946,
	9.77911 9.12261,
	9.78525 9.12388,
	9.79747 9.1296,
	9.80958 9.13723,
	9.81558 9.14105,
	9.81928 9.1442,
	9.81928 9.14435,
	9.81925 9.14653,
	9.81922 9.1487,
	9.8192 9.15088,
	9.81917 9.15305,
	9.81915 9.15523,
	9.81915 9.15575,
	9.82706 9.16239,
	9.84053 9.18368,
	9.85177 9.20447,
	9.86021 9.22469,
	9.86181 9.22965,
	9.85944 9.24859,
	9.85182 9.267,
	9.84774 9.27619,
	9.83756 9.29452,
	9.83418 9.30385,
	9.82806 9.31305,
	9.82366 9.31759,
	9.82133 9.31866,
	9.82134 9.31905,
	9.82144 9.32119,
	9.82149 9.3221,
	9.81376 9.3246,
	9.80487 9.3252,
	9.80255 9.32599,
	9.75851 9.32958,
	9.75288 9.32988,
	9.7524 9.32985,
	9.73809 9.33366,
	9.73345 9.33438,
	9.72884 9.33568,
	9.70942 9.34195,
	9.69798 9.34623,
	9.69237 9.34892,
	9.6829 9.35136,
	9.68241 9.35161,
	9.6591 9.35765,
	9.63494 9.36068,
	"/>
</Transform>

<Transform dim="0"
 xcoef=" 0 1 0 0 0 0"
 ycoef=" 0 0 1 0 0 0">
<Contour name="d04sp33" hidden="false" closed="true" simplified="true" border="1 0 0" fill="1 0 0" mode="11"
 points="9.06179 8.95584,
	9.0392 8.93714,
	9.03365 8.93213,
	9.02286 8.92003,
	9.01203 8.90937,
	9.00658 8.90441,
	8.98441 8.89036,
	8.96222 8.87933,
	8.95951 8.87762,
	8.93706 8.87242,
	8.92598 8.8699,
	8.90379 8.86776,
	8.88187 8.86717,
	8.83871 8.87124,
	8.83338 8.87221,
	8.83281 8.8715,
	8.85527 8.85758,
	8.86098 8.85394,
	8.86939 8.84436,
	8.874 8.83926,
	8.87565 8.83665,
	8.8992 8.82258,
	8.91063 8.81995,
	8.93348 8.81754,
	8.95652 8.81661,
	8.9624 8.81569,
	8.96527 8.81593,
	8.98939 8.80876,
	8.99552 8.80642,
	9.02084 8.78755,
	9.04538 8.76605,
	9.05166 8.76062,
	9.0548 8.75792,
	9.07908 8.74866,
	9.08518 8.74614,
	9.10841 8.75549,
	9.11129 8.75723,
	9.106 8.78078,
	9.09623 8.79189,
	9.09132 8.79742,
	9.07862 8.80667,
	9.06722 8.81743,
	9.0602 8.82854,
	9.05536 8.83979,
	9.05113 8.88595,
	9.05153 8.90915,
	9.0573 8.93293,
	9.06062 8.94488,
	9.06154 8.95077,
	9.06202 8.9537,
	9.06262 8.95521,
	"/>
</Transform>

<Transform dim="0"
 xcoef=" 0 1 0 0 0 0"
 ycoef=" 0 0 1 0 0 0">
<Contour name="d30sp17" hidden="false" closed="true" simplified="true" border="1 0 0" fill="1 0 0" mode="11"
 points="15.8861 9.56421,
	15.8846 9.56409,
	15.8847 9.5632,
	15.8825 9.55946,
	15.8819 9.55584,
	15.8797 9.55209,
	15.8778 9.54477,
	15.8768 9.54289,
	15.8769 9.54201,
	15.876 9.54149,
	15.8759 9.53789,
	15.8731 9.53048,
	15.8731 9.52687,
	15.8723 9.52592,
	15.8718 9.52228,
	15.8707 9.52039,
	15.8697 9.51939,
	15.8687 9.5121,
	15.8606 9.48249,
	15.8492 9.45316,
	15.8437 9.43865,
	15.84 9.4313,
	15.839 9.42769,
	15.8375 9.4258,
	15.835 9.41855,
	15.8338 9.41711,
	15.8344 9.41675,
	15.8488 9.42651,
	15.8521 9.42946,
	15.854 9.43051,
	15.8799 9.45782,
	15.8824 9.46153,
	15.884 9.46514,
	15.8897 9.49412,
	15.8969 9.52351,
	15.899 9.53086,
	15.8945 9.54482,
	15.8892 9.55867,
	15.8872 9.56208,
	15.8862 9.56379,
	"/>
</Transform>

<Transform dim="0"
 xcoef=" 0 1 0 0 0 0"
 ycoef=" 0 0 1 0 0 0">
<Contour name="d04p33" hidden="false" closed="true" simplified="true" border="1 0 0" fill="1 0 0" mode="11"
 points="8.95247 8.97641,
	8.9405 8.94851,
	8.96923 8.9522,
	"/>
</Transform>

<Transform dim="0"
 xcoef=" 0 1 0 0 0 0"
 ycoef=" 0 0 1 0 0 0">
<Contour name="d30p16" hidden="false" closed="true" simplified="true" border="0 0 1" fill="0 0 1" mode="11"
 points="14.9484 9.05774,
	14.9366 9.02445,
	14.9753 9.02682,
	"/>
</Transform>

<Transform dim="0"
 xcoef=" 0 1 0 0 0 0"
 ycoef=" 0 0 1 0 0 0">
<Contour name="d07rh47" hidden="false" closed="true" simplified="true" border="1 0 1" fill="1 0 1" mode="11"
 points="10.35 8.69636,
	10.3455 8.69593,
	10.3412 8.69103,
	10.3413 8.68656,
	10.3459 8.68251,
	10.3503 8.68293,
	10.3547 8.68785,
	10.3546 8.69232,
	"/>
</Transform>

<Transform dim="0"
 xcoef=" 0 1 0 0 0 0"
 ycoef=" 0 0 1 0 0 0">
<Contour name="d07c44" hidden="false" closed="true" simplified="true" border="0 0 1" fill="0 0 1" mode="11"
 points="10.2362 7.06386,
	10.229 7.06355,
	10.2255 7.06313,
	10.219 7.05679,
	10.2174 7.05533,
	10.2166 7.05436,
	10.2198 7.03823,
	10.2192 7.00567,
	10.2184 6.98923,
	10.2186 6.98767,
	10.2187 6.98715,
	10.2211 6.97878,
	10.2223 6.97666,
	10.237 6.97912,
	10.2445 6.97977,
	10.2753 6.97772,
	10.2911 6.97587,
	10.324 6.96721,
	10.3408 6.96309,
	10.376 6.95039,
	10.4123 6.93602,
	10.4306 6.92905,
	10.4397 6.92615,
	10.4567 6.92491,
	10.4604 6.92713,
	10.4604 6.94445,
	10.461 6.95303,
	10.4643 6.96124,
	10.4659 6.96534,
	10.4658 6.9675,
	10.4593 6.9856,
	10.4194 7.01676,
	10.4095 7.02445,
	10.4071 7.02636,
	10.3894 7.03343,
	10.3722 7.03924,
	10.3556 7.04378,
	10.3396 7.04601,
	10.3086 7.04836,
	10.2781 7.05152,
	10.2706 7.05245,
	10.2629 7.05433,
	10.2476 7.06001,
	10.24 7.06275,
	"/>
</Transform>

<Transform dim="0"
 xcoef=" 0 1 0 0 0 0"
 ycoef=" 0 0 1 0 0 0">
<Contour name="d07cfa44" hidden="false" closed="true" simplified="true" border="0 1 0" fill="0 1 0" mode="11"
 points="10.2374 7.06134,
	10.2303 7.06054,
	10.2268 7.05962,
	10.225 7.05916,
	10.2219 7.05124,
	10.2208 7.04927,
	10.2206 7.04727,
	10.2224 7.03917,
	10.2231 7.03713,
	10.2212 7.00459,
	10.2208 6.99637,
	10.2213 6.98808,
	10.2219 6.98393,
	10.222 6.98288,
	10.2221 6.98236,
	10.2231 6.98181,
	10.2377 6.9848,
	10.245 6.98599,
	10.2759 6.98293,
	10.2916 6.98111,
	10.2996 6.97984,
	10.3327 6.97103,
	10.3496 6.96683,
	10.3671 6.96079,
	10.4033 6.94599,
	10.4216 6.93848,
	10.4398 6.9321,
	10.4567 6.93141,
	10.4578 6.93344,
	10.4586 6.93441,
	10.457 6.94328,
	10.4565 6.95201,
	10.456 6.95425,
	10.4576 6.95835,
	10.4603 6.96231,
	10.4619 6.97073,
	10.4624 6.97281,
	10.4576 6.98208,
	10.4565 6.98436,
	10.4465 6.99381,
	10.4411 6.99881,
	10.4216 7.01167,
	10.4019 7.02706,
	10.3842 7.03409,
	10.3799 7.03568,
	10.3634 7.03873,
	10.3595 7.03866,
	10.3431 7.04255,
	10.3351 7.0444,
	10.3043 7.04563,
	10.289 7.04727,
	10.2737 7.04974,
	10.2662 7.05066,
	10.2508 7.05588,
	10.2431 7.05916,
	10.2393 7.06078,
	"/>
</Transform>

<Transform dim="0"
 xcoef=" 0 1 0 0 0 0"
 ycoef=" 0 0 1 0 0 0">
<Contour name="d04c33" hidden="false" closed="true" simplified="true" border="0 0 1" fill="0 0 1" mode="11"
 points="9.71557 9.37917,
	9.70327 9.37881,
	9.70013 9.37832,
	9.68723 9.37408,
	9.68397 9.37295,
	9.67035 9.36556,
	9.6652 9.36024,
	9.66076 9.35501,
	9.65589 9.34469,
	9.65571 9.34338,
	9.65561 9.34271,
	9.65557 9.34238,
	9.65529 9.33193,
	9.6549 9.3293,
	9.65991 9.31908,
	9.66282 9.31397,
	9.66819 9.30898,
	9.67072 9.30679,
	9.69543 9.29802,
	9.70772 9.29435,
	9.72 9.29137,
	9.72235 9.29112,
	9.73056 9.28924,
	9.75555 9.2869,
	9.75863 9.28647,
	9.77118 9.28796,
	9.77742 9.28905,
	9.78051 9.28959,
	9.79331 9.29729,
	9.80021 9.30811,
	9.80067 9.31846,
	9.80106 9.32367,
	9.79733 9.34424,
	9.79677 9.34679,
	9.79428 9.35163,
	9.79339 9.35407,
	9.79277 9.35528,
	9.78168 9.36306,
	9.77025 9.36802,
	9.76735 9.3691,
	9.75858 9.37095,
	9.75686 9.37163,
	9.74525 9.37428,
	9.73943 9.37591,
	"/>
</Transform>

<Transform dim="0"
 xcoef=" 0 1 0 0 0 0"
 ycoef=" 0 0 1 0 0 0">
<Contour name="d23cfa34" hidden="false" closed="false" simplified="true" border="0 1 0" fill="0 1 0" mode="11"
 points="10.8861 6.31764,
	10.837 6.32108,
	10.7792 6.30328,
	10.7353 6.28246,
	10.6907 6.24675,
	10.6671 6.2131,
	10.6581 6.18372,
	10.6555 6.12165,
	10.6694 6.09118,
	"/>
</Transform>

<Transform dim="0"
 xcoef=" 0 1 0 0 0 0"
 ycoef=" 0 0 1 0 0 0">
<Contour name="d04cfa34" hidden="false" closed="false" simplified="true" border="0 0 1" fill="0 0 1" mode="11"
 points="8.8902 10.3541,
	8.88547 10.3572,
	8.8796 10.3611,
	8.86713 10.3724,
	8.85451 10.388,
	8.8442 10.4034,
	8.83294 10.4269,
	8.82441 10.4502,
	8.81896 10.4752,
	8.81731 10.499,
	8.81579 10.5185,
	8.81492 10.5289,
	"/>
</Transform>

<Transform dim="0"
 xcoef=" 0 1 0 0 0 0"
 ycoef=" 0 0 1 0 0 0">
<Contour name="d04cfa35" hidden="false" closed="false" simplified="true" border="0 0 1" fill="0 0 1" mode="11"
 points="9.89592 8.31787,
	9.88498 8.31421,
	9.86893 8.31057,
	9.84894 8.30833,
	9.82452 8.30469,
	9.81521 8.305,
	9.79425 8.30579,
	9.76933 8.30696,
	9.74848 8.31143,
	"/>
</Transform>

<Transform dim="0"
 xcoef=" 0 1 0 0 0 0"
 ycoef=" 0 0 1 0 0 0">
<Contour name="d30sp16" hidden="false" closed="false" simplified="true" border="0 1 0" fill="0 1 0" mode="11"
 points="14.819 8.84186,
	14.8294 8.82284,
	14.8299 8.82165,
	14.8321 8.81932,
	14.8367 8.81678,
	14.8463 8.81299,
	14.8649 8.80794,
	14.8743 8.80548,
	14.8791 8.80398,
	14.8816 8.80293,
	14.8981 8.8072,
	14.9064 8.8097,
	14.9104 8.81125,
	14.9124 8.81204,
	14.9421 8.83727,
	14.9574 8.84968,
	14.9889 8.87373,
	14.9968 8.87999,
	15.0295 8.90161,
	15.0452 8.91683,
	15.053 8.9244,
	15.0684 8.9408,
	15.0724 8.94439,
	15.0838 8.96319,
	15.0866 8.96791,
	15.0881 8.97029,
	15.089 8.97257,
	15.0896 8.97265,
	15.0906 8.97493,
	15.0913 8.98357,
	15.0906 8.98771,
	15.0929 8.99648,
	15.0965 9.00539,
	15.098 9.00979,
	15.1072 9.02768,
	15.1152 9.04524,
	15.1171 9.04957,
	15.1179 9.05175,
	15.1208 9.06842,
	15.1223 9.07672,
	15.1241 9.081,
	15.1259 9.08275,
	15.1268 9.08386,
	15.1421 9.09442,
	15.146 9.09693,
	15.15 9.09871,
	15.1521 9.09923,
	15.1533 9.09938,
	15.1533 9.10038,
	15.1488 9.1023,
	15.1439 9.10343,
	15.1414 9.10436,
	15.139 9.1048,
	15.1287 9.10901,
	15.126 9.11019,
	15.1233 9.11187,
	15.1207 9.11305,
	15.1105 9.11659,
	15.1055 9.11827,
	15.095 9.1226,
	15.0925 9.12308,
	15.0819 9.12771,
	15.0768 9.12943,
	15.0745 9.13121,
	15.0642 9.13472,
	15.059 9.13698,
	15.0564 9.13825,
	15.055 9.13912,
	15.0524 9.13964,
	15.0498 9.14067,
	15.0471 9.14219,
	15.0457 9.14306,
	15.0352 9.14697,
	15.0296 9.1503,
	15.0246 9.15193,
	15.0218 9.15348,
	15.0202 9.15437,
	15.0179 9.15496,
	15.0152 9.15653,
	15.01 9.15844,
	15.0045 9.16136,
	14.9994 9.16304,
	14.998 9.16346,
	14.996 9.1651,
	14.9949 9.16503,
	14.9942 9.16499,
	14.9915 9.16686,
	14.9862 9.16882,
	14.9837 9.16969,
	14.981 9.17133,
	14.9795 9.17226,
	14.9771 9.17314,
	14.9764 9.1731,
	14.9739 9.175,
	14.9688 9.17702,
	14.9663 9.17765,
	14.9454 9.18738,
	14.9403 9.18972,
	14.9377 9.19089,
	14.9351 9.19258,
	14.9336 9.19354,
	14.9237 9.19725,
	14.9212 9.19791,
	14.9161 9.2008,
	14.9148 9.20152,
	14.9123 9.20194,
	14.9098 9.20337,
	14.905 9.20501,
	14.895 9.20977,
	14.8899 9.21189,
	14.8875 9.21283,
	14.8825 9.21573,
	14.8728 9.21972,
	14.87 9.22141,
	14.8653 9.22327,
	14.8554 9.22851,
	14.8505 9.23135,
	14.8456 9.2337,
	14.8432 9.23462,
	14.8411 9.23479,
	14.8368 9.21863,
	14.8356 9.2146,
	14.8351 9.21258,
	14.8347 9.20857,
	14.831 9.19243,
	14.8299 9.1884,
	14.8292 9.18636,
	14.8271 9.17022,
	14.8267 9.16214,
	14.8245 9.14586,
	14.8206 9.12944,
	14.8191 9.11296,
	14.8187 9.10882,
	14.8188 9.10468,
	14.8221 9.08811,
	14.8237 9.07978,
	14.8241 9.0777,
	14.8278 9.06937,
	14.8297 9.0652,
	14.8346 9.04831,
	14.8385 9.03123,
	14.8401 9.02261,
	14.8402 9.01824,
	14.8365 9.00057,
	14.8343 8.99161,
	14.8312 8.97359,
	14.8291 8.96447,
	14.8256 8.95523,
	14.8249 8.95291,
	14.8205 8.91569,
	14.8186 8.89676,
	14.8158 8.87761,
	14.8146 8.86796,
	14.8147 8.86315,
	14.8184 8.84397,
	14.8187 8.84276,
	14.8189 8.84218,
	"/>
</Transform>

<Transform dim="0"
 xcoef=" 0 1 0 0 0 0"
 ycoef=" 0 0 1 0 0 0">
<Contour name="d04cfa33" hidden="false" closed="false" simplified="true" border="0 0 1" fill="0 0 1" mode="11"
 points="9.797 9.32085,
	9.77338 9.32517,
	9.75022 9.32667,
	9.71515 9.33365,
	9.67231 9.3446,
	"/>
</Transform>

<Transform dim="0"
 xcoef=" 0 1 0 0 0 0"
 ycoef=" 0 0 1 0 0 0">
<Contour name="d07cfa44" hidden="false" closed="false" simplified="true" border="1 0 0" fill="1 0 0" mode="11"
 points="10.4561 6.93188,
	10.4387 6.93265,
	10.3592 6.96437,
	10.2985 6.98087,
	10.2445 6.9864,
	10.2212 6.98181,
	"/>
</Transform>

<Transform dim="0"
 xcoef=" 0 1 0 0 0 0"
 ycoef=" 0 0 1 0 0 0">
<Contour name="d24cfa42" hidden="false" closed="false" simplified="true" border="0 1 0" fill="0 1 0" mode="11"
 points="8.29443 7.10286,
	8.31042 7.11839,
	8.35696 7.19111,
	8.37714 7.26943,
	"/>
</Transform>

<Transform dim="0"
 xcoef=" 0 1 0 0 0 0"
 ycoef=" 0 0 1 0 0 0">
<Contour name="d19cfa35" hidden="false" closed="false" simplified="true" border="1 0 0" fill="1 0 0" mode="11"
 points="6.39919 8.78505,
	6.36472 8.83461,
	6.33281 8.86039,
	6.31684 8.87152,
	"/>
</Transform>

<Transform dim="0"
 xcoef=" 0 1 0 0 0 0"
 ycoef=" 0 0 1 0 0 0">
<Contour name="d17sp27" hidden="false" closed="true" simplified="true" border="1 0 0" fill="1 0 0" mode="11"
 points="5.06399 7.62008,
	5.0524 7.61571,
	5.04657 7.61331,
	5.04513 7.61248,
	5.03417 7.60139,
	5.02445 7.58809,
	5.01973 7.58126,
	4.9964 7.55737,
	4.99087 7.55061,
	4.98564 7.53676,
	4.98473 7.53329,
	4.98621 7.51916,
	4.98637 7.51563,
	4.98637 7.51519,
	4.98978 7.50098,
	4.99434 7.48662,
	4.99678 7.47939,
	5.00622 7.46453,
	5.01105 7.45702,
	5.02347 7.44159,
	5.02981 7.43423,
	5.04244 7.42117,
	5.05514 7.41297,
	5.06787 7.40834,
	5.08054 7.40461,
	5.10566 7.40045,
	5.10878 7.39967,
	5.12143 7.39167,
	5.12463 7.38914,
	5.13112 7.38274,
	5.13443 7.37932,
	5.14747 7.37115,
	5.17394 7.35749,
	5.18067 7.35405,
	5.20877 7.33626,
	5.22315 7.32805,
	5.22682 7.32578,
	5.24097 7.32082,
	5.24281 7.31994,
	5.25603 7.32078,
	5.26789 7.32822,
	5.27075 7.33042,
	5.2832 7.33489,
	5.28477 7.33535,
	5.29885 7.3334,
	5.30677 7.32921,
	5.31075 7.32713,
	5.31825 7.32515,
	5.32559 7.32405,
	5.32934 7.3233,
	5.34322 7.32506,
	5.34669 7.32562,
	5.34849 7.32568,
	5.36113 7.33307,
	5.36896 7.34717,
	5.37152 7.36109,
	5.37269 7.36803,
	5.3733 7.37151,
	5.37224 7.38531,
	5.3706 7.3991,
	5.36646 7.41286,
	5.3576 7.42653,
	5.35532 7.42997,
	5.33987 7.44099,
	5.33602 7.44313,
	5.30653 7.45421,
	5.27785 7.46967,
	5.26395 7.47869,
	5.25717 7.48281,
	5.22933 7.50286,
	5.22246 7.50855,
	5.17325 7.53454,
	5.16154 7.54136,
	5.13859 7.55289,
	5.13291 7.55522,
	5.13003 7.55686,
	5.12738 7.5594,
	5.11651 7.5752,
	5.11189 7.58305,
	5.10033 7.59893,
	5.08757 7.60969,
	5.08126 7.61341,
	5.06874 7.6184,
	5.06557 7.61953,
	"/>
</Transform>

<Transform dim="0"
 xcoef=" 0 1 0 0 0 0"
 ycoef=" 0 0 1 0 0 0">
<Contour name="d17sph28" hidden="false" closed="true" simplified="true" border="1 0 0" fill="1 0 0" mode="11"
 points="3.07819 7.21832,
	3.06992 7.21665,
	3.06196 7.21387,
	3.05359 7.2124,
	3.04478 7.21229,
	3.0435 7.21282,
	3.04171 7.21141,
	3.03554 7.19097,
	3.03227 7.17066,
	3.03153 7.16051,
	3.033 7.14017,
	3.03277 7.13569,
	3.03297 7.13506,
	3.04146 7.12505,
	3.06138 7.12019,
	3.07732 7.12664,
	3.09163 7.13735,
	3.10478 7.15101,
	3.10646 7.15257,
	3.10709 7.154,
	3.1076 7.15408,
	3.10455 7.16478,
	3.10413 7.16602,
	3.10487 7.16877,
	3.10263 7.17887,
	3.09575 7.19851,
	3.09369 7.20333,
	3.0906 7.20799,
	3.09023 7.20921,
	3.08631 7.2131,
	3.08348 7.21524,
	3.08188 7.21692,
	3.08083 7.21678,
	"/>
</Transform>

<Transform dim="0"
 xcoef=" 0 1 0 0 0 0"
 ycoef=" 0 0 1 0 0 0">
<Contour name="d17sp28" hidden="false" closed="true" simplified="true" border="1 0 0" fill="1 0 0" mode="11"
 points="3.3011 7.45055,
	3.27901 7.44634,
	3.26808 7.44415,
	3.24686 7.43689,
	3.24422 7.43595,
	3.2246 7.42047,
	3.2197 7.41665,
	3.21724 7.41505,
	3.19906 7.39353,
	3.181 7.37527,
	3.17226 7.36558,
	3.13725 7.33306,
	3.12064 7.31464,
	3.1046 7.29468,
	3.08902 7.2733,
	3.07248 7.25573,
	3.06417 7.24705,
	3.04904 7.22407,
	3.04232 7.21199,
	3.03407 7.18677,
	3.03147 7.16177,
	3.03329 7.13672,
	3.03286 7.13593,
	3.03312 7.13514,
	3.03798 7.12898,
	3.04043 7.12588,
	3.04235 7.12436,
	3.05451 7.12172,
	3.06054 7.12047,
	3.08015 7.12845,
	3.08896 7.13504,
	3.12101 7.16913,
	3.12853 7.17873,
	3.15366 7.23244,
	3.16574 7.26015,
	3.16903 7.26702,
	3.18395 7.28915,
	3.18766 7.29508,
	3.22195 7.32878,
	3.25871 7.36165,
	3.27806 7.37742,
	3.28804 7.38479,
	3.3081 7.40107,
	3.31794 7.41188,
	3.32293 7.41725,
	3.32657 7.42756,
	3.32874 7.43284,
	3.32507 7.44331,
	3.32489 7.44463,
	"/>
</Transform>

<Transform dim="0"
 xcoef=" 0 1 0 0 0 0"
 ycoef=" 0 0 1 0 0 0">
<Contour name="d17sp29" hidden="false" closed="true" simplified="true" border="1 0 0" fill="1 0 0" mode="11"
 points="4.66489 6.43855,
	4.64566 6.43684,
	4.636 6.43599,
	4.61687 6.42605,
	4.59765 6.41206,
	4.58798 6.40423,
	4.56858 6.38576,
	4.55289 6.36695,
	4.53861 6.34829,
	4.5351 6.34362,
	4.52425 6.32511,
	4.5162 6.30667,
	4.512 6.29741,
	4.50092 6.26028,
	4.49705 6.2415,
	4.49465 6.23199,
	4.49293 6.213,
	4.49245 6.20342,
	4.49194 6.1986,
	4.49326 6.18909,
	4.49393 6.18431,
	4.49426 6.18191,
	4.49435 6.18131,
	4.49443 6.18072,
	4.49841 6.16153,
	4.50938 6.14271,
	4.51551 6.13326,
	4.53461 6.12963,
	4.53701 6.12916,
	4.53825 6.12861,
	4.55554 6.13693,
	4.58841 6.16755,
	4.60539 6.1819,
	4.63985 6.21435,
	4.65702 6.2309,
	4.67077 6.24924,
	4.67244 6.25154,
	4.68179 6.25721,
	4.70067 6.26571,
	4.71946 6.27671,
	4.72884 6.28257,
	4.73119 6.28375,
	4.73865 6.29323,
	4.74269 6.29798,
	4.7444 6.30038,
	4.74237 6.30986,
	4.74166 6.3146,
	4.73728 6.32404,
	4.73604 6.32639,
	4.73332 6.34532,
	4.73175 6.36429,
	4.72591 6.38316,
	4.71872 6.40199,
	4.71615 6.40668,
	4.70798 6.41597,
	4.70418 6.42062,
	4.70168 6.42292,
	4.68196 6.43368,
	4.67702 6.43651,
	4.67452 6.43821,
	"/>
</Transform>

<Transform dim="0"
 xcoef=" 0 1 0 0 0 0"
 ycoef=" 0 0 1 0 0 0">
<Contour name="d17sph27" hidden="false" closed="true" simplified="true" border="1 0 0" fill="1 0 0" mode="11"
 points="5.06399 7.62008,
	5.0524 7.61571,
	5.04657 7.61331,
	5.04513 7.61248,
	5.03417 7.60139,
	5.02445 7.58809,
	5.01973 7.58126,
	4.9964 7.55737,
	4.99087 7.55061,
	4.98564 7.53676,
	4.98473 7.53329,
	4.98621 7.51916,
	4.98637 7.51563,
	4.98637 7.51519,
	4.98978 7.50098,
	4.99434 7.48662,
	4.99678 7.47939,
	5.00622 7.46453,
	5.01105 7.45702,
	5.02347 7.44159,
	5.02981 7.43423,
	5.04244 7.42117,
	5.05514 7.41297,
	5.06787 7.40834,
	5.08054 7.40461,
	5.10566 7.40045,
	5.10878 7.39967,
	5.12143 7.39167,
	5.12463 7.38914,
	5.13112 7.38274,
	5.13443 7.37932,
	5.14747 7.37115,
	5.17394 7.35749,
	5.18067 7.35405,
	5.20877 7.33626,
	5.22315 7.32805,
	5.22682 7.32578,
	5.24097 7.32082,
	5.24281 7.31994,
	5.25603 7.32078,
	5.26789 7.32822,
	5.27075 7.33042,
	5.2832 7.33489,
	5.28477 7.33535,
	5.29885 7.3334,
	5.30677 7.32921,
	5.31075 7.32713,
	5.31825 7.32515,
	5.32559 7.32405,
	5.32934 7.3233,
	5.34322 7.32506,
	5.34669 7.32562,
	5.34849 7.32568,
	5.36113 7.33307,
	5.36896 7.34717,
	5.37152 7.36109,
	5.37269 7.36803,
	5.3733 7.37151,
	5.37224 7.38531,
	5.3706 7.3991,
	5.36646 7.41286,
	5.3576 7.42653,
	5.35532 7.42997,
	5.33987 7.44099,
	5.33602 7.44313,
	5.30653 7.45421,
	5.27785 7.46967,
	5.26395 7.47869,
	5.25717 7.48281,
	5.22933 7.50286,
	5.22246 7.50855,
	5.17325 7.53454,
	5.16154 7.54136,
	5.13859 7.55289,
	5.13291 7.55522,
	5.13003 7.55686,
	5.12738 7.5594,
	5.11651 7.5752,
	5.11189 7.58305,
	5.10033 7.59893,
	5.08757 7.60969,
	5.08126 7.61341,
	5.06874 7.6184,
	5.06557 7.61953,
	"/>
</Transform>

<Transform dim="0"
 xcoef=" 0 1 0 0 0 0"
 ycoef=" 0 0 1 0 0 0">
<Contour name="d17" hidden="false" closed="true" simplified="true" border="1 1 0.502" fill="1 1 0.502" mode="-9"
 points="3.66138 7.54629,
	3.6845 7.51545,
	3.80783 7.42681,
	3.8271 7.39598,
	3.83095 7.36515,
	3.83866 7.34973,
	3.83866 7.3189,
	3.84252 7.30348,
	3.8695 7.28421,
	3.93116 7.2765,
	3.94658 7.2765,
	4.00824 7.24181,
	4.02366 7.23411,
	4.05449 7.20327,
	4.07376 7.17244,
	4.08532 7.14161,
	4.11616 7.11463,
	4.17782 7.13005,
	4.23949 7.11848,
	4.30115 7.09921,
	4.36282 7.09536,
	4.42448 7.10307,
	4.4399 7.10692,
	4.44761 7.10692,
	4.50927 7.16088,
	4.60948 7.28421,
	4.64031 7.31504,
	4.67114 7.37671,
	4.67885 7.39212,
	4.68271 7.39983,
	4.6326 7.52316,
	4.62104 7.554,
	4.56323 7.61181,
	4.54781 7.62722,
	4.42448 7.68503,
	4.30115 7.72743,
	4.23949 7.73899,
	4.17782 7.73899,
	4.11616 7.73128,
	3.99283 7.6966,
	3.93116 7.66962,
	3.90033 7.65806,
	3.83866 7.65035,
	3.777 7.65035,
	3.74616 7.65035,
	3.73075 7.65035,
	3.69992 7.63493,
	3.6845 7.62722,
	3.67294 7.61181,
	3.66523 7.6041,
	3.66138 7.57327,
	3.66138 7.55785,
	3.66138 7.55014,
	"/>
</Transform>

<Transform dim="1"
 xcoef=" 0.02 1 0 0 0 0"
 ycoef=" 0.01 0 1 0 0 0">
<Contour name="d05cfa47" hidden="false" closed="false" simplified="true" border="1 0 0" fill="1 0 0" mode="11"
 points="12.5654 11.9116,
	12.5564 11.9045,
	12.538 11.8889,
	12.5127 11.8676,
	12.4867 11.8511,
	12.473 11.8375,
	12.4627 11.8306,
	12.4164 11.8221,
	12.3671 11.8225,
	12.3471 11.8228,
	"/>
</Transform>

<Transform dim="1"
 xcoef=" -0.03 1 0 0 0 0"
 ycoef=" 0.01 0 1 0 0 0">
<Contour name="d19sp32" hidden="false" closed="true" simplified="true" border="1 0 0" fill="1 0 0" mode="11"
 points="5.5416 10.3891,
	5.52433 10.3862,
	5.50823 10.3787,
	5.49258 10.3694,
	5.48873 10.3669,
	5.47904 10.3497,
	5.47168 10.3329,
	5.4707 10.3288,
	5.47418 10.3147,
	5.47449 10.3137,
	5.4902 10.3008,
	5.51031 10.2909,
	5.52936 10.2868,
	5.5385 10.2857,
	5.55576 10.2863,
	5.55958 10.2881,
	5.57265 10.3029,
	5.57595 10.3065,
	5.58424 10.339,
	5.58966 10.3549,
	5.58975 10.3586,
	5.58283 10.372,
	5.5696 10.3845,
	5.55992 10.3875,
	"/>
</Transform>

<Transform dim="1"
 xcoef=" 0 1 0 0 0 0"
 ycoef=" -0.02 0 1 0 0 0">
<Contour name="d04sp34" hidden="false" closed="true" simplified="true" border="1 0 0" fill="1 0 0" mode="11"
 points="8.68611 10.644,
	8.68077 10.6439,
	8.66091 10.6352,
	8.65596 10.6331,
	8.6537 10.6307,
	8.64316 10.6064,
	8.63845 10.5829,
	8.63628 10.5597,
	8.63612 10.5482,
	8.64014 10.5031,
	8.64026 10.4974,
	8.63131 10.4521,
	8.62747 10.4297,
	8.62474 10.4075,
	8.62501 10.3855,
	8.62647 10.3637,
	8.62748 10.3527,
	8.628 10.3473,
	8.62805 10.3466,
	8.63195 10.3248,
	8.63422 10.3139,
	8.64273 10.2921,
	8.64461 10.2866,
	8.6565 10.2646,
	8.66279 10.2537,
	8.68462 10.2317,
	8.69567 10.2221,
	8.70119 10.2173,
	8.71197 10.2098,
	8.7173 10.2064,
	8.75783 10.1957,
	8.77787 10.1919,
	8.78293 10.1907,
	8.802 10.1943,
	8.82132 10.1966,
	8.84089 10.1978,
	8.85097 10.1975,
	8.87071 10.2008,
	8.89037 10.2063,
	8.91007 10.2132,
	8.92003 10.2163,
	8.92982 10.2216,
	8.93476 10.2242,
	8.95409 10.2393,
	8.95815 10.2443,
	8.96351 10.2559,
	8.96555 10.2617,
	8.96761 10.2735,
	8.96834 10.2795,
	8.96777 10.2915,
	8.96716 10.2975,
	8.96318 10.3036,
	8.91883 10.3388,
	8.87442 10.3806,
	8.85539 10.404,
	8.84434 10.4271,
	8.84206 10.4329,
	8.83685 10.4559,
	8.82926 10.5019,
	8.82682 10.5248,
	8.81868 10.5704,
	8.81686 10.5817,
	8.80709 10.6041,
	8.80116 10.6152,
	8.77782 10.6327,
	8.75584 10.639,
	8.75029 10.6409,
	8.70746 10.6438,
	"/>
</Transform>

<Transform dim="1"
 xcoef=" 0.06 1 0 0 0 0"
 ycoef=" 0 0 1 0 0 0">
<Contour name="d24c35" hidden="false" closed="true" simplified="true" border="0 0 1" fill="0 0 1" mode="11"
 points="6.29096 7.60203,
	6.26992 7.5997,
	6.25962 7.59861,
	6.25012 7.59364,
	6.24545 7.59108,
	6.2438 7.5895,
	6.24216 7.58079,
	6.24189 7.57196,
	6.24361 7.56303,
	6.24451 7.55854,
	6.24463 7.55797,
	6.25161 7.54888,
	6.25338 7.54661,
	6.2651 7.53859,
	6.27783 7.52966,
	6.30074 7.51167,
	6.31151 7.50261,
	6.3173 7.49802,
	6.33464 7.47993,
	6.35512 7.46144,
	6.3651 7.45213,
	6.37375 7.4429,
	6.3804 7.43383,
	6.38438 7.42923,
	6.39376 7.41143,
	6.40119 7.39383,
	6.40329 7.38518,
	6.40661 7.37642,
	6.40984 7.37191,
	6.40862 7.36777,
	6.40863 7.36354,
	6.41053 7.3549,
	6.41542 7.34603,
	6.41779 7.34162,
	6.42611 7.33253,
	6.43141 7.32792,
	6.4423 7.32238,
	6.44771 7.32039,
	6.45032 7.31967,
	6.48708 7.32162,
	6.51645 7.3422,
	6.52461 7.35715,
	6.52814 7.36466,
	6.53062 7.38025,
	6.5326 7.388,
	6.53259 7.40407,
	6.53249 7.40812,
	6.51251 7.4764,
	6.48573 7.51313,
	6.48194 7.51777,
	6.46454 7.53733,
	6.43998 7.55729,
	6.4272 7.56697,
	6.40239 7.57931,
	6.39002 7.58462,
	6.36574 7.59191,
	6.35367 7.59543,
	6.33012 7.60011,
	6.32431 7.60122,
	6.30194 7.6017,
	"/>
<Contour name="d24cfa35" hidden="false" closed="false" simplified="true" border="0 0 1" fill="0 0 1" mode="11"
 points="6.43245 7.332,
	6.45994 7.3483,
	6.46982 7.3677,
	6.47668 7.39026,
	6.47652 7.4091,
	6.47255 7.43318,
	6.46255 7.45882,
	6.45003 7.4839,
	6.43481 7.50573,
	6.42024 7.52069,
	6.40578 7.53418,
	6.38712 7.54683,
	6.36544 7.55642,
	6.34398 7.56514,
	6.3224 7.57198,
	6.30085 7.57686,
	6.28455 7.58112,
	6.26681 7.5842,
	6.24822 7.58731,
	"/>
</Transform>

<Transform dim="1"
 xcoef=" -0.02 1 0 0 0 0"
 ycoef=" -0.01 0 1 0 0 0">
<Contour name="d05sp40" hidden="false" closed="true" simplified="true" border="1 0 0" fill="1 0 0" mode="11"
 points="11.3222 12.6996,
	11.2647 12.6932,
	11.2502 12.6915,
	11.2215 12.6806,
	11.1993 12.6561,
	11.1887 12.6315,
	11.1915 12.6067,
	11.195 12.5942,
	11.1978 12.5879,
	11.1874 12.5372,
	11.1519 12.4863,
	11.1451 12.46,
	11.1442 12.433,
	11.1459 12.4259,
	11.1468 12.4224,
	11.1472 12.4207,
	11.1579 12.3919,
	11.1652 12.3772,
	11.1688 12.3698,
	11.1816 12.3546,
	11.1958 12.3255,
	11.215 12.2966,
	11.2291 12.2818,
	11.2358 12.2762,
	11.2665 12.2658,
	11.2937 12.2696,
	11.3081 12.2677,
	11.3151 12.2677,
	11.3378 12.2887,
	11.3493 12.2981,
	11.4001 12.315,
	11.4261 12.3201,
	11.4498 12.3346,
	11.462 12.3402,
	11.4833 12.3658,
	11.4822 12.3948,
	11.481 12.409,
	11.4909 12.4657,
	11.5121 12.491,
	11.5218 12.5049,
	11.5274 12.5118,
	11.5273 12.5374,
	11.5274 12.55,
	11.5161 12.5744,
	11.5063 12.5862,
	11.4774 12.6045,
	11.4494 12.6137,
	11.4351 12.6206,
	11.428 12.6233,
	11.4217 12.6354,
	11.3782 12.6813,
	11.3654 12.6881,
	11.3367 12.6957,
	"/>
</Transform>

<Transform dim="1"
 xcoef=" 0.02 1 0 0 0 0"
 ycoef=" 0.01 0 1 0 0 0">
<Contour name="d05sp42" hidden="false" closed="true" simplified="true" border="1 0 0" fill="1 0 0" mode="11"
 points="10.6208 10.6325,
	10.5984 10.6238,
	10.5864 10.624,
	10.5629 10.6147,
	10.5159 10.5672,
	10.4979 10.5404,
	10.4887 10.5267,
	10.4646 10.4704,
	10.4597 10.4631,
	10.454 10.4338,
	10.4544 10.4265,
	10.4545 10.4246,
	10.4546 10.4228,
	10.4588 10.4083,
	10.4797 10.3795,
	10.4926 10.365,
	10.5068 10.3579,
	10.5416 10.2982,
	10.5587 10.2651,
	10.5693 10.2482,
	10.5956 10.2147,
	10.615 10.1823,
	10.6255 10.1665,
	10.6556 10.1411,
	10.6704 10.1297,
	10.6964 10.133,
	10.7101 10.1292,
	10.7169 10.1273,
	10.7202 10.1272,
	10.7449 10.0981,
	10.7562 10.0838,
	10.7704 10.0696,
	10.7758 10.0626,
	10.7753 10.0485,
	10.7742 10.0414,
	10.797 9.98551,
	10.8002 9.97856,
	10.825 9.96659,
	10.8312 9.96491,
	10.8555 9.9723,
	10.8795 9.9834,
	10.9704 10.0474,
	10.9915 10.0678,
	11.031 10.1168,
	11.0432 10.1476,
	11.0606 10.1701,
	11.0702 10.1806,
	11.0909 10.1958,
	11.1108 10.2156,
	11.1548 10.2413,
	11.1785 10.2491,
	11.2015 10.2597,
	11.2076 10.2615,
	11.2449 10.3107,
	11.2554 10.3209,
	11.2778 10.3351,
	11.2873 10.3457,
	11.2905 10.3508,
	11.2914 10.3764,
	11.2911 10.3891,
	11.2928 10.394,
	11.3019 10.4043,
	11.3044 10.4108,
	11.3027 10.4232,
	11.301 10.4293,
	11.3002 10.4324,
	11.2866 10.4407,
	11.2798 10.4449,
	11.2582 10.4384,
	11.2464 10.4389,
	11.2406 10.4384,
	11.2378 10.4381,
	11.218 10.4597,
	11.2055 10.4632,
	11.1818 10.4638,
	11.17 10.462,
	11.1469 10.4537,
	11.1409 10.4523,
	11.113 10.4713,
	11.0993 10.4801,
	11.073 10.4906,
	11.0607 10.4924,
	11.0566 10.4983,
	11.0531 10.5013,
	11.0415 10.4987,
	11.0357 10.4973,
	11.0304 10.493,
	11.0264 10.4812,
	11.0244 10.4753,
	11.0192 10.4709,
	10.9962 10.4667,
	10.9847 10.4654,
	10.9794 10.4624,
	10.955 10.4691,
	10.9429 10.4726,
	10.9321 10.4698,
	10.9208 10.4702,
	10.9152 10.4704,
	10.9026 10.4773,
	10.8912 10.4795,
	10.8804 10.4785,
	10.8754 10.4773,
	10.873 10.4758,
	10.8496 10.4857,
	10.8439 10.4879,
	10.8236 10.4851,
	10.7816 10.4908,
	10.7705 10.4959,
	10.7234 10.5322,
	10.6998 10.5491,
	10.6879 10.5574,
	10.6819 10.5614,
	10.6658 10.5893,
	10.664 10.5927,
	10.6649 10.6055,
	10.6563 10.6191,
	10.6442 10.6264,
	"/>
</Transform>

<Transform dim="0"
 xcoef=" 0 1 0 0 0 0"
 ycoef=" 0 0 1 0 0 0">
<Contour name="d05sp47" hidden="false" closed="true" simplified="true" border="1 0 0" fill="1 0 0" mode="11"
 points="12.1975 11.7248,
	12.2061 11.7096,
	12.2137 11.702,
	12.2175 11.6982,
	12.2327 11.6886,
	12.2404 11.681,
	12.2709 11.6591,
	12.2785 11.6524,
	12.309 11.6381,
	12.3242 11.6314,
	12.328 11.6305,
	12.3338 11.6229,
	12.3376 11.62,
	12.3681 11.6114,
	12.3986 11.6048,
	12.429 11.6029,
	12.49 11.6105,
	12.5205 11.6143,
	12.5358 11.6162,
	12.5434 11.6172,
	12.5739 11.6257,
	12.5891 11.6295,
	12.5968 11.6324,
	12.6254 11.661,
	12.633 11.6667,
	12.6444 11.682,
	12.6482 11.6896,
	12.6501 11.6934,
	12.6473 11.7239,
	12.6492 11.7391,
	12.6501 11.7468,
	12.6511 11.7506,
	12.6511 11.7525,
	12.6625 11.7677,
	12.6701 11.783,
	12.6711 11.7906,
	12.6606 11.8211,
	12.6558 11.8516,
	12.6549 11.8592,
	12.6406 11.8706,
	12.6368 11.8725,
	12.6092 11.903,
	12.6025 11.9107,
	12.5987 11.9135,
	12.5834 11.9154,
	12.5682 11.9126,
	12.5529 11.904,
	12.5453 11.9002,
	12.5148 11.8744,
	12.4538 11.8277,
	12.451 11.8239,
	12.4357 11.8192,
	12.4052 11.8144,
	12.3747 11.8135,
	12.3442 11.8144,
	12.3137 11.8125,
	12.3061 11.8125,
	12.2994 11.8144,
	12.2842 11.8135,
	12.269 11.8106,
	12.2537 11.8039,
	12.2232 11.782,
	12.208 11.7687,
	12.2032 11.761,
	12.1984 11.7458,
	12.1975 11.7306,
	12.1975 11.7267,
	12.1975 11.7258,
	"/>
</Transform>

<Transform dim="1"
 xcoef=" 0 1 0 0 0 0"
 ycoef=" -0.01 0 1 0 0 0">
<Contour name="d19sp32" hidden="false" closed="true" simplified="true" border="1 0 0" fill="1 0 0" mode="11"
 points="5.78464 10.553,
	5.79564 10.521,
	5.80465 10.489,
	5.80665 10.481,
	5.81465 10.465,
	5.82265 10.457,
	5.83065 10.453,
	5.83866 10.445,
	5.84266 10.441,
	5.84566 10.425,
	5.85066 10.409,
	5.86166 10.3929,
	5.87667 10.3779,
	5.88867 10.3619,
	5.90367 10.3459,
	5.91968 10.3329,
	5.93568 10.3219,
	5.95169 10.3129,
	5.95969 10.3089,
	5.9917 10.2979,
	5.9997 10.2949,
	6.01571 10.2859,
	6.02371 10.2829,
	6.02771 10.2809,
	6.02871 10.2889,
	6.02771 10.2929,
	6.02171 10.3009,
	6.01571 10.3169,
	6.01171 10.3329,
	6.0107 10.3489,
	6.01771 10.413,
	6.01871 10.421,
	6.01871 10.425,
	6.02071 10.429,
	6.02371 10.461,
	6.02571 10.476,
	6.02671 10.484,
	6.02971 10.492,
	6.02971 10.5,
	6.02971 10.502,
	6.03171 10.503,
	6.03271 10.519,
	6.03571 10.535,
	6.03571 10.539,
	6.03871 10.546,
	6.04071 10.562,
	6.04171 10.57,
	6.04371 10.574,
	6.04872 10.605,
	6.05772 10.637,
	6.06972 10.669,
	6.08473 10.701,
	6.08873 10.709,
	6.08973 10.711,
	6.08172 10.712,
	6.06572 10.709,
	6.04972 10.703,
	6.03371 10.695,
	6.02971 10.694,
	5.9977 10.673,
	5.9897 10.668,
	5.97369 10.664,
	5.94169 10.663,
	5.93968 10.663,
	5.93168 10.655,
	5.92868 10.651,
	5.86466 10.628,
	5.85666 10.625,
	5.85466 10.621,
	5.84666 10.617,
	5.83065 10.615,
	5.81465 10.608,
	5.79864 10.598,
	5.79264 10.59,
	5.78864 10.582,
	5.78664 10.578,
	5.78564 10.562,
	5.78464 10.554,
	"/>
</Transform>

<Transform dim="0"
 xcoef=" 0 1 0 0 0 0"
 ycoef=" 0 0 1 0 0 0">
<Contour name="d19sp40" hidden="false" closed="true" simplified="true" border="1 0 0" fill="1 0 0" mode="11"
 points="6.84532 10.0245,
	6.84723 10.0235,
	6.84913 10.0254,
	6.87963 10.0226,
	6.89488 10.0159,
	6.91012 10.0112,
	6.92537 10.0083,
	6.95587 10.0092,
	6.97112 10.0121,
	7.00161 10.0226,
	7.01686 10.0283,
	7.02448 10.0331,
	7.03211 10.0397,
	7.04068 10.055,
	7.04735 10.0702,
	7.04926 10.074,
	7.05688 10.0769,
	7.06451 10.0826,
	7.07976 10.0893,
	7.08357 10.0922,
	7.08547 10.0922,
	7.10072 10.1007,
	7.11597 10.1112,
	7.13122 10.1198,
	7.13884 10.1265,
	7.15409 10.135,
	7.16934 10.1408,
	7.18459 10.1493,
	7.19983 10.1551,
	7.20746 10.1589,
	7.21508 10.1589,
	7.2227 10.1608,
	7.23795 10.1617,
	7.2532 10.1551,
	7.25701 10.1531,
	7.25892 10.1531,
	7.25987 10.1512,
	7.26368 10.1503,
	7.27893 10.1417,
	7.28656 10.1389,
	7.29418 10.1341,
	7.3018 10.1312,
	7.30276 10.1303,
	7.30371 10.1312,
	7.30752 10.1284,
	7.32277 10.1236,
	7.32658 10.1217,
	7.3342 10.1207,
	7.3647 10.1093,
	7.37995 10.1169,
	7.38757 10.1179,
	7.40282 10.115,
	7.41807 10.1169,
	7.42569 10.1207,
	7.43332 10.1265,
	7.43903 10.1341,
	7.44189 10.1417,
	7.4438 10.1436,
	7.44475 10.1512,
	7.4438 10.1589,
	7.4438 10.1627,
	7.43617 10.1684,
	7.42093 10.1732,
	7.4133 10.1751,
	7.38281 10.1903,
	7.36756 10.1951,
	7.35994 10.1979,
	7.34469 10.2008,
	7.32944 10.1998,
	7.29894 10.1922,
	7.29132 10.1913,
	7.27607 10.1855,
	7.26082 10.1817,
	7.24558 10.176,
	7.23795 10.1732,
	7.23414 10.1722,
	7.21889 10.1751,
	7.1884 10.1875,
	7.18077 10.1913,
	7.16553 10.2027,
	7.15028 10.216,
	7.13503 10.2275,
	7.11978 10.237,
	7.10453 10.2427,
	7.09691 10.2446,
	7.06641 10.258,
	7.05879 10.2618,
	7.04354 10.2761,
	7.01305 10.299,
	6.98255 10.3199,
	6.9673 10.3294,
	6.96349 10.3323,
	6.96159 10.3342,
	6.95873 10.3323,
	6.95206 10.3399,
	6.94824 10.339,
	6.93586 10.278,
	6.9187 10.217,
	6.90917 10.1865,
	6.90441 10.1713,
	6.90155 10.1636,
	6.90155 10.1598,
	6.89869 10.1522,
	6.89869 10.1503,
	6.89678 10.1484,
	6.89583 10.1408,
	6.89392 10.1369,
	6.89297 10.1293,
	6.89011 10.1217,
	6.89011 10.1179,
	6.8863 10.1103,
	6.87582 10.0798,
	6.8701 10.0645,
	6.86819 10.0569,
	6.86057 10.0416,
	6.84818 10.0274,
	6.84532 10.0254,
	"/>
</Transform>

<Transform dim="0"
 xcoef=" 0 1 0 0 0 0"
 ycoef=" 0 0 1 0 0 0">
<Contour name="d24sp35" hidden="false" closed="true" simplified="true" border="1 0 0" fill="1 0 0" mode="11"
 points="5.89113 7.38557,
	5.91723 7.3611,
	5.96942 7.31869,
	5.99552 7.29586,
	6.04771 7.25834,
	6.1521 7.20452,
	6.1782 7.1931,
	6.19124 7.18658,
	6.24344 7.17353,
	6.26954 7.16864,
	6.28258 7.16537,
	6.33478 7.17679,
	6.36088 7.18495,
	6.38697 7.19636,
	6.43917 7.21104,
	6.49136 7.22899,
	6.51746 7.23714,
	6.54355 7.25019,
	6.56965 7.27466,
	6.57618 7.28118,
	6.57944 7.28444,
	6.57781 7.2877,
	6.62837 7.31706,
	6.65447 7.33827,
	6.6773 7.36273,
	6.68709 7.37578,
	6.71155 7.39862,
	6.72297 7.41166,
	6.73602 7.43776,
	6.73765 7.44429,
	6.74907 7.45244,
	6.76212 7.4557,
	6.81431 7.4818,
	6.84041 7.49648,
	6.85346 7.50464,
	6.87955 7.51279,
	6.90565 7.51605,
	6.93175 7.51116,
	6.98394 7.48669,
	7.03614 7.45897,
	7.04918 7.45244,
	7.07528 7.44592,
	7.08833 7.44102,
	7.09485 7.43939,
	7.12095 7.45081,
	7.134 7.45897,
	7.13889 7.46549,
	7.14052 7.47854,
	7.13563 7.50464,
	7.12095 7.53073,
	7.11606 7.53726,
	7.06386 7.56172,
	6.95948 7.58945,
	6.90728 7.6025,
	6.85509 7.61229,
	6.82899 7.61718,
	6.7768 7.63675,
	6.7246 7.64491,
	6.71808 7.64654,
	6.69198 7.64001,
	6.67893 7.63675,
	6.62674 7.66122,
	6.60064 7.67263,
	6.54845 7.68895,
	6.49625 7.71015,
	6.44406 7.73462,
	6.43101 7.73951,
	6.40491 7.74114,
	6.37882 7.73951,
	6.32662 7.71667,
	6.27443 7.70363,
	6.24833 7.70199,
	6.19614 7.71667,
	6.18309 7.7183,
	6.15699 7.70852,
	6.14394 7.70363,
	6.1309 7.70526,
	6.11785 7.71015,
	6.06565 7.71504,
	6.03956 7.71341,
	5.98736 7.68731,
	5.97431 7.67916,
	5.96616 7.66611,
	5.96126 7.65306,
	5.96616 7.62697,
	5.96942 7.62044,
	5.99552 7.60576,
	6.02161 7.59761,
	6.07381 7.58945,
	6.126 7.58782,
	6.23039 7.56335,
	6.28258 7.54541,
	6.29563 7.54052,
	6.30868 7.53236,
	6.33315 7.50953,
	6.37719 7.45733,
	6.3886 7.44429,
	6.40328 7.41819,
	6.40818 7.40514,
	6.40002 7.37904,
	6.37719 7.35295,
	6.36414 7.34153,
	6.33804 7.33011,
	6.31194 7.32522,
	6.28585 7.32359,
	6.23365 7.32522,
	6.12926 7.35295,
	6.07707 7.38067,
	6.05097 7.39535,
	6.02488 7.4133,
	5.92049 7.46386,
	5.91396 7.46549,
	5.8895 7.46875,
	5.87645 7.46549,
	5.87156 7.4606,
	5.86993 7.4345,
	5.87645 7.4084,
	5.88297 7.39535,
	5.88787 7.38883,
	5.8895 7.3872,
	"/>
</Transform>

<Transform dim="0"
 xcoef=" 0 1 0 0 0 0"
 ycoef=" 0 0 1 0 0 0">
<Contour name="d05c47" hidden="false" closed="true" simplified="true" border="0 0 1" fill="0 0 1" mode="11"
 points="12.5394 11.9099,
	12.504 11.8896,
	12.4871 11.8788,
	12.4717 11.8627,
	12.4377 11.8444,
	12.4296 11.8375,
	12.3927 11.8306,
	12.3537 11.83,
	12.3341 11.829,
	12.3291 11.8288,
	12.3265 11.8236,
	12.3246 11.821,
	12.3287 11.8022,
	12.3291 11.8009,
	12.3523 11.7854,
	12.3929 11.7807,
	12.4029 11.7798,
	12.4203 11.7894,
	12.4287 11.7949,
	12.447 11.7995,
	12.4558 11.8025,
	12.4602 11.8039,
	12.4662 11.8145,
	12.4686 11.8198,
	12.486 11.8269,
	12.4949 11.8299,
	12.4994 11.8313,
	12.5152 11.846,
	12.5233 11.8526,
	12.5409 11.8606,
	12.5499 11.8646,
	12.555 11.875,
	12.5556 11.8856,
	12.544 11.9062,
	"/>
</Transform>

<Transform dim="1"
 xcoef=" 0.02 1 0 0 0 0"
 ycoef=" 0.01 0 1 0 0 0">
<Contour name="dch_d05c47" hidden="false" closed="true" simplified="true" border="0 0 1" fill="0 0 1" mode="11"
 points="12.3457 11.8148,
	12.348 11.8075,
	12.3549 11.8002,
	12.3581 11.797,
	12.3654 11.7934,
	12.369 11.7915,
	12.3708 11.7906,
	12.3855 11.7879,
	12.4147 11.7888,
	12.4293 11.7897,
	12.4439 11.7925,
	12.4512 11.7943,
	12.4548 11.7952,
	12.4841 11.8098,
	12.4987 11.8166,
	12.506 11.8212,
	12.5133 11.8267,
	12.5169 11.829,
	12.5461 11.8541,
	12.5603 11.8673,
	12.5726 11.8819,
	12.5754 11.8856,
	12.574 11.9002,
	12.5731 11.9038,
	12.5585 11.9166,
	12.5548 11.9175,
	12.5402 11.9189,
	12.511 11.9143,
	12.5073 11.9134,
	12.4927 11.9125,
	12.4854 11.9121,
	12.4708 11.9098,
	12.4672 11.9093,
	12.4526 11.9048,
	12.4453 11.9025,
	12.4306 11.8965,
	12.4014 11.8824,
	12.3868 11.8755,
	12.3722 11.865,
	12.3686 11.8623,
	12.3622 11.855,
	12.359 11.8513,
	12.354 11.844,
	12.3512 11.8404,
	12.3471 11.8331,
	12.3462 11.8185,
	12.3457 11.8153,
	"/>
</Transform>

<Transform dim="0"
 xcoef=" 0 1 0 0 0 0"
 ycoef=" 0 0 1 0 0 0">
<Image mag="0.0022379" contrast="1.144" brightness="-0.15" red="true" green="true" blue="true"
 src="175____z174.0.tif" />
<Contour name="d05c15" hidden="false" closed="true" simplified="false" border="0 0 1" fill="0 0 1" mode="11"
 points="0 0,
	9356 0,
	9356 6733,
	0 6733,
	"/>
</Transform>

<Transform dim="0"
 xcoef=" 0 1 0 0 0 0"
 ycoef=" 0 0 1 0 0 0">
<Image mag="0.0022379" contrast="1.144" brightness="-0.15" red="true" green="true" blue="true"
 src="176____z175.0.tif" />
<Contour name="d05c15" hidden="false" closed="true" simplified="false" border="0 0 1" fill="0 0 1" mode="11"
 points="0 0,
	9356 0,
	9356 6733,
	0 6733,
	"/>
</Transform>

</Section>