<?xml version="1.0"?>
<!DOCTYPE Section SYSTEM "section.dtd">

<Section index="54" thickness="0.045794" alignLocked="true">
<Transform dim="0"
 xcoef=" 0 1 0 0 0 0"
 ycoef=" 0 0 1 0 0 0">
<Image mag="0.0022379" contrast="1.144" brightness="-0.15" red="true" green="true" blue="true"
 src="055____z54.0.tif" />
<Contour name="domain1" hidden="false" closed="true" simplified="false" border="1 0 1" fill="1 0 1" mode="11"
 points="0 0,
	9357 0,
	9357 6734,
	0 6734,
	"/>
</Transform>

<Transform dim="0"
 xcoef=" 0 1 0 0 0 0"
 ycoef=" 0 0 1 0 0 0">
<Contour name="d04" hidden="false" closed="true" simplified="true" border="0 0 0" fill="0 0 0" mode="11"
 points="8.087 11.6027,
	8.06146 11.6009,
	8.04893 11.6,
	8.02405 11.5961,
	8.018 11.5955,
	7.99231 11.5833,
	7.97875 11.576,
	7.96528 11.5681,
	7.9585 11.5636,
	7.95154 11.5578,
	7.94809 11.5549,
	7.9219 11.5399,
	7.91518 11.5354,
	7.90166 11.5245,
	7.8883 11.513,
	7.88169 11.5071,
	7.87841 11.504,
	7.85697 11.4769,
	7.84815 11.4638,
	7.84423 11.4573,
	7.83982 11.4447,
	7.83824 11.4385,
	7.83748 11.4145,
	7.83747 11.4141,
	7.84029 11.4022,
	7.84066 11.4007,
	7.84566 11.3969,
	7.84836 11.3952,
	7.8593 11.3949,
	7.87044 11.3975,
	7.88178 11.4011,
	7.89336 11.4069,
	7.89923 11.4102,
	7.92293 11.4152,
	7.97179 11.4201,
	7.98433 11.4214,
	7.99715 11.4269,
	8.00361 11.4297,
	8.03003 11.4451,
	8.08493 11.4814,
	8.09164 11.4858,
	8.11906 11.5,
	8.12255 11.5016,
	8.12969 11.5065,
	8.14427 11.5177,
	8.15129 11.5236,
	8.15778 11.5384,
	8.15339 11.5638,
	8.15246 11.5703,
	8.14499 11.5819,
	8.14283 11.5848,
	8.14221 11.5863,
	8.12978 11.5936,
	8.12361 11.5969,
	8.1221 11.5978,
	8.09636 11.601,
	8.09008 11.6019,
	"/>
</Transform>

<Transform dim="0"
 xcoef=" 0 1 0 0 0 0"
 ycoef=" 0 0 1 0 0 0">
<Contour name="d04" hidden="false" closed="true" simplified="true" border="0 0 0" fill="0 0 0" mode="11"
 points="8.40571 11.2547,
	8.38436 11.2527,
	8.37361 11.2513,
	8.35242 11.2457,
	8.34174 11.2429,
	8.31945 11.2413,
	8.30804 11.2411,
	8.29725 11.2377,
	8.27466 11.2276,
	8.25301 11.2125,
	8.24231 11.2049,
	8.23963 11.203,
	8.23089 11.1907,
	8.2269 11.1847,
	8.22329 11.1631,
	8.22216 11.1576,
	8.22671 11.1374,
	8.22758 11.1323,
	8.22446 11.1107,
	8.22314 11.0999,
	8.22279 11.0972,
	8.20263 11.0785,
	8.16036 11.0565,
	8.11763 11.0373,
	8.07501 11.0163,
	8.03135 11.002,
	8.00918 10.9975,
	7.99813 10.9952,
	7.99266 10.9937,
	7.98641 11.0031,
	7.98466 11.0054,
	7.98714 11.0469,
	7.98691 11.052,
	7.97343 11.0705,
	7.96592 11.0796,
	7.94664 11.0669,
	7.93698 11.0605,
	7.93215 11.0573,
	7.91879 11.0355,
	7.91555 11.0298,
	7.9061 11.0201,
	7.90139 11.0149,
	7.88179 10.9991,
	7.86195 10.9854,
	7.85199 10.979,
	7.83226 10.9642,
	7.82243 10.9566,
	7.81236 10.9523,
	7.80224 10.9494,
	7.79726 10.947,
	7.78963 10.9358,
	7.78614 10.9302,
	7.78438 10.9274,
	7.78343 10.922,
	7.78348 10.901,
	7.78047 10.8591,
	7.77973 10.818,
	7.77632 10.7775,
	7.77523 10.7576,
	7.77171 10.7185,
	7.76705 10.6805,
	7.76931 10.645,
	7.77158 10.6363,
	7.77305 10.6319,
	7.7736 10.6303,
	7.77378 10.6297,
	7.77737 10.621,
	7.7788 10.6166,
	7.78573 10.6081,
	7.8014 10.5911,
	7.80877 10.5824,
	7.83408 10.5703,
	7.8453 10.5695,
	7.86718 10.5694,
	7.95207 10.5744,
	7.96237 10.5758,
	8.00239 10.586,
	8.04326 10.59,
	8.06365 10.5917,
	8.07384 10.5926,
	8.11667 10.585,
	8.16126 10.5688,
	8.20668 10.551,
	8.21817 10.5464,
	8.224 10.5438,
	8.24494 10.5465,
	8.2663 10.548,
	8.28885 10.5447,
	8.3003 10.5428,
	8.31154 10.5421,
	8.35542 10.5469,
	8.37774 10.5488,
	8.40048 10.5494,
	8.4236 10.5488,
	8.43509 10.5488,
	8.48327 10.5388,
	8.57544 10.5196,
	8.58642 10.5162,
	8.59178 10.5152,
	8.61233 10.5169,
	8.62252 10.518,
	8.62509 10.5181,
	8.64407 10.5296,
	8.64879 10.5325,
	8.66861 10.5373,
	8.6736 10.5382,
	8.71679 10.5212,
	8.75918 10.5072,
	8.80295 10.4823,
	8.82465 10.4716,
	8.83558 10.4659,
	8.84093 10.464,
	8.86179 10.4606,
	8.87236 10.4583,
	8.87757 10.4578,
	8.89783 10.4601,
	8.93682 10.4778,
	8.9538 10.5009,
	8.9621 10.5127,
	8.96312 10.5142,
	8.96191 10.536,
	8.9615 10.5468,
	8.96874 10.5903,
	8.96942 10.6322,
	8.96863 10.6426,
	8.9582 10.6831,
	8.95339 10.7033,
	8.95047 10.7134,
	8.93103 10.7329,
	8.89092 10.732,
	8.88584 10.7325,
	8.86357 10.7443,
	8.85248 10.7517,
	8.84192 10.7601,
	8.83868 10.7694,
	8.83738 10.7741,
	8.83643 10.7764,
	8.84696 10.815,
	8.84731 10.8174,
	8.83829 10.8363,
	8.8359 10.841,
	8.83439 10.8434,
	8.81265 10.8594,
	8.80259 10.8785,
	8.79788 10.8881,
	8.79933 10.9278,
	8.79069 10.9474,
	8.78836 10.9524,
	8.77293 10.9729,
	8.77088 10.9757,
	8.76254 10.9976,
	8.75865 11.0087,
	8.74769 11.0312,
	8.74479 11.0368,
	8.72313 11.0573,
	8.71221 11.0675,
	8.66883 11.0994,
	8.62559 11.1245,
	8.58288 11.1427,
	8.57225 11.1466,
	8.56691 11.1489,
	8.52565 11.1516,
	8.48375 11.16,
	8.47498 11.1701,
	8.46996 11.1752,
	8.46305 11.1856,
	8.45231 11.207,
	8.43821 11.2277,
	8.43499 11.2329,
	8.4141 11.2521,
	8.41112 11.2544,
	"/>
</Transform>

<Transform dim="0"
 xcoef=" 0 1 0 0 0 0"
 ycoef=" 0 0 1 0 0 0">
<Contour name="d04" hidden="false" closed="true" simplified="true" border="0 0 0" fill="0 0 0" mode="11"
 points="7.22034 10.6569,
	7.20394 10.6554,
	7.19567 10.6546,
	7.19154 10.654,
	7.17527 10.6475,
	7.14194 10.633,
	7.13342 10.6292,
	7.09802 10.6276,
	7.08908 10.6273,
	7.07114 10.6238,
	7.06661 10.6227,
	7.06435 10.6221,
	7.06321 10.6221,
	7.0569 10.614,
	7.05342 10.61,
	7.05422 10.5785,
	7.05477 10.5745,
	7.05354 10.5705,
	7.04925 10.5625,
	7.0461 10.5545,
	7.04339 10.5386,
	7.0398 10.5068,
	7.03977 10.5048,
	7.03976 10.5043,
	7.03976 10.5038,
	7.04147 10.4879,
	7.0483 10.4563,
	7.04892 10.4523,
	7.05918 10.4366,
	7.06433 10.4287,
	7.08475 10.4142,
	7.1049 10.4062,
	7.12474 10.3998,
	7.12964 10.398,
	7.13208 10.3971,
	7.15139 10.3972,
	7.17032 10.3964,
	7.1889 10.3943,
	7.19805 10.3933,
	7.20259 10.3925,
	7.23878 10.3916,
	7.27464 10.3907,
	7.31011 10.3791,
	7.34452 10.3795,
	7.37846 10.3811,
	7.39529 10.3822,
	7.41149 10.3909,
	7.41954 10.3953,
	7.43335 10.4114,
	7.4404 10.4197,
	7.44509 10.4358,
	7.44592 10.4379,
	7.44568 10.4697,
	7.44393 10.5014,
	7.44083 10.5172,
	7.43923 10.525,
	7.43866 10.529,
	7.43087 10.5446,
	7.42718 10.5524,
	7.42556 10.5563,
	7.41985 10.5642,
	7.41315 10.572,
	7.41003 10.5759,
	7.39259 10.5918,
	7.38333 10.5999,
	7.34906 10.6202,
	7.33217 10.6298,
	7.29848 10.6457,
	7.29427 10.6476,
	7.26145 10.6541,
	7.22867 10.6561,
	"/>
</Transform>

<Transform dim="0"
 xcoef=" 0 1 0 0 0 0"
 ycoef=" 0 0 1 0 0 0">
<Contour name="d04" hidden="false" closed="true" simplified="true" border="0 0 0" fill="0 0 0" mode="11"
 points="6.92824 10.0989,
	6.89756 10.0897,
	6.89375 10.0886,
	6.86506 10.0611,
	6.85396 10.045,
	6.83846 10.013,
	6.8321 9.99706,
	6.82888 9.9891,
	6.82529 9.95769,
	6.82245 9.94205,
	6.82324 9.92661,
	6.8236 9.91894,
	6.82366 9.91798,
	6.83592 9.88803,
	6.85999 9.85953,
	6.89124 9.83361,
	6.90673 9.82051,
	6.91443 9.81403,
	6.97515 9.78128,
	6.99039 9.76896,
	6.99801 9.76377,
	7.023 9.73513,
	7.03731 9.72178,
	7.06895 9.70501,
	7.08469 9.69866,
	7.09265 9.69459,
	7.12523 9.66732,
	7.15081 9.63965,
	7.20723 9.58481,
	7.22159 9.57102,
	7.25235 9.5569,
	7.2562 9.55539,
	7.27258 9.56284,
	7.27668 9.56425,
	7.28929 9.59668,
	7.29196 9.60479,
	7.28107 9.63464,
	7.27926 9.64219,
	7.26273 9.6711,
	7.25295 9.68527,
	7.22839 9.71276,
	7.19227 9.76914,
	7.17735 9.79718,
	7.17309 9.80417,
	7.16832 9.83376,
	7.1659 9.84862,
	7.16553 9.86377,
	7.16535 9.87135,
	7.14628 9.89978,
	7.13386 9.91386,
	7.10339 9.94195,
	7.07536 9.97091,
	7.04945 10.0007,
	7.02636 10.0313,
	7.00478 10.0625,
	6.97365 10.09,
	6.96962 10.0935,
	6.96761 10.0953,
	6.93613 10.0983,
	"/>
</Transform>

<Transform dim="0"
 xcoef=" 0 1 0 0 0 0"
 ycoef=" 0 0 1 0 0 0">
<Contour name="d04" hidden="false" closed="true" simplified="true" border="0 0 0" fill="0 0 0" mode="11"
 points="9.03568 9.33236,
	8.99333 9.32334,
	8.95048 9.31139,
	8.93962 9.30929,
	8.92877 9.30581,
	8.90726 9.28753,
	8.90183 9.28377,
	8.88436 9.2582,
	8.88162 9.25498,
	8.87692 9.24302,
	8.86938 9.21961,
	8.86586 9.20806,
	8.86372 9.20226,
	8.86202 9.18003,
	8.86192 9.17452,
	8.85827 9.16866,
	8.84876 9.15673,
	8.84432 9.15083,
	8.82067 9.12963,
	8.80296 9.10653,
	8.80136 9.10369,
	8.80077 9.09289,
	8.80062 9.0902,
	8.80055 9.08885,
	8.80051 9.08817,
	8.80062 9.07745,
	8.80031 9.07208,
	8.81583 9.05203,
	8.81988 9.04706,
	8.84225 9.03507,
	8.8534 9.02947,
	8.85898 9.02669,
	8.86178 9.02562,
	8.88447 9.02582,
	8.89579 9.02618,
	8.90141 9.02604,
	8.92365 9.02098,
	8.93474 9.01889,
	8.97907 9.01801,
	8.99011 9.01766,
	9.00118 9.01871,
	9.01226 9.02118,
	9.03439 9.02973,
	9.05651 9.04,
	9.07862 9.0534,
	9.08968 9.06201,
	9.1118 9.0816,
	9.13398 9.09989,
	9.13955 9.10465,
	9.15752 9.13163,
	9.16165 9.13832,
	9.16371 9.14166,
	9.16763 9.16588,
	9.16886 9.1778,
	9.16947 9.18373,
	9.15694 9.22725,
	9.1342 9.26827,
	9.13279 9.27083,
	9.11283 9.28937,
	9.09178 9.30681,
	9.081 9.3151,
	9.07563 9.31891,
	9.05432 9.32604,
	9.04367 9.32994,
	9.03835 9.33156,
	"/>
</Transform>

<Transform dim="0"
 xcoef=" 0 1 0 0 0 0"
 ycoef=" 0 0 1 0 0 0">
<Contour name="d23sp14" hidden="false" closed="true" simplified="true" border="1 0 0" fill="1 0 0" mode="11"
 points="8.23917 7.98548,
	8.23163 7.98181,
	8.22419 7.98215,
	8.21673 7.97842,
	8.15865 7.9761,
	8.13022 7.97658,
	8.11613 7.97676,
	8.11085 7.97682,
	8.11081 7.97294,
	8.12472 7.96102,
	8.18036 7.89645,
	8.22334 7.83427,
	8.27644 7.7722,
	8.28295 7.74112,
	8.28537 7.7101,
	8.2874 7.69459,
	8.28427 7.6329,
	8.27926 7.60223,
	8.24075 7.4802,
	8.23318 7.46485,
	8.21061 7.43376,
	8.20154 7.41845,
	8.19735 7.38893,
	8.21309 7.36295,
	8.22831 7.35695,
	8.24388 7.35463,
	8.25172 7.35349,
	8.25562 7.35203,
	8.28868 7.37101,
	8.29713 7.37715,
	8.3083 7.39252,
	8.315 7.40749,
	8.33658 7.43816,
	8.36244 7.46927,
	8.37659 7.48497,
	8.39587 7.51556,
	8.40686 7.53097,
	8.42165 7.56107,
	8.42939 7.57608,
	8.44788 7.63465,
	8.45651 7.64936,
	8.47217 7.70639,
	8.47436 7.72043,
	8.46363 7.74821,
	8.45161 7.80446,
	8.44675 7.81868,
	8.44324 7.82587,
	8.41214 7.85222,
	8.40428 7.85808,
	8.40042 7.86192,
	8.36795 7.86779,
	8.30536 7.89458,
	8.29636 7.91113,
	8.26862 7.94533,
	8.25385 7.96242,
	8.24472 7.97911,
	8.24478 7.98316,
	"/>
</Transform>

<Transform dim="0"
 xcoef=" 0 1 0 0 0 0"
 ycoef=" 0 0 1 0 0 0">
<Contour name="d23sp13" hidden="false" closed="true" simplified="true" border="1 0 0" fill="1 0 0" mode="11"
 points="7.27761 9.02836,
	7.24981 9.01387,
	7.22687 8.99486,
	7.21652 8.98454,
	7.20454 8.96371,
	7.19955 8.95321,
	7.19803 8.93223,
	7.19656 8.92167,
	7.19667 8.91641,
	7.19671 8.91509,
	7.20159 8.91519,
	7.20804 8.91926,
	7.21133 8.91932,
	7.2178 8.9247,
	7.24268 8.93686,
	7.25625 8.94093,
	7.25969 8.94097,
	7.2631 8.94361,
	7.29102 8.9477,
	7.34789 8.94733,
	7.3762 8.9467,
	7.38331 8.94655,
	7.3831 8.94909,
	7.36052 8.96964,
	7.34412 8.98989,
	7.33879 8.99985,
	7.32195 9.01975,
	7.31707 9.0247,
	7.29071 9.02793,
	"/>
</Transform>

<Transform dim="0"
 xcoef=" 0 1 0 0 0 0"
 ycoef=" 0 0 1 0 0 0">
<Contour name="d17sp31" hidden="false" closed="true" simplified="true" border="1 0 0" fill="1 0 0" mode="11"
 points="4.40784 7.71961,
	4.36813 7.71385,
	4.36324 7.71296,
	4.34344 7.70546,
	4.32364 7.69461,
	4.3187 7.69174,
	4.29912 7.67576,
	4.27955 7.65815,
	4.27463 7.65359,
	4.2601 7.63022,
	4.24467 7.58461,
	4.23943 7.57321,
	4.23543 7.56191,
	4.22941 7.51737,
	4.22722 7.4953,
	4.22635 7.45154,
	4.22636 7.45086,
	4.22636 7.45017,
	4.22958 7.42847,
	4.23913 7.40699,
	4.25442 7.38576,
	4.27483 7.36557,
	4.28504 7.35793,
	4.28759 7.35603,
	4.28889 7.35473,
	4.30912 7.35044,
	4.3497 7.3484,
	4.35993 7.3485,
	4.38035 7.35145,
	4.38548 7.35189,
	4.40567 7.36493,
	4.41565 7.37579,
	4.42071 7.38092,
	4.46188 7.4151,
	4.47225 7.42697,
	4.47485 7.42994,
	4.48262 7.4517,
	4.48715 7.47331,
	4.49158 7.51683,
	4.49346 7.53879,
	4.49394 7.56075,
	4.49454 7.57177,
	4.49516 7.57731,
	4.49227 7.59916,
	4.49083 7.61009,
	4.4753 7.65322,
	4.46812 7.67472,
	4.45526 7.69588,
	4.454 7.69853,
	4.44381 7.70755,
	4.43876 7.71205,
	4.43362 7.71522,
	4.42317 7.71821,
	4.418 7.71937,
	"/>
</Transform>

<Transform dim="0"
 xcoef=" 0 1 0 0 0 0"
 ycoef=" 0 0 1 0 0 0">
<Contour name="d04sp07" hidden="false" closed="true" simplified="true" border="1 0 0" fill="1 0 0" mode="11"
 points="9.00415 12.2173,
	8.98982 12.2169,
	8.97566 12.2154,
	8.96863 12.2144,
	8.96736 12.2136,
	8.96625 12.2135,
	8.95258 12.2053,
	8.94383 12.1911,
	8.94276 12.1876,
	8.94283 12.1806,
	8.94691 12.1524,
	8.95011 12.1235,
	8.95303 12.0941,
	8.96152 12.0327,
	8.96674 12.0005,
	8.96936 11.9841,
	8.9721 11.9506,
	8.97565 11.9335,
	8.97749 11.9249,
	8.97761 11.9244,
	8.97772 11.9238,
	8.98003 11.9152,
	8.98142 11.9109,
	8.98635 11.9022,
	8.98905 11.8978,
	8.99767 11.8901,
	8.99965 11.889,
	9.00696 11.8872,
	9.03548 11.8845,
	9.06416 11.8822,
	9.09285 11.8805,
	9.10704 11.8804,
	9.12085 11.8823,
	9.14868 11.894,
	9.16258 11.8995,
	9.18975 11.9145,
	9.24585 11.9389,
	9.27419 11.9511,
	9.28776 11.9624,
	9.29761 11.9777,
	9.29856 11.9815,
	9.29822 11.9971,
	9.29792 11.9994,
	9.29788 12.0021,
	9.29416 12.033,
	9.29333 12.0407,
	9.29159 12.0484,
	9.2862 12.0639,
	9.28484 12.0677,
	9.27979 12.0755,
	9.21252 12.1337,
	9.17831 12.1617,
	9.14431 12.1883,
	9.13587 12.1953,
	9.13379 12.1968,
	9.1177 12.2032,
	9.10971 12.2061,
	9.07856 12.2126,
	9.06327 12.215,
	"/>
</Transform>

<Transform dim="0"
 xcoef=" 0 1 0 0 0 0"
 ycoef=" 0 0 1 0 0 0">
<Contour name="d07sp17" hidden="false" closed="true" simplified="true" border="1 0 0" fill="1 0 0" mode="11"
 points="7.01519 8.18419,
	7.00389 8.18135,
	6.99329 8.17509,
	6.98774 8.17312,
	6.98054 8.16442,
	6.97692 8.16007,
	6.97883 8.14167,
	6.97942 8.13822,
	6.97962 8.13706,
	6.98418 8.12768,
	6.98492 8.12308,
	6.98864 8.11832,
	7.0147 8.10235,
	7.03956 8.0913,
	7.06356 8.08277,
	7.10943 8.07065,
	7.12054 8.06824,
	7.14256 8.05889,
	7.16392 8.0541,
	7.17442 8.05283,
	7.17965 8.05276,
	7.18987 8.05827,
	7.19603 8.06722,
	7.19842 8.07167,
	7.19673 8.08068,
	7.18975 8.08976,
	7.18686 8.09427,
	7.16574 8.11247,
	7.15428 8.12046,
	7.13107 8.13314,
	7.1189 8.14119,
	7.0943 8.15408,
	7.08157 8.16118,
	7.05638 8.17104,
	7.0314 8.17771,
	7.01844 8.18288,
	"/>
</Transform>

<Transform dim="0"
 xcoef=" 0 1 0 0 0 0"
 ycoef=" 0 0 1 0 0 0">
<Contour name="d30sp06" hidden="false" closed="true" simplified="true" border="1 0 0" fill="1 0 0" mode="11"
 points="12.8681 7.88885,
	12.8612 7.88858,
	12.8578 7.88842,
	12.8447 7.87472,
	12.8424 7.87082,
	12.841 7.84008,
	12.842 7.80858,
	12.8405 7.77584,
	12.8415 7.76761,
	12.8417 7.76659,
	12.8481 7.7335,
	12.8655 7.70126,
	12.8791 7.69652,
	12.8808 7.69565,
	12.9036 7.71704,
	12.9153 7.72934,
	12.9261 7.74534,
	12.9312 7.75368,
	12.9346 7.76989,
	12.9347 7.80154,
	12.9336 7.81708,
	12.9283 7.84756,
	12.9253 7.85504,
	12.9142 7.8698,
	12.8999 7.88061,
	12.8963 7.88329,
	12.8821 7.88842,
	"/>
</Transform>

<Transform dim="0"
 xcoef=" 0 1 0 0 0 0"
 ycoef=" 0 0 1 0 0 0">
<Contour name="d30sp06" hidden="false" closed="true" simplified="true" border="1 0 0" fill="1 0 0" mode="11"
 points="12.89 7.33383,
	12.8639 7.32268,
	12.8574 7.31986,
	12.8541 7.31874,
	12.8403 7.30895,
	12.8333 7.30411,
	12.8053 7.26664,
	12.7756 7.23018,
	12.7716 7.22618,
	12.7368 7.20001,
	12.7345 7.1983,
	12.7024 7.18434,
	12.6859 7.17779,
	12.6526 7.16655,
	12.6428 7.16108,
	12.6004 7.13576,
	12.5895 7.12986,
	12.5839 7.12665,
	12.5813 7.12556,
	12.5797 7.12448,
	12.5792 7.12443,
	12.5784 7.12292,
	12.5839 7.11796,
	12.5865 7.11498,
	12.5921 7.11056,
	12.5964 7.10512,
	12.5989 7.10269,
	12.6006 7.10223,
	12.6054 7.09737,
	12.6061 7.0954,
	12.6235 7.07517,
	12.6317 7.06516,
	12.634 7.06331,
	12.6378 7.05808,
	12.6409 7.0528,
	12.6418 7.05137,
	12.6427 7.05142,
	12.6453 7.04463,
	12.6468 7.04423,
	12.649 7.04188,
	12.6506 7.03849,
	12.6528 7.03613,
	12.6535 7.03418,
	12.658 7.02946,
	12.6592 7.02603,
	12.6618 7.02418,
	12.6632 7.02076,
	12.6645 7.01983,
	12.6663 7.0159,
	12.671 7.01062,
	12.6735 7.00824,
	12.6743 7.00676,
	12.6752 7.0068,
	12.6771 7.00284,
	12.6828 6.99855,
	12.6845 6.99454,
	12.6902 6.98969,
	12.6908 6.98765,
	12.6939 6.98575,
	12.6962 6.98223,
	12.6976 6.98178,
	12.6991 6.98185,
	12.7193 6.9994,
	12.7401 7.01604,
	12.7505 7.02391,
	12.7604 7.03283,
	12.7913 7.06827,
	12.8201 7.10407,
	12.8348 7.12222,
	12.8421 7.13138,
	12.8656 7.16757,
	12.8766 7.18577,
	12.8819 7.1949,
	12.8982 7.23082,
	12.9047 7.24862,
	12.9133 7.28364,
	12.9167 7.30111,
	12.917 7.30537,
	12.9172 7.30754,
	12.9123 7.32331,
	12.91 7.33128,
	12.9073 7.33335,
	12.8947 7.33376,
	12.8915 7.33361,
	"/>
</Transform>

<Transform dim="0"
 xcoef=" 0 1 0 0 0 0"
 ycoef=" 0 0 1 0 0 0">
<Contour name="d19sp09" hidden="false" closed="true" simplified="true" border="1 0 0" fill="1 0 0" mode="11"
 points="4.53211 12.0128,
	4.5173 12.0111,
	4.48795 12.0028,
	4.47346 11.9953,
	4.46626 11.99,
	4.46001 11.9828,
	4.45557 11.9747,
	4.45292 11.9667,
	4.45022 11.9507,
	4.44897 11.919,
	4.44889 11.915,
	4.44887 11.914,
	4.46125 11.8829,
	4.46536 11.8751,
	4.47218 11.8685,
	4.47908 11.8639,
	4.48608 11.8613,
	4.50025 11.859,
	4.50735 11.8583,
	4.53654 11.8668,
	4.544 11.8711,
	4.5594 11.8878,
	4.57463 11.9006,
	4.58822 11.9161,
	4.59598 11.9244,
	4.60189 11.9326,
	4.60908 11.9491,
	4.60871 11.9648,
	4.60709 11.9725,
	4.59531 11.9876,
	4.58794 11.994,
	4.58427 11.9978,
	4.56937 12.0048,
	4.55446 12.01,
	4.547 12.0125,
	"/>
</Transform>

<Transform dim="0"
 xcoef=" 0 1 0 0 0 0"
 ycoef=" 0 0 1 0 0 0">
<Contour name="d04sp08" hidden="false" closed="true" simplified="true" border="1 0 0" fill="1 0 0" mode="11"
 points="8.087 11.6027,
	8.06146 11.6009,
	8.04893 11.6,
	8.02405 11.5961,
	8.018 11.5955,
	7.99231 11.5833,
	7.97875 11.576,
	7.96528 11.5681,
	7.9585 11.5636,
	7.95154 11.5578,
	7.94809 11.5549,
	7.9219 11.5399,
	7.91518 11.5354,
	7.90166 11.5245,
	7.8883 11.513,
	7.88169 11.5071,
	7.87841 11.504,
	7.85697 11.4769,
	7.84815 11.4638,
	7.84423 11.4573,
	7.83982 11.4447,
	7.83824 11.4385,
	7.83748 11.4145,
	7.83747 11.4141,
	7.84029 11.4022,
	7.84066 11.4007,
	7.84566 11.3969,
	7.84836 11.3952,
	7.8593 11.3949,
	7.87044 11.3975,
	7.88178 11.4011,
	7.89336 11.4069,
	7.89923 11.4102,
	7.92293 11.4152,
	7.97179 11.4201,
	7.98433 11.4214,
	7.99715 11.4269,
	8.00361 11.4297,
	8.03003 11.4451,
	8.08493 11.4814,
	8.09164 11.4858,
	8.11906 11.5,
	8.12255 11.5016,
	8.12969 11.5065,
	8.14427 11.5177,
	8.15129 11.5236,
	8.15778 11.5384,
	8.15339 11.5638,
	8.15246 11.5703,
	8.14499 11.5819,
	8.14283 11.5848,
	8.14221 11.5863,
	8.12978 11.5936,
	8.12361 11.5969,
	8.1221 11.5978,
	8.09636 11.601,
	8.09008 11.6019,
	"/>
</Transform>

<Transform dim="0"
 xcoef=" 0 1 0 0 0 0"
 ycoef=" 0 0 1 0 0 0">
<Contour name="d07sp14" hidden="false" closed="true" simplified="true" border="1 0 0" fill="1 0 0" mode="11"
 points="5.81383 8.57808,
	5.81257 8.57663,
	5.8438 8.53358,
	5.86971 8.48986,
	5.88305 8.46788,
	5.89185 8.44555,
	5.91058 8.42831,
	5.92026 8.41901,
	5.9317 8.3969,
	5.94625 8.37503,
	5.95312 8.36405,
	5.96406 8.35336,
	5.97126 8.34236,
	5.97804 8.3198,
	5.98232 8.29701,
	5.98306 8.25065,
	5.98262 8.2389,
	5.97153 8.19038,
	5.96488 8.14047,
	5.96155 8.11479,
	5.95875 8.06259,
	5.95555 8.0489,
	5.94957 8.03462,
	5.9321 8.00461,
	5.92474 7.9896,
	5.92108 7.98205,
	5.92001 7.95429,
	5.91413 7.89713,
	5.91417 7.86995,
	5.91802 7.81633,
	5.91926 7.78894,
	5.92117 7.77548,
	5.92146 7.76858,
	5.93044 7.74301,
	5.93535 7.71651,
	5.93711 7.70317,
	5.94447 7.67782,
	5.94747 7.66514,
	5.95733 7.64132,
	5.96654 7.5923,
	5.97312 7.54435,
	5.97474 7.53257,
	5.96731 7.48161,
	5.95804 7.45453,
	5.95341 7.44097,
	5.95109 7.43418,
	5.91275 7.38039,
	5.8762 7.31857,
	5.86618 7.30267,
	5.77791 7.19677,
	5.75447 7.1718,
	5.70653 7.11641,
	5.65854 7.05728,
	5.63634 7.02737,
	5.59869 6.96854,
	5.57735 6.93905,
	5.56825 6.92447,
	5.5564 6.89596,
	5.55129 6.88185,
	5.54794 6.85445,
	5.54531 6.84073,
	5.54138 6.73474,
	5.5403 6.68247,
	5.54384 6.63208,
	5.54333 6.60715,
	5.54332 6.59478,
	5.54345 6.59324,
	5.54357 6.59171,
	5.54777 6.5674,
	5.54848 6.56129,
	5.56626 6.54113,
	5.5751 6.53413,
	5.59263 6.5248,
	5.61259 6.50816,
	5.65346 6.48462,
	5.67273 6.48217,
	5.69066 6.48734,
	5.7109 6.48669,
	5.72846 6.49953,
	5.76324 6.54495,
	5.75482 6.59278,
	5.75257 6.60479,
	5.7372 6.65234,
	5.72926 6.67638,
	5.73145 6.7021,
	5.7348 6.71543,
	5.7515 6.74405,
	5.7748 6.76294,
	5.78627 6.76841,
	5.80844 6.76595,
	5.83145 6.769,
	5.84274 6.76461,
	5.84847 6.76245,
	5.86054 6.76684,
	5.87253 6.76787,
	5.87854 6.76755,
	5.88478 6.77077,
	5.89775 6.78443,
	5.90952 6.8016,
	5.91971 6.83214,
	5.93346 6.89331,
	5.94167 6.92502,
	5.9663 6.99213,
	5.98421 7.028,
	5.99718 7.06205,
	6.00486 7.07936,
	6.04819 7.12621,
	6.05902 7.13312,
	6.10252 7.14025,
	6.12474 7.13894,
	6.13608 7.13643,
	6.18452 7.10801,
	6.19712 7.10148,
	6.22135 7.07919,
	6.23347 7.07503,
	6.28141 7.07079,
	6.30648 7.06367,
	6.31834 7.05515,
	6.33231 7.04295,
	6.3454 7.03643,
	6.35703 7.03946,
	6.36752 7.05014,
	6.37576 7.06648,
	6.38638 7.07733,
	6.39185 7.08183,
	6.39732 7.09795,
	6.39834 7.11343,
	6.38384 7.1418,
	6.37743 7.15582,
	6.30504 7.25825,
	6.2999 7.27074,
	6.29175 7.28251,
	6.26798 7.30224,
	6.25078 7.32428,
	6.2224 7.36871,
	6.20957 7.39097,
	6.20399 7.40221,
	6.19713 7.42545,
	6.19863 7.45015,
	6.21041 7.50143,
	6.21655 7.52731,
	6.2183 7.54007,
	6.23403 7.59291,
	6.23664 7.61854,
	6.23873 7.63152,
	6.23743 7.65658,
	6.21765 7.75492,
	6.21172 7.85542,
	6.21167 7.90492,
	6.21018 7.92966,
	6.21108 7.95517,
	6.21632 7.98087,
	6.21844 8.02995,
	6.20857 8.12337,
	6.19994 8.16911,
	6.19846 8.1806,
	6.17992 8.22574,
	6.16758 8.24826,
	6.15064 8.29414,
	6.14447 8.31741,
	6.13115 8.34028,
	6.12676 8.35189,
	6.12815 8.36392,
	6.12885 8.36994,
	6.15666 8.41986,
	6.16607 8.44446,
	6.17095 8.45674,
	6.18207 8.46646,
	6.19311 8.47911,
	6.21605 8.49698,
	6.22769 8.50516,
	6.27543 8.52876,
	6.29967 8.53887,
	6.25025 8.54499,
	5.91007 8.56894,
	5.8336 8.57637,
	"/>
</Transform>

<Transform dim="0"
 xcoef=" 0 1 0 0 0 0"
 ycoef=" 0 0 1 0 0 0">
<Contour name="d24sp11" hidden="false" closed="true" simplified="true" border="1 0 0" fill="1 0 0" mode="11"
 points="7.60282 7.07058,
	7.56573 7.05322,
	7.54695 7.04313,
	7.52802 7.03431,
	7.509 7.03093,
	7.49942 7.02865,
	7.49461 7.02751,
	7.47537 7.01463,
	7.47054 7.01112,
	7.46288 6.99225,
	7.46122 6.98279,
	7.46008 6.97805,
	7.46017 6.97329,
	7.46021 6.97091,
	7.46023 6.97032,
	7.46024 6.96972,
	7.46166 6.96017,
	7.48114 6.94709,
	7.49067 6.94614,
	7.50956 6.94602,
	7.52833 6.94456,
	7.53766 6.94349,
	7.57456 6.95077,
	7.59288 6.95535,
	7.61113 6.96188,
	7.61567 6.96414,
	7.61795 6.96465,
	7.6202 6.96642,
	7.63262 6.98607,
	7.63435 7.00627,
	7.63553 7.01635,
	7.6346 7.03654,
	7.63464 7.04155,
	7.62365 7.06173,
	7.6209 7.06672,
	"/>
</Transform>

<Transform dim="0"
 xcoef=" 0 1 0 0 0 0"
 ycoef=" 0 0 1 0 0 0">
<Contour name="d24sp09" hidden="false" closed="true" simplified="true" border="1 0 0" fill="1 0 0" mode="11"
 points="5.40057 6.0389,
	5.35648 6.02882,
	5.31443 6.0077,
	5.30441 5.9987,
	5.2849 5.97831,
	5.27545 5.96691,
	5.2601 5.94137,
	5.25772 5.93513,
	5.25274 5.91062,
	5.25125 5.9044,
	5.2505 5.9013,
	5.25321 5.88957,
	5.25392 5.88663,
	5.2541 5.8859,
	5.25771 5.87417,
	5.25992 5.86833,
	5.30494 5.82436,
	5.31641 5.81321,
	5.31928 5.81041,
	5.33033 5.80961,
	5.3725 5.81037,
	5.37772 5.81038,
	5.38206 5.81344,
	5.39813 5.83074,
	5.43335 5.85766,
	5.46995 5.88685,
	5.48968 5.90002,
	5.51032 5.91146,
	5.51548 5.91463,
	5.53691 5.92245,
	5.55876 5.92819,
	5.56974 5.93104,
	5.59139 5.94019,
	5.60224 5.94512,
	5.61266 5.95414,
	5.6179 5.95865,
	5.62035 5.96981,
	5.61765 5.99156,
	5.59968 6.01223,
	5.57632 6.02299,
	5.56476 6.02704,
	5.51939 6.03248,
	5.47407 6.03679,
	5.45143 6.03829,
	5.40625 6.03853,
	"/>
</Transform>

<Transform dim="0"
 xcoef=" 0 1 0 0 0 0"
 ycoef=" 0 0 1 0 0 0">
<Contour name="d07sp15" hidden="false" closed="true" simplified="true" border="1 0 0" fill="1 0 0" mode="11"
 points="6.83236 9.19894,
	6.80186 9.10987,
	6.79402 9.08785,
	6.79251 9.08507,
	6.79244 9.08372,
	6.83603 9.0845,
	6.87882 9.08249,
	6.88951 9.08193,
	6.90068 9.08527,
	6.90629 9.08692,
	6.91298 9.09776,
	6.91497 9.10308,
	6.91342 9.11342,
	6.88089 9.15367,
	6.87287 9.16394,
	6.85017 9.18319,
	6.83837 9.19366,
	"/>
</Transform>

<Transform dim="0"
 xcoef=" 0 1 0 0 0 0"
 ycoef=" 0 0 1 0 0 0">
<Contour name="d07sp15" hidden="false" closed="true" simplified="true" border="1 0 0" fill="1 0 0" mode="11"
 points="7.6131 9.04678,
	7.56676 9.04141,
	7.54267 9.04124,
	7.51693 9.04367,
	7.49144 9.04377,
	7.44095 9.03747,
	7.41547 9.03364,
	7.40273 9.03009,
	7.39006 9.0219,
	7.38055 9.01257,
	7.37928 9.00307,
	7.37775 8.99952,
	7.3778 8.99832,
	7.39069 8.97884,
	7.39994 8.96899,
	7.41282 8.95905,
	7.44206 8.94283,
	7.45682 8.93413,
	7.51021 8.90848,
	7.5229 8.90244,
	7.52914 8.90004,
	7.55124 8.88035,
	7.5987 8.84189,
	7.64333 8.80903,
	7.65431 8.80014,
	7.67607 8.79034,
	7.71928 8.78411,
	7.74092 8.78234,
	7.78454 8.77219,
	7.82881 8.76466,
	7.85126 8.76284,
	7.87381 8.7662,
	7.91915 8.78434,
	7.9305 8.79109,
	7.94027 8.80036,
	7.94702 8.81086,
	7.95165 8.83169,
	7.95246 8.84212,
	7.94493 8.88288,
	7.94045 8.90338,
	7.93184 8.92388,
	7.91374 8.94415,
	7.89065 8.96298,
	7.88492 8.96802,
	7.86269 8.98032,
	7.85165 8.98645,
	7.82994 8.99352,
	7.78711 8.99847,
	7.7656 9.00156,
	7.7549 9.00115,
	7.74955 9.00095,
	7.72768 9.00656,
	7.68286 9.02392,
	7.67142 9.02849,
	7.65971 9.03555,
	7.63643 9.04314,
	7.62469 9.04623,
	"/>
</Transform>

<Transform dim="0"
 xcoef=" 0 1 0 0 0 0"
 ycoef=" 0 0 1 0 0 0">
<Contour name="d07sp13" hidden="false" closed="true" simplified="true" border="1 0 0" fill="1 0 0" mode="11"
 points="6.86637 9.81267,
	6.84318 9.80552,
	6.81992 9.79137,
	6.79641 9.77466,
	6.77701 9.75248,
	6.74646 9.70599,
	6.73701 9.68303,
	6.70689 9.59398,
	6.69962 9.57237,
	6.67019 9.52969,
	6.6583 9.5084,
	6.64745 9.49766,
	6.64099 9.48692,
	6.63747 9.4762,
	6.63488 9.45473,
	6.63388 9.44934,
	6.62468 9.4396,
	6.60313 9.42522,
	6.5928 9.41384,
	6.57135 9.40186,
	6.56071 9.39585,
	6.55931 9.39579,
	6.55806 9.39435,
	6.74715 9.32207,
	6.77109 9.3132,
	6.78299 9.30941,
	6.78898 9.30685,
	6.79023 9.3096,
	6.78126 9.33117,
	6.77924 9.37426,
	6.7813 9.38495,
	6.78924 9.39558,
	6.81188 9.40744,
	6.83496 9.41653,
	6.85862 9.42037,
	6.87058 9.42166,
	6.89499 9.41775,
	6.91984 9.40602,
	6.94457 9.39689,
	6.99349 9.39568,
	7.041 9.4016,
	7.064 9.4062,
	7.07543 9.4099,
	7.09813 9.42286,
	7.12077 9.43352,
	7.14337 9.4474,
	7.18655 9.49243,
	7.1973 9.51596,
	7.20056 9.5277,
	7.19824 9.55063,
	7.1927 9.57335,
	7.18383 9.59577,
	7.17761 9.61845,
	7.1665 9.64064,
	7.16003 9.65162,
	7.1112 9.69058,
	7.06223 9.71288,
	7.05617 9.71538,
	7.03114 9.7357,
	6.98319 9.76926,
	6.95975 9.78409,
	6.93636 9.7963,
	6.91305 9.80441,
	6.88973 9.80987,
	"/>
</Transform>

<Transform dim="0"
 xcoef=" 0 1 0 0 0 0"
 ycoef=" 0 0 1 0 0 0">
<Contour name="d04sp10a" hidden="false" closed="true" simplified="true" border="1 0 0" fill="1 0 0" mode="11"
 points="7.76856 10.6916,
	7.76726 10.6914,
	7.76855 10.6574,
	7.77029 10.6405,
	7.7731 10.6322,
	7.7738 10.6302,
	7.77397 10.6296,
	7.77739 10.6213,
	7.77876 10.6172,
	7.78472 10.609,
	7.80033 10.5929,
	7.80672 10.5845,
	7.80862 10.5825,
	7.83277 10.571,
	7.85412 10.5693,
	7.86459 10.569,
	7.88508 10.57,
	7.89521 10.5708,
	7.90025 10.5712,
	7.90152 10.5713,
	7.90051 10.573,
	7.89025 10.5756,
	7.88478 10.5769,
	7.87888 10.5798,
	7.8762 10.5802,
	7.85467 10.5902,
	7.84401 10.5955,
	7.84161 10.5969,
	7.84031 10.5968,
	7.8216 10.6106,
	7.81654 10.614,
	7.80865 10.622,
	7.80598 10.6261,
	7.80432 10.627,
	7.79287 10.6431,
	7.78744 10.6512,
	7.77852 10.6674,
	7.77292 10.6839,
	7.7709 10.688,
	7.77055 10.689,
	7.76892 10.6899,
	"/>
</Transform>

<Transform dim="0"
 xcoef=" 0 1 0 0 0 0"
 ycoef=" 0 0 1 0 0 0">
<Contour name="d04sp10a" hidden="false" closed="true" simplified="true" border="1 0 0" fill="1 0 0" mode="11"
 points="7.22034 10.6569,
	7.20394 10.6554,
	7.19567 10.6546,
	7.19154 10.654,
	7.17527 10.6475,
	7.14194 10.633,
	7.13342 10.6292,
	7.09802 10.6276,
	7.08908 10.6273,
	7.07114 10.6238,
	7.06661 10.6227,
	7.06435 10.6221,
	7.06321 10.6221,
	7.0569 10.614,
	7.05342 10.61,
	7.05422 10.5785,
	7.05477 10.5745,
	7.05354 10.5705,
	7.04925 10.5625,
	7.0461 10.5545,
	7.04339 10.5386,
	7.0398 10.5068,
	7.03977 10.5048,
	7.03977 10.5043,
	7.03976 10.5038,
	7.04147 10.4879,
	7.0483 10.4563,
	7.04892 10.4523,
	7.05918 10.4366,
	7.06433 10.4287,
	7.08475 10.4142,
	7.1049 10.4062,
	7.12474 10.3998,
	7.12964 10.398,
	7.13208 10.3971,
	7.15139 10.3972,
	7.17032 10.3964,
	7.1889 10.3943,
	7.19805 10.3933,
	7.20259 10.3925,
	7.23878 10.3916,
	7.27464 10.3907,
	7.31011 10.3791,
	7.34452 10.3795,
	7.37846 10.3811,
	7.39529 10.3822,
	7.41149 10.3909,
	7.41954 10.3953,
	7.43335 10.4114,
	7.4404 10.4197,
	7.44509 10.4358,
	7.44592 10.4379,
	7.44568 10.4697,
	7.44393 10.5014,
	7.44083 10.5172,
	7.43923 10.525,
	7.43866 10.529,
	7.43087 10.5446,
	7.42718 10.5524,
	7.42556 10.5563,
	7.41985 10.5642,
	7.41315 10.572,
	7.41003 10.5759,
	7.39259 10.5918,
	7.38333 10.5999,
	7.34906 10.6202,
	7.33217 10.6298,
	7.29848 10.6457,
	7.29427 10.6476,
	7.26145 10.6541,
	7.22867 10.6561,
	"/>
</Transform>

<Transform dim="0"
 xcoef=" 0 1 0 0 0 0"
 ycoef=" 0 0 1 0 0 0">
<Contour name="d23cfa15" hidden="false" closed="true" simplified="true" border="0 1 0" fill="0 1 0" mode="11"
 points="6.74595 8.55901,
	6.73761 8.54929,
	6.73347 8.54442,
	6.73076 8.53462,
	6.72893 8.49506,
	6.72797 8.48515,
	6.72821 8.48019,
	6.72828 8.47894,
	6.73518 8.43906,
	6.78662 8.3586,
	6.78984 8.35601,
	6.79131 8.36567,
	6.78919 8.40512,
	6.78956 8.41503,
	6.78571 8.4251,
	6.77403 8.44538,
	6.77081 8.45044,
	6.77127 8.49046,
	6.76578 8.5304,
	6.75991 8.55024,
	6.75708 8.5552,
	"/>
</Transform>

<Transform dim="0"
 xcoef=" 0 1 0 0 0 0"
 ycoef=" 0 0 1 0 0 0">
<Contour name="d23c15" hidden="false" closed="true" simplified="true" border="0 0 1" fill="0 0 1" mode="11"
 points="6.76123 8.56621,
	6.73901 8.56153,
	6.72794 8.55922,
	6.72241 8.55807,
	6.71824 8.55446,
	6.71273 8.53496,
	6.71006 8.52517,
	6.71124 8.48561,
	6.71233 8.46578,
	6.713 8.45588,
	6.71327 8.45216,
	6.71336 8.45093,
	6.7351 8.41077,
	6.76093 8.37069,
	6.77502 8.35068,
	6.7822 8.34068,
	6.79311 8.34375,
	6.79851 8.34591,
	6.79727 8.38506,
	6.79778 8.40485,
	6.79429 8.42487,
	6.78398 8.44514,
	6.78286 8.48525,
	6.77999 8.52525,
	6.764 8.56495,
	"/>
</Transform>

<Transform dim="0"
 xcoef=" 0 1 0 0 0 0"
 ycoef=" 0 0 1 0 0 0">
<Contour name="d04sp13" hidden="false" closed="true" simplified="true" border="1 0 0" fill="1 0 0" mode="11"
 points="6.92824 10.0989,
	6.89756 10.0897,
	6.89375 10.0886,
	6.86506 10.0611,
	6.85396 10.045,
	6.83846 10.013,
	6.83209 9.99706,
	6.82888 9.9891,
	6.82529 9.95769,
	6.82244 9.94205,
	6.82324 9.92661,
	6.8236 9.91895,
	6.82366 9.91798,
	6.83592 9.88803,
	6.85999 9.85953,
	6.89124 9.83361,
	6.90673 9.82051,
	6.91443 9.81403,
	6.97515 9.78128,
	6.99039 9.76896,
	6.99801 9.76377,
	7.023 9.73513,
	7.03731 9.72178,
	7.06895 9.70501,
	7.08469 9.69866,
	7.09265 9.69459,
	7.12523 9.66732,
	7.15081 9.63965,
	7.20723 9.58481,
	7.22159 9.57102,
	7.25235 9.5569,
	7.2562 9.55539,
	7.27258 9.56284,
	7.27668 9.56425,
	7.28929 9.59669,
	7.29196 9.60479,
	7.28107 9.63464,
	7.27926 9.64219,
	7.26273 9.6711,
	7.25295 9.68527,
	7.22839 9.71276,
	7.19227 9.76914,
	7.17735 9.79718,
	7.17309 9.80417,
	7.16832 9.83376,
	7.1659 9.84862,
	7.16553 9.86377,
	7.16535 9.87135,
	7.14628 9.89978,
	7.13386 9.91386,
	7.10339 9.94195,
	7.07536 9.97091,
	7.04945 10.0007,
	7.02636 10.0313,
	7.00478 10.0625,
	6.97365 10.09,
	6.96962 10.0935,
	6.96761 10.0953,
	6.93613 10.0983,
	"/>
</Transform>

<Transform dim="0"
 xcoef=" 0 1 0 0 0 0"
 ycoef=" 0 0 1 0 0 0">
<Contour name="d07c14" hidden="false" closed="true" simplified="true" border="0 0 1" fill="0 0 1" mode="11"
 points="6.09956 7.1658,
	6.07968 7.16363,
	6.04022 7.14055,
	6.03024 7.13243,
	5.98845 7.07984,
	5.97769 7.0676,
	5.96153 7.03466,
	5.95709 7.02628,
	5.94501 6.96757,
	5.92778 6.90774,
	5.90877 6.84892,
	5.90191 6.82107,
	5.89717 6.80703,
	5.89556 6.80027,
	5.88622 6.78489,
	5.88317 6.78091,
	5.87166 6.77492,
	5.86594 6.77198,
	5.82339 6.78003,
	5.80279 6.78365,
	5.7619 6.78356,
	5.75188 6.78334,
	5.74175 6.78017,
	5.73667 6.77786,
	5.72591 6.76699,
	5.72054 6.76158,
	5.70866 6.73549,
	5.70732 6.7338,
	5.70721 6.73229,
	5.71053 6.70876,
	5.71813 6.68614,
	5.72278 6.67505,
	5.72644 6.67116,
	5.73646 6.66961,
	5.7571 6.68575,
	5.76648 6.69903,
	5.77189 6.70586,
	5.78264 6.71511,
	5.78811 6.72058,
	5.80946 6.72743,
	5.83107 6.73155,
	5.87547 6.73613,
	5.8989 6.75255,
	5.92202 6.78417,
	5.93644 6.81428,
	5.94414 6.82944,
	5.96072 6.88756,
	5.96941 6.91746,
	5.98262 6.94915,
	5.99103 6.97958,
	5.99575 6.99503,
	5.99879 7.00299,
	6.02003 7.03612,
	6.0418 7.06396,
	6.04714 7.07082,
	6.04981 7.0751,
	6.07073 7.08502,
	6.09178 7.08619,
	6.1133 7.082,
	6.1244 7.07643,
	6.14679 7.07011,
	6.19372 7.04717,
	6.21639 7.03979,
	6.226 7.05176,
	6.22827 7.05561,
	6.22246 7.08303,
	6.2204 7.08973,
	6.20295 7.11435,
	6.17971 7.12794,
	6.13591 7.1492,
	6.11495 7.15856,
	6.10464 7.16394,
	"/>
</Transform>

<Transform dim="0"
 xcoef=" 0 1 0 0 0 0"
 ycoef=" 0 0 1 0 0 0">
<Contour name="d05p17" hidden="false" closed="true" simplified="true" border="0 0 1" fill="0 0 1" mode="11"
 points="10.094 10.8892,
	10.0868 10.8371,
	10.1273 10.8467,
	"/>
</Transform>

<Transform dim="0"
 xcoef=" 0 1 0 0 0 0"
 ycoef=" 0 0 1 0 0 0">
<Contour name="d04c10a" hidden="false" closed="true" simplified="true" border="0 0 1" fill="0 0 1" mode="11"
 points="7.14262 10.4658,
	7.11663 10.4652,
	7.0901 10.4627,
	7.08675 10.4626,
	7.0733 10.4577,
	7.06652 10.455,
	7.05458 10.4442,
	7.04861 10.4335,
	7.04603 10.4281,
	7.04605 10.4228,
	7.04606 10.4202,
	7.04607 10.4195,
	7.04699 10.4089,
	7.06091 10.3879,
	7.08826 10.3739,
	7.11504 10.3679,
	7.16672 10.3592,
	7.21672 10.3518,
	7.2415 10.349,
	7.2658 10.3478,
	7.28965 10.3488,
	7.31308 10.3527,
	7.3243 10.3631,
	7.32912 10.3687,
	7.33075 10.3796,
	7.33121 10.385,
	7.3256 10.3957,
	7.31855 10.4064,
	7.30644 10.4171,
	7.29448 10.4244,
	7.28234 10.4331,
	7.23487 10.4524,
	7.21101 10.4591,
	7.20497 10.4608,
	7.15541 10.4649,
	"/>
</Transform>

<Transform dim="0"
 xcoef=" 0 1 0 0 0 0"
 ycoef=" 0 0 1 0 0 0">
<Contour name="d07sah14" hidden="false" closed="true" simplified="true" border="1 1 0" fill="1 1 0" mode="11"
 points="6.0938 8.09611,
	6.0172 8.08848,
	6.02544 8.08109,
	6.08675 8.08742,
	6.09249 8.02222,
	6.03082 8.01393,
	6.02616 8.07281,
	6.01793 8.0802,
	6.02385 8.00419,
	6.10097 8.01489,
	"/>
</Transform>

<Transform dim="0"
 xcoef=" 0 1 0 0 0 0"
 ycoef=" 0 0 1 0 0 0">
<Contour name="d07p13" hidden="false" closed="true" simplified="true" border="0 0 1" fill="0 0 1" mode="11"
 points="6.6784 9.39591,
	6.65744 9.35178,
	6.70685 9.35367,
	"/>
</Transform>

<Transform dim="0"
 xcoef=" 0 1 0 0 0 0"
 ycoef=" 0 0 1 0 0 0">
<Contour name="d07p14" hidden="false" closed="true" simplified="true" border="0 0 1" fill="0 0 1" mode="11"
 points="6.06676 8.47905,
	6.04481 8.42592,
	6.09606 8.43029,
	"/>
</Transform>

<Transform dim="0"
 xcoef=" 0 1 0 0 0 0"
 ycoef=" 0 0 1 0 0 0">
<Contour name="d04c07" hidden="false" closed="true" simplified="true" border="0 0 1" fill="0 0 1" mode="11"
 points="8.98062 12.2097,
	8.94745 12.2086,
	8.94331 12.2084,
	8.94303 12.2077,
	8.94088 12.2076,
	8.93476 12.1911,
	8.93469 12.1581,
	8.94993 12.0175,
	8.95281 11.9985,
	8.95458 11.9889,
	8.95491 11.9871,
	8.95503 11.9865,
	8.96321 11.9859,
	8.97933 11.9863,
	8.9874 11.9867,
	8.9915 11.9866,
	8.99241 11.9872,
	8.99216 11.989,
	8.99357 11.9889,
	8.99448 11.9895,
	8.97675 12.1341,
	8.97443 12.1677,
	8.97967 12.2006,
	8.98121 12.2087,
	"/>
</Transform>

<Transform dim="0"
 xcoef=" 0 1 0 0 0 0"
 ycoef=" 0 0 1 0 0 0">
<Contour name="d30p06" hidden="false" closed="true" simplified="true" border="0 0 1" fill="0 0 1" mode="11"
 points="12.7296 7.06001,
	12.7131 7.04181,
	12.7299 7.04294,
	"/>
</Transform>

<Transform dim="0"
 xcoef=" 0 1 0 0 0 0"
 ycoef=" 0 0 1 0 0 0">
<Contour name="d24sp10" hidden="false" closed="true" simplified="true" border="1 0 0" fill="1 0 0" mode="11"
 points="7.60851 6.33628,
	7.60775 6.33554,
	7.62857 6.31277,
	7.63322 6.30712,
	7.64484 6.29585,
	7.66273 6.27321,
	7.68222 6.25069,
	7.75253 6.16065,
	7.77041 6.13833,
	7.77892 6.12721,
	7.78125 6.12444,
	7.7828 6.12308,
	7.78661 6.1118,
	7.79959 6.08958,
	7.81471 6.06762,
	7.82804 6.04578,
	7.83094 6.04033,
	7.83241 6.0383,
	7.83879 6.04283,
	7.84346 6.06551,
	7.84562 6.08821,
	7.84567 6.09104,
	7.8564 6.11425,
	7.86215 6.12592,
	7.89593 6.17415,
	7.9332 6.22414,
	7.94352 6.23604,
	7.969 6.2536,
	7.97537 6.25783,
	7.98242 6.27032,
	7.98783 6.28268,
	7.98261 6.30604,
	7.98174 6.30895,
	7.98173 6.31043,
	7.96873 6.31972,
	7.96225 6.32436,
	7.95901 6.32629,
	7.93338 6.33003,
	7.92059 6.33118,
	7.81941 6.32368,
	7.7696 6.31995,
	7.67 6.31963,
	7.66384 6.31946,
	7.63916 6.32824,
	7.633 6.331,
	"/>
</Transform>

<Transform dim="0"
 xcoef=" 0 1 0 0 0 0"
 ycoef=" 0 0 1 0 0 0">
<Contour name="d24sph10" hidden="false" closed="true" simplified="true" border="1 0 0" fill="1 0 0" mode="11"
 points="7.92034 6.33133,
	7.81926 6.32369,
	7.79432 6.32192,
	7.7819 6.32088,
	7.78114 6.32007,
	7.78118 6.31858,
	7.78082 6.31782,
	7.77468 6.31582,
	7.76844 6.31293,
	7.76688 6.31214,
	7.7661 6.31211,
	7.76532 6.31134,
	7.76376 6.31089,
	7.76297 6.31086,
	7.76142 6.30968,
	7.75986 6.30926,
	7.75908 6.30922,
	7.75871 6.30848,
	7.75792 6.30843,
	7.75636 6.30727,
	7.75559 6.30723,
	7.75288 6.30493,
	7.75132 6.3045,
	7.75055 6.30373,
	7.74977 6.30369,
	7.74398 6.2987,
	7.74128 6.29641,
	7.74013 6.29489,
	7.73936 6.2945,
	7.73936 6.29377,
	7.73476 6.28848,
	7.73478 6.28702,
	7.73247 6.28438,
	7.73248 6.28365,
	7.73172 6.28289,
	7.73134 6.28142,
	7.73135 6.28069,
	7.7302 6.27955,
	7.72793 6.27362,
	7.72795 6.27217,
	7.72681 6.26921,
	7.72572 6.26332,
	7.72558 6.23999,
	7.72568 6.22834,
	7.7265 6.22254,
	7.7273 6.21965,
	7.72733 6.21673,
	7.72974 6.20516,
	7.73093 6.2023,
	7.73294 6.19071,
	7.73296 6.1878,
	7.73256 6.18705,
	7.73258 6.18596,
	7.7681 6.14104,
	7.77704 6.12989,
	7.7813 6.12432,
	7.78286 6.12294,
	7.78707 6.11162,
	7.80009 6.0893,
	7.81525 6.06727,
	7.82821 6.04529,
	7.83113 6.03982,
	7.83186 6.03844,
	7.83223 6.03811,
	7.83858 6.04239,
	7.84357 6.06535,
	7.84568 6.08828,
	7.84574 6.09114,
	7.85639 6.11468,
	7.8625 6.12652,
	7.89731 6.17563,
	7.93519 6.22652,
	7.94073 6.23296,
	7.94349 6.23619,
	7.9689 6.25376,
	7.97527 6.25771,
	7.98227 6.27036,
	7.98763 6.28289,
	7.98276 6.30649,
	7.9819 6.30941,
	7.98146 6.31087,
	7.96847 6.32014,
	7.96198 6.32477,
	7.95875 6.32634,
	7.93314 6.32991,
	"/>
</Transform>

<Transform dim="0"
 xcoef=" 0 1 0 0 0 0"
 ycoef=" 0 0 1 0 0 0">
<Contour name="d07c13" hidden="false" closed="true" simplified="true" border="0 0 1" fill="0 0 1" mode="11"
 points="6.9715 9.77965,
	6.9653 9.77625,
	6.96216 9.77495,
	6.96061 9.77411,
	6.95878 9.76778,
	6.9585 9.76153,
	6.95894 9.75844,
	6.9614 9.75231,
	6.96479 9.74616,
	6.96662 9.74305,
	6.97036 9.73045,
	6.97201 9.72416,
	6.97205 9.71784,
	6.97226 9.7147,
	6.96986 9.70832,
	6.96845 9.70515,
	6.96277 9.6991,
	6.95968 9.69668,
	6.94696 9.69363,
	6.94373 9.69395,
	6.93718 9.69653,
	6.9108 9.71011,
	6.89758 9.71738,
	6.89098 9.72085,
	6.88766 9.72278,
	6.8615 9.7302,
	6.8484 9.73381,
	6.84185 9.73583,
	6.81621 9.72954,
	6.81302 9.72843,
	6.80151 9.70375,
	6.79453 9.69113,
	6.7932 9.688,
	6.7932 9.68761,
	6.79806 9.66279,
	6.80063 9.6505,
	6.7924 9.60192,
	6.79143 9.59592,
	6.79095 9.59293,
	6.79169 9.58697,
	6.79207 9.58398,
	6.79329 9.58102,
	6.7974 9.5751,
	6.80072 9.57215,
	6.80239 9.57067,
	6.80322 9.56993,
	6.80992 9.56922,
	6.81328 9.56923,
	6.81495 9.56887,
	6.82171 9.57041,
	6.8251 9.57154,
	6.83194 9.57642,
	6.83538 9.57868,
	6.83709 9.57982,
	6.85083 9.58485,
	6.85773 9.58721,
	6.86118 9.58802,
	6.91479 9.58016,
	6.9181 9.57978,
	6.93136 9.57501,
	6.93302 9.57427,
	6.94624 9.57688,
	6.94789 9.57725,
	6.97425 9.59267,
	6.97753 9.59458,
	6.98794 9.61881,
	6.9907 9.62492,
	6.99187 9.62798,
	6.99384 9.63107,
	7.00409 9.64359,
	7.00567 9.64441,
	7.01852 9.64719,
	7.02173 9.64771,
	7.02252 9.64814,
	7.04893 9.63121,
	7.09976 9.65225,
	7.11226 9.66191,
	7.11384 9.66284,
	7.11716 9.66945,
	7.11966 9.67602,
	7.1211 9.67932,
	7.12146 9.68015,
	7.11903 9.68629,
	7.1176 9.68935,
	7.11669 9.69085,
	7.06315 9.71476,
	7.05644 9.71827,
	7.0291 9.7401,
	7.00275 9.75841,
	6.9771 9.77596,
	6.9739 9.77818,
	6.97229 9.77929,
	"/>
</Transform>

<Transform dim="0"
 xcoef=" 0 1 0 0 0 0"
 ycoef=" 0 0 1 0 0 0">
<Contour name="d07sp16" hidden="false" closed="true" simplified="true" border="1 0 0" fill="1 0 0" mode="11"
 points="5.35267 8.92305,
	5.29864 8.8393,
	5.29241 8.82844,
	5.2814 8.81863,
	5.28127 8.81742,
	5.28114 8.8162,
	5.2819 8.81164,
	5.29126 8.80696,
	5.30079 8.80477,
	5.30555 8.8037,
	5.31539 8.80516,
	5.32545 8.80901,
	5.34623 8.82248,
	5.36549 8.82512,
	5.37473 8.82406,
	5.37925 8.82293,
	5.38077 8.82556,
	5.36238 8.89196,
	5.35776 8.9086,
	5.3554 8.91694,
	5.35358 8.92102,
	"/>
</Transform>

<Transform dim="0"
 xcoef=" 0 1 0 0 0 0"
 ycoef=" 0 0 1 0 0 0">
<Contour name="d04p10" hidden="false" closed="true" simplified="true" border="1 0 0" fill="1 0 0" mode="11"
 points="7.83863 10.6832,
	7.82439 10.6385,
	7.88095 10.6444,
	"/>
</Transform>

<Transform dim="0"
 xcoef=" 0 1 0 0 0 0"
 ycoef=" 0 0 1 0 0 0">
<Contour name="d07p15" hidden="false" closed="true" simplified="true" border="0 0 1" fill="0 0 1" mode="11"
 points="6.87893 9.0804,
	6.84841 9.03203,
	6.8992 9.03584,
	"/>
</Transform>

<Transform dim="0"
 xcoef=" 0 1 0 0 0 0"
 ycoef=" 0 0 1 0 0 0">
<Contour name="d07cfa13" hidden="false" closed="true" simplified="true" border="0 1 0" fill="0 1 0" mode="11"
 points="6.96924 9.77601,
	6.96304 9.77146,
	6.96159 9.76515,
	6.96289 9.75897,
	6.97028 9.74677,
	6.9712 9.74522,
	6.973 9.73253,
	6.97385 9.72622,
	6.97271 9.71984,
	6.96914 9.70712,
	6.96812 9.70395,
	6.96285 9.69755,
	6.96019 9.69436,
	6.94745 9.6917,
	6.94095 9.69273,
	6.93771 9.69343,
	6.93609 9.69341,
	6.92293 9.69977,
	6.90973 9.70697,
	6.90311 9.7108,
	6.89645 9.71542,
	6.88984 9.71928,
	6.88333 9.72042,
	6.85709 9.72944,
	6.84408 9.7311,
	6.84083 9.73153,
	6.8344 9.73042,
	6.82159 9.72671,
	6.81838 9.7256,
	6.81679 9.72484,
	6.80948 9.71253,
	6.8036 9.70023,
	6.79913 9.68765,
	6.79822 9.68452,
	6.79775 9.68295,
	6.79775 9.68257,
	6.80256 9.65782,
	6.80407 9.65168,
	6.80481 9.64862,
	6.80561 9.64709,
	6.8037 9.64095,
	6.80232 9.63789,
	6.79938 9.6257,
	6.79743 9.60156,
	6.79676 9.5896,
	6.79667 9.58362,
	6.7991 9.57769,
	6.80074 9.57474,
	6.80743 9.57255,
	6.8209 9.57299,
	6.8277 9.57601,
	6.8294 9.57677,
	6.84321 9.587,
	6.85013 9.59046,
	6.85703 9.59244,
	6.86048 9.59325,
	6.86221 9.59365,
	6.86901 9.59191,
	6.87242 9.59085,
	6.87921 9.58761,
	6.88592 9.58655,
	6.91231 9.58385,
	6.91892 9.58273,
	6.92555 9.57868,
	6.93217 9.57758,
	6.93548 9.57685,
	6.94871 9.5791,
	6.97505 9.59604,
	6.98274 9.60815,
	6.98711 9.6203,
	6.98945 9.6264,
	6.99021 9.62945,
	6.99886 9.64189,
	7.0008 9.64501,
	7.01353 9.65124,
	7.0264 9.65215,
	7.02812 9.64915,
	7.02899 9.64763,
	7.03566 9.64176,
	7.0422 9.63899,
	7.04548 9.6376,
	7.04711 9.63692,
	7.04794 9.63656,
	7.07338 9.64573,
	7.09884 9.65454,
	7.10043 9.65506,
	7.11283 9.66669,
	7.11438 9.66841,
	7.11851 9.68147,
	7.11447 9.68747,
	7.11354 9.68897,
	7.10008 9.69535,
	7.07335 9.70714,
	7.06004 9.71335,
	7.05673 9.71471,
	7.04996 9.71943,
	7.03632 9.73013,
	6.98361 9.76802,
	6.97083 9.7753,
	"/>
</Transform>

<Transform dim="0"
 xcoef=" 0 1 0 0 0 0"
 ycoef=" 0 0 1 0 0 0">
<Contour name="d19p11" hidden="false" closed="true" simplified="true" border="1 0 0" fill="1 0 0" mode="11"
 points="4.9374 11.3171,
	4.92194 11.2924,
	4.95085 11.2925,
	"/>
</Transform>

<Transform dim="0"
 xcoef=" 0 1 0 0 0 0"
 ycoef=" 0 0 1 0 0 0">
<Contour name="d24sph09" hidden="false" closed="true" simplified="true" border="1 0 0" fill="1 0 0" mode="11"
 points="5.32501 6.01328,
	5.31605 6.00851,
	5.3138 6.00731,
	5.30525 5.99937,
	5.28852 5.98206,
	5.28438 5.97769,
	5.27628 5.96798,
	5.26265 5.94548,
	5.25945 5.93985,
	5.25746 5.93438,
	5.25307 5.91286,
	5.25213 5.90747,
	5.25062 5.90198,
	5.25273 5.89171,
	5.25398 5.88657,
	5.25407 5.88625,
	5.25414 5.88593,
	5.25734 5.87571,
	5.25898 5.87057,
	5.26025 5.86806,
	5.29902 5.82992,
	5.30897 5.82026,
	5.31424 5.81548,
	5.31893 5.8106,
	5.32026 5.81011,
	5.32976 5.80947,
	5.36602 5.81046,
	5.37501 5.81056,
	5.37736 5.81025,
	5.38105 5.81296,
	5.3829 5.81432,
	5.38968 5.82199,
	5.39145 5.82364,
	5.39277 5.82592,
	5.3934 5.82875,
	5.39385 5.83018,
	5.39884 5.83877,
	5.40159 5.84223,
	5.40774 5.85018,
	5.40943 5.85242,
	5.40974 5.85347,
	5.41112 5.85598,
	5.41169 5.85707,
	5.41166 5.85839,
	5.41213 5.85879,
	5.41199 5.85941,
	5.41309 5.86189,
	5.41372 5.86658,
	5.41342 5.86785,
	5.41476 5.87848,
	5.4146 5.88883,
	5.41154 5.909,
	5.40809 5.92894,
	5.40671 5.93385,
	5.40479 5.9387,
	5.40383 5.94112,
	5.40306 5.94229,
	5.40241 5.94474,
	5.40193 5.94596,
	5.40127 5.94651,
	5.40108 5.94774,
	5.39863 5.95251,
	5.39741 5.9549,
	5.39723 5.95615,
	5.39661 5.9564,
	5.39597 5.95884,
	5.39447 5.9612,
	5.39372 5.96238,
	5.39364 5.963,
	5.39185 5.96532,
	5.39139 5.96653,
	5.39037 5.96767,
	5.39028 5.9683,
	5.38701 5.97298,
	5.38693 5.9736,
	5.38632 5.97385,
	5.38516 5.97592,
	5.38442 5.9771,
	5.3838 5.97735,
	5.38266 5.97942,
	5.38063 5.98141,
	5.38002 5.98167,
	5.37994 5.98229,
	5.37866 5.9831,
	5.378 5.98366,
	5.37755 5.98486,
	5.37555 5.98685,
	5.37331 5.9882,
	5.37097 5.99047,
	5.36677 5.99349,
	5.36574 5.99464,
	5.36515 5.99459,
	5.36004 5.99783,
	5.35753 5.99914,
	5.35587 6.00053,
	5.35529 6.00047,
	5.35303 6.00213,
	5.35058 6.00281,
	5.34806 6.00412,
	5.3456 6.00481,
	5.34436 6.0053,
	5.34371 6.00587,
	5.33879 6.00724,
	5.33821 6.00717,
	5.33692 6.00797,
	5.33202 6.00933,
	5.32724 6.01196,
	5.3263 6.01247,
	5.32596 6.01275,
	"/>
</Transform>

<Transform dim="0"
 xcoef=" 0 1 0 0 0 0"
 ycoef=" 0 0 1 0 0 0">
<Contour name="d30san06" hidden="false" closed="true" simplified="true" border="1 1 0" fill="1 1 0" mode="11"
 points="12.7179 7.1248,
	12.7003 7.12342,
	12.7009 7.12138,
	12.715 7.12248,
	12.7059 7.10507,
	12.6917 7.104,
	12.6998 7.11922,
	12.6992 7.12125,
	12.6887 7.10171,
	12.7065 7.10304,
	"/>
</Transform>

<Transform dim="0"
 xcoef=" 0 1 0 0 0 0"
 ycoef=" 0 0 1 0 0 0">
<Contour name="d04cfa10a" hidden="false" closed="false" simplified="true" border="0 0 1" fill="0 0 1" mode="11"
 points="7.32565 10.3851,
	7.32062 10.385,
	7.29642 10.39,
	7.27861 10.3945,
	7.25548 10.3963,
	7.23263 10.3998,
	7.21162 10.4008,
	7.19264 10.4012,
	7.17404 10.4043,
	7.15023 10.4087,
	7.12581 10.4152,
	7.10671 10.4207,
	7.09072 10.4257,
	7.07027 10.438,
	7.0634 10.4479,
	"/>
</Transform>

<Transform dim="0"
 xcoef=" 0 1 0 0 0 0"
 ycoef=" 0 0 1 0 0 0">
<Contour name="d05cfa15" hidden="false" closed="false" simplified="true" border="0 1 1" fill="0 1 1" mode="11"
 points="9.01787 10.9199,
	9.01364 10.9362,
	9.00772 10.9567,
	9.00474 10.9762,
	9.00419 10.9832,
	9.00456 11.0147,
	9.00592 11.0336,
	9.00078 11.0462,
	8.99427 11.0779,
	8.99662 11.0841,
	"/>
</Transform>

<Transform dim="0"
 xcoef=" 0 1 0 0 0 0"
 ycoef=" 0 0 1 0 0 0">
<Contour name="d07cfa14" hidden="false" closed="false" simplified="true" border="1 0 0" fill="1 0 0" mode="11"
 points="6.21923 7.0828,
	6.20386 7.09768,
	6.18422 7.11122,
	6.15731 7.12356,
	6.14362 7.13298,
	6.13398 7.13872,
	6.11133 7.14107,
	6.09535 7.13947,
	6.07877 7.1384,
	6.06505 7.13528,
	6.05342 7.13085,
	6.04242 7.12198,
	6.02636 7.10586,
	6.01062 7.0877,
	6.001 7.07328,
	5.99549 7.06023,
	5.98741 7.04062,
	5.97518 7.01385,
	5.96618 6.9976,
	5.96047 6.98254,
	5.95071 6.95499,
	5.94109 6.9286,
	5.93668 6.90962,
	5.92749 6.87292,
	5.91934 6.83012,
	5.91078 6.80579,
	5.89622 6.78071,
	5.885 6.77354,
	5.87095 6.76846,
	5.85564 6.76411,
	5.84161 6.76534,
	5.83513 6.76741,
	5.8243 6.76855,
	5.81066 6.76919,
	5.80232 6.77181,
	5.7912 6.77393,
	5.7803 6.7693,
	5.77 6.76236,
	5.75666 6.75081,
	5.74769 6.74102,
	5.7393 6.72813,
	5.73462 6.71841,
	5.7313 6.70733,
	5.72817 6.69797,
	5.72642 6.68725,
	5.72826 6.6803,
	5.72807 6.67073,
	"/>
</Transform>

<Transform dim="0"
 xcoef=" 0 1 0 0 0 0"
 ycoef=" 0 0 1 0 0 0">
<Contour name="d23cfa15" hidden="false" closed="false" simplified="true" border="0 1 0" fill="0 1 0" mode="11"
 points="6.78079 8.36776,
	6.77015 8.38407,
	6.74792 8.41928,
	6.73232 8.45442,
	6.72803 8.51535,
	"/>
</Transform>

<Transform dim="0"
 xcoef=" 0 1 0 0 0 0"
 ycoef=" 0 0 1 0 0 0">
<Contour name="d04cfa07" hidden="false" closed="false" simplified="true" border="0 0 1" fill="0 0 1" mode="11"
 points="8.97149 11.9976,
	8.97039 12.0035,
	8.96704 12.0225,
	8.95905 12.0839,
	8.95252 12.1495,
	8.95131 12.1899,
	8.95716 12.2029,
	"/>
</Transform>

<Transform dim="0"
 xcoef=" 0 1 0 0 0 0"
 ycoef=" 0 0 1 0 0 0">
<Contour name="d07sp18" hidden="false" closed="true" simplified="true" border="1 0 0" fill="1 0 0" mode="11"
 points="5.50855 7.72199,
	5.51538 7.70377,
	5.51766 7.69466,
	5.53587 7.68327,
	5.54498 7.681,
	5.58142 7.69466,
	5.59963 7.70832,
	5.62468 7.74476,
	5.63379 7.76297,
	5.61558 7.78119,
	5.60647 7.78575,
	5.57003 7.7903,
	5.55181 7.78575,
	5.51766 7.7607,
	5.50855 7.72426,
	"/>
</Transform>

<Transform dim="0"
 xcoef=" 0 1 0 0 0 0"
 ycoef=" 0 0 1 0 0 0">
<Contour name="d17sp31" hidden="false" closed="true" simplified="true" border="1 0 0" fill="1 0 0" mode="11"
 points="4.40784 7.71961,
	4.36813 7.71385,
	4.36324 7.71296,
	4.34344 7.70546,
	4.32364 7.69461,
	4.3187 7.69174,
	4.29912 7.67576,
	4.27955 7.65815,
	4.27463 7.65359,
	4.2601 7.63022,
	4.24467 7.58461,
	4.23943 7.57321,
	4.23543 7.56191,
	4.22941 7.51737,
	4.22722 7.4953,
	4.22635 7.45154,
	4.22636 7.45086,
	4.22636 7.45017,
	4.22958 7.42847,
	4.23913 7.40699,
	4.25442 7.38576,
	4.27483 7.36557,
	4.28504 7.35793,
	4.28759 7.35603,
	4.28889 7.35473,
	4.30912 7.35044,
	4.3497 7.3484,
	4.35993 7.3485,
	4.38035 7.35145,
	4.38548 7.35189,
	4.40567 7.36493,
	4.41565 7.37579,
	4.42071 7.38092,
	4.46188 7.4151,
	4.47225 7.42697,
	4.47485 7.42994,
	4.48262 7.4517,
	4.48715 7.47331,
	4.49158 7.51683,
	4.49346 7.53879,
	4.49394 7.56075,
	4.49454 7.57177,
	4.49516 7.57731,
	4.49227 7.59916,
	4.49083 7.61009,
	4.4753 7.65322,
	4.46812 7.67472,
	4.45526 7.69588,
	4.454 7.69853,
	4.44381 7.70755,
	4.43876 7.71205,
	4.43362 7.71522,
	4.42317 7.71821,
	4.418 7.71937,
	"/>
</Transform>

<Transform dim="1"
 xcoef=" 0 1 0 0 0 0"
 ycoef=" 0 0 1 0 0 0">
<Contour name="d04 copy" hidden="false" closed="true" simplified="true" border="1 0 0" fill="1 0 0" mode="11"
 points="8.40972 11.2545,
	8.38932 11.2533,
	8.36888 11.2506,
	8.34872 11.2446,
	8.34369 11.243,
	8.32249 11.2415,
	8.31163 11.2413,
	8.30624 11.2409,
	8.29596 11.2376,
	8.27449 11.2273,
	8.25384 11.213,
	8.24364 11.2057,
	8.23869 11.2015,
	8.23036 11.1897,
	8.22726 11.1841,
	8.22313 11.1634,
	8.22205 11.1582,
	8.2264 11.139,
	8.22739 11.1291,
	8.22438 11.1085,
	8.22244 11.0981,
	8.2226 11.0969,
	8.20339 11.0791,
	8.1631 11.058,
	8.12238 11.0398,
	8.08179 11.0198,
	8.07155 11.0153,
	8.02993 11.0016,
	8.0088 10.9974,
	7.99827 10.9952,
	7.99304 10.9938,
	7.98718 11.0022,
	7.98451 11.0067,
	7.98752 11.0463,
	7.98731 11.0512,
	7.98157 11.0601,
	7.96798 11.0775,
	7.96619 11.0797,
	7.94781 11.0676,
	7.9386 11.0615,
	7.93389 11.0591,
	7.92058 11.0382,
	7.91751 11.0328,
	7.89954 11.0136,
	7.88088 10.9986,
	7.86196 10.9856,
	7.85247 10.9794,
	7.83372 10.9647,
	7.82429 10.9581,
	7.81475 10.9533,
	7.80509 10.9506,
	7.80029 10.9489,
	7.79794 10.9474,
	7.79007 10.9367,
	7.78673 10.9313,
	7.78567 10.9287,
	7.78454 10.9274,
	7.78363 10.9223,
	7.78367 10.9022,
	7.7808 10.8622,
	7.78006 10.823,
	7.77403 10.7464,
	7.77026 10.7093,
	7.76846 10.7,
	7.76791 10.6955,
	7.76809 10.6944,
	7.76966 10.6928,
	7.77005 10.6906,
	7.77167 10.6897,
	7.77788 10.6732,
	7.7793 10.6691,
	7.782 10.6651,
	7.78549 10.6569,
	7.79028 10.6488,
	7.79365 10.6448,
	7.79436 10.6428,
	7.79773 10.6388,
	7.79977 10.6347,
	7.80177 10.6327,
	7.80247 10.6306,
	7.80512 10.6287,
	7.81175 10.6207,
	7.82013 10.6132,
	7.82534 10.6093,
	7.8302 10.6065,
	7.83052 10.6054,
	7.83295 10.604,
	7.8344 10.6035,
	7.83568 10.6014,
	7.85501 10.5914,
	7.86637 10.5856,
	7.87799 10.5809,
	7.87925 10.581,
	7.88514 10.578,
	7.89062 10.5768,
	7.89215 10.5758,
	7.90303 10.5732,
	7.90504 10.5728,
	7.90719 10.5718,
	7.94749 10.5739,
	7.9671 10.5766,
	8.00522 10.5863,
	8.04416 10.5902,
	8.06359 10.5918,
	8.07329 10.5926,
	8.11411 10.5853,
	8.15648 10.5705,
	8.19967 10.5535,
	8.22157 10.5448,
	8.2243 10.5438,
	8.24426 10.5464,
	8.2646 10.5478,
	8.26979 10.5478,
	8.29133 10.5446,
	8.30237 10.5422,
	8.31297 10.5422,
	8.35481 10.5467,
	8.37608 10.5485,
	8.41961 10.5491,
	8.43058 10.5491,
	8.52149 10.5313,
	8.56512 10.5219,
	8.58597 10.5162,
	8.59108 10.5152,
	8.61067 10.5168,
	8.6204 10.5179,
	8.62529 10.5181,
	8.64339 10.529,
	8.6479 10.5317,
	8.65726 10.5347,
	8.66679 10.5363,
	8.67145 10.5378,
	8.67387 10.5379,
	8.71505 10.5217,
	8.75546 10.5084,
	8.7605 10.5066,
	8.80222 10.483,
	8.8229 10.4727,
	8.83331 10.4673,
	8.83849 10.4649,
	8.85844 10.461,
	8.86852 10.4587,
	8.87842 10.4578,
	8.89774 10.46,
	8.93489 10.4769,
	8.93713 10.4784,
	8.95332 10.5005,
	8.96136 10.5111,
	8.9627 10.5138,
	8.96218 10.5347,
	8.96118 10.5449,
	8.96755 10.5864,
	8.96873 10.5915,
	8.96937 10.6315,
	8.96922 10.6414,
	8.95925 10.68,
	8.95461 10.6993,
	8.95179 10.7089,
	8.94951 10.7137,
	8.93158 10.7323,
	8.89319 10.7321,
	8.88836 10.7324,
	8.886 10.7323,
	8.86479 10.7437,
	8.85417 10.7507,
	8.84409 10.7587,
	8.842 10.7609,
	8.83892 10.7698,
	8.83709 10.7742,
	8.83619 10.7765,
	8.84679 10.8132,
	8.84744 10.8178,
	8.83826 10.8358,
	8.83598 10.8403,
	8.83514 10.8426,
	8.81441 10.8578,
	8.81097 10.8623,
	8.80137 10.8805,
	8.79912 10.8851,
	8.79772 10.8874,
	8.79908 10.9252,
	8.79947 10.9276,
	8.79124 10.9463,
	8.78903 10.951,
	8.77488 10.9703,
	8.77096 10.9756,
	8.76301 10.9965,
	8.75931 11.0071,
	8.74888 11.0285,
	8.7461 11.0339,
	8.74472 11.0366,
	8.72403 11.0567,
	8.70335 11.0742,
	8.68268 11.0894,
	8.67231 11.0969,
	8.66709 11.101,
	8.62601 11.1235,
	8.58523 11.1415,
	8.56499 11.149,
	8.52566 11.1515,
	8.48572 11.1595,
	8.48317 11.1606,
	8.47481 11.1702,
	8.47002 11.175,
	8.46344 11.185,
	8.45322 11.2053,
	8.44715 11.2153,
	8.43302 11.2349,
	8.41247 11.253,
	"/>
</Transform>

<Transform dim="1"
 xcoef=" 0 1 0 0 0 0"
 ycoef=" 0.02 0 1 0 0 0">
<Contour name="d05sp16" hidden="false" closed="true" simplified="true" border="1 0 0" fill="1 0 0" mode="11"
 points="10.5412 10.1134,
	10.5049 10.1024,
	10.5003 10.0994,
	10.4817 10.0973,
	10.4722 10.0963,
	10.4628 10.0906,
	10.4571 10.0803,
	10.4537 10.075,
	10.4527 10.0699,
	10.4448 10.0602,
	10.4257 10.0677,
	10.4068 10.0677,
	10.3689 10.0602,
	10.3499 10.0575,
	10.331 10.0523,
	10.3122 10.0384,
	10.3028 10.0309,
	10.2889 10.009,
	10.2866 10.0037,
	10.286 9.96356,
	10.2874 9.94335,
	10.2873 9.93365,
	10.2873 9.92889,
	10.2928 9.91059,
	10.2975 9.90162,
	10.2838 9.86075,
	10.2661 9.84199,
	10.2626 9.83647,
	10.2602 9.8336,
	10.259 9.82844,
	10.259 9.8272,
	10.2777 9.82659,
	10.2965 9.83072,
	10.3154 9.83097,
	10.3342 9.82251,
	10.3437 9.8164,
	10.3533 9.814,
	10.3557 9.81309,
	10.3715 9.83352,
	10.3799 9.8407,
	10.3764 9.85,
	10.3668 9.85489,
	10.3658 9.8645,
	10.3658 9.86693,
	10.3851 9.87898,
	10.418 9.92027,
	10.4277 9.931,
	10.4325 9.93636,
	10.4708 9.95519,
	10.4893 9.96789,
	10.4986 9.9743,
	10.5166 9.99234,
	10.5351 10.0048,
	10.5535 10.0125,
	10.5627 10.0151,
	10.5983 10.0189,
	10.6157 10.0222,
	10.6242 10.0271,
	10.6284 10.0296,
	10.6456 10.0322,
	10.6499 10.0323,
	10.6669 10.0402,
	10.6755 10.0442,
	10.6797 10.0456,
	10.6819 10.0462,
	10.6902 10.0578,
	10.684 10.0759,
	10.6784 10.084,
	10.6706 10.0901,
	10.6619 10.0934,
	10.6563 10.1002,
	10.6476 10.1035,
	10.6391 10.1007,
	10.6306 10.1016,
	10.6262 10.1029,
	10.6175 10.1006,
	10.6086 10.1009,
	10.5997 10.1038,
	10.5819 10.1061,
	10.5731 10.1055,
	10.5686 10.1034,
	10.5503 10.1124,
	"/>
</Transform>

<Transform dim="1"
 xcoef=" 0.02 1 0 0 0 0"
 ycoef=" 0.02 0 1 0 0 0">
<Contour name="d05sp50" hidden="false" closed="true" simplified="true" border="1 0 0" fill="1 0 0" mode="11"
 points="8.16375 9.94064,
	8.12977 9.91803,
	8.11516 9.90576,
	8.11695 9.88857,
	8.11777 9.87996,
	8.11815 9.87565,
	8.11834 9.8735,
	8.12317 9.83884,
	8.15791 9.80629,
	8.17537 9.78963,
	8.24492 9.76608,
	8.26211 9.76096,
	8.27066 9.75842,
	8.33743 9.77995,
	8.37082 9.8144,
	8.37911 9.82306,
	8.38283 9.85858,
	8.35078 9.88621,
	8.31614 9.90729,
	8.24567 9.93415,
	8.173 9.94043,
	"/>
</Transform>

<Transform dim="0"
 xcoef=" 0 1 0 0 0 0"
 ycoef=" 0 0 1 0 0 0">
<Contour name="d04sp12" hidden="false" closed="true" simplified="true" border="1 0 0" fill="1 0 0" mode="11"
 points="9.03546 9.34315,
	8.99304 9.33426,
	8.95014 9.32235,
	8.93927 9.32025,
	8.92841 9.31676,
	8.90693 9.2984,
	8.90151 9.29461,
	8.88414 9.26892,
	8.88141 9.26566,
	8.87676 9.25364,
	8.86934 9.23014,
	8.86588 9.21854,
	8.86377 9.21272,
	8.86218 9.19042,
	8.8621 9.18489,
	8.8585 9.179,
	8.84905 9.16703,
	8.84464 9.16112,
	8.82109 9.13987,
	8.80349 9.11673,
	8.8019 9.11389,
	8.80133 9.10307,
	8.80119 9.10037,
	8.80111 9.09902,
	8.80107 9.09834,
	8.8012 9.08761,
	8.80089 9.08222,
	8.8164 9.06212,
	8.82045 9.05713,
	8.84279 9.04511,
	8.85392 9.03948,
	8.85949 9.03668,
	8.86227 9.03561,
	8.88492 9.03582,
	8.89621 9.03628,
	8.90182 9.03615,
	8.924 9.03107,
	8.93507 9.02897,
	8.97928 9.02812,
	8.99029 9.02778,
	9.00132 9.02885,
	9.01236 9.03136,
	9.03445 9.04004,
	9.05652 9.05046,
	9.0786 9.06405,
	9.08965 9.07274,
	9.11174 9.0925,
	9.1339 9.11089,
	9.13947 9.11567,
	9.15739 9.14269,
	9.16152 9.14938,
	9.16359 9.15271,
	9.16747 9.17686,
	9.1687 9.1887,
	9.16931 9.1946,
	9.15675 9.23797,
	9.13403 9.27899,
	9.13263 9.28156,
	9.11267 9.3001,
	9.09162 9.31756,
	9.08082 9.32587,
	9.07544 9.32968,
	9.05413 9.33677,
	9.04345 9.34071,
	9.03813 9.34235,
	"/>
</Transform>

<Transform dim="1"
 xcoef=" 0.02 1 0 0 0 0"
 ycoef=" -0.02 0 1 0 0 0">
<Contour name="d19sp09" hidden="false" closed="true" simplified="true" border="1 0 0" fill="1 0 0" mode="11"
 points="3.96376 11.9587,
	3.9484 11.957,
	3.93294 11.9534,
	3.8701 11.9264,
	3.83784 11.9107,
	3.77121 11.8944,
	3.76276 11.8928,
	3.69606 11.8675,
	3.67976 11.8606,
	3.66381 11.8508,
	3.65708 11.8436,
	3.64879 11.8289,
	3.64699 11.8252,
	3.64737 11.8177,
	3.64741 11.8168,
	3.64875 11.8093,
	3.64891 11.8056,
	3.6554 11.7905,
	3.65846 11.7867,
	3.67444 11.7779,
	3.6824 11.7729,
	3.69826 11.7659,
	3.71418 11.7652,
	3.72219 11.7658,
	3.75476 11.7764,
	3.78784 11.79,
	3.79615 11.7934,
	3.8129 11.8041,
	3.84601 11.8222,
	3.91038 11.8557,
	3.91826 11.8607,
	3.93395 11.8757,
	3.94075 11.8837,
	3.94463 11.8917,
	3.95134 11.8988,
	3.95517 11.9029,
	3.97039 11.9114,
	4.00051 11.9208,
	4.01539 11.9276,
	4.03012 11.9364,
	4.03376 11.9406,
	4.03556 11.9427,
	4.03449 11.9507,
	4.03165 11.9545,
	4.0242 11.956,
	4.00935 11.9541,
	3.99433 11.9543,
	"/>
</Transform>

<Transform dim="0"
 xcoef=" 0 1 0 0 0 0"
 ycoef=" 0 0 1 0 0 0">
<Contour name="d19c09" hidden="false" closed="true" simplified="true" border="0 0 1" fill="0 0 1" mode="11"
 points="3.63583 11.8921,
	3.63865 11.8846,
	3.63677 11.8827,
	3.63959 11.8789,
	3.64147 11.8771,
	3.64147 11.8733,
	3.65556 11.8611,
	3.6706 11.8536,
	3.68563 11.8526,
	3.70066 11.8536,
	3.71569 11.8573,
	3.72227 11.862,
	3.72978 11.8771,
	3.73072 11.9071,
	3.72978 11.9146,
	3.72415 11.9222,
	3.70911 11.9334,
	3.69408 11.9419,
	3.68657 11.9428,
	3.67905 11.9419,
	3.66402 11.9353,
	3.6565 11.9325,
	3.64899 11.9269,
	3.64241 11.9193,
	3.63583 11.9043,
	3.63583 11.8968,
	3.63583 11.893,
	"/>
</Transform>

<Transform dim="0"
 xcoef=" 0 1 0 0 0 0"
 ycoef=" 0 0 1 0 0 0">
<Contour name="d19sp11" hidden="false" closed="true" simplified="true" border="1 0 0" fill="1 0 0" mode="11"
 points="4.85046 11.23,
	4.85395 11.223,
	4.88184 11.2073,
	4.93764 11.2038,
	4.96553 11.2038,
	4.99343 11.2108,
	5.0004 11.2126,
	4.99692 11.2143,
	5.05271 11.223,
	5.1085 11.2282,
	5.16429 11.2387,
	5.22009 11.2614,
	5.24798 11.2771,
	5.25147 11.2788,
	5.25321 11.2771,
	5.28111 11.3032,
	5.28634 11.3102,
	5.28808 11.3172,
	5.23403 11.3259,
	5.17824 11.3381,
	5.12245 11.3538,
	5.09455 11.3607,
	5.08061 11.366,
	5.05271 11.3712,
	4.99692 11.3974,
	4.96902 11.4113,
	4.94112 11.4305,
	4.92718 11.4357,
	4.91323 11.4462,
	4.89928 11.4532,
	4.88707 11.4636,
	4.87313 11.4706,
	4.86615 11.4741,
	4.86441 11.4758,
	4.86092 11.4688,
	4.85918 11.441,
	4.86441 11.3294,
	4.86615 11.3015,
	4.86615 11.2875,
	4.8679 11.2805,
	4.85743 11.2666,
	4.85046 11.2527,
	4.8522 11.2457,
	4.85046 11.2317,
	"/>
</Transform>

<Transform dim="1"
 xcoef=" -0.02 1 0 0 0 0"
 ycoef=" -0.01 0 1 0 0 0">
<Contour name="d19sp11" hidden="false" closed="true" simplified="true" border="1 0 0" fill="1 0 0" mode="11"
 points="4.79592 11.1821,
	4.78815 11.1808,
	4.78429 11.1806,
	4.76886 11.1737,
	4.75344 11.1625,
	4.74573 11.1578,
	4.73021 11.1439,
	4.71835 11.1291,
	4.70695 11.113,
	4.70228 11.1049,
	4.69606 11.089,
	4.69457 11.0821,
	4.6945 11.0811,
	4.69556 11.0659,
	4.69817 11.0585,
	4.70289 11.0513,
	4.70978 11.0454,
	4.71382 11.044,
	4.73052 11.0452,
	4.73902 11.0473,
	4.77287 11.0642,
	4.78896 11.0734,
	4.79703 11.0794,
	4.8051 11.0872,
	4.80811 11.091,
	4.81601 11.1202,
	4.8189 11.1345,
	4.81961 11.1626,
	4.81658 11.1694,
	4.8116 11.1761,
	"/>
</Transform>

<Transform dim="1"
 xcoef=" 0.01 1 0 0 0 0"
 ycoef=" 0.01 0 1 0 0 0">
<Contour name="d24cfa41" hidden="false" closed="false" simplified="true" border="0 1 0" fill="0 1 0" mode="11"
 points="5.8631 5.28931,
	5.88052 5.312,
	5.9242 5.44948,
	"/>
</Transform>

<Transform dim="1"
 xcoef=" 0 1 0 0 0 0"
 ycoef=" 0 0 1 0 0 0">
<Contour name="d24sp15" hidden="false" closed="true" simplified="true" border="1 0 0" fill="1 0 0" mode="11"
 points="6.35629 7.54486,
	6.33408 7.54244,
	6.32313 7.54085,
	6.31768 7.54004,
	6.31497 7.53965,
	6.29312 7.52628,
	6.28235 7.52029,
	6.27158 7.5107,
	6.26684 7.50493,
	6.25934 7.49227,
	6.25385 7.47996,
	6.25176 7.47393,
	6.25041 7.47087,
	6.25017 7.45945,
	6.25006 7.45377,
	6.25001 7.45093,
	6.25 7.45022,
	6.24999 7.44951,
	6.25293 7.42735,
	6.26124 7.4061,
	6.28471 7.36469,
	6.3153 7.32414,
	6.3311 7.30372,
	6.34961 7.28278,
	6.37303 7.2631,
	6.39315 7.24114,
	6.41609 7.21909,
	6.4192 7.21712,
	6.44315 7.21339,
	6.44914 7.21269,
	6.47244 7.21889,
	6.49561 7.22854,
	6.50147 7.23039,
	6.50722 7.23383,
	6.52979 7.25692,
	6.53548 7.26265,
	6.55754 7.2896,
	6.5618 7.2964,
	6.60877 7.32722,
	6.63217 7.34101,
	6.65541 7.35298,
	6.66696 7.35883,
	6.68992 7.36532,
	6.73517 7.37382,
	6.75752 7.38277,
	6.76865 7.38712,
	6.79088 7.39963,
	6.802 7.40642,
	6.82362 7.42508,
	6.8399 7.44714,
	6.84203 7.44988,
	6.84384 7.47121,
	6.84296 7.49234,
	6.8424 7.49758,
	6.83711 7.50793,
	6.83446 7.51309,
	6.82429 7.52317,
	6.7794 7.52157,
	6.73422 7.51637,
	6.68848 7.51208,
	6.66524 7.5102,
	6.56963 7.49484,
	6.55751 7.49527,
	6.54541 7.49846,
	6.53334 7.50309,
	6.52732 7.50509,
	6.51539 7.51265,
	6.50947 7.51681,
	6.49765 7.52176,
	6.49178 7.52462,
	6.48591 7.52609,
	6.46121 7.52184,
	6.44901 7.52151,
	6.44295 7.52135,
	6.43693 7.52262,
	6.41331 7.53484,
	6.4075 7.53761,
	6.38448 7.5423,
	6.36187 7.5442,
	"/>
</Transform>

<Transform dim="1"
 xcoef=" 0 1 0 0 0 0"
 ycoef=" -0.01 0 1 0 0 0">
<Contour name="d24sph15" hidden="false" closed="true" simplified="true" border="1 0 0" fill="1 0 0" mode="11"
 points="6.35629 7.53486,
	6.33408 7.53244,
	6.32313 7.53085,
	6.31768 7.53004,
	6.31497 7.52965,
	6.29312 7.51628,
	6.28235 7.51029,
	6.27158 7.5007,
	6.26684 7.49493,
	6.25934 7.48227,
	6.25385 7.46996,
	6.25176 7.46393,
	6.25041 7.46087,
	6.25017 7.44945,
	6.25006 7.44377,
	6.25001 7.44093,
	6.25 7.44022,
	6.24999 7.43951,
	6.25293 7.41735,
	6.26124 7.3961,
	6.28471 7.35469,
	6.3153 7.31414,
	6.3311 7.29372,
	6.34961 7.27278,
	6.37303 7.2531,
	6.39315 7.23114,
	6.41609 7.20909,
	6.4192 7.20712,
	6.44315 7.20339,
	6.44914 7.20269,
	6.47244 7.20889,
	6.49561 7.21854,
	6.50147 7.22039,
	6.50722 7.22383,
	6.52979 7.24692,
	6.53548 7.25265,
	6.55754 7.2796,
	6.5618 7.2864,
	6.60877 7.31722,
	6.63217 7.33101,
	6.65541 7.34298,
	6.66696 7.34883,
	6.68992 7.35532,
	6.73517 7.36382,
	6.75752 7.37277,
	6.76865 7.37712,
	6.79088 7.38963,
	6.802 7.39642,
	6.82362 7.41508,
	6.8399 7.43714,
	6.84203 7.43988,
	6.84384 7.46121,
	6.84296 7.48234,
	6.8424 7.48758,
	6.83711 7.49793,
	6.83446 7.50309,
	6.82429 7.51317,
	6.7794 7.51157,
	6.73422 7.50637,
	6.68848 7.50208,
	6.66524 7.5002,
	6.56963 7.48484,
	6.55751 7.48527,
	6.54541 7.48846,
	6.53334 7.49309,
	6.52732 7.49509,
	6.51539 7.50265,
	6.50947 7.50681,
	6.49765 7.51176,
	6.49178 7.51462,
	6.48591 7.51609,
	6.46121 7.51184,
	6.44901 7.51151,
	6.44295 7.51135,
	6.43693 7.51262,
	6.41331 7.52484,
	6.4075 7.52761,
	6.38448 7.5323,
	6.36187 7.5342,
	"/>
</Transform>

<Transform dim="0"
 xcoef=" 0 1 0 0 0 0"
 ycoef=" 0 0 1 0 0 0">
<Contour name="d05sp15" hidden="false" closed="true" simplified="true" border="1 0 0" fill="1 0 0" mode="11"
 points="8.46561 11.208,
	8.46843 11.1967,
	8.47407 11.1854,
	8.48395 11.1756,
	8.50652 11.1671,
	8.55166 11.1586,
	8.5968 11.1431,
	8.64194 11.1248,
	8.66452 11.1149,
	8.6758 11.1078,
	8.69696 11.0853,
	8.71248 11.0627,
	8.73223 11.0401,
	8.74069 11.0288,
	8.78584 10.9879,
	8.79712 10.9781,
	8.80135 10.9724,
	8.807 10.9498,
	8.80841 10.9386,
	8.81969 10.9315,
	8.83521 10.8864,
	8.85778 10.8723,
	8.86907 10.8652,
	8.88317 10.8426,
	8.89446 10.8201,
	8.9255 10.7749,
	8.93255 10.7636,
	8.95512 10.7467,
	8.96641 10.7368,
	8.97205 10.7312,
	8.97769 10.7199,
	9.00026 10.7016,
	9.01155 10.6931,
	9.02283 10.6875,
	9.02848 10.6846,
	9.07362 10.6804,
	9.1639 10.6889,
	9.18647 10.6917,
	9.20905 10.6917,
	9.22033 10.6931,
	9.22597 10.6931,
	9.23726 10.6987,
	9.2429 10.7016,
	9.25137 10.7129,
	9.26265 10.7227,
	9.28522 10.7354,
	9.29651 10.7411,
	9.34165 10.7481,
	9.35294 10.7495,
	9.39808 10.7707,
	9.42065 10.7749,
	9.44322 10.7862,
	9.46579 10.8045,
	9.47144 10.8088,
	9.47426 10.8074,
	9.46861 10.8017,
	9.4672 10.7961,
	9.46861 10.7947,
	9.47849 10.806,
	9.50106 10.8187,
	9.51235 10.8243,
	9.53492 10.8299,
	9.55749 10.8384,
	9.58006 10.8511,
	9.59135 10.8567,
	9.63649 10.8652,
	9.65906 10.8694,
	9.7042 10.885,
	9.72677 10.892,
	9.73806 10.8962,
	9.74088 10.8962,
	9.76345 10.916,
	9.80154 10.9611,
	9.80859 10.9724,
	9.82693 11.0176,
	9.85091 11.0627,
	9.85515 11.074,
	9.85797 11.0966,
	9.8622 11.1078,
	9.86361 11.1191,
	9.85938 11.1643,
	9.85232 11.1868,
	9.81141 11.2306,
	9.80436 11.2531,
	9.80013 11.2644,
	9.78461 11.287,
	9.77615 11.2983,
	9.7705 11.3209,
	9.76204 11.3434,
	9.7564 11.3547,
	9.75358 11.366,
	9.75781 11.3886,
	9.75922 11.4111,
	9.75075 11.4563,
	9.73806 11.5014,
	9.731 11.524,
	9.72395 11.5353,
	9.68304 11.5804,
	9.66188 11.5988,
	9.63931 11.6101,
	9.61674 11.6284,
	9.59558 11.651,
	9.59276 11.6566,
	9.58147 11.6665,
	9.56877 11.6891,
	9.56313 11.6933,
	9.56031 11.6961,
	9.55467 11.6947,
	9.5321 11.6806,
	9.50952 11.6764,
	9.46438 11.6721,
	9.4531 11.6721,
	9.44745 11.6707,
	9.44463 11.6707,
	9.43899 11.6651,
	9.43335 11.6637,
	9.3882 11.6735,
	9.34306 11.658,
	9.32049 11.6481,
	9.30921 11.6439,
	9.29792 11.634,
	9.28663 11.6298,
	9.26406 11.6284,
	9.25278 11.6256,
	9.23021 11.6143,
	9.20764 11.6129,
	9.16249 11.5959,
	9.13992 11.5861,
	9.11735 11.5804,
	9.10606 11.579,
	9.08349 11.5804,
	9.06092 11.5776,
	9.04964 11.5748,
	9.02707 11.5635,
	9.01578 11.5621,
	9.00449 11.5635,
	8.98192 11.5593,
	8.97628 11.5536,
	8.93114 11.5311,
	8.91985 11.5268,
	8.87471 11.5268,
	8.82957 11.517,
	8.78443 11.5184,
	8.76185 11.5141,
	8.73928 11.5071,
	8.728 11.5043,
	8.70543 11.5099,
	8.68286 11.5113,
	8.67157 11.5099,
	8.66593 11.5099,
	8.64336 11.4972,
	8.63207 11.4901,
	8.62078 11.4789,
	8.61514 11.4746,
	8.57 11.4619,
	8.52486 11.438,
	8.51357 11.4267,
	8.48395 11.3815,
	8.47407 11.3702,
	8.46843 11.359,
	8.46561 11.3477,
	8.47125 11.3025,
	8.46984 11.2574,
	8.46561 11.2122,
	8.46561 11.2094,
	"/>
</Transform>

<Transform dim="0"
 xcoef=" 0 1 0 0 0 0"
 ycoef=" 0 0 1 0 0 0">
<Contour name="d05sp17" hidden="false" closed="true" simplified="true" border="1 0 0" fill="1 0 0" mode="11"
 points="9.72193 10.648,
	9.72687 10.6381,
	9.74663 10.6331,
	9.76638 10.6233,
	9.8454 10.601,
	9.86516 10.5986,
	9.87504 10.5986,
	9.87997 10.5986,
	9.88491 10.5936,
	9.90467 10.5936,
	9.90961 10.5887,
	9.94912 10.5837,
	9.95899 10.5813,
	9.96393 10.5813,
	9.96887 10.5763,
	9.97875 10.5763,
	9.98369 10.5714,
	10.0034 10.5714,
	10.0084 10.5665,
	10.0479 10.5615,
	10.0528 10.5615,
	10.0578 10.5566,
	10.0775 10.5541,
	10.0874 10.5541,
	10.0973 10.5492,
	10.1368 10.5442,
	10.1565 10.5368,
	10.1961 10.5294,
	10.2059 10.527,
	10.2158 10.5294,
	10.243 10.5689,
	10.2529 10.5763,
	10.2627 10.5788,
	10.2677 10.5813,
	10.2627 10.6208,
	10.2603 10.6405,
	10.2627 10.6801,
	10.2553 10.7196,
	10.2257 10.7986,
	10.2133 10.8381,
	10.2109 10.8776,
	10.2158 10.9566,
	10.2207 10.9961,
	10.2183 11.0356,
	10.2158 11.0455,
	10.2084 11.0554,
	10.1689 11.0603,
	10.1294 11.0554,
	10.1096 11.0455,
	10.0899 11.0282,
	10.0627 10.9887,
	10.0183 10.9097,
	9.9664 10.8307,
	9.93183 10.7912,
	9.89232 10.7689,
	9.87257 10.7541,
	9.86269 10.7517,
	9.85775 10.7467,
	9.84787 10.7443,
	9.81083 10.7196,
	9.8133 10.7171,
	9.79355 10.7097,
	9.78367 10.7047,
	9.74416 10.6726,
	9.73428 10.6628,
	9.7244 10.6578,
	9.72193 10.6504,
	"/>
</Transform>

<Transform dim="0"
 xcoef=" 0 1 0 0 0 0"
 ycoef=" 0 0 1 0 0 0">
<Contour name="d05sp15" hidden="false" closed="true" simplified="true" border="1 0 0" fill="1 0 0" mode="11"
 points="9.27095 11.445,
	9.26621 11.4321,
	9.26224 11.427,
	9.23928 11.4186,
	9.23358 11.4164,
	9.21729 11.3886,
	9.20695 11.3757,
	9.16397 11.3433,
	9.14415 11.3146,
	9.12252 11.3009,
	9.07841 11.2804,
	9.07293 11.2773,
	9.06286 11.2624,
	9.05787 11.254,
	9.04627 11.2227,
	9.04261 11.2148,
	9.04142 11.1587,
	9.03913 11.1314,
	8.9984 11.0838,
	8.99447 11.0771,
	8.99469 11.0739,
	8.9948 11.0724,
	9.001 11.0482,
	9.00485 11.0362,
	9.00677 11.0303,
	9.00314 10.9815,
	9.01289 10.9349,
	9.02231 10.9122,
	9.02587 10.9049,
	9.05776 10.8655,
	9.06648 10.8549,
	9.07013 10.8496,
	9.09623 10.8356,
	9.12184 10.8291,
	9.13467 10.8267,
	9.14085 10.8378,
	9.16608 10.8377,
	9.17866 10.8385,
	9.1851 10.8382,
	9.23317 10.8579,
	9.25631 10.8731,
	9.2789 10.8914,
	9.30051 10.9158,
	9.3186 10.9443,
	9.34019 10.9721,
	9.34557 10.9794,
	9.35132 10.9837,
	9.37548 10.99,
	9.42237 11.0113,
	9.44525 11.0263,
	9.46761 11.0466,
	9.47894 11.0551,
	9.52556 11.0721,
	9.53136 11.074,
	9.53911 11.0865,
	9.5442 11.1109,
	9.54629 11.1351,
	9.5811 11.186,
	9.58633 11.1925,
	9.5851 11.2169,
	9.58094 11.241,
	9.56912 11.2648,
	9.56615 11.2769,
	9.56468 11.3015,
	9.56312 11.3138,
	9.55539 11.3259,
	9.5515 11.3319,
	9.53827 11.3375,
	9.53184 11.3387,
	9.52011 11.3485,
	9.52012 11.3484,
	9.51286 11.3543,
	9.51265 11.3547,
	9.50513 11.361,
	9.49229 11.3854,
	9.48531 11.3961,
	9.48501 11.3963,
	9.4783 11.3991,
	9.46571 11.3986,
	9.43922 11.418,
	9.43399 11.4237,
	9.43351 11.424,
	9.40822 11.4275,
	9.38383 11.4231,
	9.35891 11.4236,
	9.33196 11.4426,
	9.31926 11.4466,
	"/>
</Transform>

<Transform dim="1"
 xcoef=" 0 1 0 0 0 0"
 ycoef=" -0.01 0 1 0 0 0">
<Contour name="d05cfa15" hidden="false" closed="false" simplified="true" border="0 1 1" fill="0 1 1" mode="11"
 points="9.30088 10.8995,
	9.28894 10.8882,
	9.27025 10.8712,
	9.23255 10.8476,
	9.20533 10.8353,
	9.14557 10.8279,
	9.14115 10.8177,
	9.11012 10.8256,
	9.08862 10.8324,
	9.06943 10.8465,
	9.05124 10.8679,
	"/>
</Transform>

<Transform dim="0"
 xcoef=" 0 1 0 0 0 0"
 ycoef=" 0 0 1 0 0 0">
<Contour name="d24c41" hidden="false" closed="true" simplified="true" border="0 0 1" fill="0 0 1" mode="11"
 points="5.88851 5.45241,
	5.88022 5.44412,
	5.82643 5.27609,
	5.82671 5.27357,
	5.87127 5.25737,
	5.88227 5.25469,
	5.88791 5.25212,
	5.9593 5.42056,
	5.96743 5.44297,
	5.94488 5.44878,
	5.89979 5.45221,
	"/>
</Transform>

<Transform dim="1"
 xcoef=" 0 1 0 0 0 0"
 ycoef=" 0 0 1 0 0 0">
<Contour name="d24sp41" hidden="false" closed="true" simplified="true" border="1 0 0" fill="1 0 0" mode="11"
 points="5.56898 5.32589,
	5.58371 5.27874,
	5.58666 5.26696,
	5.60286 5.24338,
	5.62349 5.21981,
	5.6338 5.20803,
	5.6559 5.19477,
	5.70305 5.17414,
	5.70894 5.17119,
	5.75608 5.18003,
	5.76787 5.18151,
	5.81502 5.20361,
	5.8268 5.2095,
	5.83711 5.22129,
	5.84301 5.22718,
	5.87247 5.27432,
	5.88721 5.2979,
	5.90783 5.34504,
	5.92551 5.39219,
	5.93288 5.41576,
	5.94024 5.4629,
	5.94172 5.4688,
	5.93288 5.51594,
	5.92551 5.53951,
	5.91078 5.56161,
	5.88868 5.58224,
	5.86511 5.59255,
	5.84153 5.59992,
	5.79439 5.60286,
	5.7826 5.60434,
	5.77082 5.60139,
	5.76492 5.60139,
	5.75903 5.59844,
	5.74724 5.58813,
	5.74135 5.58371,
	5.71778 5.5734,
	5.70599 5.57045,
	5.68389 5.55719,
	5.67211 5.5513,
	5.61023 5.45701,
	5.60286 5.44522,
	5.5734 5.35093,
	5.56898 5.32736,
	"/>
</Transform>

<Transform dim="0"
 xcoef=" 0 1 0 0 0 0"
 ycoef=" 0 0 1 0 0 0">
<Contour name="d05c15" hidden="false" closed="true" simplified="true" border="0 0 1" fill="0 0 1" mode="11"
 points="8.94835 10.9513,
	8.95241 10.9432,
	8.96054 10.9351,
	8.97679 10.928,
	8.99304 10.9229,
	9.00117 10.9208,
	9.00929 10.9219,
	9.01132 10.9219,
	9.01539 10.9188,
	9.0164 10.9178,
	9.01843 10.9219,
	9.02554 10.929,
	9.03367 10.9615,
	9.04179 10.9777,
	9.04687 10.994,
	9.0489 11.0102,
	9.04687 11.0265,
	9.04179 11.0427,
	9.03468 11.059,
	9.02351 11.0752,
	9.0164 11.0823,
	9.00015 11.0874,
	8.99609 11.0905,
	8.99507 11.0874,
	8.99101 11.0895,
	8.98898 11.0905,
	8.98796 11.0884,
	8.97984 11.0874,
	8.97577 11.0864,
	8.97374 11.0864,
	8.96866 11.0783,
	8.96155 11.0458,
	8.96155 11.0377,
	8.94835 10.9726,
	8.94835 10.9564,
	8.94835 10.9523,
	"/>
</Transform>

<Transform dim="0"
 xcoef=" 0 1 0 0 0 0"
 ycoef=" 0 0 1 0 0 0">
<Contour name="d05c15" hidden="false" closed="true" simplified="true" border="0 0 1" fill="0 0 1" mode="11"
 points="9.03773 10.8548,
	9.05195 10.8223,
	9.06008 10.8162,
	9.0682 10.8122,
	9.08445 10.8091,
	9.09258 10.8061,
	9.09664 10.8061,
	9.10477 10.803,
	9.10883 10.803,
	9.11696 10.8,
	9.14946 10.7949,
	9.18196 10.7959,
	9.19821 10.8,
	9.23071 10.803,
	9.24697 10.8061,
	9.25103 10.8061,
	9.25509 10.8081,
	9.26322 10.8091,
	9.27947 10.8142,
	9.29572 10.8213,
	9.30384 10.8264,
	9.30994 10.8345,
	9.31197 10.8386,
	9.314 10.8548,
	9.314 10.8711,
	9.30994 10.8873,
	9.30892 10.8914,
	9.30791 10.8934,
	9.30892 10.8955,
	9.30384 10.9036,
	9.29674 10.9117,
	9.28861 10.9158,
	9.27236 10.9137,
	9.25611 10.9076,
	9.2236 10.8904,
	9.1911 10.8751,
	9.1586 10.865,
	9.15047 10.864,
	9.14641 10.8629,
	9.13016 10.865,
	9.12203 10.867,
	9.10578 10.8751,
	9.08953 10.8863,
	9.08547 10.8894,
	9.07734 10.8904,
	9.06922 10.8894,
	9.06719 10.8883,
	9.06312 10.8924,
	9.06008 10.8944,
	9.055 10.8863,
	9.04789 10.8792,
	9.04382 10.8762,
	9.04281 10.8751,
	9.04382 10.8731,
	9.03976 10.865,
	9.03773 10.8629,
	9.03773 10.8558,
	"/>
</Transform>

<Transform dim="0"
 xcoef=" 0 1 0 0 0 0"
 ycoef=" 0 0 1 0 0 0">
<Contour name="dch_na_d24c41" hidden="false" closed="true" simplified="true" border="0 0 1" fill="0 0 1" mode="11"
 points="5.90268 5.43655,
	5.90066 5.43453,
	5.8999 5.43352,
	5.85877 5.30432,
	5.85373 5.28817,
	5.85095 5.2801,
	5.84969 5.27606,
	5.84944 5.27505,
	5.84918 5.27455,
	5.84969 5.27404,
	5.85171 5.27379,
	5.85272 5.27328,
	5.85675 5.27278,
	5.85877 5.27278,
	5.86281 5.27202,
	5.86483 5.27177,
	5.86685 5.27101,
	5.86786 5.27101,
	5.88401 5.26571,
	5.89208 5.26319,
	5.89612 5.26168,
	5.90016 5.26117,
	5.90218 5.26041,
	5.90419 5.26041,
	5.90621 5.25991,
	5.90722 5.25991,
	5.91126 5.25865,
	5.91328 5.25814,
	5.91479 5.2584,
	5.9698 5.3876,
	5.97662 5.40375,
	5.9799 5.41182,
	5.98141 5.41586,
	5.98116 5.41687,
	5.96501 5.42242,
	5.95693 5.42519,
	5.94886 5.42696,
	5.94482 5.42772,
	5.9428 5.42797,
	5.93473 5.43075,
	5.93271 5.431,
	5.93069 5.43176,
	5.92262 5.43302,
	5.91858 5.43403,
	5.91656 5.43504,
	5.91454 5.43554,
	5.91353 5.43554,
	5.90949 5.4368,
	5.90546 5.43705,
	5.90344 5.43705,
	5.90293 5.4368,
	"/>
</Transform>

<Transform dim="1"
 xcoef=" 0.02 1 0 0 0 0"
 ycoef=" -0.03 0 1 0 0 0">
<Contour name="dch_d19c09a" hidden="false" closed="true" simplified="true" border="0 0 1" fill="0 0 1" mode="11"
 points="3.65418 11.8738,
	3.65498 11.8674,
	3.65498 11.8658,
	3.66056 11.853,
	3.66335 11.8467,
	3.66455 11.8435,
	3.66535 11.8419,
	3.66854 11.8403,
	3.67492 11.8391,
	3.67652 11.8387,
	3.70205 11.8443,
	3.71482 11.8479,
	3.72121 11.8502,
	3.7244 11.851,
	3.72759 11.8526,
	3.74036 11.8558,
	3.74195 11.8562,
	3.74834 11.8622,
	3.74834 11.8686,
	3.74834 11.8718,
	3.74075 11.8973,
	3.74036 11.8989,
	3.73397 11.9041,
	3.72121 11.9041,
	3.71482 11.9041,
	3.70205 11.9017,
	3.69567 11.9005,
	3.67014 11.8921,
	3.66375 11.8897,
	3.65737 11.8854,
	3.65617 11.8838,
	3.65458 11.8774,
	3.65418 11.8742,
	"/>
</Transform>

<Transform dim="1"
 xcoef=" 0.01 1 0 0 0 0"
 ycoef=" -0.01 0 1 0 0 0">
<Contour name="d19cfa09a" hidden="false" closed="false" simplified="true" border="1 0 0" fill="1 0 0" mode="11"
 points="3.73548 11.8958,
	3.72563 11.8922,
	3.69922 11.8823,
	3.67028 11.8703,
	3.65617 11.8622,
	"/>
</Transform>

<Transform dim="0"
 xcoef=" 0 1 0 0 0 0"
 ycoef=" 0 0 1 0 0 0">
<Image mag="0.0022379" contrast="1.144" brightness="-0.15" red="true" green="true" blue="true"
 src="054____z53.0.tif" />
<Contour name="d05c15" hidden="false" closed="true" simplified="false" border="0 0 1" fill="0 0 1" mode="11"
 points="0 0,
	9356 0,
	9356 6733,
	0 6733,
	"/>
</Transform>

<Transform dim="0"
 xcoef=" 0 1 0 0 0 0"
 ycoef=" 0 0 1 0 0 0">
<Image mag="0.0022379" contrast="1.144" brightness="-0.15" red="true" green="true" blue="true"
 src="054____z53.0.tif" />
<Contour name="d05c15" hidden="false" closed="true" simplified="false" border="0 0 1" fill="0 0 1" mode="11"
 points="0 0,
	9356 0,
	9356 6733,
	0 6733,
	"/>
</Transform>

<Transform dim="0"
 xcoef=" 0 1 0 0 0 0"
 ycoef=" 0 0 1 0 0 0">
<Image mag="0.0022379" contrast="1.144" brightness="-0.15" red="true" green="true" blue="true"
 src="055____z54.0.tif" />
<Contour name="d05c15" hidden="false" closed="true" simplified="false" border="0 0 1" fill="0 0 1" mode="11"
 points="0 0,
	9356 0,
	9356 6733,
	0 6733,
	"/>
</Transform>

</Section>