<?xml version="1.0"?>
<!DOCTYPE Section SYSTEM "section.dtd">

<Section index="18" thickness="0.045794" alignLocked="true">
<Transform dim="0"
 xcoef=" 0 1 0 0 0 0"
 ycoef=" 0 0 1 0 0 0">
<Image mag="0.0022379" contrast="1.144" brightness="-0.15" red="true" green="true" blue="true"
 src="019____z18.0.tif" />
<Contour name="domain1" hidden="false" closed="true" simplified="false" border="1 0 1" fill="1 0 1" mode="11"
 points="0 0,
	9357 0,
	9357 6734,
	0 6734,
	"/>
</Transform>

<Transform dim="0"
 xcoef=" 0 1 0 0 0 0"
 ycoef=" 0 0 1 0 0 0">
<Contour name="d04" hidden="false" closed="true" simplified="true" border="0 0 0" fill="0 0 0" mode="11"
 points="7.7552 12.6493,
	7.74536 12.6453,
	7.74418 12.6442,
	7.74233 12.6342,
	7.74188 12.6242,
	7.7458 12.5829,
	7.74955 12.562,
	7.75509 12.5408,
	7.77238 12.4982,
	7.78154 12.4769,
	7.78864 12.4557,
	7.79253 12.4452,
	7.79757 12.4241,
	7.80035 12.4136,
	7.80172 12.4083,
	7.80583 12.3661,
	7.80598 12.3608,
	7.80204 12.3395,
	7.80096 12.3342,
	7.79176 12.313,
	7.78619 12.3024,
	7.77179 12.2814,
	7.76338 12.2717,
	7.74539 12.2544,
	7.7407 12.25,
	7.72102 12.2383,
	7.71088 12.2322,
	7.70573 12.2292,
	7.66288 12.216,
	7.61786 12.2102,
	7.59457 12.2116,
	7.58867 12.2128,
	7.54 12.2351,
	7.51485 12.2459,
	7.50208 12.2515,
	7.47604 12.2666,
	7.46948 12.2701,
	7.45617 12.2797,
	7.44283 12.288,
	7.41609 12.3018,
	7.38942 12.3102,
	7.37603 12.3144,
	7.3693 12.3164,
	7.31562 12.3232,
	7.30215 12.3238,
	7.30225 12.3186,
	7.30226 12.3179,
	7.30497 12.297,
	7.31085 12.2758,
	7.31501 12.265,
	7.31663 12.2597,
	7.31701 12.239,
	7.31757 12.2286,
	7.31603 12.208,
	7.31479 12.1978,
	7.31462 12.1926,
	7.3191 12.1712,
	7.35662 12.1243,
	7.37745 12.1002,
	7.38824 12.088,
	7.41456 12.0636,
	7.42107 12.0573,
	7.4243 12.0542,
	7.47522 12.0288,
	7.49992 12.0199,
	7.52421 12.0126,
	7.57122 11.9959,
	7.61701 11.9832,
	7.62829 11.9803,
	7.65031 11.9693,
	7.65582 11.9668,
	7.65854 11.9653,
	7.703 11.9588,
	7.74706 11.9575,
	7.76902 11.9678,
	7.77981 11.9734,
	7.801 11.9923,
	7.81131 12.0029,
	7.81636 12.0082,
	7.81887 12.0096,
	7.82891 12.0108,
	7.83386 12.0121,
	7.83633 12.0128,
	7.85532 12.0307,
	7.89002 12.0753,
	7.89407 12.0811,
	7.91009 12.0997,
	7.91784 12.1095,
	7.92168 12.114,
	7.93376 12.1375,
	7.93944 12.1491,
	7.96823 12.1901,
	7.99807 12.232,
	8.00191 12.237,
	8.00381 12.2398,
	8.00476 12.2411,
	8.00428 12.2618,
	8.00265 12.2821,
	8.00268 12.2923,
	8.00383 12.3025,
	8.00332 12.3125,
	7.99953 12.3321,
	7.99128 12.3513,
	7.98022 12.3702,
	7.97469 12.3796,
	7.96133 12.3982,
	7.95937 12.4005,
	7.95377 12.4385,
	7.95288 12.448,
	7.94036 12.4858,
	7.93562 12.505,
	7.93232 12.5146,
	7.92188 12.5342,
	7.9173 12.544,
	7.90564 12.5641,
	7.89985 12.5741,
	7.8845 12.5947,
	7.87625 12.605,
	7.86616 12.6143,
	7.86084 12.6184,
	7.85816 12.621,
	7.84767 12.6255,
	7.8373 12.628,
	7.81675 12.6308,
	7.8065 12.6329,
	7.80394 12.6331,
	7.78323 12.6432,
	7.78064 12.6447,
	7.76028 12.6481,
	"/>
</Transform>

<Transform dim="0"
 xcoef=" 0 1 0 0 0 0"
 ycoef=" 0 0 1 0 0 0">
<Contour name="d04" hidden="false" closed="true" simplified="true" border="0 0 0" fill="0 0 0" mode="11"
 points="8.39452 11.656,
	8.35489 11.6516,
	8.31471 11.6434,
	8.27381 11.6337,
	8.25319 11.6283,
	8.21148 11.622,
	8.19077 11.6153,
	8.1856 11.6133,
	8.16427 11.6185,
	8.15892 11.6202,
	8.15363 11.6204,
	8.11117 11.6119,
	8.06751 11.5995,
	8.06195 11.5979,
	8.01664 11.5761,
	7.99334 11.5652,
	7.94537 11.5382,
	7.92066 11.5255,
	7.90808 11.5176,
	7.88235 11.5,
	7.87583 11.4955,
	7.82344 11.4712,
	7.82015 11.47,
	7.80167 11.4496,
	7.79197 11.4395,
	7.76485 11.4211,
	7.73886 11.409,
	7.72641 11.4026,
	7.70567 11.3817,
	7.68363 11.3607,
	7.67191 11.3502,
	7.66718 11.345,
	7.64255 11.303,
	7.63589 11.2611,
	7.63579 11.2592,
	7.63576 11.2585,
	7.63628 11.2164,
	7.63666 11.2058,
	7.64514 11.1844,
	7.65018 11.1736,
	7.65233 11.1682,
	7.65599 11.1628,
	7.66124 11.1587,
	7.71042 11.1798,
	7.71347 11.1811,
	7.715 11.1817,
	7.72693 11.1748,
	7.73288 11.1714,
	7.73585 11.17,
	7.74965 11.1484,
	7.78215 11.1053,
	7.79298 11.0946,
	7.81675 11.0946,
	7.82859 11.0945,
	7.83449 11.0945,
	7.84613 11.0899,
	7.8692 11.0781,
	7.88069 11.0722,
	7.88644 11.0697,
	7.90949 11.0632,
	7.93239 11.0549,
	7.93812 11.0536,
	7.9497 11.0556,
	7.95261 11.0563,
	7.96402 11.0544,
	7.96974 11.0537,
	8.01528 11.0285,
	8.02667 11.0217,
	8.02953 11.0203,
	8.05271 11.0177,
	8.07509 11,
	8.0807 10.9958,
	8.12625 10.9792,
	8.14907 10.9705,
	8.1548 10.9688,
	8.17757 10.9538,
	8.18901 10.9461,
	8.2123 10.9422,
	8.21813 10.941,
	8.2392 10.9316,
	8.28059 10.8964,
	8.29031 10.8869,
	8.29928 10.8754,
	8.30379 10.8696,
	8.31496 10.8738,
	8.32054 10.8756,
	8.32335 10.8768,
	8.32871 10.8877,
	8.3304 10.8932,
	8.33344 10.8987,
	8.35115 10.9207,
	8.36069 10.9318,
	8.40548 10.9773,
	8.41692 10.9889,
	8.41976 10.9918,
	8.42836 11.015,
	8.4428 11.0383,
	8.44704 11.0441,
	8.46888 11.0642,
	8.47967 11.0746,
	8.52154 11.1062,
	8.56205 11.1365,
	8.57202 11.1438,
	8.61191 11.1628,
	8.6144 11.1644,
	8.63465 11.1702,
	8.64488 11.1727,
	8.66506 11.1855,
	8.67518 11.1923,
	8.69484 11.2141,
	8.69976 11.2195,
	8.71048 11.243,
	8.71618 11.2547,
	8.71728 11.2576,
	8.71435 11.3019,
	8.70953 11.3912,
	8.69758 11.4357,
	8.66194 11.5254,
	8.65138 11.5477,
	8.64577 11.5588,
	8.64295 11.5644,
	8.64185 11.5672,
	8.62358 11.5886,
	8.61426 11.5996,
	8.60348 11.6067,
	8.59809 11.6102,
	8.59541 11.6116,
	8.57418 11.6109,
	8.56892 11.6107,
	8.54783 11.623,
	8.52692 11.6379,
	8.5243 11.6399,
	8.51917 11.641,
	8.4989 11.641,
	8.49385 11.6413,
	8.47408 11.6366,
	8.46432 11.6335,
	8.45946 11.6322,
	8.43972 11.6373,
	8.41985 11.6445,
	8.39962 11.6537,
	"/>
</Transform>

<Transform dim="0"
 xcoef=" 0 1 0 0 0 0"
 ycoef=" 0 0 1 0 0 0">
<Contour name="d05sp01" hidden="false" closed="true" simplified="true" border="1 0 0" fill="1 0 0" mode="11"
 points="9.01008 11.5569,
	8.98462 11.5505,
	8.97187 11.5453,
	8.96547 11.542,
	8.94198 11.4964,
	8.92964 11.474,
	8.92432 11.463,
	8.9221 11.4523,
	8.92194 11.4496,
	8.92186 11.4483,
	8.93382 11.4074,
	8.95752 11.3678,
	8.95449 11.3471,
	8.95537 11.337,
	8.96494 11.3175,
	8.97364 11.308,
	9.02519 11.2925,
	9.05193 11.2849,
	9.10598 11.2736,
	9.13252 11.2689,
	9.14559 11.2678,
	9.15211 11.2666,
	9.17748 11.273,
	9.18378 11.2743,
	9.20888 11.2707,
	9.23332 11.2797,
	9.2454 11.2861,
	9.26942 11.303,
	9.28132 11.3083,
	9.30501 11.3229,
	9.31088 11.3256,
	9.3157 11.3462,
	9.31885 11.3567,
	9.32781 11.3673,
	9.33077 11.37,
	9.33272 11.391,
	9.33439 11.4016,
	9.34028 11.407,
	9.33759 11.4176,
	9.33622 11.4229,
	9.32471 11.4323,
	9.30117 11.4321,
	9.28926 11.4333,
	9.26516 11.4497,
	9.24203 11.4703,
	9.21684 11.4798,
	9.19118 11.4946,
	9.13897 11.5177,
	9.08692 11.5451,
	9.07402 11.5497,
	9.06758 11.5519,
	9.01635 11.556,
	"/>
</Transform>

<Transform dim="0"
 xcoef=" 0 1 0 0 0 0"
 ycoef=" 0 0 1 0 0 0">
<Contour name="d05sp03" hidden="false" closed="true" simplified="true" border="1 0 0" fill="1 0 0" mode="11"
 points="7.89467 10.6683,
	7.86693 10.6607,
	7.85288 10.6616,
	7.84587 10.6614,
	7.84235 10.6613,
	7.81394 10.6457,
	7.79947 10.6386,
	7.79209 10.6331,
	7.79015 10.629,
	7.7901 10.6276,
	7.79772 10.5839,
	7.79913 10.5727,
	7.80077 10.5671,
	7.80064 10.5643,
	7.81556 10.5575,
	7.83043 10.5478,
	7.86039 10.5354,
	7.86786 10.5327,
	7.8788 10.5213,
	7.88423 10.5155,
	7.89068 10.492,
	7.90238 10.4683,
	7.90565 10.4622,
	7.90463 10.4498,
	7.9041 10.4435,
	7.92551 10.4183,
	7.93692 10.4056,
	7.96777 10.3552,
	7.97543 10.3427,
	8.002 10.3331,
	8.01519 10.3298,
	8.0417 10.3309,
	8.05474 10.3307,
	8.06811 10.338,
	8.07478 10.3425,
	8.08185 10.3545,
	8.08485 10.3789,
	8.09905 10.4271,
	8.10856 10.4508,
	8.12 10.4577,
	8.12655 10.4618,
	8.1283 10.4647,
	8.12202 10.4892,
	8.10924 10.5142,
	8.10032 10.5268,
	8.0867 10.5516,
	8.06915 10.5762,
	8.05608 10.5857,
	8.02948 10.5985,
	8.01612 10.6004,
	8.00277 10.5994,
	7.99606 10.5967,
	7.98215 10.5993,
	7.97512 10.6006,
	7.96061 10.6115,
	7.95872 10.6142,
	7.96158 10.6253,
	7.95394 10.6361,
	7.93002 10.6572,
	7.92285 10.661,
	"/>
</Transform>

<Transform dim="0"
 xcoef=" 0 1 0 0 0 0"
 ycoef=" 0 0 1 0 0 0">
<Contour name="d23sp01" hidden="false" closed="true" simplified="true" border="1 0 0" fill="1 0 0" mode="11"
 points="4.83387 9.78456,
	4.81761 9.78452,
	4.80141 9.78355,
	4.79336 9.78324,
	4.76106 9.775,
	4.74496 9.76723,
	4.73702 9.76369,
	4.72908 9.75882,
	4.71324 9.74632,
	4.70931 9.74315,
	4.70734 9.74134,
	4.69983 9.72718,
	4.69635 9.72007,
	4.69486 9.71652,
	4.69414 9.70257,
	4.69409 9.69908,
	4.69407 9.69733,
	4.69405 9.6969,
	4.70234 9.68341,
	4.70652 9.67667,
	4.70791 9.67499,
	4.72299 9.67094,
	4.72677 9.6698,
	4.74192 9.66129,
	4.74572 9.65927,
	4.77666 9.66458,
	4.79235 9.66754,
	4.82411 9.66592,
	4.85645 9.65251,
	4.86467 9.64914,
	4.8688 9.64788,
	4.90244 9.64293,
	4.91958 9.64171,
	4.93692 9.64174,
	4.94564 9.64133,
	5.01606 9.64602,
	5.02485 9.64646,
	5.0598 9.64577,
	5.07702 9.64633,
	5.09398 9.64867,
	5.10238 9.64964,
	5.13175 9.67767,
	5.13411 9.69135,
	5.13479 9.69816,
	5.13561 9.70157,
	5.13337 9.71492,
	5.13251 9.72156,
	5.13182 9.72486,
	5.13174 9.72652,
	5.11731 9.75199,
	5.11564 9.75512,
	5.11407 9.75665,
	5.0813 9.77224,
	5.07722 9.77404,
	5.04472 9.77702,
	5.03654 9.77803,
	5.00363 9.77741,
	4.98704 9.7775,
	4.97872 9.77758,
	4.96196 9.77591,
	4.95773 9.7752,
	4.92442 9.77757,
	4.9078 9.77883,
	4.87486 9.78301,
	4.86668 9.78404,
	"/>
</Transform>

<Transform dim="0"
 xcoef=" 0 1 0 0 0 0"
 ycoef=" 0 0 1 0 0 0">
<Contour name="d30sp01" hidden="false" closed="true" simplified="true" border="1 0 0" fill="1 0 0" mode="11"
 points="12.5867 6.29353,
	12.5819 6.28238,
	12.5819 6.28163,
	12.5819 6.28087,
	12.5828 6.26859,
	12.5832 6.26245,
	12.5869 6.24956,
	12.5918 6.23639,
	12.5939 6.22991,
	12.6106 6.20808,
	12.6428 6.16665,
	12.659 6.14954,
	12.6745 6.12333,
	12.6902 6.0959,
	12.6983 6.08198,
	12.7025 6.0758,
	12.72 6.05569,
	12.7382 6.03724,
	12.7476 6.02805,
	12.7667 6.00678,
	12.7766 5.99756,
	12.8182 5.94938,
	12.8586 5.89459,
	12.8783 5.8672,
	12.9222 5.81178,
	12.9442 5.78423,
	12.968 5.76221,
	12.9797 5.75174,
	13.0033 5.72534,
	13.0249 5.69816,
	13.0355 5.68452,
	13.0409 5.67767,
	13.0537 5.66395,
	13.0599 5.65707,
	13.0628 5.6545,
	13.0773 5.65976,
	13.0807 5.66147,
	13.0916 5.67818,
	13.0943 5.68307,
	13.1002 5.70858,
	13.1018 5.71476,
	13.1004 5.73942,
	13.0957 5.76368,
	13.0937 5.77561,
	13.0858 5.79946,
	13.0846 5.8053,
	13.0737 5.82903,
	13.0609 5.85272,
	13.0461 5.87646,
	13.0392 5.88826,
	13.0296 5.91144,
	13.0263 5.91732,
	13.01 5.94121,
	13.0022 5.95318,
	12.9824 5.97574,
	12.9623 5.9925,
	12.9522 6.00245,
	12.932 6.02562,
	12.9217 6.03816,
	12.9117 6.04867,
	12.9017 6.06075,
	12.862 6.11553,
	12.8428 6.14028,
	12.8058 6.1808,
	12.788 6.201,
	12.7792 6.21197,
	12.7704 6.22139,
	12.7534 6.23629,
	12.7366 6.24952,
	12.7282 6.25491,
	12.6947 6.2703,
	12.6608 6.27853,
	12.6261 6.28762,
	12.5911 6.29345,
	"/>
</Transform>

<Transform dim="0"
 xcoef=" 0 1 0 0 0 0"
 ycoef=" 0 0 1 0 0 0">
<Contour name="d23sp04" hidden="false" closed="true" simplified="true" border="1 0 0" fill="1 0 0" mode="11"
 points="5.2285 8.41007,
	5.22184 8.41001,
	5.19535 8.40381,
	5.18229 8.39721,
	5.16933 8.38953,
	5.16771 8.38863,
	5.14247 8.36077,
	5.14089 8.35889,
	5.13699 8.34322,
	5.1359 8.33931,
	5.13558 8.33735,
	5.13519 8.33637,
	5.13522 8.33587,
	5.14837 8.32912,
	5.15491 8.32623,
	5.18061 8.33266,
	5.18383 8.33346,
	5.20956 8.34689,
	5.22246 8.3591,
	5.22895 8.36515,
	5.23058 8.36706,
	5.23705 8.3825,
	5.23743 8.38644,
	5.23607 8.40226,
	5.22935 8.40903,
	"/>
</Transform>

<Transform dim="0"
 xcoef=" 0 1 0 0 0 0"
 ycoef=" 0 0 1 0 0 0">
<Contour name="d23sph04" hidden="false" closed="true" simplified="true" border="1 0 0" fill="1 0 0" mode="11"
 points="5.2285 8.41007,
	5.22184 8.41001,
	5.19535 8.40381,
	5.18229 8.39721,
	5.16933 8.38953,
	5.16771 8.38863,
	5.14247 8.36077,
	5.14089 8.35889,
	5.13699 8.34322,
	5.1359 8.33931,
	5.13558 8.33735,
	5.13519 8.33637,
	5.13522 8.33587,
	5.14837 8.32912,
	5.15491 8.32623,
	5.18061 8.33266,
	5.18383 8.33346,
	5.20956 8.34689,
	5.22246 8.3591,
	5.22895 8.36515,
	5.23058 8.36706,
	5.23705 8.3825,
	5.23743 8.38644,
	5.23607 8.40226,
	5.22935 8.40903,
	"/>
</Transform>

<Transform dim="0"
 xcoef=" 0 1 0 0 0 0"
 ycoef=" 0 0 1 0 0 0">
<Contour name="d24sp03" hidden="false" closed="true" simplified="true" border="1 0 0" fill="1 0 0" mode="11"
 points="7.41875 5.72751,
	7.4022 5.71693,
	7.39802 5.71435,
	7.38392 5.69364,
	7.38194 5.69101,
	7.37215 5.66974,
	7.36981 5.66445,
	7.36607 5.64304,
	7.3647 5.63238,
	7.36472 5.61102,
	7.36265 5.56894,
	7.36294 5.56434,
	7.36299 5.56368,
	7.36542 5.54273,
	7.36557 5.54013,
	7.37297 5.51918,
	7.37977 5.50867,
	7.38767 5.49817,
	7.40664 5.48166,
	7.4253 5.47097,
	7.44384 5.46223,
	7.45308 5.45817,
	7.48965 5.44707,
	7.50781 5.43964,
	7.51684 5.43562,
	7.52132 5.43424,
	7.5303 5.42898,
	7.53918 5.42496,
	7.55667 5.41943,
	7.57386 5.41639,
	7.58233 5.41547,
	7.61553 5.40584,
	7.63172 5.40105,
	7.63974 5.39856,
	7.67158 5.3941,
	7.68748 5.39644,
	7.69146 5.39776,
	7.69935 5.40358,
	7.70331 5.40614,
	7.70529 5.40773,
	7.71224 5.42709,
	7.71396 5.44749,
	7.713 5.46852,
	7.71196 5.4792,
	7.70529 5.5014,
	7.69553 5.52414,
	7.69319 5.52981,
	7.67661 5.54985,
	7.65989 5.56334,
	7.65152 5.56925,
	7.63482 5.5787,
	7.61771 5.5899,
	7.60885 5.59746,
	7.60442 5.60088,
	7.58604 5.61934,
	7.57677 5.62821,
	7.55846 5.64178,
	7.55383 5.64517,
	7.53456 5.66509,
	7.51583 5.67882,
	7.50601 5.68928,
	7.50103 5.69488,
	7.49855 5.6977,
	7.47965 5.71101,
	7.47031 5.71669,
	7.45198 5.7246,
	7.44298 5.72686,
	7.42539 5.72726,
	7.42097 5.72741,
	"/>
</Transform>

<Transform dim="0"
 xcoef=" 0 1 0 0 0 0"
 ycoef=" 0 0 1 0 0 0">
<Contour name="d23sp03" hidden="false" closed="true" simplified="true" border="1 0 0" fill="1 0 0" mode="11"
 points="5.93765 9.95656,
	5.87401 9.9481,
	5.84188 9.9433,
	5.82576 9.94176,
	5.79351 9.94223,
	5.77704 9.9427,
	5.74312 9.94091,
	5.73885 9.94099,
	5.73448 9.94003,
	5.69883 9.92403,
	5.69663 9.92332,
	5.67872 9.90575,
	5.66056 9.89019,
	5.65154 9.88257,
	5.63986 9.86593,
	5.63357 9.85769,
	5.6307 9.8536,
	5.61408 9.84305,
	5.61196 9.84194,
	5.60197 9.82495,
	5.60142 9.82389,
	5.60141 9.82336,
	5.61397 9.79018,
	5.61803 9.77345,
	5.61974 9.76504,
	5.63026 9.73132,
	5.63292 9.72283,
	5.64167 9.70609,
	5.64615 9.69771,
	5.66914 9.67112,
	5.67515 9.66551,
	5.70087 9.6489,
	5.72936 9.63247,
	5.73123 9.63137,
	5.76242 9.62855,
	5.77869 9.62724,
	5.78281 9.62674,
	5.81643 9.63306,
	5.83359 9.63584,
	5.86829 9.6438,
	5.87266 9.6451,
	5.90771 9.66423,
	5.94319 9.68621,
	5.95217 9.69179,
	5.95669 9.69487,
	5.96848 9.71454,
	5.97966 9.73396,
	6.00018 9.77217,
	6.01181 9.79091,
	6.02504 9.80939,
	6.04984 9.8461,
	6.05293 9.85045,
	6.05447 9.85261,
	6.05919 9.87033,
	6.0605 9.87477,
	6.06087 9.87701,
	6.05369 9.89532,
	6.05294 9.89761,
	6.03848 9.91612,
	6.03134 9.92476,
	6.02777 9.92876,
	6.02604 9.93105,
	6.01142 9.94345,
	6.00412 9.94893,
	5.9722 9.95175,
	5.96431 9.95224,
	5.94898 9.95461,
	5.94141 9.95593,
	"/>
</Transform>

<Transform dim="0"
 xcoef=" 0 1 0 0 0 0"
 ycoef=" 0 0 1 0 0 0">
<Contour name="d04sp03" hidden="false" closed="true" simplified="true" border="1 0 0" fill="1 0 0" mode="11"
 points="7.78778 12.6152,
	7.77812 12.611,
	7.77697 12.6099,
	7.77537 12.5999,
	7.77516 12.5898,
	7.7801 12.5486,
	7.78433 12.5278,
	7.79026 12.5069,
	7.80773 12.465,
	7.81667 12.4441,
	7.82341 12.4234,
	7.82702 12.413,
	7.83147 12.3923,
	7.83389 12.3819,
	7.83507 12.3767,
	7.83773 12.3348,
	7.8377 12.3295,
	7.83325 12.3082,
	7.83204 12.3028,
	7.82262 12.2813,
	7.81701 12.2706,
	7.80275 12.2492,
	7.79449 12.2393,
	7.77686 12.2217,
	7.77227 12.2172,
	7.75307 12.2052,
	7.74316 12.1989,
	7.73812 12.1958,
	7.69629 12.182,
	7.65242 12.1756,
	7.62983 12.1766,
	7.62414 12.1777,
	7.57745 12.1989,
	7.5533 12.2093,
	7.54099 12.2146,
	7.51588 12.2294,
	7.50953 12.2328,
	7.49664 12.2423,
	7.48363 12.2506,
	7.45739 12.2645,
	7.43102 12.2731,
	7.41773 12.2774,
	7.41104 12.2795,
	7.35739 12.2871,
	7.34386 12.288,
	7.3439 12.2828,
	7.34391 12.2821,
	7.34644 12.2611,
	7.35216 12.2396,
	7.35625 12.2288,
	7.35783 12.2233,
	7.35809 12.2025,
	7.35861 12.192,
	7.357 12.1713,
	7.35576 12.161,
	7.35559 12.1557,
	7.36007 12.134,
	7.39722 12.0863,
	7.41763 12.062,
	7.4281 12.0498,
	7.4535 12.0256,
	7.45974 12.0194,
	7.46283 12.0163,
	7.51163 11.9919,
	7.53536 11.9834,
	7.55877 11.9765,
	7.60445 11.9604,
	7.64945 11.9481,
	7.66061 11.9453,
	7.68256 11.9343,
	7.68806 11.9319,
	7.6908 11.9304,
	7.73533 11.9241,
	7.77939 11.9232,
	7.80117 11.9337,
	7.81186 11.9394,
	7.83271 11.9586,
	7.84279 11.9693,
	7.84773 11.9747,
	7.85021 11.9761,
	7.86021 11.9775,
	7.86512 11.9789,
	7.86758 11.9796,
	7.88613 11.9979,
	7.91958 12.0437,
	7.92348 12.0497,
	7.93907 12.0688,
	7.94663 12.0788,
	7.95039 12.0834,
	7.96216 12.1073,
	7.96776 12.1192,
	7.99686 12.1607,
	8.02756 12.2029,
	8.03152 12.2079,
	8.0335 12.2107,
	8.03449 12.2121,
	8.03427 12.2329,
	8.03291 12.2534,
	8.03307 12.2636,
	8.03438 12.2739,
	8.03399 12.2839,
	8.03034 12.3037,
	8.02209 12.3231,
	8.01098 12.3421,
	8.00543 12.3516,
	7.99207 12.3704,
	7.99012 12.3727,
	7.98499 12.4107,
	7.98426 12.4202,
	7.97254 12.4575,
	7.96824 12.4762,
	7.96513 12.4856,
	7.95509 12.5045,
	7.95063 12.5141,
	7.9391 12.5334,
	7.93331 12.5433,
	7.91783 12.5632,
	7.90946 12.5733,
	7.89921 12.5824,
	7.89381 12.5863,
	7.89109 12.5889,
	7.88051 12.5932,
	7.87006 12.5955,
	7.84945 12.598,
	7.83916 12.5999,
	7.8366 12.6,
	7.81577 12.6097,
	7.81316 12.6111,
	7.79286 12.6141,
	"/>
</Transform>

<Transform dim="0"
 xcoef=" 0 1 0 0 0 0"
 ycoef=" 0 0 1 0 0 0">
<Contour name="d17sp04" hidden="false" closed="true" simplified="true" border="1 0 0" fill="1 0 0" mode="11"
 points="3.14071 8.56054,
	3.1169 8.53373,
	3.0975 8.50579,
	3.0795 8.47706,
	3.0673 8.44776,
	3.049 8.38826,
	3.02953 8.32777,
	3.0083 8.26676,
	3.00246 8.25149,
	2.99992 8.24388,
	2.99604 8.23617,
	2.97601 8.20489,
	2.9665 8.18939,
	2.92121 8.1523,
	2.9155 8.14747,
	2.86957 8.12744,
	2.84613 8.1177,
	2.79839 8.09545,
	2.77347 8.08483,
	2.74813 8.07218,
	2.72255 8.05325,
	2.70059 8.0275,
	2.67493 8.00596,
	2.64949 7.98746,
	2.6368 7.97847,
	2.63044 7.97347,
	2.58047 7.95049,
	2.56802 7.94539,
	2.54329 7.93768,
	2.53088 7.93235,
	2.52468 7.92967,
	2.50023 7.92521,
	2.48825 7.92789,
	2.46421 7.92869,
	2.45218 7.92682,
	2.4281 7.91873,
	2.40434 7.91349,
	2.39243 7.90922,
	2.38046 7.90329,
	2.36827 7.89407,
	2.34369 7.87348,
	2.33139 7.8638,
	2.3253 7.85982,
	2.30143 7.84979,
	2.2777 7.84145,
	2.26587 7.83769,
	2.21937 7.83232,
	2.17224 7.82228,
	2.16034 7.81905,
	2.13622 7.80913,
	2.12406 7.80325,
	2.02747 7.77282,
	1.97849 7.76072,
	1.95364 7.75404,
	1.92853 7.74595,
	1.91585 7.73994,
	1.89108 7.71832,
	1.88304 7.70449,
	1.87828 7.69757,
	1.87266 7.68393,
	1.87226 7.63024,
	1.8715 7.61682,
	1.87151 7.61012,
	1.87152 7.60676,
	1.87152 7.60593,
	1.87152 7.60508,
	1.87776 7.57842,
	1.88471 7.56517,
	1.88932 7.55857,
	1.89544 7.55285,
	1.94356 7.53847,
	1.96722 7.53275,
	1.97896 7.52994,
	1.98479 7.52853,
	1.99653 7.51885,
	2.01435 7.49204,
	2.01881 7.48616,
	2.04195 7.47256,
	2.06503 7.46092,
	2.08825 7.44478,
	2.13474 7.41762,
	2.15827 7.40306,
	2.17025 7.39264,
	2.17623 7.38831,
	2.19975 7.37889,
	2.24633 7.37567,
	2.29388 7.36015,
	2.31788 7.34657,
	2.34173 7.33246,
	2.35361 7.32665,
	2.36547 7.32252,
	2.41298 7.31673,
	2.43692 7.31832,
	2.4611 7.31386,
	2.46263 7.31299,
	2.46859 7.31968,
	2.47082 7.32304,
	2.47073 7.32981,
	2.46914 7.33661,
	2.45906 7.36381,
	2.45661 7.39096,
	2.45569 7.4181,
	2.45611 7.47216,
	2.45682 7.47886,
	2.46492 7.50551,
	2.48558 7.55814,
	2.49816 7.58416,
	2.51372 7.61,
	2.52405 7.62286,
	2.52848 7.62929,
	2.54019 7.64053,
	2.56336 7.65905,
	2.5749 7.66794,
	2.59773 7.68172,
	2.60919 7.68904,
	2.63197 7.70042,
	2.64357 7.70772,
	2.69195 7.74557,
	2.71693 7.76482,
	2.72969 7.77524,
	2.74287 7.7881,
	2.74916 7.79208,
	2.75238 7.79449,
	2.76414 7.79592,
	2.77558 7.79493,
	2.78739 7.79636,
	2.8117 7.80331,
	2.81775 7.80485,
	2.82078 7.80562,
	2.82735 7.81041,
	2.83297 7.82337,
	2.83543 7.82988,
	2.84009 7.83636,
	2.84352 7.83959,
	2.8564 7.84682,
	2.86959 7.85573,
	2.88121 7.86885,
	2.88665 7.87545,
	2.89456 7.88871,
	2.89925 7.89539,
	2.90118 7.89876,
	2.92701 7.924,
	2.93983 7.93771,
	2.95936 7.96677,
	2.97596 7.99585,
	2.99048 8.02475,
	3.0031 8.05333,
	3.01132 8.08119,
	3.03904 8.1991,
	3.04253 8.21394,
	3.05402 8.24399,
	3.05593 8.25144,
	3.06331 8.26657,
	3.0674 8.27414,
	3.07902 8.2876,
	3.08514 8.29338,
	3.10891 8.30698,
	3.13214 8.31372,
	3.15517 8.31731,
	3.16661 8.31806,
	3.17784 8.31606,
	3.18896 8.31219,
	3.2 8.30653,
	3.21126 8.30263,
	3.21409 8.30165,
	3.21705 8.30242,
	3.20801 8.3169,
	3.19721 8.32532,
	3.17649 8.34839,
	3.16634 8.36039,
	3.15794 8.37502,
	3.14825 8.38965,
	3.14585 8.39332,
	3.13583 8.42226,
	3.13024 8.45104,
	3.1292 8.46536,
	3.1312 8.4938,
	3.1328 8.50795,
	3.13776 8.53604,
	3.13977 8.55004,
	3.14105 8.55698,
	"/>
</Transform>

<Transform dim="0"
 xcoef=" 0 1 0 0 0 0"
 ycoef=" 0 0 1 0 0 0">
<Contour name="d04 copy" hidden="false" closed="true" simplified="true" border="1 0 0" fill="1 0 0" mode="11"
 points="8.39452 11.656,
	8.35489 11.6516,
	8.31471 11.6434,
	8.27381 11.6337,
	8.25319 11.6283,
	8.21148 11.622,
	8.19077 11.6153,
	8.1856 11.6133,
	8.16427 11.6185,
	8.15892 11.6202,
	8.15363 11.6204,
	8.11117 11.6119,
	8.06751 11.5995,
	8.06195 11.5979,
	8.01664 11.5761,
	7.99334 11.5652,
	7.94537 11.5382,
	7.92066 11.5255,
	7.90808 11.5176,
	7.88235 11.5,
	7.87583 11.4955,
	7.82344 11.4712,
	7.82015 11.47,
	7.80167 11.4496,
	7.79197 11.4395,
	7.76485 11.4211,
	7.73886 11.409,
	7.72641 11.4026,
	7.70567 11.3817,
	7.68363 11.3607,
	7.67191 11.3502,
	7.66718 11.345,
	7.64255 11.303,
	7.63589 11.2611,
	7.63579 11.2592,
	7.63576 11.2585,
	7.63628 11.2164,
	7.63666 11.2058,
	7.64514 11.1844,
	7.65018 11.1736,
	7.65233 11.1682,
	7.65599 11.1628,
	7.66124 11.1587,
	7.71042 11.1798,
	7.71347 11.1811,
	7.715 11.1817,
	7.72693 11.1748,
	7.73288 11.1714,
	7.73585 11.17,
	7.74965 11.1484,
	7.78215 11.1053,
	7.79298 11.0946,
	7.81675 11.0946,
	7.82859 11.0945,
	7.83449 11.0945,
	7.84613 11.0899,
	7.8692 11.0781,
	7.88069 11.0722,
	7.88644 11.0697,
	7.90949 11.0632,
	7.93239 11.0549,
	7.93812 11.0536,
	7.9497 11.0556,
	7.95261 11.0563,
	7.96402 11.0544,
	7.96974 11.0537,
	8.01528 11.0285,
	8.02667 11.0217,
	8.02953 11.0203,
	8.05271 11.0177,
	8.07509 11,
	8.0807 10.9958,
	8.12625 10.9792,
	8.14907 10.9705,
	8.1548 10.9688,
	8.17757 10.9538,
	8.18901 10.9461,
	8.2123 10.9422,
	8.21813 10.941,
	8.2392 10.9316,
	8.28059 10.8964,
	8.29031 10.8869,
	8.29928 10.8754,
	8.30379 10.8696,
	8.31496 10.8738,
	8.32054 10.8756,
	8.32335 10.8768,
	8.32871 10.8877,
	8.3304 10.8932,
	8.33344 10.8987,
	8.35115 10.9207,
	8.36069 10.9318,
	8.40548 10.9773,
	8.41692 10.9889,
	8.41976 10.9918,
	8.42836 11.015,
	8.4428 11.0383,
	8.44704 11.0441,
	8.46888 11.0642,
	8.47967 11.0746,
	8.52154 11.1062,
	8.56205 11.1365,
	8.57202 11.1438,
	8.61191 11.1628,
	8.6144 11.1644,
	8.63465 11.1702,
	8.64488 11.1727,
	8.66506 11.1855,
	8.67518 11.1923,
	8.69484 11.2141,
	8.69976 11.2195,
	8.71048 11.243,
	8.71618 11.2547,
	8.71728 11.2576,
	8.71435 11.3019,
	8.70953 11.3912,
	8.69758 11.4357,
	8.66194 11.5254,
	8.65138 11.5477,
	8.64577 11.5588,
	8.64295 11.5644,
	8.64185 11.5672,
	8.62358 11.5886,
	8.61426 11.5996,
	8.60348 11.6067,
	8.59809 11.6102,
	8.59541 11.6116,
	8.57418 11.6109,
	8.56892 11.6107,
	8.54783 11.623,
	8.52692 11.6379,
	8.5243 11.6399,
	8.51917 11.641,
	8.4989 11.641,
	8.49385 11.6413,
	8.47408 11.6366,
	8.46432 11.6335,
	8.45946 11.6322,
	8.43972 11.6373,
	8.41985 11.6445,
	8.39962 11.6537,
	"/>
</Transform>

<Transform dim="0"
 xcoef=" 0 1 0 0 0 0"
 ycoef=" 0 0 1 0 0 0">
<Contour name="d19sp04" hidden="false" closed="true" simplified="true" border="1 0 0" fill="1 0 0" mode="11"
 points="3.56439 12.4583,
	3.54098 12.4526,
	3.52982 12.4542,
	3.52402 12.4525,
	3.52111 12.4517,
	3.50888 12.4411,
	3.49727 12.429,
	3.49252 12.4225,
	3.48043 12.413,
	3.47439 12.4082,
	3.46256 12.4028,
	3.45076 12.3991,
	3.43871 12.393,
	3.42646 12.3854,
	3.41467 12.3738,
	3.40427 12.3614,
	3.38653 12.3365,
	3.37997 12.3239,
	3.37658 12.3111,
	3.37491 12.3047,
	3.37482 12.2982,
	3.37481 12.2974,
	3.3748 12.2966,
	3.37882 12.2444,
	3.38065 12.2312,
	3.39311 12.2043,
	3.39646 12.1976,
	3.4177 12.1702,
	3.4291 12.1565,
	3.45463 12.1342,
	3.50462 12.1008,
	3.52922 12.0881,
	3.54149 12.0821,
	3.54766 12.0788,
	3.57146 12.0743,
	3.59443 12.0773,
	3.61793 12.0755,
	3.62376 12.0755,
	3.64796 12.068,
	3.6541 12.0655,
	3.6774 12.0671,
	3.68034 12.0671,
	3.70309 12.0755,
	3.7147 12.0781,
	3.72656 12.079,
	3.73897 12.0748,
	3.75167 12.068,
	3.76399 12.0655,
	3.77021 12.0637,
	3.79422 12.0712,
	3.81851 12.0804,
	3.84306 12.0913,
	3.8554 12.0985,
	3.86818 12.1004,
	3.89412 12.1015,
	3.90715 12.1034,
	3.91369 12.1043,
	3.917 12.1043,
	3.92991 12.1121,
	3.93643 12.1156,
	3.94971 12.1181,
	3.963 12.1224,
	3.96633 12.1232,
	3.97288 12.1292,
	3.97617 12.1327,
	3.98252 12.1464,
	3.98316 12.1533,
	3.98211 12.1601,
	3.97571 12.1739,
	3.97039 12.1808,
	3.96687 12.1843,
	3.95306 12.1904,
	3.92582 12.1948,
	3.91221 12.1991,
	3.89863 12.2059,
	3.89526 12.2076,
	3.88194 12.2083,
	3.85582 12.2028,
	3.84288 12.2009,
	3.82986 12.204,
	3.82329 12.2081,
	3.82003 12.2097,
	3.81087 12.223,
	3.7968 12.2497,
	3.79109 12.263,
	3.78546 12.2897,
	3.78395 12.303,
	3.76363 12.3556,
	3.75541 12.3685,
	3.75094 12.3749,
	3.73892 12.3868,
	3.72692 12.397,
	3.71493 12.4047,
	3.70896 12.4086,
	3.68499 12.4181,
	3.673 12.4208,
	3.64951 12.4294,
	3.64376 12.4324,
	3.63195 12.4335,
	3.60904 12.4414,
	3.58677 12.4519,
	3.5813 12.4549,
	3.56998 12.4569,
	"/>
</Transform>

<Transform dim="0"
 xcoef=" 0 1 0 0 0 0"
 ycoef=" 0 0 1 0 0 0">
<Contour name="d23sp08" hidden="false" closed="true" simplified="true" border="1 0 0" fill="1 0 0" mode="11"
 points="7.96805 9.62612,
	7.94787 9.62294,
	7.93784 9.62138,
	7.93532 9.62115,
	7.91533 9.61076,
	7.91286 9.60921,
	7.89977 9.5866,
	7.89668 9.58095,
	7.89482 9.57538,
	7.89166 9.55347,
	7.89101 9.54799,
	7.89869 9.50528,
	7.89971 9.48368,
	7.90191 9.46225,
	7.903 9.45156,
	7.90353 9.44622,
	7.9035 9.44352,
	7.91566 9.40209,
	7.92199 9.38166,
	7.92315 9.37918,
	7.92336 9.35806,
	7.92325 9.35277,
	7.9226 9.35069,
	7.883 9.32044,
	7.84149 9.28397,
	7.83384 9.27301,
	7.82488 9.26254,
	7.78102 9.2248,
	7.76994 9.21538,
	7.74787 9.19865,
	7.73681 9.19071,
	7.72634 9.18159,
	7.70717 9.15984,
	7.68495 9.14142,
	7.68216 9.13874,
	7.67768 9.11818,
	7.6774 9.11308,
	7.67736 9.11244,
	7.67813 9.10229,
	7.678 9.09973,
	7.67792 9.09845,
	7.68665 9.08863,
	7.69103 9.08373,
	7.71151 9.07139,
	7.72197 9.07014,
	7.743 9.06975,
	7.75348 9.06937,
	7.75873 9.06918,
	7.77996 9.0751,
	7.7906 9.07878,
	7.81158 9.08118,
	7.82205 9.08245,
	7.86408 9.09732,
	7.8693 9.09923,
	7.88985 9.1024,
	7.89496 9.10302,
	7.89751 9.10332,
	7.91859 9.12089,
	7.93881 9.12542,
	7.94888 9.12758,
	7.96907 9.13544,
	7.97872 9.13973,
	7.98845 9.14727,
	8.02747 9.18387,
	8.03663 9.19293,
	8.04688 9.21515,
	8.04944 9.22069,
	8.05618 9.24238,
	8.05817 9.24782,
	8.06021 9.26889,
	8.06181 9.27946,
	8.06267 9.30032,
	8.06308 9.31073,
	8.06692 9.33186,
	8.06773 9.33715,
	8.06341 9.37796,
	8.05777 9.41874,
	8.05491 9.43923,
	8.05407 9.44957,
	8.05054 9.47013,
	8.04843 9.48041,
	8.0467 9.50137,
	8.04645 9.51197,
	8.04602 9.51723,
	8.031 9.55807,
	8.02753 9.56835,
	8.01478 9.58825,
	7.99812 9.60779,
	7.99562 9.61019,
	7.97556 9.62151,
	7.97054 9.62435,
	"/>
</Transform>

<Transform dim="0"
 xcoef=" 0 1 0 0 0 0"
 ycoef=" 0 0 1 0 0 0">
<Contour name="d23sph08" hidden="false" closed="true" simplified="true" border="1 0 0" fill="1 0 0" mode="11"
 points="7.96805 9.62612,
	7.94787 9.62294,
	7.93784 9.62138,
	7.93532 9.62115,
	7.91533 9.61076,
	7.91286 9.60921,
	7.89977 9.5866,
	7.89668 9.58095,
	7.89482 9.57538,
	7.89166 9.55347,
	7.89101 9.54799,
	7.89869 9.50528,
	7.89971 9.48368,
	7.90191 9.46225,
	7.903 9.45156,
	7.90353 9.44622,
	7.9035 9.44352,
	7.91566 9.40209,
	7.92199 9.38166,
	7.92315 9.37918,
	7.92336 9.35806,
	7.92325 9.35277,
	7.9226 9.35069,
	7.883 9.32044,
	7.84149 9.28397,
	7.83384 9.27301,
	7.82488 9.26254,
	7.78102 9.2248,
	7.76994 9.21538,
	7.74787 9.19865,
	7.73681 9.19071,
	7.72634 9.18159,
	7.70717 9.15984,
	7.68495 9.14142,
	7.68216 9.13874,
	7.67768 9.11818,
	7.6774 9.11308,
	7.67736 9.11244,
	7.67813 9.10229,
	7.678 9.09973,
	7.67792 9.09845,
	7.68665 9.08863,
	7.69103 9.08373,
	7.71151 9.07139,
	7.72197 9.07014,
	7.743 9.06975,
	7.75348 9.06937,
	7.75873 9.06918,
	7.77996 9.0751,
	7.7906 9.07878,
	7.81158 9.08118,
	7.82205 9.08245,
	7.86408 9.09732,
	7.8693 9.09923,
	7.88985 9.1024,
	7.89496 9.10302,
	7.89751 9.10332,
	7.91859 9.12089,
	7.93881 9.12542,
	7.94888 9.12758,
	7.96907 9.13544,
	7.97872 9.13973,
	7.98845 9.14727,
	8.02747 9.18387,
	8.03663 9.19293,
	8.04688 9.21515,
	8.04944 9.22069,
	8.05618 9.24238,
	8.05817 9.24782,
	8.06021 9.26889,
	8.06181 9.27946,
	8.06267 9.30032,
	8.06308 9.31073,
	8.06692 9.33186,
	8.06773 9.33715,
	8.06341 9.37796,
	8.05777 9.41874,
	8.05491 9.43923,
	8.05407 9.44957,
	8.05054 9.47013,
	8.04843 9.48041,
	8.0467 9.50137,
	8.04645 9.51197,
	8.04602 9.51723,
	8.031 9.55807,
	8.02753 9.56835,
	8.01478 9.58825,
	7.99812 9.60779,
	7.99562 9.61019,
	7.97556 9.62151,
	7.97054 9.62435,
	"/>
</Transform>

<Transform dim="0"
 xcoef=" 0 1 0 0 0 0"
 ycoef=" 0 0 1 0 0 0">
<Contour name="d23sp07" hidden="false" closed="true" simplified="true" border="1 0 0" fill="1 0 0" mode="11"
 points="4.74101 8.32604,
	4.72295 8.32166,
	4.71847 8.32088,
	4.71626 8.32017,
	4.71512 8.32015,
	4.69939 8.30252,
	4.69556 8.29782,
	4.69332 8.27673,
	4.69288 8.27149,
	4.69265 8.26888,
	4.69272 8.26823,
	4.69281 8.26757,
	4.69743 8.24675,
	4.69801 8.24153,
	4.70019 8.23634,
	4.71266 8.21554,
	4.7191 8.20511,
	4.72097 8.20252,
	4.73965 8.19055,
	4.74902 8.18451,
	4.75368 8.18185,
	4.77218 8.17494,
	4.78146 8.1715,
	4.7861 8.17009,
	4.80488 8.1606,
	4.84237 8.14614,
	4.91736 8.12008,
	4.93603 8.11286,
	4.95464 8.10292,
	4.96391 8.09726,
	5.00066 8.06858,
	5.03678 8.03269,
	5.05455 8.01164,
	5.06339 8.00148,
	5.06776 7.99613,
	5.08259 7.97608,
	5.09042 7.96607,
	5.09392 7.9611,
	5.12984 7.9333,
	5.16534 7.90425,
	5.2002 7.88931,
	5.23508 7.88448,
	5.27029 7.87711,
	5.28804 7.8728,
	5.30614 7.87523,
	5.30843 7.87629,
	5.30984 7.88599,
	5.29207 7.90372,
	5.28313 7.91288,
	5.27587 7.92252,
	5.27024 7.93263,
	5.26741 7.93768,
	5.26341 7.94765,
	5.26166 7.95261,
	5.24391 7.97126,
	5.23932 7.97575,
	5.23702 7.9783,
	5.21915 7.99277,
	5.21697 7.99413,
	5.18237 8.03066,
	5.17368 8.04042,
	5.16932 8.04498,
	5.15635 8.0656,
	5.15038 8.07593,
	5.14552 8.08624,
	5.13911 8.10688,
	5.13558 8.1917,
	5.13441 8.20262,
	5.12911 8.22489,
	5.1279 8.23049,
	5.11864 8.24088,
	5.11396 8.24677,
	5.11163 8.24903,
	5.11047 8.25051,
	5.09204 8.25749,
	5.07361 8.26167,
	5.03669 8.26646,
	4.99961 8.26969,
	4.98099 8.27152,
	4.94335 8.27839,
	4.92418 8.28475,
	4.91938 8.28633,
	4.88068 8.28658,
	4.87081 8.28739,
	4.86592 8.28742,
	4.7853 8.31433,
	4.77521 8.31835,
	4.75556 8.32288,
	4.74586 8.32477,
	"/>
</Transform>

<Transform dim="0"
 xcoef=" 0 1 0 0 0 0"
 ycoef=" 0 0 1 0 0 0">
<Contour name="d19c03" hidden="false" closed="true" simplified="true" border="0 0 1" fill="0 0 1" mode="11"
 points="5.49474 11.2086,
	5.48106 11.2076,
	5.46763 11.2039,
	5.46098 11.2015,
	5.4481 11.1923,
	5.435 11.1855,
	5.42822 11.1828,
	5.41453 11.18,
	5.40118 11.1734,
	5.37502 11.1569,
	5.36853 11.1529,
	5.36695 11.1516,
	5.36716 11.1489,
	5.36722 11.148,
	5.37246 11.1342,
	5.37869 11.1299,
	5.39239 11.1279,
	5.39581 11.1276,
	5.42237 11.1402,
	5.4491 11.1555,
	5.47585 11.1644,
	5.50309 11.1654,
	5.51687 11.1644,
	5.53042 11.1669,
	5.53722 11.1681,
	5.54391 11.1711,
	5.54723 11.173,
	5.54626 11.1874,
	5.54602 11.1909,
	5.54405 11.1945,
	5.52965 11.2027,
	5.51572 11.2046,
	5.50864 11.2068,
	"/>
</Transform>

<Transform dim="0"
 xcoef=" 0 1 0 0 0 0"
 ycoef=" 0 0 1 0 0 0">
<Contour name="d19c03" hidden="false" closed="true" simplified="true" border="0 0 1" fill="0 0 1" mode="11"
 points="5.63727 11.1943,
	5.62493 11.1855,
	5.62345 11.1818,
	5.62393 11.1745,
	5.62405 11.1727,
	5.6241 11.1718,
	5.62975 11.1648,
	5.63158 11.163,
	5.64556 11.1609,
	5.65965 11.157,
	5.68814 11.1448,
	5.71634 11.1381,
	5.72339 11.1368,
	5.72691 11.1361,
	5.74141 11.127,
	5.75441 11.1143,
	5.75918 11.1074,
	5.76113 11.1039,
	5.76763 11.0972,
	5.77132 11.0939,
	5.78573 11.087,
	5.79291 11.0841,
	5.80708 11.0819,
	5.81063 11.0814,
	5.81408 11.0826,
	5.82084 11.0879,
	5.8242 11.091,
	5.82573 11.0948,
	5.82618 11.1021,
	5.82222 11.1089,
	5.80818 11.1219,
	5.77867 11.1429,
	5.77213 11.1487,
	5.76321 11.1628,
	5.74932 11.1737,
	5.7352 11.1773,
	5.72131 11.1781,
	5.69318 11.1846,
	"/>
</Transform>

<Transform dim="0"
 xcoef=" 0 1 0 0 0 0"
 ycoef=" 0 0 1 0 0 0">
<Contour name="d23sph07" hidden="false" closed="true" simplified="true" border="1 0 0" fill="1 0 0" mode="11"
 points="4.74101 8.32604,
	4.72295 8.32166,
	4.71847 8.32088,
	4.71626 8.32017,
	4.71512 8.32015,
	4.69939 8.30252,
	4.69556 8.29782,
	4.69332 8.27673,
	4.69288 8.27149,
	4.69265 8.26888,
	4.69272 8.26823,
	4.69281 8.26757,
	4.69743 8.24675,
	4.69801 8.24153,
	4.70019 8.23634,
	4.71266 8.21554,
	4.7191 8.20511,
	4.72097 8.20252,
	4.73965 8.19055,
	4.74902 8.18451,
	4.75368 8.18185,
	4.77218 8.17494,
	4.78146 8.1715,
	4.7861 8.17009,
	4.80488 8.1606,
	4.84237 8.14614,
	4.91736 8.12008,
	4.93603 8.11286,
	4.95464 8.10292,
	4.96391 8.09726,
	5.00066 8.06858,
	5.03678 8.03269,
	5.05455 8.01164,
	5.06339 8.00148,
	5.06776 7.99613,
	5.08259 7.97608,
	5.09042 7.96607,
	5.09392 7.9611,
	5.12984 7.9333,
	5.16534 7.90425,
	5.2002 7.88931,
	5.23508 7.88448,
	5.27029 7.87711,
	5.28804 7.8728,
	5.30614 7.87523,
	5.30843 7.87629,
	5.30984 7.88599,
	5.29207 7.90372,
	5.28313 7.91288,
	5.27587 7.92252,
	5.27024 7.93263,
	5.26741 7.93768,
	5.26341 7.94765,
	5.26166 7.95261,
	5.24391 7.97126,
	5.23932 7.97575,
	5.23702 7.9783,
	5.21915 7.99277,
	5.21697 7.99413,
	5.18237 8.03066,
	5.17368 8.04042,
	5.16932 8.04498,
	5.15635 8.0656,
	5.15038 8.07593,
	5.14552 8.08624,
	5.13911 8.10688,
	5.13558 8.1917,
	5.13441 8.20262,
	5.12911 8.22489,
	5.1279 8.23049,
	5.11864 8.24088,
	5.11396 8.24677,
	5.11163 8.24903,
	5.11047 8.25051,
	5.09204 8.25749,
	5.07361 8.26167,
	5.03669 8.26646,
	4.99961 8.26969,
	4.98099 8.27152,
	4.94335 8.27839,
	4.92418 8.28475,
	4.91938 8.28633,
	4.88068 8.28658,
	4.87081 8.28739,
	4.86592 8.28742,
	4.7853 8.31433,
	4.77521 8.31835,
	4.75556 8.32288,
	4.74586 8.32477,
	"/>
</Transform>

<Transform dim="0"
 xcoef=" 0 1 0 0 0 0"
 ycoef=" 0 0 1 0 0 0">
<Contour name="d07sp04" hidden="false" closed="true" simplified="true" border="1 0 0" fill="1 0 0" mode="11"
 points="5.63676 8.8557,
	5.61756 8.85038,
	5.59807 8.83615,
	5.58807 8.81836,
	5.58524 8.80037,
	5.5852 8.79924,
	5.59051 8.78104,
	5.59265 8.7765,
	5.60797 8.75808,
	5.6166 8.74994,
	5.62529 8.74526,
	5.63412 8.74412,
	5.64304 8.74537,
	5.66039 8.74328,
	5.67725 8.73783,
	5.68591 8.7381,
	5.69535 8.7454,
	5.70292 8.75488,
	5.70728 8.76414,
	5.71046 8.78223,
	5.71017 8.79993,
	5.7077 8.80866,
	5.68301 8.84354,
	5.67403 8.84905,
	5.66486 8.85237,
	5.64617 8.85461,
	"/>
</Transform>

<Transform dim="0"
 xcoef=" 0 1 0 0 0 0"
 ycoef=" 0 0 1 0 0 0">
<Contour name="d17sp03" hidden="false" closed="true" simplified="true" border="1 0 0" fill="1 0 0" mode="11"
 points="4.54429 8.15936,
	4.52617 8.15383,
	4.52391 8.15305,
	4.50652 8.1346,
	4.49965 8.12341,
	4.49156 8.11286,
	4.48706 8.10993,
	4.47778 8.10881,
	4.4683 8.11042,
	4.45865 8.11471,
	4.44912 8.11698,
	4.43025 8.11747,
	4.42096 8.11501,
	4.38384 8.1013,
	4.38155 8.09986,
	4.34325 8.09581,
	4.32386 8.0932,
	4.31895 8.09306,
	4.29962 8.08586,
	4.28988 8.08229,
	4.27055 8.07119,
	4.2657 8.06843,
	4.24646 8.05343,
	4.22804 8.0323,
	4.2111 8.01225,
	4.19616 7.99229,
	4.18841 7.98235,
	4.18487 7.97739,
	4.17525 7.95762,
	4.1708 7.94777,
	4.16456 7.92813,
	4.15974 7.90859,
	4.15802 7.89886,
	4.15718 7.89402,
	4.15922 7.85545,
	4.15976 7.85067,
	4.15991 7.84947,
	4.15997 7.84887,
	4.16803 7.8109,
	4.17 7.80148,
	4.17864 7.78278,
	4.18876 7.76421,
	4.19484 7.75498,
	4.19821 7.75039,
	4.19991 7.74809,
	4.2117 7.74077,
	4.21763 7.73681,
	4.22336 7.73402,
	4.24551 7.72684,
	4.25106 7.72457,
	4.293 7.71763,
	4.31327 7.71496,
	4.32326 7.71354,
	4.34324 7.70873,
	4.3826 7.69483,
	4.42082 7.67812,
	4.45776 7.66196,
	4.47554 7.65712,
	4.49256 7.65778,
	4.49673 7.65858,
	4.51271 7.66732,
	4.52746 7.68179,
	4.53698 7.70054,
	4.54123 7.71007,
	4.54772 7.72945,
	4.55282 7.74923,
	4.55926 7.76927,
	4.56286 7.77942,
	4.56433 7.78972,
	4.56563 7.79487,
	4.56603 7.81578,
	4.56296 7.90052,
	4.56318 7.91112,
	4.563 7.91641,
	4.56517 7.93755,
	4.56852 7.95866,
	4.57926 8.0007,
	4.58237 8.01118,
	4.59792 8.05486,
	4.60356 8.06599,
	4.60572 8.07703,
	4.6071 8.08256,
	4.60696 8.09355,
	4.60678 8.09629,
	4.60205 8.10718,
	4.595 8.11801,
	4.57575 8.13869,
	4.56582 8.1486,
	4.55609 8.15574,
	4.54664 8.15878,
	"/>
</Transform>

<Transform dim="0"
 xcoef=" 0 1 0 0 0 0"
 ycoef=" 0 0 1 0 0 0">
<Contour name="d17p04" hidden="false" closed="true" simplified="true" border="1 0 0" fill="1 0 0" mode="11"
 points="2.88015 8.04956,
	2.8542 7.99903,
	2.89998 7.99961,
	"/>
</Transform>

<Transform dim="0"
 xcoef=" 0 1 0 0 0 0"
 ycoef=" 0 0 1 0 0 0">
<Contour name="d17serb03" hidden="false" closed="true" simplified="true" border="1 0 0" fill="1 0 0" mode="11"
 points="4.15128 8.36532,
	4.15244 8.35753,
	4.14509 8.35757,
	4.14624 8.34981,
	4.15359 8.34976,
	4.15472 8.34199,
	4.16208 8.34195,
	4.16094 8.34972,
	4.16832 8.34969,
	4.16716 8.35747,
	4.1598 8.3575,
	4.15864 8.36528,
	"/>
</Transform>

<Transform dim="0"
 xcoef=" 0 1 0 0 0 0"
 ycoef=" 0 0 1 0 0 0">
<Contour name="d07sp07" hidden="false" closed="true" simplified="true" border="1 0 0" fill="1 0 0" mode="11"
 points="5.93918 8.72609,
	5.91346 8.72575,
	5.90076 8.72553,
	5.89444 8.72482,
	5.88806 8.72217,
	5.88487 8.72064,
	5.87846 8.71597,
	5.87376 8.70328,
	5.87331 8.70168,
	5.8747 8.69524,
	5.88029 8.68226,
	5.88179 8.67897,
	5.90655 8.65788,
	5.91933 8.64734,
	5.94527 8.62334,
	5.95844 8.61113,
	5.98531 8.58371,
	5.99864 8.56978,
	6.00923 8.55527,
	6.01462 8.54797,
	6.02775 8.53323,
	6.03945 8.51835,
	6.06069 8.48816,
	6.06327 8.48435,
	6.06886 8.45367,
	6.0744 8.42241,
	6.07589 8.4145,
	6.08237 8.35009,
	6.08632 8.31734,
	6.08718 8.30911,
	6.08712 8.30084,
	6.08685 8.29669,
	6.07104 8.26295,
	6.06239 8.24643,
	6.05095 8.22978,
	6.04546 8.22144,
	6.03236 8.20773,
	6.02584 8.20089,
	6.01237 8.19218,
	6.0057 8.1878,
	5.97893 8.17525,
	5.96576 8.1694,
	5.93954 8.16157,
	5.92666 8.1576,
	5.9203 8.15509,
	5.9171 8.15434,
	5.90408 8.15437,
	5.89756 8.15491,
	5.87141 8.16066,
	5.86494 8.16176,
	5.86167 8.16258,
	5.84923 8.15765,
	5.84297 8.15522,
	5.81719 8.15697,
	5.80424 8.15799,
	5.77834 8.15519,
	5.76525 8.15396,
	5.73879 8.15478,
	5.72545 8.15529,
	5.69854 8.15446,
	5.68495 8.1536,
	5.65748 8.14995,
	5.6436 8.14765,
	5.62958 8.14287,
	5.62606 8.14144,
	5.62249 8.13901,
	5.6207 8.13755,
	5.61976 8.13559,
	5.61661 8.11991,
	5.61545 8.11213,
	5.6154 8.11066,
	5.61537 8.11019,
	5.61682 8.10239,
	5.61797 8.0985,
	5.62519 8.08299,
	5.62877 8.07527,
	5.6478 8.04455,
	5.65702 8.02931,
	5.66751 8.01415,
	5.67273 8.00659,
	5.6859 7.99383,
	5.71225 7.97047,
	5.72587 7.9578,
	5.72935 7.95469,
	5.73281 7.95246,
	5.74663 7.94807,
	5.77416 7.94265,
	5.78786 7.94079,
	5.79127 7.94001,
	5.80492 7.93959,
	5.81171 7.93942,
	5.82527 7.94091,
	5.83204 7.94169,
	5.85893 7.9481,
	5.87229 7.95166,
	5.87894 7.95388,
	5.90618 7.96901,
	5.91996 7.97741,
	5.92685 7.98209,
	5.95439 8.00358,
	5.98189 8.02741,
	6.00943 8.05217,
	6.03712 8.07929,
	6.06503 8.10559,
	6.07202 8.11266,
	6.07551 8.11621,
	6.10388 8.13609,
	6.11814 8.14608,
	6.13253 8.15369,
	6.13974 8.1575,
	6.15344 8.16764,
	6.16028 8.17271,
	6.16704 8.17924,
	6.19265 8.21242,
	6.2049 8.22907,
	6.20773 8.23319,
	6.21539 8.24933,
	6.21919 8.25735,
	6.22917 8.28886,
	6.23426 8.30448,
	6.237 8.3199,
	6.2383 8.33521,
	6.239 8.36558,
	6.23558 8.39572,
	6.23371 8.41072,
	6.23404 8.47002,
	6.23425 8.48467,
	6.23896 8.51358,
	6.23998 8.52077,
	6.24037 8.52254,
	6.23137 8.55167,
	6.23131 8.55345,
	6.22069 8.56819,
	6.19819 8.59745,
	6.17126 8.62637,
	6.15776 8.64053,
	6.13461 8.66798,
	6.13182 8.67133,
	6.11691 8.68309,
	6.10952 8.68887,
	6.10587 8.69213,
	6.10403 8.69376,
	6.08935 8.70115,
	6.08207 8.70481,
	6.06756 8.70935,
	6.06037 8.71178,
	6.04605 8.71433,
	6.03897 8.71561,
	6.03545 8.71642,
	6.00734 8.71232,
	6.00042 8.71088,
	5.9987 8.71053,
	5.97193 8.72016,
	5.95878 8.72459,
	5.94568 8.72559,
	"/>
</Transform>

<Transform dim="0"
 xcoef=" 0 1 0 0 0 0"
 ycoef=" 0 0 1 0 0 0">
<Contour name="d07sp06" hidden="false" closed="true" simplified="true" border="1 0 0" fill="1 0 0" mode="11"
 points="6.95763 9.85781,
	6.89839 9.85667,
	6.8836 9.85577,
	6.86883 9.8523,
	6.86145 9.84989,
	6.83211 9.82802,
	6.82224 9.80753,
	6.81499 9.79687,
	6.78536 9.77596,
	6.77037 9.76725,
	6.7628 9.76347,
	6.75527 9.75644,
	6.74306 9.73781,
	6.73738 9.7282,
	6.72216 9.69203,
	6.71534 9.67449,
	6.71141 9.6657,
	6.6985 9.64846,
	6.6663 9.62067,
	6.65 9.60855,
	6.6336 9.59473,
	6.62948 9.59131,
	6.62313 9.5752,
	6.61728 9.54406,
	6.61268 9.52848,
	6.61119 9.4982,
	6.61095 9.49442,
	6.6109 9.49348,
	6.61287 9.47859,
	6.61258 9.47484,
	6.61731 9.46012,
	6.61959 9.45275,
	6.63814 9.4235,
	6.64714 9.40867,
	6.65209 9.40119,
	6.66484 9.38613,
	6.67886 9.37371,
	6.6858 9.36688,
	6.71507 9.35097,
	6.74486 9.33866,
	6.74853 9.33657,
	6.77964 9.336,
	6.7954 9.33759,
	6.82623 9.33252,
	6.84176 9.33025,
	6.87379 9.33661,
	6.90581 9.34178,
	6.93768 9.34324,
	6.95369 9.34484,
	6.98531 9.34037,
	7.00121 9.34009,
	7.03307 9.34441,
	7.06486 9.35459,
	7.0688 9.35543,
	7.08469 9.36662,
	7.09964 9.3863,
	7.10762 9.40541,
	7.11356 9.42382,
	7.1165 9.44147,
	7.11747 9.44587,
	7.11356 9.46238,
	7.11155 9.47898,
	7.11052 9.48721,
	7.10268 9.50302,
	7.09002 9.51835,
	7.08228 9.52587,
	7.06689 9.53575,
	7.05924 9.53913,
	7.044 9.5417,
	7.01378 9.55481,
	6.99883 9.56326,
	6.99139 9.56639,
	6.97663 9.5777,
	6.96847 9.59184,
	6.96488 9.59944,
	6.95359 9.66213,
	6.9511 9.69392,
	6.95581 9.72701,
	6.95862 9.74376,
	6.96139 9.75232,
	6.96969 9.7698,
	6.97433 9.787,
	6.97899 9.82158,
	6.97621 9.83889,
	6.97528 9.84324,
	6.96878 9.85176,
	6.96134 9.85579,
	"/>
</Transform>

<Transform dim="0"
 xcoef=" 0 1 0 0 0 0"
 ycoef=" 0 0 1 0 0 0">
<Contour name="d07sp02" hidden="false" closed="true" simplified="true" border="1 0 0" fill="1 0 0" mode="11"
 points="6.09897 10.9176,
	6.07809 10.9116,
	6.03609 10.8861,
	6.02567 10.88,
	6.0046 10.8595,
	5.9941 10.8493,
	5.98213 10.8252,
	5.97392 10.8022,
	5.97048 10.7908,
	5.96827 10.7473,
	5.96996 10.7367,
	5.99449 10.6961,
	6.00548 10.6753,
	6.02027 10.6548,
	6.03886 10.6345,
	6.05361 10.6137,
	6.0791 10.5717,
	6.09875 10.5528,
	6.10269 10.5476,
	6.11055 10.5263,
	6.11442 10.5157,
	6.12077 10.5053,
	6.13841 10.4863,
	6.1586 10.4745,
	6.23537 10.4095,
	6.27284 10.3735,
	6.29144 10.3563,
	6.30286 10.3348,
	6.31166 10.3127,
	6.31613 10.3016,
	6.31587 10.2538,
	6.31241 10.2293,
	6.30165 10.1795,
	6.29569 10.1545,
	6.28446 10.1291,
	6.26949 10.1035,
	6.26084 10.0908,
	6.24016 10.0672,
	6.22375 10.0429,
	6.21028 10.0191,
	6.20121 10.0074,
	6.17386 9.96208,
	6.16795 9.95089,
	6.15828 9.94263,
	6.13657 9.93062,
	6.12568 9.92408,
	6.10691 9.90322,
	6.09154 9.88276,
	6.08497 9.87264,
	6.07333 9.86538,
	6.06728 9.86048,
	6.05911 9.85056,
	6.05433 9.84564,
	6.05003 9.83502,
	6.04556 9.81357,
	6.03864 9.79216,
	6.02539 9.77086,
	6.01631 9.76019,
	6.01319 9.75478,
	5.99071 9.73452,
	5.95219 9.69122,
	5.93194 9.67402,
	5.89201 9.64778,
	5.85244 9.62854,
	5.84262 9.62409,
	5.80363 9.61624,
	5.78447 9.61722,
	5.74768 9.61171,
	5.73006 9.61367,
	5.72151 9.61458,
	5.70496 9.62309,
	5.70096 9.62552,
	5.69996 9.62406,
	5.69997 9.6227,
	5.7505 9.43904,
	5.76525 9.39136,
	5.79604 9.43741,
	5.81295 9.45682,
	5.84983 9.4789,
	5.88844 9.49826,
	5.92787 9.52114,
	5.96827 9.53814,
	5.98896 9.54287,
	6.0097 9.5521,
	6.02021 9.55666,
	6.04119 9.57157,
	6.08499 9.60433,
	6.10801 9.62373,
	6.12716 9.64598,
	6.18958 9.73241,
	6.21395 9.77538,
	6.22636 9.79706,
	6.23387 9.80805,
	6.25557 9.83037,
	6.27735 9.84554,
	6.29062 9.86691,
	6.29369 9.87775,
	6.29433 9.92159,
	6.29508 9.93281,
	6.29341 9.93844,
	6.29192 9.94124,
	6.29931 9.9645,
	6.30192 9.97043,
	6.31274 9.98122,
	6.31961 9.99351,
	6.33749 10.0435,
	6.34371 10.0565,
	6.34688 10.063,
	6.35311 10.1138,
	6.35658 10.1394,
	6.37114 10.1917,
	6.38084 10.2184,
	6.39376 10.2458,
	6.404 10.2726,
	6.40695 10.2857,
	6.40921 10.2923,
	6.40931 10.3171,
	6.39786 10.3637,
	6.39572 10.3694,
	6.37795 10.3896,
	6.36734 10.3977,
	6.34269 10.44,
	6.32945 10.4607,
	6.32198 10.4707,
	6.30042 10.4846,
	6.28971 10.4922,
	6.27711 10.5125,
	6.27064 10.5225,
	6.26809 10.5277,
	6.25707 10.5352,
	6.2516 10.5397,
	6.24227 10.5605,
	6.22818 10.6032,
	6.21585 10.6466,
	6.21425 10.6521,
	6.21278 10.6546,
	6.22019 10.6793,
	6.22386 10.6916,
	6.22455 10.7375,
	6.22946 10.7835,
	6.23038 10.7947,
	6.22531 10.8159,
	6.2149 10.8362,
	6.17297 10.87,
	6.15915 10.8902,
	6.15033 10.9,
	6.14012 10.9069,
	6.11949 10.9124,
	6.10927 10.9164,
	"/>
</Transform>

<Transform dim="0"
 xcoef=" 0 1 0 0 0 0"
 ycoef=" 0 0 1 0 0 0">
<Contour name="d04c03" hidden="false" closed="true" simplified="true" border="0 0 1" fill="0 0 1" mode="11"
 points="7.83382 12.4215,
	7.81817 12.4208,
	7.8162 12.4209,
	7.81763 12.4113,
	7.82595 12.3728,
	7.82657 12.368,
	7.8265 12.3486,
	7.82611 12.3389,
	7.82612 12.3341,
	7.82205 12.3145,
	7.81451 12.2948,
	7.81044 12.285,
	7.80858 12.2801,
	7.78392 12.2412,
	7.78047 12.2364,
	7.74572 12.2137,
	7.70803 12.2014,
	7.68843 12.1958,
	7.67846 12.1928,
	7.67343 12.1913,
	7.63236 12.19,
	7.62712 12.191,
	7.60589 12.1994,
	7.60456 12.2001,
	7.59103 12.1819,
	7.58964 12.1796,
	7.58747 12.1702,
	7.586 12.1655,
	7.58595 12.1631,
	7.58524 12.1619,
	7.58522 12.1613,
	7.59597 12.1567,
	7.61724 12.1519,
	7.63821 12.1497,
	7.65888 12.1501,
	7.66905 12.15,
	7.68922 12.1524,
	7.69919 12.1549,
	7.73797 12.1688,
	7.74735 12.1733,
	7.78322 12.196,
	7.79999 12.208,
	7.80806 12.2141,
	7.83788 12.2429,
	7.84823 12.2624,
	7.8531 12.2724,
	7.85524 12.2774,
	7.85631 12.2799,
	7.861 12.319,
	7.86267 12.3384,
	7.86182 12.3575,
	7.85988 12.3765,
	7.85886 12.3859,
	7.85835 12.3906,
	7.85284 12.4093,
	7.85028 12.4187,
	7.84977 12.421,
	"/>
</Transform>

<Transform dim="0"
 xcoef=" 0 1 0 0 0 0"
 ycoef=" 0 0 1 0 0 0">
<Contour name="d07p02" hidden="false" closed="true" simplified="true" border="0 0 1" fill="0 0 1" mode="11"
 points="5.74787 9.57352,
	5.73376 9.53387,
	5.76679 9.53429,
	"/>
</Transform>

<Transform dim="0"
 xcoef=" 0 1 0 0 0 0"
 ycoef=" 0 0 1 0 0 0">
<Contour name="d04sp38" hidden="false" closed="true" simplified="true" border="1 0 0" fill="1 0 0" mode="11"
 points="8.94265 10.371,
	8.92066 10.3687,
	8.91516 10.3677,
	8.9096 10.3647,
	8.90683 10.3632,
	8.88474 10.3561,
	8.86268 10.3499,
	8.8406 10.3459,
	8.83783 10.3454,
	8.83644 10.3453,
	8.82531 10.338,
	8.81974 10.3346,
	8.81694 10.3331,
	8.8058 10.3295,
	8.78341 10.3233,
	8.7806 10.3224,
	8.76927 10.3168,
	8.76359 10.314,
	8.75209 10.3047,
	8.7463 10.2999,
	8.73708 10.2884,
	8.7335 10.2775,
	8.73268 10.2748,
	8.73267 10.2744,
	8.73551 10.2641,
	8.73647 10.2615,
	8.74281 10.2515,
	8.75375 10.2425,
	8.75645 10.2401,
	8.76736 10.2335,
	8.77836 10.2295,
	8.7811 10.2285,
	8.80327 10.2275,
	8.82532 10.2283,
	8.83627 10.2287,
	8.84712 10.2282,
	8.86881 10.2288,
	8.8904 10.2302,
	8.90122 10.2317,
	8.94412 10.235,
	8.94686 10.2363,
	8.94965 10.2381,
	8.95431 10.2435,
	8.95963 10.2487,
	8.96106 10.2501,
	8.96664 10.254,
	8.96951 10.2558,
	8.98109 10.2606,
	8.9927 10.2642,
	9.00435 10.2684,
	9.00728 10.2695,
	9.00873 10.2699,
	9.01166 10.2719,
	9.01313 10.2733,
	9.01608 10.2785,
	9.0172 10.2836,
	9.01759 10.2887,
	9.01797 10.2913,
	9.01616 10.3014,
	9.01579 10.304,
	9.01359 10.3091,
	9.0042 10.3287,
	9.00029 10.3385,
	8.99851 10.3435,
	8.99217 10.3532,
	8.99058 10.3557,
	8.98602 10.3605,
	8.9834 10.3629,
	8.97262 10.367,
	8.96993 10.3682,
	8.9481 10.3704,
	"/>
</Transform>

<Transform dim="0"
 xcoef=" 0 1 0 0 0 0"
 ycoef=" 0 0 1 0 0 0">
<Contour name="d17sph03" hidden="false" closed="true" simplified="true" border="1 0 0" fill="1 0 0" mode="11"
 points="4.54429 8.15936,
	4.52617 8.15383,
	4.52391 8.15305,
	4.50652 8.1346,
	4.49965 8.12341,
	4.49156 8.11286,
	4.48706 8.10993,
	4.47778 8.10881,
	4.4683 8.11042,
	4.45865 8.11471,
	4.44912 8.11698,
	4.43025 8.11747,
	4.42096 8.11501,
	4.38384 8.1013,
	4.38155 8.09986,
	4.34325 8.09581,
	4.32386 8.0932,
	4.31895 8.09306,
	4.29962 8.08586,
	4.28988 8.08229,
	4.27055 8.07119,
	4.2657 8.06843,
	4.24646 8.05343,
	4.22804 8.0323,
	4.2111 8.01225,
	4.19616 7.99229,
	4.18841 7.98235,
	4.18487 7.97739,
	4.17525 7.95762,
	4.1708 7.94777,
	4.16456 7.92813,
	4.15974 7.90859,
	4.15802 7.89886,
	4.15718 7.89402,
	4.15922 7.85545,
	4.15976 7.85067,
	4.15991 7.84947,
	4.15997 7.84887,
	4.16803 7.8109,
	4.17 7.80148,
	4.17864 7.78278,
	4.18876 7.76421,
	4.19484 7.75498,
	4.19821 7.75039,
	4.19991 7.74809,
	4.2117 7.74077,
	4.21763 7.73681,
	4.22336 7.73402,
	4.24551 7.72684,
	4.25106 7.72457,
	4.293 7.71763,
	4.31327 7.71496,
	4.32326 7.71354,
	4.34324 7.70873,
	4.3826 7.69483,
	4.42082 7.67812,
	4.45776 7.66196,
	4.47554 7.65712,
	4.49256 7.65778,
	4.49673 7.65858,
	4.51271 7.66732,
	4.52746 7.68179,
	4.53698 7.70054,
	4.54123 7.71007,
	4.54772 7.72945,
	4.55282 7.74923,
	4.55926 7.76927,
	4.56286 7.77942,
	4.56433 7.78972,
	4.56563 7.79487,
	4.56603 7.81578,
	4.56296 7.90052,
	4.56318 7.91112,
	4.563 7.91641,
	4.56517 7.93755,
	4.56852 7.95866,
	4.57926 8.0007,
	4.58237 8.01118,
	4.59792 8.05486,
	4.60356 8.06599,
	4.60572 8.07703,
	4.6071 8.08256,
	4.60696 8.09355,
	4.60678 8.09629,
	4.60205 8.10718,
	4.595 8.11801,
	4.57575 8.13869,
	4.56582 8.1486,
	4.55609 8.15574,
	4.54664 8.15878,
	"/>
</Transform>

<Transform dim="0"
 xcoef=" 0 1 0 0 0 0"
 ycoef=" 0 0 1 0 0 0">
<Contour name="d23c07" hidden="false" closed="true" simplified="true" border="0 0 1" fill="0 0 1" mode="11"
 points="4.96616 8.13474,
	4.95483 8.13361,
	4.93222 8.12648,
	4.92672 8.11403,
	4.92537 8.10935,
	4.92539 8.10777,
	4.97056 8.08071,
	5.01507 8.03903,
	5.037 8.01585,
	5.04509 8.00292,
	5.04645 8.00128,
	5.06199 8.02348,
	5.04579 8.04952,
	5.03896 8.06249,
	4.99453 8.10949,
	4.98465 8.12272,
	4.98038 8.12931,
	4.97753 8.13264,
	"/>
</Transform>

<Transform dim="0"
 xcoef=" 0 1 0 0 0 0"
 ycoef=" 0 0 1 0 0 0">
<Contour name="d17serb04" hidden="false" closed="true" simplified="true" border="1 0 0" fill="1 0 0" mode="11"
 points="3.20283 8.53654,
	3.20218 8.52582,
	3.19405 8.52663,
	3.19328 8.51589,
	3.20146 8.5151,
	3.2007 8.50434,
	3.20894 8.50353,
	3.20964 8.51427,
	3.2178 8.51339,
	3.2184 8.52408,
	3.21029 8.52497,
	3.21089 8.53567,
	"/>
</Transform>

<Transform dim="0"
 xcoef=" 0 1 0 0 0 0"
 ycoef=" 0 0 1 0 0 0">
<Contour name="d23sph03" hidden="false" closed="true" simplified="true" border="1 0 0" fill="1 0 0" mode="11"
 points="5.93765 9.95656,
	5.87401 9.9481,
	5.84188 9.9433,
	5.82576 9.94176,
	5.79351 9.94223,
	5.77704 9.9427,
	5.74312 9.94091,
	5.73885 9.94099,
	5.73448 9.94003,
	5.69883 9.92403,
	5.69663 9.92332,
	5.67872 9.90575,
	5.66056 9.89019,
	5.65154 9.88257,
	5.63986 9.86593,
	5.63357 9.85769,
	5.6307 9.8536,
	5.61408 9.84305,
	5.61196 9.84194,
	5.60197 9.82495,
	5.60142 9.82389,
	5.60141 9.82336,
	5.61397 9.79018,
	5.61803 9.77345,
	5.61974 9.76504,
	5.63026 9.73132,
	5.63292 9.72283,
	5.64167 9.70609,
	5.64615 9.69771,
	5.66914 9.67112,
	5.67515 9.66551,
	5.70087 9.6489,
	5.72936 9.63247,
	5.73123 9.63137,
	5.76242 9.62855,
	5.77869 9.62724,
	5.78281 9.62674,
	5.81643 9.63306,
	5.83359 9.63584,
	5.86829 9.6438,
	5.87266 9.6451,
	5.90771 9.66423,
	5.94319 9.68621,
	5.95217 9.69179,
	5.95669 9.69487,
	5.96848 9.71454,
	5.97966 9.73396,
	6.00018 9.77217,
	6.01181 9.79091,
	6.02504 9.80939,
	6.04984 9.8461,
	6.05293 9.85045,
	6.05447 9.85261,
	6.05919 9.87033,
	6.0605 9.87477,
	6.06087 9.87701,
	6.05369 9.89532,
	6.05294 9.89761,
	6.03848 9.91612,
	6.03134 9.92476,
	6.02777 9.92876,
	6.02604 9.93105,
	6.01142 9.94345,
	6.00412 9.94893,
	5.9722 9.95175,
	5.96431 9.95224,
	5.94898 9.95461,
	5.94141 9.95593,
	"/>
</Transform>

<Transform dim="0"
 xcoef=" 0 1 0 0 0 0"
 ycoef=" 0 0 1 0 0 0">
<Contour name="d05c05" hidden="false" closed="true" simplified="true" border="0 0 1" fill="0 0 1" mode="11"
 points="8.55829 9.84657,
	8.54659 9.8437,
	8.53466 9.83402,
	8.52373 9.81195,
	8.52187 9.80092,
	8.52284 9.78995,
	8.52273 9.78719,
	8.50339 9.76447,
	8.49257 9.74179,
	8.49207 9.73063,
	8.48732 9.71926,
	8.47976 9.70766,
	8.47681 9.70468,
	8.47674 9.70328,
	8.47526 9.70179,
	8.48027 9.69102,
	8.49106 9.68496,
	8.50208 9.68313,
	8.50758 9.68223,
	8.51333 9.6854,
	8.521 9.69679,
	8.52026 9.70755,
	8.52057 9.71301,
	8.53211 9.71916,
	8.54574 9.76334,
	8.54911 9.77437,
	8.55534 9.78547,
	8.55846 9.79102,
	8.57033 9.79954,
	8.57349 9.80504,
	8.57607 9.82671,
	8.5752 9.83746,
	8.56402 9.84532,
	"/>
</Transform>

<Transform dim="0"
 xcoef=" 0 1 0 0 0 0"
 ycoef=" 0 0 1 0 0 0">
<Contour name="d05p05" hidden="false" closed="true" simplified="true" border="0 0 1" fill="0 0 1" mode="11"
 points="8.57043 9.742,
	8.55232 9.71239,
	8.588 9.71268,
	"/>
</Transform>

<Transform dim="0"
 xcoef=" 0 1 0 0 0 0"
 ycoef=" 0 0 1 0 0 0">
<Contour name="d24sph03" hidden="false" closed="true" simplified="true" border="1 0 0" fill="1 0 0" mode="11"
 points="7.41875 5.72751,
	7.4022 5.71693,
	7.39802 5.71435,
	7.38392 5.69364,
	7.38194 5.69101,
	7.37215 5.66974,
	7.36981 5.66445,
	7.36607 5.64304,
	7.3647 5.63238,
	7.36472 5.61102,
	7.36265 5.56894,
	7.36294 5.56434,
	7.36299 5.56368,
	7.36542 5.54273,
	7.36557 5.54013,
	7.37297 5.51918,
	7.37977 5.50867,
	7.38767 5.49817,
	7.40664 5.48166,
	7.4253 5.47097,
	7.44384 5.46223,
	7.45308 5.45817,
	7.48965 5.44707,
	7.50781 5.43964,
	7.51684 5.43562,
	7.52132 5.43424,
	7.5303 5.42898,
	7.53918 5.42496,
	7.55667 5.41943,
	7.57386 5.41639,
	7.58233 5.41547,
	7.61553 5.40584,
	7.63172 5.40105,
	7.63974 5.39856,
	7.67158 5.3941,
	7.68748 5.39644,
	7.69146 5.39776,
	7.69935 5.40358,
	7.70331 5.40614,
	7.70529 5.40773,
	7.71224 5.42709,
	7.71396 5.44749,
	7.713 5.46852,
	7.71196 5.4792,
	7.70529 5.5014,
	7.69553 5.52414,
	7.69319 5.52981,
	7.67661 5.54985,
	7.65989 5.56334,
	7.65152 5.56925,
	7.63482 5.5787,
	7.61771 5.5899,
	7.60885 5.59746,
	7.60442 5.60088,
	7.58604 5.61934,
	7.57677 5.62821,
	7.55846 5.64178,
	7.55383 5.64517,
	7.53456 5.66509,
	7.51583 5.67882,
	7.50601 5.68928,
	7.50103 5.69488,
	7.49855 5.6977,
	7.47965 5.71101,
	7.47031 5.71669,
	7.45198 5.7246,
	7.44298 5.72686,
	7.42539 5.72726,
	7.42097 5.72741,
	"/>
</Transform>

<Transform dim="0"
 xcoef=" 0 1 0 0 0 0"
 ycoef=" 0 0 1 0 0 0">
<Contour name="d23sp05" hidden="false" closed="true" simplified="true" border="1 0 0" fill="1 0 0" mode="11"
 points="7.01319 9.11405,
	6.91354 9.1035,
	6.86391 9.10108,
	6.83939 9.10412,
	6.82716 9.10511,
	6.8226 9.1064,
	6.81945 9.1035,
	6.81894 9.01576,
	6.80559 8.93182,
	6.80053 8.92131,
	6.79686 8.90078,
	6.79357 8.89816,
	6.79679 8.89828,
	6.84714 8.93985,
	6.87196 8.94481,
	6.97009 8.94709,
	6.99428 8.9497,
	7.00635 8.95186,
	7.05484 8.97144,
	7.07911 8.98434,
	7.10372 9.00511,
	7.11022 9.01762,
	7.11348 9.02395,
	7.11459 9.04727,
	7.10668 9.06926,
	7.10395 9.07469,
	7.08389 9.0951,
	7.06183 9.10824,
	7.03768 9.11246,
	"/>
</Transform>

<Transform dim="0"
 xcoef=" 0 1 0 0 0 0"
 ycoef=" 0 0 1 0 0 0">
<Contour name="d07sp05" hidden="false" closed="true" simplified="true" border="1 0 0" fill="1 0 0" mode="11"
 points="5.20431 8.48847,
	5.1117 8.47582,
	5.06565 8.46539,
	5.04256 8.45941,
	5.01974 8.44868,
	5.01418 8.44401,
	5.01183 8.41809,
	5.01209 8.41482,
	5.01223 8.41316,
	5.02163 8.38649,
	5.02987 8.37289,
	5.03466 8.36603,
	5.05839 8.35161,
	5.07013 8.34432,
	5.09313 8.33471,
	5.13837 8.32205,
	5.16033 8.3295,
	5.17102 8.34108,
	5.19292 8.35555,
	5.21497 8.37339,
	5.23732 8.3961,
	5.24576 8.40914,
	5.24856 8.41569,
	5.24989 8.42896,
	5.24536 8.45552,
	5.238 8.4689,
	5.22774 8.48074,
	5.21602 8.48623,
	"/>
</Transform>

<Transform dim="0"
 xcoef=" 0 1 0 0 0 0"
 ycoef=" 0 0 1 0 0 0">
<Contour name="d17sph04b" hidden="false" closed="true" simplified="true" border="1 0 0" fill="1 0 0" mode="11"
 points="2.53158 7.93163,
	2.52802 7.93112,
	2.52443 7.92957,
	2.51022 7.92699,
	2.50313 7.92595,
	2.4996 7.92543,
	2.49264 7.92699,
	2.48918 7.92802,
	2.47521 7.9285,
	2.46127 7.9279,
	2.45431 7.92733,
	2.42636 7.91846,
	2.41256 7.91541,
	2.40568 7.9139,
	2.39189 7.90944,
	2.37791 7.90109,
	2.37088 7.89623,
	2.34234 7.87232,
	2.32811 7.86158,
	2.32456 7.85928,
	2.2969 7.84813,
	2.26941 7.83893,
	2.26594 7.8376,
	2.23899 7.83453,
	2.22548 7.83295,
	2.21872 7.83213,
	2.19141 7.8264,
	2.17774 7.82367,
	2.16394 7.81994,
	2.13599 7.80892,
	2.12894 7.80552,
	2.12539 7.80357,
	2.06959 7.78635,
	2.04147 7.77753,
	2.02733 7.77305,
	1.97037 7.75857,
	1.95594 7.75471,
	1.92678 7.74483,
	1.91942 7.74134,
	1.91574 7.73985,
	1.90083 7.72704,
	1.89347 7.72032,
	1.89024 7.71675,
	1.88047 7.7007,
	1.87771 7.6967,
	1.87445 7.68877,
	1.87305 7.68482,
	1.87174 7.6225,
	1.87132 7.60693,
	1.87132 7.60546,
	1.87133 7.60498,
	1.87494 7.58951,
	1.87675 7.58177,
	1.8799 7.57407,
	1.88394 7.56637,
	1.88929 7.55872,
	1.89638 7.55257,
	1.95212 7.53643,
	1.97944 7.52985,
	1.98622 7.52773,
	1.99304 7.52161,
	1.99644 7.5188,
	2.00677 7.50327,
	2.01796 7.4877,
	2.01926 7.48574,
	2.0461 7.47043,
	2.05951 7.46362,
	2.07295 7.45528,
	2.08642 7.44591,
	2.14041 7.41435,
	2.15409 7.4054,
	2.16095 7.40091,
	2.17487 7.38931,
	2.1783 7.38732,
	2.19195 7.38186,
	2.19877 7.37937,
	2.22576 7.37708,
	2.2393 7.37611,
	2.24609 7.37561,
	2.27366 7.36669,
	2.28746 7.36239,
	2.29437 7.36022,
	2.3222 7.34417,
	2.33605 7.33598,
	2.34985 7.32877,
	2.35331 7.32683,
	2.36019 7.32443,
	2.36363 7.32299,
	2.39112 7.3197,
	2.40494 7.31774,
	2.41186 7.31676,
	2.42573 7.31769,
	2.43269 7.31765,
	2.43617 7.31811,
	2.45019 7.31605,
	2.45721 7.31449,
	2.46073 7.31396,
	2.4625 7.31297,
	2.46898 7.32074,
	2.47026 7.32269,
	2.47061 7.33054,
	2.4656 7.34632,
	2.45934 7.36211,
	2.45747 7.37786,
	2.45595 7.40936,
	2.456 7.47213,
	2.45727 7.47992,
	2.46196 7.4954,
	2.46409 7.50311,
	2.48852 7.56417,
	2.49582 7.57927,
	2.49969 7.58679,
	2.50871 7.60179,
	2.51345 7.60928,
	2.51901 7.61675,
	2.52242 7.62049,
	2.52757 7.62794,
	2.54074 7.641,
	2.56763 7.66249,
	2.57432 7.66766,
	2.60082 7.68366,
	2.60747 7.6879,
	2.6207 7.69498,
	2.62193 7.69545,
	2.62143 7.69966,
	2.62077 7.70152,
	2.62153 7.71648,
	2.62215 7.72398,
	2.62288 7.72774,
	2.62442 7.73151,
	2.62517 7.73527,
	2.62602 7.73574,
	2.62619 7.73763,
	2.62776 7.7414,
	2.62969 7.74897,
	2.63121 7.76415,
	2.6312 7.76797,
	2.6314 7.76988,
	2.63078 7.77179,
	2.63076 7.77562,
	2.63015 7.77754,
	2.63035 7.77946,
	2.62953 7.78331,
	2.62931 7.78523,
	2.62855 7.78571,
	2.62854 7.78958,
	2.62782 7.79055,
	2.62803 7.79248,
	2.62719 7.79636,
	2.62729 7.79732,
	2.62657 7.7983,
	2.62405 7.81393,
	2.62235 7.8218,
	2.62246 7.8228,
	2.6214 7.82476,
	2.62119 7.82674,
	2.62045 7.82774,
	2.61865 7.83536,
	2.61778 7.83951,
	2.61669 7.84163,
	2.61579 7.8458,
	2.61228 7.85424,
	2.61236 7.85528,
	2.61156 7.85584,
	2.61131 7.85793,
	2.61054 7.85899,
	2.61063 7.86004,
	2.60841 7.86431,
	2.6073 7.86643,
	2.60738 7.86747,
	2.60506 7.87071,
	2.60394 7.87286,
	2.60401 7.87389,
	2.60168 7.87714,
	2.60139 7.87925,
	2.59283 7.89326,
	2.58758 7.89978,
	2.58634 7.90089,
	2.58641 7.90193,
	2.58553 7.90196,
	2.58354 7.9052,
	2.58064 7.90793,
	2.57891 7.90852,
	2.57769 7.91014,
	2.57682 7.91016,
	2.57389 7.91289,
	2.56012 7.91905,
	2.55842 7.92013,
	2.55666 7.92017,
	2.54976 7.92348,
	2.54625 7.92405,
	2.53931 7.92679,
	2.5363 7.92842,
	2.5346 7.93001,
	2.53286 7.93055,
	2.53246 7.93162,
	"/>
</Transform>

<Transform dim="0"
 xcoef=" 0 1 0 0 0 0"
 ycoef=" 0 0 1 0 0 0">
<Contour name="d05c01" hidden="false" closed="true" simplified="true" border="0 0 1" fill="0 0 1" mode="11"
 points="9.06019 11.5658,
	9.04796 11.5648,
	9.0449 11.5645,
	9.03979 11.5536,
	9.03814 11.5509,
	9.03806 11.5495,
	9.04931 11.5294,
	9.09803 11.4921,
	9.10427 11.4886,
	9.12956 11.4848,
	9.13588 11.4838,
	9.1609 11.4638,
	9.18578 11.4554,
	9.21027 11.4508,
	9.22235 11.4549,
	9.22834 11.4563,
	9.23875 11.4657,
	9.26071 11.4792,
	9.25485 11.4898,
	9.20722 11.5226,
	9.15846 11.546,
	9.13388 11.5539,
	9.1216 11.5584,
	9.09696 11.562,
	9.08472 11.5651,
	"/>
</Transform>

<Transform dim="0"
 xcoef=" 0 1 0 0 0 0"
 ycoef=" 0 0 1 0 0 0">
<Contour name="d19sp07" hidden="false" closed="true" simplified="true" border="1 0 0" fill="1 0 0" mode="11"
 points="6.91286 11.559,
	6.893 11.5504,
	6.87679 11.5382,
	6.87027 11.5313,
	6.86242 11.5168,
	6.85691 11.4866,
	6.85563 11.4713,
	6.85773 11.4558,
	6.85828 11.4519,
	6.85856 11.45,
	6.85869 11.449,
	6.86405 11.441,
	6.8821 11.4246,
	6.8999 11.4177,
	6.91727 11.4154,
	6.92598 11.4147,
	6.94304 11.4204,
	6.95468 11.4337,
	6.95798 11.437,
	6.96565 11.4652,
	6.97212 11.4935,
	6.97487 11.5003,
	6.97327 11.53,
	6.96955 11.5379,
	6.94973 11.5524,
	6.94442 11.556,
	6.92324 11.5584,
	"/>
</Transform>

<Transform dim="0"
 xcoef=" 0 1 0 0 0 0"
 ycoef=" 0 0 1 0 0 0">
<Contour name="d07sp03" hidden="false" closed="true" simplified="true" border="1 0 0" fill="1 0 0" mode="11"
 points="4.53371 9.64715,
	4.50987 9.64654,
	4.46391 9.64069,
	4.44169 9.63999,
	4.43074 9.63881,
	4.40904 9.64097,
	4.38751 9.63989,
	4.34474 9.6096,
	4.33819 9.59795,
	4.33444 9.58518,
	4.33391 9.56079,
	4.33439 9.5488,
	4.33445 9.5473,
	4.33452 9.54582,
	4.3451 9.49979,
	4.36579 9.45584,
	4.37058 9.44629,
	4.45136 9.54952,
	4.49466 9.60213,
	4.51754 9.62874,
	4.52926 9.64212,
	"/>
</Transform>

<Transform dim="0"
 xcoef=" 0 1 0 0 0 0"
 ycoef=" 0 0 1 0 0 0">
<Contour name="d23p05" hidden="false" closed="true" simplified="true" border="0 0 1" fill="0 0 1" mode="11"
 points="6.78698 9.01777,
	6.77268 9.00504,
	6.7858 8.99392,
	6.79992 9.00629,
	"/>
</Transform>

<Transform dim="0"
 xcoef=" 0 1 0 0 0 0"
 ycoef=" 0 0 1 0 0 0">
<Contour name="d07c07" hidden="false" closed="true" simplified="true" border="0 0 1" fill="0 0 1" mode="11"
 points="6.07544 8.45699,
	6.06812 8.45658,
	6.06632 8.4561,
	6.06541 8.45611,
	6.06535 8.45225,
	6.06755 8.43666,
	6.06894 8.42881,
	6.07626 8.36477,
	6.07841 8.34847,
	6.07929 8.34028,
	6.07997 8.33619,
	6.08022 8.33466,
	6.0803 8.33415,
	6.08791 8.33332,
	6.08978 8.33337,
	6.09273 8.34112,
	6.09408 8.37361,
	6.09442 8.38966,
	6.08898 8.42137,
	6.08699 8.43703,
	6.08561 8.44482,
	6.08516 8.44869,
	6.08495 8.45062,
	6.0774 8.45601,
	"/>
</Transform>

<Transform dim="0"
 xcoef=" 0 1 0 0 0 0"
 ycoef=" 0 0 1 0 0 0">
<Contour name="d07c05" hidden="false" closed="true" simplified="true" border="0 0 1" fill="0 0 1" mode="11"
 points="5.20351 8.39788,
	5.19785 8.39602,
	5.19504 8.39489,
	5.19363 8.39454,
	5.18259 8.38481,
	5.17172 8.37286,
	5.15014 8.35101,
	5.14477 8.34564,
	5.13396 8.33756,
	5.12938 8.3309,
	5.1271 8.32756,
	5.12578 8.32593,
	5.12594 8.32246,
	5.12601 8.32074,
	5.12603 8.3203,
	5.13725 8.31839,
	5.14002 8.31867,
	5.151 8.32239,
	5.15652 8.32382,
	5.16198 8.32656,
	5.1837 8.34365,
	5.20562 8.3616,
	5.21668 8.37095,
	5.22227 8.37539,
	5.22471 8.37739,
	5.22286 8.38094,
	5.21696 8.38815,
	5.21437 8.39172,
	5.2129 8.39353,
	5.20712 8.3964,
	5.20424 8.39741,
	"/>
</Transform>

<Transform dim="0"
 xcoef=" 0 1 0 0 0 0"
 ycoef=" 0 0 1 0 0 0">
<Contour name="d04sp06" hidden="false" closed="true" simplified="true" border="1 0 0" fill="1 0 0" mode="11"
 points="8.82882 11.6198,
	8.82267 11.6196,
	8.81035 11.6181,
	8.7857 11.6117,
	8.77402 11.6081,
	8.75171 11.607,
	8.72983 11.6081,
	8.71891 11.6073,
	8.7135 11.6072,
	8.69185 11.6036,
	8.68113 11.6019,
	8.67575 11.6002,
	8.67034 11.5979,
	8.66765 11.5969,
	8.66631 11.5964,
	8.66453 11.5937,
	8.66338 11.5906,
	8.66336 11.5902,
	8.66334 11.5898,
	8.66402 11.5839,
	8.66831 11.5783,
	8.68848 11.5616,
	8.69354 11.5575,
	8.6961 11.5558,
	8.70659 11.5525,
	8.71191 11.5515,
	8.7227 11.5513,
	8.74464 11.5526,
	8.767 11.5552,
	8.77264 11.5558,
	8.77837 11.5575,
	8.78419 11.5601,
	8.78708 11.5612,
	8.79309 11.5661,
	8.79611 11.5687,
	8.8212 11.5838,
	8.82445 11.5856,
	8.83768 11.5948,
	8.84436 11.5996,
	8.84847 11.6061,
	8.85032 11.6093,
	8.84773 11.6152,
	8.84708 11.6167,
	8.83489 11.6189,
	"/>
</Transform>

<Transform dim="0"
 xcoef=" 0 1 0 0 0 0"
 ycoef=" 0 0 1 0 0 0">
<Contour name="d05c03" hidden="false" closed="true" simplified="true" border="0 0 1" fill="0 0 1" mode="11"
 points="8.03815 10.6131,
	8.02832 10.6124,
	8.02277 10.5956,
	8.0228 10.5945,
	8.02284 10.5935,
	8.03061 10.5759,
	8.0584 10.5393,
	8.06188 10.5347,
	8.08067 10.5246,
	8.08531 10.5221,
	8.09004 10.5218,
	8.09465 10.5192,
	8.10362 10.5096,
	8.10825 10.5082,
	8.11047 10.5057,
	8.119 10.5129,
	8.12056 10.5217,
	8.11973 10.5306,
	8.12235 10.5392,
	8.12722 10.5475,
	8.1099 10.5665,
	8.10521 10.5713,
	8.09576 10.5753,
	8.08619 10.5814,
	8.07265 10.5995,
	8.05297 10.6092,
	8.0431 10.6118,
	"/>
</Transform>

<Transform dim="0"
 xcoef=" 0 1 0 0 0 0"
 ycoef=" 0 0 1 0 0 0">
<Contour name="d24c03" hidden="false" closed="true" simplified="true" border="0 0 1" fill="0 0 1" mode="11"
 points="7.63635 5.59091,
	7.62911 5.59064,
	7.62556 5.5897,
	7.61884 5.58346,
	7.61547 5.58035,
	7.61226 5.57542,
	7.61018 5.5705,
	7.60903 5.56804,
	7.60564 5.56438,
	7.60395 5.56255,
	7.59923 5.55286,
	7.59684 5.54806,
	7.59413 5.53848,
	7.59183 5.52898,
	7.59102 5.52424,
	7.5891 5.50541,
	7.58807 5.49606,
	7.58766 5.4914,
	7.58891 5.45425,
	7.58957 5.4358,
	7.58963 5.43379,
	7.58964 5.4335,
	7.59057 5.42429,
	7.59193 5.41509,
	7.59387 5.41046,
	7.59508 5.40814,
	7.59863 5.40432,
	7.6024 5.40162,
	7.61727 5.3936,
	7.62096 5.39142,
	7.63557 5.38488,
	7.65008 5.37922,
	7.65733 5.37889,
	7.66096 5.37855,
	7.66458 5.37877,
	7.67908 5.38151,
	7.68635 5.38264,
	7.69356 5.38746,
	7.69717 5.38985,
	7.70431 5.39665,
	7.71141 5.4046,
	7.71638 5.41315,
	7.71875 5.41744,
	7.72231 5.43568,
	7.72505 5.4542,
	7.72421 5.47346,
	7.72294 5.48331,
	7.72118 5.49326,
	7.72018 5.49827,
	7.71701 5.50851,
	7.71553 5.51361,
	7.71468 5.51618,
	7.70944 5.52674,
	7.70888 5.52806,
	7.70159 5.53887,
	7.6996 5.54159,
	7.68401 5.55842,
	7.67617 5.56716,
	7.66069 5.58089,
	7.6568 5.58419,
	7.64931 5.58756,
	7.64558 5.5889,
	7.64369 5.58988,
	"/>
</Transform>

<Transform dim="0"
 xcoef=" 0 1 0 0 0 0"
 ycoef=" 0 0 1 0 0 0">
<Contour name="d30sp02" hidden="false" closed="true" simplified="true" border="1 0 0" fill="1 0 0" mode="11"
 points="12.8662 6.39565,
	12.8634 6.39256,
	12.8517 6.38402,
	12.8488 6.38256,
	12.8474 6.38077,
	12.8368 6.37276,
	12.8312 6.36834,
	12.8255 6.36505,
	12.8242 6.36328,
	12.8132 6.35617,
	12.8078 6.35236,
	12.8052 6.34989,
	12.8 6.34654,
	12.7948 6.34218,
	12.7934 6.3415,
	12.7921 6.33972,
	12.7908 6.33904,
	12.7895 6.33727,
	12.7842 6.33291,
	12.7816 6.33045,
	12.7791 6.32688,
	12.7792 6.32577,
	12.7915 6.31643,
	12.7976 6.31202,
	12.7992 6.31052,
	12.8112 6.30611,
	12.8233 6.30396,
	12.8294 6.30287,
	12.8533 6.30873,
	12.8678 6.33982,
	12.8697 6.34798,
	12.8706 6.36482,
	12.8709 6.36899,
	12.8685 6.38632,
	12.8672 6.39494,
	"/>
</Transform>

<Transform dim="0"
 xcoef=" 0 1 0 0 0 0"
 ycoef=" 0 0 1 0 0 0">
<Contour name="d24cfa03" hidden="false" closed="true" simplified="true" border="0 1 0" fill="0 1 0" mode="11"
 points="7.63547 5.56865,
	7.62999 5.56778,
	7.6273 5.56686,
	7.62218 5.56176,
	7.61746 5.55573,
	7.61494 5.54834,
	7.61349 5.54466,
	7.61295 5.54282,
	7.61344 5.52816,
	7.60917 5.49926,
	7.6055 5.47074,
	7.60497 5.4672,
	7.6053 5.46009,
	7.60546 5.45654,
	7.60548 5.4561,
	7.60754 5.44896,
	7.60874 5.4454,
	7.61253 5.43821,
	7.61854 5.42388,
	7.62219 5.41668,
	7.62326 5.41486,
	7.62891 5.41019,
	7.63452 5.4068,
	7.64009 5.40469,
	7.64563 5.40342,
	7.6484 5.40234,
	7.65944 5.4001,
	7.66495 5.3987,
	7.67595 5.39885,
	7.68144 5.40044,
	7.68418 5.40098,
	7.68963 5.40384,
	7.69505 5.408,
	7.70043 5.41349,
	7.7047 5.42001,
	7.70666 5.4233,
	7.70955 5.43724,
	7.71044 5.44071,
	7.71077 5.45514,
	7.71035 5.46978,
	7.70958 5.47722,
	7.70523 5.49255,
	7.70304 5.50025,
	7.6962 5.51598,
	7.69293 5.52384,
	7.69129 5.52776,
	7.69047 5.52972,
	7.67861 5.54306,
	7.66697 5.55287,
	7.66114 5.55744,
	7.65821 5.55995,
	7.64672 5.56605,
	"/>
</Transform>

<Transform dim="0"
 xcoef=" 0 1 0 0 0 0"
 ycoef=" 0 0 1 0 0 0">
<Contour name="d23sp06" hidden="false" closed="true" simplified="true" border="1 0 0" fill="1 0 0" mode="11"
 points="6.72203 9.94024,
	6.68755 9.93218,
	6.67875 9.92974,
	6.66077 9.92749,
	6.64287 9.91581,
	6.63383 9.91003,
	6.62927 9.90748,
	6.59331 9.87426,
	6.57446 9.85843,
	6.56505 9.85046,
	6.56269 9.84878,
	6.53576 9.8061,
	6.51059 9.76639,
	6.50464 9.75689,
	6.4489 9.68491,
	6.44501 9.68064,
	6.44229 9.67643,
	6.42975 9.64345,
	6.42977 9.64295,
	6.43801 9.6269,
	6.44177 9.61894,
	6.443 9.61698,
	6.46188 9.60507,
	6.46421 9.60415,
	6.48251 9.60897,
	6.49163 9.61148,
	6.4962 9.61276,
	6.49847 9.6134,
	6.51528 9.63022,
	6.52922 9.64772,
	6.55479 9.68362,
	6.56815 9.70227,
	6.57483 9.71179,
	6.59221 9.73185,
	6.60059 9.74211,
	6.61853 9.75938,
	6.62747 9.76794,
	6.63194 9.77227,
	6.64977 9.78526,
	6.65862 9.79188,
	6.67624 9.79995,
	6.68498 9.80372,
	6.68934 9.80532,
	6.72336 9.83238,
	6.74005 9.84649,
	6.7442 9.85066,
	6.75958 9.87497,
	6.76727 9.88721,
	6.76932 9.8903,
	6.77242 9.91261,
	6.77316 9.91824,
	6.7736 9.91971,
	6.75682 9.93751,
	6.75574 9.93862,
	"/>
</Transform>

<Transform dim="0"
 xcoef=" 0 1 0 0 0 0"
 ycoef=" 0 0 1 0 0 0">
<Contour name="d04cfa03" hidden="false" closed="false" simplified="true" border="0 0 1" fill="0 0 1" mode="11"
 points="7.84319 12.3833,
	7.84477 12.363,
	7.84763 12.3245,
	7.84383 12.3086,
	7.83515 12.285,
	7.82125 12.2553,
	7.80296 12.2319,
	7.77744 12.209,
	7.71903 12.1783,
	7.65806 12.1685,
	7.60975 12.1704,
	"/>
</Transform>

<Transform dim="0"
 xcoef=" 0 1 0 0 0 0"
 ycoef=" 0 0 1 0 0 0">
<Contour name="d05cfa05" hidden="false" closed="false" simplified="true" border="1 0 0" fill="1 0 0" mode="11"
 points="8.56048 9.84648,
	8.55836 9.83294,
	8.55757 9.81667,
	8.54828 9.80148,
	8.53712 9.77518,
	8.52644 9.75832,
	8.51416 9.73716,
	8.50292 9.70902,
	8.48776 9.68733,
	"/>
</Transform>

<Transform dim="0"
 xcoef=" 0 1 0 0 0 0"
 ycoef=" 0 0 1 0 0 0">
<Contour name="d23cfa07" hidden="false" closed="false" simplified="true" border="0 1 0" fill="0 1 0" mode="11"
 points="5.04559 8.02724,
	5.03333 8.04519,
	5.00285 8.0753,
	4.96917 8.10075,
	4.92952 8.11981,
	"/>
</Transform>

<Transform dim="0"
 xcoef=" 0 1 0 0 0 0"
 ycoef=" 0 0 1 0 0 0">
<Contour name="d05cfa01" hidden="false" closed="false" simplified="true" border="1 0 0" fill="1 0 0" mode="11"
 points="9.24242 11.4712,
	9.23655 11.4726,
	9.22303 11.4792,
	9.21196 11.4835,
	9.19473 11.4929,
	9.18257 11.4985,
	9.16686 11.5062,
	9.14932 11.5145,
	9.12998 11.5224,
	9.11334 11.5304,
	9.09247 11.5425,
	9.07256 11.5507,
	9.05873 11.5534,
	9.04143 11.5542,
	"/>
</Transform>

<Transform dim="0"
 xcoef=" 0 1 0 0 0 0"
 ycoef=" 0 0 1 0 0 0">
<Contour name="d05cfa03" hidden="false" closed="false" simplified="true" border="0 1 0" fill="0 1 0" mode="11"
 points="8.11283 10.5063,
	8.10609 10.5163,
	8.10023 10.5279,
	8.09155 10.5413,
	8.08087 10.5582,
	8.07076 10.574,
	8.06046 10.5829,
	8.04343 10.5913,
	8.02428 10.5988,
	"/>
</Transform>

<Transform dim="0"
 xcoef=" 0 1 0 0 0 0"
 ycoef=" 0 0 1 0 0 0">
<Contour name="d07cfa05" hidden="false" closed="false" simplified="true" border="1 0 0" fill="1 0 0" mode="11"
 points="5.22151 8.38309,
	5.19791 8.36031,
	5.17268 8.34405,
	5.15995 8.33043,
	5.13818 8.32394,
	5.12663 8.32568,
	"/>
</Transform>

<Transform dim="0"
 xcoef=" 0 1 0 0 0 0"
 ycoef=" 0 0 1 0 0 0">
<Contour name="d07cfa07" hidden="false" closed="false" simplified="true" border="1 0 0" fill="1 0 0" mode="11"
 points="6.0847 8.33346,
	6.07824 8.4048,
	6.06911 8.45649,
	"/>
</Transform>

<Transform dim="0"
 xcoef=" 0 1 0 0 0 0"
 ycoef=" 0 0 1 0 0 0">
<Contour name="d19cfa03" hidden="false" closed="false" simplified="true" border="1 0 0" fill="1 0 0" mode="11"
 points="5.82015 11.0869,
	5.77058 11.1337,
	5.74978 11.1504,
	5.7286 11.1581,
	5.70814 11.1637,
	5.68701 11.1716,
	5.66733 11.1746,
	5.64817 11.1782,
	5.62504 11.1765,
	"/>
</Transform>

<Transform dim="0"
 xcoef=" 0 1 0 0 0 0"
 ycoef=" 0 0 1 0 0 0">
<Contour name="d19cfa03" hidden="false" closed="false" simplified="true" border="1 0 0" fill="1 0 0" mode="11"
 points="5.54718 11.1861,
	5.53302 11.1882,
	5.4747 11.1851,
	5.4622 11.1813,
	5.45253 11.1759,
	5.44378 11.171,
	5.41413 11.1602,
	5.39532 11.1526,
	5.38474 11.1438,
	5.3721 11.135,
	"/>
</Transform>

<Transform dim="0"
 xcoef=" 0 1 0 0 0 0"
 ycoef=" 0 0 1 0 0 0">
<Contour name="d24sp04" hidden="false" closed="true" simplified="true" border="1 0 0" fill="1 0 0" mode="11"
 points="6.33208 5.20164,
	6.34016 5.16931,
	6.34117 5.16527,
	6.34117 5.16325,
	6.35734 5.15113,
	6.38966 5.13294,
	6.40583 5.12486,
	6.47048 5.09961,
	6.48664 5.09456,
	6.5513 5.08142,
	6.56746 5.07839,
	6.57554 5.07637,
	6.6402 5.08951,
	6.65636 5.09355,
	6.6604 5.09456,
	6.66242 5.09456,
	6.66444 5.0986,
	6.66747 5.11476,
	6.66949 5.12284,
	6.66242 5.15517,
	6.66141 5.16325,
	6.64828 5.19558,
	6.64121 5.21174,
	6.63818 5.21982,
	6.62504 5.23599,
	6.60989 5.25215,
	6.60383 5.26023,
	6.59575 5.2673,
	6.57958 5.2764,
	6.5715 5.28044,
	6.53918 5.30367,
	6.50685 5.31681,
	6.49877 5.32085,
	6.46644 5.32287,
	6.45028 5.32186,
	6.43411 5.31883,
	6.42603 5.31681,
	6.40987 5.30872,
	6.3937 5.29862,
	6.37754 5.29054,
	6.36946 5.28549,
	6.35531 5.26932,
	6.34622 5.25316,
	6.34218 5.24508,
	6.3341 5.21275,
	6.33208 5.20467,
	6.33208 5.20265,
	"/>
<Contour name="d24sph04" hidden="false" closed="true" simplified="true" border="1 0 0" fill="1 0 0" mode="11"
 points="6.33208 5.19962,
	6.33612 5.16729,
	6.33713 5.15921,
	6.35228 5.14608,
	6.36037 5.14103,
	6.42502 5.11375,
	6.44118 5.10668,
	6.50584 5.08748,
	6.53817 5.08041,
	6.57049 5.07839,
	6.58666 5.07738,
	6.59474 5.07637,
	6.6109 5.0794,
	6.64323 5.08849,
	6.65131 5.09052,
	6.66444 5.10567,
	6.66747 5.10971,
	6.66848 5.11375,
	6.66444 5.14608,
	6.66343 5.16224,
	6.66141 5.17032,
	6.64626 5.20265,
	6.63818 5.21881,
	6.63313 5.2269,
	6.61898 5.24306,
	6.6109 5.25114,
	6.60484 5.25922,
	6.59676 5.26629,
	6.56443 5.28549,
	6.54827 5.29761,
	6.5321 5.3067,
	6.49978 5.31984,
	6.48361 5.32186,
	6.46745 5.32186,
	6.45937 5.32287,
	6.4432 5.32085,
	6.43512 5.31984,
	6.41896 5.31377,
	6.4028 5.30367,
	6.37047 5.2865,
	6.35633 5.27034,
	6.34723 5.25417,
	6.34319 5.24609,
	6.3341 5.21376,
	6.33208 5.20568,
	6.33208 5.20164,
	6.33208 5.20063,
	"/>
</Transform>

<Transform dim="0"
 xcoef=" 0 1 0 0 0 0"
 ycoef=" 0 0 1 0 0 0">
<Contour name="d17sp04" hidden="false" closed="true" simplified="true" border="1 0 0" fill="1 0 0" mode="11"
 points="3.14071 8.56054,
	3.1169 8.53373,
	3.0975 8.50579,
	3.0795 8.47706,
	3.0673 8.44776,
	3.049 8.38826,
	3.02953 8.32777,
	3.0083 8.26676,
	3.00246 8.25149,
	2.99992 8.24388,
	2.99604 8.23617,
	2.97601 8.20489,
	2.9665 8.18939,
	2.92121 8.1523,
	2.9155 8.14747,
	2.86957 8.12744,
	2.84613 8.1177,
	2.79839 8.09545,
	2.77347 8.08483,
	2.74813 8.07218,
	2.72255 8.05325,
	2.70059 8.0275,
	2.67493 8.00596,
	2.64949 7.98746,
	2.6368 7.97847,
	2.63044 7.97347,
	2.58047 7.95049,
	2.56802 7.94539,
	2.54329 7.93768,
	2.53088 7.93235,
	2.52468 7.92967,
	2.50023 7.92521,
	2.48825 7.92789,
	2.46421 7.92869,
	2.45218 7.92682,
	2.4281 7.91873,
	2.40434 7.91349,
	2.39243 7.90922,
	2.38046 7.90329,
	2.36827 7.89407,
	2.34369 7.87348,
	2.33139 7.8638,
	2.3253 7.85982,
	2.30143 7.84979,
	2.2777 7.84145,
	2.26587 7.83769,
	2.21937 7.83232,
	2.17224 7.82228,
	2.16034 7.81905,
	2.13622 7.80913,
	2.12406 7.80325,
	2.02747 7.77282,
	1.97849 7.76072,
	1.95364 7.75404,
	1.92853 7.74595,
	1.91585 7.73994,
	1.89108 7.71832,
	1.88304 7.70449,
	1.87828 7.69757,
	1.87266 7.68393,
	1.87226 7.63024,
	1.8715 7.61682,
	1.87151 7.61012,
	1.87152 7.60676,
	1.87152 7.60593,
	1.87152 7.60508,
	1.87776 7.57842,
	1.88471 7.56517,
	1.88932 7.55857,
	1.89544 7.55285,
	1.94356 7.53847,
	1.96722 7.53275,
	1.97896 7.52994,
	1.98479 7.52853,
	1.99653 7.51885,
	2.01435 7.49204,
	2.01881 7.48616,
	2.04195 7.47256,
	2.06503 7.46092,
	2.08825 7.44478,
	2.13474 7.41762,
	2.15827 7.40306,
	2.17025 7.39264,
	2.17623 7.38831,
	2.19975 7.37889,
	2.24633 7.37567,
	2.29388 7.36015,
	2.31788 7.34657,
	2.34173 7.33246,
	2.35361 7.32665,
	2.36547 7.32252,
	2.41298 7.31673,
	2.43692 7.31832,
	2.4611 7.31386,
	2.46263 7.31299,
	2.46859 7.31968,
	2.47082 7.32304,
	2.47073 7.32981,
	2.46914 7.33661,
	2.45906 7.36381,
	2.45661 7.39096,
	2.45569 7.4181,
	2.45611 7.47216,
	2.45682 7.47886,
	2.46492 7.50551,
	2.48558 7.55814,
	2.49816 7.58416,
	2.51372 7.61,
	2.52405 7.62286,
	2.52848 7.62929,
	2.54019 7.64053,
	2.56336 7.65905,
	2.5749 7.66794,
	2.59773 7.68172,
	2.60919 7.68904,
	2.63197 7.70042,
	2.64357 7.70772,
	2.69195 7.74557,
	2.71693 7.76482,
	2.72969 7.77524,
	2.74287 7.7881,
	2.74916 7.79208,
	2.75238 7.79449,
	2.76414 7.79592,
	2.77558 7.79493,
	2.78739 7.79636,
	2.8117 7.80331,
	2.81775 7.80485,
	2.82078 7.80562,
	2.82735 7.81041,
	2.83297 7.82337,
	2.83543 7.82988,
	2.84009 7.83636,
	2.84352 7.83959,
	2.8564 7.84682,
	2.86959 7.85573,
	2.88121 7.86885,
	2.88665 7.87545,
	2.89456 7.88871,
	2.89925 7.89539,
	2.90118 7.89876,
	2.92701 7.924,
	2.93983 7.93771,
	2.95936 7.96677,
	2.97596 7.99585,
	2.99048 8.02475,
	3.0031 8.05333,
	3.01132 8.08119,
	3.03904 8.1991,
	3.04253 8.21394,
	3.05402 8.24399,
	3.05593 8.25144,
	3.06331 8.26657,
	3.0674 8.27414,
	3.07902 8.2876,
	3.08514 8.29338,
	3.10891 8.30698,
	3.13214 8.31372,
	3.15517 8.31731,
	3.16661 8.31806,
	3.17784 8.31606,
	3.18896 8.31219,
	3.2 8.30653,
	3.21126 8.30263,
	3.21409 8.30165,
	3.21705 8.30242,
	3.20801 8.3169,
	3.19721 8.32532,
	3.17649 8.34839,
	3.16634 8.36039,
	3.15794 8.37502,
	3.14825 8.38965,
	3.14585 8.39332,
	3.13583 8.42226,
	3.13024 8.45104,
	3.1292 8.46536,
	3.1312 8.4938,
	3.1328 8.50795,
	3.13776 8.53604,
	3.13977 8.55004,
	3.14105 8.55698,
	"/>
</Transform>

<Transform dim="0"
 xcoef=" 0 1 0 0 0 0"
 ycoef=" 0 0 1 0 0 0">
<Contour name="d17sp03" hidden="false" closed="true" simplified="true" border="1 1 0.501961" fill="1 1 0.501961" mode="-9"
 points="4.54429 8.15936,
	4.52617 8.15383,
	4.52391 8.15305,
	4.50652 8.1346,
	4.49965 8.12341,
	4.49156 8.11286,
	4.48706 8.10993,
	4.47778 8.10881,
	4.4683 8.11042,
	4.45865 8.11471,
	4.44912 8.11698,
	4.43025 8.11747,
	4.42096 8.11501,
	4.38384 8.1013,
	4.38155 8.09986,
	4.34325 8.09581,
	4.32386 8.0932,
	4.31895 8.09306,
	4.29962 8.08586,
	4.28988 8.08229,
	4.27055 8.07119,
	4.2657 8.06843,
	4.24646 8.05343,
	4.22804 8.0323,
	4.2111 8.01225,
	4.19616 7.99229,
	4.18841 7.98235,
	4.18487 7.97739,
	4.17525 7.95762,
	4.1708 7.94777,
	4.16456 7.92813,
	4.15974 7.90859,
	4.15802 7.89886,
	4.15718 7.89402,
	4.15922 7.85545,
	4.15976 7.85067,
	4.15991 7.84947,
	4.15997 7.84887,
	4.16803 7.8109,
	4.17 7.80148,
	4.17864 7.78278,
	4.18876 7.76421,
	4.19484 7.75498,
	4.19821 7.75039,
	4.19991 7.74809,
	4.2117 7.74077,
	4.21763 7.73681,
	4.22336 7.73402,
	4.24551 7.72684,
	4.25106 7.72457,
	4.293 7.71763,
	4.31327 7.71496,
	4.32326 7.71354,
	4.34324 7.70873,
	4.3826 7.69483,
	4.42082 7.67812,
	4.45776 7.66196,
	4.47554 7.65712,
	4.49256 7.65778,
	4.49673 7.65858,
	4.51271 7.66732,
	4.52746 7.68179,
	4.53698 7.70054,
	4.54123 7.71007,
	4.54772 7.72945,
	4.55282 7.74923,
	4.55926 7.76927,
	4.56286 7.77942,
	4.56433 7.78972,
	4.56563 7.79487,
	4.56603 7.81578,
	4.56296 7.90052,
	4.56318 7.91112,
	4.563 7.91641,
	4.56517 7.93755,
	4.56852 7.95866,
	4.57926 8.0007,
	4.58237 8.01118,
	4.59792 8.05486,
	4.60356 8.06599,
	4.60572 8.07703,
	4.6071 8.08256,
	4.60696 8.09355,
	4.60678 8.09629,
	4.60205 8.10718,
	4.595 8.11801,
	4.57575 8.13869,
	4.56582 8.1486,
	4.55609 8.15574,
	4.54664 8.15878,
	"/>
</Transform>

<Transform dim="0"
 xcoef=" 0 1 0 0 0 0"
 ycoef=" 0 0 1 0 0 0">
<Contour name="d17p04" hidden="false" closed="true" simplified="true" border="1 0 0" fill="1 0 0" mode="11"
 points="2.88015 8.04956,
	2.8542 7.99903,
	2.89998 7.99961,
	"/>
</Transform>

<Transform dim="0"
 xcoef=" 0 1 0 0 0 0"
 ycoef=" 0 0 1 0 0 0">
<Contour name="d17serb03" hidden="false" closed="true" simplified="true" border="1 0 0" fill="1 0 0" mode="11"
 points="4.15128 8.36532,
	4.15244 8.35753,
	4.14509 8.35757,
	4.14624 8.34981,
	4.15359 8.34976,
	4.15472 8.34199,
	4.16208 8.34195,
	4.16094 8.34972,
	4.16832 8.34969,
	4.16716 8.35747,
	4.1598 8.3575,
	4.15864 8.36528,
	"/>
</Transform>

<Transform dim="0"
 xcoef=" 0 1 0 0 0 0"
 ycoef=" 0 0 1 0 0 0">
<Contour name="d17sph03" hidden="false" closed="true" simplified="true" border="0 0 1" fill="0 0 1" mode="-9"
 points="4.54429 8.15936,
	4.52617 8.15383,
	4.52391 8.15305,
	4.50652 8.1346,
	4.49965 8.12341,
	4.49156 8.11286,
	4.48706 8.10993,
	4.47778 8.10881,
	4.4683 8.11042,
	4.45865 8.11471,
	4.44912 8.11698,
	4.43025 8.11747,
	4.42096 8.11501,
	4.38384 8.1013,
	4.38155 8.09986,
	4.34325 8.09581,
	4.32386 8.0932,
	4.31895 8.09306,
	4.29962 8.08586,
	4.28988 8.08229,
	4.27055 8.07119,
	4.2657 8.06843,
	4.24646 8.05343,
	4.22804 8.0323,
	4.2111 8.01225,
	4.19616 7.99229,
	4.18841 7.98235,
	4.18487 7.97739,
	4.17525 7.95762,
	4.1708 7.94777,
	4.16456 7.92813,
	4.15974 7.90859,
	4.15802 7.89886,
	4.15718 7.89402,
	4.15922 7.85545,
	4.15976 7.85067,
	4.15991 7.84947,
	4.15997 7.84887,
	4.16803 7.8109,
	4.17 7.80148,
	4.17864 7.78278,
	4.18876 7.76421,
	4.19484 7.75498,
	4.19821 7.75039,
	4.19991 7.74809,
	4.2117 7.74077,
	4.21763 7.73681,
	4.22336 7.73402,
	4.24551 7.72684,
	4.25106 7.72457,
	4.293 7.71763,
	4.31327 7.71496,
	4.32326 7.71354,
	4.34324 7.70873,
	4.3826 7.69483,
	4.42082 7.67812,
	4.45776 7.66196,
	4.47554 7.65712,
	4.49256 7.65778,
	4.49673 7.65858,
	4.51271 7.66732,
	4.52746 7.68179,
	4.53698 7.70054,
	4.54123 7.71007,
	4.54772 7.72945,
	4.55282 7.74923,
	4.55926 7.76927,
	4.56286 7.77942,
	4.56433 7.78972,
	4.56563 7.79487,
	4.56603 7.81578,
	4.56296 7.90052,
	4.56318 7.91112,
	4.563 7.91641,
	4.56517 7.93755,
	4.56852 7.95866,
	4.57926 8.0007,
	4.58237 8.01118,
	4.59792 8.05486,
	4.60356 8.06599,
	4.60572 8.07703,
	4.6071 8.08256,
	4.60696 8.09355,
	4.60678 8.09629,
	4.60205 8.10718,
	4.595 8.11801,
	4.57575 8.13869,
	4.56582 8.1486,
	4.55609 8.15574,
	4.54664 8.15878,
	"/>
</Transform>

<Transform dim="0"
 xcoef=" 0 1 0 0 0 0"
 ycoef=" 0 0 1 0 0 0">
<Contour name="d17serb04" hidden="false" closed="true" simplified="true" border="1 0 0" fill="1 0 0" mode="11"
 points="3.20283 8.53654,
	3.20218 8.52582,
	3.19405 8.52663,
	3.19328 8.51589,
	3.20146 8.5151,
	3.2007 8.50434,
	3.20894 8.50353,
	3.20964 8.51427,
	3.2178 8.51339,
	3.2184 8.52408,
	3.21029 8.52497,
	3.21089 8.53567,
	"/>
</Transform>

<Transform dim="0"
 xcoef=" 0 1 0 0 0 0"
 ycoef=" 0 0 1 0 0 0">
<Contour name="d17sph04b" hidden="false" closed="true" simplified="true" border="1 0 0" fill="1 0 0" mode="11"
 points="2.53158 7.93163,
	2.52802 7.93112,
	2.52443 7.92957,
	2.51022 7.92699,
	2.50313 7.92595,
	2.4996 7.92543,
	2.49264 7.92699,
	2.48918 7.92802,
	2.47521 7.9285,
	2.46127 7.9279,
	2.45431 7.92733,
	2.42636 7.91846,
	2.41256 7.91541,
	2.40568 7.9139,
	2.39189 7.90944,
	2.37791 7.90109,
	2.37088 7.89623,
	2.34234 7.87232,
	2.32811 7.86158,
	2.32456 7.85928,
	2.2969 7.84813,
	2.26941 7.83893,
	2.26594 7.8376,
	2.23899 7.83453,
	2.22548 7.83295,
	2.21872 7.83213,
	2.19141 7.8264,
	2.17774 7.82367,
	2.16394 7.81994,
	2.13599 7.80892,
	2.12894 7.80552,
	2.12539 7.80357,
	2.06959 7.78635,
	2.04147 7.77753,
	2.02733 7.77305,
	1.97037 7.75857,
	1.95594 7.75471,
	1.92678 7.74483,
	1.91942 7.74134,
	1.91574 7.73985,
	1.90083 7.72704,
	1.89347 7.72032,
	1.89024 7.71675,
	1.88047 7.7007,
	1.87771 7.6967,
	1.87445 7.68877,
	1.87305 7.68482,
	1.87174 7.6225,
	1.87132 7.60693,
	1.87132 7.60546,
	1.87133 7.60498,
	1.87494 7.58951,
	1.87675 7.58177,
	1.8799 7.57407,
	1.88394 7.56637,
	1.88929 7.55872,
	1.89638 7.55257,
	1.95212 7.53643,
	1.97944 7.52985,
	1.98622 7.52773,
	1.99304 7.52161,
	1.99644 7.5188,
	2.00677 7.50327,
	2.01796 7.4877,
	2.01926 7.48574,
	2.0461 7.47043,
	2.05951 7.46362,
	2.07295 7.45528,
	2.08642 7.44591,
	2.14041 7.41435,
	2.15409 7.4054,
	2.16095 7.40091,
	2.17487 7.38931,
	2.1783 7.38732,
	2.19195 7.38186,
	2.19877 7.37937,
	2.22576 7.37708,
	2.2393 7.37611,
	2.24609 7.37561,
	2.27366 7.36669,
	2.28746 7.36239,
	2.29437 7.36022,
	2.3222 7.34417,
	2.33605 7.33598,
	2.34985 7.32877,
	2.35331 7.32683,
	2.36019 7.32443,
	2.36363 7.32299,
	2.39112 7.3197,
	2.40494 7.31774,
	2.41186 7.31676,
	2.42573 7.31769,
	2.43269 7.31765,
	2.43617 7.31811,
	2.45019 7.31605,
	2.45721 7.31449,
	2.46073 7.31396,
	2.4625 7.31297,
	2.46898 7.32074,
	2.47026 7.32269,
	2.47061 7.33054,
	2.4656 7.34632,
	2.45934 7.36211,
	2.45747 7.37786,
	2.45595 7.40936,
	2.456 7.47213,
	2.45727 7.47992,
	2.46196 7.4954,
	2.46409 7.50311,
	2.48852 7.56417,
	2.49582 7.57927,
	2.49969 7.58679,
	2.50871 7.60179,
	2.51345 7.60928,
	2.51901 7.61675,
	2.52242 7.62049,
	2.52757 7.62794,
	2.54074 7.641,
	2.56763 7.66249,
	2.57432 7.66766,
	2.60082 7.68366,
	2.60747 7.6879,
	2.6207 7.69498,
	2.62193 7.69545,
	2.62143 7.69966,
	2.62077 7.70152,
	2.62153 7.71648,
	2.62215 7.72398,
	2.62288 7.72774,
	2.62442 7.73151,
	2.62517 7.73527,
	2.62602 7.73574,
	2.62619 7.73763,
	2.62776 7.7414,
	2.62969 7.74897,
	2.63121 7.76415,
	2.6312 7.76797,
	2.6314 7.76988,
	2.63078 7.77179,
	2.63076 7.77562,
	2.63015 7.77754,
	2.63035 7.77946,
	2.62953 7.78331,
	2.62931 7.78523,
	2.62855 7.78571,
	2.62854 7.78958,
	2.62782 7.79055,
	2.62803 7.79248,
	2.62719 7.79636,
	2.62729 7.79732,
	2.62657 7.7983,
	2.62405 7.81393,
	2.62235 7.8218,
	2.62246 7.8228,
	2.6214 7.82476,
	2.62119 7.82674,
	2.62045 7.82774,
	2.61865 7.83536,
	2.61778 7.83951,
	2.61669 7.84163,
	2.61579 7.8458,
	2.61228 7.85424,
	2.61236 7.85528,
	2.61156 7.85584,
	2.61131 7.85793,
	2.61054 7.85899,
	2.61063 7.86004,
	2.60841 7.86431,
	2.6073 7.86643,
	2.60738 7.86747,
	2.60506 7.87071,
	2.60394 7.87286,
	2.60401 7.87389,
	2.60168 7.87714,
	2.60139 7.87925,
	2.59283 7.89326,
	2.58758 7.89978,
	2.58634 7.90089,
	2.58641 7.90193,
	2.58553 7.90196,
	2.58354 7.9052,
	2.58064 7.90793,
	2.57891 7.90852,
	2.57769 7.91014,
	2.57682 7.91016,
	2.57389 7.91289,
	2.56012 7.91905,
	2.55842 7.92013,
	2.55666 7.92017,
	2.54976 7.92348,
	2.54625 7.92405,
	2.53931 7.92679,
	2.5363 7.92842,
	2.5346 7.93001,
	2.53286 7.93055,
	2.53246 7.93162,
	"/>
</Transform>

<Transform dim="0"
 xcoef=" 0 1 0 0 0 0"
 ycoef=" 0 0 1 0 0 0">
<Contour name="DCH_d17a03" comment="DHanka_Fall2015_traced" hidden="false" closed="true" simplified="true" border="0.501961 1 0.501961" fill="0.501961 1 0.501961" mode="-9"
 points="4.53722 8.16458,
	4.54632 8.15245,
	4.55845 8.14941,
	4.56452 8.14941,
	4.58878 8.12515,
	4.59788 8.10089,
	4.60092 8.07662,
	4.56149 7.97957,
	4.55239 7.93104,
	4.54936 7.88252,
	4.55239 7.85825,
	4.56149 7.83399,
	4.57665 7.80973,
	4.60092 7.7976,
	4.61305 7.79153,
	4.66157 7.79153,
	4.75863 7.78243,
	4.80715 7.77637,
	4.85568 7.78546,
	4.90421 7.7885,
	5.00126 7.78243,
	5.09831 7.7612,
	5.12257 7.75513,
	5.1711 7.73087,
	5.19536 7.70964,
	5.2075 7.69751,
	5.25602 7.67628,
	5.35308 7.66718,
	5.37734 7.67325,
	5.42586 7.69751,
	5.438 7.70661,
	5.43496 7.80366,
	5.43496 7.81579,
	5.4107 7.83702,
	5.38644 7.85219,
	5.33791 7.85522,
	5.28938 7.87342,
	5.24086 7.87948,
	5.19233 7.89162,
	5.16807 7.89768,
	5.07405 7.98564,
	5.03765 8.03416,
	4.98913 8.07966,
	4.9406 8.10998,
	4.84355 8.14335,
	4.74649 8.16154,
	4.72223 8.17064,
	4.71617 8.17368,
	4.7101 8.17064,
	4.70707 8.15851,
	4.6828 8.16154,
	4.63428 8.17974,
	4.61001 8.17974,
	4.58575 8.17368,
	4.56149 8.17368,
	4.54936 8.17368,
	4.54026 8.16761,
	"/>
</Transform>

<Transform dim="1"
 xcoef=" -0.01 1 0 0 0 0"
 ycoef=" -0.01 0 1 0 0 0">
<Contour name="d05sp06" hidden="false" closed="true" simplified="true" border="1 0 0" fill="1 0 0" mode="11"
 points="10.1003 9.65259,
	10.0883 9.64535,
	10.0809 9.63166,
	10.0564 9.61662,
	10.0312 9.60834,
	10.0188 9.60676,
	10.0081 9.60848,
	9.96782 9.62404,
	9.95567 9.62952,
	9.95027 9.63112,
	9.94617 9.63298,
	9.93997 9.63485,
	9.88735 9.62618,
	9.87411 9.62443,
	9.87229 9.62266,
	9.92103 9.59186,
	9.92711 9.5882,
	9.97266 9.53471,
	9.99517 9.50902,
	10.0187 9.49415,
	10.0306 9.486,
	10.054 9.46483,
	10.0969 9.41231,
	10.12 9.38568,
	10.1371 9.3583,
	10.161 9.33069,
	10.1786 9.30234,
	10.1885 9.27329,
	10.2152 9.21369,
	10.2203 9.19833,
	10.2223 9.18279,
	10.2476 9.11781,
	10.2639 9.04795,
	10.2834 8.97176,
	10.2858 8.95299,
	10.3336 8.90901,
	10.3577 8.88517,
	10.3701 8.87585,
	10.383 8.87301,
	10.4885 8.86484,
	10.5153 8.87009,
	10.5424 8.87954,
	10.5559 8.88527,
	10.5627 8.88709,
	10.5901 8.91297,
	10.6035 8.94443,
	10.6266 8.9745,
	10.6399 8.98939,
	10.6935 9.03492,
	10.7208 9.06205,
	10.7295 9.09152,
	10.7348 9.12081,
	10.7218 9.17938,
	10.7139 9.20837,
	10.7124 9.21557,
	10.6858 9.24138,
	10.6328 9.28485,
	10.6062 9.30491,
	10.5893 9.33568,
	10.582 9.35117,
	10.5416 9.41623,
	10.5317 9.43277,
	10.502 9.49739,
	10.4833 9.52945,
	10.4725 9.56015,
	10.4493 9.58744,
	10.4234 9.60506,
	10.4106 9.61455,
	10.3581 9.63542,
	10.3046 9.63632,
	10.2006 9.64623,
	10.175 9.64945,
	10.1489 9.6464,
	10.1458 9.64667,
	10.1407 9.64233,
	10.1356 9.64799,
	10.1288 9.64819,
	10.1256 9.65179,
	"/>
</Transform>

<Transform dim="0"
 xcoef=" 0 1 0 0 0 0"
 ycoef=" 0 0 1 0 0 0">
<Contour name="d19sp03" hidden="false" closed="true" simplified="true" border="1 0 0" fill="1 0 0" mode="11"
 points="4.83929 11.6265,
	4.85112 11.6191,
	4.85704 11.6132,
	4.88071 11.5984,
	4.90438 11.591,
	4.95171 11.5836,
	4.97538 11.5777,
	4.98721 11.5733,
	4.99905 11.5659,
	5.01088 11.5615,
	5.05822 11.557,
	5.08189 11.5555,
	5.12922 11.5422,
	5.17656 11.5319,
	5.1884 11.5334,
	5.19135 11.5334,
	5.20023 11.5363,
	5.2239 11.5452,
	5.27123 11.5496,
	5.27419 11.5496,
	5.27715 11.5526,
	5.30082 11.5541,
	5.30526 11.5555,
	5.31413 11.5585,
	5.33632 11.5822,
	5.35555 11.6058,
	5.36591 11.6177,
	5.37626 11.6413,
	5.38218 11.665,
	5.39106 11.6887,
	5.39549 11.7005,
	5.39845 11.7064,
	5.39549 11.7123,
	5.40437 11.736,
	5.40881 11.7597,
	5.41324 11.8544,
	5.41177 11.878,
	5.39401 11.9254,
	5.37478 11.949,
	5.35999 11.9727,
	5.35407 11.9845,
	5.35112 11.9904,
	5.34076 11.9786,
	5.33336 11.9668,
	5.31118 11.9431,
	5.29934 11.9313,
	5.26532 11.8839,
	5.25792 11.8721,
	5.23721 11.8484,
	5.21354 11.8292,
	5.20171 11.8189,
	5.18988 11.8115,
	5.18396 11.8055,
	5.13662 11.7774,
	5.08928 11.7538,
	5.04195 11.7331,
	5.03011 11.7257,
	4.98426 11.7035,
	4.96059 11.6946,
	4.91325 11.6724,
	4.88958 11.662,
	4.86591 11.6487,
	4.85408 11.6413,
	4.84225 11.631,
	4.83929 11.628,
	"/>
</Transform>

<Transform dim="0"
 xcoef=" 0 1 0 0 0 0"
 ycoef=" 0 0 1 0 0 0">
<Contour name="d19sp03" hidden="false" closed="true" simplified="true" border="1 0 0" fill="1 0 0" mode="11"
 points="5.03425 10.7904,
	5.0652 10.7636,
	5.06108 10.7553,
	5.06314 10.747,
	5.08997 10.714,
	5.10855 10.681,
	5.11474 10.6727,
	5.14776 10.6583,
	5.15602 10.6645,
	5.16221 10.681,
	5.16015 10.6893,
	5.16427 10.7058,
	5.18698 10.7388,
	5.19523 10.7553,
	5.1973 10.7883,
	5.19936 10.8048,
	5.19523 10.8379,
	5.19523 10.8461,
	5.19317 10.8585,
	5.18285 10.8915,
	5.18079 10.908,
	5.18491 10.9411,
	5.19317 10.9576,
	5.19317 10.9617,
	5.23032 11.0277,
	5.23858 11.0442,
	5.25509 11.0608,
	5.26334 11.069,
	5.29637 11.0876,
	5.32939 11.102,
	5.3459 11.102,
	5.35209 11.1041,
	5.36241 11.1206,
	5.37686 11.1371,
	5.39337 11.1495,
	5.45942 11.1784,
	5.46767 11.1825,
	5.5007 11.1867,
	5.56674 11.1846,
	5.59976 11.1784,
	5.66581 11.1743,
	5.69883 11.1681,
	5.73186 11.1578,
	5.74837 11.1495,
	5.78139 11.1227,
	5.81441 11.0917,
	5.83093 11.0773,
	5.83918 11.069,
	5.85363 11.036,
	5.87014 10.9699,
	5.8722 10.9617,
	5.85982 10.8956,
	5.84537 10.8626,
	5.84331 10.8544,
	5.8268 10.8399,
	5.81029 10.8296,
	5.79378 10.8152,
	5.78346 10.7986,
	5.77726 10.7656,
	5.76488 10.7491,
	5.74837 10.7388,
	5.71535 10.7264,
	5.69883 10.7243,
	5.68232 10.7264,
	5.66581 10.7223,
	5.65756 10.7202,
	5.64104 10.7078,
	5.61834 10.6748,
	5.60802 10.6583,
	5.60389 10.65,
	5.60183 10.6335,
	5.59976 10.6253,
	5.60389 10.617,
	5.63692 10.6005,
	5.66994 10.5964,
	5.68645 10.5943,
	5.71947 10.6046,
	5.73598 10.6149,
	5.80203 10.6315,
	5.83505 10.6377,
	5.85157 10.6397,
	5.88459 10.6562,
	5.91761 10.6789,
	5.93412 10.6934,
	5.9527 10.7264,
	5.95889 10.7429,
	5.96921 10.809,
	5.97127 10.8255,
	5.98985 10.8585,
	6.02287 10.8853,
	6.03526 10.9018,
	6.05177 10.9349,
	6.07034 11.0009,
	6.05796 11.067,
	6.03113 11.133,
	6.00842 11.166,
	5.99811 11.1825,
	5.97953 11.2486,
	5.97127 11.2651,
	5.94651 11.2981,
	5.91761 11.3311,
	5.89904 11.3642,
	5.87014 11.3972,
	5.83712 11.424,
	5.80409 11.4447,
	5.77107 11.4694,
	5.75456 11.4839,
	5.73805 11.488,
	5.70503 11.4818,
	5.672 11.4694,
	5.65549 11.4653,
	5.63898 11.4694,
	5.60596 11.4653,
	5.53991 11.4405,
	5.50689 11.4323,
	5.44084 11.4219,
	5.3748 11.4034,
	5.34177 11.3765,
	5.32526 11.36,
	5.30875 11.3497,
	5.29224 11.3353,
	5.27985 11.3188,
	5.26747 11.2857,
	5.25302 11.2713,
	5.23651 11.2651,
	5.22826 11.261,
	5.22206 11.2527,
	5.21174 11.2197,
	5.20762 11.2032,
	5.20349 11.1949,
	5.20142 11.2032,
	5.20349 11.2114,
	5.20142 11.2135,
	5.15808 11.1474,
	5.14776 11.1309,
	5.11887 11.0979,
	5.10236 11.0649,
	5.08172 11.0319,
	5.06727 10.9988,
	5.06108 10.9823,
	5.05488 10.9493,
	5.0425 10.9163,
	5.0425 10.8833,
	5.04869 10.8502,
	5.03837 10.8172,
	5.03425 10.8007,
	5.03425 10.7924,
	"/>
</Transform>

<Transform dim="1"
 xcoef=" 0.03 1 0 0 0 0"
 ycoef=" 0 0 1 0 0 0">
<Contour name="d05sp07" hidden="false" closed="true" simplified="true" border="1 0 0" fill="1 0 0" mode="11"
 points="9.59037 10.949,
	9.59271 10.9302,
	9.60679 10.8951,
	9.61383 10.8763,
	9.62556 10.8575,
	9.6326 10.8411,
	9.6373 10.8364,
	9.64434 10.8176,
	9.65607 10.7988,
	9.66076 10.7801,
	9.68423 10.7425,
	9.70065 10.705,
	9.70769 10.6674,
	9.70065 10.6299,
	9.69831 10.5923,
	9.68892 10.5548,
	9.68423 10.5173,
	9.68188 10.4985,
	9.6678 10.4609,
	9.66311 10.4422,
	9.66311 10.4046,
	9.66546 10.3952,
	9.67954 10.3788,
	9.69831 10.3718,
	9.73585 10.3718,
	9.7734 10.3788,
	9.79217 10.3882,
	9.79686 10.3882,
	9.81564 10.4023,
	9.82267 10.421,
	9.82033 10.4586,
	9.81094 10.4961,
	9.79686 10.5337,
	9.78982 10.5712,
	9.79452 10.6463,
	9.79452 10.7214,
	9.79686 10.759,
	9.78748 10.7965,
	9.78278 10.8153,
	9.78044 10.82,
	9.78278 10.8247,
	9.77105 10.8622,
	9.76636 10.881,
	9.77574 10.8997,
	9.84849 10.9748,
	9.86726 10.9936,
	9.88369 11.0312,
	9.89073 11.0499,
	9.89542 11.0593,
	9.89542 11.0781,
	9.88369 11.0969,
	9.88134 11.0992,
	9.89073 11.118,
	9.91888 11.1555,
	9.91184 11.1931,
	9.90246 11.2001,
	9.89776 11.2048,
	9.86022 11.2024,
	9.84145 11.2001,
	9.76636 11.1602,
	9.74759 11.1508,
	9.74289 11.1461,
	9.74524 11.1438,
	9.70769 11.1156,
	9.6326 11.0499,
	9.61383 11.0335,
	9.60679 11.0241,
	9.59506 10.9866,
	9.59037 10.9514,
	"/>
</Transform>

<Transform dim="0"
 xcoef=" 0 1 0 0 0 0"
 ycoef=" 0 0 1 0 0 0">
<Contour name="dch_d05c01" hidden="false" closed="true" simplified="true" border="0 0 1" fill="0 0 1" mode="11"
 points="9.04048 11.5481,
	9.04331 11.5381,
	9.04645 11.5331,
	9.04802 11.5306,
	9.05775 11.5224,
	9.09793 11.4919,
	9.10295 11.4888,
	9.10547 11.4879,
	9.12556 11.485,
	9.1356 11.4835,
	9.13686 11.4828,
	9.15695 11.4665,
	9.16197 11.4631,
	9.18206 11.4565,
	9.18709 11.4549,
	9.20718 11.4511,
	9.20969 11.4505,
	9.21974 11.4536,
	9.22476 11.4552,
	9.22727 11.4555,
	9.23229 11.459,
	9.24234 11.4668,
	9.24297 11.4681,
	9.24485 11.4781,
	9.24579 11.4832,
	9.24611 11.4882,
	9.24579 11.4932,
	9.24485 11.4982,
	9.24454 11.5007,
	9.24046 11.5108,
	9.23449 11.5208,
	9.23104 11.5258,
	9.22131 11.534,
	9.21126 11.5406,
	9.20121 11.5459,
	9.19117 11.55,
	9.18615 11.5522,
	9.16605 11.5588,
	9.12587 11.5648,
	9.10578 11.567,
	9.08569 11.5679,
	9.07564 11.5679,
	9.07062 11.5679,
	9.06057 11.5663,
	9.05555 11.5654,
	9.05304 11.5651,
	9.04802 11.5626,
	9.04299 11.5594,
	9.04174 11.5588,
	9.04111 11.5582,
	9.04048 11.5532,
	9.04048 11.5484,
	"/>
</Transform>

<Transform dim="0"
 xcoef=" 0 1 0 0 0 0"
 ycoef=" 0 0 1 0 0 0">
<Contour name="dch_d05c03" hidden="false" closed="true" simplified="true" border="0 0 1" fill="0 0 1" mode="11"
 points="8.02261 10.5933,
	8.02699 10.5836,
	8.0291 10.5788,
	8.0303 10.5764,
	8.03739 10.5667,
	8.052 10.5475,
	8.05939 10.5378,
	8.06301 10.533,
	8.06497 10.5306,
	8.06979 10.5258,
	8.07944 10.517,
	8.08426 10.5138,
	8.08908 10.511,
	8.0939 10.5087,
	8.09632 10.5075,
	8.10114 10.5057,
	8.10355 10.5048,
	8.10476 10.5044,
	8.10958 10.5045,
	8.11079 10.5045,
	8.11199 10.5051,
	8.11259 10.5053,
	8.11485 10.5075,
	8.11591 10.5087,
	8.11727 10.5111,
	8.11953 10.516,
	8.12013 10.5172,
	8.12043 10.5184,
	8.12239 10.5377,
	8.12224 10.5473,
	8.12224 10.5521,
	8.12013 10.5618,
	8.11968 10.5642,
	8.11938 10.5654,
	8.11485 10.575,
	8.11365 10.5775,
	8.11305 10.5787,
	8.11214 10.5799,
	8.10325 10.5895,
	8.0936 10.5964,
	8.08878 10.599,
	8.07913 10.6034,
	8.07793 10.604,
	8.06828 10.6061,
	8.06346 10.6071,
	8.05381 10.6079,
	8.05261 10.608,
	8.04296 10.6067,
	8.04055 10.6064,
	8.0309 10.6029,
	8.02849 10.6022,
	8.02729 10.6017,
	8.02488 10.5998,
	8.02427 10.5993,
	8.02307 10.5969,
	8.02277 10.5957,
	8.02261 10.5934,
	"/>
</Transform>

<Transform dim="0"
 xcoef=" 0 1 0 0 0 0"
 ycoef=" 0 0 1 0 0 0">
<Contour name="dch_d05c05" hidden="false" closed="true" simplified="true" border="0 0 1" fill="0 0 1" mode="11"
 points="8.47928 9.69893,
	8.48 9.69314,
	8.48 9.69169,
	8.48 9.69097,
	8.48579 9.68807,
	8.48724 9.68735,
	8.49883 9.68952,
	8.51041 9.69567,
	8.522 9.70255,
	8.53358 9.71015,
	8.54444 9.72174,
	8.54698 9.72463,
	8.55494 9.73622,
	8.55856 9.74201,
	8.56399 9.7536,
	8.56689 9.75939,
	8.57087 9.77097,
	8.57304 9.77676,
	8.57594 9.78835,
	8.57739 9.79414,
	8.57775 9.79704,
	8.57666 9.80862,
	8.57485 9.82021,
	8.57232 9.83179,
	8.57087 9.83758,
	8.56616 9.84338,
	8.56399 9.84627,
	8.56291 9.84772,
	8.56218 9.84845,
	8.55639 9.84808,
	8.55349 9.84808,
	8.55204 9.84808,
	8.54046 9.84265,
	8.53467 9.84012,
	8.53322 9.83939,
	8.52381 9.82781,
	8.52127 9.82491,
	8.51114 9.80174,
	8.50172 9.77858,
	8.49919 9.77278,
	8.48435 9.72644,
	8.48254 9.72065,
	8.48073 9.70907,
	8.47964 9.70327,
	8.47928 9.70038,
	8.47928 9.69929,
	"/>
</Transform>

<Transform dim="0"
 xcoef=" 0 1 0 0 0 0"
 ycoef=" 0 0 1 0 0 0">
<Image mag="0.0022379" contrast="1.144" brightness="-0.15" red="true" green="true" blue="true"
 src="018____z17.0.tif" />
<Contour name="d05c15" hidden="false" closed="true" simplified="false" border="0 0 1" fill="0 0 1" mode="11"
 points="0 0,
	9356 0,
	9356 6733,
	0 6733,
	"/>
</Transform>

<Transform dim="0"
 xcoef=" 0 1 0 0 0 0"
 ycoef=" 0 0 1 0 0 0">
<Image mag="0.0022379" contrast="1.144" brightness="-0.15" red="true" green="true" blue="true"
 src="019____z18.0.tif" />
<Contour name="d05c15" hidden="false" closed="true" simplified="false" border="0 0 1" fill="0 0 1" mode="11"
 points="0 0,
	9356 0,
	9356 6733,
	0 6733,
	"/>
</Transform>

</Section>