<?xml version="1.0"?>
<!DOCTYPE Section SYSTEM "section.dtd">

<Section index="179" thickness="0.043" alignLocked="true">
<Transform dim="0"
 xcoef=" 0 1 0 0 0 0"
 ycoef=" 0 0 1 0 0 0">
<Contour name="D38" hidden="false" closed="true" simplified="true" border="1 0 0" fill="1 0 0" mode="11"
 points="15.8224 6.62997,
	15.7964 6.62452,
	15.7735 6.61006,
	15.7559 6.58802,
	15.7434 6.53054,
	15.7493 6.50071,
	15.763 6.47405,
	15.7829 6.4531,
	15.8069 6.43994,
	15.8326 6.43585,
	15.8576 6.4413,
	15.8796 6.45574,
	15.8966 6.47777,
	15.907 6.50517,
	15.9098 6.53525,
	15.9047 6.56507,
	15.8919 6.59174,
	15.8726 6.61269,
	15.8486 6.62587,
	"/>
</Transform>

<Transform dim="0"
 xcoef=" 0 1 0 0 0 0"
 ycoef=" 0 0 1 0 0 0">
<Contour name="D36" hidden="false" closed="true" simplified="true" border="0 0 1" fill="0 0 1" mode="11"
 points="19.8326 6.22438,
	19.8068 6.22196,
	19.7826 6.20931,
	19.7624 6.18766,
	19.7416 6.12562,
	19.7426 6.0909,
	19.7514 6.05804,
	19.7671 6.03034,
	19.7881 6.01064,
	19.8125 6.00105,
	19.8381 6.00268,
	19.8624 6.01543,
	19.8828 6.03805,
	19.8974 6.06821,
	19.9046 6.10281,
	19.9037 6.1383,
	19.8949 6.17108,
	19.879 6.19789,
	19.8575 6.21618,
	"/>
</Transform>

<Transform dim="0"
 xcoef=" 0 1 0 0 0 0"
 ycoef=" 0 0 1 0 0 0">
<Contour name="D43" hidden="false" closed="true" simplified="true" border="1 0 0" fill="1 0 0" mode="11"
 points="17.456 6.38089,
	17.426 6.3786,
	17.3984 6.36906,
	17.3763 6.35316,
	17.3558 6.30908,
	17.3595 6.28527,
	17.3722 6.26343,
	17.3927 6.24571,
	17.4192 6.23383,
	17.4489 6.22895,
	17.479 6.23148,
	17.5065 6.24118,
	17.5287 6.25701,
	17.5437 6.27746,
	17.5495 6.30058,
	17.5459 6.32413,
	17.533 6.34587,
	17.5122 6.36365,
	17.4858 6.37572,
	"/>
</Transform>

<Transform dim="0"
 xcoef=" 0 1 0 0 0 0"
 ycoef=" 0 0 1 0 0 0">
<Contour name="D40" hidden="false" closed="true" simplified="true" border="0 1 1" fill="0 1 1" mode="11"
 points="17.9183 5.52128,
	17.8886 5.51785,
	17.8614 5.50525,
	17.8393 5.4847,
	17.8185 5.42832,
	17.8217 5.39809,
	17.834 5.37045,
	17.854 5.34818,
	17.8798 5.33346,
	17.9092 5.32775,
	17.9391 5.33157,
	17.9665 5.34453,
	17.9888 5.36529,
	18.0038 5.39177,
	18.01 5.42138,
	18.0066 5.45125,
	17.9941 5.47851,
	17.9738 5.50057,
	17.9478 5.51531,
	"/>
</Transform>

<Transform dim="0"
 xcoef=" 0 1 0 0 0 0"
 ycoef=" 0 0 1 0 0 0">
<Contour name="D41" hidden="false" closed="true" simplified="true" border="1 0 0" fill="1 0 0" mode="11"
 points="15.2613 7.59451,
	15.2353 7.58839,
	15.2121 7.57363,
	15.1938 7.55178,
	15.1795 7.49625,
	15.1847 7.468,
	15.1977 7.44301,
	15.217 7.42363,
	15.2406 7.4117,
	15.2662 7.40848,
	15.2914 7.41431,
	15.3138 7.4287,
	15.3313 7.45021,
	15.3424 7.47674,
	15.3459 7.50568,
	15.3414 7.53422,
	15.3293 7.55959,
	15.3106 7.57929,
	15.2872 7.59135,
	"/>
</Transform>

<Transform dim="0"
 xcoef=" 0 1 0 0 0 0"
 ycoef=" 0 0 1 0 0 0">
<Contour name="D49" hidden="false" closed="true" simplified="true" border="0 1 0" fill="0 1 0" mode="11"
 points="18.3607 9.08213,
	18.3408 9.08068,
	18.3226 9.07401,
	18.3077 9.06267,
	18.2934 9.03098,
	18.2957 9.01361,
	18.3038 8.99746,
	18.3174 8.98403,
	18.3349 8.97466,
	18.3546 8.97028,
	18.3745 8.97136,
	18.3929 8.97786,
	18.4076 8.98917,
	18.4176 9.00418,
	18.4216 9.02139,
	18.4193 9.03906,
	18.411 9.05541,
	18.3976 9.06886,
	18.3802 9.07801,
	"/>
</Transform>

<Transform dim="0"
 xcoef=" 0 1 0 0 0 0"
 ycoef=" 0 0 1 0 0 0">
<Contour name="D26" hidden="false" closed="true" simplified="true" border="0 0 1" fill="0 0 1" mode="11"
 points="12.525 6.04264,
	12.4918 6.04182,
	12.4619 6.03316,
	12.438 6.01744,
	12.4164 5.97153,
	12.4207 5.94581,
	12.4346 5.92157,
	12.4572 5.90115,
	12.4863 5.88659,
	12.5193 5.87937,
	12.5527 5.88028,
	12.5832 5.88921,
	12.6078 5.90526,
	12.6239 5.92677,
	12.6301 5.95158,
	12.6256 5.97723,
	12.611 6.00125,
	12.5877 6.02132,
	12.5581 6.03557,
	"/>
</Transform>

<Transform dim="0"
 xcoef=" 0 1 0 0 0 0"
 ycoef=" 0 0 1 0 0 0">
<Contour name="D39" hidden="false" closed="true" simplified="true" border="0 1 0" fill="0 1 0" mode="11"
 points="17.4924 7.04439,
	17.4694 7.04079,
	17.4479 7.02785,
	17.4304 7.00682,
	17.4132 6.94923,
	17.4154 6.91828,
	17.4247 6.88991,
	17.4401 6.86692,
	17.4601 6.85158,
	17.4826 6.84542,
	17.5055 6.84903,
	17.5266 6.86207,
	17.5437 6.88327,
	17.5554 6.91049,
	17.5605 6.94108,
	17.5585 6.97203,
	17.5496 7.00029,
	17.5346 7.02313,
	17.5149 7.03832,
	"/>
</Transform>

<Transform dim="0"
 xcoef=" 0 1 0 0 0 0"
 ycoef=" 0 0 1 0 0 0">
<Contour name="D37" hidden="false" closed="true" simplified="true" border="1 0 1" fill="1 0 1" mode="11"
 points="15.6704 4.12636,
	15.6439 4.12264,
	15.6192 4.11191,
	15.5984 4.09522,
	15.5769 4.05095,
	15.5783 4.02775,
	15.5877 4.00692,
	15.6046 3.99054,
	15.6271 3.98019,
	15.653 3.97688,
	15.6799 3.98092,
	15.7048 3.99183,
	15.7256 4.0085,
	15.7399 4.02931,
	15.7466 4.05228,
	15.7449 4.07518,
	15.7353 4.09584,
	15.7184 4.11224,
	15.6961 4.12277,
	"/>
</Transform>

<Transform dim="0"
 xcoef=" 0 1 0 0 0 0"
 ycoef=" 0 0 1 0 0 0">
<Contour name="D50" hidden="false" closed="true" simplified="true" border="0 1 1" fill="0 1 1" mode="11"
 points="19.8148 11.0663,
	19.7951 11.064,
	19.7771 11.0544,
	19.7628 11.0381,
	19.75 10.9924,
	19.7528 10.9674,
	19.7617 10.9442,
	19.7757 10.9252,
	19.7935 10.9123,
	19.8132 10.9069,
	19.833 10.9094,
	19.8509 10.9197,
	19.8651 10.9365,
	19.8744 10.9582,
	19.8776 10.9826,
	19.8749 11.0073,
	19.8661 11.03,
	19.8521 11.0485,
	19.8345 11.0609,
	"/>
</Transform>

<Transform dim="0"
 xcoef=" 0 1 0 0 0 0"
 ycoef=" 0 0 1 0 0 0">
<Contour name="D21" hidden="false" closed="true" simplified="true" border="1 0 0" fill="1 0 0" mode="11"
 points="12.142 8.54076,
	12.1064 8.5361,
	12.074 8.51786,
	12.0483 8.48772,
	12.0261 8.40402,
	12.0318 8.35848,
	12.0482 8.31648,
	12.0734 8.28218,
	12.1051 8.25903,
	12.14 8.24931,
	12.1747 8.25405,
	12.2062 8.27279,
	12.2313 8.3037,
	12.2477 8.34366,
	12.2538 8.38858,
	12.2489 8.43397,
	12.2335 8.47539,
	12.2088 8.50892,
	12.1773 8.53141,
	"/>
</Transform>

<Transform dim="0"
 xcoef=" 0 1 0 0 0 0"
 ycoef=" 0 0 1 0 0 0">
<Contour name="D05" hidden="false" closed="true" simplified="true" border="1 1 0" fill="1 1 0" mode="11"
 points="5.75693 10.2671,
	5.72571 10.2623,
	5.69718 10.248,
	5.67413 10.2253,
	5.65287 10.1645,
	5.65678 10.1321,
	5.67023 10.1028,
	5.69189 10.0795,
	5.71962 10.0643,
	5.75069 10.0589,
	5.78204 10.0638,
	5.81056 10.0784,
	5.83343 10.1014,
	5.84844 10.1304,
	5.85419 10.1626,
	5.85015 10.1947,
	5.83675 10.2237,
	5.81527 10.2468,
	5.78778 10.2617,
	"/>
</Transform>

<Transform dim="0"
 xcoef=" 0 1 0 0 0 0"
 ycoef=" 0 0 1 0 0 0">
<Contour name="D30" hidden="false" closed="true" simplified="true" border="0 1 1" fill="0 1 1" mode="11"
 points="10.2527 3.9247,
	10.2223 3.92227,
	10.1934 3.91075,
	10.1689 3.89122,
	10.142 3.83662,
	10.1427 3.80698,
	10.153 3.77966,
	10.172 3.75737,
	10.1978 3.74225,
	10.2277 3.73571,
	10.2587 3.73837,
	10.2875 3.74993,
	10.3116 3.76925,
	10.3283 3.79446,
	10.3363 3.82313,
	10.3349 3.85253,
	10.3246 3.87979,
	10.3061 3.90232,
	10.2815 3.9178,
	"/>
</Transform>

<Transform dim="0"
 xcoef=" 0 1 0 0 0 0"
 ycoef=" 0 0 1 0 0 0">
<Contour name="D42" hidden="false" closed="true" simplified="true" border="0 0 1" fill="0 0 1" mode="11"
 points="18.3471 6.32505,
	18.3188 6.32245,
	18.2925 6.31139,
	18.271 6.29293,
	18.2495 6.24162,
	18.2516 6.21387,
	18.2622 6.18839,
	18.2802 6.16769,
	18.304 6.15378,
	18.3312 6.14801,
	18.3592 6.15092,
	18.3853 6.16219,
	18.407 6.1807,
	18.4221 6.20462,
	18.4291 6.23163,
	18.4274 6.25906,
	18.4169 6.28433,
	18.3987 6.30498,
	18.3746 6.31902,
	"/>
</Transform>

<Transform dim="0"
 xcoef=" 0 1 0 0 0 0"
 ycoef=" 0 0 1 0 0 0">
<Contour name="D55" hidden="false" closed="true" simplified="true" border="1 1 0" fill="1 1 0" mode="11"
 points="18.3946 10.586,
	18.3748 10.5829,
	18.3567 10.5733,
	18.3422 10.5582,
	18.3287 10.5178,
	18.3311 10.4965,
	18.3395 10.4773,
	18.3531 10.462,
	18.3706 10.4522,
	18.3903 10.4488,
	18.4103 10.4521,
	18.4284 10.4618,
	18.4431 10.4769,
	18.4527 10.4959,
	18.4566 10.517,
	18.454 10.5383,
	18.4455 10.5574,
	18.4317 10.5726,
	18.4143 10.5825,
	"/>
</Transform>

<Transform dim="0"
 xcoef=" 0 1 0 0 0 0"
 ycoef=" 0 0 1 0 0 0">
<Contour name="D56" hidden="false" closed="true" simplified="true" border="0 0 1" fill="0 0 1" mode="11"
 points="16.864 12.4038,
	16.8444 12.4,
	16.826 12.3876,
	16.8112 12.3679,
	16.7962 12.3143,
	16.7977 12.2859,
	16.8054 12.26,
	16.8181 12.2392,
	16.8351 12.2255,
	16.8542 12.2201,
	16.8739 12.2239,
	16.8921 12.2363,
	16.9071 12.2559,
	16.9174 12.2812,
	16.922 12.3094,
	16.9204 12.338,
	16.9128 12.364,
	16.8999 12.3848,
	16.8832 12.3986,
	"/>
</Transform>

<Transform dim="0"
 xcoef=" 0 1 0 0 0 0"
 ycoef=" 0 0 1 0 0 0">
<Contour name="d05sp22" hidden="false" closed="true" simplified="true" border="1 0 0" fill="1 0 0" mode="11"
 points="4.47611 10.0862,
	4.46805 10.0844,
	4.46398 10.0825,
	4.46198 10.0825,
	4.43293 10.0582,
	4.42768 10.0523,
	4.42033 10.0445,
	4.39903 10.0139,
	4.39894 10.0119,
	4.39686 10.01,
	4.39677 10.008,
	4.39143 10.0001,
	4.38827 9.99616,
	4.38818 9.99417,
	4.38507 9.99123,
	4.38498 9.98924,
	4.37334 9.97349,
	4.36179 9.95973,
	4.35452 9.95288,
	4.3421 9.94215,
	4.33682 9.93526,
	4.33349 9.92733,
	4.3318 9.91133,
	4.33146 9.90331,
	4.33128 9.89931,
	4.32501 9.89243,
	4.30963 9.88278,
	4.30244 9.87794,
	4.29416 9.87111,
	4.28895 9.86623,
	4.27731 9.85148,
	4.26362 9.83577,
	4.25199 9.82203,
	4.24577 9.81718,
	4.23512 9.80342,
	4.22774 9.7956,
	4.22764 9.7936,
	4.22455 9.79167,
	4.21386 9.77794,
	4.20306 9.7622,
	4.19765 9.75433,
	4.19423 9.74641,
	4.19213 9.74446,
	4.19202 9.74246,
	4.1856 9.73463,
	4.18549 9.73263,
	4.17367 9.71794,
	4.17145 9.71401,
	4.16934 9.71207,
	4.16923 9.71006,
	4.14639 9.67871,
	4.14098 9.67188,
	4.13402 9.65607,
	4.12904 9.64019,
	4.12204 9.62439,
	4.11201 9.60872,
	4.10009 9.59513,
	4.09682 9.59124,
	4.09368 9.58936,
	4.08821 9.58257,
	4.0743 9.57009,
	4.06124 9.55559,
	4.0548 9.54985,
	4.04721 9.54215,
	4.0417 9.53537,
	4.02555 9.52105,
	4.01713 9.51642,
	4.0108 9.51269,
	4.00864 9.51079,
	4.00662 9.51088,
	4.00446 9.50897,
	4.00244 9.50907,
	3.98838 9.49668,
	3.98506 9.49284,
	3.97985 9.47707,
	3.97933 9.47009,
	3.97926 9.4691,
	3.98169 9.46099,
	3.98341 9.4569,
	3.98723 9.45372,
	3.9891 9.45163,
	3.99306 9.45045,
	3.99392 9.4484,
	3.99594 9.44831,
	3.9978 9.44622,
	4.0137 9.44246,
	4.04574 9.43894,
	4.06172 9.43717,
	4.07806 9.44042,
	4.08622 9.44205,
	4.08938 9.44391,
	4.09338 9.44372,
	4.09553 9.44564,
	4.11106 9.45195,
	4.12701 9.4643,
	4.14103 9.47777,
	4.14118 9.47978,
	4.14775 9.48755,
	4.15966 9.50013,
	4.1628 9.50202,
	4.17377 9.51566,
	4.17918 9.52148,
	4.18473 9.52932,
	4.187 9.53327,
	4.18914 9.5352,
	4.19269 9.54312,
	4.19396 9.5471,
	4.21401 9.57759,
	4.22292 9.59139,
	4.26665 9.65141,
	4.2687 9.65235,
	4.26883 9.65436,
	4.28057 9.6671,
	4.28695 9.67396,
	4.28919 9.67793,
	4.30072 9.68767,
	4.31551 9.70237,
	4.32088 9.70928,
	4.32432 9.71726,
	4.32443 9.71927,
	4.31893 9.72751,
	4.3154 9.73569,
	4.31628 9.75181,
	4.32162 9.75873,
	4.337 9.76737,
	4.34515 9.77119,
	4.34714 9.77114,
	4.34923 9.7731,
	4.36537 9.77771,
	4.36944 9.77962,
	4.37142 9.77957,
	4.37555 9.78249,
	4.37763 9.78446,
	4.38097 9.79144,
	4.38107 9.79345,
	4.38315 9.79542,
	4.38325 9.79743,
	4.38534 9.7994,
	4.38773 9.80741,
	4.40609 9.8382,
	4.41044 9.84617,
	4.41251 9.84813,
	4.41261 9.85014,
	4.41464 9.8511,
	4.41473 9.85311,
	4.46031 9.9164,
	4.47489 9.93113,
	4.47899 9.93406,
	4.48419 9.93896,
	4.49245 9.9458,
	4.50685 9.95653,
	4.52235 9.96923,
	4.5286 9.97512,
	4.54521 9.98981,
	4.55969 10.0016,
	4.56699 10.0084,
	4.56908 10.0104,
	4.5724 10.0173,
	4.5725 10.0193,
	4.57786 10.0273,
	4.57796 10.0293,
	4.58004 10.0312,
	4.58182 10.0472,
	4.57923 10.0553,
	4.57744 10.0593,
	4.57455 10.0613,
	4.57176 10.0654,
	4.56504 10.0705,
	4.56304 10.0706,
	4.56115 10.0726,
	4.55916 10.0726,
	4.55727 10.0747,
	4.55527 10.0747,
	4.55338 10.0767,
	4.54941 10.0768,
	4.5475 10.0788,
	4.53177 10.0831,
	4.51594 10.0854,
	"/>
</Transform>

<Transform dim="0"
 xcoef=" 0 1 0 0 0 0"
 ycoef=" 0 0 1 0 0 0">
<Contour name="d26sp27" hidden="false" closed="true" simplified="true" border="1 0 0" fill="1 0 0" mode="11"
 points="11.8985 5.28721,
	11.8964 5.28632,
	11.8884 5.28533,
	11.8844 5.28405,
	11.8824 5.2842,
	11.8804 5.28329,
	11.8785 5.28343,
	11.8778 5.28242,
	11.8739 5.28217,
	11.8719 5.28126,
	11.8708 5.28134,
	11.8698 5.28037,
	11.8678 5.2805,
	11.8668 5.27952,
	11.8628 5.27875,
	11.8617 5.27777,
	11.8576 5.27648,
	11.8556 5.27503,
	11.8546 5.2751,
	11.8503 5.27171,
	11.8383 5.25723,
	11.833 5.25075,
	11.8269 5.24272,
	11.8268 5.24168,
	11.8258 5.24121,
	11.8258 5.24016,
	11.8247 5.2397,
	11.8234 5.23558,
	11.8223 5.2346,
	11.8193 5.2264,
	11.818 5.22227,
	11.8155 5.18891,
	11.8152 5.18475,
	11.8152 5.18423,
	11.8151 5.18371,
	11.8155 5.17533,
	11.8152 5.17118,
	11.815 5.16911,
	11.8158 5.16696,
	11.8157 5.16489,
	11.8166 5.1638,
	11.8167 5.15961,
	11.8179 5.15538,
	11.8191 5.15218,
	11.8203 5.14794,
	11.825 5.13934,
	11.8308 5.13224,
	11.8339 5.12893,
	11.8362 5.12671,
	11.8372 5.12665,
	11.8381 5.12557,
	11.839 5.12551,
	11.8399 5.12441,
	11.8409 5.12435,
	11.8418 5.12325,
	11.8456 5.12199,
	11.8475 5.12082,
	11.8494 5.12069,
	11.8512 5.11955,
	11.8532 5.11942,
	11.8551 5.11826,
	11.8627 5.11621,
	11.8636 5.11615,
	11.8645 5.11505,
	11.8684 5.11374,
	11.8702 5.1131,
	11.8771 5.10692,
	11.8798 5.10416,
	11.8816 5.10195,
	11.8826 5.10188,
	11.8895 5.09673,
	11.8972 5.09462,
	11.899 5.09345,
	11.9029 5.09265,
	11.9105 5.08949,
	11.9125 5.08882,
	11.9134 5.08771,
	11.9143 5.08763,
	11.9152 5.08654,
	11.9228 5.08337,
	11.9248 5.0827,
	11.9258 5.08262,
	11.9266 5.08151,
	11.9423 5.07871,
	11.9581 5.07894,
	11.9662 5.07984,
	11.9739 5.08177,
	11.9759 5.0821,
	11.9769 5.08305,
	11.981 5.08425,
	11.9847 5.08652,
	11.9885 5.08983,
	11.9901 5.09175,
	11.9902 5.09278,
	11.9935 5.09663,
	11.9936 5.09766,
	11.9946 5.09809,
	11.9947 5.09912,
	11.9958 5.10007,
	11.9959 5.10109,
	11.9969 5.10204,
	11.9971 5.1041,
	12.0029 5.12019,
	12.0045 5.12836,
	12.0057 5.14488,
	12.0061 5.14902,
	12.0028 5.16597,
	12.0012 5.17028,
	12.0013 5.17132,
	11.9925 5.18773,
	11.9912 5.18994,
	11.9903 5.19054,
	11.9904 5.19158,
	11.9856 5.20035,
	11.9856 5.2014,
	11.9808 5.20965,
	11.9787 5.21403,
	11.9778 5.21464,
	11.9779 5.21567,
	11.9683 5.23273,
	11.9675 5.23489,
	11.9666 5.23601,
	11.9667 5.23706,
	11.9657 5.23767,
	11.9658 5.23872,
	11.9611 5.2475,
	11.959 5.25188,
	11.9529 5.2608,
	11.9481 5.26907,
	11.9445 5.27305,
	11.9427 5.27478,
	11.9408 5.27494,
	11.9399 5.27605,
	11.9379 5.27622,
	11.9361 5.27742,
	11.9322 5.27826,
	11.9312 5.27834,
	11.9275 5.28127,
	11.9199 5.2845,
	11.9122 5.28616,
	"/>
</Transform>

<Transform dim="0"
 xcoef=" 0 1 0 0 0 0"
 ycoef=" 0 0 1 0 0 0">
<Contour name="d05sph22" hidden="false" closed="true" simplified="true" border="1 0 0" fill="1 0 0" mode="11"
 points="4.47611 10.0862,
	4.46805 10.0844,
	4.46398 10.0825,
	4.46198 10.0825,
	4.43293 10.0582,
	4.42768 10.0523,
	4.42033 10.0445,
	4.39903 10.0139,
	4.39894 10.0119,
	4.39686 10.01,
	4.39677 10.008,
	4.39143 10.0001,
	4.38827 9.99616,
	4.38818 9.99417,
	4.38507 9.99123,
	4.38498 9.98924,
	4.37334 9.97349,
	4.36179 9.95973,
	4.35452 9.95288,
	4.3421 9.94215,
	4.33682 9.93526,
	4.33349 9.92733,
	4.3318 9.91133,
	4.33146 9.90331,
	4.33128 9.89931,
	4.32501 9.89243,
	4.30963 9.88278,
	4.30244 9.87794,
	4.29416 9.87111,
	4.28895 9.86623,
	4.27731 9.85148,
	4.26362 9.83577,
	4.25199 9.82203,
	4.24577 9.81718,
	4.23512 9.80342,
	4.22774 9.7956,
	4.22764 9.7936,
	4.22455 9.79167,
	4.21386 9.77794,
	4.20306 9.7622,
	4.19765 9.75433,
	4.19423 9.74641,
	4.19213 9.74446,
	4.19202 9.74246,
	4.1856 9.73463,
	4.18549 9.73263,
	4.17367 9.71794,
	4.17145 9.71401,
	4.16934 9.71207,
	4.16923 9.71006,
	4.14639 9.67871,
	4.14098 9.67188,
	4.13402 9.65607,
	4.12904 9.64019,
	4.12204 9.62439,
	4.11201 9.60872,
	4.10009 9.59513,
	4.09682 9.59124,
	4.09368 9.58936,
	4.08821 9.58257,
	4.0743 9.57009,
	4.06124 9.55559,
	4.0548 9.54985,
	4.04721 9.54215,
	4.0417 9.53537,
	4.02555 9.52105,
	4.01713 9.51642,
	4.0108 9.51269,
	4.00864 9.51079,
	4.00662 9.51088,
	4.00446 9.50897,
	4.00244 9.50907,
	3.98838 9.49668,
	3.98506 9.49284,
	3.97985 9.47707,
	3.97933 9.47009,
	3.97926 9.4691,
	3.98169 9.46099,
	3.98341 9.4569,
	3.98723 9.45372,
	3.9891 9.45163,
	3.99306 9.45045,
	3.99392 9.4484,
	3.99594 9.44831,
	3.9978 9.44622,
	4.0137 9.44246,
	4.04574 9.43894,
	4.06172 9.43717,
	4.07806 9.44042,
	4.08622 9.44205,
	4.08938 9.44391,
	4.09338 9.44372,
	4.09553 9.44564,
	4.11106 9.45195,
	4.12701 9.4643,
	4.14103 9.47777,
	4.14118 9.47978,
	4.14775 9.48755,
	4.15966 9.50013,
	4.1628 9.50202,
	4.17377 9.51566,
	4.17918 9.52148,
	4.18473 9.52932,
	4.187 9.53327,
	4.18914 9.5352,
	4.19269 9.54312,
	4.19396 9.5471,
	4.21401 9.57759,
	4.22292 9.59139,
	4.26665 9.65141,
	4.2687 9.65235,
	4.26883 9.65436,
	4.28057 9.6671,
	4.28695 9.67396,
	4.28919 9.67793,
	4.30072 9.68767,
	4.31551 9.70237,
	4.32088 9.70928,
	4.32432 9.71726,
	4.32443 9.71927,
	4.31893 9.72751,
	4.3154 9.73569,
	4.31628 9.75181,
	4.32162 9.75873,
	4.337 9.76737,
	4.34515 9.77119,
	4.34714 9.77114,
	4.34923 9.7731,
	4.36537 9.77771,
	4.36944 9.77962,
	4.37142 9.77957,
	4.37555 9.78249,
	4.37763 9.78446,
	4.38097 9.79144,
	4.38107 9.79345,
	4.38315 9.79542,
	4.38325 9.79743,
	4.38534 9.7994,
	4.38773 9.80741,
	4.40609 9.8382,
	4.41044 9.84617,
	4.41251 9.84813,
	4.41261 9.85014,
	4.41464 9.8511,
	4.41473 9.85311,
	4.46031 9.9164,
	4.47489 9.93113,
	4.47899 9.93406,
	4.48419 9.93896,
	4.49245 9.9458,
	4.50685 9.95653,
	4.52235 9.96923,
	4.5286 9.97512,
	4.54521 9.98981,
	4.55969 10.0016,
	4.56699 10.0084,
	4.56908 10.0104,
	4.5724 10.0173,
	4.5725 10.0193,
	4.57786 10.0273,
	4.57796 10.0293,
	4.58004 10.0312,
	4.58182 10.0472,
	4.57923 10.0553,
	4.57744 10.0593,
	4.57455 10.0613,
	4.57176 10.0654,
	4.56504 10.0705,
	4.56304 10.0706,
	4.56115 10.0726,
	4.55916 10.0726,
	4.55727 10.0747,
	4.55527 10.0747,
	4.55338 10.0767,
	4.54941 10.0768,
	4.5475 10.0788,
	4.53177 10.0831,
	4.51594 10.0854,
	"/>
</Transform>

<Transform dim="0"
 xcoef=" 0 1 0 0 0 0"
 ycoef=" 0 0 1 0 0 0">
<Contour name="d26sp32" hidden="false" closed="true" simplified="true" border="1 0 0" fill="1 0 0" mode="11"
 points="11.7026 7.63674,
	11.6825 7.63664,
	11.6775 7.63555,
	11.6751 7.63291,
	11.6701 7.63324,
	11.6676 7.63059,
	11.6626 7.6295,
	11.654 7.62162,
	11.6466 7.61084,
	11.6371 7.58886,
	11.6323 7.57786,
	11.6301 7.56667,
	11.6301 7.56384,
	11.6277 7.56114,
	11.627 7.53847,
	11.6272 7.53419,
	11.6272 7.53277,
	11.6349 7.48665,
	11.6382 7.46352,
	11.6452 7.44012,
	11.6455 7.43434,
	11.6539 7.41078,
	11.6586 7.38736,
	11.6618 7.29406,
	11.6654 7.27059,
	11.6656 7.26476,
	11.6683 7.25882,
	11.6686 7.25299,
	11.6713 7.24706,
	11.6734 7.22374,
	11.678 7.2004,
	11.6816 7.10864,
	11.6822 7.06348,
	11.6811 7.04113,
	11.6799 7.03002,
	11.6799 7.02724,
	11.6774 7.02458,
	11.6774 7.01901,
	11.6661 6.97667,
	11.6624 6.96584,
	11.6594 6.92208,
	11.6591 6.90024,
	11.6624 6.87825,
	11.6649 6.87539,
	11.6685 6.86432,
	11.6697 6.8588,
	11.6733 6.85317,
	11.6756 6.84218,
	11.678 6.83661,
	11.6772 6.79332,
	11.6746 6.78265,
	11.6742 6.76106,
	11.6703 6.7505,
	11.6675 6.72908,
	11.6647 6.71845,
	11.6653 6.63204,
	11.6653 6.62123,
	11.6691 6.61014,
	11.6692 6.60474,
	11.6717 6.60185,
	11.6808 6.5809,
	11.6886 6.56949,
	11.6964 6.56078,
	11.7017 6.55497,
	11.7095 6.5476,
	11.7147 6.54313,
	11.7354 6.5348,
	11.7561 6.5292,
	11.7765 6.52635,
	11.7866 6.52836,
	11.7916 6.52936,
	11.794 6.53193,
	11.8335 6.54824,
	11.8383 6.55062,
	11.8581 6.5533,
	11.8678 6.55532,
	11.8727 6.55771,
	11.8776 6.55736,
	11.8825 6.55974,
	11.8849 6.55957,
	11.8873 6.56212,
	11.897 6.56415,
	11.8993 6.56671,
	11.909 6.5701,
	11.9266 6.58515,
	11.9336 6.59414,
	11.936 6.59533,
	11.9359 6.59804,
	11.9453 6.60685,
	11.9489 6.612,
	11.956 6.61825,
	11.9677 6.63496,
	11.9795 6.65433,
	11.9977 6.67325,
	12.0061 6.67938,
	12.011 6.68172,
	12.0134 6.68424,
	12.0159 6.68406,
	12.0257 6.69011,
	12.0355 6.69348,
	12.0552 6.70425,
	12.0602 6.70796,
	12.07 6.71135,
	12.075 6.71372,
	12.0762 6.71633,
	12.0787 6.71617,
	12.0887 6.7236,
	12.1086 6.73447,
	12.1161 6.74209,
	12.1186 6.74194,
	12.1337 6.75585,
	12.1362 6.75973,
	12.1463 6.76722,
	12.15 6.77105,
	12.1525 6.77091,
	12.1539 6.77352,
	12.1588 6.77459,
	12.1765 6.7884,
	12.1853 6.7933,
	12.2055 6.80974,
	12.2105 6.81217,
	12.2207 6.82242,
	12.2347 6.8406,
	12.2384 6.8431,
	12.2537 6.8626,
	12.2601 6.87175,
	12.2689 6.88211,
	12.2804 6.90053,
	12.283 6.90582,
	12.2855 6.90705,
	12.2855 6.90976,
	12.2969 6.92821,
	12.3072 6.94947,
	12.3135 6.97098,
	12.3149 6.97639,
	12.3149 6.97912,
	12.3174 6.98173,
	12.3174 6.98719,
	12.3237 7.00881,
	12.3275 7.01961,
	12.3288 7.03055,
	12.3312 7.03593,
	12.3337 7.05789,
	12.3335 7.1023,
	12.331 7.108,
	12.3295 7.13043,
	12.3176 7.17467,
	12.2969 7.21987,
	12.2892 7.23032,
	12.2842 7.23494,
	12.2816 7.23939,
	12.2715 7.24866,
	12.2665 7.25474,
	12.2576 7.2611,
	12.2412 7.27814,
	12.2362 7.2814,
	12.2169 7.30316,
	12.1966 7.32081,
	12.1942 7.32102,
	12.1852 7.32907,
	12.1801 7.33388,
	12.1776 7.3341,
	12.1572 7.35199,
	12.137 7.3641,
	12.0967 7.38114,
	12.0942 7.38138,
	12.0916 7.38455,
	12.0814 7.38992,
	12.0621 7.40781,
	12.0416 7.42286,
	12.0008 7.44399,
	11.9905 7.45212,
	11.988 7.45234,
	11.9854 7.45545,
	11.9804 7.45734,
	11.9726 7.46663,
	11.9688 7.46982,
	11.9506 7.49281,
	11.9314 7.51,
	11.9223 7.52062,
	11.8854 7.55444,
	11.8676 7.57398,
	11.8586 7.58303,
	11.8561 7.5832,
	11.8359 7.59719,
	11.8158 7.60412,
	11.8107 7.60586,
	11.8082 7.60882,
	11.7982 7.60948,
	11.7579 7.62052,
	11.7378 7.62603,
	11.7277 7.62949,
	11.7226 7.63261,
	"/>
</Transform>

<Transform dim="0"
 xcoef=" 0 1 0 0 0 0"
 ycoef=" 0 0 1 0 0 0">
<Contour name="d50sp22" hidden="false" closed="true" simplified="true" border="1 0 0" fill="1 0 0" mode="11"
 points="18.123 11.5218,
	18.1189 11.5209,
	18.1147 11.5179,
	18.1094 11.5097,
	18.1062 11.5055,
	18.1029 11.4974,
	18.1034 11.4807,
	18.1022 11.4725,
	18.0979 11.4643,
	18.0959 11.4633,
	18.0958 11.4613,
	18.0904 11.4531,
	18.0873 11.449,
	18.0761 11.4159,
	18.0756 11.3994,
	18.0755 11.3952,
	18.0755 11.3941,
	18.0765 11.3899,
	18.0894 11.3741,
	18.0934 11.3698,
	18.0972 11.3614,
	18.1075 11.3278,
	18.1095 11.3236,
	18.1114 11.3215,
	18.1132 11.3131,
	18.1171 11.3046,
	18.1211 11.3003,
	18.123 11.2982,
	18.1393 11.2936,
	18.1473 11.2903,
	18.1554 11.2848,
	18.1641 11.2678,
	18.1721 11.2342,
	18.1716 11.2175,
	18.1732 11.2007,
	18.1731 11.1987,
	18.1859 11.1826,
	18.1998 11.1686,
	18.2135 11.1514,
	18.2214 11.1428,
	18.2254 11.1406,
	18.2417 11.1391,
	18.2458 11.139,
	18.2497 11.1356,
	18.2578 11.1323,
	18.2657 11.1258,
	18.2716 11.1183,
	18.2754 11.1098,
	18.2813 11.1023,
	18.2863 11.0979,
	18.2944 11.0956,
	18.2984 11.0934,
	18.3023 11.0891,
	18.3043 11.0891,
	18.3361 11.0609,
	18.3441 11.0565,
	18.3482 11.0563,
	18.3562 11.053,
	18.3888 11.0509,
	18.405 11.0484,
	18.4212 11.0427,
	18.4373 11.0349,
	18.4454 11.0326,
	18.4494 11.0304,
	18.4819 11.0286,
	18.4982 11.0261,
	18.5022 11.0249,
	18.5043 11.0228,
	18.5205 11.0172,
	18.5286 11.015,
	18.5325 11.0128,
	18.5488 11.0115,
	18.5528 11.0103,
	18.557 11.0123,
	18.5591 11.0144,
	18.5611 11.0144,
	18.5622 11.0164,
	18.5643 11.0164,
	18.579 11.0308,
	18.5873 11.0348,
	18.6038 11.0388,
	18.612 11.0387,
	18.6161 11.0407,
	18.6325 11.0437,
	18.6407 11.0468,
	18.6491 11.053,
	18.6532 11.055,
	18.6797 11.0854,
	18.6955 11.1011,
	18.7092 11.1179,
	18.7145 11.1253,
	18.7202 11.1421,
	18.7225 11.1505,
	18.7247 11.1546,
	18.7262 11.1713,
	18.7263 11.1755,
	18.7225 11.1838,
	18.7205 11.188,
	18.7126 11.1952,
	18.7045 11.1983,
	18.7005 11.1992,
	18.6966 11.2024,
	18.6804 11.2075,
	18.6724 11.2127,
	18.6607 11.2294,
	18.6468 11.2452,
	18.6309 11.2547,
	18.6148 11.2611,
	18.6108 11.2643,
	18.5785 11.2784,
	18.5626 11.2871,
	18.5476 11.2989,
	18.5349 11.316,
	18.52 11.3299,
	18.4878 11.3422,
	18.4797 11.3445,
	18.4757 11.3457,
	18.4738 11.3478,
	18.4414 11.3581,
	18.4265 11.3658,
	18.4185 11.3734,
	18.4105 11.3789,
	18.4095 11.3799,
	18.4106 11.3809,
	18.3956 11.3909,
	18.3915 11.392,
	18.3835 11.3974,
	18.3509 11.3983,
	18.3488 11.3973,
	18.3327 11.402,
	18.3166 11.4097,
	18.3017 11.4238,
	18.2947 11.4312,
	18.285 11.4472,
	18.2791 11.4558,
	18.2752 11.4601,
	18.243 11.4828,
	18.235 11.4893,
	18.231 11.4925,
	18.2289 11.4926,
	18.2249 11.4969,
	18.2209 11.499,
	18.2046 11.5004,
	18.1882 11.4987,
	18.1799 11.4999,
	18.1758 11.5,
	18.1677 11.5033,
	18.1596 11.5086,
	18.1516 11.5161,
	18.1476 11.5192,
	18.1395 11.5215,
	"/>
</Transform>

<Transform dim="0"
 xcoef=" 0 1 0 0 0 0"
 ycoef=" 0 0 1 0 0 0">
<Contour name="d26sah32" hidden="false" closed="true" simplified="true" border="1 0 0" fill="1 0 0" mode="11"
 points="12.1649 7.24667,
	12.1654 7.22719,
	12.1486 7.22858,
	12.1491 7.20912,
	12.1659 7.20777,
	12.1662 7.18844,
	12.183 7.18716,
	12.1826 7.20646,
	12.1993 7.20519,
	12.1989 7.22454,
	12.1822 7.22584,
	12.1816 7.24529,
	"/>
</Transform>

<Transform dim="0"
 xcoef=" 0 1 0 0 0 0"
 ycoef=" 0 0 1 0 0 0">
<Contour name="d26sp28" hidden="false" closed="true" simplified="true" border="1 0 0" fill="1 0 0" mode="11"
 points="11.757 5.75428,
	11.7562 5.75357,
	11.7554 5.75364,
	11.7541 5.75259,
	11.7522 5.75236,
	11.7513 5.75166,
	11.7481 5.75077,
	11.7465 5.75051,
	11.7457 5.74981,
	11.733 5.74736,
	11.7315 5.74748,
	11.7299 5.74685,
	11.7236 5.7462,
	11.7205 5.74607,
	11.7188 5.74544,
	11.7173 5.74556,
	11.7109 5.74418,
	11.7077 5.74367,
	11.7061 5.74303,
	11.7054 5.74309,
	11.7048 5.74236,
	11.6988 5.74019,
	11.6958 5.7389,
	11.6942 5.73865,
	11.6938 5.73792,
	11.693 5.73799,
	11.6926 5.73725,
	11.691 5.737,
	11.685 5.73328,
	11.6802 5.72871,
	11.6776 5.72663,
	11.6749 5.72378,
	11.674 5.72272,
	11.6682 5.71783,
	11.6669 5.71678,
	11.6655 5.71423,
	11.6623 5.71143,
	11.6578 5.70645,
	11.6531 5.70069,
	11.6526 5.69921,
	11.6503 5.69632,
	11.6497 5.69484,
	11.6488 5.69414,
	11.6472 5.68814,
	11.647 5.68661,
	11.647 5.68585,
	11.6469 5.68547,
	11.6473 5.68236,
	11.6471 5.68085,
	11.6477 5.67925,
	11.6476 5.6785,
	11.6483 5.67767,
	11.6487 5.67455,
	11.651 5.66821,
	11.6512 5.66665,
	11.6544 5.66063,
	11.656 5.65741,
	11.6559 5.65665,
	11.6565 5.65583,
	11.6564 5.65507,
	11.6571 5.65424,
	11.657 5.65348,
	11.6577 5.65265,
	11.6576 5.65189,
	11.6582 5.65107,
	11.6581 5.65031,
	11.6588 5.64948,
	11.6603 5.64319,
	11.6627 5.63684,
	11.6637 5.63522,
	11.6636 5.63445,
	11.6667 5.62804,
	11.6683 5.62521,
	11.671 5.62229,
	11.6747 5.61776,
	11.6768 5.61566,
	11.6819 5.60987,
	11.6928 5.60092,
	11.6931 5.60012,
	11.6939 5.60006,
	11.6992 5.59618,
	11.6999 5.59613,
	11.7013 5.59485,
	11.7028 5.59435,
	11.7085 5.59046,
	11.7114 5.58869,
	11.7141 5.58617,
	11.7195 5.58268,
	11.7223 5.58054,
	11.7281 5.57779,
	11.7289 5.57773,
	11.7295 5.57692,
	11.7354 5.57454,
	11.7415 5.57371,
	11.743 5.5736,
	11.7495 5.57659,
	11.7558 5.58035,
	11.7584 5.5821,
	11.7645 5.58549,
	11.7678 5.58717,
	11.7742 5.59169,
	11.7751 5.59278,
	11.7767 5.59342,
	11.7807 5.59774,
	11.7834 5.60061,
	11.7844 5.60208,
	11.7852 5.60239,
	11.7858 5.6035,
	11.7903 5.60931,
	11.7917 5.61074,
	11.7922 5.61222,
	11.7946 5.61512,
	11.7959 5.61656,
	11.7986 5.62248,
	11.8001 5.62545,
	11.8017 5.63145,
	11.8029 5.64362,
	11.8018 5.64982,
	11.802 5.65135,
	11.8021 5.65211,
	11.8014 5.65292,
	11.8016 5.65444,
	11.7998 5.6607,
	11.7996 5.66225,
	11.7989 5.66306,
	11.7967 5.67548,
	11.7959 5.6786,
	11.7961 5.6801,
	11.7954 5.68055,
	11.795 5.68364,
	11.7952 5.68516,
	11.7946 5.68598,
	11.7934 5.69218,
	11.7932 5.69373,
	11.7933 5.69448,
	11.7926 5.6953,
	11.7928 5.69682,
	11.7921 5.69993,
	11.7923 5.70145,
	11.7916 5.70226,
	11.7918 5.70379,
	11.7912 5.70536,
	11.7913 5.70611,
	11.7906 5.70692,
	11.7902 5.71002,
	11.7891 5.71317,
	11.7878 5.71556,
	11.7863 5.71874,
	11.7819 5.72367,
	11.7796 5.7269,
	11.7784 5.73005,
	11.7783 5.73159,
	11.7775 5.73203,
	11.7776 5.73278,
	11.777 5.73361,
	11.777 5.73436,
	11.7764 5.73518,
	11.7765 5.73594,
	11.7758 5.73675,
	11.7755 5.73831,
	11.774 5.74148,
	11.7733 5.74229,
	11.7731 5.74385,
	11.7684 5.7492,
	11.7655 5.75132,
	11.7641 5.75219,
	11.7633 5.75225,
	11.7626 5.75307,
	"/>
</Transform>

<Transform dim="0"
 xcoef=" 0 1 0 0 0 0"
 ycoef=" 0 0 1 0 0 0">
<Contour name="d05sp25" hidden="false" closed="true" simplified="true" border="1 0 0" fill="1 0 0" mode="11"
 points="5.25592 9.07229,
	5.24645 9.07137,
	5.23788 9.06803,
	5.23294 9.0658,
	5.22838 9.05639,
	5.22551 9.05171,
	5.21989 9.03283,
	5.20405 8.99534,
	5.20069 8.98597,
	5.19785 8.98133,
	5.19735 8.97661,
	5.19476 8.97435,
	5.19045 8.95557,
	5.18714 8.94624,
	5.18345 8.90861,
	5.18403 8.88971,
	5.18233 8.87096,
	5.17914 8.86171,
	5.17658 8.85949,
	5.17341 8.85026,
	5.16125 8.83212,
	5.1586 8.82873,
	5.15841 8.8264,
	5.14405 8.80959,
	5.13519 8.80187,
	5.12129 8.78972,
	5.10277 8.77779,
	5.08348 8.77052,
	5.04704 8.75118,
	5.03741 8.74693,
	4.99979 8.74026,
	4.98123 8.73978,
	4.96286 8.74158,
	4.9538 8.74421,
	4.94919 8.74437,
	4.94475 8.74684,
	4.93554 8.74715,
	4.93111 8.74962,
	4.89473 8.75664,
	4.87677 8.76302,
	4.87227 8.76433,
	4.87013 8.76671,
	4.86784 8.76679,
	4.86685 8.76913,
	4.86456 8.76921,
	4.85693 8.77525,
	4.84948 8.78359,
	4.84424 8.79071,
	4.84096 8.79313,
	4.81359 8.82762,
	4.80616 8.83598,
	4.80185 8.8396,
	4.7974 8.85713,
	4.79466 8.8665,
	4.78103 8.88322,
	4.7791 8.88793,
	4.77269 8.89395,
	4.76656 8.90346,
	4.76263 8.91173,
	4.76044 8.91297,
	4.76063 8.91529,
	4.75853 8.91769,
	4.75871 8.92001,
	4.75652 8.92124,
	4.75385 8.93064,
	4.74274 8.94848,
	4.73657 8.95685,
	4.7216 8.96904,
	4.71289 8.97403,
	4.6952 8.98052,
	4.68631 8.9832,
	4.66815 8.98393,
	4.65899 8.98314,
	4.65066 8.97883,
	4.64573 8.97439,
	4.63929 8.96536,
	4.63737 8.95614,
	4.63699 8.95151,
	4.63689 8.95035,
	4.6368 8.9492,
	4.64322 8.93034,
	4.64397 8.92567,
	4.64701 8.92089,
	4.64683 8.91858,
	4.64891 8.91617,
	4.65045 8.90682,
	4.65236 8.90212,
	4.65218 8.8998,
	4.65436 8.89855,
	4.6559 8.88921,
	4.65573 8.8869,
	4.65879 8.88213,
	4.66422 8.86338,
	4.6832 8.82674,
	4.68822 8.81729,
	4.69741 8.80191,
	4.7005 8.79717,
	4.70375 8.79473,
	4.70359 8.79243,
	4.71524 8.77928,
	4.73009 8.76256,
	4.73653 8.75654,
	4.74503 8.747,
	4.74829 8.74457,
	4.76188 8.72564,
	4.76173 8.72334,
	4.78127 8.69042,
	4.7917 8.6751,
	4.7968 8.66572,
	4.79664 8.66343,
	4.807 8.64698,
	4.81013 8.64227,
	4.8134 8.63986,
	4.81973 8.6316,
	4.824 8.62686,
	4.83276 8.62081,
	4.85075 8.61556,
	4.9239 8.61061,
	4.93316 8.61141,
	4.93546 8.61133,
	4.94504 8.61672,
	4.96376 8.62063,
	4.97755 8.62011,
	4.982 8.61765,
	4.98661 8.61748,
	5.00448 8.60874,
	5.01345 8.60495,
	5.01799 8.60362,
	5.02236 8.6,
	5.03135 8.59619,
	5.03901 8.59013,
	5.04355 8.58879,
	5.0457 8.58641,
	5.06412 8.58445,
	5.10182 8.59072,
	5.11113 8.59025,
	5.14754 8.57681,
	5.16596 8.57229,
	5.17065 8.57201,
	5.18896 8.58006,
	5.19647 8.58532,
	5.20153 8.58959,
	5.20425 8.59399,
	5.20669 8.59499,
	5.2057 8.59735,
	5.21313 8.60146,
	5.23262 8.60817,
	5.25198 8.61255,
	5.25452 8.61467,
	5.25925 8.61433,
	5.26179 8.61645,
	5.27153 8.61921,
	5.28146 8.62424,
	5.2959 8.64166,
	5.30126 8.64935,
	5.30433 8.6584,
	5.30571 8.67685,
	5.30606 8.68147,
	5.31573 8.69941,
	5.3159 8.70174,
	5.31844 8.70389,
	5.32575 8.72207,
	5.32999 8.73116,
	5.34105 8.76806,
	5.34863 8.8055,
	5.34899 8.81023,
	5.35172 8.81482,
	5.35246 8.82431,
	5.35749 8.84314,
	5.36019 8.86216,
	5.36059 8.88138,
	5.35633 8.9009,
	5.35653 8.9033,
	5.35439 8.90583,
	5.35364 8.9107,
	5.33227 8.94798,
	5.33038 8.9529,
	5.33409 8.99143,
	5.33251 9.01084,
	5.33183 9.01571,
	5.32557 9.02319,
	5.31957 9.03307,
	5.30347 9.04686,
	5.30256 9.0493,
	5.30023 9.04937,
	5.28286 9.06193,
	5.26512 9.07084,
	"/>
</Transform>

<Transform dim="0"
 xcoef=" 0 1 0 0 0 0"
 ycoef=" 0 0 1 0 0 0">
<Contour name="d05sph25" hidden="false" closed="true" simplified="true" border="1 0 0" fill="1 0 0" mode="11"
 points="5.25592 9.07229,
	5.24645 9.07137,
	5.23788 9.06803,
	5.23294 9.0658,
	5.22838 9.05639,
	5.22551 9.05171,
	5.21989 9.03283,
	5.20405 8.99534,
	5.20069 8.98597,
	5.19785 8.98133,
	5.19735 8.97661,
	5.19476 8.97435,
	5.19045 8.95557,
	5.18714 8.94624,
	5.18345 8.90861,
	5.18403 8.88971,
	5.18233 8.87096,
	5.17914 8.86171,
	5.17658 8.85949,
	5.17341 8.85026,
	5.16125 8.83212,
	5.1586 8.82873,
	5.15841 8.8264,
	5.14405 8.80959,
	5.13519 8.80187,
	5.12129 8.78972,
	5.10277 8.77779,
	5.08348 8.77052,
	5.04704 8.75118,
	5.03741 8.74693,
	4.99979 8.74026,
	4.98123 8.73978,
	4.96286 8.74158,
	4.9538 8.74421,
	4.94919 8.74437,
	4.94475 8.74684,
	4.93554 8.74715,
	4.93111 8.74962,
	4.89473 8.75664,
	4.87677 8.76302,
	4.87227 8.76433,
	4.87013 8.76671,
	4.86784 8.76679,
	4.86685 8.76913,
	4.86456 8.76921,
	4.85693 8.77525,
	4.84948 8.78359,
	4.84424 8.79071,
	4.84096 8.79313,
	4.81359 8.82762,
	4.80616 8.83598,
	4.80185 8.8396,
	4.7974 8.85713,
	4.79466 8.8665,
	4.78103 8.88322,
	4.7791 8.88793,
	4.77269 8.89395,
	4.76656 8.90346,
	4.76263 8.91173,
	4.76044 8.91297,
	4.76063 8.91529,
	4.75853 8.91769,
	4.75871 8.92001,
	4.75652 8.92124,
	4.75385 8.93064,
	4.74274 8.94848,
	4.73657 8.95685,
	4.7216 8.96904,
	4.71289 8.97403,
	4.6952 8.98052,
	4.68631 8.9832,
	4.66815 8.98393,
	4.65899 8.98314,
	4.65066 8.97883,
	4.64573 8.97439,
	4.63929 8.96536,
	4.63737 8.95614,
	4.63699 8.95151,
	4.63689 8.95035,
	4.6368 8.9492,
	4.64322 8.93034,
	4.64397 8.92567,
	4.64701 8.92089,
	4.64683 8.91858,
	4.64891 8.91617,
	4.65045 8.90682,
	4.65236 8.90212,
	4.65218 8.8998,
	4.65436 8.89855,
	4.6559 8.88921,
	4.65573 8.8869,
	4.65879 8.88213,
	4.66422 8.86338,
	4.6832 8.82674,
	4.68822 8.81729,
	4.69741 8.80191,
	4.7005 8.79717,
	4.70375 8.79473,
	4.70359 8.79243,
	4.71524 8.77928,
	4.73009 8.76256,
	4.73653 8.75654,
	4.74503 8.747,
	4.74829 8.74457,
	4.76188 8.72564,
	4.76173 8.72334,
	4.78127 8.69042,
	4.7917 8.6751,
	4.7968 8.66572,
	4.79664 8.66343,
	4.807 8.64698,
	4.81013 8.64227,
	4.8134 8.63986,
	4.81973 8.6316,
	4.824 8.62686,
	4.83276 8.62081,
	4.85075 8.61556,
	4.9239 8.61061,
	4.93316 8.61141,
	4.93546 8.61133,
	4.94504 8.61672,
	4.96376 8.62063,
	4.97755 8.62011,
	4.982 8.61765,
	4.98661 8.61748,
	5.00448 8.60874,
	5.01345 8.60495,
	5.01799 8.60362,
	5.02236 8.6,
	5.03135 8.59619,
	5.03901 8.59013,
	5.04355 8.58879,
	5.0457 8.58641,
	5.06412 8.58445,
	5.10182 8.59072,
	5.11113 8.59025,
	5.14754 8.57681,
	5.16596 8.57229,
	5.17065 8.57201,
	5.18896 8.58006,
	5.19647 8.58532,
	5.20153 8.58959,
	5.20425 8.59399,
	5.20669 8.59499,
	5.2057 8.59735,
	5.21313 8.60146,
	5.23262 8.60817,
	5.25198 8.61255,
	5.25452 8.61467,
	5.25925 8.61433,
	5.26179 8.61645,
	5.27153 8.61921,
	5.28146 8.62424,
	5.2959 8.64166,
	5.30126 8.64935,
	5.30433 8.6584,
	5.30571 8.67685,
	5.30606 8.68147,
	5.31573 8.69941,
	5.3159 8.70174,
	5.31844 8.70389,
	5.32575 8.72207,
	5.32999 8.73116,
	5.34105 8.76806,
	5.34863 8.8055,
	5.34899 8.81023,
	5.35172 8.81482,
	5.35246 8.82431,
	5.35749 8.84314,
	5.36019 8.86216,
	5.36059 8.88138,
	5.35633 8.9009,
	5.35653 8.9033,
	5.35439 8.90583,
	5.35364 8.9107,
	5.33227 8.94798,
	5.33038 8.9529,
	5.33409 8.99143,
	5.33251 9.01084,
	5.33183 9.01571,
	5.32557 9.02319,
	5.31957 9.03307,
	5.30347 9.04686,
	5.30256 9.0493,
	5.30023 9.04937,
	5.28286 9.06193,
	5.26512 9.07084,
	"/>
</Transform>

<Transform dim="0"
 xcoef=" 0 1 0 0 0 0"
 ycoef=" 0 0 1 0 0 0">
<Contour name="d42sp25" hidden="false" closed="true" simplified="true" border="1 0 0" fill="1 0 0" mode="11"
 points="17.956 6.03947,
	17.9528 6.03662,
	17.9364 6.03273,
	17.9322 6.031,
	17.9242 6.03164,
	17.923 6.02967,
	17.9069 6.0279,
	17.8903 6.02414,
	17.8739 6.01832,
	17.8717 6.0185,
	17.8697 6.01661,
	17.8614 6.01423,
	17.8582 6.01141,
	17.857 6.00945,
	17.8489 6.00705,
	17.8414 6.00253,
	17.8382 5.99971,
	17.8341 5.99901,
	17.8256 5.99252,
	17.8202 5.98678,
	17.8063 5.97658,
	17.7891 5.96142,
	17.7724 5.95133,
	17.765 5.9467,
	17.7607 5.94391,
	17.7552 5.93706,
	17.7519 5.93316,
	17.7469 5.917,
	17.7464 5.90881,
	17.7464 5.90778,
	17.7463 5.90675,
	17.75 5.89832,
	17.7518 5.89511,
	17.7556 5.89181,
	17.7566 5.8897,
	17.7586 5.88958,
	17.7606 5.88741,
	17.7927 5.88127,
	17.8088 5.87816,
	17.8246 5.872,
	17.8549 5.85274,
	17.8616 5.84624,
	17.8695 5.84168,
	17.8734 5.8394,
	17.8894 5.83626,
	17.8974 5.83568,
	17.9054 5.83309,
	17.9094 5.8328,
	17.9133 5.83053,
	17.9292 5.82737,
	17.9453 5.82618,
	17.9533 5.82458,
	17.9592 5.82414,
	17.9604 5.82604,
	17.9557 5.83432,
	17.9538 5.83545,
	17.9539 5.83743,
	17.9456 5.853,
	17.9373 5.88571,
	17.9362 5.90192,
	17.9381 5.93422,
	17.9407 5.94217,
	17.9411 5.95029,
	17.9446 5.95818,
	17.9487 5.97423,
	17.9513 5.98223,
	17.9535 5.98617,
	17.9556 6.00243,
	17.9567 6.0353,
	"/>
</Transform>

<Transform dim="0"
 xcoef=" 0 1 0 0 0 0"
 ycoef=" 0 0 1 0 0 0">
<Contour name="d42sp25" hidden="false" closed="true" simplified="true" border="1 0 0" fill="1 0 0" mode="11"
 points="17.286 5.84176,
	17.2523 5.83869,
	17.2356 5.83658,
	17.2315 5.83661,
	17.2273 5.83438,
	17.2231 5.83442,
	17.2189 5.83218,
	17.2147 5.83222,
	17.198 5.82556,
	17.1897 5.82562,
	17.1814 5.8234,
	17.1773 5.82344,
	17.1731 5.82121,
	17.1689 5.82124,
	17.1668 5.81899,
	17.1586 5.81679,
	17.1421 5.80673,
	17.1399 5.80675,
	17.1359 5.80339,
	17.1338 5.80116,
	17.1318 5.80118,
	17.0999 5.77892,
	17.0916 5.77226,
	17.0875 5.76894,
	17.0835 5.76003,
	17.0805 5.7433,
	17.0805 5.74218,
	17.0826 5.74105,
	17.0857 5.73209,
	17.093 5.7242,
	17.1014 5.71853,
	17.1179 5.71272,
	17.1344 5.71138,
	17.1508 5.7134,
	17.2166 5.73167,
	17.2249 5.73384,
	17.2911 5.73546,
	17.3077 5.73421,
	17.3411 5.73618,
	17.3578 5.73943,
	17.3621 5.7394,
	17.3662 5.74163,
	17.3705 5.7416,
	17.3873 5.7482,
	17.3957 5.75038,
	17.3968 5.75262,
	17.401 5.75371,
	17.4085 5.76037,
	17.4118 5.76932,
	17.4134 5.78729,
	17.4124 5.79628,
	17.4116 5.80079,
	17.4084 5.8042,
	17.4054 5.81212,
	17.4023 5.81441,
	17.3993 5.81896,
	17.391 5.8247,
	17.3743 5.83055,
	17.3722 5.83058,
	17.3701 5.83286,
	17.3617 5.83523,
	17.3448 5.83657,
	17.3364 5.83893,
	17.3028 5.84045,
	"/>
</Transform>

<Transform dim="0"
 xcoef=" 0 1 0 0 0 0"
 ycoef=" 0 0 1 0 0 0">
<Contour name="d56sp26" hidden="false" closed="true" simplified="true" border="1 0 0" fill="1 0 0" mode="11"
 points="17.4785 12.6334,
	17.4722 12.6319,
	17.4691 12.6305,
	17.466 12.6306,
	17.4651 12.629,
	17.4636 12.629,
	17.4619 12.6275,
	17.4604 12.6276,
	17.4484 12.62,
	17.4428 12.6155,
	17.4412 12.6132,
	17.4284 12.6056,
	17.4158 12.6005,
	17.4031 12.5938,
	17.3778 12.5827,
	17.3658 12.5759,
	17.3594 12.5706,
	17.3545 12.5645,
	17.3527 12.5614,
	17.3503 12.5598,
	17.3421 12.549,
	17.333 12.5367,
	17.3289 12.5305,
	17.3279 12.5274,
	17.3263 12.5266,
	17.3262 12.5251,
	17.3246 12.5235,
	17.3246 12.522,
	17.3229 12.5212,
	17.3177 12.5088,
	17.3176 12.5056,
	17.3159 12.504,
	17.3124 12.4789,
	17.3104 12.4537,
	17.3082 12.4412,
	17.3062 12.416,
	17.3056 12.4034,
	17.3053 12.3971,
	17.3052 12.3962,
	17.3057 12.3899,
	17.3077 12.3836,
	17.3083 12.3804,
	17.3233 12.3565,
	17.3335 12.3452,
	17.3394 12.3396,
	17.3424 12.338,
	17.3454 12.3348,
	17.3506 12.3315,
	17.3521 12.3299,
	17.3582 12.3282,
	17.3828 12.3278,
	17.389 12.3284,
	17.4142 12.3373,
	17.4205 12.3403,
	17.4237 12.3419,
	17.4252 12.3434,
	17.4268 12.3434,
	17.4508 12.3594,
	17.4565 12.364,
	17.4628 12.3671,
	17.4748 12.3762,
	17.4812 12.3808,
	17.4844 12.3823,
	17.495 12.393,
	17.4998 12.3969,
	17.5015 12.3992,
	17.512 12.4107,
	17.5138 12.4131,
	17.5194 12.4184,
	17.5307 12.4268,
	17.5434 12.4344,
	17.549 12.4381,
	17.5555 12.4435,
	17.5603 12.4474,
	17.566 12.4527,
	17.5684 12.4542,
	17.5774 12.4658,
	17.5809 12.472,
	17.5818 12.4751,
	17.5834 12.4758,
	17.586 12.4805,
	17.5905 12.4929,
	17.5923 12.4991,
	17.5926 12.5054,
	17.5894 12.518,
	17.5882 12.5243,
	17.5876 12.5266,
	17.5861 12.5274,
	17.5862 12.529,
	17.5818 12.5353,
	17.5762 12.5472,
	17.5763 12.5488,
	17.5749 12.5496,
	17.5742 12.5527,
	17.5698 12.5583,
	17.5671 12.5646,
	17.5656 12.5654,
	17.5657 12.567,
	17.5577 12.579,
	17.5542 12.5845,
	17.5528 12.5877,
	17.5505 12.5892,
	17.5477 12.5948,
	17.5398 12.6067,
	17.5303 12.6179,
	17.5282 12.6211,
	17.5237 12.6251,
	17.5184 12.6276,
	17.5169 12.6292,
	17.5138 12.6293,
	17.5124 12.6309,
	17.5063 12.6318,
	17.5031 12.6311,
	17.497 12.6329,
	"/>
</Transform>

<Transform dim="0"
 xcoef=" 0 1 0 0 0 0"
 ycoef=" 0 0 1 0 0 0">
<Contour name="d50c22" hidden="false" closed="true" simplified="true" border="0 0 1" fill="0 0 1" mode="11"
 points="18.289 11.4839,
	18.2836 11.4833,
	18.2727 11.4786,
	18.2673 11.4747,
	18.2603 11.4639,
	18.2581 11.4583,
	18.2579 11.4529,
	18.2579 11.4522,
	18.2579 11.4515,
	18.2597 11.4405,
	18.2601 11.435,
	18.2614 11.4335,
	18.2631 11.4226,
	18.2643 11.417,
	18.2642 11.4143,
	18.2687 11.4038,
	18.275 11.3926,
	18.2827 11.3815,
	18.2925 11.3736,
	18.303 11.3671,
	18.3136 11.3641,
	18.3163 11.3626,
	18.3189 11.3626,
	18.3244 11.3603,
	18.3283 11.3602,
	18.3296 11.3588,
	18.351 11.3548,
	18.3615 11.3517,
	18.3829 11.3504,
	18.3883 11.3503,
	18.3937 11.3521,
	18.3957 11.3528,
	18.4059 11.3587,
	18.4169 11.366,
	18.4204 11.3714,
	18.4241 11.3824,
	18.4251 11.3935,
	18.4247 11.4045,
	18.4236 11.4101,
	18.4203 11.415,
	18.4158 11.42,
	18.4105 11.4222,
	18.4001 11.4287,
	18.3893 11.4324,
	18.3841 11.4346,
	18.3814 11.4353,
	18.3802 11.4368,
	18.3696 11.4405,
	18.359 11.4462,
	18.3485 11.4533,
	18.338 11.4634,
	18.3276 11.4719,
	18.3169 11.4783,
	18.3157 11.4798,
	18.3051 11.4821,
	18.2996 11.4836,
	"/>
</Transform>

<Transform dim="0"
 xcoef=" 0 1 0 0 0 0"
 ycoef=" 0 0 1 0 0 0">
<Contour name="d50c22" hidden="false" closed="true" simplified="true" border="0 0 1" fill="0 0 1" mode="11"
 points="18.5426 11.3409,
	18.5372 11.3404,
	18.5345 11.3397,
	18.5237 11.333,
	18.5182 11.3283,
	18.5168 11.327,
	18.5131 11.316,
	18.5116 11.3105,
	18.5114 11.305,
	18.5114 11.3029,
	18.5113 11.3022,
	18.515 11.2911,
	18.5169 11.2855,
	18.5232 11.2744,
	18.5322 11.2639,
	18.536 11.2583,
	18.5458 11.2505,
	18.5511 11.2483,
	18.5565 11.2475,
	18.567 11.2432,
	18.5723 11.2404,
	18.5829 11.2374,
	18.5882 11.2347,
	18.5895 11.2332,
	18.5909 11.2332,
	18.5921 11.2318,
	18.5934 11.2318,
	18.6041 11.2255,
	18.6066 11.2248,
	18.608 11.2233,
	18.6186 11.2198,
	18.6292 11.2184,
	18.6346 11.2177,
	18.6454 11.2196,
	18.6481 11.2203,
	18.6577 11.2299,
	18.662 11.241,
	18.6642 11.2465,
	18.6638 11.2575,
	18.6639 11.2602,
	18.6614 11.2658,
	18.6447 11.2865,
	18.6395 11.2913,
	18.6289 11.2983,
	18.6085 11.3103,
	18.6059 11.3123,
	18.6046 11.3123,
	18.602 11.3151,
	18.5817 11.3286,
	18.5719 11.3349,
	18.5666 11.3371,
	18.5639 11.3392,
	"/>
</Transform>

<Transform dim="0"
 xcoef=" 0 1 0 0 0 0"
 ycoef=" 0 0 1 0 0 0">
<Contour name="d30sp13" hidden="false" closed="true" simplified="true" border="1 0 0" fill="1 0 0" mode="11"
 points="10.0146 5.12622,
	10.0041 5.12404,
	9.99887 5.12261,
	9.99348 5.11786,
	9.98815 5.11445,
	9.98342 5.10963,
	9.97717 5.09965,
	9.97352 5.08939,
	9.97201 5.08422,
	9.97061 5.08171,
	9.9691 5.03924,
	9.96877 5.02863,
	9.9727 5.00692,
	9.9745 5.0014,
	9.97574 4.99861,
	9.97568 4.99596,
	9.97694 4.99449,
	9.97866 4.98368,
	9.97992 4.98222,
	9.98167 4.9714,
	9.98352 4.9659,
	9.98348 4.96325,
	9.98346 4.96192,
	9.98474 4.96045,
	9.98774 4.93891,
	9.98958 4.91749,
	9.99026 4.89621,
	9.99033 4.8856,
	9.99318 4.86413,
	9.99452 4.86135,
	9.99461 4.85605,
	9.99677 4.84525,
	9.99858 4.80275,
	10 4.78145,
	9.99954 4.76032,
	9.99869 4.74981,
	9.99809 4.74855,
	9.99952 4.74578,
	9.99844 4.74057,
	9.99856 4.73792,
	9.99683 4.73278,
	9.99643 4.72751,
	9.99019 4.70685,
	9.98912 4.70164,
	9.98153 4.68105,
	9.98027 4.67983,
	9.97985 4.67454,
	9.97088 4.65401,
	9.96912 4.64882,
	9.96799 4.62759,
	9.96574 4.61709,
	9.96448 4.59581,
	9.96511 4.57435,
	9.96538 4.56361,
	9.97409 4.52003,
	9.97488 4.50922,
	9.97426 4.5039,
	9.97297 4.50131,
	9.97298 4.49996,
	9.97167 4.49871,
	9.9665 4.47758,
	9.96518 4.47498,
	9.96518 4.4696,
	9.96188 4.45907,
	9.95721 4.44862,
	9.95452 4.43803,
	9.9525 4.43278,
	9.94735 4.38995,
	9.94715 4.37915,
	9.94706 4.37443,
	9.94705 4.37375,
	9.95013 4.36272,
	9.95072 4.35998,
	9.9577 4.34868,
	9.96727 4.33721,
	9.9755 4.3265,
	9.97861 4.32089,
	9.98155 4.30987,
	9.98184 4.29904,
	9.98166 4.29364,
	9.97951 4.28838,
	9.97781 4.27767,
	9.97776 4.27633,
	9.97436 4.27317,
	9.9735 4.26782,
	9.9734 4.26512,
	9.97121 4.25985,
	9.96832 4.23838,
	9.9652 4.22775,
	9.96573 4.22501,
	9.97654 4.23176,
	9.98195 4.23546,
	9.98729 4.23782,
	9.99256 4.23882,
	9.99386 4.23873,
	9.99655 4.24059,
	10.0176 4.24528,
	10.0281 4.24863,
	10.049 4.2533,
	10.0698 4.25662,
	10.0904 4.2586,
	10.1108 4.25922,
	10.121 4.25919,
	10.1415 4.26248,
	10.1465 4.2628,
	10.1447 4.26562,
	10.1442 4.26834,
	10.1377 4.27956,
	10.1324 4.2907,
	10.1249 4.31274,
	10.1185 4.3347,
	10.1168 4.34021,
	10.1039 4.36263,
	10.0984 4.37378,
	10.0912 4.39581,
	10.0869 4.40687,
	10.0844 4.41242,
	10.0844 4.41377,
	10.0749 4.42521,
	10.0679 4.43579,
	10.0654 4.44135,
	10.0642 4.44413,
	10.0623 4.46572,
	10.0604 4.47659,
	10.0572 4.48756,
	10.0552 4.49307,
	10.0526 4.49528,
	10.0513 4.49671,
	10.0409 4.49817,
	10.0306 4.49829,
	10.0279 4.49984,
	10.0266 4.50127,
	10.0259 4.50669,
	10.0284 4.51722,
	10.0329 4.52758,
	10.0354 4.53274,
	10.0367 4.53397,
	10.0373 4.5366,
	10.0373 4.53794,
	10.0404 4.54237,
	10.0417 4.54495,
	10.0505 4.55492,
	10.0606 4.56412,
	10.0657 4.56838,
	10.0682 4.57084,
	10.0881 4.61105,
	10.0922 4.62131,
	10.0975 4.63145,
	10.0998 4.63654,
	10.1034 4.64151,
	10.1047 4.64206,
	10.1052 4.64467,
	10.1117 4.65465,
	10.1195 4.66452,
	10.123 4.66948,
	10.1279 4.67299,
	10.1328 4.6752,
	10.1412 4.68365,
	10.147 4.69364,
	10.151 4.70312,
	10.1528 4.70492,
	10.1527 4.70625,
	10.1545 4.70871,
	10.1579 4.72937,
	10.1593 4.73972,
	10.1585 4.76076,
	10.1562 4.77145,
	10.1554 4.77678,
	10.1533 4.78221,
	10.1525 4.78752,
	10.145 4.80921,
	10.1423 4.81472,
	10.1415 4.82003,
	10.1402 4.82278,
	10.1402 4.8241,
	10.1382 4.82691,
	10.1348 4.83774,
	10.1335 4.84312,
	10.1328 4.84582,
	10.1308 4.84863,
	10.1236 4.87036,
	10.1222 4.87576,
	10.1197 4.88127,
	10.1196 4.88391,
	10.1184 4.88535,
	10.1184 4.88798,
	10.1171 4.89075,
	10.1152 4.91201,
	10.1153 4.93311,
	10.1154 4.94366,
	10.1143 4.95435,
	10.1143 4.95698,
	10.1131 4.95843,
	10.1125 4.96377,
	10.1107 4.96925,
	10.1108 4.97189,
	10.1095 4.97466,
	10.1096 4.9773,
	10.1083 4.97875,
	10.1078 4.9841,
	10.106 4.98957,
	10.1041 4.99242,
	10.1012 5.0033,
	10.0981 5.00893,
	10.0963 5.01177,
	10.0957 5.01447,
	10.092 5.02017,
	10.0866 5.03134,
	10.0866 5.03266,
	10.0823 5.03843,
	10.0775 5.04955,
	10.0654 5.0721,
	10.0617 5.07782,
	10.0563 5.08903,
	10.0418 5.11192,
	10.0375 5.11772,
	10.0325 5.12159,
	10.03 5.12387,
	10.0197 5.12565,
	"/>
</Transform>

<Transform dim="0"
 xcoef=" 0 1 0 0 0 0"
 ycoef=" 0 0 1 0 0 0">
<Contour name="d30sp14" hidden="false" closed="true" simplified="true" border="1 0 0" fill="1 0 0" mode="11"
 points="10.5875 2.53955,
	10.5838 2.53888,
	10.5821 2.539,
	10.5801 2.5373,
	10.5653 2.53188,
	10.5593 2.52498,
	10.5564 2.52242,
	10.5562 2.52061,
	10.5543 2.51892,
	10.551 2.51184,
	10.5471 2.49751,
	10.5393 2.43977,
	10.5381 2.42532,
	10.5374 2.41809,
	10.5373 2.41719,
	10.5414 2.40239,
	10.542 2.39872,
	10.5436 2.39679,
	10.5435 2.39499,
	10.5474 2.38837,
	10.5485 2.38104,
	10.5515 2.37359,
	10.5526 2.36626,
	10.5556 2.35881,
	10.5567 2.35149,
	10.5582 2.34776,
	10.5587 2.33324,
	10.5574 2.31885,
	10.5567 2.31166,
	10.5599 2.29697,
	10.5628 2.28955,
	10.5641 2.28314,
	10.572 2.27086,
	10.5752 2.26703,
	10.5792 2.26045,
	10.5806 2.25674,
	10.5784 2.24244,
	10.5777 2.23525,
	10.5816 2.22778,
	10.585 2.22575,
	10.5857 2.22389,
	10.5928 2.22163,
	10.5962 2.2196,
	10.5981 2.21948,
	10.603 2.21374,
	10.6167 2.20474,
	10.6308 2.19932,
	10.6597 2.19658,
	10.6671 2.19791,
	10.6744 2.19745,
	10.704 2.20191,
	10.7114 2.20325,
	10.719 2.20639,
	10.7317 2.21552,
	10.7366 2.21973,
	10.7521 2.22961,
	10.7598 2.23366,
	10.7748 2.23908,
	10.7823 2.24135,
	10.7862 2.24383,
	10.788 2.24373,
	10.79 2.24542,
	10.7974 2.2468,
	10.7992 2.24669,
	10.8011 2.24839,
	10.816 2.25206,
	10.8234 2.25345,
	10.8271 2.25415,
	10.8291 2.25584,
	10.8583 2.25697,
	10.8878 2.26084,
	10.9024 2.26189,
	10.9062 2.26351,
	10.9208 2.26457,
	10.9505 2.27215,
	10.9579 2.2745,
	10.9597 2.27441,
	10.9617 2.27612,
	10.9653 2.27595,
	10.9802 2.28066,
	10.9878 2.28483,
	10.9901 2.31368,
	10.9907 2.3209,
	10.9863 2.33471,
	10.986 2.34198,
	10.9817 2.35671,
	10.9756 2.37153,
	10.9716 2.37809,
	10.969 2.38094,
	10.9684 2.38461,
	10.9585 2.39692,
	10.9525 2.40177,
	10.9491 2.40467,
	10.9474 2.40658,
	10.9403 2.40876,
	10.9387 2.41066,
	10.9101 2.41668,
	10.8959 2.42106,
	10.8824 2.43362,
	10.8539 2.43969,
	10.8504 2.4417,
	10.8432 2.44209,
	10.8397 2.44411,
	10.8254 2.44672,
	10.8184 2.44893,
	10.8039 2.44973,
	10.8002 2.44811,
	10.7984 2.44822,
	10.7964 2.4465,
	10.7928 2.44671,
	10.7863 2.44433,
	10.7826 2.44363,
	10.7816 2.44186,
	10.778 2.44207,
	10.7745 2.44409,
	10.7568 2.47157,
	10.747 2.48491,
	10.7345 2.49752,
	10.7216 2.5065,
	10.718 2.50671,
	10.704 2.51211,
	10.697 2.51436,
	10.6934 2.51458,
	10.6865 2.51866,
	10.6725 2.52318,
	10.669 2.52521,
	10.6654 2.52544,
	10.662 2.52748,
	10.6602 2.52759,
	10.6586 2.52952,
	10.655 2.52975,
	10.6516 2.53179,
	10.6374 2.53451,
	10.6304 2.53678,
	10.6019 2.53953,
	"/>
</Transform>

<Transform dim="0"
 xcoef=" 0 1 0 0 0 0"
 ycoef=" 0 0 1 0 0 0">
<Contour name="d26serb31" hidden="false" closed="true" simplified="true" border="1 0 0" fill="1 0 0" mode="11"
 points="12.6761 6.49125,
	12.6768 6.47914,
	12.6661 6.48001,
	12.6668 6.46787,
	12.6774 6.467,
	12.678 6.45484,
	12.6887 6.45397,
	12.688 6.46613,
	12.6986 6.46526,
	12.6979 6.47741,
	12.6873 6.47827,
	12.6867 6.49038,
	"/>
</Transform>

<Transform dim="0"
 xcoef=" 0 1 0 0 0 0"
 ycoef=" 0 0 1 0 0 0">
<Contour name="d42p25" hidden="false" closed="true" simplified="true" border="1 0 0" fill="1 0 0" mode="11"
 points="18.0075 5.92766,
	17.992 5.90285,
	18.0199 5.90089,
	"/>
</Transform>

<Transform dim="0"
 xcoef=" 0 1 0 0 0 0"
 ycoef=" 0 0 1 0 0 0">
<Contour name="d42sern25" hidden="false" closed="true" simplified="true" border="1 0 0" fill="1 0 0" mode="11"
 points="17.8936 5.92187,
	17.8928 5.90828,
	17.8794 5.90934,
	17.8786 5.89576,
	17.8921 5.89471,
	17.8913 5.88119,
	17.9049 5.88014,
	17.9056 5.89366,
	17.9191 5.89261,
	17.9199 5.90616,
	17.9064 5.90721,
	17.9072 5.9208,
	"/>
</Transform>

<Transform dim="0"
 xcoef=" 0 1 0 0 0 0"
 ycoef=" 0 0 1 0 0 0">
<Contour name="d26p31" hidden="false" closed="true" simplified="true" border="1 0 0" fill="1 0 0" mode="11"
 points="12.7096 6.61327,
	12.6928 6.57678,
	12.7289 6.57367,
	"/>
</Transform>

<Transform dim="0"
 xcoef=" 0 1 0 0 0 0"
 ycoef=" 0 0 1 0 0 0">
<Contour name="d26c31" hidden="false" closed="true" simplified="true" border="0 0 1" fill="0 0 1" mode="11"
 points="12.7226 6.70806,
	12.7113 6.70664,
	12.6893 6.70038,
	12.6837 6.6984,
	12.6808 6.69782,
	12.6793 6.6963,
	12.6765 6.69571,
	12.6751 6.69583,
	12.6743 6.69425,
	12.6694 6.69302,
	12.6686 6.69143,
	12.6673 6.69155,
	12.6623 6.68701,
	12.6594 6.68395,
	12.6558 6.67846,
	12.6558 6.67682,
	12.6544 6.67529,
	12.6523 6.66886,
	12.6517 6.6557,
	12.6517 6.65487,
	12.6532 6.65393,
	12.6533 6.65063,
	12.6584 6.64443,
	12.67 6.64101,
	12.6729 6.63912,
	12.696 6.63634,
	12.7189 6.63514,
	12.7642 6.63834,
	12.7754 6.63807,
	12.7978 6.63999,
	12.809 6.64216,
	12.8193 6.6485,
	12.822 6.6515,
	12.8247 6.65777,
	12.825 6.6708,
	12.8249 6.67735,
	12.8241 6.68069,
	12.8241 6.68232,
	12.8219 6.68582,
	12.8211 6.68916,
	12.819 6.69265,
	12.8161 6.69457,
	12.8147 6.69635,
	12.8133 6.6965,
	12.8125 6.69822,
	12.8013 6.70101,
	12.7564 6.70559,
	12.7451 6.70753,
	"/>
</Transform>

<Transform dim="0"
 xcoef=" 0 1 0 0 0 0"
 ycoef=" 0 0 1 0 0 0">
<Contour name="d39sp38" hidden="false" closed="true" simplified="true" border="1 0 0" fill="1 0 0" mode="11"
 points="16.0118 7.57872,
	16.0004 7.57551,
	15.9947 7.57133,
	15.9911 7.56561,
	15.989 7.55984,
	15.9854 7.5366,
	15.9833 7.51336,
	15.979 7.49029,
	15.9782 7.48451,
	15.9767 7.48313,
	15.9702 7.46022,
	15.9666 7.4488,
	15.9617 7.43745,
	15.9594 7.43177,
	15.9594 7.43032,
	15.9572 7.42752,
	15.9535 7.41613,
	15.9535 7.41469,
	15.9522 7.41402,
	15.9521 7.41114,
	15.9506 7.40832,
	15.9453 7.38549,
	15.9429 7.36259,
	15.9414 7.35689,
	15.9413 7.3454,
	15.9412 7.33966,
	15.9411 7.33678,
	15.9411 7.33606,
	15.9426 7.33314,
	15.9425 7.33026,
	15.9446 7.32446,
	15.9481 7.31932,
	15.9695 7.29772,
	15.981 7.28937,
	15.9859 7.28412,
	16.0081 7.26803,
	16.0309 7.25467,
	16.0424 7.25122,
	16.0539 7.24919,
	16.1 7.24732,
	16.1114 7.24734,
	16.1228 7.24589,
	16.1286 7.24696,
	16.1315 7.24677,
	16.1329 7.24813,
	16.1359 7.24866,
	16.1416 7.25191,
	16.1444 7.25243,
	16.1495 7.25572,
	16.1523 7.2577,
	16.1538 7.25759,
	16.1653 7.26693,
	16.1767 7.27408,
	16.1824 7.27802,
	16.2052 7.29009,
	16.2158 7.29583,
	16.2215 7.29974,
	16.2258 7.30523,
	16.2335 7.31407,
	16.2484 7.33552,
	16.2533 7.34098,
	16.2596 7.3522,
	16.2604 7.35507,
	16.2639 7.36067,
	16.2709 7.38362,
	16.2717 7.3953,
	16.2738 7.40693,
	16.2887 7.45325,
	16.2901 7.47689,
	16.2888 7.47994,
	16.2873 7.48152,
	16.2873 7.483,
	16.2768 7.49103,
	16.2654 7.49686,
	16.2428 7.50552,
	16.2314 7.50983,
	16.2257 7.51383,
	16.22 7.51636,
	16.2171 7.51724,
	16.2144 7.51961,
	16.203 7.52389,
	16.2 7.52477,
	16.1987 7.52484,
	16.1958 7.52721,
	16.193 7.52735,
	16.1816 7.5316,
	16.1802 7.53167,
	16.1795 7.53318,
	16.1568 7.53575,
	16.1511 7.53823,
	16.1482 7.53983,
	16.1468 7.5399,
	16.1439 7.54224,
	16.1325 7.54645,
	16.1212 7.55286,
	16.1183 7.55372,
	16.117 7.55525,
	16.1055 7.56016,
	16.1041 7.56022,
	16.1026 7.56177,
	16.0572 7.57176,
	16.0458 7.57369,
	16.043 7.57381,
	16.0401 7.57538,
	16.0288 7.57804,
	"/>
</Transform>

<Transform dim="0"
 xcoef=" 0 1 0 0 0 0"
 ycoef=" 0 0 1 0 0 0">
<Contour name="d30p13" hidden="false" closed="true" simplified="true" border="1 0 0" fill="1 0 0" mode="11"
 points="10.0707 4.19403,
	10.0455 4.15192,
	10.0906 4.14901,
	"/>
</Transform>

<Transform dim="0"
 xcoef=" 0 1 0 0 0 0"
 ycoef=" 0 0 1 0 0 0">
<Contour name="d30c14" hidden="false" closed="true" simplified="true" border="0 0 1" fill="0 0 1" mode="11"
 points="10.8663 2.30466,
	10.8522 2.30238,
	10.8487 2.30171,
	10.8469 2.30095,
	10.8452 2.30104,
	10.8442 2.30022,
	10.8407 2.29998,
	10.8372 2.29888,
	10.8302 2.29797,
	10.8231 2.2962,
	10.8213 2.29544,
	10.8196 2.29554,
	10.8124 2.29292,
	10.8115 2.2921,
	10.8106 2.29215,
	10.8097 2.29134,
	10.8061 2.29025,
	10.8025 2.2883,
	10.8016 2.28749,
	10.7998 2.28716,
	10.7925 2.2824,
	10.7853 2.28023,
	10.7845 2.28028,
	10.7835 2.27947,
	10.78 2.27881,
	10.7782 2.27849,
	10.7773 2.27768,
	10.7702 2.27551,
	10.7684 2.27475,
	10.7675 2.2748,
	10.767 2.27397,
	10.7661 2.27402,
	10.7625 2.27165,
	10.7552 2.26821,
	10.7419 2.25954,
	10.7401 2.25879,
	10.7391 2.25756,
	10.7382 2.25761,
	10.7363 2.256,
	10.735 2.25523,
	10.7275 2.24923,
	10.7257 2.24806,
	10.7152 2.23753,
	10.7132 2.23465,
	10.7122 2.23384,
	10.7121 2.23299,
	10.7098 2.23056,
	10.7083 2.22893,
	10.7074 2.22813,
	10.7062 2.22477,
	10.7052 2.22354,
	10.7049 2.22012,
	10.7048 2.21842,
	10.7047 2.21799,
	10.7055 2.21708,
	10.7053 2.21537,
	10.7089 2.20142,
	10.7126 2.19432,
	10.7137 2.19254,
	10.7165 2.19022,
	10.7177 2.18886,
	10.7245 2.18716,
	10.7315 2.18674,
	10.7456 2.18847,
	10.7527 2.19019,
	10.7536 2.19099,
	10.7545 2.19094,
	10.7554 2.19174,
	10.7563 2.19169,
	10.7568 2.19252,
	10.7585 2.19241,
	10.7603 2.19316,
	10.7612 2.19311,
	10.7621 2.19391,
	10.7693 2.1965,
	10.7729 2.19757,
	10.7747 2.1979,
	10.7756 2.1987,
	10.7792 2.19935,
	10.7828 2.20086,
	10.7845 2.20076,
	10.7855 2.20156,
	10.7997 2.20546,
	10.8033 2.20612,
	10.8042 2.20693,
	10.8327 2.21521,
	10.8398 2.21696,
	10.8541 2.22177,
	10.8577 2.22286,
	10.8586 2.22282,
	10.8595 2.22363,
	10.863 2.2243,
	10.864 2.22511,
	10.8782 2.22908,
	10.8791 2.22904,
	10.88 2.22985,
	10.8817 2.22976,
	10.8827 2.23057,
	10.8898 2.23235,
	10.8915 2.23269,
	10.8924 2.23264,
	10.8929 2.23348,
	10.9 2.23526,
	10.9071 2.23791,
	10.909 2.2391,
	10.9098 2.23906,
	10.9108 2.23987,
	10.9116 2.23983,
	10.9189 2.24334,
	10.9253 2.24732,
	10.9305 2.25351,
	10.9333 2.26027,
	10.9338 2.26713,
	10.934 2.26884,
	10.9319 2.27584,
	10.9286 2.2829,
	10.9275 2.28468,
	10.9275 2.28554,
	10.9252 2.28911,
	10.924 2.29003,
	10.9208 2.29321,
	10.9192 2.29459,
	10.9183 2.29463,
	10.9167 2.29601,
	10.915 2.29652,
	10.9142 2.29743,
	10.9007 2.302,
	10.8939 2.30321,
	10.8801 2.30436,
	"/>
</Transform>

<Transform dim="0"
 xcoef=" 0 1 0 0 0 0"
 ycoef=" 0 0 1 0 0 0">
<Contour name="d56cfa26" hidden="false" closed="true" simplified="true" border="0 1 0" fill="0 1 0" mode="11"
 points="17.4793 12.6321,
	17.4626 12.6263,
	17.4541 12.6234,
	17.45 12.6214,
	17.4329 12.6089,
	17.4244 12.6033,
	17.3907 12.5875,
	17.3822 12.5836,
	17.3652 12.572,
	17.3567 12.5659,
	17.3524 12.5629,
	17.3503 12.5609,
	17.3266 12.528,
	17.3205 12.5198,
	17.3188 12.5156,
	17.3131 12.4822,
	17.3115 12.4738,
	17.3108 12.4697,
	17.3107 12.4676,
	17.3107 12.467,
	17.313 12.4502,
	17.3139 12.446,
	17.3153 12.4444,
	17.3234 12.4426,
	17.3276 12.443,
	17.3296 12.443,
	17.338 12.4471,
	17.3401 12.448,
	17.3533 12.4645,
	17.3765 12.4974,
	17.3896 12.5138,
	17.3962 12.5219,
	17.4119 12.5378,
	17.4289 12.5478,
	17.4373 12.5528,
	17.4714 12.5765,
	17.48 12.5825,
	17.5139 12.6036,
	17.5224 12.6091,
	17.5267 12.6121,
	17.5283 12.6142,
	17.5289 12.6162,
	17.5295 12.6173,
	17.5261 12.6215,
	17.5222 12.6243,
	17.506 12.6309,
	17.4896 12.6319,
	"/>
</Transform>

<Transform dim="0"
 xcoef=" 0 1 0 0 0 0"
 ycoef=" 0 0 1 0 0 0">
<Contour name="d56c26" hidden="false" closed="true" simplified="true" border="0 0 1" fill="0 0 1" mode="11"
 points="17.4901 12.6532,
	17.4818 12.6528,
	17.4757 12.653,
	17.4714 12.6516,
	17.4693 12.6511,
	17.4683 12.6512,
	17.4676 12.6501,
	17.4656 12.6501,
	17.4645 12.6491,
	17.4604 12.6481,
	17.4593 12.6482,
	17.4587 12.6472,
	17.4418 12.6419,
	17.4407 12.6408,
	17.4397 12.6408,
	17.4376 12.6394,
	17.4354 12.6389,
	17.4344 12.6389,
	17.4323 12.6374,
	17.428 12.6359,
	17.427 12.6359,
	17.4259 12.6349,
	17.4217 12.6339,
	17.4046 12.6255,
	17.4036 12.6255,
	17.3993 12.6225,
	17.3913 12.6179,
	17.3832 12.6124,
	17.3794 12.6098,
	17.3752 12.6062,
	17.373 12.6041,
	17.3692 12.6016,
	17.3616 12.5945,
	17.3589 12.5913,
	17.3567 12.5893,
	17.3539 12.5862,
	17.3522 12.5841,
	17.3512 12.5836,
	17.3512 12.5826,
	17.3435 12.5749,
	17.3298 12.5595,
	17.3265 12.5558,
	17.3214 12.548,
	17.3186 12.5438,
	17.3146 12.536,
	17.3124 12.5324,
	17.3124 12.5314,
	17.3112 12.5308,
	17.3112 12.5298,
	17.3079 12.5256,
	17.3003 12.5089,
	17.2978 12.5004,
	17.2955 12.4836,
	17.2953 12.4793,
	17.2952 12.4788,
	17.2956 12.4767,
	17.2956 12.4757,
	17.2965 12.4745,
	17.2964 12.4725,
	17.2974 12.4703,
	17.2974 12.4692,
	17.2983 12.4682,
	17.2992 12.4639,
	17.2991 12.4628,
	17.3001 12.4618,
	17.3015 12.4575,
	17.3019 12.4554,
	17.3032 12.4532,
	17.3032 12.4522,
	17.3062 12.4478,
	17.3086 12.4446,
	17.3107 12.4435,
	17.3116 12.4424,
	17.3126 12.4424,
	17.3141 12.4408,
	17.3182 12.4391,
	17.3347 12.4376,
	17.3368 12.4375,
	17.3389 12.4386,
	17.341 12.4386,
	17.3431 12.4395,
	17.3442 12.4395,
	17.3452 12.4406,
	17.3494 12.4415,
	17.3574 12.4451,
	17.3659 12.4502,
	17.3676 12.4521,
	17.3762 12.4578,
	17.3832 12.464,
	17.3909 12.4712,
	17.3946 12.4742,
	17.4006 12.4794,
	17.4082 12.4866,
	17.4126 12.4907,
	17.4197 12.4968,
	17.4207 12.4984,
	17.4229 12.5005,
	17.4346 12.5155,
	17.4457 12.5316,
	17.4513 12.5398,
	17.4536 12.544,
	17.4547 12.545,
	17.4547 12.5461,
	17.4575 12.5502,
	17.4582 12.5523,
	17.4903 12.5715,
	17.494 12.5741,
	17.4961 12.5745,
	17.5 12.5776,
	17.5074 12.5822,
	17.5112 12.5852,
	17.5134 12.5868,
	17.5145 12.5883,
	17.5166 12.5893,
	17.5183 12.5914,
	17.5215 12.5939,
	17.5253 12.5981,
	17.527 12.5996,
	17.5271 12.6007,
	17.5321 12.6078,
	17.5332 12.6099,
	17.5333 12.6121,
	17.5345 12.6131,
	17.5357 12.6173,
	17.5361 12.6256,
	17.5352 12.6278,
	17.5353 12.6289,
	17.5333 12.631,
	17.5278 12.6375,
	17.5259 12.6396,
	17.5249 12.6407,
	17.5239 12.6407,
	17.5219 12.6424,
	17.5209 12.6439,
	17.5169 12.6473,
	17.5088 12.6511,
	17.5068 12.6522,
	"/>
</Transform>

<Transform dim="0"
 xcoef=" 0 1 0 0 0 0"
 ycoef=" 0 0 1 0 0 0">
<Contour name="d50cfa22" hidden="false" closed="false" simplified="true" border="1 0 0" fill="1 0 0" mode="11"
 points="18.4149 11.3663,
	18.3993 11.3753,
	18.3811 11.3844,
	18.3589 11.3862,
	18.3271 11.3896,
	18.3067 11.4073,
	18.2888 11.4286,
	18.2612 11.4634,
	"/>
</Transform>

<Transform dim="0"
 xcoef=" 0 1 0 0 0 0"
 ycoef=" 0 0 1 0 0 0">
<Contour name="d50cfa22" hidden="false" closed="false" simplified="true" border="1 0 0" fill="1 0 0" mode="11"
 points="18.6548 11.229,
	18.6311 11.2434,
	18.6079 11.2528,
	18.5796 11.2656,
	18.5529 11.2857,
	18.5198 11.3224,
	"/>
</Transform>

<Transform dim="0"
 xcoef=" 0 1 0 0 0 0"
 ycoef=" 0 0 1 0 0 0">
<Contour name="d26cfa31" hidden="false" closed="false" simplified="true" border="1 0 0" fill="1 0 0" mode="11"
 points="12.6568 6.65185,
	12.6808 6.662,
	12.704 6.66872,
	12.723 6.67371,
	12.7358 6.67453,
	12.78 6.67289,
	12.8024 6.66929,
	12.8219 6.66266,
	"/>
</Transform>

<Transform dim="0"
 xcoef=" 0 1 0 0 0 0"
 ycoef=" 0 0 1 0 0 0">
<Contour name="d30cfa14" hidden="false" closed="false" simplified="true" border="0 1 0" fill="1 0 0" mode="11"
 points="10.7071 2.21337,
	10.7187 2.22256,
	10.7446 2.23939,
	10.7714 2.25126,
	10.7971 2.25899,
	10.8277 2.26649,
	10.8727 2.274,
	10.9248 2.2834,
	"/>
</Transform>

<Transform dim="0"
 xcoef=" 0 1 0 0 0 0"
 ycoef=" 0 0 1 0 0 0">
<Contour name="mito09" hidden="false" closed="false" simplified="true" border="1 0 0" fill="1 0 0" mode="9"
 points="5.9577 13.426,
	5.94658 13.1087,
	"/>
</Transform>

<Transform dim="1"
 xcoef=" -0.56 1 0 0 0 0"
 ycoef=" 0.06 0 1 0 0 0">
<Contour name="D08" hidden="false" closed="true" simplified="true" border="1 0 0" fill="1 0 0" mode="11"
 points="10.6947 12.803,
	10.6677 12.7993,
	10.6431 12.7865,
	10.6232 12.766,
	10.6049 12.7103,
	10.6082 12.6804,
	10.6196 12.6532,
	10.6382 12.6312,
	10.662 12.6168,
	10.6888 12.6112,
	10.716 12.615,
	10.7408 12.6279,
	10.7608 12.6485,
	10.7741 12.6748,
	10.7792 12.7043,
	10.7758 12.734,
	10.7641 12.7611,
	10.7454 12.7829,
	10.7215 12.7974,
	"/>
</Transform>

<Transform dim="0"
 xcoef=" 0 1 0 0 0 0"
 ycoef=" 0 0 1 0 0 0">
<Contour name="d60p40" hidden="false" closed="true" simplified="false" border="1 0 0" fill="1 0 0" mode="-13"
 points="13.9315 11.3056,
	13.9081 11.2822,
	13.9315 11.2589,
	13.9548 11.2822,
	"/>
</Transform>

<Transform dim="0"
 xcoef=" 0 1 0 0 0 0"
 ycoef=" 0 0 1 0 0 0">
<Contour name="d60sp38" hidden="false" closed="true" simplified="true" border="1 0 0" fill="1 0 0" mode="11"
 points="15.3965 11.034,
	15.4 11.0259,
	15.4025 11.0219,
	15.4101 11.0144,
	15.4262 11.0048,
	15.4302 11.0028,
	15.4312 11.0018,
	15.4392 10.9993,
	15.4433 10.9973,
	15.4443 10.9973,
	15.4453 10.9963,
	15.4493 10.9958,
	15.4513 10.9953,
	15.4523 10.9953,
	15.4533 10.9943,
	15.4614 10.9923,
	15.4694 10.9892,
	15.476 10.9812,
	15.48 10.9787,
	15.484 10.9752,
	15.488 10.9726,
	15.5041 10.9666,
	15.5202 10.9636,
	15.5282 10.9616,
	15.5363 10.9606,
	15.5685 10.9596,
	15.6007 10.9606,
	15.6087 10.9616,
	15.6167 10.9646,
	15.6188 10.9656,
	15.6228 10.9661,
	15.6308 10.9691,
	15.6389 10.9742,
	15.6545 10.9897,
	15.6565 10.9918,
	15.6575 10.9938,
	15.6575 10.9948,
	15.664 11.0028,
	15.666 11.0068,
	15.666 11.0078,
	15.669 11.0119,
	15.6705 11.0139,
	15.6715 11.0149,
	15.6715 11.0159,
	15.6731 11.0174,
	15.6746 11.0214,
	15.6771 11.0254,
	15.6776 11.0275,
	15.6786 11.0285,
	15.6791 11.0325,
	15.6821 11.0405,
	15.6846 11.0566,
	15.6856 11.0888,
	15.6851 11.0968,
	15.6846 11.1009,
	15.6786 11.117,
	15.6766 11.121,
	15.6746 11.123,
	15.6736 11.124,
	15.6736 11.125,
	15.6675 11.1331,
	15.66 11.1406,
	15.6524 11.1461,
	15.6504 11.1471,
	15.6484 11.1491,
	15.6464 11.1496,
	15.6384 11.1557,
	15.6343 11.1567,
	15.6303 11.1592,
	15.6263 11.1607,
	15.6183 11.1657,
	15.6162 11.1672,
	15.6152 11.1672,
	15.5996 11.1818,
	15.5921 11.1889,
	15.5881 11.1929,
	15.58 11.1989,
	15.576 11.2019,
	15.572 11.2039,
	15.5639 11.2065,
	15.5619 11.2075,
	15.5579 11.2075,
	15.5499 11.2095,
	15.5458 11.2095,
	15.5418 11.211,
	15.5398 11.211,
	15.5378 11.212,
	15.5217 11.213,
	15.5137 11.2125,
	15.5056 11.2095,
	15.4976 11.2045,
	15.49 11.1969,
	15.486 11.1929,
	15.483 11.1889,
	15.4744 11.1728,
	15.4649 11.1567,
	15.4604 11.1486,
	15.4584 11.1446,
	15.4357 11.1124,
	15.4252 11.0963,
	15.4071 11.0647,
	15.4061 11.0606,
	15.4051 11.0586,
	15.403 11.0566,
	15.403 11.0556,
	15.3985 11.0481,
	15.397 11.0441,
	15.3965 11.036,
	15.3965 11.0345,
	"/>
</Transform>

<Transform dim="0"
 xcoef=" 0 1 0 0 0 0"
 ycoef=" 0 0 1 0 0 0">
<Contour name="d60sp39" hidden="false" closed="true" simplified="true" border="1 0 0" fill="1 0 0" mode="11"
 points="13.0817 10.9248,
	13.0832 10.9218,
	13.0832 10.921,
	13.0844 10.9195,
	13.0847 10.9179,
	13.0867 10.9149,
	13.0867 10.9133,
	13.0893 10.9072,
	13.0909 10.9011,
	13.0913 10.8995,
	13.092 10.8988,
	13.0924 10.8957,
	13.0932 10.8942,
	13.0932 10.8926,
	13.0951 10.8865,
	13.0962 10.8804,
	13.097 10.8773,
	13.0974 10.8528,
	13.0982 10.8405,
	13.0985 10.8375,
	13.1005 10.8313,
	13.102 10.8283,
	13.102 10.8267,
	13.1035 10.8237,
	13.1043 10.8206,
	13.1074 10.8145,
	13.1074 10.8137,
	13.1089 10.8122,
	13.11 10.8091,
	13.112 10.8068,
	13.112 10.806,
	13.1158 10.8003,
	13.1181 10.7972,
	13.1192 10.7957,
	13.1204 10.7949,
	13.1219 10.7922,
	13.1234 10.7907,
	13.1242 10.7899,
	13.125 10.7899,
	13.1269 10.7873,
	13.1292 10.7853,
	13.1323 10.783,
	13.1334 10.7819,
	13.1365 10.7815,
	13.138 10.7811,
	13.1407 10.7792,
	13.1415 10.7784,
	13.1476 10.7769,
	13.1484 10.7769,
	13.1491 10.7761,
	13.1499 10.7761,
	13.1514 10.775,
	13.1522 10.775,
	13.153 10.7742,
	13.1652 10.77,
	13.171 10.7677,
	13.1771 10.7662,
	13.1802 10.7654,
	13.1863 10.7654,
	13.1924 10.7666,
	13.1955 10.7669,
	13.1986 10.7681,
	13.1993 10.7689,
	13.1936 10.7746,
	13.1886 10.7804,
	13.1859 10.783,
	13.1852 10.7838,
	13.1852 10.7846,
	13.1829 10.7873,
	13.1817 10.7888,
	13.1809 10.7896,
	13.1809 10.7903,
	13.1794 10.7915,
	13.1794 10.7922,
	13.1752 10.798,
	13.1737 10.8007,
	13.1694 10.8068,
	13.1683 10.8083,
	13.1671 10.8114,
	13.1633 10.8175,
	13.1622 10.8202,
	13.1622 10.821,
	13.1614 10.8214,
	13.1587 10.8275,
	13.1572 10.8306,
	13.1564 10.8317,
	13.156 10.8348,
	13.1553 10.8363,
	13.1553 10.8371,
	13.1545 10.8378,
	13.1537 10.8409,
	13.1537 10.8417,
	13.1526 10.8432,
	13.1484 10.8555,
	13.1449 10.8677,
	13.1438 10.8739,
	13.1434 10.8754,
	13.1426 10.8762,
	13.1426 10.8792,
	13.1403 10.8915,
	13.1392 10.8976,
	13.1365 10.9222,
	13.1361 10.9344,
	13.1353 10.9406,
	13.1346 10.9651,
	13.1342 10.9773,
	13.1342 10.9804,
	13.1403 11.0049,
	13.1411 11.008,
	13.1415 11.0088,
	13.1407 11.0092,
	13.138 11.0061,
	13.1369 11.0053,
	13.1357 11.0038,
	13.1342 11.0034,
	13.1319 11.0011,
	13.1307 10.9996,
	13.125 10.9954,
	13.1234 10.9938,
	13.1208 10.9919,
	13.1177 10.9892,
	13.1162 10.9877,
	13.1154 10.9865,
	13.1127 10.9839,
	13.1085 10.9789,
	13.1051 10.9739,
	13.1031 10.9712,
	13.1005 10.9685,
	13.0993 10.9674,
	13.0993 10.9666,
	13.0951 10.9616,
	13.0932 10.9589,
	13.0924 10.9582,
	13.0924 10.9574,
	13.0901 10.9543,
	13.089 10.9528,
	13.089 10.952,
	13.087 10.949,
	13.0828 10.9367,
	13.0817 10.9306,
	13.0817 10.9275,
	13.0817 10.926,
	13.0817 10.9252,
	"/>
</Transform>

<Transform dim="0"
 xcoef=" 0 1 0 0 0 0"
 ycoef=" 0 0 1 0 0 0">
<Contour name="d60sp40" hidden="false" closed="true" simplified="true" border="1 0 0" fill="1 0 0" mode="11"
 points="13.8306 11.3511,
	13.8315 11.3507,
	13.8383 11.3561,
	13.8387 11.357,
	13.8396 11.357,
	13.8428 11.3592,
	13.8437 11.3601,
	13.8446 11.3601,
	13.8482 11.3628,
	13.8491 11.3637,
	13.85 11.3637,
	13.8531 11.3664,
	13.8549 11.3669,
	13.8616 11.3714,
	13.8621 11.3723,
	13.863 11.3723,
	13.8648 11.3736,
	13.8684 11.375,
	13.8702 11.3759,
	13.872 11.3759,
	13.8792 11.379,
	13.881 11.3795,
	13.8828 11.3808,
	13.8837 11.3808,
	13.8846 11.3817,
	13.8882 11.3821,
	13.8891 11.383,
	13.8926 11.3844,
	13.8944 11.3848,
	13.8962 11.3862,
	13.9034 11.388,
	13.907 11.3902,
	13.9079 11.3902,
	13.9084 11.3911,
	13.9156 11.3938,
	13.9192 11.3943,
	13.9263 11.397,
	13.9281 11.3979,
	13.9299 11.3979,
	13.9331 11.3997,
	13.9475 11.4033,
	13.9618 11.406,
	13.969 11.4069,
	13.9726 11.4078,
	13.987 11.4087,
	13.9942 11.4096,
	13.9978 11.41,
	14.0265 11.4078,
	14.0337 11.4073,
	14.0355 11.4069,
	14.0373 11.4073,
	14.0351 11.4145,
	14.0337 11.4181,
	14.0337 11.4199,
	14.031 11.4271,
	14.0297 11.4307,
	14.0292 11.4325,
	14.0283 11.4334,
	14.0274 11.437,
	14.0189 11.4513,
	14.0139 11.4576,
	14.0135 11.459,
	14.0086 11.4657,
	14.0072 11.4675,
	14.0072 11.4684,
	14.0063 11.4693,
	14.0063 11.4702,
	14.0014 11.4769,
	13.9996 11.4805,
	13.9973 11.4832,
	13.9946 11.4868,
	13.9928 11.4904,
	13.9879 11.4972,
	13.9856 11.5008,
	13.9847 11.5021,
	13.9789 11.5084,
	13.9758 11.5111,
	13.974 11.5129,
	13.9717 11.5156,
	13.969 11.5174,
	13.9627 11.5228,
	13.9564 11.5273,
	13.9555 11.5286,
	13.9537 11.53,
	13.9528 11.53,
	13.9528 11.5309,
	13.9461 11.5371,
	13.9403 11.5425,
	13.9335 11.5475,
	13.9322 11.5493,
	13.9317 11.5502,
	13.9308 11.5502,
	13.929 11.552,
	13.9259 11.5542,
	13.9254 11.5551,
	13.9245 11.5551,
	13.9183 11.5596,
	13.9165 11.5605,
	13.9156 11.5614,
	13.9147 11.5614,
	13.9111 11.5637,
	13.9102 11.5637,
	13.9088 11.565,
	13.907 11.5654,
	13.9061 11.5654,
	13.9043 11.5668,
	13.9034 11.5668,
	13.9025 11.5677,
	13.8953 11.5699,
	13.8917 11.5708,
	13.8882 11.5708,
	13.8846 11.569,
	13.881 11.5659,
	13.8778 11.5637,
	13.8769 11.5637,
	13.8738 11.5605,
	13.8697 11.5547,
	13.8643 11.5484,
	13.8643 11.5475,
	13.8598 11.5403,
	13.8576 11.5367,
	13.8563 11.5336,
	13.8549 11.5318,
	13.8545 11.53,
	13.8522 11.5268,
	13.8495 11.5196,
	13.8486 11.5178,
	13.8486 11.5169,
	13.8477 11.516,
	13.8468 11.5124,
	13.8468 11.5115,
	13.8459 11.5106,
	13.845 11.5035,
	13.8455 11.4459,
	13.845 11.4441,
	13.8455 11.4154,
	13.8441 11.401,
	13.8441 11.3974,
	13.8432 11.3956,
	13.8401 11.3813,
	13.8387 11.3777,
	13.8383 11.3759,
	13.8374 11.375,
	13.8374 11.3714,
	13.8365 11.3705,
	13.8351 11.3673,
	13.8347 11.3637,
	13.8324 11.3565,
	13.8315 11.3529,
	13.8306 11.3516,
	"/>
</Transform>

<Transform dim="0"
 xcoef=" 0 1 0 0 0 0"
 ycoef=" 0 0 1 0 0 0">
<Contour name="d60sp41" hidden="false" closed="true" simplified="true" border="1 0 0" fill="1 0 0" mode="11"
 points="13.623 9.90706,
	13.6306 9.88967,
	13.6361 9.88098,
	13.6393 9.87663,
	13.6393 9.87446,
	13.6545 9.85816,
	13.6697 9.84404,
	13.686 9.83209,
	13.6947 9.82665,
	13.6969 9.82448,
	13.7056 9.82339,
	13.7143 9.82448,
	13.7219 9.83209,
	13.7273 9.83861,
	13.7349 9.8549,
	13.7371 9.85925,
	13.7371 9.86142,
	13.7393 9.86251,
	13.7393 9.86686,
	13.7491 9.90163,
	13.7512 9.91901,
	13.7512 9.98855,
	13.748 10.0233,
	13.7458 10.0407,
	13.7393 10.0581,
	13.7273 10.0733,
	13.723 10.0755,
	13.7056 10.0744,
	13.7013 10.0733,
	13.6991 10.0711,
	13.6915 10.0679,
	13.6752 10.0537,
	13.6676 10.045,
	13.6643 10.0364,
	13.6621 10.0342,
	13.661 10.0255,
	13.6556 10.0168,
	13.6524 10.0135,
	13.6524 10.0114,
	13.6458 10.0027,
	13.6415 9.99398,
	13.6382 9.98963,
	13.6371 9.98529,
	13.6339 9.98094,
	13.6339 9.97877,
	13.6317 9.9766,
	13.6295 9.9679,
	13.6274 9.96356,
	13.6274 9.95921,
	13.6241 9.95052,
	13.623 9.91575,
	13.623 9.90814,
	"/>
</Transform>

<Transform dim="0"
 xcoef=" 0 1 0 0 0 0"
 ycoef=" 0 0 1 0 0 0">
<Contour name="d60sp42" hidden="false" closed="true" simplified="true" border="1 0 0" fill="1 0 0" mode="11"
 points="12.3782 11.1813,
	12.383 11.1704,
	12.3919 11.1601,
	12.3932 11.1574,
	12.396 11.1554,
	12.3987 11.1547,
	12.4014 11.1526,
	12.4028 11.1526,
	12.4028 11.1513,
	12.4137 11.1478,
	12.4192 11.1472,
	12.4403 11.156,
	12.4506 11.1629,
	12.4533 11.1642,
	12.4547 11.1642,
	12.4553 11.1656,
	12.4663 11.169,
	12.4772 11.1697,
	12.4826 11.1697,
	12.4881 11.1683,
	12.4929 11.1649,
	12.4949 11.1622,
	12.4956 11.1594,
	12.5031 11.1485,
	12.5093 11.1383,
	12.514 11.1335,
	12.5154 11.1328,
	12.5154 11.1315,
	12.5195 11.1287,
	12.5222 11.1281,
	12.5236 11.1267,
	12.5454 11.126,
	12.5563 11.1287,
	12.5673 11.1328,
	12.5686 11.1342,
	12.5741 11.1356,
	12.5795 11.1383,
	12.5809 11.1383,
	12.5823 11.1397,
	12.5836 11.1397,
	12.5891 11.1431,
	12.5993 11.1478,
	12.6048 11.1513,
	12.6075 11.1519,
	12.6089 11.1533,
	12.6103 11.1533,
	12.6116 11.1547,
	12.6171 11.1567,
	12.6184 11.1567,
	12.6191 11.1581,
	12.6246 11.1594,
	12.6355 11.1649,
	12.6464 11.1683,
	12.6519 11.1697,
	12.6628 11.1745,
	12.6683 11.1758,
	12.6792 11.1813,
	12.684 11.1847,
	12.6894 11.1867,
	12.7003 11.1943,
	12.7024 11.1963,
	12.7051 11.197,
	12.7106 11.2004,
	12.7126 11.2031,
	12.7228 11.2093,
	12.7256 11.212,
	12.7283 11.2134,
	12.729 11.2147,
	12.7304 11.2147,
	12.7406 11.2215,
	12.7461 11.2256,
	12.7474 11.227,
	12.7501 11.2277,
	12.7549 11.2311,
	12.7563 11.2325,
	12.7577 11.2325,
	12.7583 11.2338,
	12.7597 11.2338,
	12.7631 11.2372,
	12.7645 11.2372,
	12.774 11.2441,
	12.7788 11.2475,
	12.7815 11.2488,
	12.7836 11.2516,
	12.7849 11.2516,
	12.7938 11.2591,
	12.8136 11.2782,
	12.8184 11.283,
	12.8327 11.3028,
	12.8341 11.3055,
	12.8341 11.3068,
	12.8354 11.3082,
	12.8354 11.3096,
	12.8368 11.3109,
	12.8375 11.3137,
	12.8389 11.315,
	12.8423 11.326,
	12.843 11.3369,
	12.8409 11.3423,
	12.8341 11.3533,
	12.8334 11.356,
	12.83 11.3614,
	12.8211 11.371,
	12.8163 11.3737,
	12.8054 11.3819,
	12.8006 11.384,
	12.7952 11.3874,
	12.7925 11.3887,
	12.7918 11.3901,
	12.787 11.3921,
	12.7843 11.3921,
	12.7795 11.3956,
	12.7693 11.4003,
	12.7638 11.4024,
	12.7529 11.4038,
	12.742 11.4031,
	12.731 11.4003,
	12.7283 11.399,
	12.641 11.3833,
	12.6355 11.3819,
	12.6137 11.3799,
	12.5918 11.3792,
	12.57 11.3812,
	12.5482 11.3846,
	12.5263 11.3846,
	12.5154 11.384,
	12.5045 11.3819,
	12.499 11.3799,
	12.4963 11.3792,
	12.4936 11.3771,
	12.4915 11.3765,
	12.482 11.3696,
	12.4765 11.3655,
	12.4724 11.3614,
	12.4669 11.358,
	12.4629 11.3533,
	12.4615 11.3512,
	12.4567 11.3471,
	12.4492 11.3382,
	12.4417 11.328,
	12.4417 11.3266,
	12.439 11.3239,
	12.4356 11.3184,
	12.4335 11.3157,
	12.4315 11.3103,
	12.4301 11.3089,
	12.428 11.3041,
	12.4274 11.3014,
	12.4253 11.2993,
	12.426 11.2987,
	12.4199 11.2884,
	12.4185 11.2871,
	12.4185 11.2857,
	12.4151 11.2802,
	12.413 11.2782,
	12.4124 11.2755,
	12.4001 11.2543,
	12.3926 11.2441,
	12.3905 11.2386,
	12.3871 11.2338,
	12.3864 11.2311,
	12.3844 11.2284,
	12.3823 11.2175,
	12.3789 11.2065,
	12.3782 11.1847,
	12.3782 11.182,
	"/>
</Transform>

<Transform dim="0"
 xcoef=" 0 1 0 0 0 0"
 ycoef=" 0 0 1 0 0 0">
<Contour name="d60cfa42" hidden="false" closed="false" simplified="false" border="0 1 0" fill="1 0.5 0" mode="11"
 points="12.7851 11.3776,
	12.7169 11.368,
	12.6684 11.3598,
	12.6029 11.3496,
	"/>
</Transform>

<Transform dim="0"
 xcoef=" 0 1 0 0 0 0"
 ycoef=" 0 0 1 0 0 0">
<Contour name="d60c42" hidden="false" closed="true" simplified="true" border="0 0 1" fill="0 0 1" mode="11"
 points="12.5864 11.3539,
	12.5911 11.343,
	12.5925 11.3423,
	12.5932 11.3396,
	12.6021 11.3314,
	12.6068 11.328,
	12.6171 11.3239,
	12.6389 11.3198,
	12.6498 11.3191,
	12.6607 11.3198,
	12.6717 11.3232,
	12.6826 11.3253,
	12.688 11.3273,
	12.699 11.328,
	12.7208 11.3335,
	12.7426 11.341,
	12.7454 11.3417,
	12.7461 11.343,
	12.7515 11.3451,
	12.7529 11.3451,
	12.7542 11.3464,
	12.759 11.3478,
	12.7617 11.3485,
	12.7631 11.3485,
	12.7645 11.3498,
	12.7699 11.3519,
	12.7713 11.3519,
	12.7733 11.3539,
	12.7747 11.3539,
	12.7822 11.3628,
	12.7843 11.3683,
	12.7843 11.371,
	12.7856 11.3737,
	12.7856 11.3765,
	12.787 11.3792,
	12.789 11.401,
	12.789 11.4065,
	12.7856 11.4174,
	12.7856 11.4201,
	12.7843 11.4229,
	12.7843 11.4256,
	12.7829 11.4283,
	12.7829 11.4297,
	12.7815 11.4304,
	12.7795 11.4358,
	12.7761 11.4413,
	12.774 11.4426,
	12.7733 11.4454,
	12.7713 11.4467,
	12.7665 11.4515,
	12.7645 11.4522,
	12.7597 11.4556,
	12.7488 11.4597,
	12.7433 11.4618,
	12.7215 11.4624,
	12.7106 11.4631,
	12.7051 11.4618,
	12.6996 11.4618,
	12.6942 11.4604,
	12.6915 11.4604,
	12.6908 11.459,
	12.6853 11.4583,
	12.6744 11.4549,
	12.6717 11.4549,
	12.6662 11.4529,
	12.6648 11.4529,
	12.6642 11.4515,
	12.6587 11.4508,
	12.6369 11.442,
	12.6314 11.4406,
	12.6294 11.4386,
	12.628 11.4386,
	12.6184 11.431,
	12.6137 11.427,
	12.6116 11.4249,
	12.6116 11.4235,
	12.6075 11.4194,
	12.6055 11.4174,
	12.6055 11.416,
	12.6014 11.4113,
	12.5993 11.4099,
	12.5987 11.4072,
	12.5952 11.4017,
	12.5932 11.3997,
	12.5884 11.3887,
	12.5864 11.3778,
	12.5864 11.356,
	12.5864 11.3546,
	"/>
</Transform>

<Transform dim="0"
 xcoef=" 0 1 0 0 0 0"
 ycoef=" 0 0 1 0 0 0">
<Contour name="d56rb27" hidden="false" closed="true" simplified="false" border="0 0 1" fill="1 0 1" mode="11"
 points="16.908 12.0612,
	16.908 12.0578,
	16.9115 12.0543,
	16.915 12.0543,
	16.9184 12.0578,
	16.9184 12.0612,
	16.915 12.0647,
	16.9115 12.0647,
	"/>
<Contour name="d56rb27" hidden="false" closed="true" simplified="false" border="0 0 1" fill="1 0 1" mode="11"
 points="16.9342 12.1136,
	16.9342 12.1101,
	16.9376 12.1066,
	16.9411 12.1066,
	16.9446 12.1101,
	16.9446 12.1136,
	16.9411 12.1171,
	16.9376 12.1171,
	"/>
</Transform>

<Transform dim="0"
 xcoef=" 0 1 0 0 0 0"
 ycoef=" 0 0 1 0 0 0">
<Contour name="d56rb27" hidden="false" closed="true" simplified="false" border="0 0 1" fill="1 0 1" mode="11"
 points="16.956 12.0665,
	16.956 12.063,
	16.9595 12.0595,
	16.963 12.0595,
	16.9664 12.063,
	16.9664 12.0665,
	16.963 12.07,
	16.9595 12.07,
	"/>
</Transform>

<Transform dim="0"
 xcoef=" 0 1 0 0 0 0"
 ycoef=" 0 0 1 0 0 0">
<Image mag="0.002092" contrast="2.20971" brightness="-0.93" red="true" green="true" blue="true"
 src="180____z7.382.tif" />
<Contour name="domain1" hidden="false" closed="true" simplified="false" border="1 0 1" fill="1 0 1" mode="11"
 points="0 0,
	13944 0,
	13944 8150,
	0 8150,
	"/>
</Transform>

<Transform dim="0"
 xcoef=" 0 1 0 0 0 0"
 ycoef=" 0 0 1 0 0 0">
<Contour name="d60rh42" hidden="false" closed="true" simplified="false" border="0 0 1" fill="1 0 1" mode="11"
 points="12.5602 11.2597,
	12.5602 11.2548,
	12.5651 11.25,
	12.5699 11.25,
	12.5748 11.2548,
	12.5748 11.2597,
	12.5699 11.2645,
	12.5651 11.2645,
	"/>
<Contour name="d60rh42" hidden="false" closed="true" simplified="false" border="0 0 1" fill="1 0 1" mode="11"
 points="12.5506 11.2077,
	12.5506 11.2029,
	12.5554 11.198,
	12.5602 11.198,
	12.5651 11.2029,
	12.5651 11.2077,
	12.5602 11.2125,
	12.5554 11.2125,
	"/>
<Contour name="d60rh42" hidden="false" closed="true" simplified="false" border="0 0 1" fill="1 0 1" mode="11"
 points="12.5047 11.2282,
	12.5047 11.2234,
	12.5095 11.2186,
	12.5143 11.2186,
	12.5192 11.2234,
	12.5192 11.2282,
	12.5143 11.2331,
	12.5095 11.2331,
	"/>
</Transform>

</Section>