<?xml version="1.0"?>
<!DOCTYPE Section SYSTEM "section.dtd">

<Section index="17" thickness="0.046" alignLocked="true">
<Transform dim="0"
 xcoef=" 0 1 0 0 0 0"
 ycoef=" 0 0 1 0 0 0">
<Image mag="0.002086" contrast="2.8" brightness="-0.5" red="true" green="true" blue="true"
 src="018____z0.832.jpg" />
<Contour name="domain1" hidden="false" closed="true" simplified="false" border="1 0 1" fill="1 0 1" mode="11"
 points="0 0,
	16672 0,
	16672 16890,
	0 16890,
	"/>
</Transform>

<Transform dim="0"
 xcoef=" 0 1 0 0 0 0"
 ycoef=" 0 0 1 0 0 0">
<Contour name="D09" hidden="true" closed="true" simplified="true" border="0 1 0" fill="0 1 0" mode="11"
 points="14.4283 29.2856,
	14.4183 29.285,
	14.4084 29.2834,
	14.3988 29.2809,
	14.3896 29.2773,
	14.3811 29.2727,
	14.3731 29.2674,
	14.3661 29.2612,
	14.3598 29.2543,
	14.3546 29.247,
	14.3505 29.239,
	14.3475 29.2307,
	14.3457 29.2221,
	14.3451 29.2134,
	14.3457 29.2047,
	14.3475 29.1961,
	14.3505 29.1878,
	14.3546 29.1799,
	14.3598 29.1725,
	14.3661 29.1656,
	14.3731 29.1594,
	14.3811 29.1541,
	14.3896 29.1496,
	14.3988 29.1459,
	14.4084 29.1434,
	14.4183 29.1418,
	14.4283 29.1413,
	14.4383 29.1418,
	14.4483 29.1434,
	14.4579 29.1459,
	14.467 29.1496,
	14.4756 29.1541,
	14.4835 29.1594,
	14.4906 29.1656,
	14.4968 29.1725,
	14.502 29.1799,
	14.5062 29.1878,
	14.5091 29.1961,
	14.5109 29.2047,
	14.5116 29.2134,
	14.5109 29.2221,
	14.5091 29.2307,
	14.5062 29.239,
	14.502 29.247,
	14.4968 29.2543,
	14.4906 29.2612,
	14.4835 29.2674,
	14.4756 29.2727,
	14.467 29.2773,
	14.4579 29.2809,
	14.4483 29.2834,
	14.4383 29.285,
	"/>
</Transform>

<Transform dim="0"
 xcoef=" 0 1 0 0 0 0"
 ycoef=" 0 0 1 0 0 0">
<Contour name="D05" hidden="true" closed="true" simplified="true" border="1 1 0" fill="1 1 0" mode="11"
 points="16.3382 26.4474,
	16.3144 26.4449,
	16.2922 26.4375,
	16.273 26.4258,
	16.2583 26.4105,
	16.246 26.3736,
	16.2491 26.3545,
	16.2583 26.3367,
	16.273 26.3214,
	16.2922 26.3096,
	16.3144 26.3023,
	16.3382 26.2998,
	16.3621 26.3023,
	16.3844 26.3096,
	16.4035 26.3214,
	16.4181 26.3367,
	16.4274 26.3545,
	16.4305 26.3736,
	16.4274 26.3927,
	16.4181 26.4105,
	16.4035 26.4258,
	16.3844 26.4375,
	16.3621 26.4449,
	"/>
</Transform>

<Transform dim="0"
 xcoef=" 0 1 0 0 0 0"
 ycoef=" 0 0 1 0 0 0">
<Contour name="D21" hidden="true" closed="true" simplified="true" border="1 0 0" fill="1 0 0" mode="11"
 points="12.8248 29.4761,
	12.7821 29.4706,
	12.7435 29.4546,
	12.7129 29.4299,
	12.6865 29.3641,
	12.6933 29.3296,
	12.7129 29.2984,
	12.7435 29.2736,
	12.7821 29.2577,
	12.8248 29.2522,
	12.8675 29.2577,
	12.906 29.2736,
	12.9366 29.2984,
	12.9563 29.3296,
	12.963 29.3641,
	12.9563 29.3987,
	12.9366 29.4299,
	12.906 29.4546,
	12.8675 29.4706,
	"/>
</Transform>

<Transform dim="0"
 xcoef=" 0 1 0 0 0 0"
 ycoef=" 0 0 1 0 0 0">
<Contour name="D29" hidden="true" closed="true" simplified="true" border="0 1 0" fill="0 1 0" mode="11"
 points="11.6956 26.7782,
	11.6791 26.7778,
	11.663 26.7747,
	11.6478 26.7688,
	11.6343 26.7605,
	11.6228 26.75,
	11.6138 26.7377,
	11.6076 26.7241,
	11.604 26.7024,
	11.6056 26.6878,
	11.6103 26.6737,
	11.618 26.6607,
	11.6283 26.6493,
	11.6409 26.6399,
	11.6552 26.6327,
	11.6709 26.6282,
	11.6873 26.6264,
	11.7038 26.6275,
	11.7196 26.6313,
	11.7344 26.6378,
	11.7475 26.6468,
	11.7584 26.6577,
	11.7668 26.6703,
	11.7723 26.6842,
	11.7746 26.6987,
	11.7738 26.7134,
	11.7699 26.7277,
	11.7629 26.741,
	11.7533 26.7528,
	11.7412 26.7628,
	11.7272 26.7705,
	11.7118 26.7757,
	"/>
</Transform>

<Transform dim="0"
 xcoef=" 0 1 0 0 0 0"
 ycoef=" 0 0 1 0 0 0">
<Contour name="D11" hidden="true" closed="true" simplified="true" border="0 0 0" fill="0 0 0" mode="11"
 points="15.2575 24.3779,
	15.2249 24.3721,
	15.1956 24.3553,
	15.1723 24.329,
	15.1521 24.2594,
	15.1573 24.2228,
	15.1723 24.1898,
	15.1956 24.1635,
	15.2249 24.1467,
	15.2575 24.1409,
	15.2901 24.1467,
	15.3194 24.1635,
	15.3427 24.1898,
	15.3577 24.2228,
	15.3629 24.2594,
	15.3577 24.296,
	15.3427 24.329,
	15.3194 24.3553,
	15.2901 24.3721,
	"/>
</Transform>

<Transform dim="0"
 xcoef=" 0 1 0 0 0 0"
 ycoef=" 0 0 1 0 0 0">
<Contour name="D20" hidden="true" closed="true" simplified="true" border="1 0 0" fill="1 0 0" mode="11"
 points="15.4099 31.3256,
	15.3934 31.3244,
	15.3775 31.3199,
	15.3627 31.3123,
	15.3493 31.3017,
	15.3381 31.2888,
	15.3293 31.2738,
	15.3232 31.2573,
	15.3198 31.231,
	15.3213 31.2134,
	15.3259 31.1964,
	15.3334 31.1806,
	15.3434 31.1666,
	15.3558 31.1548,
	15.3699 31.1457,
	15.3854 31.1395,
	15.4017 31.1367,
	15.4182 31.1371,
	15.4343 31.1408,
	15.4495 31.1477,
	15.4632 31.1574,
	15.475 31.1698,
	15.4844 31.1844,
	15.4912 31.2006,
	15.495 31.2178,
	15.4958 31.2355,
	15.4935 31.253,
	15.4881 31.2698,
	15.48 31.2852,
	15.4693 31.2987,
	15.4565 31.3099,
	15.442 31.3183,
	15.4263 31.3236,
	"/>
</Transform>

<Transform dim="0"
 xcoef=" 0 1 0 0 0 0"
 ycoef=" 0 0 1 0 0 0">
<Contour name="d05sp02" hidden="true" closed="true" simplified="true" border="1 0 0" fill="1 0 0" mode="11"
 points="15.9984 27.104,
	15.9977 27.1025,
	15.9885 27.1025,
	15.9823 27.0979,
	15.9731 27.0879,
	15.9678 27.0818,
	15.9632 27.0772,
	15.9617 27.0757,
	15.9617 27.0741,
	15.9563 27.0695,
	15.9525 27.0635,
	15.9517 27.0603,
	15.9494 27.0573,
	15.9479 27.0511,
	15.9479 27.0389,
	15.9456 27.0267,
	15.944 27.0205,
	15.9425 27.019,
	15.9417 27.0129,
	15.9394 27.0068,
	15.9379 27.0037,
	15.9371 26.9976,
	15.9371 26.9945,
	15.9371 26.9937,
	15.9371 26.993,
	15.9394 26.9899,
	15.9502 26.9822,
	15.9517 26.9822,
	15.9578 26.9762,
	15.9624 26.9707,
	15.9685 26.9661,
	15.9808 26.9631,
	16.0053 26.9631,
	16.0175 26.9638,
	16.0237 26.9647,
	16.0298 26.967,
	16.0313 26.967,
	16.0329 26.9684,
	16.039 26.9693,
	16.0451 26.9716,
	16.0466 26.973,
	16.0482 26.973,
	16.0489 26.9746,
	16.0551 26.9762,
	16.0604 26.9808,
	16.0681 26.9907,
	16.0758 27.0022,
	16.0765 27.0052,
	16.078 27.0068,
	16.0795 27.0129,
	16.0826 27.019,
	16.0841 27.0313,
	16.0841 27.0435,
	16.0841 27.0497,
	16.0826 27.0527,
	16.0826 27.0557,
	16.0749 27.0672,
	16.0635 27.0757,
	16.0604 27.0764,
	16.0574 27.0787,
	16.0543 27.0795,
	16.0512 27.0818,
	16.0482 27.0826,
	16.0451 27.0849,
	16.0436 27.0864,
	16.0405 27.0872,
	16.0283 27.0948,
	16.0221 27.0986,
	16.0191 27.0994,
	16.0183 27.1009,
	16.0122 27.1025,
	16.0091 27.104,
	"/>
</Transform>

<Transform dim="0"
 xcoef=" 0 1 0 0 0 0"
 ycoef=" 0 0 1 0 0 0">
<Contour name="d05" hidden="true" closed="true" simplified="true" border="0 0 0" fill="0 0 0" mode="11"
 points="16.2559 26.9491,
	16.2453 26.9438,
	16.2401 26.9425,
	16.2204 26.9267,
	16.2072 26.9096,
	16.1941 26.8886,
	16.1875 26.8794,
	16.1875 26.8742,
	16.1836 26.8689,
	16.177 26.848,
	16.1718 26.8388,
	16.1652 26.8177,
	16.1652 26.8125,
	16.1587 26.7915,
	16.1561 26.781,
	16.1534 26.7757,
	16.1482 26.7336,
	16.1456 26.6917,
	16.1456 26.6496,
	16.1456 26.6444,
	16.1456 26.6418,
	16.1456 26.6404,
	16.1508 26.6194,
	16.1534 26.6142,
	16.1574 26.5722,
	16.16 26.5512,
	16.16 26.5459,
	16.164 26.5354,
	16.1678 26.5144,
	16.1704 26.5039,
	16.1704 26.4933,
	16.1744 26.4723,
	16.1731 26.4304,
	16.1704 26.4093,
	16.1704 26.3673,
	16.177 26.3253,
	16.1783 26.3148,
	16.1783 26.3122,
	16.181 26.3095,
	16.1902 26.2885,
	16.1941 26.2846,
	16.1941 26.282,
	16.2217 26.2439,
	16.2335 26.2241,
	16.2335 26.2215,
	16.2375 26.2163,
	16.244 26.1953,
	16.2453 26.1901,
	16.2453 26.1874,
	16.2729 26.1454,
	16.2795 26.1388,
	16.2795 26.1362,
	16.2887 26.127,
	16.3018 26.1073,
	16.3123 26.0889,
	16.3175 26.0811,
	16.3294 26.0614,
	16.3307 26.0561,
	16.3346 26.0522,
	16.3359 26.0469,
	16.3399 26.0417,
	16.3412 26.0377,
	16.3451 26.0325,
	16.3478 26.0298,
	16.3556 26.0088,
	16.3609 25.9983,
	16.3648 25.9944,
	16.3648 25.9917,
	16.3727 25.9838,
	16.3832 25.9746,
	16.4043 25.9615,
	16.4095 25.9589,
	16.4121 25.9562,
	16.4174 25.9549,
	16.4227 25.9511,
	16.4331 25.9471,
	16.4436 25.9392,
	16.4594 25.9222,
	16.4672 25.913,
	16.4725 25.9103,
	16.4935 25.9064,
	16.4988 25.9051,
	16.5014 25.9051,
	16.504 25.9025,
	16.5067 25.9025,
	16.5224 25.8867,
	16.5303 25.8762,
	16.5356 25.867,
	16.5526 25.8486,
	16.5578 25.8394,
	16.5762 25.8224,
	16.5802 25.8198,
	16.5854 25.8145,
	16.5946 25.8079,
	16.6012 25.8027,
	16.6038 25.8027,
	16.6143 25.7961,
	16.6248 25.7922,
	16.6459 25.7908,
	16.6564 25.7908,
	16.6669 25.7935,
	16.6774 25.7987,
	16.6826 25.8,
	16.7023 25.8158,
	16.7075 25.8171,
	16.7259 25.8315,
	16.7351 25.8394,
	16.7365 25.842,
	16.7417 25.8433,
	16.7746 25.8775,
	16.7838 25.888,
	16.793 25.8946,
	16.81 25.9143,
	16.8192 25.9314,
	16.8218 25.9366,
	16.8218 25.9471,
	16.8165 25.9681,
	16.8139 25.9891,
	16.8139 26.0311,
	16.8126 26.0522,
	16.8008 26.0941,
	16.7943 26.1152,
	16.793 26.1204,
	16.793 26.123,
	16.7903 26.1257,
	16.7903 26.1309,
	16.7877 26.1322,
	16.7864 26.1428,
	16.7851 26.148,
	16.7824 26.1506,
	16.7811 26.1611,
	16.7772 26.1664,
	16.7759 26.1717,
	16.7614 26.1927,
	16.7601 26.1966,
	16.743 26.2149,
	16.7417 26.2202,
	16.7378 26.2255,
	16.7365 26.2307,
	16.7325 26.2347,
	16.7259 26.2557,
	16.7246 26.2609,
	16.7246 26.2636,
	16.722 26.2662,
	16.7194 26.2767,
	16.7194 26.282,
	16.7167 26.2833,
	16.7167 26.2885,
	16.7141 26.2898,
	16.7141 26.2951,
	16.6852 26.3791,
	16.6761 26.4001,
	16.6748 26.4054,
	16.6748 26.408,
	16.6708 26.4133,
	16.6682 26.4159,
	16.6682 26.4185,
	16.6656 26.4198,
	16.6643 26.4251,
	16.6603 26.4304,
	16.6577 26.433,
	16.6577 26.4356,
	16.6314 26.4763,
	16.6209 26.4933,
	16.6143 26.5025,
	16.6117 26.5052,
	16.6104 26.5104,
	16.6025 26.5209,
	16.5999 26.5236,
	16.5999 26.5262,
	16.5946 26.5301,
	16.5946 26.5328,
	16.5841 26.542,
	16.5789 26.5459,
	16.5736 26.5472,
	16.5644 26.5551,
	16.5526 26.5761,
	16.5435 26.5853,
	16.5369 26.5945,
	16.5277 26.6023,
	16.5198 26.6128,
	16.5119 26.6207,
	16.4988 26.6404,
	16.4975 26.6457,
	16.483 26.6654,
	16.4791 26.6707,
	16.4791 26.6733,
	16.4699 26.6838,
	16.4699 26.6864,
	16.4659 26.6917,
	16.4633 26.6943,
	16.462 26.6996,
	16.4475 26.718,
	16.4449 26.7232,
	16.4449 26.7258,
	16.441 26.731,
	16.441 26.7363,
	16.4278 26.7783,
	16.42 26.7993,
	16.4069 26.8204,
	16.4016 26.8309,
	16.4016 26.8335,
	16.3977 26.8388,
	16.3951 26.8493,
	16.3951 26.8519,
	16.3924 26.8545,
	16.3898 26.865,
	16.3898 26.8702,
	16.3819 26.8912,
	16.378 26.9018,
	16.378 26.9044,
	16.3714 26.9149,
	16.3688 26.9188,
	16.3583 26.9267,
	16.353 26.928,
	16.3478 26.932,
	16.3451 26.932,
	16.3425 26.9346,
	16.3399 26.9346,
	16.3346 26.9386,
	16.3241 26.9412,
	16.3188 26.9438,
	16.3083 26.9438,
	16.2874 26.9478,
	16.2664 26.9491,
	"/>
</Transform>

<Transform dim="0"
 xcoef=" 0 1 0 0 0 0"
 ycoef=" 0 0 1 0 0 0">
<Contour name="d09sp05" hidden="true" closed="true" simplified="true" border="1 0 0" fill="1 0 0" mode="11"
 points="15.4472 30.3957,
	15.4332 30.391,
	15.4304 30.3873,
	15.4295 30.3724,
	15.4314 30.365,
	15.4314 30.3054,
	15.4314 30.2756,
	15.4332 30.2458,
	15.4332 30.2161,
	15.4332 30.2012,
	15.4332 30.1938,
	15.4304 30.1788,
	15.4202 30.1491,
	15.4174 30.1417,
	15.4174 30.1398,
	15.4155 30.138,
	15.4137 30.1305,
	15.4118 30.1268,
	15.4118 30.1231,
	15.4053 30.1082,
	15.4044 30.1007,
	15.4016 30.0979,
	15.4006 30.0905,
	15.3941 30.0756,
	15.3922 30.0738,
	15.3895 30.0663,
	15.3876 30.0645,
	15.3876 30.0626,
	15.3848 30.0589,
	15.3839 30.0552,
	15.382 30.0533,
	15.3811 30.0496,
	15.3764 30.0421,
	15.3709 30.0365,
	15.3672 30.0337,
	15.3653 30.03,
	15.3616 30.0291,
	15.356 30.0244,
	15.3411 30.0132,
	15.3383 30.0095,
	15.3365 30.0095,
	15.3309 30.0031,
	15.329 30.0031,
	15.3225 29.9966,
	15.315 29.9919,
	15.3001 29.9854,
	15.2965 29.9835,
	15.289 29.9826,
	15.2816 29.9798,
	15.2741 29.9789,
	15.2676 29.9817,
	15.2574 29.9947,
	15.2499 30.0012,
	15.2434 30.0058,
	15.2285 30.0104,
	15.2137 30.0132,
	15.2062 30.016,
	15.1988 30.017,
	15.1913 30.0207,
	15.1876 30.0225,
	15.1857 30.0225,
	15.1783 30.0272,
	15.1746 30.0291,
	15.1727 30.0291,
	15.1708 30.0309,
	15.1671 30.0319,
	15.1643 30.0347,
	15.1606 30.0356,
	15.1541 30.0402,
	15.1503 30.0421,
	15.1466 30.0421,
	15.1318 30.0468,
	15.1244 30.0486,
	15.1206 30.0496,
	15.1188 30.0514,
	15.1113 30.0542,
	15.1039 30.0552,
	15.0964 30.0579,
	15.0815 30.0589,
	15.0741 30.0579,
	15.0675 30.0552,
	15.0601 30.0505,
	15.0565 30.0477,
	15.0546 30.0477,
	15.0527 30.044,
	15.0397 30.03,
	15.036 30.0263,
	15.0313 30.0188,
	15.0285 30.0151,
	15.0276 30.0114,
	15.0192 29.9975,
	15.0155 29.99,
	15.0145 29.9826,
	15.0145 29.9789,
	15.0145 29.9779,
	15.0145 29.977,
	15.0173 29.9733,
	15.0183 29.9695,
	15.0211 29.9658,
	15.0238 29.9584,
	15.0266 29.9546,
	15.0304 29.9397,
	15.0332 29.9323,
	15.0341 29.9248,
	15.0369 29.9175,
	15.0378 29.9138,
	15.0378 29.9119,
	15.0397 29.91,
	15.0406 29.9026,
	15.049 29.8877,
	15.049 29.8858,
	15.0518 29.883,
	15.0537 29.8821,
	15.0537 29.8802,
	15.0601 29.8728,
	15.0601 29.8709,
	15.0619 29.869,
	15.0619 29.8672,
	15.0657 29.8635,
	15.0666 29.8597,
	15.0713 29.8523,
	15.0731 29.8504,
	15.0731 29.8467,
	15.0787 29.8403,
	15.0796 29.8365,
	15.0899 29.8216,
	15.0927 29.8179,
	15.0955 29.8114,
	15.1048 29.7965,
	15.1095 29.789,
	15.1122 29.7853,
	15.1122 29.7834,
	15.1178 29.776,
	15.1225 29.7704,
	15.1346 29.7584,
	15.1383 29.7528,
	15.1457 29.7379,
	15.1457 29.736,
	15.1475 29.7342,
	15.1475 29.7304,
	15.1503 29.7239,
	15.1513 29.7165,
	15.155 29.709,
	15.155 29.7053,
	15.1578 29.6978,
	15.1587 29.6904,
	15.1615 29.683,
	15.1634 29.6793,
	15.1662 29.6644,
	15.1708 29.6495,
	15.1708 29.6458,
	15.1783 29.6318,
	15.1792 29.6299,
	15.1811 29.6299,
	15.1829 29.6262,
	15.1867 29.6225,
	15.1895 29.6206,
	15.196 29.6141,
	15.1979 29.6104,
	15.2044 29.6039,
	15.2109 29.5993,
	15.2128 29.5974,
	15.2165 29.5965,
	15.2174 29.5946,
	15.221 29.5937,
	15.2248 29.5909,
	15.2285 29.5909,
	15.2359 29.5881,
	15.2509 29.5853,
	15.2807 29.5853,
	15.2881 29.5872,
	15.2956 29.5872,
	15.3104 29.5918,
	15.3178 29.5937,
	15.3243 29.5974,
	15.3281 29.5993,
	15.3299 29.5993,
	15.3337 29.603,
	15.3411 29.6076,
	15.343 29.6104,
	15.3448 29.6104,
	15.3486 29.6169,
	15.3504 29.6188,
	15.356 29.6337,
	15.356 29.6355,
	15.3607 29.642,
	15.3616 29.6458,
	15.3709 29.6588,
	15.3756 29.6644,
	15.3773 29.6681,
	15.3811 29.6709,
	15.3811 29.6728,
	15.3941 29.6849,
	15.3997 29.6913,
	15.4016 29.695,
	15.4053 29.6988,
	15.4137 29.7127,
	15.4146 29.7165,
	15.4174 29.7193,
	15.4183 29.723,
	15.4202 29.7239,
	15.4202 29.7276,
	15.4304 29.7416,
	15.4332 29.7453,
	15.4332 29.7472,
	15.4444 29.7602,
	15.4463 29.7612,
	15.4463 29.763,
	15.4574 29.776,
	15.4592 29.7778,
	15.4592 29.7797,
	15.4629 29.7816,
	15.4667 29.7862,
	15.4676 29.79,
	15.4741 29.7955,
	15.4816 29.803,
	15.4853 29.8058,
	15.489 29.8067,
	15.4928 29.8105,
	15.5002 29.8151,
	15.5039 29.8179,
	15.5077 29.8188,
	15.5347 29.8431,
	15.5356 29.8449,
	15.5374 29.8449,
	15.5439 29.8495,
	15.5439 29.8513,
	15.5476 29.8523,
	15.5541 29.8579,
	15.556 29.8579,
	15.57 29.8662,
	15.5765 29.8718,
	15.5784 29.8718,
	15.5793 29.8737,
	15.5812 29.8737,
	15.5942 29.8839,
	15.6007 29.8886,
	15.61 29.9035,
	15.6165 29.9175,
	15.6165 29.9193,
	15.6183 29.9212,
	15.6202 29.9286,
	15.622 29.9304,
	15.622 29.9341,
	15.6239 29.9351,
	15.6332 29.9649,
	15.6332 29.9686,
	15.6351 29.9723,
	15.6342 30.0022,
	15.6295 30.017,
	15.6267 30.0244,
	15.6267 30.0281,
	15.6248 30.03,
	15.6183 30.0598,
	15.6155 30.0895,
	15.6165 30.1044,
	15.6091 30.1342,
	15.6091 30.138,
	15.6072 30.1417,
	15.6072 30.1454,
	15.6054 30.1473,
	15.6044 30.1547,
	15.5989 30.1695,
	15.5951 30.1844,
	15.5895 30.1993,
	15.5877 30.2068,
	15.5839 30.2142,
	15.5821 30.2217,
	15.5793 30.2254,
	15.5793 30.2292,
	15.5774 30.231,
	15.5756 30.2385,
	15.5718 30.2458,
	15.57 30.2533,
	15.569 30.257,
	15.5672 30.2589,
	15.5625 30.2738,
	15.5588 30.2812,
	15.5541 30.2961,
	15.5523 30.2999,
	15.5504 30.3017,
	15.5504 30.3036,
	15.5448 30.3101,
	15.5411 30.3166,
	15.5216 30.3445,
	15.516 30.3519,
	15.5133 30.3556,
	15.5114 30.3575,
	15.5114 30.3594,
	15.5095 30.3612,
	15.5077 30.3612,
	15.4956 30.3743,
	15.4881 30.3808,
	15.4862 30.3808,
	15.4788 30.3873,
	15.4769 30.3873,
	15.4695 30.3929,
	15.4547 30.3957,
	"/>
</Transform>

<Transform dim="0"
 xcoef=" 0 1 0 0 0 0"
 ycoef=" 0 0 1 0 0 0">
<Contour name="d20sp06" hidden="true" closed="true" simplified="true" border="1 0 0" fill="1 0 0" mode="11"
 points="15.6538 30.6374,
	15.6487 30.6361,
	15.6437 30.6337,
	15.6337 30.6306,
	15.6286 30.6293,
	15.6087 30.6287,
	15.6036 30.6281,
	15.5836 30.6287,
	15.5785 30.6281,
	15.5735 30.6262,
	15.5685 30.6256,
	15.5672 30.6243,
	15.5622 30.6237,
	15.5572 30.6205,
	15.5547 30.6193,
	15.5534 30.6193,
	15.5528 30.618,
	15.5515 30.618,
	15.5434 30.6111,
	15.5234 30.6074,
	15.5184 30.6061,
	15.5171 30.6061,
	15.5159 30.6048,
	15.5146 30.6048,
	15.5127 30.6023,
	15.5102 30.6011,
	15.5058 30.591,
	15.5027 30.581,
	15.5014 30.576,
	15.5002 30.5735,
	15.5002 30.5709,
	15.4989 30.5697,
	15.4958 30.5597,
	15.4958 30.5571,
	15.4927 30.5472,
	15.4914 30.5372,
	15.4914 30.5271,
	15.4914 30.5221,
	15.4914 30.5208,
	15.4914 30.5202,
	15.4983 30.5001,
	15.5002 30.4957,
	15.5002 30.4945,
	15.5014 30.4932,
	15.5033 30.4882,
	15.5033 30.4869,
	15.5046 30.4857,
	15.5046 30.4832,
	15.509 30.4732,
	15.5115 30.4688,
	15.5134 30.4663,
	15.514 30.4638,
	15.5171 30.4594,
	15.5178 30.4569,
	15.5215 30.4525,
	15.5228 30.45,
	15.5253 30.4475,
	15.5265 30.4469,
	15.5265 30.4456,
	15.5347 30.4368,
	15.5359 30.4343,
	15.5453 30.4287,
	15.5503 30.4249,
	15.5528 30.4249,
	15.5553 30.423,
	15.5566 30.423,
	15.5591 30.4211,
	15.5616 30.4205,
	15.5716 30.4142,
	15.5741 30.413,
	15.5754 30.4117,
	15.5779 30.4111,
	15.5823 30.408,
	15.5923 30.4048,
	15.5974 30.4029,
	15.6024 30.4023,
	15.6074 30.4004,
	15.6099 30.3998,
	15.6112 30.3986,
	15.6136 30.3979,
	15.623 30.3911,
	15.6243 30.3886,
	15.6268 30.3874,
	15.6343 30.3773,
	15.6381 30.3729,
	15.6406 30.3704,
	15.6418 30.3679,
	15.6443 30.3666,
	15.6462 30.3641,
	15.6512 30.361,
	15.6538 30.3591,
	15.655 30.3579,
	15.6575 30.3572,
	15.66 30.3547,
	15.6625 30.3547,
	15.6632 30.3535,
	15.6644 30.3535,
	15.6688 30.3503,
	15.6713 30.3503,
	15.6814 30.3472,
	15.6864 30.3459,
	15.6963 30.3466,
	15.7013 30.3491,
	15.7064 30.3503,
	15.7108 30.3541,
	15.7152 30.3566,
	15.717 30.3591,
	15.7196 30.3597,
	15.7378 30.3729,
	15.7421 30.3773,
	15.7478 30.3867,
	15.7484 30.3968,
	15.7472 30.4017,
	15.7472 30.4029,
	15.7453 30.4055,
	15.7434 30.4105,
	15.7428 30.4155,
	15.7409 30.4205,
	15.7403 30.4255,
	15.7396 30.4281,
	15.7396 30.4293,
	15.7384 30.4306,
	15.7378 30.4356,
	15.7327 30.4456,
	15.7327 30.4469,
	15.7302 30.4494,
	15.7296 30.4519,
	15.7265 30.4569,
	15.7258 30.467,
	15.7258 30.4682,
	15.7277 30.4707,
	15.7283 30.4807,
	15.7283 30.4857,
	15.7283 30.4882,
	15.7258 30.4932,
	15.7246 30.4982,
	15.7164 30.5183,
	15.7114 30.5284,
	15.7051 30.5378,
	15.7032 30.5422,
	15.7001 30.5472,
	15.6988 30.5497,
	15.6957 30.5697,
	15.6944 30.5797,
	15.6944 30.5848,
	15.6902 30.6048,
	15.6902 30.6061,
	15.6889 30.6074,
	15.6889 30.6099,
	15.6826 30.6199,
	15.6814 30.6212,
	15.6807 30.6237,
	15.6713 30.6331,
	15.6663 30.635,
	15.6638 30.6367,
	"/>
</Transform>

<Transform dim="0"
 xcoef=" 0 1 0 0 0 0"
 ycoef=" 0 0 1 0 0 0">
<Contour name="d11sp01" hidden="true" closed="true" simplified="true" border="1 0 0" fill="1 0 0" mode="11"
 points="14.2375 24.0471,
	14.2236 24.0462,
	14.2098 24.0411,
	14.1977 24.0298,
	14.1874 24.0168,
	14.1856 24.0159,
	14.1848 24.0125,
	14.1796 24.0056,
	14.1761 23.9995,
	14.1735 23.996,
	14.1726 23.9927,
	14.1683 23.9875,
	14.1657 23.984,
	14.1649 23.9805,
	14.1588 23.9745,
	14.1571 23.9745,
	14.151 23.9684,
	14.1397 23.9598,
	14.1371 23.9572,
	14.1337 23.9563,
	14.1268 23.9502,
	14.1017 23.9338,
	14.1009 23.932,
	14.0974 23.9312,
	14.0905 23.9251,
	14.0888 23.9243,
	14.0888 23.9225,
	14.0862 23.9191,
	14.0862 23.9053,
	14.0862 23.9018,
	14.0862 23.901,
	14.0888 23.894,
	14.0965 23.8802,
	14.0991 23.8767,
	14.1009 23.875,
	14.1017 23.8715,
	14.1061 23.8655,
	14.1078 23.862,
	14.1095 23.8611,
	14.1095 23.8594,
	14.1129 23.8559,
	14.1138 23.8525,
	14.1172 23.8499,
	14.1268 23.8378,
	14.1389 23.8266,
	14.1519 23.8179,
	14.1657 23.8136,
	14.1726 23.8093,
	14.1744 23.8093,
	14.1813 23.8041,
	14.1848 23.8032,
	14.2106 23.7833,
	14.2245 23.7729,
	14.2262 23.7729,
	14.2332 23.7686,
	14.2366 23.7669,
	14.2401 23.7669,
	14.2418 23.7651,
	14.2971 23.7608,
	14.3179 23.7608,
	14.3248 23.7582,
	14.3309 23.754,
	14.3326 23.7505,
	14.3387 23.7444,
	14.3422 23.7418,
	14.3439 23.7392,
	14.3499 23.7332,
	14.3542 23.728,
	14.3585 23.7211,
	14.3663 23.6934,
	14.3698 23.6657,
	14.3732 23.6519,
	14.3732 23.638,
	14.375 23.6242,
	14.375 23.6103,
	14.375 23.6034,
	14.3732 23.5966,
	14.3732 23.5931,
	14.3715 23.5896,
	14.3715 23.5879,
	14.3698 23.5862,
	14.3654 23.5723,
	14.3646 23.5689,
	14.3628 23.568,
	14.3611 23.5611,
	14.3594 23.5576,
	14.3594 23.5559,
	14.3577 23.5541,
	14.3568 23.5507,
	14.3551 23.5489,
	14.3551 23.5455,
	14.3533 23.542,
	14.3516 23.5403,
	14.3491 23.5334,
	14.3404 23.5204,
	14.3283 23.5084,
	14.3214 23.5032,
	14.3171 23.498,
	14.3145 23.4962,
	14.298 23.4703,
	14.2945 23.4642,
	14.2937 23.4607,
	14.2885 23.4538,
	14.2816 23.4409,
	14.2798 23.4392,
	14.2798 23.4374,
	14.2772 23.4348,
	14.2764 23.4314,
	14.2678 23.4175,
	14.2652 23.4106,
	14.2643 23.4037,
	14.2687 23.3967,
	14.2703 23.3959,
	14.2703 23.3942,
	14.2772 23.3916,
	14.2807 23.3916,
	14.2841 23.3898,
	14.2859 23.3898,
	14.2928 23.3855,
	14.2945 23.3846,
	14.2945 23.3829,
	14.3006 23.3777,
	14.3006 23.376,
	14.3067 23.369,
	14.3205 23.3638,
	14.3222 23.3621,
	14.3361 23.363,
	14.3396 23.3656,
	14.3413 23.3673,
	14.343 23.3673,
	14.3465 23.3708,
	14.3533 23.3751,
	14.3654 23.3872,
	14.3698 23.3916,
	14.3966 23.4106,
	14.4105 23.4201,
	14.4122 23.4219,
	14.4139 23.4219,
	14.4174 23.4253,
	14.4312 23.4331,
	14.4346 23.434,
	14.4372 23.4366,
	14.4424 23.4392,
	14.4459 23.44,
	14.4493 23.4434,
	14.4632 23.4503,
	14.4753 23.4581,
	14.477 23.4581,
	14.49 23.4694,
	14.4961 23.4754,
	14.5056 23.485,
	14.5116 23.491,
	14.5142 23.4945,
	14.5254 23.5023,
	14.5384 23.5109,
	14.541 23.5127,
	14.5428 23.5127,
	14.5462 23.5161,
	14.548 23.5161,
	14.5514 23.5187,
	14.5531 23.5187,
	14.567 23.5282,
	14.5731 23.5308,
	14.5791 23.5351,
	14.5826 23.5368,
	14.5843 23.5368,
	14.5877 23.5403,
	14.5946 23.5446,
	14.5981 23.5464,
	14.5998 23.5489,
	14.6015 23.5489,
	14.605 23.5515,
	14.6067 23.5541,
	14.6128 23.5585,
	14.6154 23.5611,
	14.6171 23.5619,
	14.6171 23.5637,
	14.6232 23.568,
	14.6266 23.5715,
	14.6284 23.5732,
	14.6301 23.5732,
	14.6405 23.5836,
	14.6509 23.5966,
	14.6544 23.6025,
	14.6647 23.6155,
	14.6724 23.6294,
	14.675 23.6363,
	14.6759 23.6502,
	14.6759 23.6571,
	14.6733 23.6709,
	14.6724 23.7263,
	14.6716 23.7332,
	14.669 23.7401,
	14.6647 23.747,
	14.6647 23.7488,
	14.663 23.7505,
	14.6604 23.7573,
	14.6596 23.7643,
	14.6552 23.7781,
	14.644 23.8335,
	14.6396 23.8611,
	14.6362 23.875,
	14.6266 23.9303,
	14.6249 23.9372,
	14.6232 23.9407,
	14.6223 23.9476,
	14.6171 23.9615,
	14.6154 23.9684,
	14.6076 23.9814,
	14.6024 23.9866,
	14.5955 23.9909,
	14.5817 23.9935,
	14.5679 23.9927,
	14.554 23.9866,
	14.5471 23.9823,
	14.5454 23.9823,
	14.5445 23.9805,
	14.541 23.9797,
	14.535 23.9745,
	14.5211 23.9684,
	14.5142 23.9658,
	14.5107 23.9641,
	14.497 23.9624,
	14.4831 23.9624,
	14.4554 23.9684,
	14.4415 23.9701,
	14.4139 23.9701,
	14.4001 23.9693,
	14.3862 23.9719,
	14.3793 23.9745,
	14.3724 23.9797,
	14.3689 23.9805,
	14.362 23.9857,
	14.3551 23.9883,
	14.3516 23.9918,
	14.3482 23.9927,
	14.3413 23.9978,
	14.3378 23.9986,
	14.3309 24.003,
	14.33 24.0047,
	14.3231 24.0073,
	14.3197 24.0099,
	14.3127 24.0125,
	14.3067 24.0168,
	14.2928 24.0229,
	14.2911 24.0229,
	14.2841 24.0272,
	14.2824 24.0289,
	14.2755 24.0315,
	14.272 24.0333,
	14.2703 24.035,
	14.2635 24.0376,
	14.26 24.0385,
	14.2583 24.0402,
	14.2513 24.0419,
	14.2444 24.0454,
	"/>
</Transform>

<Transform dim="0"
 xcoef=" 0 1 0 0 0 0"
 ycoef=" 0 0 1 0 0 0">
<Contour name="d09sp03" hidden="true" closed="true" simplified="true" border="1 0 0" fill="1 0 0" mode="11"
 points="15.0364 28.8729,
	15.0295 28.8707,
	15.0287 28.8699,
	15.0278 28.8699,
	15.0261 28.8686,
	15.0252 28.8677,
	15.0244 28.8677,
	15.0197 28.8613,
	15.0184 28.8596,
	15.0175 28.8561,
	15.0162 28.8544,
	15.0149 28.851,
	15.0145 28.8493,
	15.0124 28.8458,
	15.0106 28.839,
	15.0093 28.8355,
	15.0076 28.8218,
	15.0072 28.8082,
	15.0072 28.8017,
	15.0072 28.8013,
	15.0081 28.7996,
	15.0089 28.7927,
	15.0119 28.7858,
	15.0136 28.7824,
	15.0145 28.7815,
	15.0149 28.7798,
	15.0197 28.7734,
	15.0257 28.7682,
	15.0291 28.7652,
	15.0304 28.7639,
	15.0373 28.7614,
	15.0407 28.7609,
	15.0441 28.7596,
	15.0458 28.7588,
	15.0467 28.7588,
	15.0476 28.7579,
	15.0493 28.7579,
	15.0562 28.7553,
	15.0596 28.7541,
	15.0604 28.7532,
	15.0638 28.7519,
	15.0655 28.7515,
	15.0689 28.7489,
	15.0707 28.7485,
	15.0737 28.7459,
	15.0754 28.7455,
	15.0784 28.7433,
	15.0801 28.7429,
	15.0818 28.7416,
	15.0887 28.7395,
	15.0921 28.7386,
	15.0938 28.7378,
	15.0956 28.7378,
	15.0973 28.737,
	15.111 28.7357,
	15.1144 28.7357,
	15.1179 28.7365,
	15.1196 28.737,
	15.123 28.7395,
	15.1239 28.7403,
	15.1239 28.742,
	15.1265 28.7489,
	15.1273 28.7523,
	15.1273 28.7661,
	15.1269 28.7729,
	15.1269 28.7764,
	15.1243 28.7901,
	15.123 28.797,
	15.1209 28.8039,
	15.1205 28.8073,
	15.12 28.809,
	15.1192 28.8099,
	15.117 28.8166,
	15.1149 28.8201,
	15.1149 28.8209,
	15.1059 28.833,
	15.105 28.8342,
	15.102 28.8373,
	15.1007 28.8381,
	15.0994 28.8398,
	15.0986 28.8398,
	15.096 28.8428,
	15.093 28.845,
	15.0921 28.8458,
	15.0913 28.8458,
	15.0895 28.8476,
	15.0771 28.8574,
	15.0646 28.866,
	15.0616 28.8682,
	15.0604 28.8695,
	15.0536 28.872,
	15.0467 28.8729,
	"/>
</Transform>

<Transform dim="0"
 xcoef=" 0 1 0 0 0 0"
 ycoef=" 0 0 1 0 0 0">
<Contour name="d09" hidden="true" closed="true" simplified="true" border="0 0 0" fill="0 0 0" mode="11"
 points="14.1906 29.8575,
	14.1718 29.8563,
	14.1671 29.854,
	14.1648 29.8516,
	14.1601 29.8516,
	14.1554 29.8481,
	14.1507 29.8469,
	14.1471 29.8435,
	14.1424 29.8435,
	14.1377 29.84,
	14.1354 29.84,
	14.1271 29.8329,
	14.1248 29.8294,
	14.1072 29.8141,
	14.0978 29.8082,
	14.079 29.8047,
	14.0696 29.8047,
	14.0508 29.7965,
	14.0473 29.7929,
	14.0449 29.7929,
	14.0426 29.7906,
	14.0402 29.7906,
	14.0227 29.7753,
	14.0191 29.7706,
	14.018 29.6954,
	14.0227 29.6579,
	14.0238 29.6203,
	14.025 29.6016,
	14.0227 29.5639,
	14.0215 29.5545,
	14.0191 29.5498,
	14.0156 29.531,
	14.0097 29.5217,
	14.0097 29.5193,
	13.9968 29.5017,
	13.9933 29.497,
	13.9933 29.4946,
	13.985 29.4864,
	13.9768 29.4676,
	13.9768 29.4489,
	13.9768 29.4406,
	13.9768 29.4395,
	13.9839 29.4206,
	13.9874 29.4018,
	13.9933 29.383,
	13.9956 29.3643,
	14.0039 29.3267,
	14.0074 29.3173,
	14.0074 29.3126,
	14.0097 29.3078,
	14.0097 29.3031,
	14.0133 29.2937,
	14.0156 29.2914,
	14.0286 29.2539,
	14.0343 29.235,
	14.0426 29.2162,
	14.0461 29.2116,
	14.0473 29.2069,
	14.0508 29.2034,
	14.0508 29.201,
	14.0637 29.1822,
	14.072 29.1728,
	14.0755 29.1693,
	14.0755 29.1669,
	14.1084 29.1352,
	14.1119 29.1306,
	14.1142 29.1306,
	14.1213 29.1223,
	14.1248 29.12,
	14.1248 29.1176,
	14.1342 29.1094,
	14.1495 29.0976,
	14.1577 29.0906,
	14.1624 29.0894,
	14.1718 29.0835,
	14.1812 29.08,
	14.1836 29.0777,
	14.1929 29.0741,
	14.1976 29.0729,
	14.207 29.0659,
	14.2246 29.0553,
	14.227 29.0553,
	14.2446 29.0425,
	14.2529 29.0378,
	14.2576 29.0342,
	14.2599 29.0319,
	14.2623 29.0319,
	14.2716 29.0237,
	14.281 29.0201,
	14.2998 29.019,
	14.3045 29.0178,
	14.3069 29.0154,
	14.3163 29.0119,
	14.3339 28.999,
	14.3386 28.9978,
	14.3468 28.9907,
	14.3562 28.986,
	14.3573 28.9837,
	14.362 28.9825,
	14.3667 28.9778,
	14.3691 28.9778,
	14.3844 28.9661,
	14.4185 28.9403,
	14.4232 28.9356,
	14.4325 28.9309,
	14.4396 28.9261,
	14.4443 28.925,
	14.4619 28.9144,
	14.4666 28.912,
	14.469 28.912,
	14.4713 28.9097,
	14.4807 28.9085,
	14.4901 28.905,
	14.4948 28.9038,
	14.4995 28.9003,
	14.5077 28.8967,
	14.5124 28.8933,
	14.5171 28.8921,
	14.5194 28.8886,
	14.5277 28.8827,
	14.5324 28.8804,
	14.5371 28.8757,
	14.5559 28.8733,
	14.5747 28.8733,
	14.5934 28.8769,
	14.631 28.8886,
	14.6357 28.8886,
	14.6405 28.8921,
	14.6499 28.8933,
	14.6686 28.9003,
	14.678 28.9073,
	14.6874 28.912,
	14.705 28.925,
	14.7097 28.9261,
	14.718 28.9332,
	14.7227 28.9344,
	14.725 28.9344,
	14.7274 28.9367,
	14.7321 28.9379,
	14.7415 28.945,
	14.7438 28.9473,
	14.7438 28.9497,
	14.759 28.9661,
	14.772 28.9848,
	14.779 28.9943,
	14.7825 28.999,
	14.7849 29.0013,
	14.7861 29.006,
	14.7978 29.0237,
	14.8049 29.0425,
	14.8096 29.0612,
	14.8131 29.0988,
	14.8167 29.174,
	14.8178 29.1928,
	14.8214 29.2116,
	14.8214 29.2303,
	14.8214 29.2397,
	14.8178 29.2491,
	14.8178 29.2539,
	14.8155 29.2562,
	14.8143 29.2609,
	14.8037 29.2797,
	14.8014 29.2809,
	14.8002 29.2903,
	14.7873 29.3278,
	14.7837 29.3372,
	14.7802 29.342,
	14.7802 29.3443,
	14.7767 29.349,
	14.7696 29.3678,
	14.7661 29.3771,
	14.7661 29.3795,
	14.7637 29.3818,
	14.7391 29.457,
	14.7356 29.4664,
	14.7356 29.4688,
	14.7333 29.4699,
	14.7333 29.4746,
	14.7274 29.4841,
	14.7238 29.4935,
	14.718 29.5029,
	14.7097 29.5111,
	14.705 29.5123,
	14.7027 29.5123,
	14.6956 29.5193,
	14.6862 29.5357,
	14.685 29.5404,
	14.6815 29.5451,
	14.6792 29.5475,
	14.6768 29.5569,
	14.6768 29.5592,
	14.6709 29.5674,
	14.6581 29.6051,
	14.6546 29.6097,
	14.6534 29.6144,
	14.6405 29.6309,
	14.6369 29.6356,
	14.6357 29.6403,
	14.6287 29.6497,
	14.6193 29.6673,
	14.6134 29.6767,
	14.6122 29.6814,
	14.6075 29.6861,
	14.6028 29.6943,
	14.5946 29.7037,
	14.5794 29.719,
	14.577 29.7237,
	14.5723 29.726,
	14.5676 29.7307,
	14.55 29.7389,
	14.5453 29.7413,
	14.5359 29.7425,
	14.5312 29.7448,
	14.5265 29.7495,
	14.5218 29.7507,
	14.5147 29.7578,
	14.5054 29.7636,
	14.5042 29.7659,
	14.4995 29.7671,
	14.4913 29.7741,
	14.4866 29.7753,
	14.4525 29.8023,
	14.4348 29.8165,
	14.4161 29.827,
	14.4067 29.8317,
	14.402 29.8329,
	14.3926 29.8388,
	14.3879 29.84,
	14.3856 29.8423,
	14.3832 29.8423,
	14.3785 29.8458,
	14.3597 29.8528,
	14.341 29.8528,
	14.3222 29.8505,
	14.3127 29.8505,
	14.308 29.854,
	14.2986 29.8563,
	14.2892 29.8563,
	14.2517 29.8481,
	14.2329 29.8481,
	14.2235 29.8493,
	14.2141 29.854,
	14.2117 29.854,
	14.2094 29.8563,
	"/>
</Transform>

<Transform dim="0"
 xcoef=" 0 1 0 0 0 0"
 ycoef=" 0 0 1 0 0 0">
<Contour name="d20sp02" hidden="true" closed="true" simplified="true" border="1 0 0" fill="1 0 0" mode="11"
 points="14.6509 32.1471,
	14.6408 32.1458,
	14.6358 32.1445,
	14.6257 32.1439,
	14.6156 32.1414,
	14.6106 32.1401,
	14.6081 32.1401,
	14.603 32.1383,
	14.6005 32.1363,
	14.5955 32.1346,
	14.5855 32.1276,
	14.5804 32.1232,
	14.5779 32.122,
	14.5691 32.1138,
	14.5647 32.1093,
	14.5615 32.1049,
	14.559 32.103,
	14.5577 32.1005,
	14.5495 32.0923,
	14.5426 32.0835,
	14.5401 32.081,
	14.5369 32.0759,
	14.5357 32.0734,
	14.535 32.0633,
	14.5363 32.0534,
	14.5401 32.0433,
	14.5401 32.0382,
	14.5414 32.0357,
	14.5414 32.0307,
	14.5414 32.0281,
	14.5414 32.0269,
	14.5401 32.0256,
	14.5401 32.0231,
	14.5401 32.0218,
	14.5388 32.0206,
	14.5357 32.0105,
	14.5338 32.0004,
	14.5332 31.9903,
	14.5332 31.9853,
	14.5369 31.9759,
	14.5388 31.9658,
	14.5388 31.9457,
	14.5376 31.9406,
	14.5376 31.9381,
	14.5363 31.9356,
	14.5357 31.9305,
	14.5319 31.9261,
	14.5313 31.9236,
	14.5142 31.9079,
	14.5098 31.9034,
	14.5049 31.9009,
	14.5005 31.8972,
	14.4999 31.896,
	14.4986 31.896,
	14.498 31.8947,
	14.4967 31.8947,
	14.4929 31.8909,
	14.4917 31.8903,
	14.4917 31.889,
	14.4872 31.8853,
	14.4803 31.8758,
	14.4784 31.8739,
	14.4784 31.8727,
	14.4759 31.8708,
	14.4753 31.8682,
	14.462 31.8481,
	14.4601 31.843,
	14.4601 31.8405,
	14.4589 31.8399,
	14.4595 31.8298,
	14.4633 31.8198,
	14.4652 31.8148,
	14.4671 31.8047,
	14.4671 31.7996,
	14.4671 31.7971,
	14.4627 31.787,
	14.4601 31.782,
	14.4601 31.7807,
	14.4583 31.7782,
	14.4576 31.7732,
	14.4576 31.7706,
	14.4576 31.77,
	14.4576 31.7694,
	14.4696 31.7505,
	14.4765 31.7304,
	14.4784 31.7279,
	14.4784 31.7254,
	14.4803 31.7228,
	14.4803 31.7216,
	14.4822 31.7191,
	14.4866 31.7096,
	14.4935 31.7002,
	14.4973 31.6964,
	14.5073 31.6901,
	14.5174 31.6907,
	14.5275 31.6939,
	14.5647 31.7172,
	14.5748 31.7216,
	14.5798 31.7247,
	14.5848 31.726,
	14.5861 31.7273,
	14.5873 31.7273,
	14.5898 31.7291,
	14.5923 31.7291,
	14.5948 31.731,
	14.5999 31.7323,
	14.6024 31.7336,
	14.6074 31.7342,
	14.6087 31.7355,
	14.6137 31.7367,
	14.6163 31.738,
	14.6188 31.738,
	14.6383 31.7448,
	14.6408 31.7454,
	14.6421 31.7454,
	14.6434 31.7467,
	14.6484 31.7473,
	14.6534 31.7498,
	14.6635 31.7517,
	14.6735 31.7555,
	14.6937 31.7568,
	14.7139 31.7562,
	14.7189 31.7555,
	14.7214 31.7555,
	14.7315 31.7517,
	14.7365 31.7505,
	14.7391 31.7498,
	14.7403 31.7486,
	14.7604 31.7429,
	14.7654 31.7411,
	14.7705 31.738,
	14.773 31.738,
	14.7755 31.7361,
	14.7957 31.7317,
	14.8159 31.731,
	14.8209 31.7317,
	14.8234 31.7329,
	14.8334 31.7336,
	14.8384 31.7342,
	14.841 31.7361,
	14.846 31.738,
	14.8485 31.7386,
	14.8536 31.7423,
	14.8548 31.7423,
	14.8599 31.7467,
	14.8624 31.7486,
	14.8656 31.753,
	14.87 31.7574,
	14.8769 31.7662,
	14.8794 31.7688,
	14.8807 31.7694,
	14.8807 31.7706,
	14.8939 31.7883,
	14.8945 31.7908,
	14.8958 31.7914,
	14.8958 31.7927,
	14.9015 31.8028,
	14.9033 31.8072,
	14.9064 31.8122,
	14.9083 31.8173,
	14.9115 31.8222,
	14.9152 31.8323,
	14.9159 31.8525,
	14.9159 31.8575,
	14.9146 31.8626,
	14.9146 31.8651,
	14.9127 31.8701,
	14.9115 31.8727,
	14.9115 31.8752,
	14.9102 31.8777,
	14.9102 31.879,
	14.9089 31.8802,
	14.9008 31.8997,
	14.8939 31.9192,
	14.8901 31.9242,
	14.8889 31.9261,
	14.8864 31.928,
	14.8807 31.9375,
	14.8794 31.9425,
	14.8769 31.9476,
	14.8737 31.9576,
	14.8693 31.9677,
	14.8674 31.9696,
	14.8668 31.9721,
	14.8586 31.9815,
	14.8555 31.9865,
	14.8555 31.9878,
	14.8542 31.9891,
	14.8536 32.0092,
	14.8523 32.0193,
	14.8517 32.0244,
	14.8498 32.0294,
	14.8498 32.0319,
	14.8479 32.037,
	14.8454 32.0395,
	14.8441 32.042,
	14.8397 32.0452,
	14.8372 32.0464,
	14.8359 32.0477,
	14.8347 32.0477,
	14.8252 32.0546,
	14.8171 32.0633,
	14.8121 32.0677,
	14.8039 32.0753,
	14.8014 32.0778,
	14.7932 32.0841,
	14.7843 32.0923,
	14.7831 32.0942,
	14.7806 32.0961,
	14.7793 32.0961,
	14.7698 32.1043,
	14.7598 32.1112,
	14.7547 32.1144,
	14.7522 32.1169,
	14.7478 32.1201,
	14.7453 32.122,
	14.7441 32.1232,
	14.7441 32.1245,
	14.7353 32.1333,
	14.734 32.1352,
	14.7239 32.1408,
	14.7214 32.142,
	14.7113 32.1439,
	14.6912 32.1458,
	14.6811 32.1471,
	"/>
</Transform>

<Transform dim="0"
 xcoef=" 0 1 0 0 0 0"
 ycoef=" 0 0 1 0 0 0">
<Contour name="d11c01" hidden="true" closed="true" simplified="true" border="0 0 1" fill="0 0 1" mode="11"
 points="14.3262 23.7992,
	14.3114 23.7969,
	14.3041 23.7955,
	14.3004 23.7946,
	14.2999 23.7937,
	14.2962 23.7927,
	14.2944 23.7918,
	14.2934 23.7918,
	14.2916 23.79,
	14.2907 23.789,
	14.2893 23.7853,
	14.2879 23.778,
	14.2879 23.777,
	14.287 23.7761,
	14.2851 23.7613,
	14.2842 23.7576,
	14.2842 23.7503,
	14.2837 23.7471,
	14.2837 23.7466,
	14.286 23.7393,
	14.2879 23.7356,
	14.2888 23.7319,
	14.2902 23.73,
	14.2907 23.7286,
	14.292 23.7268,
	14.292 23.7259,
	14.2948 23.7222,
	14.2962 23.7189,
	14.298 23.7171,
	14.3031 23.7115,
	14.305 23.7097,
	14.305 23.7088,
	14.3165 23.6963,
	14.3179 23.6945,
	14.3184 23.6926,
	14.3225 23.6857,
	14.3248 23.682,
	14.3253 23.6801,
	14.3267 23.6783,
	14.329 23.671,
	14.3304 23.6673,
	14.3308 23.6636,
	14.3332 23.6562,
	14.3341 23.6544,
	14.3373 23.6396,
	14.3373 23.6359,
	14.3387 23.6322,
	14.3392 23.6285,
	14.3405 23.6248,
	14.341 23.6211,
	14.3438 23.6137,
	14.3438 23.6119,
	14.3447 23.61,
	14.3447 23.6091,
	14.3456 23.6082,
	14.3456 23.6073,
	14.3465 23.6063,
	14.347 23.6045,
	14.3529 23.5981,
	14.3603 23.5949,
	14.364 23.594,
	14.3788 23.5935,
	14.3862 23.5944,
	14.3899 23.5954,
	14.3917 23.5958,
	14.3926 23.5958,
	14.3931 23.5967,
	14.394 23.5967,
	14.4009 23.6017,
	14.4042 23.6054,
	14.4065 23.6091,
	14.4065 23.61,
	14.4088 23.6137,
	14.4139 23.6285,
	14.4157 23.6322,
	14.4157 23.6359,
	14.4171 23.6433,
	14.4185 23.6581,
	14.419 23.6875,
	14.4166 23.7023,
	14.4153 23.7097,
	14.4125 23.7171,
	14.4116 23.7208,
	14.4102 23.7231,
	14.4093 23.7268,
	14.406 23.7342,
	14.4042 23.7374,
	14.4028 23.7388,
	14.4028 23.7397,
	14.4 23.743,
	14.3982 23.7466,
	14.3963 23.748,
	14.3959 23.7499,
	14.3959 23.7508,
	14.394 23.7522,
	14.3917 23.7559,
	14.3908 23.7576,
	14.3899 23.7581,
	14.3899 23.759,
	14.3889 23.7595,
	14.3889 23.7604,
	14.3871 23.7623,
	14.3852 23.7659,
	14.3834 23.7678,
	14.3829 23.7696,
	14.3811 23.7715,
	14.3802 23.7724,
	14.3802 23.7733,
	14.3742 23.7803,
	14.3709 23.7835,
	14.3695 23.7853,
	14.3663 23.7877,
	14.3645 23.789,
	14.3635 23.79,
	14.3626 23.79,
	14.3589 23.7927,
	14.3571 23.7937,
	14.3561 23.7937,
	14.3552 23.7946,
	14.3543 23.7946,
	14.3538 23.7955,
	14.352 23.7955,
	14.3501 23.7964,
	14.3475 23.7964,
	14.3465 23.7974,
	14.3428 23.7978,
	14.341 23.7987,
	"/>
</Transform>

<Transform dim="0"
 xcoef=" 0 1 0 0 0 0"
 ycoef=" 0 0 1 0 0 0">
<Contour name="d09p04" hidden="true" closed="true" simplified="true" border="1 0 0" fill="1 0 0" mode="11"
 points="14.0816 29.3198,
	14.062 29.2839,
	14.1013 29.2839,
	"/>
</Transform>

<Transform dim="0"
 xcoef=" 0 1 0 0 0 0"
 ycoef=" 0 0 1 0 0 0">
<Contour name="d09c04" hidden="true" closed="true" simplified="true" border="0 0 1" fill="0 0 1" mode="11"
 points="13.997 29.4533,
	13.9903 29.4525,
	13.9869 29.4525,
	13.9853 29.4508,
	13.9786 29.4501,
	13.9719 29.4476,
	13.9702 29.4476,
	13.9669 29.4451,
	13.9636 29.4443,
	13.952 29.4351,
	13.9478 29.4217,
	13.9453 29.395,
	13.9453 29.3883,
	13.9453 29.3875,
	13.9453 29.3866,
	13.9503 29.36,
	13.9503 29.3567,
	13.9544 29.3433,
	13.956 29.34,
	13.956 29.3366,
	13.9652 29.3099,
	13.9686 29.2974,
	13.9736 29.2841,
	13.9744 29.2775,
	13.9777 29.2708,
	13.9811 29.2574,
	13.9828 29.2541,
	13.9828 29.2524,
	13.9853 29.2491,
	13.9853 29.2457,
	13.9878 29.239,
	13.9886 29.2357,
	13.9911 29.2324,
	13.9919 29.2257,
	14.0036 29.1991,
	14.0045 29.1957,
	14.0086 29.189,
	14.0086 29.1874,
	14.0103 29.1857,
	14.0103 29.184,
	14.0128 29.1807,
	14.0128 29.179,
	14.0145 29.1773,
	14.017 29.1707,
	14.0203 29.1673,
	14.0203 29.164,
	14.0245 29.1581,
	14.0262 29.1565,
	14.027 29.1531,
	14.0361 29.1398,
	14.0378 29.1381,
	14.0386 29.1348,
	14.0478 29.1223,
	14.0495 29.1215,
	14.0503 29.1182,
	14.0528 29.1148,
	14.0545 29.114,
	14.0553 29.1106,
	14.0595 29.1056,
	14.0612 29.1048,
	14.062 29.1015,
	14.067 29.0964,
	14.067 29.0948,
	14.0728 29.0906,
	14.0745 29.0873,
	14.0762 29.0873,
	14.0787 29.0839,
	14.0804 29.0823,
	14.0837 29.0814,
	14.0895 29.0764,
	14.0929 29.0756,
	14.0946 29.0739,
	14.1012 29.0722,
	14.1046 29.0706,
	14.1178 29.0697,
	14.1245 29.0697,
	14.1312 29.0714,
	14.1379 29.0747,
	14.1412 29.0756,
	14.1471 29.0806,
	14.1504 29.0823,
	14.1512 29.0839,
	14.1529 29.0839,
	14.1646 29.0948,
	14.1663 29.0981,
	14.1696 29.1006,
	14.1713 29.114,
	14.1704 29.1273,
	14.1679 29.1406,
	14.1654 29.1473,
	14.1646 29.1506,
	14.1646 29.1523,
	14.1629 29.154,
	14.1613 29.1606,
	14.1537 29.174,
	14.1512 29.1765,
	14.1504 29.1799,
	14.1479 29.1832,
	14.1471 29.1865,
	14.1446 29.1899,
	14.1437 29.1932,
	14.1354 29.2057,
	14.1329 29.2091,
	14.127 29.2215,
	14.1237 29.2282,
	14.1212 29.2315,
	14.1212 29.2332,
	14.1162 29.2399,
	14.1137 29.2466,
	14.1104 29.2499,
	14.1096 29.2532,
	14.1046 29.2599,
	14.1029 29.2633,
	14.1029 29.2649,
	14.0979 29.2708,
	14.0979 29.2741,
	14.0937 29.2808,
	14.0921 29.2841,
	14.0921 29.2858,
	14.0862 29.2924,
	14.0862 29.2941,
	14.0687 29.3208,
	14.0637 29.3275,
	14.062 29.3308,
	14.0586 29.3341,
	14.0545 29.34,
	14.0486 29.3458,
	14.0445 29.3525,
	14.0436 29.3558,
	14.0411 29.3592,
	14.0394 29.3659,
	14.0369 29.3692,
	14.0361 29.3725,
	14.0336 29.3758,
	14.0336 29.3825,
	14.032 29.3833,
	14.0279 29.3967,
	14.027 29.4,
	14.0253 29.4017,
	14.0237 29.4084,
	14.022 29.4092,
	14.022 29.4125,
	14.0187 29.4192,
	14.0187 29.4209,
	14.017 29.4217,
	14.0153 29.4284,
	14.0112 29.4342,
	14.0086 29.4409,
	14.0045 29.4468,
	14.002 29.4501,
	13.9986 29.4517,
	"/>
</Transform>

<Transform dim="0"
 xcoef=" 0 1 0 0 0 0"
 ycoef=" 0 0 1 0 0 0">
<Contour name="d09c05" hidden="true" closed="true" simplified="true" border="0 0 1" fill="0 0 1" mode="11"
 points="15.3763 30.2802,
	15.368 30.2797,
	15.3597 30.2782,
	15.3572 30.274,
	15.3556 30.2699,
	15.3556 30.2616,
	15.3561 30.2574,
	15.3592 30.2492,
	15.3592 30.2471,
	15.3603 30.245,
	15.3618 30.2368,
	15.3618 30.2285,
	15.3608 30.2202,
	15.3587 30.212,
	15.3556 30.2037,
	15.3546 30.1995,
	15.3509 30.1912,
	15.3484 30.183,
	15.3468 30.1788,
	15.3468 30.1778,
	15.3458 30.1767,
	15.3458 30.1747,
	15.3447 30.1736,
	15.3442 30.1695,
	15.3432 30.1684,
	15.3432 30.1664,
	15.3421 30.1653,
	15.337 30.1489,
	15.3338 30.1406,
	15.3333 30.1364,
	15.3323 30.1344,
	15.3323 30.1333,
	15.3313 30.1323,
	15.3313 30.1302,
	15.3302 30.1292,
	15.3302 30.1271,
	15.3266 30.1188,
	15.3261 30.1168,
	15.3245 30.1147,
	15.324 30.1126,
	15.323 30.1116,
	15.3225 30.1095,
	15.3225 30.1085,
	15.3209 30.1064,
	15.3209 30.1054,
	15.3193 30.1033,
	15.3193 30.1012,
	15.3157 30.0929,
	15.3157 30.0919,
	15.3111 30.0836,
	15.3085 30.0801,
	15.3074 30.078,
	15.3059 30.077,
	15.3028 30.0733,
	15.2986 30.0697,
	15.2972 30.0687,
	15.2951 30.0687,
	15.291 30.0671,
	15.2827 30.0661,
	15.2816 30.0661,
	15.2733 30.0708,
	15.2723 30.0718,
	15.264 30.0739,
	15.2474 30.0744,
	15.2309 30.0739,
	15.2144 30.0723,
	15.2061 30.0718,
	15.1895 30.0671,
	15.1875 30.0666,
	15.1864 30.0656,
	15.1823 30.0651,
	15.1781 30.0625,
	15.1771 30.0625,
	15.1761 30.0614,
	15.1719 30.0599,
	15.1698 30.0583,
	15.1678 30.0578,
	15.1667 30.0557,
	15.1657 30.0557,
	15.159 30.0485,
	15.1574 30.0464,
	15.1564 30.0454,
	15.1548 30.0412,
	15.1533 30.0392,
	15.1528 30.0371,
	15.1512 30.035,
	15.1465 30.019,
	15.146 30.0024,
	15.146 30.0004,
	15.146 29.9999,
	15.146 29.9994,
	15.1476 29.9828,
	15.1491 29.9745,
	15.1517 29.9662,
	15.1528 29.9642,
	15.1528 29.9621,
	15.1538 29.9616,
	15.1538 29.9595,
	15.1564 29.9553,
	15.1579 29.9512,
	15.1636 29.9429,
	15.1647 29.9408,
	15.1662 29.9398,
	15.1678 29.9377,
	15.1693 29.9367,
	15.1709 29.9346,
	15.1745 29.9326,
	15.1781 29.9289,
	15.1792 29.9269,
	15.1833 29.9233,
	15.1911 29.9187,
	15.1921 29.9187,
	15.1963 29.9161,
	15.2046 29.9135,
	15.2128 29.9119,
	15.2293 29.9109,
	15.2542 29.9109,
	15.2708 29.9125,
	15.279 29.915,
	15.2832 29.9161,
	15.2853 29.9171,
	15.2863 29.9171,
	15.2884 29.9187,
	15.292 29.9202,
	15.3085 29.93,
	15.3105 29.931,
	15.3116 29.932,
	15.3126 29.932,
	15.3147 29.9336,
	15.3157 29.9336,
	15.3199 29.9372,
	15.3219 29.9377,
	15.324 29.9393,
	15.3245 29.9403,
	15.3281 29.9419,
	15.3447 29.9533,
	15.3473 29.9553,
	15.3484 29.9553,
	15.3566 29.961,
	15.3639 29.9657,
	15.3711 29.9714,
	15.3748 29.974,
	15.3763 29.9761,
	15.3804 29.9787,
	15.3819 29.9802,
	15.384 29.9807,
	15.3918 29.9864,
	15.3959 29.9885,
	15.4032 29.9942,
	15.4042 29.9952,
	15.4052 29.9952,
	15.4083 29.9983,
	15.4104 29.9999,
	15.4114 30.002,
	15.4135 30.0029,
	15.4171 30.007,
	15.4218 30.0143,
	15.4244 30.0174,
	15.4291 30.0257,
	15.4296 30.0278,
	15.4306 30.0288,
	15.4316 30.0329,
	15.4327 30.0335,
	15.4342 30.0417,
	15.4368 30.05,
	15.4368 30.0521,
	15.4379 30.0542,
	15.4379 30.0562,
	15.4394 30.0604,
	15.442 30.077,
	15.4436 30.0852,
	15.4441 30.0893,
	15.4467 30.0976,
	15.4493 30.1142,
	15.4503 30.1183,
	15.4518 30.1845,
	15.4524 30.2177,
	15.4524 30.2259,
	15.4503 30.2342,
	15.4493 30.2363,
	15.4493 30.2384,
	15.4482 30.2389,
	15.4472 30.2429,
	15.4441 30.2466,
	15.4436 30.2486,
	15.4415 30.2502,
	15.4415 30.2512,
	15.4379 30.2543,
	15.4358 30.2564,
	15.4337 30.2574,
	15.4316 30.2595,
	15.4306 30.2605,
	15.4296 30.2605,
	15.4259 30.2631,
	15.4218 30.2647,
	15.4208 30.2657,
	15.4197 30.2657,
	15.4182 30.2673,
	15.4161 30.2678,
	15.414 30.2694,
	15.413 30.2694,
	15.4109 30.2709,
	15.3949 30.2776,
	15.3928 30.2787,
	"/>
</Transform>

<Transform dim="0"
 xcoef=" 0 1 0 0 0 0"
 ycoef=" 0 0 1 0 0 0">
<Contour name="d29p03" hidden="true" closed="true" simplified="true" border="1 0 0" fill="1 0 0" mode="11"
 points="11.193 26.9094,
	11.1746 26.891,
	11.193 26.8725,
	11.2115 26.891,
	"/>
</Transform>

<Transform dim="0"
 xcoef=" 0 1 0 0 0 0"
 ycoef=" 0 0 1 0 0 0">
<Contour name="d29sp03" hidden="true" closed="true" simplified="true" border="1 0 0" fill="1 0 0" mode="11"
 points="10.9181 27.3175,
	10.9129 27.3169,
	10.9122 27.3156,
	10.9077 27.3137,
	10.9051 27.3118,
	10.9025 27.3111,
	10.8979 27.3059,
	10.8966 27.3046,
	10.8947 27.2942,
	10.8947 27.289,
	10.8947 27.2871,
	10.8947 27.2864,
	10.8973 27.276,
	10.8973 27.2747,
	10.9025 27.2702,
	10.9077 27.2689,
	10.9129 27.2695,
	10.922 27.2767,
	10.9246 27.278,
	10.9278 27.2825,
	10.9298 27.2845,
	10.9304 27.2949,
	10.9304 27.3001,
	10.9278 27.3105,
	10.9246 27.3156,
	10.9233 27.3169,
	"/>
</Transform>

<Transform dim="0"
 xcoef=" 0 1 0 0 0 0"
 ycoef=" 0 0 1 0 0 0">
<Contour name="d29sp03" hidden="true" closed="true" simplified="true" border="1 0 0" fill="1 0 0" mode="11"
 points="11.0957 27.0439,
	11.0786 27.0356,
	11.0703 27.0307,
	11.0625 27.024,
	11.0592 27.0201,
	11.0581 27.019,
	11.057 27.0146,
	11.057 27.0124,
	11.057 27.0118,
	11.057 27.0113,
	11.0587 27.0069,
	11.0592 27.0047,
	11.0614 27.003,
	11.0625 27.0008,
	11.0631 26.9997,
	11.0642 26.9997,
	11.0714 26.992,
	11.0764 26.9832,
	11.0797 26.9655,
	11.0802 26.9301,
	11.0819 26.9125,
	11.0847 26.9036,
	11.0852 26.9014,
	11.0852 26.9003,
	11.0863 26.8992,
	11.0874 26.8948,
	11.0885 26.8937,
	11.0896 26.8892,
	11.0907 26.8898,
	11.0907 26.8909,
	11.0919 26.892,
	11.0919 26.8942,
	11.0946 26.9031,
	11.0946 26.9053,
	11.0968 26.9097,
	11.0979 26.9119,
	11.0979 26.9141,
	11.1018 26.9223,
	11.1024 26.924,
	11.1089 26.9328,
	11.1117 26.9367,
	11.1155 26.9406,
	11.1178 26.9422,
	11.1238 26.9489,
	11.1327 26.9566,
	11.1349 26.9572,
	11.1393 26.9611,
	11.1404 26.9611,
	11.1426 26.9633,
	11.1471 26.9655,
	11.1482 26.9666,
	11.1504 26.9666,
	11.1548 26.9694,
	11.1725 26.9771,
	11.1814 26.981,
	11.1858 26.9826,
	11.1879 26.9837,
	11.189 26.9837,
	11.1901 26.9848,
	11.189 26.9854,
	11.1847 26.9843,
	11.1803 26.9843,
	11.1781 26.9854,
	11.1736 26.9859,
	11.1648 26.9893,
	11.1604 26.9898,
	11.1515 26.9931,
	11.1432 26.9986,
	11.1388 27.0019,
	11.131 27.0107,
	11.1288 27.0124,
	11.1277 27.0146,
	11.1255 27.0168,
	11.1244 27.019,
	11.1227 27.0201,
	11.1166 27.0284,
	11.115 27.0295,
	11.115 27.0307,
	11.1122 27.0345,
	11.1084 27.039,
	11.1046 27.0417,
	11.1002 27.0434,
	"/>
</Transform>

<Transform dim="0"
 xcoef=" 0 1 0 0 0 0"
 ycoef=" 0 0 1 0 0 0">
<Contour name="d05sp04" hidden="true" closed="true" simplified="true" border="1 0 0" fill="1 0 0" mode="11"
 points="16.2376 25.823,
	16.2364 25.8217,
	16.2314 25.8199,
	16.2301 25.8199,
	16.2295 25.8186,
	16.2269 25.818,
	16.2219 25.8143,
	16.2119 25.8105,
	16.1918 25.806,
	16.1717 25.8055,
	16.1617 25.8055,
	16.1516 25.8074,
	16.1415 25.8079,
	16.139 25.8086,
	16.1378 25.8086,
	16.1364 25.8098,
	16.1314 25.8105,
	16.1214 25.8136,
	16.1113 25.8136,
	16.1063 25.8124,
	16.1051 25.8124,
	16.1038 25.811,
	16.0944 25.8079,
	16.0918 25.8079,
	16.0868 25.8036,
	16.0831 25.7991,
	16.0806 25.7941,
	16.0793 25.7929,
	16.0793 25.7904,
	16.0768 25.7853,
	16.0749 25.7752,
	16.0749 25.7652,
	16.078 25.7451,
	16.0806 25.7351,
	16.0806 25.7338,
	16.0818 25.7325,
	16.0837 25.7225,
	16.0849 25.72,
	16.0887 25.6998,
	16.09 25.6974,
	16.0918 25.6773,
	16.0918 25.6723,
	16.09 25.6672,
	16.0887 25.6659,
	16.0887 25.6647,
	16.0875 25.6634,
	16.0868 25.6609,
	16.0793 25.6515,
	16.0698 25.6433,
	16.0629 25.6351,
	16.0554 25.6251,
	16.0498 25.615,
	16.046 25.605,
	16.0441 25.5949,
	16.0435 25.5849,
	16.0435 25.5823,
	16.0435 25.5818,
	16.0435 25.5811,
	16.0447 25.5761,
	16.0479 25.5711,
	16.0523 25.5666,
	16.0536 25.5642,
	16.0586 25.561,
	16.0611 25.5591,
	16.0624 25.5591,
	16.0648 25.5572,
	16.0661 25.556,
	16.0762 25.5522,
	16.0787 25.551,
	16.0812 25.551,
	16.0862 25.5478,
	16.0963 25.5446,
	16.0987 25.5441,
	16.0994 25.5427,
	16.1094 25.5396,
	16.112 25.5396,
	16.1321 25.5327,
	16.1421 25.5302,
	16.1522 25.5296,
	16.1547 25.5296,
	16.1572 25.5315,
	16.1585 25.5315,
	16.1635 25.5358,
	16.1729 25.5415,
	16.1742 25.5427,
	16.1767 25.5427,
	16.1868 25.5459,
	16.1968 25.5478,
	16.2169 25.5497,
	16.237 25.5503,
	16.2571 25.5535,
	16.2772 25.5579,
	16.2873 25.5597,
	16.2898 25.561,
	16.2999 25.5629,
	16.3049 25.5642,
	16.3074 25.5642,
	16.3124 25.5673,
	16.3168 25.5692,
	16.3193 25.5716,
	16.3206 25.573,
	16.3206 25.5742,
	16.3225 25.5754,
	16.3369 25.5955,
	16.3369 25.5968,
	16.3381 25.5974,
	16.34 25.6075,
	16.3407 25.6176,
	16.3376 25.6276,
	16.335 25.6327,
	16.3338 25.6339,
	16.3319 25.6383,
	16.3206 25.6571,
	16.3181 25.6609,
	16.3162 25.6659,
	16.3149 25.6685,
	16.3143 25.6885,
	16.3149 25.6986,
	16.3156 25.7036,
	16.3168 25.7062,
	16.3181 25.7162,
	16.3181 25.7363,
	16.3174 25.7413,
	16.313 25.7514,
	16.3124 25.7539,
	16.3092 25.7589,
	16.308 25.7614,
	16.3068 25.7621,
	16.3068 25.7633,
	16.303 25.7683,
	16.3011 25.7709,
	16.3011 25.7721,
	16.298 25.7771,
	16.2961 25.7797,
	16.2961 25.7809,
	16.2942 25.7835,
	16.293 25.7847,
	16.293 25.7859,
	16.2917 25.7872,
	16.2917 25.7885,
	16.2848 25.7972,
	16.2835 25.7998,
	16.2822 25.801,
	16.2822 25.8023,
	16.2779 25.8074,
	16.276 25.8098,
	16.2672 25.8161,
	16.266 25.8161,
	16.2653 25.8174,
	16.2641 25.8174,
	16.2615 25.8193,
	16.2603 25.8193,
	16.2577 25.8211,
	16.2527 25.823,
	"/>
</Transform>

<Transform dim="0"
 xcoef=" 0 1 0 0 0 0"
 ycoef=" 0 0 1 0 0 0">
<Contour name="d20c02" hidden="true" closed="true" simplified="true" border="0 0 1" fill="0 0 1" mode="11"
 points="14.7 31.8147,
	14.6892 31.8133,
	14.6838 31.812,
	14.6623 31.8113,
	14.6515 31.8106,
	14.6299 31.8066,
	14.6245 31.8059,
	14.6231 31.8059,
	14.6218 31.8046,
	14.6164 31.8025,
	14.6137 31.8019,
	14.6083 31.7985,
	14.6035 31.7965,
	14.6022 31.7951,
	14.6008 31.7951,
	14.5988 31.7931,
	14.5961 31.7924,
	14.5907 31.789,
	14.5861 31.787,
	14.5834 31.7843,
	14.5807 31.783,
	14.5793 31.783,
	14.5719 31.7742,
	14.5706 31.7728,
	14.5699 31.7701,
	14.5672 31.7674,
	14.5645 31.7566,
	14.5625 31.7512,
	14.5611 31.7405,
	14.5611 31.7297,
	14.5611 31.727,
	14.5611 31.7264,
	14.5645 31.7156,
	14.5665 31.7102,
	14.5679 31.7075,
	14.5706 31.7048,
	14.5706 31.7034,
	14.5753 31.6987,
	14.5807 31.6953,
	14.5861 31.6933,
	14.6076 31.6926,
	14.6292 31.6987,
	14.64 31.7014,
	14.6427 31.7021,
	14.6454 31.7041,
	14.6669 31.7061,
	14.6885 31.7068,
	14.7101 31.7061,
	14.7317 31.7041,
	14.7532 31.7034,
	14.764 31.7034,
	14.7694 31.7055,
	14.7721 31.7068,
	14.7748 31.7115,
	14.7768 31.7223,
	14.7782 31.7438,
	14.7782 31.7654,
	14.7782 31.7681,
	14.7748 31.7789,
	14.7687 31.789,
	14.764 31.7944,
	14.7586 31.7985,
	14.7552 31.8019,
	14.7525 31.8025,
	14.7471 31.8059,
	14.7444 31.8066,
	14.7432 31.8066,
	14.7405 31.8086,
	14.7351 31.81,
	14.7324 31.8113,
	14.7108 31.8147,
	"/>
</Transform>

<Transform dim="0"
 xcoef=" 0 1 0 0 0 0"
 ycoef=" 0 0 1 0 0 0">
<Contour name="d20sp05" hidden="true" closed="true" simplified="true" border="1 0 0" fill="1 0 0" mode="11"
 points="14.7232 31.0099,
	14.7161 31.0081,
	14.7094 31.0041,
	14.7058 31.001,
	14.7031 30.9978,
	14.7018 30.996,
	14.7004 30.9925,
	14.7 30.9639,
	14.7 30.9497,
	14.7 30.9426,
	14.7 30.9408,
	14.7 30.9399,
	14.7 30.9394,
	14.7031 30.9251,
	14.704 30.9243,
	14.704 30.9225,
	14.7062 30.9153,
	14.7071 30.9118,
	14.708 30.91,
	14.708 30.9091,
	14.7089 30.9082,
	14.7111 30.901,
	14.7147 30.8939,
	14.7161 30.8903,
	14.7169 30.8894,
	14.7169 30.8885,
	14.7183 30.8867,
	14.7196 30.8832,
	14.7205 30.8818,
	14.7205 30.8809,
	14.7219 30.8792,
	14.7232 30.8756,
	14.7245 30.8738,
	14.7277 30.8668,
	14.7286 30.8632,
	14.7308 30.8601,
	14.7312 30.8583,
	14.7326 30.8565,
	14.7326 30.8556,
	14.7335 30.8547,
	14.7335 30.8538,
	14.7344 30.8529,
	14.7348 30.8511,
	14.737 30.8476,
	14.7384 30.8453,
	14.7384 30.8444,
	14.7428 30.8377,
	14.7459 30.8342,
	14.7477 30.8333,
	14.7503 30.8301,
	14.7521 30.8288,
	14.7557 30.8275,
	14.7628 30.827,
	14.77 30.8257,
	14.7736 30.8252,
	14.7803 30.8225,
	14.7838 30.8208,
	14.7847 30.8208,
	14.7883 30.8181,
	14.7901 30.8176,
	14.7936 30.8154,
	14.7945 30.8145,
	14.8017 30.8118,
	14.8088 30.8114,
	14.8124 30.8118,
	14.816 30.8132,
	14.8178 30.8145,
	14.8195 30.815,
	14.8227 30.8181,
	14.8235 30.8199,
	14.8235 30.8208,
	14.8244 30.8212,
	14.8244 30.823,
	14.8257 30.8266,
	14.8279 30.8409,
	14.8275 30.8551,
	14.827 30.8623,
	14.8239 30.8765,
	14.8222 30.8836,
	14.8209 30.8872,
	14.8209 30.889,
	14.8187 30.8961,
	14.8173 30.8997,
	14.8173 30.9006,
	14.8164 30.9015,
	14.816 30.9051,
	14.8137 30.9122,
	14.8133 30.9158,
	14.812 30.9193,
	14.8115 30.9229,
	14.8093 30.9301,
	14.8084 30.931,
	14.7999 30.9594,
	14.7972 30.9666,
	14.795 30.9701,
	14.7945 30.9719,
	14.7919 30.9751,
	14.791 30.9768,
	14.7892 30.9786,
	14.7843 30.9849,
	14.782 30.988,
	14.7803 30.9893,
	14.7798 30.9902,
	14.7789 30.9902,
	14.7776 30.9916,
	14.7767 30.9916,
	14.7749 30.9929,
	14.7677 30.9947,
	14.7642 30.9956,
	14.7624 30.9956,
	14.7588 30.9969,
	14.7557 30.9992,
	14.7539 30.9996,
	14.7503 31.0023,
	14.7437 31.0054,
	14.742 31.0059,
	14.7411 31.0068,
	14.7339 31.009,
	14.7268 31.0094,
	"/>
</Transform>

<Transform dim="0"
 xcoef=" 0 1 0 0 0 0"
 ycoef=" 0 0 1 0 0 0">
<Contour name="d11p02" hidden="true" closed="true" simplified="true" border="1 0 0" fill="1 0 0" mode="11"
 points="15.6136 24.0324,
	15.6019 24.0107,
	15.6254 24.0107,
	"/>
</Transform>

<Transform dim="0"
 xcoef=" 0 1 0 0 0 0"
 ycoef=" 0 0 1 0 0 0">
<Contour name="d11sp02" hidden="true" closed="true" simplified="true" border="1 0 0" fill="1 0 0" mode="11"
 points="15.6462 24.0842,
	15.6456 24.0836,
	15.6522 24.0742,
	15.6551 24.0695,
	15.6587 24.06,
	15.6605 24.0552,
	15.6616 24.0173,
	15.6616 23.9415,
	15.6611 23.932,
	15.6575 23.9132,
	15.6569 23.9037,
	15.6563 23.8989,
	15.6557 23.8977,
	15.6569 23.8971,
	15.6587 23.8995,
	15.6587 23.9007,
	15.6611 23.9025,
	15.667 23.9114,
	15.6705 23.9154,
	15.6705 23.9166,
	15.6729 23.919,
	15.6753 23.9237,
	15.6788 23.9285,
	15.6788 23.9297,
	15.6854 23.9391,
	15.6901 23.948,
	15.6919 23.9528,
	15.6925 23.9551,
	15.6941 23.9569,
	15.6977 23.9664,
	15.6995 23.9688,
	15.7007 23.9735,
	15.7019 23.9759,
	15.703 23.9765,
	15.7036 23.9789,
	15.7072 23.9836,
	15.7078 23.986,
	15.7096 23.9883,
	15.7113 23.9895,
	15.7137 23.9937,
	15.7262 24.0084,
	15.7285 24.0102,
	15.7291 24.0125,
	15.7315 24.0143,
	15.7327 24.0185,
	15.7339 24.0208,
	15.7333 24.0303,
	15.7315 24.0351,
	15.7285 24.0398,
	15.7196 24.0469,
	15.7173 24.0481,
	15.7149 24.0505,
	15.7102 24.0529,
	15.7078 24.0546,
	15.7066 24.0558,
	15.7042 24.0564,
	15.6995 24.06,
	15.6971 24.0612,
	15.6947 24.0635,
	15.6907 24.0665,
	15.6883 24.0683,
	15.6871 24.0683,
	15.683 24.0712,
	15.6818 24.0724,
	15.6723 24.0765,
	15.6628 24.0794,
	15.6605 24.0806,
	15.6581 24.0806,
	15.6486 24.0842,
	"/>
</Transform>

<Transform dim="0"
 xcoef=" 0 1 0 0 0 0"
 ycoef=" 0 0 1 0 0 0">
<Contour name="d09cfa05" hidden="true" closed="true" simplified="true" border="0 1 0" fill="0 1 0" mode="11"
 points="15.1961 30.0111,
	15.189 30.0107,
	15.1819 30.0089,
	15.1801 30.0076,
	15.1792 30.0076,
	15.1757 30.0045,
	15.1739 30.001,
	15.1739 29.9975,
	15.1739 29.997,
	15.1752 29.9935,
	15.1757 29.9917,
	15.177 29.9904,
	15.177 29.9895,
	15.1792 29.9864,
	15.1806 29.9846,
	15.1815 29.9837,
	15.1815 29.9828,
	15.1828 29.981,
	15.1832 29.9793,
	15.1846 29.9775,
	15.1841 29.9633,
	15.1841 29.9562,
	15.1846 29.9526,
	15.185 29.9508,
	15.1877 29.9473,
	15.1877 29.9464,
	15.1921 29.9397,
	15.1921 29.9388,
	15.1939 29.9371,
	15.1961 29.934,
	15.1974 29.9322,
	15.2045 29.9286,
	15.2117 29.9264,
	15.2152 29.9251,
	15.2188 29.9246,
	15.2222 29.9234,
	15.2293 29.9221,
	15.2435 29.9216,
	15.2506 29.9216,
	15.2577 29.9225,
	15.2595 29.9225,
	15.2666 29.9251,
	15.2737 29.9264,
	15.2755 29.9264,
	15.2791 29.9277,
	15.2808 29.9282,
	15.2817 29.9282,
	15.2853 29.9309,
	15.2875 29.9344,
	15.2879 29.9486,
	15.2857 29.9557,
	15.2844 29.9628,
	15.2844 29.9637,
	15.2835 29.9646,
	15.2822 29.9682,
	15.2817 29.9699,
	15.2786 29.9726,
	15.2777 29.9744,
	15.2711 29.9788,
	15.2693 29.9797,
	15.2662 29.9833,
	15.264 29.9864,
	15.2631 29.9881,
	15.26 29.9913,
	15.26 29.9921,
	15.2529 29.9979,
	15.2457 30.0028,
	15.2386 30.0049,
	15.2351 30.0063,
	15.2209 30.0085,
	15.2174 30.0094,
	15.2032 30.0098,
	"/>
</Transform>

<Transform dim="0"
 xcoef=" 0 1 0 0 0 0"
 ycoef=" 0 0 1 0 0 0">
<Contour name="d09sas01" hidden="true" closed="true" simplified="true" border="1 0 0" fill="1 0 0" mode="11"
 points="14.3798 29.0724,
	14.3798 29.0542,
	14.3615 29.0542,
	14.3615 29.036,
	14.3798 29.036,
	14.3798 29.0177,
	14.398 29.0177,
	14.398 29.036,
	14.4163 29.036,
	14.4163 29.0542,
	14.398 29.0542,
	14.398 29.0724,
	"/>
</Transform>

<Transform dim="0"
 xcoef=" 0 1 0 0 0 0"
 ycoef=" 0 0 1 0 0 0">
<Contour name="d20p04" hidden="true" closed="true" simplified="true" border="1 0 0" fill="1 0 0" mode="11"
 points="15.6592 31.2486,
	15.6483 31.2285,
	15.6702 31.2285,
	"/>
</Transform>

<Transform dim="0"
 xcoef=" 0 1 0 0 0 0"
 ycoef=" 0 0 1 0 0 0">
<Contour name="d20c04" hidden="true" closed="true" simplified="true" border="0 0 1" fill="0 0 1" mode="11"
 points="15.7046 31.3346,
	15.6987 31.331,
	15.6943 31.3258,
	15.69 31.3141,
	15.6871 31.3024,
	15.6856 31.2907,
	15.6856 31.2877,
	15.6856 31.287,
	15.6871 31.2637,
	15.6886 31.2519,
	15.6893 31.2285,
	15.69 31.2168,
	15.6915 31.2109,
	15.693 31.1875,
	15.693 31.1758,
	15.693 31.17,
	15.6943 31.1641,
	15.6951 31.1612,
	15.6951 31.1597,
	15.6965 31.1582,
	15.6972 31.1553,
	15.7031 31.1502,
	15.709 31.1487,
	15.7368 31.1487,
	15.7397 31.1509,
	15.7412 31.1524,
	15.7412 31.1539,
	15.7441 31.156,
	15.7449 31.159,
	15.7463 31.1597,
	15.7463 31.1626,
	15.7478 31.1648,
	15.7478 31.1663,
	15.7493 31.1678,
	15.7515 31.1795,
	15.7529 31.1824,
	15.7559 31.2058,
	15.7566 31.2527,
	15.7566 31.2644,
	15.7529 31.2877,
	15.7515 31.2907,
	15.7507 31.2965,
	15.7463 31.3082,
	15.7449 31.3141,
	15.7412 31.32,
	15.7405 31.3229,
	15.731 31.331,
	15.7192 31.3346,
	"/>
</Transform>

<Transform dim="0"
 xcoef=" 0 1 0 0 0 0"
 ycoef=" 0 0 1 0 0 0">
<Contour name="d29sp04" hidden="true" closed="true" simplified="true" border="1 0 0" fill="1 0 0" mode="11"
 points="11.6108 27.4905,
	11.6027 27.4894,
	11.5866 27.4804,
	11.5846 27.4763,
	11.5846 27.4723,
	11.5826 27.4684,
	11.5817 27.4603,
	11.5817 27.4583,
	11.5817 27.4573,
	11.5846 27.4492,
	11.5866 27.4472,
	11.6027 27.4442,
	11.6068 27.4442,
	11.6149 27.4482,
	11.6219 27.4553,
	11.627 27.4633,
	11.628 27.4794,
	11.627 27.4834,
	11.6189 27.4884,
	11.6149 27.4884,
	"/>
</Transform>

<Transform dim="0"
 xcoef=" 0 1 0 0 0 0"
 ycoef=" 0 0 1 0 0 0">
<Contour name="d11cfa01" hidden="true" closed="false" simplified="true" border="0 1 0" fill="0 1 0" mode="11"
 points="14.386 23.6005,
	14.386 23.6015,
	14.386 23.6048,
	14.3876 23.6139,
	14.3882 23.6328,
	14.3876 23.6447,
	14.3871 23.6646,
	14.386 23.6877,
	14.3817 23.7109,
	14.3736 23.7363,
	14.3628 23.7514,
	14.3499 23.7637,
	14.3386 23.7718,
	14.2923 23.7836,
	"/>
</Transform>

<Transform dim="0"
 xcoef=" 0 1 0 0 0 0"
 ycoef=" 0 0 1 0 0 0">
<Contour name="d09cfa04" hidden="true" closed="false" simplified="true" border="0 1 0" fill="1 0 0" mode="11"
 points="14.1634 29.1156,
	14.1447 29.1368,
	14.1308 29.1522,
	14.1121 29.1701,
	14.0956 29.1888,
	14.0836 29.2034,
	14.0676 29.2226,
	14.0563 29.2419,
	14.0436 29.2725,
	14.0343 29.3011,
	14.0264 29.3324,
	14.0165 29.365,
	14.0051 29.4068,
	13.9965 29.4508,
	"/>
</Transform>

<Transform dim="0"
 xcoef=" 0 1 0 0 0 0"
 ycoef=" 0 0 1 0 0 0">
<Contour name="d09cfa05" hidden="true" closed="false" simplified="true" border="0 1 0" fill="1 0 0" mode="11"
 points="15.437 30.1572,
	15.4262 30.1106,
	15.4051 30.0674,
	15.3943 30.0457,
	15.3823 30.0267,
	15.3684 30.01,
	15.3527 29.9971,
	15.3332 29.9841,
	15.3137 29.9727,
	15.2856 29.9597,
	"/>
</Transform>

<Transform dim="0"
 xcoef=" 0 1 0 0 0 0"
 ycoef=" 0 0 1 0 0 0">
<Contour name="d09cfa05" hidden="true" closed="false" simplified="true" border="0 1 0" fill="1 0 0" mode="11"
 points="15.1519 30.0251,
	15.1741 30.003,
	"/>
</Transform>

<Transform dim="0"
 xcoef=" 0 1 0 0 0 0"
 ycoef=" 0 0 1 0 0 0">
<Contour name="d20cfa02" hidden="true" closed="false" simplified="true" border="0 1 0" fill="1 0 0" mode="11"
 points="14.5651 31.7364,
	14.59 31.7498,
	14.6177 31.7593,
	14.6508 31.768,
	14.6777 31.7721,
	14.708 31.7714,
	14.7748 31.7532,
	"/>
</Transform>

<Transform dim="0"
 xcoef=" 0 1 0 0 0 0"
 ycoef=" 0 0 1 0 0 0">
<Contour name="d20cfa04" hidden="true" closed="false" simplified="true" border="0 1 0" fill="1 0 0" mode="11"
 points="15.7065 31.1536,
	15.7082 31.163,
	15.7094 31.1736,
	15.7094 31.1969,
	15.7094 31.2215,
	15.7088 31.2485,
	15.7071 31.2748,
	15.7012 31.3263,
	"/>
</Transform>

<Transform dim="0"
 xcoef=" 0 1 0 0 0 0"
 ycoef=" 0 0 1 0 0 0">
<Contour name="d07p03" hidden="false" closed="true" simplified="false" border="1 0 0" fill="1 0 0" mode="11"
 points="17.0095 27.3963,
	16.9957 27.3825,
	17.0095 27.3686,
	17.0234 27.3825,
	"/>
</Transform>

<Transform dim="0"
 xcoef=" 0 1 0 0 0 0"
 ycoef=" 0 0 1 0 0 0">
<Contour name="d07_INC" hidden="false" closed="true" simplified="false" border="1 0 0" fill="1 0 0" mode="-13"
 points="16.9486 27.4073,
	16.9592 27.3925,
	16.9486 27.3778,
	16.955 27.3778,
	16.9634 27.3904,
	16.9718 27.3778,
	16.9782 27.3778,
	16.9676 27.3925,
	16.9782 27.4073,
	16.9718 27.4073,
	16.9634 27.3947,
	16.955 27.4073,
	"/>
</Transform>

<Transform dim="0"
 xcoef=" 0 1 0 0 0 0"
 ycoef=" 0 0 1 0 0 0">
<Contour name="d07sp04" hidden="false" closed="true" simplified="true" border="1 0 0" fill="1 0 0" mode="11"
 points="15.4687 27.0367,
	15.4742 27.0171,
	15.4742 27.0147,
	15.4761 27.0122,
	15.4779 27.0073,
	15.4785 27.0049,
	15.4797 27.0043,
	15.4797 27.003,
	15.4859 26.9932,
	15.4902 26.9883,
	15.4969 26.9791,
	15.5012 26.9742,
	15.5042 26.97,
	15.5085 26.9657,
	15.5097 26.9632,
	15.511 26.962,
	15.5116 26.9596,
	15.514 26.9571,
	15.5171 26.9534,
	15.5251 26.9436,
	15.5385 26.9259,
	15.5459 26.9179,
	15.5489 26.913,
	15.5532 26.9099,
	15.5545 26.9081,
	15.5636 26.8995,
	15.5661 26.8977,
	15.5673 26.8952,
	15.5685 26.894,
	15.5698 26.894,
	15.5783 26.8854,
	15.5832 26.8824,
	15.5924 26.8744,
	15.6004 26.8677,
	15.6016 26.8665,
	15.6028 26.8665,
	15.6071 26.8622,
	15.6163 26.8567,
	15.6175 26.8554,
	15.62 26.8548,
	15.6218 26.853,
	15.6261 26.8511,
	15.6286 26.8505,
	15.6292 26.8493,
	15.6304 26.8493,
	15.6359 26.8456,
	15.6384 26.845,
	15.6433 26.842,
	15.6457 26.8407,
	15.6653 26.8395,
	15.6751 26.8401,
	15.6849 26.8438,
	15.6892 26.8469,
	15.691 26.8487,
	15.6923 26.8487,
	15.7002 26.8573,
	15.7045 26.8622,
	15.7051 26.8646,
	15.7088 26.8689,
	15.7143 26.8787,
	15.7161 26.8836,
	15.7192 26.8885,
	15.721 26.8934,
	15.7266 26.9032,
	15.729 26.9075,
	15.7308 26.9099,
	15.7308 26.9112,
	15.7339 26.9161,
	15.7357 26.921,
	15.737 26.9216,
	15.7388 26.9265,
	15.7406 26.9289,
	15.7431 26.9381,
	15.7449 26.943,
	15.7462 26.9528,
	15.7462 26.9626,
	15.7468 26.9651,
	15.7504 26.9694,
	15.7504 26.9706,
	15.7596 26.9761,
	15.7645 26.9773,
	15.767 26.9785,
	15.7682 26.9785,
	15.7707 26.981,
	15.7749 26.984,
	15.7774 26.9859,
	15.7786 26.9865,
	15.7786 26.9877,
	15.7823 26.9914,
	15.7866 26.9963,
	15.7884 27.0012,
	15.7884 27.011,
	15.7798 27.0306,
	15.7768 27.0404,
	15.7749 27.0453,
	15.7737 27.0649,
	15.7688 27.0747,
	15.7688 27.0759,
	15.7676 27.0771,
	15.7676 27.0784,
	15.7651 27.0808,
	15.7596 27.0906,
	15.7529 27.1004,
	15.7511 27.1029,
	15.7511 27.1041,
	15.7474 27.1084,
	15.7462 27.1108,
	15.7419 27.1157,
	15.7351 27.1249,
	15.7321 27.1286,
	15.7278 27.1335,
	15.7241 27.1372,
	15.7229 27.1396,
	15.718 27.1439,
	15.71 27.1531,
	15.7057 27.158,
	15.7039 27.1604,
	15.7014 27.1617,
	15.6935 27.1702,
	15.6855 27.177,
	15.6831 27.1794,
	15.6739 27.1855,
	15.6727 27.1868,
	15.6714 27.1868,
	15.6616 27.1929,
	15.6592 27.1941,
	15.6586 27.1953,
	15.6561 27.196,
	15.6537 27.1978,
	15.6512 27.1984,
	15.6463 27.2015,
	15.6451 27.2015,
	15.6353 27.207,
	15.6329 27.2076,
	15.6316 27.2076,
	15.6292 27.2094,
	15.6194 27.2131,
	15.6169 27.2143,
	15.6145 27.2143,
	15.6096 27.2162,
	15.59 27.2186,
	15.5802 27.218,
	15.5753 27.2174,
	15.5655 27.2131,
	15.5606 27.2113,
	15.5563 27.2076,
	15.5538 27.207,
	15.5447 27.199,
	15.5428 27.1978,
	15.5398 27.1929,
	15.5398 27.1917,
	15.5385 27.1904,
	15.5367 27.1855,
	15.5367 27.1831,
	15.5355 27.1819,
	15.5349 27.1794,
	15.5318 27.1751,
	15.53 27.1733,
	15.5293 27.1708,
	15.5257 27.1659,
	15.5257 27.1647,
	15.522 27.1598,
	15.5195 27.1549,
	15.5195 27.1537,
	15.5159 27.1494,
	15.5104 27.1408,
	15.5073 27.1359,
	15.5049 27.1335,
	15.4987 27.1243,
	15.4951 27.12,
	15.4932 27.1182,
	15.4914 27.1139,
	15.4877 27.109,
	15.4865 27.1065,
	15.4853 27.1053,
	15.4853 27.1041,
	15.484 27.1035,
	15.4822 27.0986,
	15.4804 27.0961,
	15.4785 27.0912,
	15.4785 27.09,
	15.4767 27.0876,
	15.4755 27.0827,
	15.4742 27.0814,
	15.4724 27.0716,
	15.4718 27.0692,
	15.4699 27.0667,
	15.4687 27.0471,
	15.4687 27.0373,
	"/>
</Transform>

<Transform dim="0"
 xcoef=" 0 1 0 0 0 0"
 ycoef=" 0 0 1 0 0 0">
<Contour name="d07cfa04" hidden="false" closed="false" simplified="false" border="0 1 0" fill="1 0.502 0" mode="11"
 points="15.6617 26.855,
	15.6598 26.8564,
	15.6534 26.861,
	15.6419 26.8688,
	15.6262 26.8817,
	15.6008 26.9024,
	15.5801 26.9232,
	15.51 26.9997,
	15.4801 27.0444,
	"/>
</Transform>

<Transform dim="0"
 xcoef=" 0 1 0 0 0 0"
 ycoef=" 0 0 1 0 0 0">
<Contour name="d07c04" hidden="false" closed="true" simplified="true" border="0 0 1" fill="0 0 1" mode="11"
 points="15.4458 26.986,
	15.4461 26.9834,
	15.4471 26.9809,
	15.4474 26.9783,
	15.451 26.9679,
	15.4523 26.9653,
	15.4526 26.9627,
	15.4536 26.9615,
	15.4584 26.9511,
	15.4597 26.9485,
	15.4616 26.9459,
	15.4626 26.9434,
	15.4655 26.9385,
	15.4671 26.9359,
	15.4678 26.9346,
	15.4678 26.934,
	15.4697 26.9317,
	15.4704 26.9304,
	15.4717 26.9291,
	15.472 26.9278,
	15.4739 26.9252,
	15.4755 26.9233,
	15.4775 26.9207,
	15.4785 26.9201,
	15.4785 26.9194,
	15.4804 26.9175,
	15.4814 26.9162,
	15.4814 26.9155,
	15.4856 26.9107,
	15.4862 26.9094,
	15.4888 26.9068,
	15.4894 26.9065,
	15.4894 26.9059,
	15.4914 26.9039,
	15.4924 26.9033,
	15.4943 26.9007,
	15.4959 26.8991,
	15.4969 26.8984,
	15.4988 26.8958,
	15.4998 26.8949,
	15.5001 26.8942,
	15.5008 26.8942,
	15.5024 26.8919,
	15.5108 26.8832,
	15.5127 26.881,
	15.514 26.8797,
	15.515 26.879,
	15.5192 26.8745,
	15.5227 26.8706,
	15.5311 26.8622,
	15.5334 26.8599,
	15.5344 26.8593,
	15.535 26.858,
	15.5373 26.8561,
	15.5467 26.8467,
	15.5476 26.8457,
	15.5483 26.8457,
	15.5499 26.8438,
	15.5544 26.8399,
	15.5586 26.837,
	15.5596 26.836,
	15.5602 26.836,
	15.5609 26.8351,
	15.5654 26.8318,
	15.568 26.8305,
	15.578 26.8237,
	15.5793 26.8228,
	15.58 26.8221,
	15.5813 26.8218,
	15.5826 26.8208,
	15.5832 26.8208,
	15.5855 26.8192,
	15.5868 26.8186,
	15.5874 26.8179,
	15.588 26.8179,
	15.5893 26.8169,
	15.5997 26.8134,
	15.6049 26.8124,
	15.6074 26.8118,
	15.6178 26.8118,
	15.6204 26.8118,
	15.6255 26.8131,
	15.6268 26.8131,
	15.6294 26.814,
	15.632 26.8144,
	15.6372 26.8163,
	15.6398 26.8169,
	15.6424 26.8186,
	15.6449 26.8195,
	15.6475 26.8212,
	15.6488 26.8215,
	15.6537 26.8254,
	15.6559 26.8276,
	15.6592 26.8325,
	15.6608 26.8351,
	15.663 26.8402,
	15.663 26.8409,
	15.6637 26.8412,
	15.6653 26.8464,
	15.6663 26.849,
	15.6666 26.8593,
	15.666 26.8645,
	15.664 26.8696,
	15.663 26.8722,
	15.6624 26.8729,
	15.6614 26.8755,
	15.6611 26.8768,
	15.6598 26.878,
	15.6595 26.8793,
	15.6572 26.8819,
	15.6559 26.8845,
	15.6479 26.8939,
	15.6459 26.8965,
	15.6365 26.9062,
	15.6323 26.911,
	15.6301 26.9136,
	15.6288 26.9146,
	15.6272 26.9172,
	15.6246 26.9198,
	15.6165 26.9298,
	15.6149 26.9324,
	15.6107 26.9372,
	15.6084 26.9398,
	15.6078 26.9411,
	15.6052 26.9437,
	15.6045 26.9437,
	15.6026 26.9463,
	15.5977 26.9508,
	15.5958 26.9534,
	15.5945 26.9556,
	15.5935 26.9569,
	15.5935 26.9576,
	15.59 26.9627,
	15.5884 26.9653,
	15.5877 26.9657,
	15.5877 26.9663,
	15.5796 26.976,
	15.5696 26.9847,
	15.5651 26.9896,
	15.5644 26.9902,
	15.5644 26.9909,
	15.5632 26.9922,
	15.5622 26.9928,
	15.5606 26.9951,
	15.5518 27.0048,
	15.5476 27.009,
	15.546 27.0106,
	15.5418 27.0151,
	15.5405 27.0161,
	15.5389 27.0184,
	15.5344 27.0219,
	15.5295 27.0268,
	15.5289 27.0268,
	15.5269 27.0287,
	15.5257 27.03,
	15.5253 27.0306,
	15.5247 27.0306,
	15.524 27.0316,
	15.5227 27.0323,
	15.5179 27.0365,
	15.5134 27.04,
	15.5121 27.0407,
	15.5095 27.0429,
	15.5043 27.0458,
	15.503 27.0468,
	15.5017 27.0471,
	15.5011 27.0478,
	15.5004 27.0478,
	15.4998 27.0484,
	15.4946 27.05,
	15.4843 27.05,
	15.4791 27.0484,
	15.4778 27.0481,
	15.4755 27.0465,
	15.4749 27.0465,
	15.4746 27.0458,
	15.4739 27.0458,
	15.4733 27.0452,
	15.472 27.0449,
	15.4675 27.041,
	15.4639 27.0371,
	15.4629 27.0365,
	15.4594 27.0313,
	15.4571 27.029,
	15.4568 27.0277,
	15.4529 27.0226,
	15.4519 27.02,
	15.4503 27.0174,
	15.4487 27.0122,
	15.4477 27.0096,
	15.4474 27.007,
	15.4464 27.0045,
	15.4458 26.9993,
	15.4458 26.9889,
	15.4458 26.9863,
	"/>
</Transform>

<Transform dim="0"
 xcoef=" 0 1 0 0 0 0"
 ycoef=" 0 0 1 0 0 0">
<Contour name="d07sp06" hidden="false" closed="true" simplified="true" border="1 0 0" fill="1 0 0" mode="11"
 points="17.8882 26.5614,
	17.8942 26.544,
	17.8947 26.5419,
	17.8964 26.5397,
	17.8964 26.5375,
	17.8975 26.5364,
	17.8991 26.5321,
	17.8996 26.5299,
	17.8996 26.5288,
	17.9013 26.5267,
	17.9013 26.5256,
	17.904 26.5212,
	17.9056 26.519,
	17.9056 26.518,
	17.9083 26.5136,
	17.911 26.5104,
	17.9127 26.5082,
	17.9127 26.5071,
	17.9203 26.4989,
	17.9219 26.4968,
	17.9257 26.4941,
	17.9273 26.493,
	17.9284 26.493,
	17.9311 26.4892,
	17.9349 26.487,
	17.9377 26.4832,
	17.9453 26.4783,
	17.9469 26.4761,
	17.9496 26.4734,
	17.9583 26.4663,
	17.9741 26.4549,
	17.9762 26.4544,
	17.98 26.4517,
	17.9822 26.45,
	17.9909 26.4468,
	17.9931 26.4468,
	18.0099 26.4403,
	18.0186 26.4386,
	18.036 26.4386,
	18.0404 26.4397,
	18.0409 26.4408,
	18.0431 26.4408,
	18.0518 26.4457,
	18.0529 26.4468,
	18.0572 26.4479,
	18.0594 26.449,
	18.061 26.4511,
	18.0686 26.4566,
	18.0724 26.4598,
	18.0746 26.4604,
	18.0762 26.462,
	18.0768 26.4631,
	18.0789 26.4636,
	18.0866 26.4701,
	18.0909 26.4729,
	18.0942 26.4756,
	18.1029 26.4821,
	18.1056 26.4848,
	18.1094 26.4886,
	18.1121 26.4919,
	18.1137 26.493,
	18.1154 26.4951,
	18.1175 26.4962,
	18.1175 26.4973,
	18.1219 26.5017,
	18.1257 26.5049,
	18.1284 26.5093,
	18.1295 26.5114,
	18.1306 26.5125,
	18.1306 26.5136,
	18.1333 26.5174,
	18.1404 26.5348,
	18.1404 26.5359,
	18.142 26.5375,
	18.1425 26.5397,
	18.1425 26.5408,
	18.1485 26.5489,
	18.1485 26.55,
	18.1539 26.5587,
	18.155 26.5593,
	18.155 26.5603,
	18.1572 26.562,
	18.1583 26.5663,
	18.1594 26.5685,
	18.1594 26.5696,
	18.161 26.5718,
	18.1621 26.5761,
	18.1621 26.5772,
	18.1632 26.5783,
	18.1643 26.587,
	18.1643 26.6044,
	18.1632 26.6131,
	18.1523 26.6478,
	18.1501 26.6522,
	18.1496 26.6565,
	18.1463 26.6652,
	18.1458 26.6674,
	18.1447 26.6679,
	18.1387 26.6853,
	18.1382 26.6875,
	18.1371 26.6886,
	18.1365 26.6908,
	18.1338 26.6951,
	18.1333 26.6973,
	18.1219 26.7147,
	18.1186 26.719,
	18.117 26.7234,
	18.1121 26.7321,
	18.1099 26.7364,
	18.1094 26.7386,
	18.1083 26.7397,
	18.1083 26.7408,
	18.105 26.7446,
	18.1029 26.7489,
	18.1012 26.7505,
	18.0996 26.7549,
	18.0958 26.7592,
	18.0947 26.7603,
	18.0947 26.7614,
	18.092 26.7652,
	18.0882 26.7679,
	18.0855 26.7712,
	18.0817 26.7744,
	18.08 26.7755,
	18.0795 26.7766,
	18.0784 26.7766,
	18.0762 26.7788,
	18.0675 26.7821,
	18.0654 26.7821,
	18.0643 26.7831,
	18.0621 26.7831,
	18.0578 26.7848,
	18.0404 26.7875,
	18.023 26.788,
	18.0143 26.7875,
	18.0056 26.7853,
	18.0012 26.7831,
	17.9969 26.7821,
	17.9947 26.7815,
	17.9936 26.7804,
	17.9849 26.7777,
	17.9768 26.7728,
	17.9752 26.7712,
	17.9741 26.7712,
	17.9708 26.7685,
	17.9632 26.7614,
	17.9605 26.7581,
	17.9567 26.7538,
	17.9556 26.7516,
	17.9545 26.7505,
	17.9545 26.7495,
	17.9534 26.7489,
	17.9518 26.7446,
	17.9507 26.7435,
	17.9507 26.7424,
	17.948 26.738,
	17.9469 26.7359,
	17.9458 26.7348,
	17.9447 26.7304,
	17.9447 26.7293,
	17.942 26.7255,
	17.9409 26.7239,
	17.9398 26.7234,
	17.9393 26.7212,
	17.9377 26.7196,
	17.936 26.7158,
	17.9349 26.7152,
	17.9349 26.7141,
	17.9295 26.706,
	17.9279 26.7016,
	17.9224 26.6935,
	17.9208 26.6913,
	17.9203 26.6891,
	17.9186 26.687,
	17.9186 26.6859,
	17.9154 26.6821,
	17.9143 26.681,
	17.9143 26.6799,
	17.9132 26.6788,
	17.9116 26.6745,
	17.9089 26.6701,
	17.9072 26.6663,
	17.9072 26.6652,
	17.9061 26.6647,
	17.9061 26.6625,
	17.9051 26.662,
	17.9023 26.6533,
	17.9002 26.6489,
	17.8975 26.6402,
	17.8964 26.6381,
	17.8958 26.6337,
	17.8909 26.6163,
	17.8882 26.5989,
	17.8882 26.5642,
	17.8882 26.562,
	"/>
</Transform>

<Transform dim="0"
 xcoef=" 0 1 0 0 0 0"
 ycoef=" 0 0 1 0 0 0">
<Contour name="d20_DELETE" hidden="true" closed="true" simplified="false" border="0 1 1" fill="0 1 1" mode="11"
 points="15.8768 31.2532,
	15.8885 31.2416,
	15.8419 31.1951,
	15.8536 31.1834,
	15.9001 31.23,
	15.9117 31.2183,
	15.9117 31.2532,
	"/>
</Transform>

<Transform dim="0"
 xcoef=" 0 1 0 0 0 0"
 ycoef=" 0 0 1 0 0 0">
<Contour name="d07ax11" comment="dch 03.2018" hidden="true" closed="true" simplified="true" border="0 0.909804 0.227451" fill="0 1 1" mode="11"
 points="18.8317 25.7927,
	18.8368 25.7724,
	18.8699 25.6909,
	18.8902 25.6502,
	18.9386 25.5688,
	18.9666 25.528,
	18.9666 25.5229,
	19.0226 25.4415,
	19.0633 25.4008,
	19.1015 25.3651,
	19.1422 25.3371,
	19.2211 25.2684,
	19.2618 25.2404,
	19.3026 25.2073,
	19.384 25.1539,
	19.4654 25.1157,
	19.5469 25.0877,
	19.5673 25.0801,
	19.608 25.0546,
	19.6283 25.0368,
	19.6436 25.019,
	19.664 24.9986,
	19.6843 24.9936,
	19.7251 24.9961,
	19.7454 25.0037,
	19.7556 25.0088,
	19.776 25.0266,
	19.7887 25.047,
	19.7887 25.0674,
	19.7887 25.0775,
	19.7836 25.0877,
	19.776 25.1284,
	19.748 25.1692,
	19.7429 25.1793,
	19.7429 25.1997,
	19.7378 25.2201,
	19.7378 25.2404,
	19.7429 25.2608,
	19.7429 25.2812,
	19.7352 25.3015,
	19.7123 25.3422,
	19.6996 25.3626,
	19.6792 25.3804,
	19.6691 25.3906,
	19.6589 25.411,
	19.6512 25.4924,
	19.6411 25.5128,
	19.6334 25.5229,
	19.6309 25.5433,
	19.636 25.584,
	19.636 25.6044,
	19.6309 25.6248,
	19.608 25.6655,
	19.5749 25.7037,
	19.4985 25.7851,
	19.4273 25.8665,
	19.3687 25.9429,
	19.3382 25.9836,
	19.2898 26.0651,
	19.2796 26.1058,
	19.2746 26.1262,
	19.2644 26.1465,
	19.2491 26.1643,
	19.2415 26.1745,
	19.2007 26.1771,
	19.1804 26.1745,
	19.1702 26.1745,
	19.1498 26.1669,
	19.1295 26.1491,
	19.0888 26.0676,
	19.0582 26.0269,
	19.0404 26.0116,
	19.0226 25.9913,
	18.9411 25.9327,
	18.9004 25.9098,
	18.8597 25.8767,
	18.8495 25.8691,
	18.8317 25.8284,
	18.8317 25.808,
	18.8317 25.7978,
	18.8317 25.7953,
	"/>
</Transform>

<Transform dim="0"
 xcoef=" 0 1 0 0 0 0"
 ycoef=" 0 0 1 0 0 0">
<Contour name="d07ax11" comment="dch 03.2018" hidden="true" closed="true" simplified="true" border="0 0.909804 0.227451" fill="0 1 1" mode="11"
 points="19.8652 23.281,
	19.8773 23.2533,
	19.898 23.2256,
	19.9084 23.2118,
	19.9205 23.2014,
	19.9465 23.1755,
	19.9741 23.1564,
	19.988 23.1495,
	20.0156 23.1426,
	20.0433 23.1409,
	20.071 23.1426,
	20.0987 23.1495,
	20.1125 23.1547,
	20.1263 23.1634,
	20.1384 23.1755,
	20.1471 23.1893,
	20.1609 23.2031,
	20.1678 23.2101,
	20.1748 23.2239,
	20.1765 23.2308,
	20.1817 23.2377,
	20.1834 23.2446,
	20.1921 23.2585,
	20.1955 23.2654,
	20.2215 23.2913,
	20.2353 23.3034,
	20.2906 23.3329,
	20.2976 23.338,
	20.3114 23.3432,
	20.3183 23.3467,
	20.3218 23.3501,
	20.3356 23.3553,
	20.3477 23.3674,
	20.3564 23.3813,
	20.3615 23.3951,
	20.3615 23.402,
	20.3702 23.4159,
	20.3961 23.4418,
	20.4515 23.4747,
	20.4653 23.485,
	20.4792 23.4989,
	20.4895 23.5127,
	20.4965 23.5266,
	20.5016 23.5542,
	20.5034 23.5819,
	20.4999 23.6096,
	20.4913 23.6372,
	20.4792 23.6649,
	20.4636 23.6926,
	20.4428 23.7203,
	20.4307 23.7341,
	20.4117 23.7618,
	20.4031 23.7739,
	20.3581 23.8292,
	20.3477 23.8431,
	20.3339 23.8534,
	20.3062 23.8794,
	20.2837 23.907,
	20.2733 23.9209,
	20.2595 23.933,
	20.2526 23.9365,
	20.2249 23.9347,
	20.2111 23.933,
	20.1972 23.9261,
	20.1903 23.9209,
	20.1869 23.9209,
	20.1817 23.914,
	20.18 23.9001,
	20.1851 23.8725,
	20.1903 23.8586,
	20.1955 23.8517,
	20.2059 23.824,
	20.2336 23.7687,
	20.2457 23.741,
	20.2543 23.7133,
	20.2543 23.6857,
	20.2457 23.658,
	20.2318 23.6303,
	20.1972 23.575,
	20.1851 23.5611,
	20.1575 23.5404,
	20.1298 23.5231,
	20.1021 23.5093,
	20.0468 23.4868,
	20.0191 23.4747,
	19.9638 23.4401,
	19.9084 23.3986,
	19.8859 23.3709,
	19.8825 23.364,
	19.879 23.3605,
	19.8686 23.3329,
	19.8652 23.3259,
	19.8652 23.2983,
	19.8652 23.2844,
	19.8652 23.2827,
	"/>
</Transform>

<Transform dim="0"
 xcoef=" 0 1 0 0 0 0"
 ycoef=" 0 0 1 0 0 0">
<Contour name="d07ax12" comment="dch 03.2018" hidden="true" closed="true" simplified="true" border="0 0.909804 0.227451" fill="0 1 1" mode="11"
 points="20.588 30.7572,
	20.5924 30.7454,
	20.5968 30.7218,
	20.6042 30.6981,
	20.6101 30.6863,
	20.6101 30.6834,
	20.6293 30.6612,
	20.6411 30.6524,
	20.6632 30.6302,
	20.681 30.6081,
	20.6883 30.5963,
	20.6883 30.5933,
	20.6957 30.5815,
	20.7016 30.5579,
	20.7046 30.5461,
	20.7105 30.5343,
	20.7193 30.5225,
	20.7429 30.5033,
	20.7548 30.493,
	20.7607 30.4871,
	20.7843 30.4738,
	20.8079 30.4649,
	20.8138 30.4634,
	20.8374 30.4502,
	20.861 30.4398,
	20.8729 30.4339,
	20.9201 30.4236,
	20.9673 30.4192,
	21.0146 30.4192,
	21.0382 30.4192,
	21.0854 30.4251,
	21.109 30.4265,
	21.1327 30.431,
	21.1386 30.431,
	21.1858 30.4472,
	21.2094 30.459,
	21.3039 30.5225,
	21.3511 30.552,
	21.3747 30.5712,
	21.3969 30.5933,
	21.4072 30.6051,
	21.4146 30.617,
	21.419 30.6229,
	21.4249 30.6465,
	21.4249 30.6937,
	21.4205 30.741,
	21.4161 30.7646,
	21.4087 30.7882,
	21.4043 30.8118,
	21.4057 30.8236,
	21.4072 30.8295,
	21.4161 30.8413,
	21.4279 30.8531,
	21.4382 30.8768,
	21.4382 30.9004,
	21.4279 30.9476,
	21.4146 30.9712,
	21.3969 30.9934,
	21.3733 31.0096,
	21.3496 31.0214,
	21.3378 31.0259,
	21.3275 31.0347,
	21.3039 31.048,
	21.2921 31.0569,
	21.2729 31.0805,
	21.2567 31.1041,
	21.236 31.1218,
	21.2124 31.1366,
	21.1651 31.1469,
	21.0707 31.1454,
	21.0234 31.1395,
	20.9998 31.1351,
	20.9939 31.1321,
	20.988 31.1321,
	20.9762 31.1277,
	20.9289 31.1218,
	20.8817 31.1203,
	20.8699 31.1203,
	20.8581 31.1159,
	20.8345 31.0997,
	20.8241 31.0879,
	20.8123 31.0642,
	20.7946 31.017,
	20.7725 30.9698,
	20.7651 30.958,
	20.7444 30.9358,
	20.65 30.8856,
	20.644 30.8841,
	20.6204 30.8694,
	20.6012 30.8458,
	20.5939 30.834,
	20.5909 30.8221,
	20.5909 30.7985,
	20.588 30.7749,
	20.588 30.7631,
	20.588 30.7587,
	"/>
</Transform>

<Transform dim="0"
 xcoef=" 0 1 0 0 0 0"
 ycoef=" 0 0 1 0 0 0">
<Contour name="d07ax13" comment="dch 03.2018" hidden="true" closed="true" simplified="true" border="0 0.909804 0.227451" fill="0 1 1" mode="11"
 points="18.288 23.486,
	18.2924 23.4742,
	18.2998 23.4624,
	18.3116 23.4521,
	18.3352 23.4373,
	18.3809 23.399,
	18.3927 23.3872,
	18.4119 23.3665,
	18.4355 23.3503,
	18.4591 23.3429,
	18.5063 23.3474,
	18.5298 23.3429,
	18.5416 23.3385,
	18.5652 23.3238,
	18.577 23.3149,
	18.5888 23.3105,
	18.6124 23.309,
	18.636 23.312,
	18.6596 23.3223,
	18.6714 23.3282,
	18.6935 23.3474,
	18.7024 23.3577,
	18.7068 23.3636,
	18.7112 23.3754,
	18.7083 23.399,
	18.695 23.4226,
	18.6862 23.4344,
	18.6832 23.4403,
	18.6626 23.4639,
	18.6168 23.5022,
	18.5697 23.5302,
	18.5461 23.5405,
	18.4989 23.545,
	18.4871 23.5479,
	18.4635 23.5494,
	18.4399 23.5538,
	18.4163 23.5553,
	18.3927 23.5538,
	18.3809 23.5523,
	18.3573 23.545,
	18.3455 23.542,
	18.3337 23.5361,
	18.3219 23.5332,
	18.3101 23.5273,
	18.2983 23.5184,
	18.288 23.5066,
	18.288 23.4948,
	18.288 23.4889,
	18.288 23.4875,
	"/>
</Transform>

<Transform dim="0"
 xcoef=" 0 1 0 0 0 0"
 ycoef=" 0 0 1 0 0 0">
<Contour name="d07ax14" comment="dch 03.2018" hidden="true" closed="true" simplified="true" border="0 0.91 0.227" fill="0 1 1" mode="11"
 points="16.8692 25.5445,
	16.8719 25.5335,
	16.8815 25.5225,
	16.8911 25.5157,
	16.9021 25.5116,
	16.946 25.5061,
	16.9515 25.5061,
	16.957 25.5088,
	16.9597 25.5088,
	16.9789 25.5239,
	16.9858 25.5335,
	17.0063 25.5541,
	17.0283 25.5692,
	17.0489 25.5911,
	17.0639 25.6131,
	17.0873 25.6569,
	17.1133 25.7447,
	17.1161 25.7557,
	17.1188 25.7612,
	17.1229 25.805,
	17.1229 25.827,
	17.1202 25.8489,
	17.1119 25.8709,
	17.0969 25.8928,
	17.0749 25.9079,
	17.031 25.9285,
	17.0091 25.9381,
	16.9981 25.9408,
	16.9762 25.9394,
	16.9652 25.9394,
	16.9542 25.9353,
	16.9433 25.9285,
	16.9323 25.9175,
	16.9254 25.9065,
	16.9213 25.8956,
	16.9199 25.8846,
	16.9117 25.8626,
	16.898 25.8407,
	16.8953 25.8352,
	16.8953 25.8325,
	16.8911 25.827,
	16.8857 25.805,
	16.8843 25.7941,
	16.8857 25.7721,
	16.8925 25.7502,
	16.8966 25.7282,
	16.9007 25.7173,
	16.9062 25.6734,
	16.9062 25.6514,
	16.9035 25.6295,
	16.9035 25.624,
	16.8994 25.6131,
	16.898 25.6076,
	16.8898 25.5966,
	16.8774 25.5747,
	16.8719 25.5637,
	16.8692 25.5527,
	16.8692 25.5472,
	16.8692 25.5459,
	"/>
</Transform>

<Transform dim="0"
 xcoef=" 0 1 0 0 0 0"
 ycoef=" 0 0 1 0 0 0">
<Contour name="d07ax18" comment="dch 04.2018" hidden="true" closed="true" simplified="true" border="0 0.91 0.227" fill="0 1 1" mode="11"
 points="15.6065 28.7325,
	15.616 28.7023,
	15.6367 28.6721,
	15.6651 28.6456,
	15.6726 28.64,
	15.7028 28.6381,
	15.733 28.64,
	15.7632 28.6494,
	15.7934 28.6683,
	15.801 28.674,
	15.8312 28.6853,
	15.8463 28.6928,
	15.8614 28.6966,
	15.9218 28.723,
	15.9822 28.7325,
	15.9973 28.7382,
	16.0577 28.7495,
	16.0728 28.7533,
	16.0879 28.7608,
	16.1162 28.7816,
	16.1313 28.7872,
	16.1918 28.7816,
	16.2069 28.7797,
	16.222 28.7816,
	16.2522 28.8099,
	16.2692 28.8401,
	16.2805 28.8703,
	16.2786 28.9005,
	16.2673 28.9307,
	16.2654 28.9609,
	16.271 28.9911,
	16.271 29.0213,
	16.2616 29.0515,
	16.2616 29.0817,
	16.2654 29.1119,
	16.2748 29.1421,
	16.2805 29.1497,
	16.2824 29.1572,
	16.3031 29.1856,
	16.3088 29.2007,
	16.3088 29.2309,
	16.3069 29.246,
	16.3107 29.2762,
	16.3352 29.3366,
	16.3673 29.397,
	16.3843 29.4272,
	16.4051 29.4574,
	16.4221 29.4876,
	16.4258 29.5027,
	16.4221 29.5631,
	16.4013 29.6235,
	16.3994 29.6537,
	16.4051 29.6839,
	16.4145 29.7141,
	16.4202 29.7444,
	16.4202 29.7595,
	16.4107 29.7897,
	16.4013 29.8048,
	16.3938 29.8123,
	16.3787 29.8218,
	16.3484 29.8312,
	16.3182 29.8369,
	16.2578 29.8369,
	16.1974 29.8425,
	16.1672 29.8444,
	16.1068 29.8387,
	16.0993 29.8387,
	16.0917 29.835,
	16.0766 29.8199,
	16.0577 29.7897,
	16.0521 29.7595,
	16.0577 29.7293,
	16.0615 29.7141,
	16.0615 29.5933,
	16.0596 29.5631,
	16.0388 29.5027,
	16.0294 29.4725,
	16.0219 29.4574,
	16.0011 29.4272,
	15.9916 29.4121,
	15.986 29.4045,
	15.986 29.4008,
	15.969 29.3706,
	15.9577 29.3555,
	15.9501 29.3404,
	15.9463 29.3328,
	15.9426 29.329,
	15.9407 29.3215,
	15.9218 29.2913,
	15.9105 29.2611,
	15.9067 29.246,
	15.9029 29.1856,
	15.9048 29.1252,
	15.9048 29.0949,
	15.9029 29.0798,
	15.8916 29.0496,
	15.8689 29.0194,
	15.8576 29.0043,
	15.8274 28.9798,
	15.7972 28.959,
	15.7821 28.9496,
	15.7519 28.9383,
	15.6915 28.9232,
	15.6764 28.9194,
	15.6688 28.9156,
	15.6651 28.9156,
	15.6613 28.9118,
	15.6537 28.9099,
	15.6386 28.8986,
	15.6292 28.8835,
	15.6254 28.876,
	15.6254 28.8609,
	15.6311 28.8307,
	15.6254 28.8004,
	15.6084 28.7702,
	15.6065 28.74,
	15.6065 28.7344,
	"/>
</Transform>

<Transform dim="0"
 xcoef=" 0 1 0 0 0 0"
 ycoef=" 0 0 1 0 0 0">
<Contour name="d07_curationstamp_ax11" hidden="false" closed="true" simplified="false" border="0 1 1" fill="1 0 1" mode="-9"
 points="19.1328 25.8504,
	19.1167 25.8504,
	19.1167 25.8584,
	19.1248 25.8665,
	19.149 25.8746,
	19.1328 25.8826,
	19.1248 25.8988,
	19.1086 25.8826,
	19.1006 25.8665,
	19.1006 25.8504,
	19.0844 25.8504,
	19.1086 25.8342,
	"/>
<Contour name="d07_curationstamp_ax11" hidden="false" closed="true" simplified="false" border="0 1 1" fill="1 0 1" mode="-9"
 points="19.6168 25.2266,
	19.6007 25.2266,
	19.6007 25.2347,
	19.6087 25.2427,
	19.6329 25.2508,
	19.6168 25.2589,
	19.6087 25.275,
	19.5926 25.2589,
	19.5845 25.2427,
	19.5845 25.2266,
	19.5684 25.2266,
	19.5926 25.2105,
	"/>
</Transform>

<Transform dim="1"
 xcoef=" 0.07 1 0 0 0 0"
 ycoef=" -0.04 0 1 0 0 0">
<Contour name="d07_curationstamp_ax11" hidden="false" closed="true" simplified="false" border="0 1 1" fill="1 0 1" mode="-9"
 points="20.227 23.5785,
	20.2093 23.5785,
	20.2093 23.5873,
	20.2181 23.5962,
	20.2447 23.6051,
	20.227 23.6139,
	20.2181 23.6316,
	20.2004 23.6139,
	20.1916 23.5962,
	20.1916 23.5785,
	20.1739 23.5785,
	20.2004 23.5608,
	"/>
</Transform>

<Transform dim="0"
 xcoef=" 0 1 0 0 0 0"
 ycoef=" 0 0 1 0 0 0">
<Contour name="d07_curationstamp_ax11" hidden="false" closed="true" simplified="false" border="0 1 1" fill="1 0 1" mode="-9"
 points="16.2418 31.8039,
	16.2227 31.8039,
	16.2227 31.8134,
	16.2323 31.823,
	16.2609 31.8325,
	16.2418 31.8421,
	16.2323 31.8611,
	16.2132 31.8421,
	16.2036 31.823,
	16.2036 31.8039,
	16.1846 31.8039,
	16.2132 31.7848,
	"/>
</Transform>

<Transform dim="1"
 xcoef=" 0.59 1 0 0 0 0"
 ycoef=" 0.44 0 1 0 0 0">
<Contour name="D07" hidden="false" closed="true" simplified="true" border="1 0 1" fill="1 0 1" mode="11"
 points="17.3962 27.8213,
	17.3435 27.7686,
	17.3435 27.716,
	17.3962 27.6633,
	17.4489 27.6633,
	17.5015 27.716,
	17.5015 27.7686,
	17.4489 27.8213,
	"/>
</Transform>

<Transform dim="0"
 xcoef=" 0 1 0 0 0 0"
 ycoef=" 0 0 1 0 0 0">
<Contour name="d20ax13a" comment="dch_traced_03.2017" hidden="false" closed="true" simplified="true" border="0 1 0" fill="0 1 0" mode="11"
 points="15.0323 30.3531,
	15.0334 30.3441,
	15.0334 30.3396,
	15.0356 30.3352,
	15.0413 30.2992,
	15.0446 30.2813,
	15.0469 30.2768,
	15.048 30.2678,
	15.0536 30.2498,
	15.057 30.2453,
	15.0592 30.2363,
	15.0603 30.2319,
	15.066 30.2229,
	15.0727 30.2049,
	15.0749 30.1959,
	15.0806 30.1869,
	15.0963 30.151,
	15.0985 30.1465,
	15.0985 30.142,
	15.1008 30.1375,
	15.103 30.1353,
	15.1098 30.1173,
	15.1109 30.1128,
	15.1131 30.1106,
	15.121 30.0926,
	15.1232 30.0881,
	15.1255 30.0859,
	15.1255 30.0836,
	15.1389 30.0657,
	15.1558 30.0488,
	15.1603 30.0443,
	15.1648 30.0421,
	15.1693 30.0376,
	15.2052 30.0185,
	15.2097 30.0174,
	15.2119 30.0152,
	15.2479 30.0084,
	15.2568 30.0073,
	15.2613 30.0062,
	15.2793 30.0084,
	15.2883 30.0073,
	15.3062 30.0095,
	15.3152 30.0129,
	15.3242 30.0185,
	15.3287 30.0219,
	15.3309 30.0219,
	15.3354 30.0253,
	15.3399 30.0264,
	15.3579 30.0387,
	15.3601 30.0421,
	15.3905 30.0769,
	15.4017 30.0949,
	15.4107 30.1128,
	15.423 30.1488,
	15.4298 30.1667,
	15.4331 30.1847,
	15.4342 30.2027,
	15.4331 30.2745,
	15.4309 30.3105,
	15.4342 30.3464,
	15.4342 30.3644,
	15.4342 30.3733,
	15.4376 30.3913,
	15.4466 30.4093,
	15.4545 30.4452,
	15.4567 30.4632,
	15.4567 30.4991,
	15.4545 30.5036,
	15.4533 30.5126,
	15.4455 30.5305,
	15.4455 30.5328,
	15.4309 30.5507,
	15.4129 30.5653,
	15.4039 30.5721,
	15.386 30.5799,
	15.377 30.5844,
	15.3725 30.5844,
	15.3545 30.59,
	15.3366 30.599,
	15.3321 30.6013,
	15.3298 30.6035,
	15.3208 30.6069,
	15.3029 30.6192,
	15.2939 30.626,
	15.2894 30.6293,
	15.2894 30.6316,
	15.2827 30.6383,
	15.2703 30.6563,
	15.2647 30.6653,
	15.2613 30.6698,
	15.2613 30.672,
	15.249 30.69,
	15.2422 30.6978,
	15.2333 30.7046,
	15.2288 30.7079,
	15.2108 30.7113,
	15.2018 30.7091,
	15.1928 30.7046,
	15.1884 30.7034,
	15.1839 30.699,
	15.1816 30.699,
	15.1648 30.6866,
	15.1558 30.6799,
	15.1502 30.6731,
	15.1356 30.6563,
	15.1311 30.6529,
	15.1075 30.6181,
	15.0963 30.6013,
	15.0828 30.5833,
	15.0761 30.5743,
	15.0738 30.5721,
	15.0738 30.5698,
	15.0626 30.5519,
	15.048 30.5159,
	15.0413 30.48,
	15.0368 30.4441,
	15.0356 30.4081,
	15.0345 30.3902,
	15.0323 30.3812,
	15.0323 30.3632,
	15.0323 30.3542,
	"/>
</Transform>

<Transform dim="0"
 xcoef=" 0 1 0 0 0 0"
 ycoef=" 0 0 1 0 0 0">
<Contour name="d09ax09" comment="ddh_traced_2017.02_dch_curated_05.2017" hidden="false" closed="true" simplified="true" border="0 1 0" fill="1 0.5 0" mode="11"
 points="13.655 31.0691,
	13.656 31.0608,
	13.656 31.0567,
	13.6581 31.0526,
	13.6612 31.036,
	13.6715 31.0029,
	13.6798 30.9698,
	13.6819 30.9657,
	13.6819 30.9616,
	13.6932 30.9285,
	13.6963 30.9119,
	13.6963 30.8954,
	13.6953 30.8871,
	13.6963 30.8788,
	13.6963 30.8747,
	13.7046 30.8582,
	13.7088 30.8509,
	13.7387 30.8178,
	13.7522 30.8013,
	13.7625 30.7847,
	13.7667 30.7765,
	13.7791 30.7599,
	13.7884 30.7434,
	13.8018 30.7268,
	13.8101 30.7196,
	13.8132 30.7154,
	13.8173 30.7134,
	13.8256 30.7051,
	13.8329 30.6885,
	13.8391 30.6803,
	13.8432 30.6761,
	13.8432 30.6741,
	13.8463 30.6699,
	13.8484 30.6534,
	13.8504 30.6493,
	13.8504 30.6472,
	13.8587 30.6399,
	13.867 30.6368,
	13.8753 30.6317,
	13.8794 30.6317,
	13.8835 30.6296,
	13.9001 30.6306,
	13.9084 30.6337,
	13.9249 30.6482,
	13.9332 30.6534,
	13.9373 30.6565,
	13.9394 30.6586,
	13.9414 30.6586,
	13.9497 30.6648,
	13.9518 30.6648,
	13.9559 30.6679,
	13.9642 30.6699,
	13.9807 30.6803,
	13.9973 30.6927,
	14.0138 30.6968,
	14.019 30.7051,
	14.02 30.7216,
	14.019 30.7299,
	14.019 30.7341,
	14.0138 30.7506,
	13.9973 30.7837,
	13.988 30.8002,
	13.9838 30.8085,
	13.9818 30.8126,
	13.9828 30.8209,
	13.9776 30.854,
	13.9766 30.8623,
	13.9797 30.8788,
	13.9818 30.8871,
	13.9828 30.8912,
	13.988 30.8995,
	13.99 30.9037,
	13.9973 30.9119,
	13.9994 30.9161,
	14.0076 30.9243,
	14.0128 30.9326,
	14.0128 30.9347,
	14.0262 30.9512,
	14.0324 30.9595,
	14.0366 30.9636,
	14.0387 30.9678,
	14.0469 30.976,
	14.0552 30.9812,
	14.0717 30.9957,
	14.1038 31.0205,
	14.1121 31.0257,
	14.14 31.0577,
	14.1534 31.0743,
	14.1586 31.0826,
	14.1731 31.0991,
	14.1824 31.1157,
	14.1865 31.1239,
	14.1896 31.1281,
	14.1927 31.1353,
	14.1948 31.1394,
	14.1969 31.156,
	14.1948 31.1725,
	14.1917 31.1808,
	14.1907 31.1849,
	14.1824 31.1922,
	14.1493 31.2118,
	14.1162 31.2284,
	14.1079 31.2325,
	14.0997 31.2398,
	14.0955 31.2408,
	14.0914 31.2449,
	14.0831 31.2491,
	14.0811 31.2491,
	14.0769 31.2522,
	14.0748 31.2522,
	14.0707 31.2553,
	14.0542 31.2604,
	14.0211 31.2656,
	14.0045 31.2687,
	13.988 31.2739,
	13.9797 31.278,
	13.9714 31.2842,
	13.9673 31.2863,
	13.9508 31.3028,
	13.9435 31.3194,
	13.9383 31.3359,
	13.9352 31.3442,
	13.9239 31.3608,
	13.9073 31.3742,
	13.9032 31.3773,
	13.899 31.3783,
	13.8908 31.3835,
	13.8577 31.3907,
	13.8411 31.3897,
	13.8246 31.3845,
	13.808 31.3721,
	13.7936 31.3556,
	13.7687 31.3225,
	13.7574 31.3059,
	13.7543 31.3018,
	13.7532 31.2977,
	13.7315 31.2646,
	13.7263 31.2563,
	13.7232 31.2522,
	13.7222 31.248,
	13.7005 31.2149,
	13.6943 31.2067,
	13.6922 31.2025,
	13.6901 31.2005,
	13.6891 31.1963,
	13.6777 31.1798,
	13.6746 31.1756,
	13.6736 31.1715,
	13.6684 31.1632,
	13.6664 31.155,
	13.6653 31.1508,
	13.6633 31.1487,
	13.6622 31.1405,
	13.6591 31.1322,
	13.6581 31.1239,
	13.6571 31.1198,
	13.655 31.1177,
	13.655 31.0846,
	13.655 31.0764,
	13.655 31.0722,
	13.655 31.0702,
	"/>
</Transform>

<Transform dim="0"
 xcoef=" 0 1 0 0 0 0"
 ycoef=" 0 0 1 0 0 0">
<Contour name="d09ax10" comment="ddh_traced_2017.02_dch_curated_05.2017" hidden="false" closed="true" simplified="true" border="0 0 1" fill="0.5 0 1" mode="11"
 points="13.5665 29.112,
	13.5695 29.1001,
	13.574 29.0941,
	13.5859 29.0882,
	13.6098 29.0837,
	13.6157 29.0837,
	13.6277 29.0792,
	13.6515 29.0807,
	13.6754 29.0882,
	13.6978 29.1061,
	13.7171 29.1254,
	13.7201 29.1269,
	13.7216 29.1329,
	13.7291 29.1448,
	13.7336 29.1508,
	13.7336 29.1538,
	13.7365 29.1568,
	13.744 29.1806,
	13.7485 29.1926,
	13.7514 29.1985,
	13.7514 29.2015,
	13.7544 29.2045,
	13.7544 29.2105,
	13.7619 29.2224,
	13.7664 29.2343,
	13.7679 29.2403,
	13.7679 29.2433,
	13.7708 29.2462,
	13.7708 29.2522,
	13.7738 29.2582,
	13.7738 29.2641,
	13.7783 29.2761,
	13.7857 29.3238,
	13.823 29.4192,
	13.826 29.4312,
	13.829 29.4341,
	13.8469 29.4819,
	13.8603 29.5296,
	13.8767 29.5773,
	13.8812 29.5892,
	13.8842 29.5952,
	13.8872 29.5982,
	13.8916 29.6101,
	13.8991 29.6206,
	13.911 29.631,
	13.9215 29.6534,
	13.9244 29.6653,
	13.9229 29.6892,
	13.9185 29.7011,
	13.9185 29.7041,
	13.9006 29.7264,
	13.8946 29.7324,
	13.8827 29.7399,
	13.8708 29.7414,
	13.8469 29.7384,
	13.8409 29.7384,
	13.8171 29.7309,
	13.8051 29.7235,
	13.7813 29.7145,
	13.7574 29.7086,
	13.7455 29.7115,
	13.7336 29.7115,
	13.7097 29.716,
	13.6978 29.719,
	13.6739 29.716,
	13.662 29.7145,
	13.65 29.71,
	13.6336 29.6892,
	13.6306 29.6862,
	13.6306 29.6832,
	13.6262 29.6772,
	13.6247 29.6653,
	13.6217 29.6593,
	13.6217 29.6534,
	13.6172 29.6414,
	13.6157 29.6176,
	13.6128 29.6057,
	13.6128 29.5818,
	13.6172 29.5579,
	13.6217 29.546,
	13.6232 29.54,
	13.6411 29.5162,
	13.6515 29.5042,
	13.659 29.4938,
	13.6784 29.4744,
	13.7007 29.458,
	13.7037 29.455,
	13.7067 29.455,
	13.7067 29.452,
	13.7112 29.4491,
	13.7157 29.4431,
	13.7171 29.4371,
	13.7142 29.4133,
	13.7067 29.3894,
	13.7022 29.3775,
	13.6978 29.3715,
	13.6978 29.3655,
	13.6933 29.3536,
	13.6903 29.3298,
	13.6903 29.3178,
	13.6873 29.3119,
	13.6769 29.2641,
	13.6679 29.2403,
	13.6649 29.2343,
	13.6441 29.2119,
	13.5963 29.1732,
	13.5859 29.1612,
	13.5814 29.1553,
	13.577 29.1448,
	13.574 29.1419,
	13.574 29.1389,
	13.571 29.1359,
	13.5665 29.1135,
	"/>
</Transform>

<Transform dim="0"
 xcoef=" 0 1 0 0 0 0"
 ycoef=" 0 0 1 0 0 0">
<Contour name="d09ax17" comment="ddh_traced_02.2017_dch_curated_05.2017" hidden="false" closed="true" simplified="true" border="0 1 1" fill="1 0 0" mode="11"
 points="15.6291 28.6862,
	15.6307 28.6735,
	15.6307 28.6671,
	15.637 28.6544,
	15.6466 28.6417,
	15.6719 28.6322,
	15.7227 28.6338,
	15.7481 28.6386,
	15.7608 28.6433,
	15.7735 28.6449,
	15.8243 28.6671,
	15.8497 28.6798,
	15.875 28.6957,
	15.8877 28.7036,
	15.9385 28.7195,
	15.9512 28.7226,
	15.9544 28.7226,
	15.9576 28.7258,
	15.9702 28.7274,
	15.9956 28.7385,
	16.0083 28.7464,
	16.0115 28.7464,
	16.0242 28.7544,
	16.075 28.7718,
	16.1004 28.7766,
	16.1067 28.7766,
	16.1131 28.7798,
	16.1257 28.7798,
	16.1765 28.7893,
	16.2019 28.794,
	16.2146 28.7972,
	16.2209 28.8004,
	16.2241 28.8004,
	16.2368 28.8083,
	16.2495 28.8194,
	16.2638 28.8448,
	16.2701 28.8575,
	16.2812 28.9083,
	16.2797 28.9591,
	16.2781 28.9718,
	16.2749 28.9781,
	16.2733 29.0289,
	16.2765 29.0797,
	16.2812 29.105,
	16.2987 29.1558,
	16.3066 29.1812,
	16.3114 29.232,
	16.313 29.2574,
	16.3146 29.2701,
	16.3495 29.3716,
	16.359 29.397,
	16.3653 29.4097,
	16.3669 29.416,
	16.3749 29.4287,
	16.3796 29.4414,
	16.4114 29.4922,
	16.4129 29.4985,
	16.4177 29.5049,
	16.4225 29.5303,
	16.4209 29.5557,
	16.4161 29.5811,
	16.4129 29.5874,
	16.4114 29.6001,
	16.4034 29.6255,
	16.3987 29.6382,
	16.3955 29.6636,
	16.4066 29.7143,
	16.4098 29.727,
	16.4082 29.7524,
	16.405 29.7651,
	16.4034 29.7715,
	16.4002 29.7746,
	16.4002 29.7778,
	16.3876 29.7889,
	16.3749 29.7969,
	16.3495 29.8064,
	16.3241 29.8095,
	16.2733 29.8095,
	16.2479 29.8111,
	16.1971 29.827,
	16.1718 29.8286,
	16.1464 29.827,
	16.121 29.8222,
	16.0956 29.8111,
	16.0829 29.8048,
	16.0702 29.7937,
	16.0623 29.781,
	16.0528 29.7556,
	16.0528 29.7302,
	16.0559 29.7175,
	16.0559 29.7112,
	16.0639 29.6858,
	16.067 29.6604,
	16.0702 29.6477,
	16.0655 29.5969,
	16.0591 29.5715,
	16.0369 29.5208,
	16.0083 29.47,
	16.0004 29.4573,
	15.9956 29.4446,
	15.9798 29.4192,
	15.9687 29.3938,
	15.9639 29.3811,
	15.9623 29.3748,
	15.9576 29.3684,
	15.9576 29.3653,
	15.9496 29.3526,
	15.929 29.3018,
	15.9242 29.2955,
	15.9226 29.2891,
	15.9147 29.2764,
	15.8973 29.2256,
	15.8862 29.1749,
	15.8877 29.1495,
	15.8973 29.0987,
	15.9004 29.0733,
	15.9004 29.067,
	15.8893 29.0416,
	15.8862 29.0352,
	15.883 29.0321,
	15.883 29.0289,
	15.8576 29.0051,
	15.8068 28.9686,
	15.756 28.9416,
	15.7307 28.9273,
	15.6799 28.9051,
	15.6672 28.9004,
	15.6545 28.8877,
	15.6466 28.875,
	15.6418 28.8623,
	15.6386 28.8559,
	15.6355 28.8305,
	15.6386 28.7798,
	15.6386 28.7544,
	15.6339 28.729,
	15.6291 28.7163,
	15.6291 28.6909,
	15.6291 28.6877,
	"/>
</Transform>

</Section>