<?xml version="1.0"?>
<!DOCTYPE Section SYSTEM "section.dtd">

<Section index="185" thickness="0.046" alignLocked="true">
<Transform dim="0"
 xcoef=" 0 1 0 0 0 0"
 ycoef=" 0 0 1 0 0 0">
<Image mag="0.002086" contrast="2.8" brightness="-0.5" red="true" green="true" blue="true"
 src="186____z9.057.jpg" />
<Contour name="domain1" hidden="false" closed="true" simplified="false" border="1 0 1" fill="1 0 1" mode="11"
 points="0 0,
	16672 0,
	16672 16890,
	0 16890,
	"/>
</Transform>

<Transform dim="0"
 xcoef=" 0 1 0 0 0 0"
 ycoef=" 0 0 1 0 0 0">
<Contour name="D09" hidden="true" closed="true" simplified="true" border="0 1 0" fill="0 1 0" mode="11"
 points="14.4612 27.3145,
	14.4511 27.3139,
	14.4413 27.3124,
	14.4317 27.3098,
	14.4225 27.3062,
	14.4139 27.3017,
	14.406 27.2964,
	14.3989 27.2902,
	14.3927 27.2833,
	14.3875 27.2759,
	14.3834 27.268,
	14.3803 27.2597,
	14.3785 27.251,
	14.378 27.2424,
	14.3785 27.2337,
	14.3803 27.2251,
	14.3834 27.2168,
	14.3875 27.2088,
	14.3927 27.2014,
	14.3989 27.1945,
	14.406 27.1884,
	14.4139 27.183,
	14.4225 27.1785,
	14.4317 27.1749,
	14.4413 27.1724,
	14.4511 27.1708,
	14.4612 27.1702,
	14.4712 27.1708,
	14.4811 27.1724,
	14.4907 27.1749,
	14.4998 27.1785,
	14.5085 27.183,
	14.5163 27.1884,
	14.5235 27.1945,
	14.5296 27.2014,
	14.5348 27.2088,
	14.539 27.2168,
	14.542 27.2251,
	14.5438 27.2337,
	14.5444 27.2424,
	14.5438 27.251,
	14.542 27.2597,
	14.539 27.268,
	14.5348 27.2759,
	14.5296 27.2833,
	14.5235 27.2902,
	14.5163 27.2964,
	14.5085 27.3017,
	14.4998 27.3062,
	14.4907 27.3098,
	14.4811 27.3124,
	14.4712 27.3139,
	"/>
</Transform>

<Transform dim="0"
 xcoef=" 0 1 0 0 0 0"
 ycoef=" 0 0 1 0 0 0">
<Contour name="D05" hidden="true" closed="true" simplified="true" border="1 1 0" fill="1 1 0" mode="11"
 points="15.2624 28.0982,
	15.2386 28.0956,
	15.2163 28.0882,
	15.1972 28.0765,
	15.1825 28.0612,
	15.1701 28.0243,
	15.1733 28.0052,
	15.1825 27.9874,
	15.1972 27.9721,
	15.2163 27.9604,
	15.2386 27.9531,
	15.2624 27.9505,
	15.2863 27.9531,
	15.3085 27.9604,
	15.3277 27.9721,
	15.3423 27.9874,
	15.3516 28.0052,
	15.3547 28.0243,
	15.3516 28.0434,
	15.3423 28.0612,
	15.3277 28.0765,
	15.3085 28.0882,
	15.2863 28.0956,
	"/>
</Transform>

<Transform dim="0"
 xcoef=" 0 1 0 0 0 0"
 ycoef=" 0 0 1 0 0 0">
<Contour name="D21" hidden="true" closed="true" simplified="true" border="1 0 0" fill="1 0 0" mode="11"
 points="15.2804 29.2626,
	15.2377 29.2571,
	15.1991 29.2411,
	15.1685 29.2164,
	15.1421 29.1506,
	15.1489 29.116,
	15.1685 29.0848,
	15.1991 29.0601,
	15.2377 29.0442,
	15.2804 29.0387,
	15.3231 29.0442,
	15.3616 29.0601,
	15.3921 29.0848,
	15.4118 29.116,
	15.4186 29.1506,
	15.4118 29.1852,
	15.3921 29.2164,
	15.3616 29.2411,
	15.3231 29.2571,
	"/>
</Transform>

<Transform dim="0"
 xcoef=" 0 1 0 0 0 0"
 ycoef=" 0 0 1 0 0 0">
<Contour name="D29" hidden="true" closed="true" simplified="true" border="0 1 0" fill="0 1 0" mode="11"
 points="14.069 25.9241,
	14.0525 25.9237,
	14.0364 25.9206,
	14.0213 25.9147,
	14.0077 25.9064,
	13.9962 25.8959,
	13.9872 25.8836,
	13.981 25.87,
	13.9774 25.8482,
	13.9791 25.8337,
	13.9838 25.8196,
	13.9914 25.8066,
	14.0017 25.7952,
	14.0143 25.7858,
	14.0287 25.7786,
	14.0444 25.7741,
	14.0607 25.7723,
	14.0772 25.7734,
	14.0931 25.7772,
	14.1078 25.7837,
	14.1209 25.7927,
	14.1318 25.8036,
	14.1402 25.8162,
	14.1457 25.8301,
	14.1481 25.8446,
	14.1473 25.8593,
	14.1433 25.8735,
	14.1363 25.8868,
	14.1267 25.8987,
	14.1147 25.9087,
	14.1006 25.9164,
	14.0853 25.9216,
	"/>
</Transform>

<Transform dim="0"
 xcoef=" 0 1 0 0 0 0"
 ycoef=" 0 0 1 0 0 0">
<Contour name="D11" hidden="true" closed="true" simplified="true" border="0 0 0" fill="0 0 0" mode="11"
 points="16.1564 24.8273,
	16.1238 24.8215,
	16.0944 24.8047,
	16.0712 24.7785,
	16.051 24.7088,
	16.0562 24.6722,
	16.0712 24.6392,
	16.0944 24.613,
	16.1238 24.5961,
	16.1564 24.5903,
	16.1889 24.5961,
	16.2183 24.613,
	16.2416 24.6392,
	16.2565 24.6722,
	16.2617 24.7088,
	16.2565 24.7454,
	16.2416 24.7785,
	16.2183 24.8047,
	16.1889 24.8215,
	"/>
</Transform>

<Transform dim="0"
 xcoef=" 0 1 0 0 0 0"
 ycoef=" 0 0 1 0 0 0">
<Contour name="D20" hidden="true" closed="true" simplified="true" border="1 0 0" fill="1 0 0" mode="11"
 points="15.8068 30.59,
	15.767 30.5849,
	15.7312 30.5698,
	15.7027 30.5463,
	15.6781 30.4841,
	15.6843 30.4513,
	15.7027 30.4218,
	15.7312 30.3984,
	15.767 30.3833,
	15.8068 30.3781,
	15.8465 30.3833,
	15.8824 30.3984,
	15.9108 30.4218,
	15.9292 30.4513,
	15.9355 30.4841,
	15.9292 30.5169,
	15.9108 30.5463,
	15.8824 30.5698,
	15.8465 30.5849,
	"/>
</Transform>

<Transform dim="0"
 xcoef=" 0 1 0 0 0 0"
 ycoef=" 0 0 1 0 0 0">
<Contour name="d09" hidden="true" closed="true" simplified="true" border="0 0 0" fill="0 0 0" mode="11"
 points="14.3918 27.5787,
	14.3823 27.5752,
	14.3775 27.5728,
	14.3727 27.5728,
	14.3692 27.5692,
	14.3501 27.5632,
	14.3406 27.5585,
	14.3358 27.5561,
	14.3311 27.5561,
	14.3287 27.5537,
	14.3096 27.5454,
	14.3048 27.5442,
	14.3 27.5407,
	14.2905 27.5383,
	14.2881 27.5383,
	14.2702 27.5263,
	14.262 27.5216,
	14.2584 27.518,
	14.256 27.518,
	14.2464 27.5108,
	14.2429 27.5061,
	14.2381 27.5037,
	14.2321 27.4965,
	14.219 27.4786,
	14.2118 27.4704,
	14.2095 27.4668,
	14.2047 27.462,
	14.1999 27.4537,
	14.1963 27.4489,
	14.1904 27.4298,
	14.1869 27.4202,
	14.1857 27.4107,
	14.1702 27.3726,
	14.1618 27.3535,
	14.1559 27.3344,
	14.1535 27.3296,
	14.1535 27.3249,
	14.1451 27.3059,
	14.1451 27.3011,
	14.1427 27.2963,
	14.1403 27.2772,
	14.1415 27.2582,
	14.1415 27.2558,
	14.1439 27.2534,
	14.1463 27.2344,
	14.1511 27.2153,
	14.1535 27.1962,
	14.1535 27.158,
	14.1535 27.1486,
	14.1511 27.139,
	14.1463 27.1295,
	14.1451 27.1247,
	14.132 27.1068,
	14.1248 27.0985,
	14.1165 27.0925,
	14.0975 27.0747,
	14.0879 27.0651,
	14.0844 27.0604,
	14.082 27.058,
	14.082 27.0556,
	14.0784 27.0508,
	14.076 27.0413,
	14.076 27.0222,
	14.076 27.0126,
	14.076 27.0079,
	14.076 27.0055,
	14.076 27.0043,
	14.0784 26.9996,
	14.082 26.9805,
	14.0867 26.971,
	14.0867 26.9662,
	14.0927 26.9578,
	14.0951 26.9531,
	14.1141 26.9364,
	14.1165 26.9364,
	14.1356 26.922,
	14.1678 26.8959,
	14.2047 26.8708,
	14.2226 26.8589,
	14.2309 26.8529,
	14.2357 26.8517,
	14.2405 26.847,
	14.2596 26.8363,
	14.2977 26.8089,
	14.3 26.8065,
	14.3024 26.8065,
	14.3394 26.7802,
	14.349 26.7767,
	14.3572 26.7707,
	14.3763 26.7623,
	14.3859 26.7612,
	14.3906 26.7589,
	14.3954 26.7589,
	14.405 26.7541,
	14.424 26.7517,
	14.443 26.7457,
	14.4526 26.7434,
	14.4705 26.7314,
	14.4788 26.7255,
	14.4943 26.7088,
	14.4967 26.7052,
	14.5015 26.7016,
	14.5015 26.6992,
	14.5193 26.6802,
	14.5289 26.6731,
	14.5336 26.6695,
	14.542 26.6659,
	14.5468 26.6623,
	14.5849 26.6516,
	14.6194 26.6277,
	14.6278 26.6217,
	14.6314 26.6194,
	14.6338 26.6194,
	14.6433 26.6134,
	14.6481 26.611,
	14.6671 26.611,
	14.6766 26.6122,
	14.6814 26.6146,
	14.6862 26.6146,
	14.7053 26.6217,
	14.7148 26.6241,
	14.7196 26.6253,
	14.7208 26.6277,
	14.7255 26.6277,
	14.7387 26.6444,
	14.7469 26.654,
	14.7481 26.6587,
	14.7553 26.6683,
	14.7589 26.6778,
	14.76 26.6825,
	14.7624 26.6849,
	14.7684 26.704,
	14.7791 26.7219,
	14.7815 26.741,
	14.7827 26.7791,
	14.7863 26.7981,
	14.7935 26.8172,
	14.7982 26.8268,
	14.7982 26.8316,
	14.8006 26.8363,
	14.803 26.9126,
	14.8042 26.9507,
	14.7958 26.9889,
	14.7947 27.0079,
	14.7958 27.027,
	14.8018 27.0651,
	14.8018 27.0841,
	14.8018 27.0937,
	14.7994 27.1032,
	14.7982 27.1223,
	14.7947 27.1414,
	14.7935 27.151,
	14.7911 27.1557,
	14.7899 27.1652,
	14.7899 27.17,
	14.7803 27.189,
	14.7732 27.1974,
	14.772 27.2022,
	14.766 27.2117,
	14.7589 27.2308,
	14.7565 27.2403,
	14.7565 27.245,
	14.7493 27.2641,
	14.7422 27.3023,
	14.7399 27.3119,
	14.7351 27.3213,
	14.7315 27.3261,
	14.7315 27.3285,
	14.7184 27.3464,
	14.7148 27.3499,
	14.7136 27.3547,
	14.7076 27.3643,
	14.7064 27.3678,
	14.7005 27.3774,
	14.6981 27.3822,
	14.6981 27.3845,
	14.6909 27.394,
	14.6886 27.3988,
	14.6695 27.4167,
	14.6683 27.419,
	14.6659 27.419,
	14.6612 27.4226,
	14.6421 27.431,
	14.635 27.4369,
	14.6314 27.4405,
	14.6302 27.4453,
	14.6171 27.4644,
	14.6147 27.468,
	14.6063 27.4762,
	14.5884 27.4882,
	14.579 27.4893,
	14.5742 27.4929,
	14.5682 27.5001,
	14.5599 27.5072,
	14.5563 27.512,
	14.5539 27.5144,
	14.5515 27.5144,
	14.536 27.5275,
	14.5265 27.5347,
	14.5217 27.5395,
	14.5169 27.5419,
	14.5086 27.5502,
	14.5003 27.5561,
	14.4967 27.5608,
	14.4776 27.5692,
	14.4585 27.5728,
	14.449 27.5728,
	14.4299 27.5776,
	"/>
</Transform>

<Transform dim="0"
 xcoef=" 0 1 0 0 0 0"
 ycoef=" 0 0 1 0 0 0">
<Contour name="d05sp27" hidden="true" closed="true" simplified="true" border="1 0 0" fill="1 0 0" mode="11"
 points="15.9122 26.5816,
	15.8855 26.5792,
	15.8722 26.5766,
	15.8455 26.5674,
	15.8387 26.5641,
	15.812 26.5449,
	15.7878 26.5182,
	15.7686 26.4915,
	15.7578 26.4781,
	15.7569 26.4748,
	15.7502 26.469,
	15.7419 26.4556,
	15.7361 26.4422,
	15.7311 26.4355,
	15.7252 26.4221,
	15.7219 26.4155,
	15.7185 26.4021,
	15.7169 26.3887,
	15.7169 26.362,
	15.7169 26.3486,
	15.7201 26.322,
	15.7235 26.3153,
	15.7235 26.3119,
	15.7277 26.3053,
	15.7302 26.2985,
	15.7352 26.2919,
	15.7377 26.2852,
	15.7402 26.2819,
	15.7436 26.2801,
	15.7494 26.2668,
	15.7519 26.2635,
	15.7536 26.2618,
	15.7544 26.2585,
	15.7594 26.2518,
	15.7602 26.2485,
	15.7628 26.2451,
	15.7728 26.2184,
	15.7778 26.205,
	15.7803 26.1984,
	15.782 26.185,
	15.7854 26.1717,
	15.7878 26.1649,
	15.7886 26.1583,
	15.8004 26.1315,
	15.8028 26.1182,
	15.8045 26.1148,
	15.8045 26.0881,
	15.8045 26.0814,
	15.797 26.0547,
	15.7928 26.0413,
	15.7904 26.0347,
	15.7895 26.0313,
	15.787 26.028,
	15.7862 26.0247,
	15.782 26.018,
	15.7794 26.0113,
	15.777 26.0079,
	15.777 26.0046,
	15.7694 25.9912,
	15.767 25.9846,
	15.7653 25.9812,
	15.7653 25.9778,
	15.7536 25.9512,
	15.7519 25.9378,
	15.7511 25.9311,
	15.7519 25.9245,
	15.7544 25.9211,
	15.7611 25.9203,
	15.7678 25.9169,
	15.7812 25.9153,
	15.7878 25.9111,
	15.8012 25.8985,
	15.8079 25.8927,
	15.8104 25.8894,
	15.812 25.8827,
	15.8129 25.8693,
	15.812 25.8626,
	15.8062 25.8492,
	15.7978 25.8225,
	15.7845 25.7959,
	15.7778 25.7825,
	15.7753 25.7758,
	15.7711 25.7691,
	15.7661 25.7558,
	15.7653 25.7524,
	15.7653 25.7508,
	15.7628 25.7474,
	15.7594 25.734,
	15.7569 25.7306,
	15.7561 25.7274,
	15.7519 25.7206,
	15.7494 25.714,
	15.7477 25.7106,
	15.7444 25.7073,
	15.7436 25.704,
	15.7436 25.7023,
	15.7377 25.6956,
	15.7352 25.6889,
	15.7243 25.6755,
	15.7193 25.6689,
	15.7169 25.6622,
	15.7127 25.6555,
	15.7027 25.6288,
	15.6976 25.6154,
	15.6918 25.5887,
	15.6918 25.582,
	15.6918 25.5795,
	15.6918 25.5787,
	15.696 25.572,
	15.6985 25.5653,
	15.7219 25.5386,
	15.7352 25.5277,
	15.7486 25.5144,
	15.7552 25.5077,
	15.7619 25.5052,
	15.7753 25.496,
	15.782 25.491,
	15.7828 25.4885,
	15.7886 25.4826,
	15.7904 25.4793,
	15.8037 25.4676,
	15.8095 25.4609,
	15.8162 25.4584,
	15.8295 25.4501,
	15.8429 25.4459,
	15.8497 25.4434,
	15.8563 25.4425,
	15.8597 25.4401,
	15.8864 25.4343,
	15.8998 25.4309,
	15.9131 25.4292,
	15.9198 25.4275,
	15.9398 25.4275,
	15.9431 25.4301,
	15.9465 25.4309,
	15.9481 25.4325,
	15.9549 25.4343,
	15.9565 25.4375,
	15.9632 25.4434,
	15.9665 25.4467,
	15.9691 25.4534,
	15.9699 25.4668,
	15.9707 25.4735,
	15.9665 25.4868,
	15.9641 25.4935,
	15.9615 25.5202,
	15.9599 25.5336,
	15.9615 25.5469,
	15.9623 25.5537,
	15.9623 25.5569,
	15.9741 25.5837,
	15.9816 25.597,
	15.9866 25.6038,
	16.0108 25.6305,
	16.0216 25.6438,
	16.0266 25.6505,
	16.0292 25.6539,
	16.0334 25.6672,
	16.035 25.6739,
	16.035 25.7006,
	16.035 25.714,
	16.0316 25.7274,
	16.03 25.754,
	16.0258 25.7674,
	16.0234 25.7808,
	16.0224 25.8075,
	16.0224 25.8209,
	16.0275 25.8476,
	16.0284 25.861,
	16.0266 25.8877,
	16.0258 25.8944,
	16.0174 25.9211,
	16.0133 25.9345,
	16.0116 25.9478,
	16.01 25.9512,
	16.0074 25.9778,
	16.0058 25.9912,
	16.0058 26.0046,
	16.0058 26.0079,
	16.0083 26.0146,
	16.0083 26.018,
	16.0083 26.0196,
	16.0108 26.023,
	16.0108 26.0247,
	16.0133 26.028,
	16.0133 26.0313,
	16.0208 26.0447,
	16.025 26.0581,
	16.0266 26.0647,
	16.0284 26.0681,
	16.0308 26.1215,
	16.0334 26.1483,
	16.0384 26.1749,
	16.0417 26.1817,
	16.0426 26.1883,
	16.0426 26.19,
	16.045 26.1933,
	16.0492 26.2067,
	16.0551 26.22,
	16.0592 26.2259,
	16.0609 26.2292,
	16.0667 26.2351,
	16.0801 26.2443,
	16.0935 26.2468,
	16.1001 26.2476,
	16.1069 26.251,
	16.1135 26.2518,
	16.1169 26.2518,
	16.1235 26.2543,
	16.1269 26.256,
	16.1402 26.2568,
	16.1536 26.256,
	16.157 26.256,
	16.1594 26.2535,
	16.1728 26.2501,
	16.1787 26.2443,
	16.1828 26.2376,
	16.1853 26.2342,
	16.1862 26.231,
	16.1903 26.2242,
	16.1945 26.2108,
	16.1971 26.2042,
	16.1979 26.1775,
	16.1953 26.1507,
	16.1903 26.124,
	16.1887 26.1174,
	16.1912 26.0906,
	16.2095 26.0371,
	16.2113 26.0305,
	16.2271 26.0038,
	16.253 25.9796,
	16.2797 25.9604,
	16.288 25.947,
	16.2906 25.9445,
	16.3039 25.9428,
	16.3073 25.9436,
	16.3198 25.957,
	16.3231 25.9604,
	16.339 25.987,
	16.3607 26.0405,
	16.3624 26.0439,
	16.3524 26.0973,
	16.3499 26.1106,
	16.349 26.1174,
	16.3499 26.1307,
	16.3557 26.1575,
	16.3599 26.1708,
	16.3624 26.1841,
	16.3616 26.2376,
	16.3599 26.2643,
	16.3607 26.3178,
	16.3607 26.3312,
	16.3574 26.3378,
	16.3557 26.3412,
	16.3557 26.3445,
	16.3482 26.3578,
	16.344 26.3646,
	16.3323 26.3779,
	16.2788 26.4171,
	16.2756 26.4197,
	16.2688 26.4213,
	16.2622 26.4255,
	16.2588 26.4272,
	16.2555 26.4305,
	16.2538 26.4322,
	16.2505 26.433,
	16.2438 26.438,
	16.2354 26.4514,
	16.2338 26.458,
	16.2213 26.4714,
	16.2145 26.4781,
	16.2113 26.4814,
	16.2095 26.4831,
	16.2029 26.4856,
	16.1962 26.4898,
	16.1929 26.4931,
	16.1895 26.4931,
	16.1762 26.5015,
	16.1728 26.504,
	16.1711 26.5057,
	16.1661 26.5057,
	16.1528 26.514,
	16.1494 26.5149,
	16.1461 26.5173,
	16.1194 26.5232,
	16.0927 26.5307,
	16.0793 26.5341,
	16.0659 26.5349,
	16.0392 26.5558,
	16.0124 26.5666,
	16.0058 26.5683,
	15.9924 26.5683,
	15.9657 26.5742,
	15.9523 26.5775,
	15.9256 26.58,
	"/>
</Transform>

<Transform dim="0"
 xcoef=" 0 1 0 0 0 0"
 ycoef=" 0 0 1 0 0 0">
<Contour name="d29sp27" hidden="true" closed="true" simplified="true" border="1 0 0" fill="1 0 0" mode="11"
 points="13.8737 25.3919,
	13.8645 25.3907,
	13.8553 25.3873,
	13.837 25.3746,
	13.8289 25.3678,
	13.8209 25.3586,
	13.8209 25.3563,
	13.8151 25.3471,
	13.8151 25.3288,
	13.8151 25.3276,
	13.8186 25.3231,
	13.8186 25.3208,
	13.8266 25.3139,
	13.8278 25.3116,
	13.8301 25.3116,
	13.8335 25.307,
	13.8519 25.2943,
	13.8611 25.2874,
	13.8657 25.2863,
	13.8817 25.2725,
	13.8989 25.261,
	13.9035 25.2577,
	13.9058 25.2554,
	13.9104 25.2542,
	13.9127 25.2519,
	13.915 25.2519,
	13.9196 25.2485,
	13.9242 25.2473,
	13.9265 25.2473,
	13.9311 25.2439,
	13.9677 25.2312,
	13.97 25.2312,
	13.9723 25.229,
	13.9907 25.2255,
	14.0641 25.2209,
	14.1376 25.2198,
	14.1559 25.2244,
	14.1582 25.2244,
	14.1594 25.2267,
	14.1686 25.2301,
	14.1869 25.2427,
	14.1949 25.2485,
	14.2029 25.2565,
	14.2052 25.261,
	14.2098 25.2656,
	14.2133 25.2748,
	14.2144 25.284,
	14.2133 25.2932,
	14.2075 25.3024,
	14.1904 25.315,
	14.1732 25.3242,
	14.164 25.3276,
	14.1617 25.3299,
	14.1525 25.3311,
	14.1341 25.338,
	14.1249 25.339,
	14.1203 25.3413,
	14.0837 25.3482,
	14.0745 25.3505,
	14.0722 25.3528,
	14.0676 25.354,
	14.0595 25.3609,
	14.0412 25.3689,
	14.0045 25.3678,
	13.9953 25.3678,
	13.9769 25.3643,
	13.9723 25.3632,
	13.9539 25.3666,
	13.9517 25.3689,
	13.9426 25.3701,
	13.9334 25.3758,
	13.9288 25.3781,
	13.9242 25.3781,
	13.915 25.3838,
	13.9104 25.3861,
	13.9012 25.3873,
	13.892 25.3907,
	"/>
</Transform>

<Transform dim="0"
 xcoef=" 0 1 0 0 0 0"
 ycoef=" 0 0 1 0 0 0">
<Contour name="d29sp27" hidden="true" closed="true" simplified="true" border="1 0 0" fill="1 0 0" mode="11"
 points="13.5336 25.0791,
	13.526 25.0763,
	13.5184 25.0715,
	13.5089 25.0573,
	13.506 25.0535,
	13.5051 25.0497,
	13.5003 25.043,
	13.4984 25.0411,
	13.4975 25.0335,
	13.4946 25.0259,
	13.4937 25.0108,
	13.4937 25.0032,
	13.4937 25.0023,
	13.4937 25.0013,
	13.4965 24.9861,
	13.4984 24.9785,
	13.4984 24.9709,
	13.5003 24.9633,
	13.5003 24.9557,
	13.5041 24.9406,
	13.507 24.933,
	13.5098 24.9292,
	13.5117 24.9283,
	13.5127 24.9245,
	13.5165 24.9207,
	13.525 24.9064,
	13.525 24.9026,
	13.5269 24.9007,
	13.5317 24.8855,
	13.5345 24.8779,
	13.5393 24.8703,
	13.5516 24.858,
	13.5573 24.8523,
	13.5658 24.839,
	13.5696 24.8324,
	13.5715 24.8305,
	13.5848 24.8001,
	13.5876 24.7925,
	13.5905 24.7887,
	13.5952 24.7736,
	13.5981 24.7584,
	13.599 24.7432,
	13.6009 24.7356,
	13.6019 24.7318,
	13.6028 24.7308,
	13.6047 24.7318,
	13.6057 24.7242,
	13.6076 24.7204,
	13.6095 24.7185,
	13.6133 24.7034,
	13.6161 24.6996,
	13.6209 24.6844,
	13.6313 24.6692,
	13.6445 24.6559,
	13.6521 24.6492,
	13.6578 24.6445,
	13.6873 24.6237,
	13.6949 24.6189,
	13.6987 24.6161,
	13.7025 24.6151,
	13.7101 24.6094,
	13.712 24.6094,
	13.7195 24.6037,
	13.7233 24.6028,
	13.7375 24.5933,
	13.7442 24.5885,
	13.7518 24.5819,
	13.7556 24.58,
	13.7594 24.5762,
	13.766 24.5714,
	13.7698 24.5695,
	13.7736 24.5657,
	13.7813 24.561,
	13.7832 24.561,
	13.786 24.5572,
	13.7898 24.5562,
	13.7964 24.5515,
	13.7983 24.5496,
	13.8002 24.5496,
	13.8078 24.544,
	13.8144 24.5402,
	13.8173 24.5373,
	13.8211 24.5364,
	13.8249 24.5335,
	13.8268 24.5316,
	13.8306 24.5307,
	13.8372 24.5259,
	13.841 24.5231,
	13.8429 24.5231,
	13.8505 24.5183,
	13.8581 24.5155,
	13.86 24.5136,
	13.8638 24.5136,
	13.8648 24.5117,
	13.8686 24.5117,
	13.8837 24.5069,
	13.8846 24.505,
	13.8998 24.5031,
	13.9036 24.5031,
	13.9046 24.5012,
	13.9198 24.4993,
	13.9502 24.4993,
	13.9577 24.5003,
	13.9729 24.4993,
	13.9767 24.4993,
	13.9805 24.4974,
	13.9881 24.4965,
	13.9919 24.4965,
	13.9938 24.4946,
	14.0014 24.4936,
	14.0166 24.4888,
	14.0204 24.4869,
	14.0223 24.4869,
	14.0261 24.4841,
	14.0564 24.4755,
	14.0716 24.4727,
	14.102 24.4717,
	14.1039 24.4717,
	14.1067 24.4746,
	14.1105 24.4755,
	14.1124 24.4774,
	14.1142 24.4774,
	14.1171 24.4803,
	14.1199 24.4879,
	14.1218 24.4907,
	14.1218 24.4946,
	14.1266 24.5098,
	14.1285 24.5174,
	14.1294 24.5212,
	14.1294 24.5231,
	14.1313 24.525,
	14.1323 24.5326,
	14.1361 24.5402,
	14.137 24.544,
	14.1503 24.5562,
	14.1532 24.56,
	14.157 24.5619,
	14.1646 24.5686,
	14.1694 24.5733,
	14.1694 24.5752,
	14.1751 24.5819,
	14.1779 24.5838,
	14.1798 24.5914,
	14.1798 24.6066,
	14.1751 24.6142,
	14.1675 24.6218,
	14.1598 24.6265,
	14.1446 24.6312,
	14.1142 24.6312,
	14.0991 24.634,
	14.0839 24.6388,
	14.0687 24.6473,
	14.0535 24.6492,
	14.0232 24.6492,
	13.9928 24.6511,
	13.9776 24.6521,
	13.9624 24.6549,
	13.9548 24.6559,
	13.9511 24.6578,
	13.9454 24.6578,
	13.9435 24.6597,
	13.9397 24.6597,
	13.9378 24.6616,
	13.934 24.6616,
	13.9264 24.6644,
	13.9226 24.6663,
	13.9188 24.6663,
	13.9112 24.6692,
	13.9074 24.6711,
	13.8998 24.672,
	13.8846 24.6768,
	13.877 24.6777,
	13.8477 24.691,
	13.841 24.6958,
	13.8372 24.6977,
	13.8296 24.7043,
	13.8258 24.7071,
	13.8239 24.7109,
	13.8211 24.7118,
	13.8144 24.7185,
	13.8125 24.7213,
	13.8059 24.727,
	13.804 24.7299,
	13.8002 24.7318,
	13.7983 24.7356,
	13.7946 24.7384,
	13.7898 24.7451,
	13.7765 24.7574,
	13.7727 24.7612,
	13.7727 24.7631,
	13.7689 24.765,
	13.7594 24.7783,
	13.7584 24.7821,
	13.7546 24.7858,
	13.7442 24.8162,
	13.7413 24.8238,
	13.7318 24.839,
	13.7299 24.8428,
	13.7233 24.8495,
	13.7195 24.8514,
	13.7176 24.8542,
	13.7053 24.8665,
	13.7006 24.8741,
	13.6996 24.8779,
	13.6968 24.8817,
	13.692 24.8969,
	13.6892 24.9045,
	13.6882 24.9083,
	13.6863 24.9102,
	13.6863 24.914,
	13.6797 24.9283,
	13.6797 24.9321,
	13.6768 24.9349,
	13.6711 24.95,
	13.6664 24.9576,
	13.6664 24.9614,
	13.6578 24.9766,
	13.6521 24.9842,
	13.6502 24.988,
	13.6464 24.9909,
	13.6445 24.9947,
	13.6407 24.9975,
	13.6388 25.0013,
	13.6351 25.0042,
	13.6332 25.0061,
	13.6332 25.008,
	13.6209 25.0203,
	13.6199 25.024,
	13.5952 25.0497,
	13.5895 25.0554,
	13.5876 25.0554,
	13.581 25.0611,
	13.5791 25.063,
	13.5753 25.0639,
	13.5715 25.0677,
	13.5564 25.0753,
	13.5412 25.0791,
	"/>
</Transform>

<Transform dim="0"
 xcoef=" 0 1 0 0 0 0"
 ycoef=" 0 0 1 0 0 0">
<Contour name="d09sp28" hidden="true" closed="true" simplified="true" border="1 0 0" fill="1 0 0" mode="11"
 points="14.5777 28.0882,
	14.5636 28.0873,
	14.5503 28.0837,
	14.5467 28.082,
	14.5432 28.082,
	14.5361 28.0784,
	14.5325 28.0775,
	14.529 28.074,
	14.5272 28.0731,
	14.5263 28.0695,
	14.5236 28.066,
	14.521 28.0518,
	14.521 28.0376,
	14.521 28.035,
	14.521 28.0341,
	14.5228 28.027,
	14.5263 27.9703,
	14.529 27.9632,
	14.5307 27.9606,
	14.5307 27.9588,
	14.5423 27.949,
	14.5476 27.9447,
	14.5547 27.942,
	14.5689 27.9403,
	14.5831 27.9403,
	14.6113 27.9358,
	14.6149 27.9341,
	14.6184 27.9341,
	14.6468 27.9243,
	14.6539 27.9225,
	14.6575 27.9225,
	14.6857 27.9128,
	14.6999 27.9075,
	14.707 27.9057,
	14.7079 27.9039,
	14.715 27.903,
	14.7159 27.9012,
	14.7301 27.8986,
	14.7336 27.8986,
	14.7372 27.9004,
	14.7389 27.9004,
	14.7416 27.9039,
	14.7434 27.911,
	14.7425 27.9252,
	14.7389 27.9394,
	14.7327 27.9535,
	14.7248 27.9818,
	14.7194 28.0102,
	14.7168 28.0173,
	14.7168 28.0191,
	14.7052 28.0305,
	14.6981 28.0358,
	14.6946 28.0376,
	14.6928 28.0394,
	14.6911 28.0394,
	14.6893 28.0412,
	14.6875 28.0412,
	14.6601 28.0598,
	14.6539 28.0651,
	14.6521 28.0669,
	14.6486 28.0678,
	14.6459 28.0704,
	14.6442 28.0704,
	14.6415 28.0731,
	14.6379 28.074,
	14.6309 28.0784,
	14.6273 28.0793,
	14.6238 28.082,
	14.6202 28.082,
	14.606 28.0864,
	"/>
</Transform>

<Transform dim="0"
 xcoef=" 0 1 0 0 0 0"
 ycoef=" 0 0 1 0 0 0">
<Contour name="d20sp31" hidden="true" closed="true" simplified="true" border="1 0 0" fill="1 0 0" mode="11"
 points="15.0378 31.7998,
	15.0351 31.7992,
	15.0351 31.7886,
	15.0351 31.7839,
	15.0351 31.7833,
	15.0365 31.762,
	15.0365 31.7514,
	15.0385 31.7409,
	15.0391 31.7356,
	15.0411 31.7303,
	15.0424 31.7276,
	15.0431 31.7223,
	15.0471 31.7117,
	15.0478 31.7064,
	15.0497 31.7037,
	15.0504 31.6984,
	15.0524 31.6931,
	15.0537 31.6904,
	15.0564 31.6884,
	15.057 31.6858,
	15.0649 31.6752,
	15.0749 31.6645,
	15.0762 31.662,
	15.0775 31.6607,
	15.0775 31.6593,
	15.0795 31.6573,
	15.0855 31.6361,
	15.0868 31.6308,
	15.0895 31.6255,
	15.0901 31.6202,
	15.0941 31.6095,
	15.0941 31.6069,
	15.0988 31.5963,
	15.1027 31.591,
	15.1041 31.5883,
	15.1067 31.5863,
	15.1081 31.5837,
	15.1094 31.5831,
	15.1094 31.5818,
	15.114 31.5765,
	15.12 31.5658,
	15.1273 31.5446,
	15.1359 31.5234,
	15.1405 31.5141,
	15.1451 31.5035,
	15.1518 31.4929,
	15.1604 31.4823,
	15.165 31.4777,
	15.167 31.475,
	15.1684 31.4737,
	15.1684 31.4723,
	15.1777 31.4617,
	15.1796 31.4591,
	15.1816 31.4538,
	15.1883 31.4431,
	15.1909 31.4378,
	15.1923 31.4352,
	15.1936 31.4339,
	15.1942 31.4312,
	15.2015 31.4207,
	15.2029 31.418,
	15.2055 31.4154,
	15.2062 31.4127,
	15.2089 31.4101,
	15.2102 31.4087,
	15.2102 31.4074,
	15.2181 31.3968,
	15.2207 31.3915,
	15.224 31.3875,
	15.2247 31.3848,
	15.2267 31.3822,
	15.2366 31.3398,
	15.2419 31.3186,
	15.2433 31.3132,
	15.2433 31.3106,
	15.2453 31.3079,
	15.2492 31.2973,
	15.2579 31.2867,
	15.2599 31.284,
	15.2605 31.2814,
	15.2652 31.2761,
	15.2711 31.2656,
	15.2751 31.2602,
	15.2804 31.2496,
	15.2838 31.2443,
	15.2857 31.2417,
	15.2871 31.2403,
	15.2877 31.2377,
	15.3016 31.2171,
	15.3175 31.1959,
	15.3255 31.1853,
	15.3288 31.18,
	15.3308 31.1774,
	15.3308 31.176,
	15.3341 31.1721,
	15.3368 31.1668,
	15.3381 31.1654,
	15.3387 31.1628,
	15.3387 31.1614,
	15.3414 31.1588,
	15.3441 31.1541,
	15.3447 31.1515,
	15.3487 31.1462,
	15.35 31.1435,
	15.352 31.1422,
	15.364 31.121,
	15.366 31.1156,
	15.368 31.1137,
	15.368 31.1123,
	15.3699 31.1103,
	15.3739 31.0998,
	15.3851 31.0786,
	15.3884 31.0733,
	15.3904 31.0706,
	15.3911 31.068,
	15.3931 31.0653,
	15.3951 31.06,
	15.3951 31.0573,
	15.3977 31.0527,
	15.4024 31.0314,
	15.4057 31.0209,
	15.4077 31.0156,
	15.4083 31.013,
	15.4097 31.0116,
	15.4097 31.0063,
	15.4123 31.001,
	15.4137 30.9957,
	15.4183 30.9851,
	15.4203 30.9745,
	15.4243 30.9638,
	15.4289 30.9427,
	15.4322 30.9321,
	15.4329 30.9294,
	15.4369 30.9248,
	15.4395 30.946,
	15.4409 30.9565,
	15.4422 30.9592,
	15.4422 30.9619,
	15.4482 30.9831,
	15.4522 30.9937,
	15.4574 31.0043,
	15.4647 31.015,
	15.4686 31.0203,
	15.474 31.0249,
	15.4793 31.0282,
	15.4846 31.0302,
	15.4952 31.0361,
	15.5005 31.0387,
	15.5058 31.0401,
	15.5071 31.0401,
	15.5098 31.0421,
	15.531 31.048,
	15.5362 31.0487,
	15.5575 31.058,
	15.5582 31.0587,
	15.5528 31.062,
	15.5475 31.0626,
	15.5369 31.066,
	15.5264 31.0706,
	15.5237 31.0713,
	15.5184 31.0746,
	15.5078 31.0786,
	15.5025 31.0806,
	15.4998 31.0826,
	15.4972 31.0832,
	15.4945 31.0859,
	15.4919 31.0872,
	15.4813 31.0965,
	15.4799 31.0978,
	15.4786 31.0978,
	15.474 31.1031,
	15.472 31.1058,
	15.4706 31.1071,
	15.4706 31.1084,
	15.468 31.1103,
	15.4535 31.1316,
	15.4535 31.1329,
	15.4449 31.1435,
	15.4395 31.1482,
	15.4342 31.1515,
	15.4316 31.1535,
	15.4289 31.1541,
	15.4263 31.1561,
	15.4256 31.1575,
	15.4243 31.1575,
	15.4143 31.1661,
	15.3931 31.1867,
	15.3825 31.1972,
	15.3771 31.2018,
	15.3746 31.2045,
	15.3733 31.2071,
	15.3706 31.2098,
	15.3693 31.2111,
	15.3693 31.2125,
	15.3666 31.2144,
	15.366 31.2171,
	15.3633 31.2184,
	15.3427 31.2383,
	15.3381 31.2437,
	15.3334 31.2543,
	15.3288 31.2754,
	15.3261 31.286,
	15.3248 31.2913,
	15.3215 31.2967,
	15.3215 31.2993,
	15.3195 31.3046,
	15.3182 31.3073,
	15.3175 31.3126,
	15.3135 31.3232,
	15.3076 31.3338,
	15.3042 31.3391,
	15.3036 31.3418,
	15.2977 31.3523,
	15.2904 31.3629,
	15.2818 31.3842,
	15.2784 31.3948,
	15.2745 31.416,
	15.2738 31.4213,
	15.2745 31.4265,
	15.2738 31.4372,
	15.2698 31.4584,
	15.2638 31.4797,
	15.2599 31.5009,
	15.2572 31.5114,
	15.2532 31.522,
	15.2526 31.5273,
	15.2486 31.538,
	15.2479 31.5433,
	15.2459 31.5486,
	15.2439 31.5698,
	15.2433 31.6122,
	15.2406 31.6228,
	15.2393 31.6334,
	15.2386 31.6388,
	15.2346 31.6494,
	15.2346 31.652,
	15.2326 31.6573,
	15.2293 31.6626,
	15.228 31.6652,
	15.2253 31.6679,
	15.2253 31.6692,
	15.2214 31.6745,
	15.22 31.6772,
	15.2095 31.6864,
	15.2049 31.6911,
	15.2022 31.6931,
	15.1949 31.7037,
	15.1757 31.7243,
	15.165 31.7322,
	15.1544 31.7382,
	15.1491 31.7415,
	15.1465 31.7422,
	15.1438 31.7441,
	15.1386 31.7454,
	15.1359 31.7467,
	15.1306 31.7467,
	15.12 31.7501,
	15.1187 31.7501,
	15.1094 31.7587,
	15.0994 31.7687,
	15.0968 31.7713,
	15.0954 31.7726,
	15.0954 31.774,
	15.0928 31.7753,
	15.0881 31.7799,
	15.0828 31.7819,
	15.0722 31.7879,
	15.0669 31.7906,
	15.0643 31.7925,
	15.0537 31.7972,
	15.0484 31.7992,
	"/>
</Transform>

<Transform dim="0"
 xcoef=" 0 1 0 0 0 0"
 ycoef=" 0 0 1 0 0 0">
<Contour name="d05sp30_inc" hidden="true" closed="true" simplified="true" border="1 0 0" fill="1 0 0" mode="11"
 points="15.8139 27.5545,
	15.803 27.5497,
	15.7977 27.5464,
	15.7889 27.5376,
	15.7841 27.5342,
	15.7828 27.5342,
	15.772 27.5267,
	15.7693 27.5261,
	15.7665 27.5234,
	15.7652 27.5234,
	15.755 27.5152,
	15.7537 27.5133,
	15.7523 27.5125,
	15.7517 27.5098,
	15.7483 27.5045,
	15.7463 27.4991,
	15.7449 27.4964,
	15.7449 27.4909,
	15.7449 27.4882,
	15.7449 27.4876,
	15.7463 27.4869,
	15.7483 27.4815,
	15.7496 27.4801,
	15.7504 27.4774,
	15.7523 27.4754,
	15.753 27.4727,
	15.7578 27.4686,
	15.7598 27.4666,
	15.7611 27.466,
	15.7611 27.4646,
	15.7659 27.4605,
	15.7686 27.4578,
	15.7699 27.4578,
	15.772 27.4551,
	15.7766 27.4518,
	15.778 27.4518,
	15.7835 27.4484,
	15.7848 27.4484,
	15.7854 27.447,
	15.7909 27.4457,
	15.7936 27.4449,
	15.7963 27.443,
	15.799 27.443,
	15.8017 27.4409,
	15.8071 27.4396,
	15.8179 27.4342,
	15.8199 27.4321,
	15.8226 27.4315,
	15.8274 27.4267,
	15.8341 27.4166,
	15.8341 27.4152,
	15.8375 27.4105,
	15.8375 27.4091,
	15.8396 27.4064,
	15.8402 27.4037,
	15.8442 27.3984,
	15.8463 27.3957,
	15.8469 27.393,
	15.849 27.3909,
	15.849 27.3896,
	15.853 27.3842,
	15.8551 27.3794,
	15.8584 27.3747,
	15.8605 27.372,
	15.8605 27.3706,
	15.8666 27.3605,
	15.8699 27.3551,
	15.8713 27.3524,
	15.8727 27.3511,
	15.8733 27.3484,
	15.8754 27.3457,
	15.876 27.3429,
	15.8781 27.3402,
	15.8842 27.3193,
	15.8875 27.3084,
	15.8896 27.303,
	15.8909 27.3003,
	15.8909 27.299,
	15.9024 27.2774,
	15.9044 27.2726,
	15.9057 27.272,
	15.9057 27.2706,
	15.9078 27.2679,
	15.9085 27.2652,
	15.9105 27.2632,
	15.9112 27.2605,
	15.9132 27.2578,
	15.9132 27.2564,
	15.9166 27.2517,
	15.9166 27.2503,
	15.9227 27.2409,
	15.924 27.2388,
	15.9254 27.2382,
	15.926 27.2354,
	15.9294 27.2301,
	15.9308 27.2287,
	15.9315 27.226,
	15.9348 27.2206,
	15.9436 27.2132,
	15.9463 27.2118,
	15.9572 27.2118,
	15.9599 27.2138,
	15.9652 27.2152,
	15.9679 27.2166,
	15.9693 27.2166,
	15.972 27.2193,
	15.9808 27.226,
	15.9903 27.2348,
	15.9977 27.245,
	16.0004 27.2496,
	16.0045 27.2551,
	16.0072 27.2605,
	16.0085 27.2618,
	16.0085 27.2645,
	16.0099 27.2672,
	16.0112 27.2686,
	16.0146 27.2794,
	16.0166 27.2902,
	16.0166 27.3118,
	16.0119 27.3335,
	16.0058 27.3551,
	16.0051 27.3605,
	16.0051 27.3632,
	15.999 27.3848,
	15.997 27.3902,
	15.997 27.393,
	15.9936 27.3984,
	15.9936 27.3997,
	15.9903 27.4045,
	15.9855 27.4091,
	15.9821 27.4139,
	15.9808 27.4166,
	15.9794 27.4173,
	15.9794 27.4186,
	15.9767 27.4206,
	15.9618 27.4422,
	15.9591 27.4449,
	15.9558 27.4504,
	15.9524 27.4605,
	15.9517 27.4821,
	15.9511 27.493,
	15.949 27.5037,
	15.947 27.5092,
	15.9463 27.5119,
	15.9423 27.5173,
	15.9375 27.5207,
	15.9348 27.5213,
	15.9335 27.5227,
	15.9118 27.5295,
	15.9065 27.5322,
	15.9011 27.5335,
	15.8984 27.5349,
	15.8956 27.5349,
	15.8848 27.5382,
	15.8794 27.5382,
	15.8686 27.5403,
	15.8632 27.5403,
	15.8578 27.5416,
	15.8557 27.5437,
	15.845 27.5477,
	15.8423 27.5497,
	15.8396 27.5497,
	15.8382 27.551,
	15.8274 27.5531,
	15.822 27.5545,
	"/>
</Transform>

<Transform dim="0"
 xcoef=" 0 1 0 0 0 0"
 ycoef=" 0 0 1 0 0 0">
<Contour name="d09c28" hidden="true" closed="true" simplified="true" border="0 0 1" fill="0 0 1" mode="11"
 points="14.6061 27.872,
	14.5882 27.8703,
	14.5793 27.8676,
	14.5771 27.867,
	14.5759 27.867,
	14.5748 27.8659,
	14.5726 27.8653,
	14.572 27.8642,
	14.5698 27.8637,
	14.5524 27.8519,
	14.5501 27.8496,
	14.549 27.8496,
	14.5456 27.8463,
	14.5411 27.8429,
	14.5383 27.8401,
	14.5344 27.8367,
	14.5305 27.8277,
	14.5288 27.8232,
	14.5277 27.8143,
	14.5277 27.8103,
	14.5277 27.8098,
	14.5288 27.8075,
	14.5366 27.8002,
	14.5406 27.7974,
	14.5423 27.7952,
	14.5434 27.7952,
	14.5524 27.7885,
	14.5597 27.7824,
	14.5613 27.7807,
	14.5703 27.7779,
	14.5748 27.7773,
	14.5793 27.7756,
	14.5972 27.7745,
	14.6286 27.7745,
	14.6331 27.7734,
	14.6353 27.7734,
	14.6376 27.7717,
	14.6466 27.7689,
	14.651 27.7672,
	14.6522 27.7661,
	14.67 27.7594,
	14.688 27.7537,
	14.6891 27.7537,
	14.6902 27.7526,
	14.6914 27.7526,
	14.6925 27.7515,
	14.7015 27.7487,
	14.7026 27.7476,
	14.7205 27.7431,
	14.7228 27.742,
	14.7407 27.7391,
	14.7496 27.7397,
	14.7508 27.7397,
	14.7513 27.7408,
	14.7558 27.7425,
	14.7569 27.7436,
	14.7586 27.7526,
	14.7586 27.7549,
	14.7614 27.7638,
	14.7631 27.7683,
	14.7631 27.7773,
	14.7631 27.7796,
	14.7603 27.7841,
	14.753 27.7912,
	14.7519 27.7912,
	14.7496 27.7935,
	14.7457 27.7963,
	14.7446 27.7963,
	14.7424 27.7985,
	14.7413 27.7985,
	14.7368 27.8025,
	14.7357 27.8036,
	14.7346 27.8036,
	14.7329 27.8058,
	14.7306 27.8064,
	14.7262 27.8092,
	14.725 27.8092,
	14.7239 27.8103,
	14.7194 27.8109,
	14.7149 27.8126,
	14.7104 27.8131,
	14.706 27.8154,
	14.7037 27.8159,
	14.6953 27.8221,
	14.6914 27.8249,
	14.688 27.8294,
	14.6846 27.8328,
	14.6807 27.8373,
	14.6734 27.8429,
	14.6651 27.8491,
	14.6567 27.8524,
	14.655 27.8541,
	14.6527 27.8547,
	14.6488 27.8575,
	14.6466 27.8586,
	14.6454 27.8597,
	14.6443 27.8597,
	14.6421 27.8614,
	14.6331 27.8648,
	14.6286 27.867,
	14.6263 27.867,
	14.6219 27.8692,
	14.6174 27.8703,
	14.6151 27.8714,
	"/>
</Transform>

<Transform dim="0"
 xcoef=" 0 1 0 0 0 0"
 ycoef=" 0 0 1 0 0 0">
<Contour name="d20p31" hidden="true" closed="true" simplified="true" border="1 0 0" fill="1 0 0" mode="11"
 points="15.4937 30.9913,
	15.4802 30.9778,
	15.4937 30.9643,
	15.5072 30.9778,
	"/>
</Transform>

<Transform dim="0"
 xcoef=" 0 1 0 0 0 0"
 ycoef=" 0 0 1 0 0 0">
<Contour name="d05p31" hidden="true" closed="true" simplified="true" border="1 0 0" fill="1 0 0" mode="11"
 points="15.5316 28.2264,
	15.5164 28.2112,
	15.5316 28.1961,
	15.5467 28.2112,
	"/>
</Transform>

<Transform dim="0"
 xcoef=" 0 1 0 0 0 0"
 ycoef=" 0 0 1 0 0 0">
<Contour name="mito10" hidden="true" closed="false" simplified="true" border="1 0 0" fill="0 1 0" mode="11"
 points="21.79 29.4928,
	22.1204 29.5138,
	"/>
</Transform>

<Transform dim="0"
 xcoef=" 0 1 0 0 0 0"
 ycoef=" 0 0 1 0 0 0">
<Contour name="d07p39" hidden="false" closed="true" simplified="false" border="1 0 0" fill="1 0 0" mode="11"
 points="18.4765 28.0094,
	18.4583 27.9913,
	18.4765 27.9731,
	18.4946 27.9913,
	"/>
</Transform>

<Transform dim="0"
 xcoef=" 0 1 0 0 0 0"
 ycoef=" 0 0 1 0 0 0">
<Contour name="d07p40" hidden="false" closed="true" simplified="false" border="1 0 0" fill="1 0 0" mode="11"
 points="17.8489 28.2376,
	17.88 28.2376,
	17.8644 28.2662,
	"/>
</Transform>

<Transform dim="0"
 xcoef=" 0 1 0 0 0 0"
 ycoef=" 0 0 1 0 0 0">
<Contour name="d07san39" hidden="false" closed="true" simplified="false" border="1 0 0" fill="1 0 0" mode="-9"
 points="18.5901 28.0078,
	18.5901 27.9977,
	18.6001 27.9977,
	18.6001 27.9877,
	18.6102 27.9877,
	18.6102 27.9977,
	18.6202 27.9977,
	18.6202 28.0078,
	18.6102 28.0078,
	18.6102 28.0178,
	18.6001 28.0178,
	18.6001 28.0078,
	"/>
</Transform>

<Transform dim="0"
 xcoef=" 0 1 0 0 0 0"
 ycoef=" 0 0 1 0 0 0">
<Contour name="d07sp37" hidden="false" closed="true" simplified="true" border="1 0 0" fill="1 0 0" mode="11"
 points="18.7042 27.1364,
	18.7069 27.1219,
	18.7124 27.1074,
	18.7142 27.0785,
	18.7133 27.0205,
	18.716 26.9916,
	18.7187 26.9771,
	18.7214 26.9698,
	18.7223 26.9626,
	18.725 26.959,
	18.735 26.93,
	18.7404 26.9164,
	18.7422 26.9155,
	18.7422 26.9119,
	18.7441 26.9083,
	18.7441 26.9064,
	18.7486 26.8992,
	18.7504 26.8956,
	18.7522 26.8938,
	18.7522 26.8901,
	18.7595 26.8757,
	18.7622 26.8729,
	18.7676 26.8594,
	18.7721 26.8521,
	18.773 26.8485,
	18.7785 26.8413,
	18.7803 26.8376,
	18.7803 26.8358,
	18.7839 26.8322,
	18.7848 26.8286,
	18.7939 26.8159,
	18.7939 26.8141,
	18.8047 26.7996,
	18.8083 26.7924,
	18.812 26.7878,
	18.812 26.786,
	18.8174 26.7797,
	18.8192 26.7761,
	18.821 26.7752,
	18.8219 26.7715,
	18.8274 26.7661,
	18.8482 26.738,
	18.8527 26.7317,
	18.8663 26.7181,
	18.8681 26.7154,
	18.8817 26.7018,
	18.8953 26.6919,
	18.9098 26.6891,
	18.9677 26.6937,
	18.9967 26.6919,
	19.0039 26.691,
	19.0112 26.6882,
	19.0148 26.6864,
	19.022 26.6855,
	19.0284 26.6828,
	19.032 26.6828,
	19.0329 26.681,
	19.0365 26.6801,
	19.0383 26.6801,
	19.0401 26.6783,
	19.0419 26.6783,
	19.0438 26.6765,
	19.051 26.6747,
	19.0546 26.6728,
	19.0564 26.6728,
	19.0582 26.671,
	19.0619 26.671,
	19.0655 26.6683,
	19.0673 26.6656,
	19.0745 26.6611,
	19.0763 26.6611,
	19.0899 26.6529,
	19.0963 26.6484,
	19.0999 26.6475,
	19.1017 26.6457,
	19.1162 26.643,
	19.1307 26.643,
	19.1452 26.6475,
	19.1587 26.6556,
	19.1615 26.6575,
	19.1696 26.671,
	19.1723 26.6783,
	19.175 26.7073,
	19.1741 26.7217,
	19.1714 26.729,
	19.1696 26.7308,
	19.1696 26.7326,
	19.1678 26.7344,
	19.1669 26.738,
	19.1615 26.7453,
	19.1596 26.7489,
	19.1578 26.7507,
	19.1578 26.7525,
	19.1524 26.7589,
	19.1488 26.7625,
	19.147 26.7661,
	19.1415 26.7706,
	19.1352 26.7779,
	19.1334 26.7806,
	19.1207 26.7933,
	19.1198 26.7951,
	19.1171 26.796,
	19.1053 26.8059,
	19.1017 26.8087,
	19.0999 26.8087,
	19.0881 26.8177,
	19.0845 26.8195,
	19.0836 26.8213,
	19.0773 26.8241,
	19.0709 26.8286,
	19.0673 26.8304,
	19.0664 26.8322,
	19.0646 26.8322,
	19.0619 26.8349,
	19.0546 26.8376,
	19.051 26.8403,
	19.0492 26.8403,
	19.0419 26.8449,
	19.0383 26.8458,
	19.0365 26.8476,
	19.022 26.8521,
	19.0211 26.8539,
	19.0175 26.8539,
	18.9885 26.8639,
	18.9813 26.8657,
	18.9777 26.8675,
	18.9704 26.8684,
	18.9641 26.872,
	18.9605 26.8729,
	18.9586 26.8729,
	18.9559 26.8757,
	18.9487 26.8784,
	18.9478 26.8802,
	18.946 26.8802,
	18.9324 26.8901,
	18.9288 26.8938,
	18.9224 26.8983,
	18.9107 26.911,
	18.9043 26.9173,
	18.8944 26.9318,
	18.8916 26.9354,
	18.8898 26.9427,
	18.888 26.9445,
	18.8799 26.9734,
	18.8781 26.9879,
	18.879 27.0169,
	18.8799 27.0241,
	18.8799 27.0278,
	18.8817 27.0314,
	18.8817 27.035,
	18.8862 27.0495,
	18.8889 27.0567,
	18.8907 27.0604,
	18.8916 27.0676,
	18.8989 27.0821,
	18.8998 27.0857,
	18.9016 27.0875,
	18.9025 27.0912,
	18.9043 27.093,
	18.9052 27.1002,
	18.907 27.1038,
	18.907 27.1056,
	18.9116 27.1129,
	18.9134 27.1201,
	18.9152 27.1219,
	18.9179 27.1364,
	18.9197 27.1437,
	18.9215 27.1726,
	18.917 27.2016,
	18.9143 27.2089,
	18.9134 27.2125,
	18.9079 27.2197,
	18.9079 27.2215,
	18.9043 27.2252,
	18.9043 27.227,
	18.8971 27.2342,
	18.8835 27.2442,
	18.8763 27.2469,
	18.8473 27.2496,
	18.8183 27.2505,
	18.8147 27.2505,
	18.8074 27.2469,
	18.8002 27.246,
	18.793 27.2433,
	18.7893 27.2424,
	18.7821 27.2369,
	18.7712 27.2233,
	18.7658 27.2188,
	18.7585 27.2161,
	18.7549 27.2161,
	18.7477 27.2116,
	18.7404 27.2089,
	18.7368 27.2052,
	18.7296 27.2016,
	18.716 27.1898,
	18.7124 27.1871,
	18.7106 27.1835,
	18.7106 27.1817,
	18.706 27.1754,
	18.7042 27.1681,
	18.7042 27.1391,
	18.7042 27.1373,
	"/>
</Transform>

<Transform dim="0"
 xcoef=" 0 1 0 0 0 0"
 ycoef=" 0 0 1 0 0 0">
<Contour name="d07sp38" hidden="false" closed="true" simplified="true" border="1 0 0" fill="1 0 0" mode="11"
 points="17.3576 27.374,
	17.3589 27.3685,
	17.3593 27.3668,
	17.361 27.364,
	17.361 27.3633,
	17.3617 27.3626,
	17.3624 27.3599,
	17.3631 27.3592,
	17.3648 27.3537,
	17.3658 27.3513,
	17.3693 27.3457,
	17.3706 27.3447,
	17.371 27.3433,
	17.372 27.3423,
	17.372 27.3416,
	17.3734 27.3406,
	17.3751 27.3382,
	17.3765 27.3371,
	17.3768 27.3364,
	17.3782 27.3361,
	17.3806 27.334,
	17.382 27.3333,
	17.3824 27.3327,
	17.3834 27.3323,
	17.3855 27.3306,
	17.3868 27.3302,
	17.392 27.3265,
	17.3948 27.3251,
	17.3961 27.3244,
	17.3968 27.3244,
	17.3982 27.3234,
	17.3989 27.3234,
	17.3992 27.3227,
	17.3999 27.3227,
	17.401 27.3216,
	17.4023 27.3213,
	17.403 27.3206,
	17.4085 27.3189,
	17.4099 27.3189,
	17.4127 27.3178,
	17.4347 27.3165,
	17.4402 27.3165,
	17.4458 27.3182,
	17.4485 27.3192,
	17.4499 27.3199,
	17.4526 27.3203,
	17.4578 27.3227,
	17.4606 27.3244,
	17.4613 27.3251,
	17.4626 27.3254,
	17.465 27.3275,
	17.4657 27.3275,
	17.4678 27.3302,
	17.4702 27.332,
	17.4723 27.3344,
	17.4737 27.3368,
	17.4757 27.3395,
	17.4757 27.3402,
	17.4778 27.3426,
	17.4785 27.3454,
	17.4802 27.3478,
	17.4802 27.3485,
	17.4823 27.3513,
	17.4833 27.3526,
	17.4837 27.354,
	17.4871 27.3588,
	17.4885 27.3616,
	17.4895 27.3626,
	17.4899 27.364,
	17.4905 27.3647,
	17.4905 27.3661,
	17.4912 27.3668,
	17.493 27.3723,
	17.4933 27.3778,
	17.493 27.3805,
	17.4899 27.3857,
	17.4881 27.3885,
	17.4871 27.3898,
	17.4868 27.3912,
	17.4861 27.3916,
	17.4854 27.3943,
	17.4847 27.3957,
	17.4847 27.3964,
	17.484 27.3971,
	17.484 27.3985,
	17.4833 27.3998,
	17.4833 27.4026,
	17.4823 27.4081,
	17.4823 27.4191,
	17.4823 27.4219,
	17.4833 27.4246,
	17.4833 27.426,
	17.484 27.4274,
	17.484 27.4281,
	17.485 27.4295,
	17.4885 27.4405,
	17.4885 27.4419,
	17.4892 27.4433,
	17.4888 27.4543,
	17.4885 27.457,
	17.4843 27.4681,
	17.4833 27.4708,
	17.4833 27.4722,
	17.4833 27.4729,
	17.4826 27.4736,
	17.4823 27.4749,
	17.4816 27.4756,
	17.4806 27.4784,
	17.4788 27.4805,
	17.474 27.4843,
	17.4712 27.4849,
	17.4602 27.4856,
	17.4547 27.4853,
	17.4492 27.4836,
	17.4437 27.4812,
	17.4423 27.4805,
	17.4413 27.4791,
	17.4385 27.4781,
	17.4361 27.4763,
	17.4361 27.4756,
	17.4347 27.4753,
	17.432 27.4729,
	17.4299 27.4705,
	17.4292 27.4705,
	17.4265 27.4681,
	17.4258 27.4674,
	17.4258 27.4667,
	17.424 27.4639,
	17.4234 27.4625,
	17.4227 27.4619,
	17.4227 27.4612,
	17.4209 27.4584,
	17.4203 27.4557,
	17.4203 27.455,
	17.4158 27.4505,
	17.4137 27.4488,
	17.4127 27.4474,
	17.4116 27.4467,
	17.4065 27.4415,
	17.4051 27.4405,
	17.4051 27.4398,
	17.3999 27.436,
	17.3982 27.4343,
	17.3975 27.4343,
	17.3948 27.4319,
	17.3941 27.4312,
	17.3927 27.4308,
	17.3923 27.4302,
	17.391 27.4298,
	17.3906 27.4291,
	17.3892 27.4288,
	17.3879 27.4274,
	17.3827 27.424,
	17.3817 27.4233,
	17.381 27.4233,
	17.3786 27.4205,
	17.3758 27.4188,
	17.3737 27.4171,
	17.3689 27.4122,
	17.3686 27.4109,
	17.3648 27.4064,
	17.362 27.4012,
	17.362 27.4005,
	17.3613 27.4002,
	17.36 27.3947,
	17.3589 27.3919,
	17.3579 27.3864,
	17.3576 27.3754,
	17.3576 27.3743,
	"/>
</Transform>

<Transform dim="0"
 xcoef=" 0 1 0 0 0 0"
 ycoef=" 0 0 1 0 0 0">
<Contour name="d07sp39" hidden="false" closed="true" simplified="true" border="1 0 0" fill="1 0 0" mode="11"
 points="18.4246 28.1352,
	18.4461 28.1078,
	18.458 28.0958,
	18.4649 28.0915,
	18.4718 28.0855,
	18.4855 28.0761,
	18.4983 28.0624,
	18.5052 28.0564,
	18.5086 28.0529,
	18.5146 28.0392,
	18.518 28.0324,
	18.5197 28.029,
	18.5215 28.0272,
	18.5215 28.0238,
	18.5317 27.9972,
	18.536 27.9835,
	18.5386 27.9698,
	18.5403 27.9424,
	18.5394 27.915,
	18.5369 27.8876,
	18.5377 27.8859,
	18.5626 27.9107,
	18.566 27.9124,
	18.5686 27.9158,
	18.5694 27.9176,
	18.5712 27.9176,
	18.578 27.9244,
	18.5909 27.9338,
	18.5926 27.9338,
	18.6191 27.9527,
	18.626 27.9587,
	18.6397 27.9664,
	18.6671 27.987,
	18.674 27.9912,
	18.68 27.9972,
	18.6834 27.999,
	18.686 28.0024,
	18.6997 28.0101,
	18.7065 28.0127,
	18.7082 28.0127,
	18.7117 28.0152,
	18.7254 28.0187,
	18.7391 28.0204,
	18.7939 28.0161,
	18.8076 28.0135,
	18.8213 28.0127,
	18.8488 28.0067,
	18.8625 28.0024,
	18.8762 27.9947,
	18.8899 27.9887,
	18.8967 27.9853,
	18.9036 27.9801,
	18.9105 27.9775,
	18.9165 27.9733,
	18.9199 27.9724,
	18.9233 27.9698,
	18.9507 27.957,
	19.0056 27.9381,
	19.0124 27.9373,
	19.0193 27.9347,
	19.0227 27.9338,
	19.0261 27.9313,
	19.0536 27.9253,
	19.0604 27.9236,
	19.0621 27.9236,
	19.0638 27.9218,
	19.0673 27.921,
	19.0741 27.9141,
	19.0758 27.9107,
	19.0758 27.909,
	19.0775 27.9073,
	19.0775 27.9056,
	19.0793 27.9039,
	19.0793 27.9021,
	19.0818 27.8987,
	19.0835 27.8919,
	19.0835 27.8901,
	19.0853 27.8884,
	19.0853 27.885,
	19.087 27.8833,
	19.0878 27.8764,
	19.0904 27.8696,
	19.0913 27.8662,
	19.093 27.8653,
	19.093 27.8619,
	19.0947 27.861,
	19.0947 27.8576,
	19.0998 27.8439,
	19.1075 27.789,
	19.1161 27.7616,
	19.1195 27.7548,
	19.1195 27.753,
	19.1221 27.7496,
	19.123 27.7462,
	19.1272 27.7393,
	19.129 27.7359,
	19.1401 27.7222,
	19.1435 27.7205,
	19.1667 27.6939,
	19.1727 27.6871,
	19.1761 27.6845,
	19.1778 27.6828,
	19.1795 27.6828,
	19.1855 27.6768,
	19.1992 27.6691,
	19.2061 27.6657,
	19.2095 27.6631,
	19.2164 27.6622,
	19.2232 27.6639,
	19.2361 27.6751,
	19.2463 27.6888,
	19.2481 27.6905,
	19.2481 27.6922,
	19.2541 27.6991,
	19.2626 27.7119,
	19.2686 27.7188,
	19.2703 27.7222,
	19.284 27.7333,
	19.2909 27.7351,
	19.2943 27.7376,
	19.308 27.7411,
	19.3217 27.7419,
	19.3286 27.7402,
	19.332 27.7393,
	19.3355 27.7368,
	19.3423 27.7342,
	19.3457 27.7333,
	19.3492 27.7299,
	19.3526 27.7291,
	19.356 27.7265,
	19.3629 27.7248,
	19.3663 27.7222,
	19.3732 27.7196,
	19.3766 27.7179,
	19.3774 27.7162,
	19.3809 27.7153,
	19.3843 27.7128,
	19.398 27.7102,
	19.4117 27.7102,
	19.4186 27.7111,
	19.422 27.7136,
	19.4254 27.7136,
	19.4323 27.7188,
	19.434 27.7188,
	19.4477 27.7308,
	19.4537 27.7376,
	19.4623 27.7513,
	19.4691 27.765,
	19.4717 27.7788,
	19.4717 27.7856,
	19.4717 27.789,
	19.4648 27.8027,
	19.4434 27.8302,
	19.416 27.855,
	19.4091 27.8619,
	19.4031 27.867,
	19.3894 27.8799,
	19.3826 27.885,
	19.3792 27.8884,
	19.3723 27.891,
	19.3586 27.9013,
	19.3552 27.903,
	19.3534 27.903,
	19.3397 27.9141,
	19.3329 27.9184,
	19.3312 27.9184,
	19.3277 27.9218,
	19.3209 27.9253,
	19.3183 27.9287,
	19.3115 27.9313,
	19.3046 27.9364,
	19.3012 27.9398,
	19.2943 27.9433,
	19.2669 27.9647,
	19.2635 27.9681,
	19.2566 27.9724,
	19.2318 27.9998,
	19.2309 28.0032,
	19.2309 28.005,
	19.2266 28.0118,
	19.2241 28.0187,
	19.2223 28.0204,
	19.2223 28.0238,
	19.2198 28.0272,
	19.2112 28.0547,
	19.2086 28.0581,
	19.2069 28.0649,
	19.2052 28.0684,
	19.2044 28.0752,
	19.2009 28.0821,
	19.1932 28.1095,
	19.1924 28.1643,
	19.1932 28.2192,
	19.1932 28.2329,
	19.1906 28.2466,
	19.1812 28.274,
	19.1795 28.2757,
	19.1795 28.2791,
	19.1735 28.2929,
	19.1718 28.2997,
	19.1692 28.3031,
	19.1692 28.3049,
	19.1675 28.3066,
	19.1658 28.3134,
	19.1547 28.3263,
	19.1512 28.3288,
	19.1444 28.3314,
	19.117 28.346,
	19.1032 28.3486,
	19.0758 28.3503,
	19.0621 28.3494,
	19.0073 28.3528,
	18.9936 28.3537,
	18.9662 28.3511,
	18.9524 28.3486,
	18.949 28.3468,
	18.9422 28.346,
	18.9413 28.3443,
	18.9345 28.3434,
	18.9207 28.3374,
	18.9173 28.3374,
	18.9036 28.3331,
	18.8967 28.3314,
	18.8933 28.3314,
	18.8865 28.328,
	18.8316 28.3117,
	18.8248 28.3074,
	18.8179 28.3049,
	18.8042 28.2954,
	18.8025 28.2937,
	18.7991 28.2929,
	18.7931 28.2877,
	18.7896 28.2851,
	18.7862 28.2843,
	18.7794 28.28,
	18.7682 28.2672,
	18.7631 28.2612,
	18.7571 28.2569,
	18.7468 28.244,
	18.7237 28.2166,
	18.7142 28.2029,
	18.6928 28.1755,
	18.6894 28.172,
	18.6808 28.1592,
	18.6697 28.1455,
	18.6663 28.1429,
	18.6645 28.1412,
	18.6611 28.1403,
	18.6594 28.1386,
	18.656 28.1386,
	18.6526 28.1369,
	18.5977 28.1343,
	18.584 28.1335,
	18.5566 28.1266,
	18.5497 28.1249,
	18.5223 28.1232,
	18.4949 28.1241,
	18.4675 28.1309,
	18.464 28.1318,
	18.4623 28.1318,
	18.4598 28.1343,
	18.458 28.1343,
	18.4563 28.1361,
	18.4289 28.1361,
	18.4255 28.1361,
	"/>
</Transform>

<Transform dim="0"
 xcoef=" 0 1 0 0 0 0"
 ycoef=" 0 0 1 0 0 0">
<Contour name="d07cfa39a" hidden="false" closed="false" simplified="false" border="0 1 0" fill="1 0.502 0" mode="11"
 points="19.2233 27.9759,
	19.2182 27.9826,
	19.2068 27.9986,
	19.1919 28.0207,
	19.179 28.0465,
	19.1697 28.0779,
	19.1677 28.1129,
	19.1677 28.1397,
	19.1682 28.1773,
	"/>
<Contour name="d07c39a" hidden="false" closed="true" simplified="true" border="0 0 1" fill="0 0 1" mode="11"
 points="19.1232 28.106,
	19.1248 28.1019,
	19.1253 28.0978,
	19.1268 28.0957,
	19.1294 28.0875,
	19.1315 28.0834,
	19.1315 28.0823,
	19.1325 28.0813,
	19.134 28.0772,
	19.134 28.0751,
	19.1366 28.0715,
	19.1371 28.0695,
	19.1382 28.0684,
	19.1387 28.0664,
	19.1397 28.0659,
	19.1402 28.0638,
	19.1454 28.0561,
	19.1474 28.054,
	19.15 28.0458,
	19.1572 28.0298,
	19.1572 28.0277,
	19.1588 28.0257,
	19.1598 28.0216,
	19.1608 28.0195,
	19.1619 28.0185,
	19.1649 28.0107,
	19.1696 28.0025,
	19.1742 27.9953,
	19.1799 27.987,
	19.1814 27.985,
	19.183 27.984,
	19.1866 27.9798,
	19.1876 27.9778,
	19.1912 27.9742,
	19.1933 27.9731,
	19.1943 27.9731,
	19.202 27.9685,
	19.2062 27.967,
	19.2226 27.9659,
	19.2309 27.9675,
	19.2386 27.9716,
	19.2402 27.9726,
	19.2412 27.9726,
	19.2479 27.9778,
	19.2494 27.9793,
	19.2505 27.9793,
	19.2525 27.9809,
	19.2546 27.9814,
	19.2566 27.9834,
	19.2587 27.9845,
	19.2597 27.986,
	19.2639 27.9886,
	19.2649 27.9891,
	19.2649 27.9901,
	19.269 27.9937,
	19.2721 27.9973,
	19.2747 28.0051,
	19.2747 28.0061,
	19.2757 28.0066,
	19.2762 28.0231,
	19.2762 28.0272,
	19.2736 28.0355,
	19.2726 28.0365,
	19.27 28.0447,
	19.2664 28.053,
	19.2608 28.0695,
	19.2577 28.0777,
	19.2556 28.086,
	19.2525 28.0942,
	19.252 28.0963,
	19.252 28.0973,
	19.251 28.0983,
	19.251 28.1004,
	19.2494 28.1045,
	19.2479 28.1127,
	19.2432 28.1292,
	19.2396 28.1457,
	19.2391 28.1498,
	19.2366 28.1581,
	19.236 28.1601,
	19.236 28.1612,
	19.235 28.1617,
	19.2345 28.1658,
	19.2329 28.1699,
	19.2319 28.172,
	19.2319 28.174,
	19.2309 28.1746,
	19.2293 28.1787,
	19.2293 28.1797,
	19.2257 28.1828,
	19.2092 28.1864,
	19.1928 28.1869,
	19.1763 28.1864,
	19.1598 28.1818,
	19.1557 28.1807,
	19.1474 28.1761,
	19.1438 28.1735,
	19.1402 28.1694,
	19.1397 28.1673,
	19.1376 28.1658,
	19.1351 28.1622,
	19.1351 28.1612,
	19.1325 28.1581,
	19.1299 28.1498,
	19.1294 28.1457,
	19.1284 28.1437,
	19.1279 28.1395,
	19.1268 28.1375,
	19.1268 28.1364,
	19.1258 28.1354,
	19.1258 28.1333,
	19.1248 28.1313,
	19.1232 28.1148,
	19.1232 28.1066,
	"/>
</Transform>

<Transform dim="0"
 xcoef=" 0 1 0 0 0 0"
 ycoef=" 0 0 1 0 0 0">
<Contour name="d07sp40" hidden="false" closed="true" simplified="true" border="1 0 0" fill="1 0 0" mode="11"
 points="17.7379 28.302,
	17.74 28.2966,
	17.7447 28.2926,
	17.7467 28.2899,
	17.7494 28.2885,
	17.7507 28.2872,
	17.7615 28.2831,
	17.7663 28.2791,
	17.7663 28.2764,
	17.769 28.2737,
	17.769 28.2724,
	17.7703 28.271,
	17.7703 28.2683,
	17.7744 28.2643,
	17.775 28.2629,
	17.7764 28.2629,
	17.7784 28.2663,
	17.7885 28.2764,
	17.7926 28.2811,
	17.798 28.2858,
	17.798 28.2872,
	17.8175 28.3007,
	17.8222 28.3047,
	17.8249 28.3054,
	17.8357 28.3128,
	17.8452 28.3175,
	17.8479 28.3182,
	17.8533 28.3216,
	17.8641 28.3256,
	17.8668 28.3256,
	17.8776 28.331,
	17.8991 28.3364,
	17.9045 28.3385,
	17.9072 28.3391,
	17.9086 28.3398,
	17.9086 28.3412,
	17.9032 28.3452,
	17.9005 28.3472,
	17.8991 28.3472,
	17.889 28.3546,
	17.8836 28.3573,
	17.8809 28.3587,
	17.8796 28.3587,
	17.8769 28.3607,
	17.8755 28.3607,
	17.8742 28.3621,
	17.8634 28.3654,
	17.8614 28.3668,
	17.8506 28.3688,
	17.8452 28.3702,
	17.8344 28.3702,
	17.829 28.3702,
	17.8182 28.3675,
	17.8128 28.3661,
	17.8101 28.3648,
	17.8074 28.3648,
	17.7966 28.36,
	17.7953 28.36,
	17.7939 28.3587,
	17.7885 28.3573,
	17.7831 28.3546,
	17.7804 28.3526,
	17.7791 28.3526,
	17.769 28.3466,
	17.7676 28.3466,
	17.7656 28.3439,
	17.7642 28.3439,
	17.7588 28.3398,
	17.7561 28.3378,
	17.7534 28.3371,
	17.7447 28.3297,
	17.7406 28.325,
	17.7386 28.3196,
	17.7379 28.3088,
	17.7379 28.3034,
	17.7379 28.3027,
	"/>
</Transform>

<Transform dim="0"
 xcoef=" 0 1 0 0 0 0"
 ycoef=" 0 0 1 0 0 0">
<Contour name="d07sp41" hidden="false" closed="true" simplified="true" border="1 0 0" fill="1 0 0" mode="11"
 points="17.6462 29.2321,
	17.6486 29.2196,
	17.6493 29.2133,
	17.6532 29.2008,
	17.6556 29.1946,
	17.6556 29.1915,
	17.6611 29.179,
	17.6618 29.1758,
	17.6618 29.1743,
	17.6689 29.1634,
	17.6712 29.161,
	17.6712 29.1594,
	17.6759 29.154,
	17.6829 29.143,
	17.6829 29.1415,
	17.6845 29.1407,
	17.6845 29.1391,
	17.6892 29.1329,
	17.6907 29.1313,
	17.6915 29.1282,
	17.6954 29.1227,
	17.6978 29.1204,
	17.6985 29.1173,
	17.7056 29.1048,
	17.7079 29.1017,
	17.7095 29.1001,
	17.7134 29.0884,
	17.7149 29.0853,
	17.7149 29.0821,
	17.7165 29.0814,
	17.7212 29.0689,
	17.7267 29.0579,
	17.7267 29.0564,
	17.729 29.054,
	17.7329 29.0415,
	17.736 29.0353,
	17.7446 29.0111,
	17.7446 29.0095,
	17.7462 29.0087,
	17.7462 29.0056,
	17.7477 29.0041,
	17.7477 29.0009,
	17.7563 28.9759,
	17.7563 28.9744,
	17.7579 28.9728,
	17.7665 28.9478,
	17.768 28.9463,
	17.768 28.9447,
	17.7704 28.9416,
	17.7704 28.94,
	17.7727 28.9369,
	17.7735 28.9338,
	17.7751 28.9322,
	17.7751 28.9291,
	17.7766 28.9283,
	17.7766 28.9267,
	17.7805 28.9213,
	17.7813 28.9182,
	17.7837 28.915,
	17.786 28.9088,
	17.7883 28.9057,
	17.7883 28.9041,
	17.7907 28.901,
	17.7915 28.8979,
	17.793 28.8971,
	17.793 28.8955,
	17.7954 28.8924,
	17.8008 28.8799,
	17.8032 28.8736,
	17.804 28.8705,
	17.8055 28.8697,
	17.8079 28.8635,
	17.8086 28.8572,
	17.811 28.8549,
	17.811 28.8518,
	17.8125 28.8487,
	17.8149 28.8471,
	17.8196 28.8354,
	17.8196 28.8338,
	17.8282 28.8221,
	17.8313 28.819,
	17.8321 28.8159,
	17.8422 28.8049,
	17.8461 28.8002,
	17.8516 28.794,
	17.8555 28.7878,
	17.8617 28.7815,
	17.8633 28.7784,
	17.8656 28.7768,
	17.8703 28.7706,
	17.875 28.7659,
	17.875 28.7643,
	17.8781 28.762,
	17.8781 28.7604,
	17.8797 28.7596,
	17.8797 28.7581,
	17.8899 28.7479,
	17.8899 28.7464,
	17.9 28.737,
	17.9016 28.7347,
	17.9047 28.7323,
	17.9086 28.7276,
	17.9102 28.7245,
	17.9133 28.7214,
	17.9141 28.7198,
	17.9156 28.7198,
	17.918 28.7175,
	17.9187 28.7159,
	17.9203 28.7159,
	17.9258 28.7112,
	17.9289 28.7089,
	17.9305 28.7089,
	17.9351 28.705,
	17.9601 28.6956,
	17.9633 28.694,
	17.9664 28.694,
	17.9679 28.6925,
	17.9804 28.6901,
	17.9836 28.6886,
	17.9898 28.6886,
	17.9961 28.6909,
	17.9968 28.6925,
	18 28.6925,
	18.0039 28.6987,
	18.0093 28.7089,
	18.0117 28.7151,
	18.0132 28.7167,
	18.0132 28.7198,
	18.0148 28.7206,
	18.0164 28.7268,
	18.0179 28.73,
	18.0203 28.7425,
	18.0203 28.7487,
	18.0234 28.7612,
	18.0249 28.7674,
	18.0257 28.7706,
	18.0273 28.7714,
	18.0273 28.7745,
	18.0289 28.776,
	18.0296 28.7823,
	18.032 28.7885,
	18.0328 28.8135,
	18.032 28.826,
	18.032 28.8323,
	18.0296 28.8448,
	18.0203 28.8697,
	18.0203 28.8729,
	18.0179 28.8791,
	18.0171 28.8822,
	18.0156 28.8838,
	18.0117 28.8963,
	18.0101 28.9025,
	18.0085 28.9057,
	18.007 28.9182,
	18.007 28.9431,
	18.007 28.9556,
	18.0062 28.9619,
	18.0046 28.965,
	18.0015 28.9674,
	17.9984 28.9681,
	17.9968 28.9681,
	17.9961 28.9697,
	17.9898 28.9697,
	17.9773 28.9658,
	17.9758 28.9642,
	17.9695 28.9627,
	17.9664 28.9603,
	17.9633 28.9595,
	17.957 28.9556,
	17.9539 28.9533,
	17.9414 28.951,
	17.9289 28.951,
	17.9164 28.9549,
	17.9109 28.9588,
	17.9078 28.9603,
	17.9031 28.9658,
	17.9008 28.972,
	17.9008 28.9736,
	17.8992 28.9752,
	17.8977 28.9877,
	17.8984 28.9939,
	17.8992 28.997,
	17.9016 28.9994,
	17.9031 29.0001,
	17.9031 29.0017,
	17.9063 29.0041,
	17.9078 29.0064,
	17.9195 29.015,
	17.925 29.0189,
	17.9266 29.0205,
	17.9297 29.0212,
	17.9328 29.0236,
	17.9453 29.0244,
	17.9484 29.0244,
	17.9547 29.0212,
	17.9609 29.0197,
	17.964 29.0181,
	17.9765 29.0173,
	17.9828 29.0197,
	17.9953 29.029,
	18.0007 29.0337,
	18.0062 29.04,
	18.0062 29.0415,
	18.0085 29.0439,
	18.0085 29.0454,
	18.0101 29.047,
	18.0109 29.0501,
	18.0125 29.0517,
	18.0125 29.0548,
	18.0148 29.0611,
	18.0156 29.111,
	18.0132 29.161,
	18.0078 29.186,
	18.007 29.1922,
	17.9976 29.2165,
	17.9968 29.2196,
	17.9921 29.2258,
	17.9906 29.2289,
	17.989 29.2305,
	17.989 29.2321,
	17.9859 29.2344,
	17.9851 29.2375,
	17.982 29.2407,
	17.9742 29.2524,
	17.9648 29.2649,
	17.9594 29.2766,
	17.9578 29.2797,
	17.9562 29.2805,
	17.9539 29.2867,
	17.9515 29.2891,
	17.9515 29.2906,
	17.9469 29.2961,
	17.9445 29.2992,
	17.9398 29.3031,
	17.9281 29.3148,
	17.9164 29.3242,
	17.9141 29.3266,
	17.9078 29.3281,
	17.8953 29.3351,
	17.8703 29.343,
	17.8578 29.3469,
	17.8453 29.3476,
	17.8204 29.3461,
	17.8141 29.3453,
	17.8016 29.3414,
	17.7985 29.3398,
	17.7969 29.3398,
	17.7961 29.3383,
	17.7899 29.3375,
	17.7876 29.3359,
	17.7751 29.3359,
	17.7626 29.3344,
	17.7501 29.3312,
	17.747 29.3305,
	17.7454 29.3305,
	17.7438 29.3289,
	17.7376 29.3281,
	17.736 29.3266,
	17.7298 29.3258,
	17.7235 29.3227,
	17.7204 29.3227,
	17.7188 29.3211,
	17.7063 29.3164,
	17.7001 29.3148,
	17.6939 29.3117,
	17.6696 29.3031,
	17.6681 29.3031,
	17.6626 29.2984,
	17.6556 29.2867,
	17.6525 29.2742,
	17.6525 29.2727,
	17.6509 29.2711,
	17.6478 29.2586,
	17.6462 29.2461,
	17.6462 29.2336,
	17.6462 29.2328,
	"/>
</Transform>

<Transform dim="0"
 xcoef=" 0 1 0 0 0 0"
 ycoef=" 0 0 1 0 0 0">
<Contour name="d07endoh41_cp" hidden="false" closed="true" simplified="true" border="1 0.502 0" fill="1 0 0" mode="11"
 points="17.8626 28.9968,
	17.8629 28.9908,
	17.8638 28.9849,
	17.8651 28.979,
	17.8671 28.9733,
	17.8695 28.9677,
	17.8725 28.9623,
	17.876 28.9571,
	17.8799 28.9521,
	17.8843 28.9475,
	17.8892 28.9431,
	17.8944 28.9391,
	17.8999 28.9355,
	17.9058 28.9322,
	17.912 28.9294,
	17.9184 28.9269,
	17.9251 28.925,
	17.9319 28.9234,
	17.9388 28.9224,
	17.9458 28.9218,
	17.9528 28.9217,
	17.9598 28.922,
	17.9668 28.9228,
	17.9737 28.9241,
	17.9804 28.9259,
	17.9869 28.9281,
	17.9932 28.9307,
	17.9993 28.9338,
	18.005 28.9372,
	18.0104 28.9411,
	18.0154 28.9452,
	18.02 28.9498,
	18.0242 28.9546,
	18.0279 28.9596,
	18.0312 28.9649,
	18.0339 28.9704,
	18.0361 28.9761,
	18.0377 28.9819,
	18.0389 28.9878,
	18.0394 28.9938,
	18.0394 28.9997,
	18.0389 29.0057,
	18.0377 29.0116,
	18.0361 29.0174,
	18.0339 29.0231,
	18.0312 29.0286,
	18.0279 29.0339,
	18.0242 29.0389,
	18.02 29.0437,
	18.0154 29.0483,
	18.0104 29.0524,
	18.005 29.0563,
	17.9993 29.0597,
	17.9932 29.0628,
	17.9869 29.0654,
	17.9804 29.0676,
	17.9737 29.0694,
	17.9668 29.0707,
	17.9598 29.0715,
	17.9528 29.0718,
	17.9458 29.0717,
	17.9388 29.0711,
	17.9319 29.0701,
	17.9251 29.0685,
	17.9184 29.0666,
	17.912 29.0641,
	17.9058 29.0613,
	17.8999 29.058,
	17.8944 29.0544,
	17.8892 29.0504,
	17.8843 29.046,
	17.8799 29.0414,
	17.876 29.0364,
	17.8725 29.0312,
	17.8695 29.0258,
	17.8671 29.0202,
	17.8651 29.0145,
	17.8638 29.0086,
	17.8629 29.0027,
	"/>
</Transform>

<Transform dim="0"
 xcoef=" 0 1 0 0 0 0"
 ycoef=" 0 0 1 0 0 0">
<Contour name="d09rs01" hidden="true" closed="true" simplified="false" border="0 0 1" fill="1 0 1" mode="11"
 points="14.2019 26.9547,
	14.2019 26.9512,
	14.2054 26.9476,
	14.209 26.9476,
	14.2125 26.9512,
	14.2125 26.9547,
	14.209 26.9583,
	14.2054 26.9583,
	"/>
<Contour name="d09rs01" hidden="true" closed="true" simplified="false" border="0 0 1" fill="1 0 1" mode="11"
 points="14.1992 26.9299,
	14.1992 26.9264,
	14.2028 26.9229,
	14.2063 26.9229,
	14.2099 26.9264,
	14.2099 26.9299,
	14.2063 26.9335,
	14.2028 26.9335,
	"/>
<Contour name="d09rs01" hidden="true" closed="true" simplified="false" border="0 0 1" fill="1 0 1" mode="11"
 points="14.2276 26.9122,
	14.2276 26.9087,
	14.2311 26.9052,
	14.2346 26.9052,
	14.2382 26.9087,
	14.2382 26.9122,
	14.2346 26.9158,
	14.2311 26.9158,
	"/>
<Contour name="d09rs01" hidden="true" closed="true" simplified="false" border="0 0 1" fill="1 0 1" mode="11"
 points="14.2656 26.906,
	14.2656 26.9025,
	14.2691 26.899,
	14.2727 26.899,
	14.2762 26.9025,
	14.2762 26.906,
	14.2727 26.9096,
	14.2691 26.9096,
	"/>
</Transform>

<Transform dim="0"
 xcoef=" 0 1 0 0 0 0"
 ycoef=" 0 0 1 0 0 0">
<Contour name="d20_Interest01possiblePR" hidden="true" closed="true" simplified="true" border="0 0 0" fill="0 0 1" mode="11"
 points="15.4647 30.9055,
	15.4649 30.9005,
	15.4657 30.8956,
	15.4669 30.8908,
	15.4687 30.886,
	15.4709 30.8814,
	15.4736 30.877,
	15.4768 30.8728,
	15.4803 30.8688,
	15.4843 30.8651,
	15.4886 30.8617,
	15.4933 30.8586,
	15.4983 30.8559,
	15.5035 30.8535,
	15.509 30.8515,
	15.5146 30.8499,
	15.5204 30.8487,
	15.5263 30.8479,
	15.5322 30.8475,
	15.5382 30.8476,
	15.5441 30.8481,
	15.55 30.8489,
	15.5557 30.8503,
	15.5613 30.852,
	15.5667 30.8541,
	15.5719 30.8565,
	15.5768 30.8594,
	15.5814 30.8625,
	15.5856 30.866,
	15.5895 30.8698,
	15.5929 30.8738,
	15.596 30.8781,
	15.5986 30.8826,
	15.6007 30.8872,
	15.6023 30.892,
	15.6035 30.8968,
	15.6041 30.9017,
	15.6042 30.9067,
	15.6039 30.9116,
	15.603 30.9165,
	15.6016 30.9214,
	15.5997 30.9261,
	15.5973 30.9306,
	15.5945 30.935,
	15.5913 30.9391,
	15.5876 30.943,
	15.5835 30.9467,
	15.5791 30.95,
	15.5744 30.953,
	15.5694 30.9557,
	15.5641 30.958,
	15.5586 30.9599,
	15.5529 30.9614,
	15.5471 30.9625,
	15.5412 30.9632,
	15.5352 30.9634,
	15.5292 30.9633,
	15.5233 30.9627,
	15.5175 30.9617,
	15.5118 30.9603,
	15.5062 30.9585,
	15.5009 30.9563,
	15.4958 30.9537,
	15.4909 30.9508,
	15.4864 30.9475,
	15.4823 30.944,
	15.4785 30.9401,
	15.4752 30.936,
	15.4722 30.9317,
	15.4698 30.9272,
	15.4678 30.9225,
	15.4662 30.9178,
	15.4652 30.9129,
	"/>
</Transform>

<Transform dim="0"
 xcoef=" 0 1 0 0 0 0"
 ycoef=" 0 0 1 0 0 0">
<Contour name="mito10_php2016" hidden="true" closed="false" simplified="true" border="1 0.501961 0.25098" fill="1 0 0" mode="11"
 points="21.7932 29.8385,
	22.0393 29.8556,
	"/>
</Transform>

<Transform dim="0"
 xcoef=" 0 1 0 0 0 0"
 ycoef=" 0 0 1 0 0 0">
<Contour name="d07ax19" comment="dch 04.2018" hidden="true" closed="true" simplified="true" border="0 0.91 0.227" fill="0 1 1" mode="11"
 points="16.2548 27.2726,
	16.2684 27.2292,
	16.2711 27.2184,
	16.2833 27.1967,
	16.2928 27.175,
	16.3063 27.1316,
	16.3118 27.1099,
	16.3226 27.0882,
	16.3321 27.0788,
	16.3429 27.072,
	16.3538 27.0706,
	16.3592 27.072,
	16.3646 27.0774,
	16.3687 27.0882,
	16.3687 27.1099,
	16.3714 27.1208,
	16.3714 27.1262,
	16.3809 27.1479,
	16.3958 27.1682,
	16.4066 27.179,
	16.4107 27.1845,
	16.4202 27.2062,
	16.427 27.217,
	16.4487 27.2373,
	16.4541 27.2428,
	16.4568 27.2455,
	16.4527 27.2671,
	16.4392 27.2888,
	16.4351 27.2997,
	16.431 27.3214,
	16.4283 27.3647,
	16.4243 27.3756,
	16.4216 27.381,
	16.4121 27.3918,
	16.4012 27.4,
	16.3958 27.4013,
	16.3741 27.4,
	16.3524 27.3932,
	16.3416 27.3837,
	16.328 27.362,
	16.3213 27.3512,
	16.3118 27.343,
	16.2901 27.3322,
	16.2792 27.3281,
	16.2765 27.3281,
	16.2657 27.3173,
	16.2589 27.3065,
	16.2548 27.2956,
	16.2548 27.2739,
	"/>
</Transform>

<Transform dim="0"
 xcoef=" 0 1 0 0 0 0"
 ycoef=" 0 0 1 0 0 0">
<Contour name="d07ax20b" comment="dch 04.2018" hidden="true" closed="true" simplified="true" border="0 0.91 0.227" fill="0 1 1" mode="11"
 points="16.6238 25.7862,
	16.643 25.7501,
	16.6644 25.714,
	16.6825 25.6778,
	16.6904 25.6598,
	16.7017 25.6417,
	16.7186 25.627,
	16.7276 25.6203,
	16.7367 25.6169,
	16.7547 25.618,
	16.7728 25.6214,
	16.7897 25.6316,
	16.8044 25.6496,
	16.8236 25.6857,
	16.8281 25.7038,
	16.827 25.7219,
	16.8236 25.7399,
	16.8202 25.749,
	16.8191 25.7535,
	16.8191 25.7557,
	16.8157 25.7602,
	16.8078 25.7783,
	16.8033 25.7873,
	16.7886 25.8054,
	16.7716 25.8212,
	16.7637 25.8302,
	16.7581 25.8393,
	16.7547 25.8483,
	16.7491 25.8573,
	16.74 25.8641,
	16.722 25.872,
	16.7039 25.8754,
	16.6859 25.8743,
	16.6768 25.8709,
	16.6588 25.8585,
	16.6497 25.8494,
	16.6418 25.8426,
	16.6294 25.8246,
	16.626 25.8156,
	16.6238 25.7975,
	16.6238 25.7885,
	16.6238 25.7873,
	"/>
</Transform>

<Transform dim="0"
 xcoef=" 0 1 0 0 0 0"
 ycoef=" 0 0 1 0 0 0">
<Contour name="d07ax21" comment="dch 04.2018" hidden="true" closed="true" simplified="true" border="0 0.91 0.227" fill="0 1 1" mode="11"
 points="16.4298 29.951,
	16.4645 29.8656,
	16.4711 29.8549,
	16.4818 29.8456,
	16.4925 29.8389,
	16.5139 29.8322,
	16.5245 29.8322,
	16.5299 29.8349,
	16.5352 29.8403,
	16.5539 29.883,
	16.5793 29.9257,
	16.5859 29.947,
	16.5873 29.9577,
	16.5846 29.9791,
	16.5819 29.9898,
	16.5806 29.9951,
	16.5779 29.9978,
	16.5766 30.0031,
	16.5686 30.0138,
	16.5259 30.0431,
	16.5152 30.0471,
	16.5045 30.0485,
	16.4618 30.0458,
	16.4525 30.0378,
	16.4431 30.0164,
	16.4298 29.9737,
	16.4298 29.9524,
	"/>
</Transform>

<Transform dim="0"
 xcoef=" 0 1 0 0 0 0"
 ycoef=" 0 0 1 0 0 0">
<Contour name="d11ax19" comment="dch_traced_03.2017" hidden="false" closed="true" simplified="true" border="0 1 0" fill="0 1 0" mode="11"
 points="13.3281 22.8916,
	13.3296 22.8857,
	13.331 22.8843,
	13.3332 22.8784,
	13.3369 22.8725,
	13.3369 22.871,
	13.3406 22.8659,
	13.3457 22.86,
	13.3575 22.8512,
	13.3582 22.8497,
	13.3818 22.8468,
	13.3935 22.8446,
	13.3994 22.8431,
	13.4112 22.8372,
	13.417 22.8343,
	13.4229 22.8328,
	13.4465 22.8357,
	13.4494 22.8365,
	13.4509 22.838,
	13.4523 22.838,
	13.4751 22.8549,
	13.481 22.86,
	13.484 22.8615,
	13.4898 22.8666,
	13.5068 22.8894,
	13.5112 22.8953,
	13.5126 22.8968,
	13.5126 22.8982,
	13.5156 22.9012,
	13.5163 22.9041,
	13.5185 22.9063,
	13.5185 22.9078,
	13.5207 22.9107,
	13.5229 22.9225,
	13.5222 22.9343,
	13.52 22.946,
	13.5192 22.949,
	13.517 22.9519,
	13.5148 22.9578,
	13.5068 22.9688,
	13.5009 22.974,
	13.4979 22.9754,
	13.492 22.9762,
	13.4685 22.9747,
	13.4626 22.9732,
	13.4391 22.9732,
	13.4362 22.9732,
	13.4303 22.9754,
	13.4288 22.9769,
	13.4259 22.9777,
	13.4244 22.9791,
	13.4009 22.9857,
	13.3891 22.9887,
	13.3773 22.9887,
	13.3715 22.9887,
	13.3685 22.9887,
	13.3626 22.9857,
	13.3568 22.9806,
	13.3568 22.9791,
	13.3501 22.9674,
	13.3421 22.9438,
	13.3384 22.9321,
	13.3332 22.9203,
	13.3303 22.9085,
	13.3281 22.9027,
	13.3281 22.8968,
	13.3281 22.8938,
	13.3281 22.8924,
	"/>
</Transform>

<Transform dim="0"
 xcoef=" 0 1 0 0 0 0"
 ycoef=" 0 0 1 0 0 0">
<Contour name="d20ax24b" comment="dch_traced_03.2017" hidden="false" closed="true" simplified="true" border="0 1 0" fill="0 1 0" mode="11"
 points="16.4282 29.9427,
	16.4303 29.9385,
	16.4314 29.93,
	16.4314 29.9257,
	16.4388 29.9087,
	16.4431 29.9003,
	16.4717 29.8673,
	16.4792 29.8589,
	16.4834 29.8546,
	16.4951 29.8397,
	16.4993 29.8355,
	16.5068 29.8302,
	16.5237 29.8323,
	16.5301 29.8408,
	16.5312 29.8451,
	16.5418 29.861,
	16.5418 29.8631,
	16.545 29.8673,
	16.5471 29.8695,
	16.5471 29.8716,
	16.5566 29.8865,
	16.5662 29.9034,
	16.5683 29.9077,
	16.5704 29.9098,
	16.5704 29.9119,
	16.5726 29.9141,
	16.58 29.931,
	16.5853 29.948,
	16.5938 29.965,
	16.598 29.982,
	16.597 29.999,
	16.5853 30.0149,
	16.5811 30.0181,
	16.5789 30.0181,
	16.5704 30.0234,
	16.5662 30.0255,
	16.5641 30.0276,
	16.5471 30.0319,
	16.5131 30.034,
	16.511 30.034,
	16.5089 30.0361,
	16.5004 30.0372,
	16.4961 30.0382,
	16.4919 30.0414,
	16.4749 30.0446,
	16.4664 30.0425,
	16.4579 30.0372,
	16.4537 30.034,
	16.4378 30.0011,
	16.4325 29.9841,
	16.4293 29.9671,
	16.4282 29.9501,
	16.4282 29.9459,
	16.4282 29.9438,
	"/>
</Transform>

<Transform dim="0"
 xcoef=" 0 1 0 0 0 0"
 ycoef=" 0 0 1 0 0 0">
<Contour name="d11ax22" comment="dch_traced_05.2017" hidden="false" closed="true" simplified="true" border="0 1 0" fill="0 1 0" mode="11"
 points="15.9782 25.5151,
	15.9871 25.4582,
	15.9925 25.4298,
	15.9978 25.4156,
	15.9996 25.4085,
	16.0102 25.3942,
	16.0173 25.3925,
	16.0209 25.3889,
	16.0777 25.3871,
	16.1062 25.3854,
	16.1204 25.3836,
	16.1488 25.3889,
	16.1559 25.3907,
	16.1595 25.3907,
	16.1613 25.3942,
	16.1648 25.3942,
	16.1755 25.4049,
	16.1897 25.4173,
	16.1915 25.4245,
	16.195 25.428,
	16.195 25.4316,
	16.2004 25.4387,
	16.2021 25.4458,
	16.2057 25.4493,
	16.2306 25.5062,
	16.2377 25.5204,
	16.2377 25.524,
	16.2466 25.5382,
	16.2501 25.5435,
	16.2572 25.5506,
	16.2714 25.579,
	16.2892 25.6075,
	16.3336 25.6626,
	16.3709 25.7176,
	16.3709 25.7212,
	16.3869 25.7496,
	16.3905 25.7532,
	16.3923 25.7603,
	16.4083 25.7887,
	16.4154 25.8172,
	16.4189 25.8314,
	16.4189 25.8598,
	16.4118 25.8882,
	16.4083 25.9024,
	16.4047 25.906,
	16.4029 25.9131,
	16.3852 25.9415,
	16.3798 25.9486,
	16.3745 25.9522,
	16.3603 25.9504,
	16.3319 25.9415,
	16.3176 25.9398,
	16.3105 25.9398,
	16.307 25.9398,
	16.2785 25.9611,
	16.2661 25.9735,
	16.2572 25.9824,
	16.2537 25.9824,
	16.2306 26.0055,
	16.211 26.0304,
	16.2057 26.0375,
	16.1968 26.0659,
	16.2004 26.1797,
	16.1986 26.1939,
	16.1986 26.201,
	16.179 26.2294,
	16.1719 26.2365,
	16.1577 26.2436,
	16.1506 26.2472,
	16.1471 26.2507,
	16.1186 26.249,
	16.0902 26.2436,
	16.076 26.2401,
	16.0689 26.2365,
	16.0511 26.2081,
	16.044 26.1939,
	16.0422 26.1797,
	16.0387 26.1725,
	16.0404 26.1157,
	16.0333 26.0588,
	16.0156 26.002,
	16.0173 25.9735,
	16.028 25.9167,
	16.0333 25.8882,
	16.0315 25.8314,
	16.0262 25.8029,
	16.028 25.7745,
	16.0298 25.7603,
	16.0351 25.7461,
	16.0387 25.7425,
	16.0387 25.739,
	16.044 25.7319,
	16.0475 25.7176,
	16.0475 25.7034,
	16.0387 25.675,
	16.0333 25.6608,
	16.0173 25.6324,
	16.0084 25.6181,
	16.0067 25.611,
	16.0013 25.6039,
	16.0013 25.6004,
	15.996 25.5933,
	15.996 25.5897,
	15.9925 25.5879,
	15.9818 25.5595,
	15.9782 25.5453,
	15.9782 25.5169,
	"/>
</Transform>

<Transform dim="0"
 xcoef=" 0 1 0 0 0 0"
 ycoef=" 0 0 1 0 0 0">
<Contour name="d11ax22" comment="dch_traced_05.2017" hidden="false" closed="true" simplified="true" border="0 1 0" fill="0 1 0" mode="11"
 points="15.7052 28.8703,
	15.7121 28.8517,
	15.7144 28.8471,
	15.7144 28.8448,
	15.7179 28.8401,
	15.7179 28.8378,
	15.7202 28.8367,
	15.7202 28.8343,
	15.7318 28.8158,
	15.7365 28.8065,
	15.7388 28.8019,
	15.7411 28.7996,
	15.748 28.781,
	15.7515 28.7718,
	15.7515 28.7532,
	15.7457 28.7347,
	15.7411 28.7254,
	15.726 28.7069,
	15.7156 28.6883,
	15.7168 28.6791,
	15.7272 28.6605,
	15.7307 28.6513,
	15.7341 28.6466,
	15.7365 28.6373,
	15.7388 28.6327,
	15.7399 28.6142,
	15.7388 28.5956,
	15.7411 28.5771,
	15.7423 28.5678,
	15.7457 28.5585,
	15.7457 28.5562,
	15.748 28.5539,
	15.7504 28.5446,
	15.7527 28.5423,
	15.7643 28.5052,
	15.7724 28.4867,
	15.7747 28.4844,
	15.7828 28.467,
	15.7898 28.4577,
	15.7944 28.4496,
	15.8106 28.4311,
	15.8268 28.4149,
	15.8454 28.401,
	15.8547 28.394,
	15.8697 28.3766,
	15.8767 28.3697,
	15.8778 28.3673,
	15.9149 28.3789,
	15.9196 28.3813,
	15.9219 28.3836,
	15.9265 28.3847,
	15.9358 28.3905,
	15.9381 28.3928,
	15.9404 28.3928,
	15.9589 28.4079,
	15.9671 28.4172,
	15.9729 28.4264,
	15.9729 28.4288,
	15.9752 28.4311,
	15.9786 28.4404,
	15.9786 28.4427,
	15.9949 28.4554,
	16.0134 28.4635,
	16.0227 28.4693,
	16.0296 28.4786,
	16.0389 28.4971,
	16.0389 28.4994,
	16.0412 28.5018,
	16.0424 28.5064,
	16.0574 28.5249,
	16.0644 28.5342,
	16.069 28.5365,
	16.0771 28.5458,
	16.0957 28.5597,
	16.1142 28.5701,
	16.1165 28.5725,
	16.1258 28.5759,
	16.1339 28.584,
	16.1362 28.5864,
	16.1374 28.5956,
	16.1362 28.6142,
	16.1386 28.6513,
	16.142 28.6698,
	16.1432 28.7069,
	16.1444 28.7161,
	16.1571 28.7532,
	16.1606 28.7625,
	16.1629 28.781,
	16.1629 28.7903,
	16.1606 28.7996,
	16.1594 28.8042,
	16.1571 28.8065,
	16.1571 28.8112,
	16.1525 28.8204,
	16.1513 28.8251,
	16.149 28.8274,
	16.1409 28.8459,
	16.1177 28.883,
	16.1131 28.8923,
	16.1003 28.9108,
	16.0934 28.9189,
	16.0841 28.927,
	16.0818 28.9317,
	16.0656 28.9479,
	16.0586 28.9549,
	16.0435 28.9722,
	16.0262 28.9861,
	16.0215 28.9896,
	16.003 28.9966,
	15.9983 28.9977,
	15.9891 29.0035,
	15.9705 29.0093,
	15.9613 29.0128,
	15.9566 29.0151,
	15.9543 29.0151,
	15.952 29.0174,
	15.9335 29.0221,
	15.9149 29.0221,
	15.8408 29.0105,
	15.8315 29.0082,
	15.8129 29,
	15.8083 28.9966,
	15.8037 28.9873,
	15.7932 28.9502,
	15.7851 28.9317,
	15.7793 28.9224,
	15.7747 28.9178,
	15.7573 28.9062,
	15.7202 28.8946,
	15.7156 28.8934,
	15.7063 28.8876,
	15.7052 28.8784,
	15.7052 28.8737,
	15.7052 28.8714,
	"/>
</Transform>

<Transform dim="0"
 xcoef=" 0 1 0 0 0 0"
 ycoef=" 0 0 1 0 0 0">
<Contour name="d20ax26" comment="dch_traced_05.2017" hidden="false" closed="true" simplified="true" border="0 1 0" fill="0 1 0" mode="11"
 points="14.6053 31.46,
	14.6159 31.4358,
	14.6189 31.4237,
	14.6264 31.4132,
	14.6295 31.4071,
	14.6355 31.4011,
	14.6415 31.389,
	14.6431 31.3769,
	14.6415 31.3527,
	14.6431 31.3286,
	14.6431 31.3165,
	14.6461 31.3044,
	14.6567 31.2802,
	14.6702 31.256,
	14.6808 31.244,
	14.6914 31.2349,
	14.7035 31.2304,
	14.7156 31.2289,
	14.7277 31.2243,
	14.7397 31.2228,
	14.7639 31.2077,
	14.8017 31.1624,
	14.8077 31.1563,
	14.8153 31.1443,
	14.8364 31.1216,
	14.853 31.1004,
	14.8591 31.0944,
	14.8621 31.0884,
	14.8681 31.0823,
	14.8712 31.0763,
	14.8953 31.0551,
	14.9074 31.0445,
	15.0041 30.9917,
	15.0147 30.9826,
	15.0177 30.9781,
	15.0283 30.969,
	15.0479 30.9464,
	15.06 30.9388,
	15.0721 30.9343,
	15.0751 30.9312,
	15.0781 30.9312,
	15.0842 30.9267,
	15.0872 30.9267,
	15.0993 30.9192,
	15.1235 30.9116,
	15.1355 30.9086,
	15.1597 30.9071,
	15.2081 30.9177,
	15.2201 30.9207,
	15.2398 30.9418,
	15.2458 30.9539,
	15.267 31.0506,
	15.2791 31.0989,
	15.2836 31.1473,
	15.2806 31.1956,
	15.276 31.2198,
	15.2624 31.2681,
	15.2609 31.2802,
	15.2428 31.3286,
	15.2413 31.3346,
	15.2247 31.3588,
	15.2156 31.3709,
	15.202 31.395,
	15.1929 31.4071,
	15.1658 31.4539,
	15.131 31.5008,
	15.1295 31.5068,
	15.1219 31.5189,
	15.1189 31.5249,
	15.1189 31.528,
	15.1159 31.531,
	15.1008 31.5793,
	15.0932 31.6035,
	15.0887 31.6156,
	15.0857 31.6186,
	15.0812 31.6307,
	15.0479 31.679,
	15.0268 31.7032,
	15.0026 31.7198,
	14.9784 31.7304,
	14.9663 31.7334,
	14.9603 31.7364,
	14.9543 31.7364,
	14.9422 31.7425,
	14.918 31.7485,
	14.8213 31.7531,
	14.7971 31.7515,
	14.7851 31.75,
	14.773 31.7455,
	14.7609 31.738,
	14.7428 31.7198,
	14.7352 31.7093,
	14.7261 31.6851,
	14.7141 31.6367,
	14.711 31.6247,
	14.7005 31.6005,
	14.6959 31.5884,
	14.6808 31.5642,
	14.6612 31.5431,
	14.6582 31.537,
	14.6461 31.5249,
	14.637 31.5159,
	14.634 31.5129,
	14.631 31.5129,
	14.6204 31.5038,
	14.6144 31.4978,
	14.6083 31.4857,
	14.6053 31.4826,
	14.6053 31.4706,
	14.6053 31.4645,
	14.6053 31.4615,
	"/>
</Transform>

<Transform dim="0"
 xcoef=" 0 1 0 0 0 0"
 ycoef=" 0 0 1 0 0 0">
<Contour name="d09ax21" comment="ddh_traced_02.2017_dch_curated_05.2017" hidden="false" closed="true" simplified="true" border="1 0 0.501961" fill="0 1 0" mode="11"
 points="15.3743 26.5949,
	15.377 26.5805,
	15.3797 26.5732,
	15.3815 26.5696,
	15.3815 26.5678,
	15.386 26.5606,
	15.3924 26.5533,
	15.3942 26.5515,
	15.3942 26.5497,
	15.3996 26.5434,
	15.4005 26.5398,
	15.405 26.5325,
	15.4086 26.5289,
	15.4086 26.5271,
	15.4195 26.5144,
	15.443 26.4864,
	15.4557 26.4764,
	15.462 26.4719,
	15.4683 26.4656,
	15.4747 26.4611,
	15.4774 26.4574,
	15.4792 26.4574,
	15.4928 26.4457,
	15.5072 26.4357,
	15.5145 26.4312,
	15.5289 26.4258,
	15.5362 26.4231,
	15.5651 26.4176,
	15.5941 26.4149,
	15.6013 26.4149,
	15.6158 26.4186,
	15.6447 26.4285,
	15.6583 26.4385,
	15.6619 26.4403,
	15.6682 26.4475,
	15.6719 26.4493,
	15.6791 26.4565,
	15.689 26.471,
	15.6908 26.4746,
	15.6927 26.4764,
	15.6972 26.4909,
	15.6999 26.4981,
	15.7008 26.5126,
	15.7008 26.5199,
	15.6936 26.5488,
	15.6836 26.5624,
	15.6764 26.5687,
	15.6628 26.5768,
	15.6483 26.5814,
	15.6339 26.5805,
	15.6266 26.5777,
	15.6194 26.5768,
	15.5904 26.5678,
	15.576 26.5642,
	15.5687 26.5624,
	15.5543 26.5633,
	15.547 26.566,
	15.5398 26.5669,
	15.5253 26.5732,
	15.5181 26.5768,
	15.5045 26.5895,
	15.4756 26.6121,
	15.4611 26.6203,
	15.4322 26.632,
	15.4249 26.6329,
	15.4213 26.6347,
	15.4177 26.6347,
	15.4141 26.6365,
	15.3996 26.6384,
	15.3924 26.6365,
	15.3887 26.6356,
	15.3851 26.632,
	15.3806 26.6248,
	15.3752 26.6103,
	15.3743 26.5958,
	"/>
</Transform>

<Transform dim="0"
 xcoef=" 0 1 0 0 0 0"
 ycoef=" 0 0 1 0 0 0">
<Contour name="d09ax22" comment="ddh_traced_02.2017_dch_curated_05.2017" hidden="false" closed="true" simplified="true" border="0.501961 1 1" fill="0 1 0" mode="11"
 points="13.1289 28.6136,
	13.136 28.5911,
	13.1473 28.5685,
	13.1628 28.546,
	13.1839 28.5009,
	13.1938 28.4783,
	13.1966 28.4727,
	13.2079 28.4656,
	13.2192 28.4628,
	13.2417 28.4628,
	13.253 28.4628,
	13.2755 28.4698,
	13.2868 28.4769,
	13.2981 28.4868,
	13.3432 28.515,
	13.3545 28.5192,
	13.3771 28.522,
	13.3883 28.5262,
	13.394 28.5262,
	13.4038 28.5333,
	13.4095 28.5361,
	13.4546 28.5347,
	13.4997 28.5305,
	13.5448 28.5206,
	13.5674 28.5136,
	13.5899 28.5093,
	13.6125 28.4995,
	13.6576 28.4698,
	13.7027 28.4459,
	13.7253 28.4332,
	13.7365 28.4261,
	13.7422 28.4219,
	13.745 28.4177,
	13.7577 28.4106,
	13.7633 28.4092,
	13.7986 28.3683,
	13.807 28.3571,
	13.8113 28.3458,
	13.8113 28.3401,
	13.8113 28.3387,
	13.8169 28.3317,
	13.8225 28.3289,
	13.8606 28.2852,
	13.8803 28.2626,
	13.893 28.2401,
	13.893 28.2344,
	13.8973 28.2231,
	13.9269 28.1794,
	13.9325 28.1766,
	13.9551 28.1879,
	13.9607 28.1935,
	13.972 28.1992,
	13.9945 28.2203,
	14.0199 28.2654,
	14.0326 28.288,
	14.0368 28.3105,
	14.034 28.3331,
	14.034 28.3387,
	14.0241 28.3613,
	14.0185 28.3726,
	14.0157 28.3839,
	14.01 28.3951,
	13.9988 28.4402,
	13.9974 28.4854,
	13.9988 28.5079,
	14.003 28.5305,
	14.0171 28.5756,
	14.0241 28.5981,
	14.0255 28.6207,
	14.0241 28.6433,
	14.0185 28.6658,
	14.0171 28.6771,
	14.0213 28.6884,
	14.0284 28.6996,
	14.0354 28.7222,
	14.0382 28.7448,
	14.0439 28.7673,
	14.0425 28.7786,
	14.0439 28.7899,
	14.058 28.835,
	14.0664 28.8801,
	14.0707 28.9026,
	14.0721 28.9139,
	14.0678 28.9365,
	14.0608 28.9478,
	14.0185 28.9929,
	13.9734 29.0309,
	13.9353 29.0761,
	13.8874 29.1663,
	13.8719 29.1888,
	13.8521 29.2114,
	13.807 29.2565,
	13.7661 29.3016,
	13.7224 29.3369,
	13.6999 29.351,
	13.6886 29.3566,
	13.6661 29.3608,
	13.6209 29.3608,
	13.5307 29.351,
	13.4856 29.3453,
	13.4743 29.3439,
	13.4518 29.3354,
	13.4405 29.3312,
	13.4179 29.327,
	13.3728 29.3087,
	13.3503 29.2974,
	13.3052 29.2805,
	13.26 29.2593,
	13.2488 29.2537,
	13.2403 29.2424,
	13.229 29.2198,
	13.2234 29.2086,
	13.222 29.186,
	13.2318 29.1635,
	13.2445 29.1409,
	13.253 29.1296,
	13.2629 29.1071,
	13.277 29.062,
	13.2812 29.0507,
	13.2882 29.0056,
	13.2868 28.9943,
	13.2882 28.9717,
	13.284 28.9492,
	13.2854 28.9379,
	13.2798 28.8928,
	13.2727 28.8702,
	13.253 28.8251,
	13.2417 28.8026,
	13.2389 28.7969,
	13.2333 28.7941,
	13.2262 28.7828,
	13.2036 28.7603,
	13.1924 28.7504,
	13.1811 28.7433,
	13.1698 28.7321,
	13.1543 28.7095,
	13.1458 28.6982,
	13.136 28.6757,
	13.1332 28.6531,
	13.1303 28.6418,
	13.1289 28.6193,
	13.1289 28.6151,
	"/>
</Transform>

<Transform dim="0"
 xcoef=" 0 1 0 0 0 0"
 ycoef=" 0 0 1 0 0 0">
<Contour name="d09ax23" comment="ddh_traced_02.2017_dch_curated_05.2017" hidden="false" closed="true" simplified="true" border="1 0.501961 0.501961" fill="0 1 0" mode="11"
 points="13.3015 30.4512,
	13.3042 30.4293,
	13.3083 30.4183,
	13.3111 30.4128,
	13.333 30.3991,
	13.355 30.3895,
	13.3605 30.3881,
	13.3632 30.3881,
	13.3824 30.373,
	13.3866 30.3675,
	13.3921 30.3648,
	13.3975 30.3593,
	13.4085 30.3538,
	13.4264 30.3359,
	13.436 30.325,
	13.4387 30.3195,
	13.4442 30.314,
	13.4579 30.292,
	13.4936 30.2522,
	13.5101 30.2303,
	13.5238 30.2097,
	13.5595 30.1699,
	13.5815 30.1548,
	13.6226 30.1301,
	13.6432 30.1205,
	13.6542 30.1163,
	13.6652 30.1095,
	13.6871 30.0999,
	13.6981 30.0958,
	13.7091 30.0889,
	13.7146 30.0875,
	13.7159 30.0848,
	13.7599 30.0683,
	13.8038 30.0587,
	13.8257 30.056,
	13.8367 30.0518,
	13.8477 30.0505,
	13.8532 30.0477,
	13.8751 30.045,
	13.8861 30.0422,
	13.8916 30.0395,
	13.9355 30.0326,
	13.9465 30.0299,
	13.9575 30.0299,
	13.963 30.0313,
	13.9849 30.0299,
	13.9959 30.0299,
	14.0069 30.0326,
	14.0179 30.0381,
	14.0206 30.0409,
	14.0234 30.0409,
	14.0453 30.056,
	14.0563 30.0642,
	14.0645 30.0752,
	14.0741 30.0971,
	14.081 30.141,
	14.081 30.152,
	14.0851 30.174,
	14.0851 30.1959,
	14.0851 30.2069,
	14.0892 30.2289,
	14.0892 30.2399,
	14.0934 30.2618,
	14.0934 30.3057,
	14.0934 30.3167,
	14.0906 30.3277,
	14.0879 30.3332,
	14.0879 30.3387,
	14.0838 30.3497,
	14.07 30.3716,
	14.0645 30.3826,
	14.0549 30.3936,
	14.0494 30.3977,
	14.0467 30.4032,
	14.0247 30.421,
	13.9808 30.4444,
	13.9369 30.4581,
	13.9149 30.4649,
	13.904 30.4691,
	13.882 30.4814,
	13.871 30.4883,
	13.8491 30.4979,
	13.8052 30.513,
	13.7612 30.5185,
	13.7393 30.5185,
	13.7338 30.5198,
	13.7283 30.5185,
	13.7173 30.5212,
	13.6954 30.5212,
	13.6734 30.524,
	13.6624 30.5267,
	13.6569 30.5294,
	13.6542 30.5294,
	13.6487 30.5336,
	13.6432 30.5349,
	13.6213 30.5487,
	13.6103 30.5555,
	13.5787 30.5981,
	13.5718 30.609,
	13.5513 30.6296,
	13.5403 30.6351,
	13.5183 30.6406,
	13.5073 30.6447,
	13.4634 30.6434,
	13.4415 30.6392,
	13.4195 30.6324,
	13.4085 30.6283,
	13.403 30.6269,
	13.3811 30.6118,
	13.3715 30.6049,
	13.3632 30.5939,
	13.3577 30.5885,
	13.3509 30.5775,
	13.3468 30.5665,
	13.3399 30.5555,
	13.3385 30.55,
	13.3317 30.539,
	13.3276 30.5336,
	13.3262 30.5281,
	13.3138 30.5061,
	13.3083 30.4951,
	13.3042 30.4732,
	13.3015 30.4622,
	13.3015 30.4526,
	"/>
</Transform>

<Transform dim="0"
 xcoef=" 0 1 0 0 0 0"
 ycoef=" 0 0 1 0 0 0">
<Contour name="d09ax24" comment="ddh_traced_2017.02" hidden="false" closed="true" simplified="true" border="1 1 0" fill="0 1 0" mode="11"
 points="13.6961 29.48,
	13.7007 29.4616,
	13.703 29.4524,
	13.7041 29.4479,
	13.7076 29.4433,
	13.7133 29.4249,
	13.7214 29.4065,
	13.7225 29.4019,
	13.7478 29.3652,
	13.7627 29.3479,
	13.7673 29.3456,
	13.7845 29.3273,
	13.7937 29.3181,
	13.8236 29.2813,
	13.8293 29.2721,
	13.8316 29.2676,
	13.8408 29.2584,
	13.8615 29.2216,
	13.889 29.1849,
	13.8948 29.1757,
	13.9235 29.1389,
	13.9384 29.1206,
	13.951 29.1022,
	13.9568 29.093,
	13.9717 29.0746,
	14.0085 29.0425,
	14.0751 28.969,
	14.0797 28.9644,
	14.0889 28.9586,
	14.09 28.9563,
	14.0923 28.9563,
	14.1003 28.9483,
	14.1026 28.946,
	14.1049 28.946,
	14.1141 28.938,
	14.1509 28.9207,
	14.1692 28.915,
	14.1784 28.9115,
	14.2152 28.9058,
	14.2244 28.9047,
	14.2611 28.9161,
	14.2634 28.915,
	14.268 28.9173,
	14.2772 28.9173,
	14.3139 28.9253,
	14.3874 28.9219,
	14.4058 28.9242,
	14.4242 28.9288,
	14.4334 28.9311,
	14.4701 28.9609,
	14.4885 28.9793,
	14.4942 28.9873,
	14.4977 28.9965,
	14.5011 29.0011,
	14.5103 29.0379,
	14.508 29.0746,
	14.4908 29.1481,
	14.4896 29.2216,
	14.4828 29.2951,
	14.4862 29.3686,
	14.4874 29.387,
	14.4839 29.4237,
	14.4782 29.4421,
	14.4747 29.4513,
	14.4483 29.4881,
	14.4242 29.5248,
	14.4047 29.5615,
	14.3817 29.5983,
	14.3714 29.6167,
	14.3633 29.6259,
	14.361 29.6305,
	14.3438 29.6488,
	14.3312 29.6672,
	14.3208 29.6856,
	14.3036 29.7223,
	14.2921 29.7407,
	14.2864 29.7499,
	14.2692 29.7683,
	14.1957 29.8176,
	14.1773 29.8291,
	14.1405 29.8326,
	14.1222 29.8303,
	14.113 29.8268,
	14.0762 29.8268,
	14.0578 29.8257,
	14.0211 29.8268,
	14.0027 29.8245,
	13.9843 29.8188,
	13.966 29.8108,
	13.9292 29.7901,
	13.9108 29.7798,
	13.9017 29.7763,
	13.8925 29.7694,
	13.8741 29.7591,
	13.8649 29.7545,
	13.8603 29.7522,
	13.858 29.7499,
	13.8534 29.7487,
	13.8167 29.7235,
	13.8075 29.7177,
	13.7891 29.7017,
	13.7535 29.6661,
	13.7489 29.6615,
	13.7432 29.6523,
	13.7351 29.6431,
	13.7168 29.6063,
	13.7099 29.588,
	13.7076 29.5788,
	13.7053 29.542,
	13.7064 29.5328,
	13.7041 29.5145,
	13.6984 29.4961,
	13.6961 29.4869,
	13.6961 29.4823,
	13.6961 29.4812,
	"/>
</Transform>

</Section>