<?xml version="1.0"?>
<!DOCTYPE Section SYSTEM "section.dtd">

<Section index="160" thickness="0.051" alignLocked="true">
<Transform dim="0"
 xcoef=" 0 1 0 0 0 0"
 ycoef=" 0 0 1 0 0 0">
<Image mag="0.00223" contrast="1.02661" brightness="-0.09" red="true" green="true" blue="true"
 src="158____z157.0.tif" />
<Contour name="domain1" hidden="false" closed="true" simplified="false" border="1 0 1" fill="1 0 1" mode="11"
 points="0 0,
	8752 0,
	8752 5074,
	0 5074,
	"/>
</Transform>

<Transform dim="0"
 xcoef=" 0 1 0 0 0 0"
 ycoef=" 0 0 1 0 0 0">
<Contour name="D68" hidden="false" closed="true" simplified="true" border="0 0.501961 0" fill="0 0.501961 0" mode="13"
 points="4.70949 5.11517,
	4.71594 5.08698,
	4.73465 5.06154,
	4.76381 5.04137,
	4.80054 5.02841,
	4.84126 5.02394,
	4.88198 5.02841,
	4.91871 5.04137,
	4.94787 5.06154,
	4.96658 5.08698,
	4.97303 5.11517,
	4.96658 5.14336,
	4.94787 5.16879,
	4.91871 5.18898,
	4.88198 5.20192,
	4.84126 5.2064,
	4.80054 5.20192,
	4.76381 5.18898,
	4.73465 5.16879,
	"/>
</Transform>

<Transform dim="0"
 xcoef=" 0 1 0 0 0 0"
 ycoef=" 0 0 1 0 0 0">
<Contour name="D32" hidden="false" closed="true" simplified="true" border="0.5 0 1" fill="0.5 0 1" mode="13"
 points="3.6477 5.61155,
	3.65257 5.5926,
	3.66674 5.57549,
	3.6888 5.56191,
	3.7166 5.5532,
	3.74741 5.55019,
	3.77823 5.5532,
	3.80603 5.56191,
	3.8281 5.57549,
	3.84225 5.5926,
	3.84714 5.61155,
	3.84225 5.63052,
	3.8281 5.64763,
	3.80603 5.66121,
	3.77823 5.66992,
	3.74741 5.67292,
	3.7166 5.66992,
	3.6888 5.66121,
	3.66674 5.64763,
	"/>
</Transform>

<Transform dim="0"
 xcoef=" 0 1 0 0 0 0"
 ycoef=" 0 0 1 0 0 0">
<Contour name="D09" hidden="false" closed="true" simplified="true" border="0 1 0" fill="0 1 0" mode="13"
 points="10.8546 4.84549,
	10.8601 4.8236,
	10.8759 4.80384,
	10.9005 4.78816,
	10.9316 4.77809,
	10.966 4.77462,
	11.0003 4.77809,
	11.0315 4.78816,
	11.0561 4.80384,
	11.0719 4.8236,
	11.0774 4.84549,
	11.0719 4.8674,
	11.0561 4.88715,
	11.0315 4.90284,
	11.0003 4.91291,
	10.966 4.91637,
	10.9316 4.91291,
	10.9005 4.90284,
	10.8759 4.88715,
	"/>
</Transform>

<Transform dim="0"
 xcoef=" 0 1 0 0 0 0"
 ycoef=" 0 0 1 0 0 0">
<Contour name="d32p35" hidden="false" closed="true" simplified="false" border="1 0 0" fill="1 0 0" mode="-13"
 points="3.69626 6.01349,
	3.7359 6.01349,
	3.71608 6.04982,
	"/>
</Transform>

<Transform dim="0"
 xcoef=" 0 1 0 0 0 0"
 ycoef=" 0 0 1 0 0 0">
<Contour name="d32c35" hidden="false" closed="true" simplified="true" border="0 0 1" fill="0 0 1" mode="11"
 points="3.69766 6.39234,
	3.70108 6.3845,
	3.70255 6.38303,
	3.70402 6.37961,
	3.70647 6.37618,
	3.70647 6.3752,
	3.71382 6.36884,
	3.72165 6.36639,
	3.75296 6.36492,
	3.81562 6.36639,
	3.84695 6.37129,
	3.85086 6.37178,
	3.85283 6.37276,
	3.85478 6.37276,
	3.8587 6.37422,
	3.86261 6.37471,
	3.86458 6.37569,
	3.8685 6.37618,
	3.87044 6.37717,
	3.87143 6.37717,
	3.87192 6.37814,
	3.88758 6.38352,
	3.88954 6.385,
	3.8915 6.38549,
	3.89541 6.38843,
	3.89737 6.38892,
	3.90471 6.39429,
	3.90815 6.39675,
	3.91548 6.40458,
	3.91842 6.40801,
	3.92724 6.42318,
	3.93261 6.43884,
	3.93359 6.44227,
	3.93408 6.4501,
	3.93408 6.45401,
	3.93163 6.46185,
	3.93067 6.46576,
	3.92576 6.47359,
	3.91891 6.48044,
	3.91744 6.48241,
	3.91548 6.48338,
	3.90815 6.49024,
	3.90471 6.49317,
	3.90276 6.49416,
	3.90129 6.49611,
	3.89737 6.49855,
	3.88954 6.50051,
	3.87387 6.50199,
	3.85821 6.50199,
	3.84254 6.49904,
	3.83471 6.49759,
	3.8308 6.49709,
	3.82884 6.49611,
	3.82688 6.49611,
	3.81122 6.49072,
	3.79556 6.48436,
	3.79213 6.48191,
	3.7843 6.4785,
	3.77646 6.47408,
	3.76863 6.47066,
	3.7608 6.46625,
	3.75836 6.46429,
	3.7564 6.4638,
	3.75542 6.46282,
	3.75345 6.46234,
	3.73828 6.45205,
	3.73094 6.44716,
	3.72751 6.44422,
	3.72508 6.44178,
	3.72409 6.44178,
	3.71773 6.43542,
	3.71087 6.42807,
	3.70842 6.42416,
	3.70647 6.4222,
	3.70207 6.41436,
	3.70108 6.41241,
	3.70108 6.41143,
	3.7001 6.41044,
	3.69961 6.4085,
	3.69961 6.40752,
	3.69863 6.40653,
	3.69766 6.3987,
	3.69766 6.39478,
	3.69766 6.39283,
	"/>
</Transform>

<Transform dim="0"
 xcoef=" 0 1 0 0 0 0"
 ycoef=" 0 0 1 0 0 0">
<Contour name="d32cfa35" hidden="false" closed="true" simplified="true" border="0 1 0" fill="0 0.502 1" mode="11"
 points="3.70219 6.38519,
	3.70588 6.38198,
	3.70773 6.38012,
	3.71464 6.37736,
	3.72202 6.3769,
	3.73676 6.37461,
	3.7515 6.37367,
	3.76624 6.37506,
	3.78099 6.37782,
	3.78836 6.3792,
	3.79204 6.3792,
	3.79942 6.38106,
	3.82891 6.38152,
	3.84366 6.38198,
	3.85103 6.38289,
	3.8584 6.38519,
	3.86024 6.38519,
	3.87498 6.39027,
	3.87683 6.39164,
	3.87866 6.3921,
	3.88603 6.39626,
	3.88973 6.3981,
	3.89157 6.39855,
	3.90585 6.40731,
	3.90954 6.411,
	3.9123 6.41468,
	3.91322 6.4156,
	3.91322 6.41652,
	3.91461 6.41837,
	3.91461 6.4193,
	3.91554 6.42022,
	3.92013 6.43496,
	3.92198 6.44233,
	3.92245 6.45707,
	3.92198 6.46076,
	3.91921 6.46813,
	3.91184 6.4709,
	3.90447 6.4709,
	3.8971 6.46997,
	3.89341 6.46905,
	3.89157 6.46859,
	3.88466 6.46399,
	3.8782 6.45707,
	3.87129 6.45109,
	3.87083 6.45016,
	3.86899 6.4497,
	3.86162 6.44509,
	3.85794 6.44325,
	3.85608 6.44279,
	3.84871 6.43865,
	3.84134 6.43542,
	3.83813 6.43404,
	3.83628 6.43312,
	3.83443 6.43312,
	3.82015 6.42713,
	3.81831 6.42713,
	3.80356 6.42068,
	3.79619 6.41837,
	3.79251 6.41698,
	3.79066 6.41698,
	3.78329 6.41422,
	3.77592 6.41285,
	3.77223 6.41239,
	3.77038 6.41146,
	3.76301 6.41054,
	3.74827 6.40639,
	3.73352 6.40086,
	3.72985 6.39901,
	3.72801 6.39855,
	3.72707 6.39764,
	3.71233 6.39164,
	3.70496 6.38889,
	3.70219 6.38658,
	3.70219 6.38565,
	"/>
</Transform>

<Transform dim="0"
 xcoef=" 0 1 0 0 0 0"
 ycoef=" 0 0 1 0 0 0">
<Contour name="d32sp35" hidden="false" closed="true" simplified="true" border="1 0 0" fill="1 0 0" mode="11"
 points="3.57953 6.05329,
	3.58392 6.05218,
	3.61903 6.05767,
	3.65413 6.06095,
	3.68923 6.06206,
	3.72433 6.05987,
	3.75944 6.05329,
	3.77699 6.05108,
	3.78577 6.04999,
	3.79016 6.04779,
	3.82526 6.0434,
	3.82636 6.0445,
	3.80991 6.06206,
	3.80661 6.06644,
	3.80222 6.06863,
	3.76821 6.10155,
	3.76273 6.11032,
	3.76054 6.1147,
	3.76054 6.1191,
	3.7726 6.13665,
	3.77919 6.14543,
	3.79674 6.15749,
	3.86694 6.18272,
	3.90205 6.19151,
	3.93716 6.20357,
	3.97226 6.2277,
	3.98104 6.23429,
	3.98981 6.24306,
	4.00407 6.26061,
	4.01285 6.27816,
	4.01943 6.29571,
	4.02382 6.3045,
	4.03479 6.3396,
	4.04247 6.3747,
	4.04575 6.40981,
	4.04575 6.41858,
	4.03917 6.45369,
	4.0282 6.48879,
	4.02382 6.49757,
	4.01614 6.50524,
	3.99858 6.51292,
	3.92838 6.51183,
	3.9196 6.50963,
	3.89657 6.47563,
	3.87902 6.45917,
	3.87024 6.4504,
	3.85268 6.44052,
	3.83513 6.43285,
	3.81758 6.42735,
	3.8088 6.42296,
	3.79125 6.41749,
	3.78248 6.4131,
	3.76493 6.40981,
	3.76054 6.40762,
	3.75615 6.40762,
	3.7386 6.40104,
	3.73421 6.40104,
	3.6991 6.38678,
	3.68155 6.37909,
	3.67278 6.37251,
	3.66839 6.37031,
	3.65961 6.36154,
	3.64864 6.34399,
	3.64645 6.33521,
	3.64864 6.31766,
	3.64864 6.30889,
	3.65083 6.30011,
	3.65194 6.29571,
	3.6651 6.27816,
	3.68594 6.24306,
	3.69581 6.22551,
	3.71337 6.21124,
	3.71665 6.20685,
	3.71665 6.20466,
	3.71994 6.20028,
	3.72214 6.19151,
	3.72323 6.18712,
	3.72983 6.17944,
	3.71775 6.16188,
	3.70239 6.14433,
	3.68484 6.12678,
	3.64974 6.09825,
	3.64755 6.09606,
	3.64316 6.09497,
	3.63437 6.08729,
	3.6256 6.08399,
	3.5905 6.06206,
	3.58172 6.05548,
	3.57953 6.05437,
	"/>
</Transform>

<Transform dim="0"
 xcoef=" 0 1 0 0 0 0"
 ycoef=" 0 0 1 0 0 0">
<Contour name="d32" hidden="false" closed="true" simplified="true" border="1 0 0" fill="1 0 0" mode="11"
 points="3.08969 5.42237,
	3.09456 5.4094,
	3.09617 5.39644,
	3.10753 5.37049,
	3.11887 5.35753,
	3.13184 5.35104,
	3.15779 5.34294,
	3.16913 5.32997,
	3.18533 5.30403,
	3.22424 5.25216,
	3.23235 5.23919,
	3.25828 5.22136,
	3.27126 5.21163,
	3.29719 5.19867,
	3.34906 5.18245,
	3.36203 5.17921,
	3.36851 5.17759,
	3.39445 5.15489,
	3.40741 5.14517,
	3.4139 5.13868,
	3.46578 5.10789,
	3.47226 5.10627,
	3.47712 5.1014,
	3.529 5.08682,
	3.53548 5.08357,
	3.58735 5.07708,
	3.59385 5.07385,
	3.60681 5.07223,
	3.65867 5.0544,
	3.68462 5.04953,
	3.71055 5.05115,
	3.72352 5.05601,
	3.74946 5.07223,
	3.76243 5.07708,
	3.76891 5.08194,
	3.82078 5.09654,
	3.84672 5.10465,
	3.85969 5.11274,
	3.88238 5.13868,
	3.89211 5.15165,
	3.89697 5.16462,
	3.90508 5.17759,
	3.90994 5.19055,
	3.9148 5.19704,
	3.91966 5.21001,
	3.91966 5.2165,
	3.92453 5.22298,
	3.93101 5.24892,
	3.93425 5.27485,
	3.9294 5.30079,
	3.92129 5.32673,
	3.92453 5.35266,
	3.92777 5.36563,
	3.93588 5.3786,
	3.98613 5.43047,
	3.99748 5.44344,
	4.02341 5.46127,
	4.07529 5.50179,
	4.12716 5.54557,
	4.15309 5.56664,
	4.17903 5.59095,
	4.192 5.60392,
	4.21308 5.62986,
	4.23901 5.64769,
	4.26495 5.67363,
	4.31681 5.71415,
	4.32817 5.72712,
	4.33627 5.74009,
	4.34924 5.75305,
	4.36221 5.77737,
	4.36707 5.80331,
	4.36869 5.85518,
	4.36869 5.86167,
	4.34762 5.91354,
	4.31358 5.96542,
	4.28764 5.98648,
	4.2617 6.00108,
	4.24874 6.00756,
	4.24225 6.01079,
	4.13851 6.01567,
	4.08664 6.01567,
	4.03476 6.02215,
	3.98289 6.02377,
	3.96991 6.02539,
	3.96343 6.02539,
	3.95046 6.03025,
	3.89859 6.04161,
	3.87266 6.04646,
	3.82078 6.06106,
	3.79485 6.06916,
	3.78188 6.07402,
	3.73 6.08212,
	3.70407 6.08538,
	3.65219 6.08212,
	3.63922 6.08212,
	3.58735 6.06429,
	3.53548 6.03836,
	3.50954 6.02539,
	3.45767 5.98811,
	3.40579 5.96865,
	3.37987 5.95894,
	3.3669 5.95406,
	3.35392 5.94597,
	3.32799 5.93623,
	3.31502 5.92975,
	3.30206 5.92651,
	3.29557 5.92489,
	3.28909 5.92002,
	3.27611 5.91516,
	3.26314 5.90706,
	3.25666 5.90057,
	3.25343 5.87464,
	3.25504 5.8487,
	3.2599 5.82276,
	3.26801 5.79683,
	3.26801 5.77088,
	3.26477 5.75792,
	3.24856 5.73199,
	3.23559 5.72063,
	3.22911 5.71739,
	3.22262 5.71091,
	3.17075 5.68822,
	3.15779 5.68172,
	3.14482 5.67201,
	3.12699 5.64607,
	3.11887 5.62013,
	3.11239 5.60716,
	3.10104 5.55528,
	3.09456 5.50343,
	3.09132 5.49045,
	3.08969 5.43858,
	3.08969 5.42561,
	3.08969 5.42398,
	"/>
</Transform>

<Transform dim="0"
 xcoef=" 0 1 0 0 0 0"
 ycoef=" 0 0 1 0 0 0">
<Contour name="d32sp38" hidden="false" closed="true" simplified="true" border="1 0 0" fill="1 0 0" mode="11"
 points="3.00288 7.28303,
	3.00646 7.27587,
	3.01182 7.26874,
	3.0136 7.26605,
	3.02701 7.25265,
	3.03414 7.2464,
	3.03593 7.2464,
	3.04843 7.23658,
	3.05559 7.233,
	3.06988 7.22317,
	3.07701 7.21961,
	3.1056 7.21246,
	3.11989 7.20709,
	3.12704 7.20353,
	3.13418 7.19728,
	3.13775 7.19548,
	3.16276 7.1669,
	3.17438 7.15262,
	3.19313 7.12581,
	3.19402 7.12225,
	3.19671 7.11868,
	3.20117 7.10439,
	3.20831 7.0901,
	3.211 7.08742,
	3.21368 7.08026,
	3.21814 7.07313,
	3.22261 7.05884,
	3.22438 7.05168,
	3.22438 7.04811,
	3.22618 7.04454,
	3.22618 7.03025,
	3.22082 7.01596,
	3.21814 7.01239,
	3.21814 7.01059,
	3.21368 7.00346,
	3.211 6.9963,
	3.211 6.99452,
	3.2092 6.99274,
	3.19939 6.96415,
	3.19134 6.93557,
	3.18867 6.92128,
	3.1842 6.90699,
	3.18152 6.89985,
	3.17705 6.89449,
	3.16992 6.88913,
	3.16633 6.88645,
	3.15919 6.88376,
	3.14579 6.87484,
	3.13865 6.87127,
	3.13507 6.86768,
	3.12168 6.85787,
	3.10739 6.84626,
	3.09577 6.83464,
	3.08953 6.82751,
	3.08148 6.81411,
	3.07613 6.80695,
	3.07434 6.80338,
	3.07077 6.79981,
	3.06898 6.79624,
	3.06183 6.78909,
	3.05559 6.78372,
	3.05201 6.78194,
	3.04843 6.77837,
	3.0413 6.77391,
	3.02701 6.76141,
	3.02253 6.75605,
	3.01628 6.7489,
	3.01182 6.74176,
	3.01003 6.72747,
	3.01003 6.71318,
	3.01092 6.7096,
	3.01717 6.70245,
	3.02343 6.69709,
	3.03772 6.69263,
	3.05201 6.69084,
	3.10917 6.69084,
	3.11632 6.69173,
	3.12257 6.6962,
	3.12972 6.70245,
	3.1315 6.70245,
	3.13507 6.70513,
	3.14936 6.7096,
	3.17794 6.71049,
	3.19223 6.71049,
	3.19939 6.71138,
	3.20296 6.71407,
	3.20742 6.72031,
	3.2092 6.72389,
	3.21636 6.73015,
	3.23065 6.73282,
	3.23779 6.73371,
	3.24494 6.73639,
	3.24672 6.73639,
	3.24851 6.73817,
	3.2628 6.74176,
	3.26995 6.74354,
	3.27174 6.74533,
	3.27352 6.74533,
	3.28514 6.75962,
	3.29227 6.76586,
	3.29584 6.76765,
	3.29943 6.77123,
	3.30567 6.7757,
	3.31997 6.7882,
	3.3289 6.80249,
	3.33158 6.80963,
	3.33426 6.81322,
	3.3414 6.84179,
	3.34676 6.87037,
	3.34944 6.88466,
	3.35391 6.89895,
	3.3548 6.90253,
	3.35658 6.90431,
	3.35837 6.91146,
	3.35926 6.91503,
	3.36194 6.9186,
	3.36194 6.92039,
	3.38607 6.94807,
	3.39768 6.96147,
	3.40036 6.96862,
	3.40036 6.97577,
	3.40214 6.97933,
	3.40481 7.00792,
	3.4066 7.02221,
	3.41286 7.05079,
	3.41465 7.05795,
	3.41465 7.07224,
	3.41375 7.07937,
	3.41375 7.08294,
	3.41107 7.0901,
	3.41018 7.09366,
	3.41018 7.09545,
	3.40838 7.09723,
	3.40214 7.11152,
	3.39231 7.12404,
	3.3798 7.13743,
	3.35212 7.16065,
	3.33783 7.17405,
	3.32353 7.18567,
	3.31818 7.19191,
	3.30478 7.20532,
	3.29853 7.21157,
	3.29227 7.22586,
	3.28871 7.233,
	3.28871 7.23479,
	3.27887 7.24908,
	3.26726 7.26248,
	3.24047 7.28838,
	3.21189 7.30178,
	3.20475 7.30445,
	3.19134 7.31339,
	3.17705 7.3259,
	3.16992 7.33126,
	3.15563 7.33394,
	3.14847 7.33394,
	3.13418 7.33661,
	3.13061 7.3375,
	3.12882 7.33928,
	3.11453 7.34376,
	3.10739 7.34555,
	3.1056 7.34733,
	3.10203 7.34733,
	3.08774 7.3518,
	3.08058 7.35448,
	3.0663 7.35537,
	3.05916 7.35626,
	3.05201 7.35448,
	3.04486 7.3509,
	3.0413 7.35001,
	3.02701 7.34019,
	3.01539 7.32679,
	3.00735 7.3125,
	3.00288 7.29821,
	3.00288 7.28392,
	"/>
</Transform>

<Transform dim="0"
 xcoef=" 0 1 0 0 0 0"
 ycoef=" 0 0 1 0 0 0">
<Contour name="d32cfa38" hidden="false" closed="false" simplified="false" border="0 1 0" fill="0 0.502 1" mode="11"
 points="3.20529 6.94932,
	3.22494 6.99933,
	3.23388 7.02256,
	3.23656 7.04043,
	3.23388 7.06098,
	3.22494 7.08419,
	3.21512 7.10653,
	"/>
</Transform>

<Transform dim="0"
 xcoef=" 0 1 0 0 0 0"
 ycoef=" 0 0 1 0 0 0">
<Contour name="d32c38" hidden="false" closed="true" simplified="true" border="0 0 1" fill="0 0 1" mode="11"
 points="3.17956 7.07545,
	3.18137 7.0706,
	3.18441 7.06576,
	3.18805 7.05604,
	3.18926 7.05362,
	3.19047 7.04391,
	3.18926 7.03421,
	3.18441 7.0148,
	3.18381 7.00995,
	3.18199 7.0051,
	3.18078 6.99538,
	3.18016 6.97598,
	3.18078 6.96627,
	3.18078 6.96385,
	3.18319 6.95899,
	3.18441 6.95658,
	3.18441 6.95537,
	3.19229 6.94626,
	3.19473 6.94505,
	3.19594 6.94383,
	3.20564 6.94201,
	3.21048 6.94201,
	3.2202 6.94505,
	3.22505 6.94808,
	3.2299 6.95233,
	3.23233 6.95475,
	3.23475 6.95961,
	3.239 6.96446,
	3.24446 6.97416,
	3.24871 6.98387,
	3.25175 6.98872,
	3.25538 6.99842,
	3.25538 6.99964,
	3.25659 7.00085,
	3.25901 7.01056,
	3.26023 7.0148,
	3.25659 7.03421,
	3.25659 7.05362,
	3.25659 7.06332,
	3.25478 7.07304,
	3.25175 7.08274,
	3.24628 7.09243,
	3.23961 7.10153,
	3.2299 7.107,
	3.22505 7.10821,
	3.21535 7.10882,
	3.20564 7.1076,
	3.20079 7.107,
	3.19594 7.10456,
	3.19473 7.10336,
	3.19229 7.10275,
	3.18381 7.09487,
	3.18199 7.09243,
	3.18016 7.08758,
	3.17956 7.07789,
	3.17956 7.07607,
	"/>
</Transform>

<Transform dim="0"
 xcoef=" 0 1 0 0 0 0"
 ycoef=" 0 0 1 0 0 0">
<Contour name="D50" hidden="false" closed="true" simplified="true" border="0 1 1" fill="0 1 1" mode="-15"
 points="15.653 3.40972,
	15.657 3.39093,
	15.6686 3.37398,
	15.6864 3.36053,
	15.709 3.35189,
	15.7341 3.34891,
	15.7591 3.35189,
	15.7817 3.36053,
	15.7997 3.37398,
	15.8112 3.39093,
	15.8151 3.40972,
	15.8112 3.42853,
	15.7997 3.44548,
	15.7817 3.45893,
	15.7591 3.46757,
	15.7341 3.47054,
	15.709 3.46757,
	15.6864 3.45893,
	15.6686 3.44548,
	"/>
</Transform>

<Transform dim="0"
 xcoef=" 0 1 0 0 0 0"
 ycoef=" 0 0 1 0 0 0">
<Contour name="d50sp12" hidden="false" closed="true" simplified="true" border="1 0 0" fill="1 0 0" mode="-11"
 points="15.2062 2.29089,
	15.2074 2.28856,
	15.2074 2.28741,
	15.2084 2.28681,
	15.2097 2.28217,
	15.212 2.27985,
	15.2207 2.27579,
	15.2253 2.27405,
	15.2439 2.27346,
	15.2445 2.27462,
	15.2492 2.27579,
	15.2514 2.27694,
	15.2538 2.27694,
	15.2631 2.27985,
	15.2678 2.28159,
	15.2862 2.28566,
	15.2909 2.28681,
	15.2922 2.28799,
	15.2945 2.28799,
	15.2991 2.2903,
	15.3014 2.29089,
	15.3026 2.29204,
	15.3049 2.29263,
	15.3061 2.29263,
	15.3148 2.2996,
	15.3189 2.3025,
	15.3217 2.30598,
	15.327 2.31528,
	15.3298 2.31877,
	15.3328 2.32342,
	15.3409 2.33038,
	15.3432 2.33271,
	15.3478 2.33503,
	15.3497 2.33677,
	15.3508 2.33677,
	15.3519 2.33794,
	15.3531 2.33794,
	15.3543 2.3391,
	15.3589 2.34026,
	15.36 2.34142,
	15.3693 2.34432,
	15.3739 2.34549,
	15.3752 2.34665,
	15.3932 2.35362,
	15.4025 2.35711,
	15.4072 2.35885,
	15.4095 2.36001,
	15.4106 2.36117,
	15.4153 2.36291,
	15.424 2.36872,
	15.4333 2.37743,
	15.4403 2.38672,
	15.4403 2.38789,
	15.4467 2.39661,
	15.4467 2.39776,
	15.4525 2.40648,
	15.4536 2.4088,
	15.4548 2.40937,
	15.4548 2.41055,
	15.4558 2.41171,
	15.4558 2.41286,
	15.4571 2.41403,
	15.4571 2.41519,
	15.4583 2.41577,
	15.4658 2.43436,
	15.467 2.43668,
	15.467 2.43784,
	15.4681 2.43842,
	15.471 2.44772,
	15.471 2.44887,
	15.4722 2.45004,
	15.4733 2.45469,
	15.4745 2.45585,
	15.4798 2.47385,
	15.4815 2.48316,
	15.4815 2.48779,
	15.4803 2.49013,
	15.4803 2.49244,
	15.4792 2.49476,
	15.4792 2.49709,
	15.4774 2.50174,
	15.4769 2.50406,
	15.4757 2.50523,
	15.4739 2.50986,
	15.4681 2.51917,
	15.4658 2.52381,
	15.4646 2.52439,
	15.4646 2.52555,
	15.4605 2.52962,
	15.4583 2.53193,
	15.4536 2.53485,
	15.449 2.53659,
	15.4467 2.53775,
	15.4374 2.53833,
	15.4327 2.53833,
	15.4281 2.53949,
	15.4188 2.53949,
	15.4141 2.53949,
	15.4048 2.53775,
	15.4002 2.53775,
	15.3908 2.53601,
	15.3816 2.5331,
	15.377 2.53193,
	15.3746 2.53078,
	15.3734 2.53078,
	15.3723 2.52962,
	15.3677 2.52845,
	15.3584 2.52439,
	15.3572 2.52439,
	15.3559 2.52322,
	15.3549 2.52322,
	15.3537 2.52207,
	15.3491 2.52032,
	15.3444 2.51742,
	15.3432 2.51742,
	15.3427 2.51625,
	15.3345 2.5122,
	15.3257 2.50523,
	15.3211 2.50115,
	15.313 2.49535,
	15.3124 2.49418,
	15.3102 2.49418,
	15.3078 2.49302,
	15.3067 2.49302,
	15.3055 2.49187,
	15.3009 2.49013,
	15.2922 2.48431,
	15.2846 2.4756,
	15.2828 2.47327,
	15.2817 2.47211,
	15.2817 2.47095,
	15.2781 2.46804,
	15.2781 2.46688,
	15.2753 2.46224,
	15.2741 2.45991,
	15.2724 2.45875,
	15.2613 2.44307,
	15.255 2.43552,
	15.2532 2.4332,
	15.252 2.43204,
	15.252 2.43087,
	15.2463 2.42331,
	15.2427 2.41868,
	15.2416 2.41634,
	15.2405 2.41577,
	15.2405 2.4146,
	15.234 2.40589,
	15.234 2.40474,
	15.2288 2.39602,
	15.2271 2.39138,
	15.2258 2.39021,
	15.2242 2.38092,
	15.223 2.37859,
	15.2212 2.36931,
	15.2201 2.36465,
	15.2196 2.36234,
	15.2184 2.36117,
	15.2161 2.35187,
	15.2149 2.34781,
	15.2136 2.34549,
	15.2136 2.34316,
	15.2108 2.33445,
	15.2108 2.33213,
	15.2097 2.32979,
	15.2084 2.32051,
	15.2074 2.31819,
	15.2062 2.2996,
	15.2062 2.29496,
	15.2062 2.29263,
	15.2062 2.29147,
	"/>
</Transform>

<Transform dim="0"
 xcoef=" 0 1 0 0 0 0"
 ycoef=" 0 0 1 0 0 0">
<Contour name="d50sp12" hidden="false" closed="true" simplified="true" border="1 0 0" fill="1 0 0" mode="-11"
 points="14.4354 2.14353,
	14.4383 2.13768,
	14.4383 2.13621,
	14.4427 2.1311,
	14.4427 2.12963,
	14.4551 2.11719,
	14.4639 2.10841,
	14.472 2.0967,
	14.4749 2.09231,
	14.4822 2.0806,
	14.4998 2.05938,
	14.5049 2.05351,
	14.5085 2.04985,
	14.5283 2.0279,
	14.5334 2.02278,
	14.5371 2.01839,
	14.5429 2.01253,
	14.5473 2.00741,
	14.5488 2.00522,
	14.5547 2.00083,
	14.5568 1.99863,
	14.5598 1.9979,
	14.5642 1.99424,
	14.5868 1.97813,
	14.5883 1.97813,
	14.5898 1.97668,
	14.5912 1.97668,
	14.592 1.97521,
	14.6037 1.97009,
	14.6095 1.96717,
	14.611 1.96717,
	14.6125 1.9657,
	14.6242 1.96058,
	14.63 1.95838,
	14.6315 1.95838,
	14.6329 1.95691,
	14.6447 1.95472,
	14.6476 1.95326,
	14.6593 1.95326,
	14.671 1.95691,
	14.677 1.95984,
	14.6981 1.97594,
	14.7091 1.98252,
	14.7149 1.98692,
	14.7266 1.99278,
	14.7384 1.99717,
	14.75 2.00009,
	14.7734 2.00374,
	14.7844 2.00668,
	14.7874 2.00741,
	14.7888 2.00741,
	14.7904 2.00888,
	14.7932 2.00888,
	14.7992 2.01107,
	14.802 2.0118,
	14.8036 2.0118,
	14.8049 2.01327,
	14.8108 2.014,
	14.8167 2.01619,
	14.8225 2.01693,
	14.8342 2.02132,
	14.84 2.02278,
	14.8416 2.02278,
	14.8423 2.02424,
	14.8452 2.02424,
	14.8913 2.04108,
	14.8943 2.04254,
	14.8957 2.044,
	14.9075 2.0484,
	14.9132 2.0506,
	14.9147 2.05205,
	14.9206 2.05351,
	14.9264 2.05644,
	14.9294 2.05644,
	14.9308 2.05791,
	14.9338 2.05791,
	14.9571 2.06743,
	14.9688 2.07328,
	14.9719 2.07621,
	14.9776 2.07914,
	14.982 2.08425,
	14.9864 2.08792,
	14.9871 2.09963,
	14.9858 2.10547,
	14.985 2.10841,
	14.982 2.11133,
	14.9806 2.11426,
	14.9747 2.11792,
	14.9732 2.11938,
	14.9719 2.11938,
	14.9703 2.12085,
	14.9587 2.12158,
	14.9352 2.12011,
	14.9235 2.11938,
	14.9176 2.11792,
	14.8943 2.11572,
	14.8708 2.11207,
	14.8592 2.10841,
	14.8532 2.10694,
	14.8504 2.10694,
	14.8488 2.10547,
	14.846 2.10547,
	14.843 2.10402,
	14.8313 2.10255,
	14.8196 2.09963,
	14.8181 2.09963,
	14.8167 2.09816,
	14.7932 2.09376,
	14.7816 2.09231,
	14.7756 2.09231,
	14.7742 2.09157,
	14.7625 2.09523,
	14.7566 2.09816,
	14.7559 2.09963,
	14.7544 2.09963,
	14.753 2.10182,
	14.75 2.10475,
	14.7486 2.10766,
	14.7471 2.10841,
	14.7471 2.10987,
	14.734 2.13182,
	14.7253 2.14281,
	14.723 2.14573,
	14.7209 2.14719,
	14.7112 2.15817,
	14.7091 2.1611,
	14.7054 2.16475,
	14.6857 2.18158,
	14.6805 2.18525,
	14.6791 2.18672,
	14.6776 2.18672,
	14.6666 2.19549,
	14.6615 2.20062,
	14.6557 2.20428,
	14.6454 2.21379,
	14.6395 2.21818,
	14.6382 2.21964,
	14.6366 2.21964,
	14.6315 2.2233,
	14.6081 2.22696,
	14.5964 2.22696,
	14.5847 2.2255,
	14.5612 2.2255,
	14.5378 2.2233,
	14.5261 2.2211,
	14.5144 2.21745,
	14.5129 2.21745,
	14.5115 2.21599,
	14.4998 2.21086,
	14.4968 2.21013,
	14.4917 2.20574,
	14.4815 2.19916,
	14.4581 2.18086,
	14.4485 2.17135,
	14.4442 2.16548,
	14.4427 2.16475,
	14.4427 2.16329,
	14.4412 2.16256,
	14.4412 2.1611,
	14.4376 2.15597,
	14.4368 2.15304,
	14.4354 2.15158,
	14.4354 2.14573,
	14.4354 2.14426,
	"/>
</Transform>

<Transform dim="0"
 xcoef=" 0 1 0 0 0 0"
 ycoef=" 0 0 1 0 0 0">
<Contour name="d50cfa12" hidden="false" closed="false" simplified="false" border="0 1 0" fill="0 1 0" mode="11"
 points="14.5531 2.02107,
	14.474 2.11987,
	"/>
</Transform>

<Transform dim="0"
 xcoef=" 0 1 0 0 0 0"
 ycoef=" 0 0 1 0 0 0">
<Contour name="d50c12" hidden="false" closed="true" simplified="true" border="0 0 1" fill="0 0 1" mode="11"
 points="14.4459 2.08627,
	14.4464 2.08446,
	14.4472 2.08356,
	14.4472 2.08176,
	14.4491 2.07859,
	14.4496 2.07678,
	14.4523 2.07318,
	14.4563 2.06641,
	14.4613 2.0601,
	14.4635 2.05693,
	14.4653 2.05513,
	14.4699 2.04973,
	14.4721 2.04656,
	14.4838 2.03347,
	14.4875 2.02987,
	14.4929 2.02355,
	14.4947 2.0222,
	14.4969 2.01904,
	14.5096 2.00686,
	14.51 2.00595,
	14.5109 2.00595,
	14.5127 2.00415,
	14.5136 2.00325,
	14.5145 2.00325,
	14.5177 2.00054,
	14.5213 1.99874,
	14.5231 1.99829,
	14.524 1.99738,
	14.5312 1.99693,
	14.5385 1.99964,
	14.5402 2.00054,
	14.5411 2.00144,
	14.542 2.00144,
	14.5488 2.00595,
	14.5556 2.01182,
	14.5565 2.01362,
	14.5574 2.01453,
	14.5574 2.01543,
	14.5614 2.0222,
	14.5637 2.02941,
	14.5641 2.03122,
	14.5641 2.03212,
	14.565 2.03302,
	14.5659 2.03663,
	14.5659 2.03754,
	14.5669 2.03845,
	14.5669 2.04025,
	14.5678 2.04205,
	14.5678 2.04385,
	14.5691 2.04746,
	14.5705 2.05468,
	14.5705 2.06911,
	14.5696 2.07633,
	14.5688 2.07814,
	14.5688 2.07994,
	14.5655 2.08717,
	14.5637 2.09077,
	14.5578 2.098,
	14.5551 2.10024,
	14.5484 2.10612,
	14.5411 2.11108,
	14.5353 2.11649,
	14.5321 2.11875,
	14.5312 2.11875,
	14.5244 2.12281,
	14.51 2.12687,
	14.5028 2.12822,
	14.4884 2.12822,
	14.4811 2.12777,
	14.4739 2.12507,
	14.4721 2.12461,
	14.4712 2.12372,
	14.4681 2.12236,
	14.4608 2.11695,
	14.4577 2.11424,
	14.4541 2.11063,
	14.4518 2.10747,
	14.4505 2.10612,
	14.4505 2.10522,
	14.4496 2.10476,
	14.4491 2.10296,
	14.4478 2.10115,
	14.4464 2.09755,
	14.4459 2.09032,
	14.4459 2.08672,
	"/>
</Transform>

<Transform dim="0"
 xcoef=" 0 1 0 0 0 0"
 ycoef=" 0 0 1 0 0 0">
<Contour name="d50" hidden="false" closed="true" simplified="true" border="0 0.501961 0.25098" fill="1 0 0" mode="-11"
 points="15.2002 3.41898,
	15.2101 3.39661,
	15.2156 3.38684,
	15.2253 3.37705,
	15.2351 3.37007,
	15.2561 3.34911,
	15.2659 3.33933,
	15.2757 3.33235,
	15.2813 3.33235,
	15.2868 3.32955,
	15.2981 3.32955,
	15.3009 3.32955,
	15.3036 3.32676,
	15.3148 3.32536,
	15.3232 3.31697,
	15.3274 3.31418,
	15.3385 3.30439,
	15.3568 3.28904,
	15.3987 3.2527,
	15.4364 3.21638,
	15.4546 3.201,
	15.4657 3.19402,
	15.4713 3.19123,
	15.4937 3.18843,
	15.5146 3.18144,
	15.5258 3.17866,
	15.5286 3.17585,
	15.5314 3.17585,
	15.5412 3.16887,
	15.5468 3.16469,
	15.5496 3.16469,
	15.5873 3.13254,
	15.5971 3.12556,
	15.6026 3.12137,
	15.6082 3.11997,
	15.611 3.11578,
	15.6222 3.1074,
	15.632 3.1018,
	15.6376 3.10041,
	15.639 3.09762,
	15.6613 3.09063,
	15.6641 3.09063,
	15.6669 3.08784,
	15.6725 3.08784,
	15.6781 3.08504,
	15.6837 3.08504,
	15.6865 3.08224,
	15.7088 3.08224,
	15.7116 3.08224,
	15.7144 3.08504,
	15.7368 3.09203,
	15.7425 3.09482,
	15.7451 3.09762,
	15.7479 3.09762,
	15.7493 3.10041,
	15.7521 3.10041,
	15.7633 3.10878,
	15.7689 3.11159,
	15.7703 3.11438,
	15.7731 3.11438,
	15.7787 3.11997,
	15.79 3.12696,
	15.801 3.13673,
	15.8024 3.13953,
	15.8052 3.13953,
	15.8262 3.15769,
	15.8471 3.17866,
	15.8569 3.18843,
	15.8724 3.208,
	15.8751 3.21219,
	15.8849 3.22197,
	15.8947 3.22895,
	15.9016 3.23733,
	15.9073 3.24013,
	15.9254 3.25969,
	15.9506 3.30301,
	15.959 3.31279,
	15.9645 3.32257,
	15.9966 3.36308,
	15.9994 3.36727,
	16.005 3.37286,
	16.005 3.37566,
	16.0134 3.38264,
	16.0315 3.4022,
	16.0414 3.41199,
	16.0469 3.41758,
	16.0874 3.44412,
	16.0903 3.44692,
	16.0931 3.44692,
	16.0987 3.45111,
	16.1098 3.45389,
	16.1294 3.46368,
	16.1349 3.46649,
	16.1406 3.46649,
	16.1517 3.47346,
	16.174 3.48184,
	16.1769 3.48184,
	16.1782 3.48464,
	16.1895 3.48883,
	16.195 3.49023,
	16.1979 3.49023,
	16.2006 3.49302,
	16.2063 3.49302,
	16.2956 3.51957,
	16.3069 3.52237,
	16.3124 3.52516,
	16.3179 3.52516,
	16.3207 3.52796,
	16.332 3.53075,
	16.3376 3.53214,
	16.3389 3.53494,
	16.3446 3.53634,
	16.3544 3.54333,
	16.3628 3.5545,
	16.3655 3.5573,
	16.3655 3.56009,
	16.3683 3.56289,
	16.3683 3.56847,
	16.3767 3.59083,
	16.3767 3.61318,
	16.3696 3.63554,
	16.3599 3.64532,
	16.3544 3.64812,
	16.332 3.65231,
	16.3221 3.66209,
	16.3179 3.67327,
	16.3153 3.67606,
	16.3111 3.68724,
	16.3097 3.69143,
	16.2943 3.71238,
	16.2845 3.72356,
	16.2788 3.72775,
	16.2565 3.72915,
	16.2454 3.73055,
	16.2397 3.73055,
	16.2355 3.73335,
	16.2328 3.74453,
	16.2328 3.75011,
	16.2328 3.75291,
	16.2244 3.76409,
	16.2189 3.76828,
	16.1964 3.77107,
	16.174 3.77107,
	16.163 3.77386,
	16.1406 3.78644,
	16.1349 3.78923,
	16.1322 3.78923,
	16.121 3.79622,
	16.1155 3.79902,
	16.1126 3.80181,
	16.1098 3.80181,
	16.1084 3.8046,
	16.1056 3.8046,
	16.0651 3.83674,
	16.0456 3.8521,
	16.0357 3.85909,
	16.0148 3.88005,
	16.0065 3.88983,
	16.0008 3.89542,
	15.9981 3.90101,
	15.9924 3.9066,
	15.9785 3.92616,
	15.9757 3.93175,
	15.9757 3.93455,
	15.973 3.93733,
	15.973 3.94013,
	15.9701 3.94293,
	15.9632 3.96528,
	15.9533 3.98764,
	15.9491 3.99183,
	15.9491 3.99462,
	15.9464 3.99601,
	15.9464 3.99882,
	15.9296 4.01558,
	15.9212 4.02536,
	15.91 4.03654,
	15.9031 4.04492,
	15.8918 4.05331,
	15.8821 4.0589,
	15.8598 4.06449,
	15.8375 4.06727,
	15.7926 4.06308,
	15.7703 4.0561,
	15.7675 4.05331,
	15.7619 4.05331,
	15.7507 4.04911,
	15.7284 4.04771,
	15.7172 4.04492,
	15.6725 4.04213,
	15.6613 4.04213,
	15.6557 4.03934,
	15.6501 4.03934,
	15.6446 4.03654,
	15.6222 4.03375,
	15.5774 4.02117,
	15.5663 4.01698,
	15.5607 4.01558,
	15.5551 4.01139,
	15.544 4.0072,
	15.4992 3.98065,
	15.4783 3.96528,
	15.4671 3.95551,
	15.4615 3.94991,
	15.4587 3.94572,
	15.4378 3.92476,
	15.4322 3.92057,
	15.4294 3.91498,
	15.4252 3.91219,
	15.4154 3.90101,
	15.3889 3.86329,
	15.3791 3.8521,
	15.3721 3.84093,
	15.3623 3.82975,
	15.3595 3.82556,
	15.354 3.81997,
	15.3385 3.80181,
	15.3301 3.79203,
	15.3301 3.78923,
	15.3148 3.76828,
	15.3148 3.76548,
	15.312 3.76409,
	15.3065 3.74172,
	15.3065 3.73613,
	15.3036 3.73055,
	15.3036 3.72496,
	15.3009 3.71938,
	15.2994 3.67466,
	15.2952 3.65231,
	15.2813 3.60759,
	15.2632 3.56289,
	15.259 3.5573,
	15.259 3.5545,
	15.2561 3.5517,
	15.2519 3.54053,
	15.2477 3.53634,
	15.2477 3.53354,
	15.245 3.53075,
	15.245 3.52796,
	15.2422 3.52516,
	15.2422 3.52237,
	15.2393 3.51957,
	15.2393 3.51678,
	15.2366 3.51537,
	15.2366 3.51258,
	15.2338 3.5098,
	15.2296 3.49862,
	15.2267 3.49302,
	15.224 3.49163,
	15.2198 3.48045,
	15.2128 3.46927,
	15.2044 3.44692,
	15.2002 3.42456,
	15.2002 3.42037,
	"/>
</Transform>

<Transform dim="0"
 xcoef=" 0 1 0 0 0 0"
 ycoef=" 0 0 1 0 0 0">
<Contour name="d50sp14" hidden="false" closed="true" simplified="true" border="1 0 0" fill="1 0 0" mode="-11"
 points="16.4574 3.96217,
	16.4598 3.95449,
	16.4607 3.95304,
	16.4607 3.95208,
	16.4618 3.95113,
	16.4632 3.94728,
	16.4656 3.94392,
	16.4666 3.942,
	16.4675 3.94103,
	16.4675 3.94007,
	16.4704 3.93623,
	16.4714 3.93431,
	16.4728 3.93336,
	16.4728 3.9324,
	16.48 3.92518,
	16.4823 3.9223,
	16.4896 3.91701,
	16.4901 3.91605,
	16.491 3.91605,
	16.4935 3.91317,
	16.4944 3.91317,
	16.5016 3.90789,
	16.505 3.90596,
	16.506 3.905,
	16.5069 3.905,
	16.5074 3.90404,
	16.5083 3.90404,
	16.5237 3.89588,
	16.5314 3.89347,
	16.5391 3.89203,
	16.5429 3.89107,
	16.5583 3.88963,
	16.5737 3.88915,
	16.5814 3.89011,
	16.5852 3.89059,
	16.6006 3.89636,
	16.6083 3.89876,
	16.6237 3.90068,
	16.6313 3.90164,
	16.6352 3.90164,
	16.6506 3.90404,
	16.6582 3.90548,
	16.6659 3.90789,
	16.6698 3.90885,
	16.6775 3.91317,
	16.6924 3.92375,
	16.6948 3.92614,
	16.702 3.93191,
	16.7039 3.93383,
	16.7111 3.93815,
	16.7149 3.94055,
	16.7169 3.94152,
	16.7178 3.94152,
	16.7255 3.94585,
	16.7317 3.95065,
	16.7346 3.95449,
	16.7375 3.96217,
	16.738 3.9641,
	16.739 3.96506,
	16.739 3.96601,
	16.7399 3.96697,
	16.7414 3.97082,
	16.7462 3.97851,
	16.7471 3.98043,
	16.7481 3.9814,
	16.7481 3.98236,
	16.749 3.98284,
	16.749 3.98379,
	16.7514 3.98764,
	16.7524 3.98859,
	16.7524 3.98956,
	16.7548 3.99292,
	16.7562 3.99437,
	16.7562 3.99533,
	16.7587 3.99869,
	16.7601 4.00013,
	16.7601 4.00109,
	16.7611 4.00157,
	16.7625 4.00542,
	16.7635 4.00734,
	16.7644 4.0083,
	16.7644 4.00926,
	16.7654 4.01022,
	16.7654 4.01117,
	16.7663 4.01214,
	16.7673 4.01598,
	16.7673 4.01695,
	16.7684 4.01791,
	16.7692 4.02175,
	16.7702 4.02271,
	16.7721 4.0304,
	16.775 4.03809,
	16.7793 4.05346,
	16.7827 4.06884,
	16.7827 4.07651,
	16.7807 4.0842,
	16.7716 4.0991,
	16.7692 4.10246,
	16.7625 4.10919,
	16.7611 4.11063,
	16.7601 4.11063,
	16.7591 4.11159,
	16.7553 4.11255,
	16.7534 4.11303,
	16.7524 4.114,
	16.737 4.11639,
	16.7217 4.11688,
	16.7063 4.11592,
	16.6986 4.11448,
	16.6948 4.11351,
	16.6928 4.11351,
	16.689 4.11206,
	16.6851 4.11159,
	16.6698 4.10631,
	16.6621 4.10343,
	16.6544 4.09958,
	16.6506 4.0967,
	16.6429 4.09381,
	16.641 4.09286,
	16.64 4.0919,
	16.6361 4.09046,
	16.6352 4.09046,
	16.6342 4.08949,
	16.6193 4.08277,
	16.6155 4.08132,
	16.615 4.08036,
	16.6112 4.07941,
	16.6092 4.07845,
	16.6083 4.07845,
	16.6073 4.07749,
	16.6034 4.07651,
	16.6025 4.07555,
	16.5947 4.07316,
	16.5929 4.07268,
	16.592 4.07171,
	16.59 4.07123,
	16.5891 4.07123,
	16.5881 4.07028,
	16.5861 4.07028,
	16.5823 4.06884,
	16.5804 4.06836,
	16.5799 4.06739,
	16.578 4.06739,
	16.5761 4.06643,
	16.5751 4.06643,
	16.5747 4.06548,
	16.567 4.06306,
	16.5631 4.06162,
	16.5478 4.05346,
	16.5444 4.05106,
	16.5424 4.05009,
	16.5415 4.05009,
	16.5406 4.04913,
	16.5396 4.04913,
	16.5385 4.04817,
	16.5377 4.04817,
	16.5367 4.04722,
	16.5329 4.04625,
	16.5319 4.04529,
	16.5164 4.04,
	16.5126 4.03904,
	16.5088 4.03712,
	16.505 4.03616,
	16.5031 4.0352,
	16.5012 4.0352,
	16.5002 4.03424,
	16.4991 4.03424,
	16.4983 4.03329,
	16.4905 4.0304,
	16.4829 4.02559,
	16.4795 4.02367,
	16.4757 4.02079,
	16.4743 4.01983,
	16.4675 4.01262,
	16.465 4.00974,
	16.4632 4.0059,
	16.4602 3.99052,
	16.4598 3.98668,
	16.4589 3.98475,
	16.4574 3.96939,
	16.4574 3.96553,
	16.4574 3.96362,
	16.4574 3.96265,
	"/>
</Transform>

<Transform dim="0"
 xcoef=" 0 1 0 0 0 0"
 ycoef=" 0 0 1 0 0 0">
<Contour name="d50cfa14" hidden="false" closed="false" simplified="false" border="0 1 0" fill="0 1 0" mode="11"
 points="16.6971 4.10425,
	16.6198 4.06774,
	16.5117 4.02355,
	"/>
</Transform>

<Transform dim="0"
 xcoef=" 0 1 0 0 0 0"
 ycoef=" 0 0 1 0 0 0">
<Contour name="d50c14" hidden="false" closed="true" simplified="true" border="0 0 1" fill="0 0 1" mode="11"
 points="16.5031 4.03184,
	16.5039 4.02992,
	16.5045 4.02607,
	16.5064 4.02223,
	16.5093 4.01839,
	16.5164 4.01406,
	16.5175 4.01406,
	16.5185 4.0131,
	16.5261 4.01117,
	16.5299 4.00974,
	16.5377 4.00878,
	16.5454 4.00878,
	16.5472 4.00878,
	16.578 4.01887,
	16.5934 4.02415,
	16.6088 4.02847,
	16.6164 4.03184,
	16.6184 4.03232,
	16.6193 4.03329,
	16.6203 4.03329,
	16.6213 4.03424,
	16.625 4.0352,
	16.6261 4.03616,
	16.627 4.03616,
	16.6309 4.03904,
	16.6318 4.03904,
	16.6323 4.04,
	16.6342 4.04048,
	16.6496 4.04961,
	16.6573 4.05442,
	16.6606 4.0573,
	16.6626 4.05778,
	16.6645 4.05922,
	16.6679 4.06067,
	16.6698 4.06162,
	16.6703 4.06258,
	16.6712 4.06258,
	16.6861 4.07316,
	16.6895 4.07699,
	16.6919 4.07988,
	16.6952 4.08757,
	16.6967 4.09142,
	16.6972 4.0991,
	16.6976 4.10294,
	16.6967 4.11063,
	16.6943 4.11832,
	16.6938 4.12024,
	16.6919 4.12216,
	16.6904 4.12601,
	16.6895 4.12649,
	16.6895 4.12745,
	16.6856 4.13081,
	16.6847 4.13177,
	16.677 4.13369,
	16.6693 4.13418,
	16.6539 4.13225,
	16.6462 4.13081,
	16.6424 4.12985,
	16.6405 4.12889,
	16.6386 4.12889,
	16.6309 4.12601,
	16.616 4.12168,
	16.6083 4.1188,
	16.6006 4.11688,
	16.5968 4.11496,
	16.5891 4.11255,
	16.5852 4.11111,
	16.5833 4.11063,
	16.5823 4.11063,
	16.5814 4.10967,
	16.5774 4.10871,
	16.5766 4.10775,
	16.5727 4.10679,
	16.5708 4.10583,
	16.5699 4.10583,
	16.5688 4.10487,
	16.5612 4.10246,
	16.5535 4.0991,
	16.5515 4.09861,
	16.5506 4.09766,
	16.5497 4.09766,
	16.542 4.09333,
	16.5381 4.09142,
	16.5372 4.09046,
	16.5362 4.09046,
	16.5212 4.08036,
	16.5175 4.07797,
	16.5146 4.07555,
	16.5112 4.07219,
	16.5103 4.07028,
	16.5093 4.06932,
	16.5093 4.06836,
	16.5083 4.06739,
	16.506 4.05971,
	16.505 4.05587,
	16.505 4.05394,
	16.5039 4.05202,
	16.5039 4.04817,
	16.5031 4.04433,
	16.5031 4.03664,
	16.5031 4.0328,
	16.5031 4.03232,
	"/>
</Transform>

<Transform dim="0"
 xcoef=" 0 1 0 0 0 0"
 ycoef=" 0 0 1 0 0 0">
<Contour name="d50sp15" hidden="false" closed="true" simplified="true" border="1 0 0" fill="1 0 0" mode="-11"
 points="15.2782 2.81626,
	15.2799 2.81004,
	15.2806 2.80691,
	15.2806 2.80535,
	15.2821 2.80379,
	15.2861 2.79133,
	15.2914 2.77886,
	15.2923 2.77574,
	15.2923 2.77418,
	15.2939 2.77263,
	15.2939 2.77107,
	15.2953 2.76951,
	15.297 2.76328,
	15.2986 2.7625,
	15.3 2.75625,
	15.3017 2.7547,
	15.3017 2.75159,
	15.3032 2.75003,
	15.3071 2.72509,
	15.3086 2.71263,
	15.3086 2.70638,
	15.3102 2.70015,
	15.3102 2.69704,
	15.3118 2.69392,
	15.3125 2.68768,
	15.3172 2.67522,
	15.3257 2.66274,
	15.3289 2.66119,
	15.3321 2.65807,
	15.3375 2.65418,
	15.3414 2.64872,
	15.3461 2.64483,
	15.3475 2.64249,
	15.3508 2.63936,
	15.3547 2.6347,
	15.3593 2.62846,
	15.3608 2.62613,
	15.364 2.62301,
	15.3656 2.62066,
	15.3687 2.61755,
	15.3702 2.61522,
	15.3733 2.61209,
	15.3827 2.60353,
	15.3944 2.59495,
	15.4006 2.59027,
	15.4022 2.59027,
	15.4147 2.58326,
	15.4271 2.57781,
	15.4334 2.57625,
	15.4396 2.57313,
	15.4426 2.57235,
	15.4443 2.57235,
	15.4458 2.57079,
	15.4489 2.57079,
	15.4614 2.56612,
	15.4739 2.56378,
	15.4862 2.56456,
	15.4988 2.56768,
	15.505 2.56924,
	15.5113 2.56924,
	15.5237 2.57157,
	15.53 2.57235,
	15.5315 2.57391,
	15.544 2.57859,
	15.5495 2.58248,
	15.551 2.58248,
	15.5619 2.59339,
	15.5635 2.59651,
	15.565 2.59729,
	15.565 2.59885,
	15.5674 2.60196,
	15.5721 2.61365,
	15.5736 2.61677,
	15.5728 2.62924,
	15.5682 2.63547,
	15.5565 2.64561,
	15.5448 2.65262,
	15.5393 2.65652,
	15.537 2.65884,
	15.5354 2.65963,
	15.5308 2.6721,
	15.5292 2.67833,
	15.5276 2.68145,
	15.5269 2.69392,
	15.5245 2.70638,
	15.5245 2.70795,
	15.523 2.7095,
	15.5206 2.71574,
	15.5191 2.71652,
	15.5191 2.71807,
	15.5128 2.72354,
	15.5097 2.72509,
	15.5089 2.72664,
	15.484 2.73366,
	15.4715 2.73755,
	15.47 2.73912,
	15.4637 2.74145,
	15.4622 2.74145,
	15.4614 2.74302,
	15.4559 2.74534,
	15.4528 2.74613,
	15.4513 2.74769,
	15.4497 2.74769,
	15.4482 2.74925,
	15.4357 2.7547,
	15.4295 2.75782,
	15.4279 2.75782,
	15.4263 2.75938,
	15.4248 2.75938,
	15.4122 2.76717,
	15.4014 2.77574,
	15.3951 2.78198,
	15.3912 2.78821,
	15.3897 2.79133,
	15.3897 2.79445,
	15.3882 2.796,
	15.3865 2.80847,
	15.3874 2.83341,
	15.3905 2.84587,
	15.3921 2.85211,
	15.3951 2.85835,
	15.3951 2.86145,
	15.3967 2.86302,
	15.3998 2.87549,
	15.403 2.88172,
	15.41 2.90666,
	15.41 2.93159,
	15.41 2.93784,
	15.4076 2.95029,
	15.4061 2.95654,
	15.4045 2.95732,
	15.4045 2.95886,
	15.403 2.96043,
	15.403 2.96198,
	15.4014 2.96355,
	15.4014 2.96511,
	15.3928 2.97756,
	15.3874 2.98303,
	15.3818 2.98692,
	15.3788 2.98848,
	15.3773 2.99004,
	15.371 2.9916,
	15.3679 2.99315,
	15.3554 2.99315,
	15.3539 2.99315,
	15.3522 2.9916,
	15.3492 2.99082,
	15.3469 2.9877,
	15.3445 2.98146,
	15.3406 2.97524,
	15.339 2.97445,
	15.339 2.9729,
	15.3375 2.97212,
	15.3375 2.97055,
	15.336 2.969,
	15.336 2.96744,
	15.3251 2.95964,
	15.3125 2.95185,
	15.3071 2.94718,
	15.3048 2.94406,
	15.3048 2.9425,
	15.3009 2.93705,
	15.2939 2.91211,
	15.2923 2.909,
	15.29 2.89653,
	15.2821 2.87159,
	15.2799 2.85913,
	15.2782 2.83418,
	15.2782 2.82173,
	15.2782 2.8186,
	15.2782 2.81705,
	"/>
</Transform>

<Transform dim="0"
 xcoef=" 0 1 0 0 0 0"
 ycoef=" 0 0 1 0 0 0">
<Contour name="d50sp16" hidden="false" closed="true" simplified="true" border="1 0 0" fill="1 0 0" mode="-11"
 points="15.5993 4.58858,
	15.6028 4.57947,
	15.6056 4.57492,
	15.6141 4.56809,
	15.6232 4.56297,
	15.6318 4.55899,
	15.65 4.55329,
	15.6523 4.55273,
	15.6534 4.55273,
	15.6545 4.55159,
	15.6568 4.55159,
	15.6591 4.55045,
	15.6682 4.54874,
	15.6774 4.54817,
	15.6819 4.54817,
	15.6841 4.54817,
	15.6932 4.55159,
	15.6978 4.55273,
	15.7069 4.55671,
	15.724 4.57037,
	15.7314 4.57776,
	15.7353 4.58062,
	15.7393 4.58516,
	15.7423 4.58972,
	15.7439 4.59883,
	15.7439 4.60337,
	15.7439 4.60565,
	15.7405 4.61475,
	15.7388 4.61875,
	15.7376 4.61987,
	15.7376 4.62102,
	15.7348 4.62556,
	15.7262 4.6341,
	15.724 4.63525,
	15.7228 4.63638,
	15.7217 4.63638,
	15.7206 4.63752,
	15.7194 4.63752,
	15.7183 4.63866,
	15.7092 4.64207,
	15.7001 4.64435,
	15.6819 4.64492,
	15.6774 4.64492,
	15.6682 4.64264,
	15.6591 4.64207,
	15.6545 4.64207,
	15.6523 4.64094,
	15.6477 4.64094,
	15.6432 4.63979,
	15.6409 4.63979,
	15.6363 4.63808,
	15.6341 4.63752,
	15.6301 4.63467,
	15.6289 4.63354,
	15.6284 4.63126,
	15.6215 4.62273,
	15.6176 4.61875,
	15.6124 4.61362,
	15.6056 4.60508,
	15.6022 4.60054,
	15.6022 4.59939,
	15.6011 4.59825,
	15.5993 4.58915,
	"/>
</Transform>

<Transform dim="0"
 xcoef=" 0 1 0 0 0 0"
 ycoef=" 0 0 1 0 0 0">
<Contour name="d19sp30" hidden="false" closed="true" simplified="true" border="1 0 0" fill="1 0 0" mode="11"
 points="9.85499 7.91135,
	9.85675 7.90789,
	9.85763 7.90616,
	9.85929 7.90616,
	9.86281 7.90357,
	9.86623 7.9027,
	9.86799 7.9027,
	9.86975 7.90097,
	9.92508 7.90011,
	9.95284 7.90011,
	9.96662 7.89751,
	9.97014 7.89578,
	9.97356 7.89578,
	9.98744 7.89059,
	10.0013 7.88799,
	10.0151 7.88799,
	10.022 7.88886,
	10.029 7.89232,
	10.0324 7.89318,
	10.0359 7.89578,
	10.0393 7.89578,
	10.0428 7.89751,
	10.0445 7.89924,
	10.0515 7.90097,
	10.0653 7.90962,
	10.0722 7.91309,
	10.0791 7.91828,
	10.0852 7.9252,
	10.0939 7.93646,
	10.0947 7.93992,
	10.0982 7.94165,
	10.0982 7.94338,
	10.1112 7.9529,
	10.1241 7.96069,
	10.1259 7.96242,
	10.1293 7.96328,
	10.1363 7.96761,
	10.1397 7.97021,
	10.1423 7.97107,
	10.1562 7.97886,
	10.1596 7.97886,
	10.1605 7.98059,
	10.1639 7.98059,
	10.1648 7.98231,
	10.1717 7.98404,
	10.1726 7.98577,
	10.1761 7.98664,
	10.1778 7.98837,
	10.1795 7.98837,
	10.1804 7.9901,
	10.1873 7.99269,
	10.1942 7.99789,
	10.196 7.99789,
	10.202 8.00308,
	10.2037 8.00481,
	10.2055 8.00481,
	10.2089 8.00827,
	10.215 8.0126,
	10.2167 8.0126,
	10.228 8.02299,
	10.2384 8.0351,
	10.2427 8.04116,
	10.2461 8.04462,
	10.248 8.04808,
	10.2696 8.07404,
	10.2747 8.08097,
	10.2764 8.08443,
	10.2783 8.08529,
	10.2783 8.08702,
	10.2816 8.09048,
	10.2816 8.09221,
	10.2877 8.09827,
	10.2929 8.1026,
	10.3067 8.11125,
	10.3129 8.11645,
	10.3162 8.11905,
	10.318 8.12078,
	10.3197 8.12078,
	10.3249 8.12684,
	10.3249 8.12857,
	10.3266 8.1303,
	10.3266 8.13203,
	10.3292 8.13376,
	10.3309 8.13722,
	10.3309 8.13895,
	10.3353 8.14501,
	10.3353 8.14847,
	10.3379 8.15539,
	10.3396 8.16924,
	10.337 8.18308,
	10.337 8.18481,
	10.3345 8.18827,
	10.3345 8.19173,
	10.3318 8.19433,
	10.3309 8.19779,
	10.3266 8.20471,
	10.3206 8.20992,
	10.3136 8.21165,
	10.3067 8.21165,
	10.3033 8.21165,
	10.2756 8.19952,
	10.2721 8.19779,
	10.2704 8.19779,
	10.2686 8.19606,
	10.2669 8.19606,
	10.2531 8.18827,
	10.2393 8.18222,
	10.2358 8.18222,
	10.234 8.18049,
	10.2271 8.17875,
	10.2236 8.17789,
	10.2098 8.18049,
	10.1821 8.18049,
	10.1752 8.18049,
	10.1613 8.17789,
	10.1475 8.17789,
	10.1406 8.17789,
	10.1337 8.17529,
	10.1302 8.17529,
	10.1267 8.1727,
	10.1198 8.17097,
	10.1129 8.16664,
	10.1016 8.15712,
	10.0947 8.1528,
	10.0835 8.14501,
	10.0705 8.13722,
	10.067 8.13549,
	10.0653 8.13376,
	10.0636 8.13376,
	10.0506 8.12597,
	10.0238 8.11385,
	10.0212 8.11125,
	10.0142 8.10865,
	10.0108 8.10779,
	10.0082 8.10519,
	10.0047 8.10433,
	10.0013 8.10087,
	9.99517 8.09654,
	9.9935 8.09654,
	9.98744 8.09221,
	9.98392 8.08962,
	9.98138 8.08875,
	9.97962 8.08616,
	9.9762 8.08443,
	9.97014 8.0775,
	9.96496 8.07231,
	9.93984 8.04808,
	9.92772 8.0377,
	9.92254 8.03337,
	9.9199 8.03251,
	9.91296 8.02818,
	9.90778 8.02385,
	9.90172 8.01779,
	9.89829 8.01433,
	9.89399 8.00827,
	9.89399 8.00654,
	9.88959 7.99962,
	9.88872 7.99615,
	9.88441 7.98923,
	9.88441 7.9875,
	9.88275 7.98664,
	9.87747 7.97367,
	9.87317 7.96674,
	9.87141 7.96501,
	9.87063 7.96155,
	9.86623 7.9555,
	9.86369 7.95203,
	9.85763 7.93819,
	9.85499 7.92433,
	9.85499 7.91741,
	9.85499 7.91395,
	9.85499 7.91222,
	"/>
</Transform>

<Transform dim="0"
 xcoef=" 0 1 0 0 0 0"
 ycoef=" 0 0 1 0 0 0">
<Contour name="d09shaft" hidden="false" closed="true" simplified="true" border="1 0.501961 0.25098" fill="0.502 1 0.502" mode="11"
 points="8.89626 4.15492,
	8.92031 4.03652,
	8.95546 3.91814,
	8.9647 3.88853,
	8.96841 3.87373,
	9.05905 3.75534,
	9.0683 3.74053,
	9.07385 3.73499,
	9.07756 3.73313,
	9.0794 3.73499,
	9.109 3.72944,
	9.1238 3.72573,
	9.1275 3.72388,
	9.1423 3.72944,
	9.15711 3.73868,
	9.18485 3.76829,
	9.19225 3.77569,
	9.1793 3.80528,
	9.17746 3.80899,
	9.17191 3.81083,
	9.15895 3.84043,
	9.1201 3.89963,
	9.109 3.91443,
	9.10346 3.94402,
	9.09975 3.95883,
	9.09051 3.97363,
	9.08311 3.98103,
	9.05165 4.09942,
	9.0572 4.15862,
	9.0572 4.16601,
	9.09606 4.22522,
	9.10531 4.24001,
	9.16265 4.29736,
	9.19225 4.3251,
	9.25145 4.35101,
	9.26624 4.35656,
	9.32544 4.36396,
	9.44384 4.32881,
	9.47344 4.31956,
	9.53264 4.28627,
	9.59183 4.25852,
	9.65102 4.22707,
	9.65658 4.22337,
	9.68803 4.28256,
	9.68988 4.28627,
	9.68063 4.31586,
	9.67693 4.33066,
	9.62328 4.38985,
	9.56407 4.44906,
	9.50489 4.49716,
	9.48823 4.52491,
	9.48084 4.5397,
	9.47714 4.5471,
	9.44753 4.55265,
	9.38835 4.5582,
	9.26994 4.54525,
	9.25515 4.5434,
	9.24035 4.53785,
	9.12194 4.44351,
	9.00356 4.33806,
	8.98876 4.3251,
	8.98136 4.3177,
	8.91846 4.19932,
	8.90181 4.16972,
	8.89626 4.15678,
	"/>
</Transform>

<Transform dim="0"
 xcoef=" 0 1 0 0 0 0"
 ycoef=" 0 0 1 0 0 0">
<Contour name="d09p12" hidden="false" closed="true" simplified="true" border="1 0 0" fill="1 0 0" mode="11"
 points="11.4949 4.93059,
	11.4962 4.92349,
	11.5 4.91708,
	11.506 4.912,
	11.5136 4.90873,
	11.522 4.9076,
	11.5304 4.90873,
	11.5381 4.912,
	11.544 4.91708,
	11.5478 4.92349,
	11.5492 4.93059,
	11.5478 4.9377,
	11.544 4.94411,
	11.5381 4.9492,
	11.5304 4.95246,
	11.522 4.9536,
	11.5136 4.95246,
	11.506 4.9492,
	11.5 4.94411,
	"/>
</Transform>

<Transform dim="0"
 xcoef=" 0 1 0 0 0 0"
 ycoef=" 0 0 1 0 0 0">
<Contour name="d09shaft" hidden="false" closed="true" simplified="true" border="1 0.501961 0.25098" fill="0.502 1 0.502" mode="11"
 points="10.3517 4.80951,
	10.3584 4.79142,
	10.3697 4.77333,
	10.4014 4.73715,
	10.4262 4.70098,
	10.4422 4.68967,
	10.4602 4.68515,
	10.4693 4.6761,
	10.476 4.65801,
	10.4783 4.64896,
	10.5144 4.6128,
	10.5869 4.57661,
	10.6229 4.55174,
	10.641 4.5359,
	10.6502 4.53139,
	10.6863 4.53139,
	10.7044 4.53139,
	10.7134 4.53365,
	10.7269 4.55174,
	10.736 4.56983,
	10.7383 4.57435,
	10.7744 4.56078,
	10.7925 4.54496,
	10.8288 4.5359,
	10.8469 4.53139,
	10.8559 4.52913,
	10.9283 4.54721,
	10.9463 4.554,
	11.0911 4.55626,
	11.1272 4.55626,
	11.1634 4.54948,
	11.1815 4.54721,
	11.1905 4.54496,
	11.2267 4.55852,
	11.2629 4.56757,
	11.281 4.57209,
	11.29 4.57888,
	11.3082 4.61505,
	11.3285 4.68741,
	11.342 4.72359,
	11.3533 4.74168,
	11.3872 4.7756,
	11.4597 4.80047,
	11.4778 4.80725,
	11.4868 4.81177,
	11.5591 4.79142,
	11.5773 4.78464,
	11.7219 4.7756,
	11.8667 4.73264,
	11.939 4.71229,
	11.9458 4.7055,
	11.948 4.68741,
	11.9503 4.67836,
	11.939 4.64219,
	11.9345 4.6241,
	11.9322 4.61958,
	11.9368 4.60149,
	11.939 4.59244,
	11.9458 4.58565,
	11.982 4.57888,
	11.991 4.57661,
	12 4.57888,
	12.0362 4.60374,
	12.0543 4.61505,
	12.0655 4.63314,
	12.0792 4.66931,
	12.0882 4.68741,
	12.0928 4.69645,
	12.0815 4.73264,
	12.0769 4.75072,
	12.0679 4.76881,
	12.0068 4.84116,
	11.9729 4.87282,
	11.9254 4.94518,
	11.9074 4.96327,
	11.8712 4.97684,
	11.862 4.9791,
	11.7898 4.97231,
	11.7173 4.94292,
	11.6813 4.94066,
	11.6632 4.94066,
	11.6269 4.9497,
	11.6202 4.95422,
	11.6043 4.99041,
	11.5818 5.06276,
	11.55 5.09894,
	11.5139 5.12382,
	11.5025 5.13965,
	11.498 5.14869,
	11.4619 5.16903,
	11.3895 5.18938,
	11.3805 5.19165,
	11.3082 5.18261,
	11.29 5.18035,
	11.281 5.17808,
	11.2448 5.20296,
	11.1724 5.22783,
	11.1 5.23235,
	11.0639 5.21426,
	10.9915 5.18938,
	10.9735 5.18261,
	10.9644 5.17808,
	10.892 5.17131,
	10.7474 5.17808,
	10.7293 5.17582,
	10.7203 5.17582,
	10.6479 5.12155,
	10.5189 4.98136,
	10.4467 4.91579,
	10.4104 4.87961,
	10.4014 4.87057,
	10.3923 4.86604,
	10.3833 4.86604,
	10.3742 4.86151,
	10.3584 4.82535,
	10.3539 4.81629,
	10.3517 4.81177,
	"/>
</Transform>

<Transform dim="0"
 xcoef=" 0 1 0 0 0 0"
 ycoef=" 0 0 1 0 0 0">
<Contour name="d09c12" hidden="false" closed="true" simplified="true" border="0 0 1" fill="1 0 0" mode="11"
 points="11.5908 4.77333,
	11.5999 4.75525,
	11.6722 4.7462,
	11.7084 4.74168,
	11.7445 4.74168,
	11.7535 4.74845,
	11.7559 4.76655,
	11.749 4.7756,
	11.7399 4.78012,
	11.7333 4.78916,
	11.7242 4.79368,
	11.7197 4.79821,
	11.7106 4.79821,
	11.7015 4.80274,
	11.6293 4.80499,
	11.6111 4.80274,
	11.602 4.80274,
	11.593 4.79594,
	11.5908 4.77786,
	11.5908 4.7756,
	"/>
</Transform>

<Transform dim="0"
 xcoef=" 0 1 0 0 0 0"
 ycoef=" 0 0 1 0 0 0">
<Contour name="d09shaft" hidden="false" closed="true" simplified="true" border="1 0.501961 0.25098" fill="0.502 1 0.502" mode="11"
 points="10.6614 3.60337,
	10.708 3.50431,
	10.8039 3.45168,
	10.8535 3.43,
	10.9524 3.4362,
	11.002 3.4393,
	11.0144 3.4393,
	11.0268 3.44549,
	11.0516 3.46715,
	11.1506 3.53216,
	11.2497 3.58169,
	11.2713 3.59717,
	11.293 3.64671,
	11.3054 3.67147,
	11.293 3.721,
	11.2899 3.73339,
	11.2435 3.77982,
	11.2311 3.7922,
	11.1816 3.82316,
	11.1568 3.83863,
	11.132 3.84792,
	11.033 3.85412,
	11.0082 3.85722,
	10.9091 3.83555,
	10.8597 3.82316,
	10.81 3.79839,
	10.7854 3.786,
	10.6924 3.69004,
	10.6707 3.66528,
	10.6614 3.6529,
	10.6614 3.60647,
	"/>
</Transform>

<Transform dim="0"
 xcoef=" 0 1 0 0 0 0"
 ycoef=" 0 0 1 0 0 0">
<Contour name="d09sp10" hidden="false" closed="true" simplified="true" border="1 0 0" fill="1 0 0" mode="11"
 points="8.89626 4.15492,
	8.92031 4.03652,
	8.95546 3.91814,
	8.9647 3.88853,
	8.96841 3.87373,
	9.05905 3.75534,
	9.0683 3.74053,
	9.07385 3.73499,
	9.07756 3.73313,
	9.0794 3.73499,
	9.109 3.72944,
	9.1238 3.72573,
	9.1275 3.72388,
	9.1423 3.72944,
	9.15711 3.73868,
	9.18485 3.76829,
	9.19225 3.77569,
	9.1793 3.80528,
	9.17746 3.80899,
	9.17191 3.81083,
	9.15895 3.84043,
	9.1201 3.89963,
	9.109 3.91443,
	9.10346 3.94402,
	9.09975 3.95883,
	9.09051 3.97363,
	9.08311 3.98103,
	9.05165 4.09942,
	9.0572 4.15862,
	9.0572 4.16601,
	9.09606 4.22522,
	9.10531 4.24001,
	9.16265 4.29736,
	9.19225 4.3251,
	9.25145 4.35101,
	9.26624 4.35656,
	9.32544 4.36396,
	9.44384 4.32881,
	9.47344 4.31956,
	9.53264 4.28627,
	9.59183 4.25852,
	9.65102 4.22707,
	9.65658 4.22337,
	9.68803 4.28256,
	9.68988 4.28627,
	9.68063 4.31586,
	9.67693 4.33066,
	9.62328 4.38985,
	9.56407 4.44906,
	9.50489 4.49716,
	9.48823 4.52491,
	9.48084 4.5397,
	9.47714 4.5471,
	9.44753 4.55265,
	9.38835 4.5582,
	9.26994 4.54525,
	9.25515 4.5434,
	9.24035 4.53785,
	9.12194 4.44351,
	9.00356 4.33806,
	8.98876 4.3251,
	8.98136 4.3177,
	8.91846 4.19932,
	8.90181 4.16972,
	8.89626 4.15678,
	"/>
</Transform>

<Transform dim="0"
 xcoef=" 0 1 0 0 0 0"
 ycoef=" 0 0 1 0 0 0">
<Contour name="d09cfa12" hidden="false" closed="false" simplified="false" border="0 1 0" fill="0 1 0" mode="11"
 points="11.6009 4.80218,
	11.7366 4.77957,
	"/>
</Transform>

<Transform dim="0"
 xcoef=" 0 1 0 0 0 0"
 ycoef=" 0 0 1 0 0 0">
<Contour name="d09sp12" hidden="false" closed="true" simplified="true" border="1 0 0" fill="1 0 0" mode="11"
 points="11.4974 4.80917,
	11.5566 4.79207,
	11.5714 4.78699,
	11.5751 4.7856,
	11.577 4.78468,
	11.6953 4.77728,
	11.71 4.77636,
	11.7174 4.77589,
	11.7249 4.7745,
	11.8432 4.73937,
	11.9024 4.72228,
	11.932 4.71395,
	11.9393 4.71164,
	11.9431 4.70841,
	11.9449 4.70656,
	11.9458 4.70563,
	11.9477 4.69084,
	11.9491 4.68345,
	11.95 4.67974,
	11.9505 4.6779,
	11.9408 4.64832,
	11.9366 4.63353,
	11.9346 4.62613,
	11.9334 4.62243,
	11.9324 4.62059,
	11.932 4.61966,
	11.9356 4.60487,
	11.9375 4.59747,
	11.9384 4.59377,
	11.9393 4.59193,
	11.9431 4.58822,
	11.9449 4.58637,
	11.9458 4.58545,
	11.9754 4.58037,
	11.9902 4.57714,
	11.9911 4.57667,
	11.9985 4.57852,
	12.0022 4.58037,
	12.0318 4.6007,
	12.0466 4.61041,
	12.054 4.61457,
	12.0632 4.62936,
	12.0654 4.63307,
	12.0771 4.66265,
	12.0799 4.67004,
	12.0868 4.68483,
	12.0905 4.69223,
	12.0924 4.69592,
	12.0928 4.69685,
	12.0836 4.72643,
	12.0794 4.74122,
	12.0776 4.74863,
	12.0706 4.76342,
	12.0665 4.77081,
	12.0161 4.82997,
	12.0101 4.83738,
	11.981 4.86557,
	11.9736 4.8725,
	11.9343 4.93166,
	11.9297 4.93906,
	11.9268 4.94276,
	11.9259 4.94461,
	11.9112 4.9594,
	11.9075 4.9631,
	11.8779 4.97466,
	11.8704 4.97743,
	11.8631 4.97927,
	11.8039 4.97372,
	11.7892 4.97234,
	11.73 4.94785,
	11.7225 4.94507,
	11.7188 4.94322,
	11.6893 4.94092,
	11.6744 4.94046,
	11.667 4.94046,
	11.6634 4.94046,
	11.6339 4.94785,
	11.6264 4.95015,
	11.6194 4.95525,
	11.6065 4.98483,
	11.5968 5.01441,
	11.5922 5.02921,
	11.5899 5.0366,
	11.5885 5.03706,
	11.5871 5.03614,
	11.5858 5.02134,
	11.5848 5.01395,
	11.5843 4.98437,
	11.5838 4.97697,
	11.5829 4.97326,
	11.5825 4.96587,
	11.5797 4.95108,
	11.5788 4.94739,
	11.5788 4.94553,
	11.5764 4.93814,
	11.5764 4.93721,
	11.5755 4.93675,
	11.5746 4.92935,
	11.5724 4.92196,
	11.5709 4.91826,
	11.5709 4.91641,
	11.5695 4.91271,
	11.5687 4.91087,
	11.5682 4.90717,
	11.5677 4.90532,
	11.5667 4.90486,
	11.5663 4.90116,
	11.5641 4.89376,
	11.563 4.89284,
	11.5626 4.89099,
	11.5626 4.89007,
	11.5612 4.88822,
	11.5608 4.88637,
	11.5608 4.88545,
	11.5589 4.88451,
	11.5584 4.88082,
	11.5543 4.87343,
	11.552 4.87018,
	11.5507 4.86881,
	11.5501 4.86696,
	11.5487 4.86511,
	11.5482 4.86325,
	11.5459 4.86002,
	11.5446 4.85818,
	11.5446 4.85724,
	11.5345 4.84384,
	11.5311 4.84106,
	11.5284 4.83738,
	11.5252 4.83506,
	11.5228 4.83229,
	11.5196 4.82905,
	11.516 4.82674,
	11.5145 4.82581,
	11.514 4.8249,
	11.5131 4.8249,
	11.5118 4.82304,
	11.5108 4.82304,
	11.5086 4.82073,
	11.5077 4.82073,
	11.5011 4.81472,
	11.5002 4.81472,
	11.4965 4.81148,
	11.4965 4.81011,
	"/>
</Transform>

<Transform dim="0"
 xcoef=" 0 1 0 0 0 0"
 ycoef=" 0 0 1 0 0 0">
<Contour name="d09sp13" hidden="false" closed="true" simplified="true" border="1 0 0" fill="1 0 0" mode="11"
 points="10.6614 3.60337,
	10.708 3.50431,
	10.8039 3.45168,
	10.8535 3.43,
	10.9524 3.4362,
	11.002 3.4393,
	11.0144 3.4393,
	11.0268 3.44549,
	11.0516 3.46715,
	11.1506 3.53216,
	11.2497 3.58169,
	11.2713 3.59717,
	11.293 3.64671,
	11.3054 3.67147,
	11.293 3.721,
	11.2899 3.73339,
	11.2435 3.77982,
	11.2311 3.7922,
	11.1816 3.82316,
	11.1568 3.83863,
	11.132 3.84792,
	11.033 3.85412,
	11.0082 3.85722,
	10.9091 3.83555,
	10.8597 3.82316,
	10.81 3.79839,
	10.7854 3.786,
	10.6924 3.69004,
	10.6707 3.66528,
	10.6614 3.6529,
	10.6614 3.60647,
	"/>
</Transform>

<Transform dim="0"
 xcoef=" 0 1 0 0 0 0"
 ycoef=" 0 0 1 0 0 0">
<Contour name="d32serb35" hidden="false" closed="true" simplified="false" border="1 1 0" fill="1 1 0" mode="11"
 points="3.63741 6.01178,
	3.63741 5.99286,
	3.65634 5.99286,
	3.65634 5.97393,
	3.67526 5.97393,
	3.67526 5.99286,
	3.69418 5.99286,
	3.69418 6.01178,
	3.67526 6.01178,
	3.67526 6.0307,
	3.65634 6.0307,
	3.65634 6.01178,
	"/>
</Transform>

<Transform dim="0"
 xcoef=" 0 1 0 0 0 0"
 ycoef=" 0 0 1 0 0 0">
<Contour name="d09sah13" hidden="false" closed="true" simplified="false" border="1 0 0" fill="0 1 0" mode="-11"
 points="10.9433 3.71069,
	10.9433 3.69786,
	10.9562 3.69786,
	10.9562 3.68504,
	10.969 3.68504,
	10.969 3.69786,
	10.9818 3.69786,
	10.9818 3.71069,
	10.969 3.71069,
	10.969 3.72351,
	10.9562 3.72351,
	10.9562 3.71069,
	"/>
</Transform>

<Transform dim="0"
 xcoef=" 0 1 0 0 0 0"
 ycoef=" 0 0 1 0 0 0">
<Contour name="d19ax23" comment="ddh_traced_2018-04-09" hidden="false" closed="true" simplified="true" border="0.502 1 0.502" fill="0.502 1 0.502" mode="11"
 points="9.12804 9.32061,
	9.13354 9.31327,
	9.12987 9.31144,
	9.14454 9.30044,
	9.15188 9.30044,
	9.15921 9.29677,
	9.17389 9.29677,
	9.18856 9.30044,
	9.20323 9.30961,
	9.22707 9.33712,
	9.25458 9.36096,
	9.25825 9.3683,
	9.28576 9.39581,
	9.2986 9.40681,
	9.35546 9.46183,
	9.37747 9.48384,
	9.40314 9.51135,
	9.41598 9.52419,
	9.41965 9.53886,
	9.41598 9.55353,
	9.41231 9.56087,
	9.40498 9.56637,
	9.37563 9.56637,
	9.31694 9.55537,
	9.30227 9.5517,
	9.2876 9.54436,
	9.27293 9.53153,
	9.25458 9.50401,
	9.25458 9.50035,
	9.24908 9.49301,
	9.24725 9.48567,
	9.22707 9.45816,
	9.19956 9.43982,
	9.17572 9.41598,
	9.15371 9.38664,
	9.13721 9.35729,
	9.12987 9.34262,
	9.12804 9.32795,
	9.12804 9.32244,
	"/>
</Transform>

<Transform dim="0"
 xcoef=" 0 1 0 0 0 0"
 ycoef=" 0 0 1 0 0 0">
<Contour name="d09ax19a" comment="ddh_traced_2017.01" hidden="false" closed="true" simplified="true" border="0.501961 1 0.501961" fill="0.501961 1 0.501961" mode="11"
 points="13.0096 3.56363,
	13.0291 3.52898,
	13.0421 3.51166,
	13.0702 3.44238,
	13.0767 3.40774,
	13.0811 3.33846,
	13.0984 3.26918,
	13.1049 3.25186,
	13.1092 3.21722,
	13.1179 3.18258,
	13.1265 3.16526,
	13.1265 3.16093,
	13.1482 3.12629,
	13.1763 3.09382,
	13.1806 3.08516,
	13.1958 3.07,
	13.2045 3.06134,
	13.2261 3.02886,
	13.2348 3.01154,
	13.2391 3.00288,
	13.2694 2.97041,
	13.2759 2.96391,
	13.2802 2.96391,
	13.3149 2.9401,
	13.3235 2.9336,
	13.3279 2.9336,
	13.3365 2.92494,
	13.3712 2.91412,
	13.3885 2.90979,
	13.3972 2.90546,
	13.4664 2.90113,
	13.5011 2.89896,
	13.5357 2.90113,
	13.553 2.90329,
	13.5682 2.91845,
	13.5704 2.93577,
	13.5682 2.95309,
	13.566 2.95958,
	13.5682 2.96824,
	13.553 3.03752,
	13.5465 3.07217,
	13.5444 3.08949,
	13.5552 3.15877,
	13.5617 3.17609,
	13.5639 3.18475,
	13.5682 3.18908,
	13.5768 3.22372,
	13.579 3.25836,
	13.5682 3.293,
	13.5574 3.31032,
	13.553 3.31898,
	13.5206 3.34712,
	13.4902 3.3796,
	13.4751 3.39692,
	13.4556 3.43156,
	13.4426 3.44888,
	13.4275 3.48352,
	13.4231 3.48785,
	13.4231 3.49218,
	13.4123 3.5095,
	13.4101 3.51816,
	13.4036 3.52682,
	13.3972 3.54414,
	13.3755 3.57878,
	13.3603 3.5961,
	13.3279 3.61992,
	13.2932 3.6394,
	13.2846 3.6459,
	13.2802 3.65023,
	13.2759 3.65023,
	13.2434 3.66971,
	13.2261 3.67404,
	13.1915 3.67404,
	13.1222 3.66105,
	13.1049 3.65889,
	13.1005 3.65889,
	13.0962 3.65456,
	13.0616 3.64373,
	13.0529 3.6394,
	13.0486 3.6394,
	13.0399 3.63291,
	13.0356 3.62858,
	13.0313 3.62858,
	13.0183 3.61126,
	13.0118 3.59394,
	13.0096 3.57662,
	13.0096 3.56796,
	13.0096 3.56579,
	"/>
</Transform>

<Transform dim="0"
 xcoef=" 0 1 0 0 0 0"
 ycoef=" 0 0 1 0 0 0">
<Contour name="d09ax19b" comment="ddh_traced_2017.01" hidden="false" closed="true" simplified="true" border="0.5 0 1" fill="0.5 0 1" mode="11"
 points="9.10996 4.62921,
	9.13087 4.59575,
	9.13924 4.57903,
	9.1706 4.55603,
	9.18733 4.54975,
	9.20405 4.54766,
	9.23751 4.55394,
	9.25423 4.55603,
	9.2626 4.56021,
	9.27932 4.56021,
	9.31278 4.56648,
	9.34623 4.56857,
	9.36296 4.56857,
	9.37132 4.56857,
	9.3755 4.56648,
	9.39223 4.56857,
	9.42569 4.5623,
	9.44241 4.56021,
	9.47587 4.54766,
	9.49259 4.54139,
	9.50932 4.5393,
	9.54278 4.52885,
	9.5595 4.52675,
	9.62641 4.49957,
	9.64314 4.48703,
	9.65986 4.4703,
	9.6745 4.45776,
	9.68914 4.44103,
	9.75186 4.39712,
	9.76859 4.39503,
	9.8355 4.4013,
	9.86895 4.41385,
	9.8815 4.42848,
	9.88568 4.43267,
	9.89195 4.44939,
	9.89404 4.46612,
	9.88986 4.48285,
	9.87313 4.5163,
	9.86477 4.53303,
	9.83759 4.56648,
	9.82923 4.57484,
	9.82504 4.58321,
	9.80832 4.59575,
	9.79368 4.61248,
	9.76232 4.63966,
	9.73095 4.67103,
	9.70377 4.70239,
	9.69959 4.71075,
	9.69123 4.71912,
	9.66823 4.7463,
	9.63896 4.7693,
	9.6055 4.78184,
	9.58877 4.78602,
	9.52187 4.78602,
	9.48841 4.78811,
	9.45496 4.79648,
	9.4215 4.81321,
	9.41732 4.81739,
	9.41314 4.81739,
	9.39641 4.82784,
	9.36296 4.83202,
	9.29605 4.81948,
	9.2626 4.80066,
	9.24796 4.78811,
	9.24169 4.77975,
	9.22496 4.7693,
	9.1936 4.73584,
	9.17896 4.72121,
	9.17478 4.72121,
	9.14133 4.69193,
	9.12669 4.67939,
	9.11414 4.66266,
	9.10996 4.6543,
	9.10996 4.63757,
	9.10996 4.6313,
	"/>
</Transform>

<Transform dim="0"
 xcoef=" 0 1 0 0 0 0"
 ycoef=" 0 0 1 0 0 0">
<Contour name="d09ax21a" comment="ddh_traced_2017.01" hidden="false" closed="true" simplified="true" border="1 1 0" fill="1 1 0" mode="11"
 points="12.099 4.15769,
	12.1027 4.14288,
	12.1119 4.12992,
	12.1397 4.10399,
	12.1545 4.08917,
	12.1675 4.07806,
	12.1805 4.06324,
	12.1879 4.05954,
	12.1971 4.04843,
	12.212 4.03917,
	12.2175 4.03361,
	12.2323 4.02806,
	12.2397 4.0262,
	12.2434 4.0225,
	12.2731 4.02065,
	12.3916 4.03176,
	12.4212 4.02991,
	12.4805 4.0188,
	12.5398 4.01694,
	12.5546 4.0188,
	12.562 4.0225,
	12.5768 4.0225,
	12.5916 4.0262,
	12.6064 4.0262,
	12.6138 4.02991,
	12.6435 4.02991,
	12.6731 4.0262,
	12.7027 4.0262,
	12.7324 4.02991,
	12.7398 4.03361,
	12.7509 4.04843,
	12.7564 4.06324,
	12.7583 4.07806,
	12.7564 4.09288,
	12.7509 4.10769,
	12.7305 4.13732,
	12.7194 4.15214,
	12.7046 4.1614,
	12.6453 4.17807,
	12.6305 4.18177,
	12.6268 4.18547,
	12.5675 4.2077,
	12.5379 4.20955,
	12.5083 4.2077,
	12.4935 4.20585,
	12.4638 4.19473,
	12.4564 4.19288,
	12.449 4.18547,
	12.4342 4.18362,
	12.4194 4.17807,
	12.3601 4.17621,
	12.3009 4.17992,
	12.286 4.17992,
	12.2712 4.18362,
	12.2416 4.18362,
	12.212 4.18918,
	12.1971 4.19103,
	12.1675 4.18918,
	12.1601 4.19103,
	12.1305 4.18733,
	12.1231 4.18733,
	12.1082 4.17807,
	12.099 4.16325,
	12.099 4.15955,
	"/>
</Transform>

<Transform dim="0"
 xcoef=" 0 1 0 0 0 0"
 ycoef=" 0 0 1 0 0 0">
<Contour name="d09ax21b" comment="ddh_traced_2017.01" hidden="false" closed="true" simplified="true" border="1 0.501961 0.752941" fill="1 0.501961 0.752941" mode="11"
 points="9.8915 3.33315,
	9.8945 3.31716,
	9.8965 3.30916,
	9.8965 3.30516,
	9.90149 3.29817,
	9.90949 3.29117,
	9.91149 3.29117,
	9.91948 3.28617,
	9.93548 3.27918,
	9.93947 3.27918,
	9.94747 3.27618,
	9.95147 3.27518,
	9.95546 3.27218,
	9.95946 3.27118,
	9.99144 3.25219,
	9.99944 3.2462,
	10.0074 3.2422,
	10.0094 3.2402,
	10.0114 3.2402,
	10.0194 3.2352,
	10.0234 3.2342,
	10.0554 3.21421,
	10.0714 3.20422,
	10.0874 3.19722,
	10.1034 3.19322,
	10.1354 3.19123,
	10.1673 3.18723,
	10.1833 3.18523,
	10.1873 3.18323,
	10.1913 3.18323,
	10.1933 3.18123,
	10.2253 3.17424,
	10.2573 3.17523,
	10.2733 3.17623,
	10.3053 3.18323,
	10.3213 3.18723,
	10.3532 3.18823,
	10.3852 3.18723,
	10.4012 3.18723,
	10.4092 3.18623,
	10.4412 3.19223,
	10.4492 3.19522,
	10.4532 3.19622,
	10.4612 3.20322,
	10.4632 3.20722,
	10.4632 3.22321,
	10.4622 3.2312,
	10.4412 3.26319,
	10.4112 3.29317,
	10.3962 3.30716,
	10.3882 3.31316,
	10.3842 3.31616,
	10.3522 3.32715,
	10.3203 3.34014,
	10.2883 3.35114,
	10.2843 3.35114,
	10.2803 3.35314,
	10.2643 3.35513,
	10.2483 3.35913,
	10.2163 3.36213,
	10.1524 3.35913,
	10.1204 3.35813,
	10.0884 3.36113,
	10.0724 3.36213,
	10.0404 3.36713,
	10.0244 3.36913,
	9.99244 3.36913,
	9.96046 3.36613,
	9.92848 3.35913,
	9.8965 3.34414,
	9.8915 3.33615,
	9.8915 3.33415,
	"/>
</Transform>

<Transform dim="0"
 xcoef=" 0 1 0 0 0 0"
 ycoef=" 0 0 1 0 0 0">
<Contour name="d09ax22" comment="ddh_traced_2017.01" hidden="false" closed="true" simplified="true" border="0.502 1 0.502" fill="0.502 1 0.502" mode="11"
 points="12.1521 3.28628,
	12.1534 3.28097,
	12.1906 3.23843,
	12.1959 3.23444,
	12.1986 3.23444,
	12.2092 3.22646,
	12.2132 3.2238,
	12.2172 3.21848,
	12.2185 3.21317,
	12.2159 3.1919,
	12.2159 3.18126,
	12.2225 3.15999,
	12.2278 3.14936,
	12.2292 3.12808,
	12.2252 3.10681,
	12.2252 3.1015,
	12.2225 3.09618,
	12.2225 3.08554,
	12.2278 3.06427,
	12.2292 3.05896,
	12.2372 3.04965,
	12.2398 3.04699,
	12.2611 3.04433,
	12.2824 3.04433,
	12.3036 3.04965,
	12.3143 3.05364,
	12.3249 3.06161,
	12.3515 3.10283,
	12.3847 3.14404,
	12.4033 3.16132,
	12.4126 3.1693,
	12.418 3.17196,
	12.4352 3.19323,
	12.4445 3.20386,
	12.4512 3.21317,
	12.4552 3.21848,
	12.4565 3.2238,
	12.4592 3.22646,
	12.4658 3.24773,
	12.4618 3.269,
	12.4485 3.29027,
	12.4445 3.29559,
	12.4406 3.30622,
	12.4392 3.31154,
	12.4246 3.33281,
	12.414 3.34212,
	12.4113 3.34478,
	12.4086 3.34478,
	12.406 3.34744,
	12.3634 3.36206,
	12.3422 3.36738,
	12.3209 3.36871,
	12.2784 3.36472,
	12.2358 3.35408,
	12.1933 3.33946,
	12.172 3.32617,
	12.164 3.31952,
	12.1574 3.30888,
	12.1547 3.30622,
	12.1521 3.29559,
	12.1521 3.29027,
	12.1521 3.28761,
	"/>
</Transform>

<Transform dim="0"
 xcoef=" 0 1 0 0 0 0"
 ycoef=" 0 0 1 0 0 0">
<Contour name="d09ax28b" comment="ddh_traced_2017.01" hidden="false" closed="true" simplified="true" border="1 0 0" fill="1 0 0" mode="11"
 points="12.3647 2.63859,
	12.3806 2.60465,
	12.3848 2.59617,
	12.388 2.59299,
	12.3965 2.59193,
	12.4007 2.5898,
	12.4686 2.58662,
	12.5025 2.58556,
	12.5195 2.58556,
	12.5534 2.59086,
	12.5704 2.59617,
	12.5874 2.60359,
	12.6043 2.6142,
	12.6128 2.6195,
	12.6171 2.62374,
	12.6192 2.62374,
	12.6362 2.63541,
	12.6446 2.64071,
	12.6489 2.64177,
	12.6574 2.64707,
	12.6616 2.64919,
	12.6637 2.65131,
	12.6659 2.65131,
	12.668 2.65344,
	12.6701 2.65344,
	12.686 2.6651,
	12.6934 2.66934,
	12.7104 2.68207,
	12.7189 2.68843,
	12.721 2.68843,
	12.7252 2.69161,
	12.7337 2.6948,
	12.7422 2.69586,
	12.7465 2.69798,
	12.7804 2.70116,
	12.8483 2.70328,
	12.8652 2.70434,
	12.8737 2.70434,
	12.8907 2.70858,
	12.8949 2.70858,
	12.9119 2.71495,
	12.9161 2.71601,
	12.9246 2.72131,
	12.9289 2.72343,
	12.931 2.72555,
	12.9352 2.72661,
	12.9501 2.73934,
	12.9639 2.75525,
	12.9766 2.76903,
	12.983 2.77646,
	12.9999 2.79236,
	13.0084 2.79767,
	13.0254 2.81145,
	13.0583 2.83479,
	13.0667 2.83903,
	13.0742 2.84645,
	13.0784 2.85069,
	13.0837 2.85812,
	13.0858 2.86236,
	13.0805 2.87933,
	13.0784 2.88145,
	13.0614 2.88781,
	13.0445 2.88887,
	13.0275 2.88781,
	12.9936 2.88039,
	12.9766 2.87296,
	12.9427 2.8613,
	12.9384 2.85918,
	12.9363 2.85918,
	12.9352 2.85706,
	12.9267 2.85388,
	12.9183 2.84751,
	12.914 2.84539,
	12.9055 2.83797,
	12.8971 2.83266,
	12.8928 2.83054,
	12.8886 2.8263,
	12.8801 2.821,
	12.8727 2.81251,
	12.8642 2.80721,
	12.8557 2.79979,
	12.8493 2.7913,
	12.8461 2.78706,
	12.8313 2.7754,
	12.8249 2.76797,
	12.809 2.75737,
	12.7921 2.74994,
	12.7751 2.74464,
	12.7666 2.74358,
	12.7581 2.7404,
	12.6903 2.73404,
	12.6563 2.73085,
	12.6224 2.73085,
	12.6054 2.73085,
	12.5884 2.72767,
	12.58 2.72767,
	12.546 2.71813,
	12.5291 2.7107,
	12.5121 2.70116,
	12.4781 2.68737,
	12.4697 2.68631,
	12.4527 2.68101,
	12.4357 2.67889,
	12.4188 2.67359,
	12.4103 2.67253,
	12.406 2.6704,
	12.4018 2.6704,
	12.3933 2.66722,
	12.3763 2.65556,
	12.3647 2.63965,
	"/>
</Transform>

<Transform dim="0"
 xcoef=" 0 1 0 0 0 0"
 ycoef=" 0 0 1 0 0 0">
<Contour name="d29ax25" comment="ddh_traced_mar2017" hidden="false" closed="true" simplified="true" border="0 1 1" fill="1 0 0" mode="11"
 points="4.33273 3.93059,
	4.34627 3.91705,
	4.354 3.90932,
	4.36173 3.90545,
	4.39267 3.90545,
	4.40813 3.90739,
	4.43907 3.90545,
	4.47 3.90739,
	4.47774 3.90739,
	4.48547 3.91125,
	4.5164 3.91705,
	4.54734 3.92865,
	4.56281 3.93445,
	4.57247 3.94412,
	4.57634 3.94412,
	4.60534 3.96925,
	4.61114 3.97699,
	4.61501 3.99245,
	4.61501 4.00792,
	4.61114 4.02339,
	4.61114 4.03112,
	4.60341 4.04659,
	4.58987 4.06012,
	4.57634 4.06979,
	4.56087 4.07559,
	4.52994 4.07946,
	4.499 4.07559,
	4.46807 4.06786,
	4.4526 4.06399,
	4.44487 4.06399,
	4.41393 4.05432,
	4.39847 4.05046,
	4.39073 4.04852,
	4.37913 4.03692,
	4.37333 4.02919,
	4.3482 3.96732,
	4.34433 3.96345,
	4.33273 3.93252,
	"/>
</Transform>

<Transform dim="0"
 xcoef=" 0 1 0 0 0 0"
 ycoef=" 0 0 1 0 0 0">
<Contour name="d29ax24" comment="ddh_traced_apr2017" hidden="false" closed="true" simplified="true" border="0.501961 1 0.501961" fill="0.501961 1 0.501961" mode="11"
 points="8.08989 3.49153,
	8.09262 3.48058,
	8.09399 3.47511,
	8.09399 3.47237,
	8.09809 3.4669,
	8.10083 3.4669,
	8.10357 3.46416,
	8.1063 3.46416,
	8.10904 3.46143,
	8.13093 3.45595,
	8.15282 3.45322,
	8.16377 3.45048,
	8.17471 3.45048,
	8.21849 3.43954,
	8.22944 3.43406,
	8.23491 3.43133,
	8.23765 3.43133,
	8.23901 3.42859,
	8.24175 3.42859,
	8.24312 3.42585,
	8.24585 3.42585,
	8.24859 3.42312,
	8.25133 3.42312,
	8.25406 3.42038,
	8.2568 3.42038,
	8.25817 3.41764,
	8.26364 3.41628,
	8.30742 3.38755,
	8.32247 3.36565,
	8.34573 3.32187,
	8.35394 3.31093,
	8.35668 3.30819,
	8.35941 3.30819,
	8.36215 3.30546,
	8.38404 3.30272,
	8.42782 3.30272,
	8.44971 3.30272,
	8.46065 3.30135,
	8.48255 3.28767,
	8.49349 3.28083,
	8.50444 3.27673,
	8.52633 3.27399,
	8.56874 3.2521,
	8.59063 3.24389,
	8.61252 3.23294,
	8.6563 3.22063,
	8.70008 3.22474,
	8.72197 3.2261,
	8.72744 3.22747,
	8.73292 3.2261,
	8.75481 3.22884,
	8.79859 3.22884,
	8.84237 3.23158,
	8.85331 3.23158,
	8.86426 3.23431,
	8.86973 3.23431,
	8.8752 3.23705,
	8.8971 3.23705,
	8.91899 3.24115,
	8.92993 3.24526,
	8.93267 3.24526,
	8.93814 3.24936,
	8.94909 3.25347,
	8.95182 3.25347,
	8.95729 3.25757,
	8.96003 3.25757,
	8.97098 3.26441,
	8.99287 3.27125,
	8.99834 3.27399,
	9.04212 3.28083,
	9.12968 3.28767,
	9.17346 3.29177,
	9.19535 3.29314,
	9.2063 3.29451,
	9.22819 3.30409,
	9.23913 3.31093,
	9.24597 3.32051,
	9.2405 3.33145,
	9.21861 3.3465,
	9.19672 3.35334,
	9.15294 3.35608,
	9.10916 3.36155,
	9.08727 3.36565,
	9.04349 3.36839,
	9.0216 3.36565,
	8.97782 3.35197,
	8.97234 3.35197,
	8.96687 3.34924,
	8.9614 3.34924,
	8.95593 3.3465,
	8.95045 3.3465,
	8.94498 3.34376,
	8.9012 3.33966,
	8.87931 3.34103,
	8.86836 3.3424,
	8.84647 3.35061,
	8.83553 3.35745,
	8.81364 3.3766,
	8.7767 3.42038,
	8.75481 3.4409,
	8.73429 3.45869,
	8.72334 3.46963,
	8.71787 3.47511,
	8.69598 3.48332,
	8.67409 3.48468,
	8.6522 3.48195,
	8.64125 3.47921,
	8.63031 3.47374,
	8.61936 3.471,
	8.60842 3.47237,
	8.59747 3.47921,
	8.58926 3.48879,
	8.57832 3.49837,
	8.56737 3.50384,
	8.54548 3.50657,
	8.5017 3.497,
	8.49623 3.49837,
	8.49349 3.49837,
	8.48802 3.50247,
	8.47707 3.50384,
	8.43329 3.52573,
	8.34573 3.56267,
	8.32384 3.56677,
	8.30195 3.56541,
	8.291 3.56404,
	8.28553 3.5613,
	8.26364 3.55856,
	8.21986 3.54899,
	8.20891 3.54625,
	8.16513 3.54351,
	8.14324 3.54215,
	8.12135 3.53394,
	8.11041 3.5271,
	8.09946 3.51615,
	8.09262 3.50521,
	8.08989 3.49973,
	8.08989 3.49426,
	8.08989 3.49289,
	"/>
</Transform>

<Transform dim="0"
 xcoef=" 0 1 0 0 0 0"
 ycoef=" 0 0 1 0 0 0">
<Contour name="d09" comment="dch_traced_062019" hidden="false" closed="true" simplified="true" border="1 1 0.501961" fill="1 1 0.501961" mode="11"
 points="10.351 4.79781,
	10.3604 4.77635,
	10.3765 4.75488,
	10.3979 4.73476,
	10.4087 4.72536,
	10.4221 4.7039,
	10.4315 4.69451,
	10.4422 4.68914,
	10.4516 4.68109,
	10.457 4.67572,
	10.4637 4.66499,
	10.4731 4.64352,
	10.4784 4.63279,
	10.4838 4.62742,
	10.5267 4.60327,
	10.5697 4.58181,
	10.5898 4.56302,
	10.6099 4.54155,
	10.6314 4.5335,
	10.6529 4.52948,
	10.6743 4.52814,
	10.6958 4.53082,
	10.7065 4.53082,
	10.728 4.53887,
	10.7481 4.55631,
	10.7508 4.559,
	10.7615 4.559,
	10.7669 4.55631,
	10.7776 4.54692,
	10.7991 4.53216,
	10.8206 4.52545,
	10.8635 4.5268,
	10.9064 4.53619,
	10.9172 4.53887,
	10.9225 4.54155,
	10.944 4.54424,
	10.9547 4.54692,
	11.0406 4.55363,
	11.0621 4.55363,
	11.105 4.56034,
	11.1265 4.56034,
	11.1372 4.559,
	11.1587 4.55095,
	11.2016 4.55229,
	11.2445 4.559,
	11.266 4.57107,
	11.2687 4.57376,
	11.2741 4.5751,
	11.2955 4.58986,
	11.3009 4.60059,
	11.3049 4.62206,
	11.3063 4.63279,
	11.3063 4.63816,
	11.3089 4.64352,
	11.3103 4.65426,
	11.3183 4.67572,
	11.3237 4.68646,
	11.3398 4.70792,
	11.3478 4.71866,
	11.3505 4.72402,
	11.3559 4.72939,
	11.3707 4.74951,
	11.3908 4.76964,
	11.4109 4.78708,
	11.4136 4.78976,
	11.419 4.79111,
	11.4243 4.79513,
	11.4673 4.80855,
	11.5102 4.82465,
	11.5209 4.82867,
	11.5424 4.84343,
	11.5639 4.86087,
	11.5746 4.87026,
	11.5826 4.881,
	11.588 4.88636,
	11.5987 4.90783,
	11.6041 4.91856,
	11.6108 4.94003,
	11.6135 4.9454,
	11.6175 4.96686,
	11.6202 4.9776,
	11.6202 4.99906,
	11.6148 5.02053,
	11.6041 5.042,
	11.5907 5.06346,
	11.5746 5.08493,
	11.5545 5.1064,
	11.533 5.11579,
	11.5223 5.12384,
	11.5169 5.12652,
	11.474 5.16275,
	11.4525 5.17885,
	11.4471 5.18287,
	11.4257 5.1869,
	11.4042 5.19361,
	11.3827 5.19763,
	11.3613 5.19897,
	11.3398 5.19629,
	11.2969 5.1869,
	11.2915 5.18556,
	11.27 5.19629,
	11.2593 5.203,
	11.2553 5.20702,
	11.2123 5.21642,
	11.1694 5.22983,
	11.1479 5.23654,
	11.105 5.2352,
	11.0943 5.23386,
	11.0728 5.22447,
	11.0299 5.20032,
	10.9869 5.18824,
	10.944 5.17885,
	10.9011 5.17617,
	10.8152 5.17751,
	10.7723 5.17348,
	10.7508 5.16946,
	10.7401 5.16677,
	10.7347 5.16677,
	10.6918 5.14933,
	10.6703 5.1386,
	10.6488 5.12518,
	10.6435 5.1225,
	10.622 5.10103,
	10.6126 5.09298,
	10.5697 5.05407,
	10.5589 5.04602,
	10.5496 5.03529,
	10.5442 5.02992,
	10.5294 5.00846,
	10.4919 4.96686,
	10.4503 4.92527,
	10.4301 4.90515,
	10.4208 4.89441,
	10.3993 4.87831,
	10.3886 4.87161,
	10.3778 4.86087,
	10.3631 4.83941,
	10.3537 4.81794,
	10.351 4.81257,
	10.351 4.80184,
	10.351 4.79916,
	"/>
</Transform>

</Section>