<?xml version="1.0"?>
<!DOCTYPE Section SYSTEM "section.dtd">

<Section index="168" thickness="0.051" alignLocked="true">
<Transform dim="0"
 xcoef=" 0 1 0 0 0 0"
 ycoef=" 0 0 1 0 0 0">
<Image mag="0.00223" contrast="0.897993" brightness="-0.075" red="true" green="true" blue="true"
 src="166____z165.0.tif" />
<Contour name="domain1" hidden="false" closed="true" simplified="false" border="1 0 1" fill="1 0 1" mode="11"
 points="0 0,
	8752 0,
	8752 5074,
	0 5074,
	"/>
</Transform>

<Transform dim="0"
 xcoef=" 0 1 0 0 0 0"
 ycoef=" 0 0 1 0 0 0">
<Contour name="mito09" hidden="false" closed="false" simplified="true" border="1 0 0" fill="1 0.5 0" mode="11"
 points="3.49838 9.59955,
	3.60474 9.35458,
	"/>
</Transform>

<Transform dim="0"
 xcoef=" 0 1 0 0 0 0"
 ycoef=" 0 0 1 0 0 0">
<Contour name="D68" hidden="false" closed="true" simplified="true" border="0 0.501961 0" fill="0 0.501961 0" mode="13"
 points="5.11953 5.11517,
	5.12598 5.08698,
	5.14469 5.06154,
	5.17385 5.04137,
	5.21057 5.02841,
	5.2513 5.02394,
	5.29201 5.02841,
	5.32874 5.04137,
	5.3579 5.06154,
	5.37661 5.08698,
	5.38307 5.11517,
	5.37661 5.14336,
	5.3579 5.16879,
	5.32874 5.18898,
	5.29201 5.20192,
	5.2513 5.2064,
	5.21057 5.20192,
	5.17385 5.18898,
	5.14469 5.16879,
	"/>
</Transform>

<Transform dim="0"
 xcoef=" 0 1 0 0 0 0"
 ycoef=" 0 0 1 0 0 0">
<Contour name="D09" hidden="false" closed="true" simplified="true" border="0 1 0" fill="0 1 0" mode="13"
 points="10.8546 4.84549,
	10.8601 4.8236,
	10.8759 4.80384,
	10.9005 4.78816,
	10.9316 4.77809,
	10.966 4.77462,
	11.0003 4.77809,
	11.0315 4.78816,
	11.0561 4.80384,
	11.0719 4.8236,
	11.0774 4.84549,
	11.0719 4.8674,
	11.0561 4.88715,
	11.0315 4.90284,
	11.0003 4.91291,
	10.966 4.91637,
	10.9316 4.91291,
	10.9005 4.90284,
	10.8759 4.88715,
	"/>
</Transform>

<Transform dim="0"
 xcoef=" 0 1 0 0 0 0"
 ycoef=" 0 0 1 0 0 0">
<Contour name="D32" hidden="false" closed="true" simplified="true" border="0.5 0 1" fill="0.5 0 1" mode="13"
 points="3.6477 5.61155,
	3.65257 5.5926,
	3.66674 5.57549,
	3.6888 5.56191,
	3.7166 5.5532,
	3.74741 5.55019,
	3.77823 5.5532,
	3.80603 5.56191,
	3.8281 5.57549,
	3.84225 5.5926,
	3.84714 5.61155,
	3.84225 5.63052,
	3.8281 5.64763,
	3.80603 5.66121,
	3.77823 5.66992,
	3.74741 5.67292,
	3.7166 5.66992,
	3.6888 5.66121,
	3.66674 5.64763,
	"/>
</Transform>

<Transform dim="0"
 xcoef=" 0 1 0 0 0 0"
 ycoef=" 0 0 1 0 0 0">
<Contour name="d32" hidden="false" closed="true" simplified="true" border="1 0 0" fill="1 0 0" mode="11"
 points="3.14157 5.34456,
	3.14967 5.29268,
	3.15453 5.26675,
	3.16264 5.24081,
	3.17398 5.21487,
	3.17398 5.21163,
	3.18047 5.20515,
	3.19668 5.18084,
	3.21776 5.15489,
	3.24207 5.13706,
	3.26801 5.12572,
	3.28097 5.12248,
	3.28746 5.11922,
	3.33934 5.11761,
	3.3523 5.11599,
	3.37662 5.10303,
	3.40256 5.08682,
	3.42849 5.07871,
	3.45443 5.07385,
	3.50631 5.07223,
	3.53223 5.07223,
	3.58411 5.07871,
	3.61004 5.08194,
	3.61653 5.08194,
	3.64084 5.0933,
	3.65219 5.10627,
	3.65867 5.11761,
	3.69597 5.16787,
	3.71703 5.19055,
	3.74297 5.20838,
	3.74783 5.21163,
	3.7608 5.22298,
	3.80295 5.27161,
	3.8143 5.28296,
	3.84024 5.30079,
	3.89049 5.32834,
	3.90346 5.33159,
	3.90994 5.33645,
	3.93588 5.34618,
	3.96181 5.36239,
	3.97154 5.37049,
	3.97965 5.38184,
	3.98613 5.38508,
	3.99748 5.39644,
	4.00396 5.4013,
	4.0072 5.40615,
	4.01369 5.41264,
	4.02017 5.41589,
	4.02503 5.42237,
	4.0299 5.42561,
	4.05421 5.44993,
	4.07204 5.47424,
	4.08338 5.4856,
	4.0915 5.49694,
	4.11257 5.518,
	4.12554 5.52774,
	4.13526 5.53745,
	4.13851 5.53745,
	4.19037 5.56826,
	4.19686 5.5715,
	4.20011 5.57474,
	4.20334 5.57474,
	4.2536 5.60878,
	4.26495 5.61851,
	4.27144 5.62175,
	4.2844 5.6331,
	4.30872 5.65093,
	4.32169 5.66066,
	4.32493 5.66066,
	4.33141 5.66715,
	4.3541 5.68498,
	4.36221 5.6947,
	4.36707 5.70118,
	4.37031 5.70443,
	4.37031 5.70767,
	4.37355 5.71091,
	4.38166 5.73685,
	4.37843 5.76279,
	4.37355 5.77575,
	4.36221 5.7871,
	4.33627 5.79521,
	4.2844 5.80007,
	4.27791 5.80169,
	4.26657 5.80979,
	4.25847 5.82276,
	4.2536 5.82924,
	4.25199 5.83573,
	4.24225 5.8487,
	4.22928 5.85843,
	4.21794 5.8714,
	4.21469 5.87626,
	4.18876 5.89247,
	4.16444 5.90544,
	4.15796 5.9103,
	4.15471 5.9103,
	4.14175 5.92166,
	4.12878 5.92975,
	4.10447 5.95082,
	4.09798 5.95568,
	4.09473 5.96055,
	4.07042 5.98648,
	4.05745 5.9946,
	4.03152 5.99622,
	4.02827 5.99296,
	4.01531 5.99135,
	3.98937 5.98325,
	3.98289 5.98,
	3.95695 5.97839,
	3.93101 5.98,
	3.91804 5.98163,
	3.89211 5.99135,
	3.86618 5.99784,
	3.85321 5.99622,
	3.82888 5.98648,
	3.81593 5.98811,
	3.78998 5.99784,
	3.7835 5.99784,
	3.77702 6.00108,
	3.75108 6.00594,
	3.6992 6.00756,
	3.67327 6.00431,
	3.62139 5.98811,
	3.61816 5.98487,
	3.60518 5.98,
	3.5987 5.97839,
	3.59221 5.97351,
	3.56628 5.96217,
	3.5598 5.95731,
	3.55656 5.95731,
	3.53062 5.93948,
	3.50469 5.92489,
	3.49171 5.91516,
	3.46578 5.90057,
	3.44146 5.88274,
	3.43012 5.87301,
	3.42201 5.86491,
	3.42039 5.85843,
	3.40579 5.8325,
	3.40579 5.82924,
	3.40093 5.82438,
	3.39931 5.8179,
	3.38473 5.79196,
	3.37987 5.78548,
	3.37175 5.75954,
	3.36851 5.75792,
	3.35717 5.73199,
	3.35068 5.71902,
	3.34582 5.71254,
	3.3442 5.70767,
	3.3296 5.68172,
	3.32312 5.66877,
	3.31826 5.66228,
	3.31663 5.6558,
	3.31177 5.65093,
	3.30368 5.62499,
	3.29719 5.61203,
	3.29394 5.59907,
	3.27287 5.54719,
	3.26963 5.54071,
	3.26963 5.53422,
	3.25828 5.50828,
	3.23721 5.48396,
	3.22424 5.47586,
	3.221 5.47263,
	3.21776 5.47263,
	3.19345 5.45155,
	3.19019 5.45155,
	3.16913 5.42561,
	3.16427 5.42075,
	3.16264 5.41427,
	3.15453 5.4013,
	3.1513 5.39482,
	3.14805 5.39156,
	3.14319 5.36563,
	3.14157 5.35266,
	3.14157 5.34618,
	"/>
</Transform>

<Transform dim="0"
 xcoef=" 0 1 0 0 0 0"
 ycoef=" 0 0 1 0 0 0">
<Contour name="d32sp37" hidden="false" closed="true" simplified="true" border="1 0 0" fill="1 0 0" mode="11"
 points="3.05351 4.19276,
	3.05512 4.18634,
	3.05832 4.17991,
	3.05913 4.17672,
	3.06233 4.1743,
	3.07036 4.16227,
	3.07036 4.16067,
	3.07276 4.15745,
	3.07437 4.15103,
	3.07356 4.1382,
	3.07356 4.13499,
	3.07116 4.12857,
	3.07116 4.12697,
	3.06956 4.12536,
	3.06714 4.11253,
	3.06555 4.10611,
	3.06555 4.09327,
	3.06474 4.08685,
	3.06634 4.07402,
	3.06875 4.0676,
	3.07036 4.06599,
	3.07195 4.06599,
	3.08319 4.05556,
	3.0888 4.04914,
	3.09603 4.03632,
	3.09923 4.0331,
	3.10245 4.03149,
	3.11527 4.0307,
	3.12812 4.0331,
	3.13454 4.03552,
	3.16021 4.03632,
	3.18589 4.0347,
	3.1923 4.0347,
	3.19872 4.03711,
	3.20434 4.04113,
	3.20755 4.04273,
	3.21076 4.04675,
	3.21557 4.05957,
	3.21718 4.06279,
	3.21718 4.08846,
	3.22038 4.13981,
	3.22119 4.15264,
	3.22038 4.16548,
	3.21798 4.17831,
	3.21316 4.19115,
	3.20996 4.19757,
	3.19953 4.21041,
	3.1931 4.21522,
	3.1899 4.21763,
	3.17786 4.22244,
	3.16582 4.23367,
	3.15941 4.23849,
	3.153 4.2449,
	3.14817 4.25132,
	3.14256 4.26335,
	3.13935 4.26978,
	3.13534 4.28261,
	3.12892 4.29545,
	3.12411 4.30187,
	3.1225 4.30507,
	3.11609 4.30988,
	3.11368 4.3123,
	3.10726 4.3139,
	3.10084 4.3139,
	3.09923 4.3139,
	3.09603 4.3115,
	3.088 4.29865,
	3.0856 4.28583,
	3.0856 4.27298,
	3.0856 4.26656,
	3.08159 4.25374,
	3.07837 4.25052,
	3.07437 4.2449,
	3.07276 4.2425,
	3.06072 4.23207,
	3.05751 4.22565,
	3.05512 4.21282,
	3.05432 4.19997,
	3.05351 4.19356,
	"/>
</Transform>

<Transform dim="0"
 xcoef=" 0 1 0 0 0 0"
 ycoef=" 0 0 1 0 0 0">
<Contour name="d32cfa38" hidden="false" closed="false" simplified="false" border="0 1 0" fill="0 0.502 1" mode="11"
 points="3.23164 6.72492,
	3.25305 6.73143,
	3.27817 6.74723,
	3.29678 6.7677,
	3.30887 6.78631,
	3.3191 6.80865,
	3.32841 6.83749,
	3.32934 6.87192,
	3.32562 6.89983,
	3.32095 6.92308,
	3.31166 6.95007,
	"/>
</Transform>

<Transform dim="0"
 xcoef=" 0 1 0 0 0 0"
 ycoef=" 0 0 1 0 0 0">
<Contour name="d32sp38" hidden="false" closed="true" simplified="true" border="1 0 0" fill="1 0 0" mode="11"
 points="2.93404 6.49963,
	2.943 6.48532,
	2.943 6.48353,
	2.95731 6.47369,
	2.97162 6.46653,
	2.98593 6.46385,
	3.01455 6.46385,
	3.04318 6.46206,
	3.0718 6.46295,
	3.10043 6.46206,
	3.10759 6.46026,
	3.11116 6.45938,
	3.12548 6.44954,
	3.13264 6.44506,
	3.14695 6.4397,
	3.1532 6.43612,
	3.18183 6.42718,
	3.18899 6.42628,
	3.19257 6.42539,
	3.20688 6.42985,
	3.21404 6.43343,
	3.22835 6.43612,
	3.25697 6.43164,
	3.27129 6.43074,
	3.29991 6.43343,
	3.32853 6.43791,
	3.35716 6.44684,
	3.37147 6.45312,
	3.38578 6.46295,
	3.39294 6.46832,
	3.39651 6.47011,
	3.40904 6.48442,
	3.4144 6.49158,
	3.42871 6.505,
	3.48598 6.54077,
	3.50029 6.55241,
	3.50475 6.55867,
	3.52085 6.61591,
	3.5468 6.67317,
	3.56022 6.70179,
	3.57005 6.73041,
	3.57274 6.74472,
	3.57453 6.80198,
	3.57363 6.85923,
	3.57095 6.87354,
	3.57005 6.88786,
	3.56648 6.90217,
	3.56022 6.91648,
	3.54054 6.9451,
	3.5307 6.95941,
	3.50654 6.98803,
	3.49223 7.00235,
	3.47792 7.01488,
	3.42871 7.07212,
	3.4153 7.08554,
	3.40815 7.09002,
	3.40098 7.09181,
	3.39563 7.09806,
	3.38846 7.10344,
	3.37415 7.10612,
	3.367 7.10612,
	3.35268 7.1088,
	3.33837 7.1088,
	3.33122 7.10702,
	3.32764 7.10612,
	3.29902 7.11864,
	3.28471 7.12312,
	3.2704 7.12401,
	3.25608 7.12312,
	3.24176 7.12579,
	3.22745 7.12312,
	3.21313 7.12759,
	3.18451 7.13117,
	3.17736 7.13117,
	3.16305 7.1249,
	3.15947 7.12312,
	3.15231 7.12222,
	3.14515 7.12401,
	3.138 7.12848,
	3.12369 7.13474,
	3.11653 7.13743,
	3.10222 7.14548,
	3.09506 7.14727,
	3.08075 7.14637,
	3.07359 7.14369,
	3.05928 7.13206,
	3.04944 7.11775,
	3.04407 7.10344,
	3.04318 7.09986,
	3.04318 7.09806,
	3.04139 7.09627,
	3.04049 7.08196,
	3.04139 7.07482,
	3.05392 7.0605,
	3.06106 7.05334,
	3.07269 7.03903,
	3.07717 7.03188,
	3.09058 7.01755,
	3.09775 7.01041,
	3.1049 7.00593,
	3.10848 7.00324,
	3.11206 7.00235,
	3.11564 6.99967,
	3.12279 6.99788,
	3.15141 6.99699,
	3.18004 6.99252,
	3.19436 6.98982,
	3.20867 6.98536,
	3.21582 6.98178,
	3.22298 6.97999,
	3.22655 6.97731,
	3.24088 6.97104,
	3.24802 6.96658,
	3.25519 6.96389,
	3.25876 6.9612,
	3.27307 6.95495,
	3.28022 6.95048,
	3.28381 6.94689,
	3.28739 6.9451,
	3.29902 6.93079,
	3.3026 6.92721,
	3.30349 6.92364,
	3.30616 6.92006,
	3.31422 6.89143,
	3.31601 6.87712,
	3.31422 6.84849,
	3.29544 6.79125,
	3.29454 6.78767,
	3.28292 6.77336,
	3.27575 6.76977,
	3.27218 6.7671,
	3.26861 6.7662,
	3.23997 6.74472,
	3.22566 6.73758,
	3.21134 6.72684,
	3.19882 6.71342,
	3.19525 6.70984,
	3.1872 6.69553,
	3.17736 6.68122,
	3.17289 6.67406,
	3.1693 6.67049,
	3.15141 6.64186,
	3.14426 6.6347,
	3.12995 6.62396,
	3.12279 6.6177,
	3.11564 6.61414,
	3.08701 6.60518,
	3.05838 6.59981,
	3.05124 6.59804,
	3.04765 6.59624,
	3.03334 6.59445,
	3.01903 6.58998,
	3.00471 6.58193,
	3.00114 6.57924,
	2.97251 6.57656,
	2.9582 6.57477,
	2.94389 6.5703,
	2.93673 6.56404,
	2.93494 6.56046,
	2.93404 6.50321,
	2.93404 6.50052,
	"/>
</Transform>

<Transform dim="0"
 xcoef=" 0 1 0 0 0 0"
 ycoef=" 0 0 1 0 0 0">
<Contour name="d32c38" hidden="false" closed="true" simplified="true" border="0 0 1" fill="0 0 1" mode="11"
 points="3.21352 6.75944,
	3.21535 6.74974,
	3.21838 6.74004,
	3.21959 6.73518,
	3.22384 6.72547,
	3.22748 6.72123,
	3.23718 6.71152,
	3.24203 6.7097,
	3.25175 6.7097,
	3.27114 6.71637,
	3.27357 6.71819,
	3.27842 6.71941,
	3.28814 6.72488,
	3.29299 6.72791,
	3.2954 6.72911,
	3.29723 6.73154,
	3.29844 6.73154,
	3.31604 6.74914,
	3.32453 6.75762,
	3.32877 6.76247,
	3.3312 6.7649,
	3.33908 6.78431,
	3.33969 6.78673,
	3.3409 6.78795,
	3.34272 6.7928,
	3.34393 6.79402,
	3.34393 6.79523,
	3.34697 6.79948,
	3.35849 6.83829,
	3.35849 6.8577,
	3.35728 6.87712,
	3.35304 6.89653,
	3.34697 6.91593,
	3.34393 6.92564,
	3.33969 6.93535,
	3.33848 6.93777,
	3.33726 6.93898,
	3.33666 6.94142,
	3.32877 6.95051,
	3.32635 6.95293,
	3.31663 6.95414,
	3.30694 6.95172,
	3.29723 6.94748,
	3.29237 6.94505,
	3.28267 6.94262,
	3.27783 6.9408,
	3.27539 6.93959,
	3.27418 6.93959,
	3.27297 6.93838,
	3.26872 6.93655,
	3.26629 6.93413,
	3.26447 6.93292,
	3.26084 6.92867,
	3.25962 6.92746,
	3.25598 6.91775,
	3.25478 6.91533,
	3.25478 6.9129,
	3.25175 6.9032,
	3.25052 6.90198,
	3.2481 6.89228,
	3.23961 6.87348,
	3.23718 6.86863,
	3.23657 6.8662,
	3.23475 6.86376,
	3.23112 6.85407,
	3.2299 6.85285,
	3.22687 6.84315,
	3.22444 6.83829,
	3.22444 6.83587,
	3.22141 6.82616,
	3.21959 6.82131,
	3.21959 6.81889,
	3.21838 6.81646,
	3.21717 6.80675,
	3.21474 6.79705,
	3.21352 6.78735,
	3.21352 6.76794,
	3.21352 6.76309,
	3.21352 6.76065,
	3.21352 6.76005,
	"/>
</Transform>

<Transform dim="0"
 xcoef=" 0 1 0 0 0 0"
 ycoef=" 0 0 1 0 0 0">
<Contour name="D50" hidden="false" closed="true" simplified="true" border="0 1 1" fill="0 1 1" mode="-15"
 points="15.613 3.67975,
	15.617 3.66096,
	15.6285 3.64401,
	15.6464 3.63055,
	15.669 3.62192,
	15.6941 3.61894,
	15.7191 3.62192,
	15.7417 3.63055,
	15.7598 3.64401,
	15.7712 3.66096,
	15.7751 3.67975,
	15.7712 3.69855,
	15.7598 3.71551,
	15.7417 3.72896,
	15.7191 3.7376,
	15.6941 3.74057,
	15.669 3.7376,
	15.6464 3.72896,
	15.6285 3.71551,
	"/>
</Transform>

<Transform dim="0"
 xcoef=" 0 1 0 0 0 0"
 ycoef=" 0 0 1 0 0 0">
<Contour name="d50sp16" hidden="false" closed="true" simplified="true" border="1 0 0" fill="1 0 0" mode="-11"
 points="15.5675 4.34444,
	15.572 4.34387,
	15.5811 4.34501,
	15.5834 4.34615,
	15.588 4.34671,
	15.5902 4.34671,
	15.5914 4.34785,
	15.5937 4.34785,
	15.5959 4.34899,
	15.5982 4.34899,
	15.6164 4.35525,
	15.6255 4.35753,
	15.6301 4.35923,
	15.6323 4.3598,
	15.6335 4.3598,
	15.6346 4.36094,
	15.6392 4.36208,
	15.6415 4.36208,
	15.6437 4.36322,
	15.646 4.36322,
	15.65 4.36492,
	15.6545 4.36549,
	15.6557 4.36663,
	15.658 4.36663,
	15.6602 4.36777,
	15.6693 4.36948,
	15.6739 4.37062,
	15.6784 4.37062,
	15.6966 4.37346,
	15.7149 4.37346,
	15.724 4.37403,
	15.7285 4.37403,
	15.7331 4.37289,
	15.7376 4.37289,
	15.7558 4.37004,
	15.7581 4.37004,
	15.7604 4.36892,
	15.7695 4.36777,
	15.774 4.36606,
	15.7922 4.36379,
	15.8014 4.36265,
	15.8059 4.36208,
	15.8082 4.36152,
	15.8088 4.36265,
	15.7962 4.37915,
	15.7934 4.38256,
	15.7849 4.38939,
	15.7826 4.39054,
	15.782 4.39167,
	15.7803 4.39225,
	15.7757 4.39565,
	15.7746 4.39565,
	15.7706 4.3985,
	15.7689 4.40021,
	15.7678 4.40021,
	15.7666 4.40192,
	15.7581 4.40761,
	15.7536 4.41103,
	15.7513 4.41216,
	15.7501 4.41329,
	15.749 4.41329,
	15.745 4.41615,
	15.7405 4.41785,
	15.7382 4.41785,
	15.7359 4.41898,
	15.7177 4.41956,
	15.7086 4.42013,
	15.6904 4.42297,
	15.6722 4.4224,
	15.6676 4.42184,
	15.6665 4.42069,
	15.6643 4.42069,
	15.646 4.41444,
	15.6415 4.41216,
	15.6392 4.41103,
	15.638 4.40988,
	15.6369 4.40988,
	15.6284 4.40419,
	15.621 4.39794,
	15.6045 4.38542,
	15.6005 4.38256,
	15.5828 4.36834,
	15.5754 4.36152,
	15.572 4.35696,
	15.5675 4.34785,
	15.5675 4.34558,
	15.5675 4.34501,
	"/>
</Transform>

<Transform dim="0"
 xcoef=" 0 1 0 0 0 0"
 ycoef=" 0 0 1 0 0 0">
<Contour name="d50" hidden="false" closed="true" simplified="true" border="0 0.501961 0.25098" fill="1 0 0" mode="-11"
 points="15.1253 3.63086,
	15.136 3.60943,
	15.1386 3.60674,
	15.1386 3.60406,
	15.1454 3.59335,
	15.1494 3.58262,
	15.1535 3.56117,
	15.1535 3.55044,
	15.156 3.53973,
	15.156 3.52901,
	15.1614 3.50756,
	15.1654 3.49685,
	15.1803 3.47807,
	15.1909 3.47405,
	15.2339 3.47271,
	15.2553 3.47137,
	15.266 3.47003,
	15.2768 3.46601,
	15.282 3.46333,
	15.2848 3.46333,
	15.2875 3.46065,
	15.2902 3.46065,
	15.2994 3.45261,
	15.3022 3.45261,
	15.3223 3.43786,
	15.333 3.43251,
	15.3531 3.41776,
	15.3625 3.40971,
	15.3665 3.40703,
	15.3773 3.39632,
	15.3853 3.38827,
	15.3893 3.3856,
	15.3906 3.38292,
	15.3933 3.38292,
	15.4027 3.37621,
	15.408 3.37353,
	15.4295 3.37353,
	15.4403 3.37487,
	15.451 3.37889,
	15.4939 3.38023,
	15.5367 3.37755,
	15.5582 3.37487,
	15.5689 3.37353,
	15.5743 3.37086,
	15.5796 3.37086,
	15.585 3.36818,
	15.6064 3.36818,
	15.6279 3.37487,
	15.6493 3.37889,
	15.6708 3.38023,
	15.7137 3.39229,
	15.7351 3.399,
	15.7565 3.40302,
	15.7673 3.40569,
	15.8101 3.40703,
	15.8316 3.40837,
	15.8745 3.42044,
	15.8959 3.42849,
	15.9067 3.43251,
	15.9093 3.43251,
	15.9121 3.43519,
	15.9174 3.43652,
	15.9201 3.43652,
	15.9227 3.43921,
	15.9254 3.43921,
	15.9281 3.44189,
	15.971 3.46065,
	15.9924 3.46601,
	15.9979 3.47003,
	16.0085 3.47271,
	16.0193 3.47807,
	16.0299 3.48076,
	16.0353 3.48344,
	16.0407 3.48344,
	16.0621 3.49147,
	16.0729 3.49281,
	16.0756 3.49551,
	16.081 3.49551,
	16.0916 3.50086,
	16.0969 3.5022,
	16.1077 3.50891,
	16.113 3.51293,
	16.1238 3.51561,
	16.1667 3.51427,
	16.1882 3.51293,
	16.1989 3.51293,
	16.2203 3.51962,
	16.231 3.52633,
	16.2337 3.52633,
	16.2538 3.53973,
	16.2619 3.54643,
	16.2713 3.55581,
	16.2779 3.56653,
	16.2847 3.58798,
	16.2847 3.5987,
	16.2847 3.60406,
	16.2779 3.62551,
	16.2753 3.63086,
	16.2753 3.63354,
	16.2726 3.63623,
	16.2645 3.65768,
	16.2619 3.66303,
	16.2619 3.66572,
	16.2592 3.6684,
	16.2592 3.67108,
	16.2564 3.67376,
	16.2564 3.67644,
	16.2538 3.67912,
	16.2458 3.72202,
	16.239 3.74345,
	16.239 3.74882,
	16.2364 3.7515,
	16.2364 3.75686,
	16.231 3.76758,
	16.231 3.77026,
	16.2244 3.78098,
	16.2216 3.78634,
	16.219 3.78902,
	16.219 3.7917,
	16.211 3.80243,
	16.2056 3.81181,
	16.1882 3.83326,
	16.1774 3.85336,
	16.1747 3.86408,
	16.1721 3.86676,
	16.1693 3.87749,
	16.1693 3.8882,
	16.1693 3.89357,
	16.1653 3.90429,
	16.1641 3.90965,
	16.1493 3.92841,
	16.1413 3.94987,
	16.1385 3.96059,
	16.1372 3.96595,
	16.1345 3.96862,
	16.1211 4.01151,
	16.1184 4.01687,
	16.109 4.02626,
	16.1036 4.03029,
	16.0969 4.03832,
	16.0916 4.041,
	16.089 4.041,
	16.0862 4.04369,
	16.0756 4.04637,
	16.0729 4.04904,
	16.0701 4.04904,
	16.0501 4.06245,
	16.0393 4.07048,
	16.0247 4.08925,
	16.0193 4.09461,
	16.0165 4.09863,
	16.0073 4.10936,
	15.9951 4.12678,
	15.9669 4.16832,
	15.963 4.17905,
	15.9376 4.2206,
	15.9214 4.24204,
	15.9214 4.24472,
	15.9053 4.26349,
	15.8973 4.27421,
	15.8932 4.27689,
	15.8785 4.29565,
	15.8705 4.30236,
	15.8517 4.32246,
	15.8436 4.32917,
	15.8329 4.33989,
	15.829 4.34257,
	15.8088 4.36267,
	15.8034 4.3667,
	15.7606 4.37875,
	15.7579 4.37875,
	15.7553 4.38144,
	15.7339 4.38545,
	15.7123 4.38679,
	15.6909 4.38545,
	15.648 4.37741,
	15.6051 4.36401,
	15.5837 4.35731,
	15.5783 4.35597,
	15.5756 4.35329,
	15.5649 4.34927,
	15.5609 4.34391,
	15.5528 4.3238,
	15.5314 4.28091,
	15.522 4.25947,
	15.5153 4.24875,
	15.5153 4.24607,
	15.5086 4.23802,
	15.5032 4.2273,
	15.4992 4.22328,
	15.4992 4.2206,
	15.4845 4.2005,
	15.4818 4.19782,
	15.4818 4.19513,
	15.4791 4.19379,
	15.4777 4.18844,
	15.4711 4.17771,
	15.4684 4.17236,
	15.4577 4.1643,
	15.4496 4.15627,
	15.447 4.15627,
	15.4403 4.14554,
	15.4309 4.13616,
	15.4282 4.13214,
	15.4228 4.12678,
	15.4161 4.1174,
	15.4068 4.10936,
	15.3999 4.09863,
	15.3906 4.09193,
	15.3719 4.07183,
	15.3612 4.06111,
	15.3464 4.04369,
	15.3383 4.03698,
	15.3357 4.03296,
	15.3156 4.01285,
	15.2954 3.99543,
	15.2768 3.97533,
	15.2714 3.96996,
	15.2687 3.96595,
	15.2513 3.94449,
	15.2446 3.93511,
	15.2431 3.92975,
	15.2406 3.92707,
	15.2406 3.88419,
	15.2351 3.87346,
	15.2339 3.8681,
	15.2245 3.86005,
	15.2205 3.85737,
	15.2151 3.85202,
	15.2071 3.84531,
	15.2043 3.84129,
	15.1949 3.83057,
	15.1923 3.82655,
	15.1923 3.8212,
	15.1896 3.81583,
	15.1896 3.81047,
	15.1869 3.80913,
	15.1856 3.79841,
	15.1843 3.79304,
	15.1843 3.79036,
	15.1816 3.78768,
	15.1788 3.77696,
	15.1722 3.76758,
	15.1614 3.76087,
	15.1414 3.74078,
	15.1386 3.7381,
	15.1386 3.73542,
	15.136 3.73273,
	15.1293 3.68984,
	15.1253 3.64695,
	15.1253 3.63623,
	15.1253 3.6322,
	"/>
</Transform>

<Transform dim="0"
 xcoef=" 0 1 0 0 0 0"
 ycoef=" 0 0 1 0 0 0">
<Contour name="d19sp30" hidden="false" closed="true" simplified="true" border="1 0 0" fill="1 0 0" mode="11"
 points="10.0314 8.01518,
	10.0334 8.01206,
	10.0349 8.0105,
	10.0408 8.00696,
	10.0424 8.00619,
	10.0432 8.00619,
	10.0447 8.00501,
	10.0573 8.0011,
	10.0588 8.00071,
	10.0596 7.99992,
	10.0659 7.99836,
	10.0674 7.99797,
	10.0682 7.99718,
	10.0745 7.99562,
	10.0776 7.99522,
	10.0785 7.99443,
	10.0909 7.99443,
	10.0972 7.99443,
	10.1003 7.99443,
	10.1129 7.99953,
	10.1234 8.00775,
	10.1344 8.01676,
	10.136 8.01793,
	10.1375 8.01833,
	10.1387 8.01989,
	10.1508 8.02459,
	10.154 8.02537,
	10.1598 8.02929,
	10.1607 8.02929,
	10.1611 8.03007,
	10.1618 8.03007,
	10.1634 8.03126,
	10.1638 8.03203,
	10.1645 8.03203,
	10.1673 8.03477,
	10.1685 8.03634,
	10.1689 8.0379,
	10.17 8.03947,
	10.1704 8.04573,
	10.17 8.04887,
	10.17 8.05043,
	10.1692 8.052,
	10.1692 8.05278,
	10.1685 8.05317,
	10.1685 8.05474,
	10.1665 8.05787,
	10.1661 8.05945,
	10.1614 8.06492,
	10.1598 8.0657,
	10.1591 8.06649,
	10.1583 8.06649,
	10.1571 8.06806,
	10.1555 8.06844,
	10.154 8.06962,
	10.1478 8.07159,
	10.1352 8.07275,
	10.1289 8.07275,
	10.1227 8.07159,
	10.1195 8.07119,
	10.1164 8.07001,
	10.1148 8.07001,
	10.1117 8.06844,
	10.1101 8.06844,
	10.1039 8.06649,
	10.1007 8.06531,
	10.0976 8.06492,
	10.0945 8.06376,
	10.0914 8.06336,
	10.0788 8.05945,
	10.0725 8.05748,
	10.0663 8.05474,
	10.0631 8.05356,
	10.0616 8.05278,
	10.0565 8.04731,
	10.051 8.04417,
	10.0455 8.04025,
	10.0408 8.03517,
	10.0361 8.02929,
	10.0353 8.02851,
	10.0353 8.02772,
	10.033 8.02459,
	10.0318 8.02146,
	10.0314 8.01559,
	"/>
</Transform>

<Transform dim="0"
 xcoef=" 0 1 0 0 0 0"
 ycoef=" 0 0 1 0 0 0">
<Contour name="d09p10" hidden="false" closed="true" simplified="true" border="1 0 0" fill="1 0 0" mode="11"
 points="10.3147 4.58056,
	10.3161 4.57346,
	10.3199 4.56705,
	10.326 4.56196,
	10.3335 4.5587,
	10.3419 4.55757,
	10.3503 4.5587,
	10.3579 4.56196,
	10.3639 4.56705,
	10.3677 4.57346,
	10.3692 4.58056,
	10.3677 4.58767,
	10.3639 4.59409,
	10.3579 4.59916,
	10.3503 4.60243,
	10.3419 4.60357,
	10.3335 4.60243,
	10.326 4.59916,
	10.3199 4.59409,
	"/>
</Transform>

<Transform dim="0"
 xcoef=" 0 1 0 0 0 0"
 ycoef=" 0 0 1 0 0 0">
<Contour name="d09cfa10" hidden="false" closed="false" simplified="false" border="0 1 0" fill="0 1 0" mode="11"
 points="9.57412 3.98163,
	9.62165 3.99044,
	9.70439 3.96051,
	"/>
</Transform>

<Transform dim="0"
 xcoef=" 0 1 0 0 0 0"
 ycoef=" 0 0 1 0 0 0">
<Contour name="d09cfa10" hidden="false" closed="false" simplified="false" border="0 1 0" fill="0 1 0" mode="11"
 points="9.22557 3.76335,
	9.23789 3.79503,
	9.29598 3.84256,
	"/>
</Transform>

<Transform dim="0"
 xcoef=" 0 1 0 0 0 0"
 ycoef=" 0 0 1 0 0 0">
<Contour name="d09c10" hidden="false" closed="true" simplified="true" border="0 0 1" fill="1 0 0" mode="11"
 points="9.5594 3.96729,
	9.56386 3.95839,
	9.58169 3.94946,
	9.65302 3.94724,
	9.67085 3.94055,
	9.68867 3.94055,
	9.69759 3.94055,
	9.7065 3.94501,
	9.71542 3.95392,
	9.71319 3.96284,
	9.69759 3.97622,
	9.67976 3.98512,
	9.67307 3.99404,
	9.66416 3.9985,
	9.65969 4.00296,
	9.65524 4.00296,
	9.64632 4.00964,
	9.61066 4.01187,
	9.59283 4.01187,
	9.575 4.00742,
	9.56163 3.99627,
	9.5594 3.97844,
	9.5594 3.96952,
	"/>
</Transform>

<Transform dim="0"
 xcoef=" 0 1 0 0 0 0"
 ycoef=" 0 0 1 0 0 0">
<Contour name="d09c10" hidden="false" closed="true" simplified="true" border="0 0 1" fill="1 0 0" mode="11"
 points="9.18718 3.76893,
	9.20057 3.75333,
	9.2184 3.74888,
	9.22061 3.74441,
	9.23844 3.74218,
	9.24737 3.74441,
	9.25405 3.75333,
	9.25851 3.77116,
	9.26074 3.78008,
	9.26965 3.78899,
	9.27857 3.79122,
	9.2964 3.80236,
	9.30532 3.80236,
	9.32315 3.81351,
	9.32983 3.82243,
	9.32983 3.84026,
	9.32983 3.84916,
	9.32092 3.85586,
	9.30309 3.85809,
	9.28526 3.85586,
	9.26965 3.84916,
	9.25405 3.83579,
	9.2496 3.82688,
	9.23177 3.81573,
	9.22731 3.81573,
	9.2184 3.80905,
	9.20279 3.80236,
	9.19164 3.79122,
	9.18718 3.77561,
	9.18718 3.77116,
	"/>
</Transform>

<Transform dim="0"
 xcoef=" 0 1 0 0 0 0"
 ycoef=" 0 0 1 0 0 0">
<Contour name="d09shaft" hidden="false" closed="true" simplified="true" border="1 0.501961 0.25098" fill="0.502 1 0.502" mode="11"
 points="8.94202 3.82466,
	8.97545 3.75333,
	9.0334 3.61069,
	9.049 3.57502,
	9.08466 3.54605,
	9.10249 3.53044,
	9.13816 3.51484,
	9.20948 3.50371,
	9.24514 3.50147,
	9.26297 3.49924,
	9.33429 3.47474,
	9.35212 3.4725,
	9.36104 3.4725,
	9.3967 3.4881,
	9.41452 3.49478,
	9.43235 3.50817,
	9.43905 3.51707,
	9.42568 3.55274,
	9.39001 3.57725,
	9.31869 3.5884,
	9.24737 3.604,
	9.22954 3.61069,
	9.19611 3.64635,
	9.19611 3.71768,
	9.22954 3.75333,
	9.24514 3.78899,
	9.25628 3.80683,
	9.3276 3.87146,
	9.39892 3.92495,
	9.43458 3.95839,
	9.45242 3.97399,
	9.52374 3.98959,
	9.5594 3.9829,
	9.57723 3.98067,
	9.61289 3.98735,
	9.63072 3.98959,
	9.63964 3.99182,
	9.64856 3.98959,
	9.71987 3.94279,
	9.75554 3.91826,
	9.82244 3.84916,
	9.84473 3.77785,
	9.84248 3.74218,
	9.84913 3.70652,
	9.85587 3.68869,
	9.8893 3.66195,
	9.8982 3.65749,
	9.91599 3.65526,
	9.92488 3.65526,
	9.95841 3.69092,
	9.97845 3.72658,
	10.0007 3.79791,
	10.0029 3.80683,
	9.99399 3.84249,
	9.97845 3.87815,
	9.97395 3.89597,
	9.97171 3.93163,
	9.97171 3.94055,
	9.92938 4.01187,
	9.92488 4.02079,
	9.91374 4.0921,
	9.93828 4.12777,
	9.95167 4.1456,
	10.0185 4.21693,
	10.0275 4.22584,
	10.0676 4.29717,
	10.208 4.4086,
	10.2793 4.47101,
	10.2971 4.48661,
	10.306 4.49329,
	10.3774 4.49998,
	10.4487 4.49775,
	10.4843 4.49329,
	10.5201 4.48215,
	10.6626 4.45541,
	10.8052 4.45095,
	10.8767 4.4398,
	10.9123 4.44204,
	10.9301 4.44427,
	10.9657 4.46878,
	10.9836 4.47769,
	11.1263 4.51782,
	11.1619 4.52673,
	11.1797 4.53342,
	11.1842 4.53565,
	11.1909 4.57131,
	11.1954 4.58914,
	11.2644 4.73179,
	11.2689 4.8031,
	11.2711 4.83877,
	11.2979 4.87443,
	11.3112 4.89226,
	11.3246 4.96358,
	11.3759 5.10621,
	11.3848 5.14188,
	11.387 5.14634,
	11.3515 5.16864,
	11.3424 5.17531,
	11.2711 5.17086,
	11.1999 5.14634,
	11.1641 5.13297,
	11.1463 5.12628,
	11.1374 5.12405,
	11.1329 5.12183,
	11.0616 5.14857,
	11.0304 5.182,
	11.0126 5.19537,
	11.0037 5.20207,
	10.968 5.20875,
	10.9591 5.21097,
	10.9413 5.22435,
	10.9056 5.23995,
	10.8699 5.25109,
	10.8521 5.25778,
	10.8165 5.2823,
	10.7987 5.28898,
	10.7808 5.29122,
	10.7452 5.28452,
	10.6739 5.24887,
	10.6025 5.1976,
	10.5668 5.17086,
	10.5311 5.13743,
	10.4956 5.10845,
	10.3528 5.03713,
	10.335 5.02821,
	10.3217 4.9569,
	10.3039 4.81425,
	10.2771 4.74292,
	10.2704 4.72509,
	10.2681 4.71619,
	10.2348 4.69389,
	10.217 4.68052,
	10.0743 4.61143,
	10.0029 4.58691,
	9.9851 4.58022,
	9.94942 4.54902,
	9.94052 4.54011,
	9.86916 4.50221,
	9.83358 4.48215,
	9.6909 4.39077,
	9.65524 4.3618,
	9.63742 4.34842,
	9.62849 4.33951,
	9.59283 4.32168,
	9.55718 4.30831,
	9.53934 4.29938,
	9.3967 4.28378,
	9.36104 4.29938,
	9.32537 4.31944,
	9.30754 4.32614,
	9.28971 4.32837,
	9.14707 4.31277,
	9.11141 4.30608,
	9.07575 4.28156,
	9.04009 4.26151,
	9.02226 4.25036,
	9.01334 4.24591,
	8.97767 4.21469,
	8.96877 4.20578,
	8.9487 4.17012,
	8.94647 4.13446,
	8.94425 4.11663,
	8.96207 4.0453,
	8.9643 4.02747,
	8.95317 3.95615,
	8.94647 3.88483,
	8.94425 3.84916,
	8.94202 3.83133,
	8.94202 3.82688,
	"/>
</Transform>

<Transform dim="0"
 xcoef=" 0 1 0 0 0 0"
 ycoef=" 0 0 1 0 0 0">
<Contour name="d09shaft" hidden="false" closed="true" simplified="true" border="1 0.501961 0.25098" fill="0.502 1 0.502" mode="11"
 points="10.6073 5.90286,
	10.6225 5.82126,
	10.6252 5.78047,
	10.6379 5.69887,
	10.6328 5.65808,
	10.6328 5.64787,
	10.6404 5.62747,
	10.6456 5.61729,
	10.6864 5.58923,
	10.6965 5.58158,
	10.7016 5.57903,
	10.717 5.61984,
	10.7374 5.70142,
	10.7398 5.72182,
	10.7374 5.76261,
	10.7195 5.84422,
	10.6914 5.92581,
	10.6507 5.9513,
	10.6456 5.95385,
	10.6353 5.9513,
	10.6252 5.94366,
	10.6073 5.90541,
	"/>
</Transform>

<Transform dim="0"
 xcoef=" 0 1 0 0 0 0"
 ycoef=" 0 0 1 0 0 0">
<Contour name="d09shaft" hidden="false" closed="true" simplified="true" border="1 0.501961 0.25098" fill="0.502 1 0.502" mode="11"
 points="10.3972 6.41538,
	10.4012 6.40722,
	10.4012 6.39905,
	10.4094 6.38274,
	10.4135 6.36642,
	10.4135 6.35826,
	10.4278 6.32563,
	10.4318 6.3195,
	10.4359 6.31747,
	10.4359 6.31338,
	10.4523 6.30726,
	10.4687 6.30726,
	10.4768 6.31135,
	10.4911 6.32767,
	10.5115 6.35622,
	10.5318 6.38887,
	10.5359 6.39701,
	10.5399 6.4011,
	10.5399 6.40517,
	10.544 6.40926,
	10.544 6.41333,
	10.5523 6.4215,
	10.5523 6.42557,
	10.5564 6.42966,
	10.5583 6.43782,
	10.5686 6.4521,
	10.5746 6.48473,
	10.5705 6.51737,
	10.5583 6.53369,
	10.5421 6.54389,
	10.5339 6.55001,
	10.5012 6.56021,
	10.4687 6.56021,
	10.4605 6.56021,
	10.4441 6.55409,
	10.4359 6.55204,
	10.4318 6.54797,
	10.4278 6.54797,
	10.4155 6.53369,
	10.4034 6.50106,
	10.4034 6.46841,
	10.3972 6.43578,
	10.3972 6.41945,
	10.3972 6.41741,
	"/>
</Transform>

<Transform dim="0"
 xcoef=" 0 1 0 0 0 0"
 ycoef=" 0 0 1 0 0 0">
<Contour name="d09shaft" hidden="false" closed="true" simplified="true" border="1 0.501961 0.25098" fill="0.502 1 0.502" mode="11"
 points="11.7015 4.81404,
	11.706 4.77786,
	11.7084 4.76881,
	11.7354 4.73264,
	11.7514 4.71454,
	11.7626 4.69645,
	11.7399 4.6241,
	11.7354 4.606,
	11.7309 4.59696,
	11.7264 4.5246,
	11.7084 4.45225,
	11.706 4.41607,
	11.7129 4.39798,
	11.7242 4.37989,
	11.7287 4.37084,
	11.7649 4.34145,
	11.7739 4.33467,
	11.7784 4.33015,
	11.8146 4.33467,
	11.8508 4.3618,
	11.8599 4.37084,
	11.8825 4.40703,
	11.8938 4.42511,
	11.9232 4.46129,
	11.9955 4.49974,
	12.0317 4.5359,
	12.0475 4.57209,
	12.0565 4.59019,
	12.0408 4.66254,
	12.0317 4.69871,
	12.0068 4.7349,
	11.9729 4.80725,
	11.9775 4.84342,
	11.9775 4.85247,
	11.9434 4.88639,
	11.9074 4.91579,
	11.8983 4.92483,
	11.8802 4.93387,
	11.844 4.94518,
	11.8079 4.94518,
	11.7717 4.9384,
	11.7626 4.9384,
	11.7535 4.93387,
	11.7445 4.91579,
	11.7264 4.90222,
	11.7173 4.89544,
	11.706 4.87735,
	11.7015 4.86831,
	11.7015 4.83212,
	11.7015 4.81629,
	"/>
</Transform>

<Transform dim="0"
 xcoef=" 0 1 0 0 0 0"
 ycoef=" 0 0 1 0 0 0">
<Contour name="d09c13" hidden="false" closed="true" simplified="true" border="0 0 1" fill="1 0 0" mode="11"
 points="10.821 3.70862,
	10.8241 3.69623,
	10.8394 3.67147,
	10.8504 3.66217,
	10.8566 3.65754,
	10.8627 3.65599,
	10.8689 3.65134,
	10.8751 3.65134,
	10.8813 3.64671,
	10.9061 3.63587,
	10.9185 3.63123,
	10.9247 3.62967,
	10.9479 3.61421,
	10.9587 3.60491,
	10.9633 3.60181,
	10.9633 3.59872,
	10.9787 3.57396,
	10.9974 3.55384,
	11.0051 3.543,
	11.0067 3.53836,
	11.0144 3.52907,
	11.016 3.52288,
	11.0237 3.51205,
	11.0314 3.48882,
	11.0361 3.47645,
	11.0376 3.45168,
	11.0345 3.42691,
	11.0361 3.40215,
	11.0376 3.39596,
	11.05 3.38513,
	11.0624 3.38357,
	11.0686 3.38357,
	11.081 3.38822,
	11.0841 3.39131,
	11.0871 3.39131,
	11.0934 3.39596,
	11.1042 3.40059,
	11.1104 3.40679,
	11.1119 3.40989,
	11.115 3.40989,
	11.1336 3.4331,
	11.1336 3.4393,
	11.1367 3.44239,
	11.1367 3.46715,
	11.1367 3.47954,
	11.1367 3.48573,
	11.0995 3.58479,
	11.0995 3.58789,
	11.0965 3.59098,
	11.0965 3.59408,
	11.0934 3.59717,
	11.0934 3.60028,
	11.0903 3.60337,
	11.0903 3.60647,
	11.0578 3.6529,
	11.0469 3.66528,
	11.0437 3.67147,
	11.0376 3.67766,
	11.0206 3.69778,
	11.0113 3.70553,
	10.9989 3.71326,
	10.9928 3.7179,
	10.9804 3.72255,
	10.9773 3.72564,
	10.9649 3.72874,
	10.9587 3.73183,
	10.8597 3.73183,
	10.8473 3.73029,
	10.8411 3.72874,
	10.838 3.72874,
	10.8348 3.72564,
	10.8224 3.72255,
	10.821 3.71016,
	"/>
</Transform>

<Transform dim="0"
 xcoef=" 0 1 0 0 0 0"
 ycoef=" 0 0 1 0 0 0">
<Contour name="d09shaft" hidden="false" closed="true" simplified="true" border="1 0.501961 0.25098" fill="0.502 1 0.502" mode="11"
 points="10.6165 3.73775,
	10.6218 3.7235,
	10.6254 3.71638,
	10.6824 3.7146,
	10.7393 3.71638,
	10.7679 3.71281,
	10.8249 3.71638,
	10.8819 3.71281,
	10.9389 3.71638,
	10.9532 3.71817,
	10.9603 3.71817,
	10.9888 3.70035,
	11.0173 3.67896,
	11.0653 3.62374,
	11.085 3.59523,
	11.1099 3.53822,
	11.1242 3.50971,
	11.126 3.49546,
	11.1206 3.43845,
	11.1188 3.43132,
	11.0708 3.37609,
	11.0137 3.34937,
	10.9852 3.34403,
	10.971 3.34225,
	10.9139 3.30483,
	10.8855 3.28168,
	10.8819 3.25316,
	10.8801 3.23891,
	10.8819 3.22466,
	10.8944 3.19615,
	10.9015 3.1819,
	10.9033 3.17834,
	10.9318 3.18012,
	10.9461 3.18012,
	10.9532 3.18012,
	10.9566 3.18012,
	10.9852 3.20507,
	11.0422 3.23891,
	11.0565 3.24783,
	11.0708 3.25316,
	11.1278 3.26029,
	11.1563 3.26207,
	11.1705 3.26386,
	11.2845 3.31909,
	11.3415 3.34759,
	11.4556 3.42955,
	11.484 3.4527,
	11.541 3.50615,
	11.5695 3.53288,
	11.5838 3.54535,
	11.6302 3.65937,
	11.6213 3.71638,
	11.616 3.74489,
	11.6016 3.77339,
	11.5927 3.78764,
	11.5802 3.80189,
	11.5749 3.80903,
	11.5179 3.82861,
	11.5108 3.83218,
	11.4538 3.83931,
	11.4254 3.84288,
	11.3968 3.84999,
	11.3826 3.85355,
	11.3754 3.85535,
	11.3184 3.89988,
	11.2614 3.93016,
	11.2329 3.94442,
	11.2186 3.95155,
	11.1046 3.95333,
	11.0476 3.9551,
	10.9336 3.9462,
	10.905 3.94263,
	10.8908 3.94085,
	10.8623 3.94263,
	10.848 3.94442,
	10.7911 3.9177,
	10.7626 3.90344,
	10.7341 3.89454,
	10.7268 3.89097,
	10.6984 3.89097,
	10.6841 3.88919,
	10.6557 3.87494,
	10.6324 3.84821,
	10.6271 3.84109,
	10.6201 3.78408,
	10.6182 3.75557,
	10.6165 3.74131,
	10.6165 3.73953,
	"/>
</Transform>

<Transform dim="0"
 xcoef=" 0 1 0 0 0 0"
 ycoef=" 0 0 1 0 0 0">
<Contour name="d09cfa13" hidden="false" closed="false" simplified="false" border="0 1 0" fill="0 1 0" mode="11"
 points="11.087 3.42283,
	11.0942 3.49944,
	11.0675 3.56891,
	10.998 3.66512,
	10.8983 3.70076,
	"/>
</Transform>

<Transform dim="0"
 xcoef=" 0 1 0 0 0 0"
 ycoef=" 0 0 1 0 0 0">
<Contour name="d09sp10" hidden="false" closed="true" simplified="true" border="1 0 0" fill="1 0 0" mode="11"
 points="8.94189 3.82449,
	8.96938 3.76581,
	8.97627 3.75115,
	9.0244 3.63379,
	9.03632 3.60444,
	9.04915 3.57511,
	9.07849 3.55126,
	9.09317 3.53844,
	9.1005 3.53202,
	9.10416 3.52973,
	9.1335 3.51689,
	9.14084 3.5146,
	9.19952 3.50542,
	9.21418 3.50313,
	9.24352 3.5013,
	9.25819 3.49993,
	9.26553 3.49856,
	9.3242 3.47838,
	9.33153 3.47563,
	9.34621 3.47334,
	9.35355 3.47242,
	9.36088 3.47242,
	9.39022 3.48526,
	9.40489 3.49122,
	9.41223 3.49397,
	9.41589 3.4958,
	9.43055 3.50681,
	9.43652 3.51369,
	9.43836 3.51552,
	9.43926 3.51735,
	9.42781 3.54669,
	9.42644 3.55036,
	9.42414 3.55356,
	9.39481 3.57419,
	9.39113 3.57694,
	9.3618 3.58198,
	9.33246 3.58611,
	9.31779 3.5884,
	9.25911 3.60125,
	9.24444 3.6049,
	9.22976 3.61086,
	9.20227 3.63975,
	9.19905 3.64342,
	9.19722 3.64524,
	9.1963 3.64617,
	9.1963 3.70484,
	9.1963 3.71217,
	9.1963 3.71584,
	9.1963 3.71768,
	9.22336 3.74701,
	9.22976 3.75435,
	9.24307 3.78369,
	9.24444 3.78736,
	9.25361 3.80203,
	9.2559 3.80569,
	9.31412 3.85933,
	9.32879 3.87216,
	9.38748 3.91617,
	9.39481 3.92167,
	9.39847 3.92442,
	9.42781 3.95194,
	9.44248 3.96522,
	9.44982 3.97164,
	9.45165 3.97301,
	9.45257 3.97393,
	9.51124 3.98677,
	9.51857 3.9886,
	9.52225 3.98906,
	9.52407 3.98951,
	9.55342 3.98402,
	9.56809 3.98219,
	9.57542 3.98126,
	9.57726 3.98081,
	9.6066 3.98586,
	9.62127 3.98814,
	9.62859 3.98906,
	9.63593 3.9909,
	9.63961 3.99182,
	9.64694 3.98998,
	9.64877 3.98951,
	9.70746 3.95102,
	9.73678 3.9313,
	9.75145 3.92122,
	9.75513 3.91892,
	9.81198 3.86025,
	9.81882 3.85292,
	9.82254 3.84925,
	9.84043 3.79057,
	9.84267 3.78323,
	9.84404 3.77957,
	9.84453 3.7759,
	9.84316 3.74655,
	9.84267 3.7429,
	9.84776 3.71355,
	9.84913 3.70622,
	9.85509 3.69155,
	9.85548 3.68971,
	9.88441 3.66588,
	9.88803 3.66267,
	9.89536 3.659,
	9.89908 3.65763,
	9.91374 3.65579,
	9.92107 3.65534,
	9.92479 3.65534,
	9.95225 3.68467,
	9.95871 3.69201,
	9.97562 3.72134,
	9.97933 3.72868,
	9.99761 3.78736,
	10.0018 3.80203,
	10.0027 3.80569,
	9.99575 3.83504,
	9.99399 3.84237,
	9.98109 3.8717,
	9.97796 3.87903,
	9.97425 3.89371,
	9.97337 3.90105,
	9.972 3.93038,
	9.972 3.93772,
	9.97151 3.94138,
	9.93661 4.00007,
	9.92791 4.01474,
	9.92479 4.02207,
	9.9156 4.08074,
	9.91423 4.08809,
	9.91374 4.09175,
	9.92332 4.10641,
	9.94443 4.13576,
	9.94991 4.14309,
	10.0045 4.20178,
	10.0183 4.21644,
	10.0256 4.22377,
	10.0274 4.22561,
	10.0604 4.28428,
	10.0646 4.29162,
	10.0668 4.29529,
	10.0678 4.29713,
	10.1851 4.39019,
	10.1999 4.4021,
	10.2071 4.40761,
	10.2658 4.45941,
	10.2952 4.48507,
	10.3025 4.49059,
	10.3061 4.49333,
	10.3649 4.49884,
	10.3721 4.49975,
	10.3758 4.50021,
	10.3777 4.50021,
	10.3785 4.50021,
	10.379 4.50158,
	10.3749 4.508,
	10.3686 4.51442,
	10.3616 4.51854,
	10.3579 4.52083,
	10.3562 4.52175,
	10.3552 4.52267,
	10.3533 4.52313,
	10.3516 4.52451,
	10.3497 4.52496,
	10.346 4.52725,
	10.3451 4.52816,
	10.3414 4.52955,
	10.3405 4.53046,
	10.3396 4.53046,
	10.3377 4.53184,
	10.3368 4.53276,
	10.3359 4.53276,
	10.329 4.5378,
	10.3255 4.54055,
	10.3235 4.54192,
	10.3222 4.54238,
	10.319 4.54559,
	10.318 4.54559,
	10.3153 4.54834,
	10.3135 4.5488,
	10.3102 4.55154,
	10.3098 4.55247,
	10.3089 4.55247,
	10.3034 4.55797,
	10.3015 4.55888,
	10.3006 4.56026,
	10.2988 4.56118,
	10.2979 4.56255,
	10.2911 4.56851,
	10.2901 4.56851,
	10.2878 4.57172,
	10.286 4.57309,
	10.2837 4.5763,
	10.2828 4.57722,
	10.2828 4.57814,
	10.2819 4.57859,
	10.2819 4.57951,
	10.28 4.58134,
	10.28 4.58226,
	10.2778 4.58547,
	10.2778 4.58639,
	10.2763 4.58822,
	10.2741 4.59555,
	10.2727 4.59923,
	10.2713 4.61389,
	10.2708 4.67257,
	10.2704 4.70191,
	10.2704 4.70558,
	10.2681 4.71291,
	10.2676 4.71474,
	10.2654 4.71428,
	10.236 4.69503,
	10.2214 4.68403,
	10.214 4.67899,
	10.0966 4.62261,
	10.082 4.61527,
	10.0746 4.6116,
	10.016 4.59144,
	9.98666 4.58089,
	9.98295 4.57859,
	9.95362 4.55247,
	9.93896 4.53917,
	9.88031 4.508,
	9.85089 4.49195,
	9.83622 4.4837,
	9.82889 4.47957,
	9.71157 4.40394,
	9.6969 4.39431,
	9.68957 4.38973,
	9.66022 4.36589,
	9.64556 4.35443,
	9.63823 4.34893,
	9.63135 4.34205,
	9.62768 4.33884,
	9.59835 4.32462,
	9.59101 4.32096,
	9.56167 4.30995,
	9.547 4.30309,
	9.53966 4.29941,
	9.4223 4.28659,
	9.40763 4.2852,
	9.4003 4.28428,
	9.39664 4.28383,
	9.3673 4.29667,
	9.35996 4.29987,
	9.33062 4.31683,
	9.32328 4.32051,
	9.30861 4.32554,
	9.29396 4.32784,
	9.29028 4.3283,
	9.17292 4.31546,
	9.14359 4.31225,
	9.11425 4.30675,
	9.11058 4.30584,
	9.08124 4.2852,
	9.02256 4.25082,
	9.01523 4.2467,
	9.01155 4.2444,
	8.98223 4.21874,
	8.96802 4.20453,
	8.95152 4.17518,
	8.94968 4.17152,
	8.94876 4.16969,
	8.94692 4.14034,
	8.94555 4.12567,
	8.94463 4.11834,
	8.94417 4.11651,
	8.95885 4.05782,
	8.96251 4.04316,
	8.96434 4.02849,
	8.95563 3.96981,
	8.95334 3.95514,
	8.94738 3.89646,
	8.94555 3.86713,
	8.94281 3.83778,
	8.94189 3.83045,
	8.94189 3.82679,
	8.94189 3.82495,
	"/>
</Transform>

<Transform dim="0"
 xcoef=" 0 1 0 0 0 0"
 ycoef=" 0 0 1 0 0 0">
<Contour name="d09sp11" hidden="false" closed="true" simplified="true" border="1 0 0" fill="1 0 0" mode="11"
 points="10.6073 5.90286,
	10.6225 5.82126,
	10.6252 5.78047,
	10.6379 5.69887,
	10.6328 5.65808,
	10.6328 5.64787,
	10.6404 5.62747,
	10.6456 5.61729,
	10.6864 5.58923,
	10.6965 5.58158,
	10.7016 5.57903,
	10.717 5.61984,
	10.7374 5.70142,
	10.7398 5.72182,
	10.7374 5.76261,
	10.7195 5.84422,
	10.6914 5.92581,
	10.6507 5.9513,
	10.6456 5.95385,
	10.6353 5.9513,
	10.6252 5.94366,
	10.6073 5.90541,
	"/>
</Transform>

<Transform dim="0"
 xcoef=" 0 1 0 0 0 0"
 ycoef=" 0 0 1 0 0 0">
<Contour name="d09sp11" hidden="false" closed="true" simplified="true" border="1 0 0" fill="1 0 0" mode="11"
 points="10.3972 6.41538,
	10.4012 6.40722,
	10.4012 6.39905,
	10.4094 6.38274,
	10.4135 6.36642,
	10.4135 6.35826,
	10.4278 6.32563,
	10.4318 6.3195,
	10.4359 6.31747,
	10.4359 6.31338,
	10.4523 6.30726,
	10.4687 6.30726,
	10.4768 6.31135,
	10.4911 6.32767,
	10.5115 6.35622,
	10.5318 6.38887,
	10.5359 6.39701,
	10.5399 6.4011,
	10.5399 6.40517,
	10.544 6.40926,
	10.544 6.41333,
	10.5523 6.4215,
	10.5523 6.42557,
	10.5564 6.42966,
	10.5583 6.43782,
	10.5686 6.4521,
	10.5746 6.48473,
	10.5705 6.51737,
	10.5583 6.53369,
	10.5421 6.54389,
	10.5339 6.55001,
	10.5012 6.56021,
	10.4687 6.56021,
	10.4605 6.56021,
	10.4441 6.55409,
	10.4359 6.55204,
	10.4318 6.54797,
	10.4278 6.54797,
	10.4155 6.53369,
	10.4034 6.50106,
	10.4034 6.46841,
	10.3972 6.43578,
	10.3972 6.41945,
	10.3972 6.41741,
	"/>
</Transform>

<Transform dim="0"
 xcoef=" 0 1 0 0 0 0"
 ycoef=" 0 0 1 0 0 0">
<Contour name="d09sp12" hidden="false" closed="true" simplified="true" border="1 0 0" fill="1 0 0" mode="11"
 points="11.7015 4.81404,
	11.706 4.77786,
	11.7084 4.76881,
	11.7354 4.73264,
	11.7514 4.71454,
	11.7626 4.69645,
	11.7399 4.6241,
	11.7354 4.606,
	11.7309 4.59696,
	11.7264 4.5246,
	11.7084 4.45225,
	11.706 4.41607,
	11.7129 4.39798,
	11.7242 4.37989,
	11.7287 4.37084,
	11.7649 4.34145,
	11.7739 4.33467,
	11.7784 4.33015,
	11.8146 4.33467,
	11.8508 4.3618,
	11.8599 4.37084,
	11.8825 4.40703,
	11.8938 4.42511,
	11.9232 4.46129,
	11.9955 4.49974,
	12.0317 4.5359,
	12.0475 4.57209,
	12.0565 4.59019,
	12.0408 4.66254,
	12.0317 4.69871,
	12.0068 4.7349,
	11.9729 4.80725,
	11.9775 4.84342,
	11.9775 4.85247,
	11.9434 4.88639,
	11.9074 4.91579,
	11.8983 4.92483,
	11.8802 4.93387,
	11.844 4.94518,
	11.8079 4.94518,
	11.7717 4.9384,
	11.7626 4.9384,
	11.7535 4.93387,
	11.7445 4.91579,
	11.7264 4.90222,
	11.7173 4.89544,
	11.706 4.87735,
	11.7015 4.86831,
	11.7015 4.83212,
	11.7015 4.81629,
	"/>
</Transform>

<Transform dim="0"
 xcoef=" 0 1 0 0 0 0"
 ycoef=" 0 0 1 0 0 0">
<Contour name="d09sp13" hidden="false" closed="true" simplified="true" border="1 0 0" fill="1 0 0" mode="11"
 points="10.6161 3.73693,
	10.6199 3.72676,
	10.625 3.71656,
	10.6351 3.71528,
	10.6759 3.71401,
	10.7167 3.71528,
	10.7371 3.71593,
	10.7573 3.71338,
	10.7676 3.7121,
	10.8084 3.71146,
	10.8287 3.71083,
	10.8491 3.70511,
	10.8899 3.69109,
	10.9103 3.68344,
	10.9204 3.68026,
	10.9408 3.67071,
	10.951 3.66625,
	10.9714 3.65415,
	10.9816 3.64778,
	10.9867 3.6446,
	11.0051 3.62485,
	11.0147 3.61467,
	11.023 3.60447,
	11.0503 3.56372,
	11.0669 3.52297,
	11.0771 3.4822,
	11.0783 3.47711,
	11.0771 3.43636,
	11.072 3.41598,
	11.0701 3.41087,
	11.0573 3.3905,
	11.0561 3.38795,
	11.0153 3.36312,
	10.9949 3.35038,
	10.9848 3.34465,
	10.9745 3.34338,
	10.9695 3.3421,
	10.9287 3.31472,
	10.9185 3.30834,
	10.8982 3.29243,
	10.8879 3.28415,
	10.8854 3.28224,
	10.8797 3.24148,
	10.8803 3.23129,
	10.881 3.2262,
	10.8892 3.20582,
	10.8988 3.18545,
	10.9013 3.18035,
	10.9032 3.1778,
	10.9439 3.1797,
	10.9542 3.1797,
	10.9566 3.1797,
	10.9771 3.19753,
	10.9872 3.20582,
	11.0281 3.23002,
	11.0484 3.24212,
	11.0586 3.24785,
	11.0688 3.25167,
	11.1096 3.25741,
	11.1299 3.25996,
	11.1707 3.26313,
	11.2522 3.30262,
	11.3337 3.34338,
	11.3439 3.34911,
	11.4255 3.40705,
	11.4458 3.42171,
	11.4662 3.43763,
	11.4866 3.45482,
	11.5273 3.49239,
	11.5681 3.53125,
	11.5782 3.54016,
	11.5833 3.54398,
	11.5853 3.54652,
	11.6177 3.62805,
	11.626 3.64842,
	11.6304 3.65861,
	11.6172 3.74013,
	11.6165 3.74521,
	11.6062 3.76559,
	11.6012 3.77579,
	11.5949 3.78598,
	11.5777 3.80635,
	11.5757 3.8089,
	11.5349 3.82355,
	11.5248 3.82674,
	11.5146 3.8312,
	11.5095 3.8331,
	11.428 3.8433,
	11.4076 3.84774,
	11.3974 3.85093,
	11.377 3.85539,
	11.3668 3.8624,
	11.3261 3.89487,
	11.3159 3.90188,
	11.2344 3.94455,
	11.2242 3.94964,
	11.2191 3.95218,
	11.1376 3.95346,
	11.0968 3.9541,
	11.0561 3.95601,
	11.0357 3.95538,
	10.9542 3.94901,
	10.9133 3.94455,
	10.8931 3.94201,
	10.8879 3.94136,
	10.8676 3.94263,
	10.8472 3.94518,
	10.7656 3.9057,
	10.7606 3.90315,
	10.7401 3.89678,
	10.735 3.89551,
	10.73 3.89295,
	10.7274 3.89169,
	10.7071 3.89169,
	10.6968 3.89169,
	10.6867 3.89042,
	10.6663 3.88087,
	10.6562 3.87577,
	10.6383 3.85602,
	10.6301 3.84584,
	10.6274 3.8433,
	10.6256 3.83819,
	10.6212 3.79744,
	10.6179 3.75668,
	10.6167 3.74649,
	10.6161 3.74139,
	10.6161 3.73885,
	10.6161 3.73758,
	"/>
</Transform>

<Transform dim="0"
 xcoef=" 0 1 0 0 0 0"
 ycoef=" 0 0 1 0 0 0">
<Contour name="d09sah10" hidden="false" closed="true" simplified="false" border="1 0 0" fill="1 0 0" mode="11"
 points="9.6438 4.12164,
	9.6438 4.10514,
	9.66029 4.10514,
	9.66029 4.08865,
	9.67678 4.08865,
	9.67678 4.10514,
	9.69327 4.10514,
	9.69327 4.12164,
	9.67678 4.12164,
	9.67678 4.13813,
	9.66029 4.13813,
	9.66029 4.12164,
	"/>
</Transform>

<Transform dim="0"
 xcoef=" 0 1 0 0 0 0"
 ycoef=" 0 0 1 0 0 0">
<Contour name="d09sahv10" hidden="false" closed="true" simplified="true" border="1 1 0" fill="1 1 0" mode="-11"
 points="9.72124 4.13704,
	9.72217 4.13333,
	9.72403 4.12961,
	9.72496 4.12822,
	9.72867 4.12729,
	9.73239 4.12775,
	9.73611 4.12961,
	9.74307 4.13519,
	9.74865 4.14122,
	9.75515 4.14726,
	9.75794 4.14959,
	9.76491 4.15609,
	9.77885 4.16678,
	9.78582 4.17142,
	9.78953 4.17421,
	9.79139 4.17514,
	9.79464 4.17839,
	9.80904 4.18815,
	9.81276 4.19093,
	9.81462 4.1914,
	9.81508 4.19233,
	9.81694 4.19279,
	9.8188 4.19419,
	9.82066 4.19465,
	9.82205 4.19604,
	9.82298 4.19604,
	9.8267 4.19837,
	9.82856 4.19976,
	9.82949 4.20069,
	9.83042 4.20069,
	9.83738 4.20673,
	9.84064 4.21045,
	9.84668 4.21649,
	9.85736 4.23135,
	9.85829 4.23321,
	9.86154 4.23693,
	9.86665 4.24436,
	9.86712 4.24622,
	9.86851 4.24761,
	9.86897 4.24947,
	9.8713 4.25319,
	9.87409 4.26062,
	9.87409 4.26155,
	9.87501 4.26248,
	9.87594 4.26991,
	9.87594 4.27177,
	9.87269 4.27502,
	9.86897 4.27595,
	9.86526 4.27595,
	9.86154 4.27409,
	9.86061 4.27409,
	9.84668 4.2648,
	9.84575 4.2648,
	9.84389 4.26294,
	9.83692 4.2583,
	9.82252 4.24668,
	9.82066 4.24529,
	9.81973 4.2439,
	9.8123 4.23879,
	9.81044 4.23693,
	9.80301 4.23275,
	9.7886 4.22299,
	9.76119 4.20162,
	9.75515 4.19744,
	9.74122 4.18722,
	9.73796 4.18443,
	9.73193 4.17746,
	9.72681 4.17003,
	9.72356 4.1626,
	9.72217 4.15516,
	9.72124 4.1403,
	9.72124 4.13844,
	9.72124 4.13751,
	"/>
<Contour name="d09sahv10" hidden="false" closed="true" simplified="true" border="1 1 0" fill="1 1 0" mode="-11"
 points="9.49128 4.08362,
	9.49731 4.07618,
	9.50103 4.0734,
	9.50475 4.07154,
	9.51218 4.07154,
	9.5159 4.07154,
	9.52333 4.0734,
	9.52705 4.07526,
	9.52891 4.07618,
	9.52983 4.07711,
	9.53076 4.07711,
	9.53448 4.07944,
	9.53495 4.08037,
	9.5368 4.08083,
	9.54424 4.08548,
	9.54795 4.08733,
	9.54981 4.08873,
	9.55167 4.08919,
	9.55817 4.09337,
	9.56189 4.0957,
	9.56375 4.09755,
	9.56514 4.09848,
	9.56793 4.1022,
	9.57072 4.10499,
	9.5735 4.1087,
	9.57954 4.11474,
	9.5828 4.11707,
	9.58651 4.12032,
	9.59348 4.12496,
	9.5972 4.12775,
	9.6037 4.13193,
	9.61021 4.13751,
	9.62461 4.1468,
	9.62786 4.14912,
	9.62879 4.14912,
	9.63065 4.15052,
	9.63808 4.1533,
	9.6418 4.1547,
	9.64366 4.1547,
	9.64551 4.15563,
	9.65295 4.15702,
	9.65666 4.15749,
	9.66038 4.15888,
	9.66224 4.15981,
	9.66317 4.15981,
	9.6706 4.16492,
	9.67385 4.16771,
	9.67525 4.16956,
	9.67571 4.17142,
	9.67571 4.17235,
	9.67664 4.17328,
	9.67757 4.177,
	9.6785 4.17793,
	9.6785 4.17886,
	9.68454 4.18629,
	9.69104 4.19233,
	9.69801 4.19744,
	9.6994 4.19837,
	9.70126 4.20023,
	9.70452 4.20255,
	9.70637 4.20441,
	9.70823 4.20534,
	9.7087 4.20627,
	9.71055 4.20673,
	9.71334 4.20952,
	9.72031 4.21556,
	9.72217 4.21742,
	9.73564 4.22624,
	9.74261 4.23135,
	9.74586 4.23414,
	9.74911 4.236,
	9.75237 4.23879,
	9.75422 4.23971,
	9.76584 4.25319,
	9.77188 4.25923,
	9.77281 4.25923,
	9.77978 4.26434,
	9.78349 4.26712,
	9.79093 4.27131,
	9.79278 4.27224,
	9.79325 4.27316,
	9.79511 4.27363,
	9.79697 4.27502,
	9.79789 4.27502,
	9.80533 4.28013,
	9.80719 4.2806,
	9.80997 4.28292,
	9.81694 4.28803,
	9.82066 4.29035,
	9.82252 4.29221,
	9.8253 4.29453,
	9.82809 4.29779,
	9.84203 4.31033,
	9.84528 4.31265,
	9.84714 4.31405,
	9.84807 4.31498,
	9.849 4.31498,
	9.86247 4.32473,
	9.86897 4.33077,
	9.87176 4.33356,
	9.87548 4.33728,
	9.87966 4.34424,
	9.88012 4.34796,
	9.87873 4.35168,
	9.87548 4.35493,
	9.86805 4.35539,
	9.86433 4.354,
	9.86247 4.35354,
	9.86061 4.35214,
	9.85875 4.35168,
	9.8569 4.35028,
	9.85597 4.35028,
	9.8555 4.34935,
	9.85457 4.34935,
	9.85364 4.34843,
	9.85271 4.34843,
	9.85225 4.3475,
	9.85132 4.3475,
	9.84389 4.34285,
	9.83738 4.33867,
	9.82298 4.32798,
	9.82252 4.32706,
	9.82159 4.32706,
	9.81555 4.32009,
	9.81044 4.31265,
	9.80951 4.31219,
	9.80951 4.31126,
	9.80765 4.3094,
	9.80254 4.30336,
	9.78814 4.29361,
	9.78442 4.29128,
	9.78256 4.29035,
	9.78163 4.28942,
	9.78071 4.28942,
	9.7663 4.2806,
	9.75934 4.27642,
	9.75608 4.27456,
	9.74261 4.26341,
	9.73936 4.26016,
	9.73332 4.25505,
	9.7296 4.25226,
	9.72681 4.24901,
	9.71334 4.23646,
	9.71148 4.23553,
	9.70452 4.22903,
	9.69151 4.21788,
	9.68779 4.21463,
	9.68593 4.21277,
	9.68454 4.21184,
	9.67757 4.2058,
	9.6706 4.20069,
	9.66735 4.19837,
	9.65341 4.18536,
	9.64598 4.17886,
	9.63947 4.17375,
	9.63762 4.17235,
	9.63669 4.17142,
	9.63483 4.17096,
	9.61996 4.16027,
	9.61253 4.15563,
	9.6051 4.15237,
	9.60324 4.15098,
	9.59952 4.14959,
	9.59766 4.14912,
	9.59673 4.14819,
	9.5893 4.14541,
	9.58233 4.14169,
	9.5749 4.13704,
	9.57304 4.13658,
	9.56654 4.13193,
	9.56514 4.13054,
	9.56421 4.13054,
	9.54981 4.11985,
	9.54888 4.11893,
	9.53402 4.11381,
	9.52705 4.1101,
	9.5238 4.10824,
	9.52287 4.10778,
	9.52101 4.1087,
	9.51357 4.10452,
	9.51172 4.10313,
	9.51079 4.10313,
	9.50986 4.1022,
	9.50893 4.1022,
	9.508 4.10127,
	9.50707 4.10127,
	9.5001 4.09663,
	9.49313 4.09105,
	9.49174 4.08733,
	9.49128 4.08408,
	"/>
<Contour name="d09sahv10" hidden="false" closed="true" simplified="true" border="1 1 0" fill="1 1 0" mode="-11"
 points="9.46851 4.14587,
	9.4713 4.14262,
	9.47455 4.1403,
	9.47641 4.1389,
	9.48384 4.13751,
	9.49128 4.13797,
	9.49499 4.1389,
	9.49592 4.1389,
	9.49685 4.13983,
	9.50057 4.14076,
	9.5015 4.14076,
	9.50242 4.14169,
	9.50614 4.14308,
	9.508 4.14401,
	9.50893 4.14401,
	9.52333 4.15377,
	9.5303 4.15934,
	9.53216 4.1612,
	9.53866 4.16538,
	9.53913 4.16631,
	9.54006 4.16631,
	9.54749 4.17142,
	9.55492 4.17467,
	9.55678 4.1756,
	9.55771 4.17653,
	9.55864 4.17653,
	9.5605 4.17793,
	9.57536 4.18397,
	9.57722 4.18443,
	9.57908 4.18582,
	9.58651 4.18908,
	9.59302 4.19326,
	9.59627 4.19465,
	9.59813 4.19604,
	9.60556 4.1993,
	9.60742 4.19976,
	9.61114 4.20208,
	9.61299 4.20301,
	9.61392 4.20301,
	9.61764 4.20534,
	9.62507 4.20859,
	9.62879 4.20952,
	9.62972 4.21045,
	9.63669 4.2137,
	9.6404 4.21602,
	9.64644 4.22067,
	9.64923 4.22345,
	9.66317 4.23507,
	9.66688 4.23786,
	9.67292 4.2439,
	9.67989 4.2504,
	9.68268 4.25319,
	9.68965 4.25969,
	9.69569 4.2662,
	9.69708 4.26805,
	9.69801 4.26852,
	9.69801 4.26945,
	9.70359 4.27688,
	9.70963 4.28339,
	9.71241 4.28571,
	9.71985 4.29221,
	9.73471 4.30336,
	9.73843 4.30615,
	9.73982 4.30708,
	9.75376 4.31962,
	9.75655 4.32334,
	9.76026 4.32659,
	9.76537 4.33263,
	9.77234 4.34006,
	9.77467 4.34332,
	9.7756 4.34424,
	9.7756 4.34517,
	9.77699 4.34703,
	9.77838 4.35075,
	9.77838 4.35447,
	9.77838 4.35632,
	9.77699 4.35818,
	9.77327 4.36004,
	9.76956 4.3605,
	9.76212 4.35958,
	9.75469 4.35632,
	9.75097 4.354,
	9.75004 4.35307,
	9.74819 4.35261,
	9.74075 4.34657,
	9.73704 4.34332,
	9.73007 4.33867,
	9.72263 4.33217,
	9.71566 4.32659,
	9.70266 4.31683,
	9.70173 4.31683,
	9.69476 4.31079,
	9.68825 4.30336,
	9.68547 4.30011,
	9.68454 4.29825,
	9.68268 4.29639,
	9.68175 4.295,
	9.67989 4.29314,
	9.67525 4.28571,
	9.66967 4.27967,
	9.66596 4.27642,
	9.6627 4.27409,
	9.65899 4.27084,
	9.65573 4.26852,
	9.6497 4.26248,
	9.64319 4.25551,
	9.62879 4.2439,
	9.62786 4.2439,
	9.62693 4.24297,
	9.626 4.24297,
	9.62229 4.24064,
	9.62089 4.23971,
	9.61996 4.23971,
	9.61903 4.23879,
	9.6181 4.23879,
	9.61625 4.23693,
	9.61253 4.23507,
	9.60881 4.23228,
	9.60695 4.23182,
	9.60324 4.22949,
	9.59952 4.2281,
	9.59766 4.22671,
	9.59023 4.22438,
	9.58651 4.22345,
	9.58465 4.22299,
	9.58373 4.22206,
	9.58001 4.22067,
	9.57815 4.21974,
	9.57769 4.21881,
	9.57583 4.21834,
	9.57258 4.21556,
	9.57072 4.21416,
	9.56979 4.21323,
	9.56886 4.21323,
	9.56561 4.21091,
	9.55817 4.20812,
	9.55074 4.20719,
	9.54331 4.20534,
	9.54238 4.20441,
	9.53495 4.20208,
	9.52798 4.19744,
	9.52101 4.19186,
	9.51497 4.18582,
	9.51125 4.18304,
	9.51032 4.18304,
	9.50939 4.18211,
	9.50846 4.18211,
	9.50103 4.17746,
	9.49731 4.1756,
	9.4936 4.17467,
	9.48988 4.17235,
	9.48895 4.17235,
	9.4857 4.17003,
	9.48384 4.16956,
	9.47687 4.16445,
	9.47083 4.15934,
	9.46944 4.15749,
	9.46851 4.15377,
	9.46851 4.14634,
	"/>
</Transform>

<Transform dim="0"
 xcoef=" 0 1 0 0 0 0"
 ycoef=" 0 0 1 0 0 0">
<Contour name="d09rb10" hidden="false" closed="true" simplified="false" border="0 0 1" fill="0 0.502 1" mode="11"
 points="10.4287 4.56732,
	10.4287 4.56384,
	10.4322 4.56035,
	10.4357 4.56035,
	10.4393 4.56384,
	10.4393 4.56732,
	10.4357 4.5708,
	10.4322 4.5708,
	"/>
</Transform>

<Transform dim="0"
 xcoef=" 0 1 0 0 0 0"
 ycoef=" 0 0 1 0 0 0">
<Contour name="mito09_php2016" hidden="false" closed="false" simplified="true" border="1 0.501961 0.25098" fill="1 0 0" mode="11"
 points="3.51163 9.60697,
	3.62061 9.36116,
	"/>
</Transform>

<Transform dim="0"
 xcoef=" 0 1 0 0 0 0"
 ycoef=" 0 0 1 0 0 0">
<Contour name="d19ax23" comment="ddh_traced_2018-04-09" hidden="false" closed="true" simplified="true" border="0.502 1 0.502" fill="0.502 1 0.502" mode="11"
 points="8.83275 9.24725,
	8.83642 9.24541,
	8.83459 9.23074,
	8.83642 9.22341,
	8.83642 9.21974,
	8.84192 9.2124,
	8.87127 9.20323,
	8.90061 9.2014,
	8.92996 9.21057,
	8.94463 9.21607,
	8.95197 9.22157,
	8.95564 9.22157,
	8.97031 9.23441,
	9.08769 9.30777,
	9.09502 9.31511,
	9.10236 9.31878,
	9.1262 9.34445,
	9.13354 9.35913,
	9.13537 9.38847,
	9.1262 9.40314,
	9.11887 9.40864,
	9.08952 9.41781,
	9.06018 9.41965,
	9.03083 9.41781,
	8.97214 9.40498,
	8.95747 9.40314,
	8.92812 9.39214,
	8.91345 9.3848,
	8.90245 9.37196,
	8.89695 9.36463,
	8.89328 9.36096,
	8.89328 9.35729,
	8.88594 9.34995,
	8.86944 9.32061,
	8.84926 9.2931,
	8.84376 9.27843,
	8.83459 9.26375,
	8.83275 9.24908,
	"/>
</Transform>

<Transform dim="0"
 xcoef=" 0 1 0 0 0 0"
 ycoef=" 0 0 1 0 0 0">
<Contour name="d09ax19a" comment="ddh_traced_2017.01" hidden="false" closed="true" simplified="true" border="0.501961 1 0.501961" fill="0.501961 1 0.501961" mode="11"
 points="15.0642 2.68896,
	15.0707 2.67164,
	15.0707 2.66731,
	15.075 2.66298,
	15.075 2.64566,
	15.075 2.637,
	15.0837 2.6305,
	15.088 2.6305,
	15.0924 2.62617,
	15.1097 2.61968,
	15.127 2.61751,
	15.1357 2.61535,
	15.1443 2.61751,
	15.179 2.61535,
	15.2136 2.61968,
	15.2309 2.62617,
	15.2482 2.637,
	15.2829 2.66947,
	15.3175 2.69329,
	15.3348 2.70411,
	15.3435 2.71061,
	15.3608 2.71494,
	15.3695 2.71927,
	15.4041 2.72143,
	15.4128 2.7236,
	15.4171 2.72576,
	15.4258 2.7236,
	15.4431 2.73009,
	15.4518 2.73226,
	15.4561 2.73009,
	15.4734 2.73659,
	15.4907 2.74741,
	15.4994 2.75607,
	15.5059 2.77339,
	15.5059 2.79071,
	15.4994 2.80803,
	15.4712 2.84051,
	15.4539 2.8535,
	15.4453 2.85566,
	15.4409 2.85566,
	15.4366 2.85999,
	15.3673 2.87298,
	15.3327 2.87082,
	15.298 2.86432,
	15.2894 2.86216,
	15.2851 2.85783,
	15.2504 2.84267,
	15.2461 2.83834,
	15.2374 2.83618,
	15.2201 2.82102,
	15.1941 2.79937,
	15.1248 2.75391,
	15.1162 2.74958,
	15.1075 2.74092,
	15.0902 2.73226,
	15.0664 2.70411,
	15.0642 2.69545,
	15.0642 2.69112,
	"/>
</Transform>

<Transform dim="0"
 xcoef=" 0 1 0 0 0 0"
 ycoef=" 0 0 1 0 0 0">
<Contour name="d09ax19b" comment="ddh_traced_2017.01" hidden="false" closed="true" simplified="true" border="0.5 0 1" fill="0.5 0 1" mode="11"
 points="8.79633 4.40548,
	8.8026 4.38876,
	8.80469 4.38039,
	8.82769 4.34694,
	8.85697 4.32603,
	8.8716 4.3093,
	8.88206 4.29258,
	8.88624 4.28839,
	8.88624 4.28421,
	8.89878 4.26749,
	8.91551 4.25494,
	8.92387 4.25076,
	8.92806 4.24658,
	8.93642 4.24658,
	8.94478 4.2424,
	8.96151 4.2424,
	8.99496 4.25285,
	8.99915 4.25703,
	9.00751 4.25912,
	9.02215 4.27167,
	9.03051 4.28003,
	9.03469 4.28839,
	9.06605 4.31139,
	9.08069 4.32394,
	9.1476 4.34276,
	9.16433 4.34903,
	9.19778 4.35112,
	9.23123 4.34903,
	9.29814 4.35112,
	9.36505 4.3323,
	9.36923 4.32812,
	9.3776 4.32812,
	9.39432 4.31976,
	9.42778 4.31558,
	9.46123 4.31767,
	9.47796 4.31767,
	9.48632 4.32185,
	9.55323 4.3323,
	9.62014 4.3553,
	9.63686 4.36367,
	9.64523 4.36576,
	9.66196 4.3783,
	9.6745 4.39294,
	9.67659 4.40967,
	9.67241 4.41803,
	9.67241 4.42221,
	9.65986 4.43894,
	9.62641 4.45776,
	9.61805 4.46194,
	9.61387 4.46194,
	9.60968 4.46612,
	9.60132 4.46612,
	9.56787 4.48076,
	9.5595 4.48285,
	9.52605 4.50376,
	9.50932 4.51212,
	9.50514 4.5163,
	9.50096 4.5163,
	9.49887 4.52048,
	9.49469 4.52048,
	9.48632 4.52675,
	9.48214 4.52675,
	9.47796 4.53094,
	9.41105 4.54975,
	9.39432 4.55603,
	9.38596 4.55812,
	9.3546 4.58112,
	9.33787 4.59157,
	9.27096 4.61248,
	9.23751 4.61875,
	9.22078 4.62084,
	9.18733 4.6313,
	9.1706 4.63966,
	9.16224 4.64384,
	9.15805 4.64803,
	9.14133 4.6543,
	9.1246 4.66475,
	9.10787 4.67103,
	9.07442 4.67521,
	9.05769 4.67521,
	9.04096 4.66057,
	9.0326 4.64384,
	9.02842 4.63548,
	9.02842 4.62712,
	9.01378 4.59366,
	9.00124 4.57694,
	8.99706 4.57066,
	8.96569 4.55185,
	8.95733 4.54975,
	8.95315 4.54557,
	8.94897 4.54557,
	8.88206 4.50585,
	8.86533 4.49748,
	8.86115 4.4933,
	8.85697 4.4933,
	8.8256 4.46612,
	8.80051 4.43267,
	8.79633 4.41594,
	8.79633 4.40757,
	"/>
</Transform>

<Transform dim="0"
 xcoef=" 0 1 0 0 0 0"
 ycoef=" 0 0 1 0 0 0">
<Contour name="d09ax21a" comment="ddh_traced_2017.01" hidden="false" closed="true" simplified="true" border="1 1 0" fill="1 1 0" mode="11"
 points="12.567 4.0972,
	12.5766 4.07796,
	12.5802 4.06834,
	12.5862 4.05872,
	12.5911 4.05391,
	12.6103 4.0467,
	12.6199 4.04429,
	12.6392 4.04549,
	12.6584 4.0503,
	12.6776 4.0503,
	12.6873 4.04429,
	12.6897 4.04429,
	12.6933 4.04068,
	12.6945 4.03828,
	12.6993 4.03708,
	12.7185 4.02625,
	12.757 4.02264,
	12.834 4.02505,
	12.8388 4.02505,
	12.8436 4.02745,
	12.8484 4.02745,
	12.858 4.03467,
	12.864 4.04429,
	12.864 4.05391,
	12.8604 4.06353,
	12.8544 4.07315,
	12.8352 4.08879,
	12.8159 4.09841,
	12.7775 4.10923,
	12.7726 4.11164,
	12.7534 4.11284,
	12.6764 4.12607,
	12.638 4.13208,
	12.6187 4.13088,
	12.5995 4.12727,
	12.5802 4.12126,
	12.5718 4.11524,
	12.5682 4.11043,
	12.567 4.10081,
	12.567 4.09841,
	"/>
</Transform>

<Transform dim="0"
 xcoef=" 0 1 0 0 0 0"
 ycoef=" 0 0 1 0 0 0">
<Contour name="d09ax21b" comment="ddh_traced_2017.01" hidden="false" closed="true" simplified="true" border="1 0.501961 0.752941" fill="1 0.501961 0.752941" mode="11"
 points="10.3602 3.02832,
	10.3652 3.01233,
	10.3672 3.00433,
	10.3682 3.00033,
	10.3822 2.98434,
	10.3872 2.97734,
	10.3942 2.96135,
	10.3942 2.95935,
	10.3962 2.95736,
	10.3962 2.94136,
	10.3992 2.92537,
	10.4052 2.90938,
	10.4102 2.90139,
	10.4122 2.89739,
	10.4192 2.88939,
	10.4212 2.8854,
	10.4252 2.8824,
	10.4572 2.8734,
	10.5212 2.8714,
	10.5531 2.8694,
	10.5571 2.8714,
	10.5731 2.8714,
	10.5891 2.8734,
	10.6211 2.8854,
	10.6361 2.89439,
	10.6441 2.90039,
	10.6501 2.90838,
	10.6651 2.92337,
	10.6801 2.93637,
	10.6881 2.94236,
	10.6971 2.95736,
	10.702 2.96535,
	10.703 2.97335,
	10.704 2.97734,
	10.703 2.98534,
	10.703 2.98734,
	10.6971 2.99434,
	10.6951 2.99833,
	10.6791 3.00733,
	10.6471 3.01432,
	10.6151 3.02332,
	10.6071 3.02532,
	10.6031 3.02732,
	10.5991 3.02732,
	10.5831 3.03331,
	10.5511 3.0503,
	10.5192 3.0643,
	10.4872 3.07429,
	10.4552 3.07729,
	10.4232 3.07729,
	10.4072 3.07429,
	10.3992 3.07429,
	10.3912 3.07229,
	10.3892 3.07229,
	10.3822 3.0653,
	10.3712 3.0493,
	10.3652 3.04231,
	10.3622 3.03431,
	10.3612 3.03032,
	10.3602 3.02932,
	"/>
</Transform>

<Transform dim="0"
 xcoef=" 0 1 0 0 0 0"
 ycoef=" 0 0 1 0 0 0">
<Contour name="d09ax22" comment="ddh_traced_2017.01" hidden="false" closed="true" simplified="true" border="0.502 1 0.502" fill="0.502 1 0.502" mode="11"
 points="12.3382 3.14803,
	12.3488 3.12676,
	12.3541 3.11612,
	12.3741 3.10017,
	12.414 3.07225,
	12.4166 3.07225,
	12.4193 3.06959,
	12.4618 3.06826,
	12.5044 3.07358,
	12.515 3.07757,
	12.5177 3.08023,
	12.5283 3.08421,
	12.5349 3.09219,
	12.5403 3.09751,
	12.5575 3.14005,
	12.5602 3.14271,
	12.5655 3.16398,
	12.5735 3.18525,
	12.5748 3.19588,
	12.5735 3.20652,
	12.5735 3.20918,
	12.5575 3.22912,
	12.5363 3.24374,
	12.515 3.25039,
	12.5044 3.25172,
	12.4831 3.25039,
	12.4618 3.25305,
	12.4512 3.25305,
	12.4459 3.25438,
	12.4352 3.25305,
	12.4312 3.25172,
	12.4259 3.25305,
	12.4153 3.25039,
	12.41 3.24773,
	12.3993 3.23843,
	12.3701 3.19721,
	12.3674 3.19323,
	12.3568 3.18392,
	12.3488 3.17461,
	12.3448 3.17063,
	12.3448 3.16797,
	12.3395 3.16265,
	12.3382 3.15201,
	12.3382 3.14936,
	"/>
</Transform>

<Transform dim="0"
 xcoef=" 0 1 0 0 0 0"
 ycoef=" 0 0 1 0 0 0">
<Contour name="d09ax28b" comment="ddh_traced_2017.01" hidden="false" closed="true" simplified="true" border="1 0 0" fill="1 0 0" mode="11"
 points="13.463 2.67111,
	13.4743 2.66263,
	13.4856 2.65697,
	13.4913 2.65556,
	13.4941 2.65273,
	13.5394 2.64424,
	13.6299 2.64,
	13.6525 2.63859,
	13.6638 2.63717,
	13.6751 2.63293,
	13.6808 2.62869,
	13.6864 2.62728,
	13.6921 2.62303,
	13.7373 2.61172,
	13.76 2.60889,
	13.8052 2.61031,
	13.8505 2.60607,
	13.8618 2.60465,
	13.8844 2.60607,
	13.9297 2.61738,
	13.9523 2.62586,
	13.9749 2.6301,
	13.9975 2.63717,
	14.0428 2.64283,
	14.1333 2.66404,
	14.1785 2.67677,
	14.2238 2.67253,
	14.2464 2.66828,
	14.2577 2.66546,
	14.303 2.66546,
	14.3482 2.6697,
	14.3708 2.6697,
	14.3935 2.67253,
	14.4387 2.67111,
	14.4613 2.66546,
	14.467 2.66121,
	14.5122 2.6499,
	14.5575 2.64283,
	14.5801 2.64,
	14.6027 2.63152,
	14.6254 2.61455,
	14.6395 2.59193,
	14.6508 2.5693,
	14.6678 2.54668,
	14.6904 2.52688,
	14.7017 2.52122,
	14.747 2.51133,
	14.8375 2.4986,
	14.8827 2.49436,
	14.8884 2.49436,
	14.894 2.49153,
	14.9393 2.49011,
	14.9619 2.49153,
	14.9732 2.49153,
	14.9958 2.50143,
	15.0185 2.51698,
	15.0411 2.53678,
	15.0467 2.53961,
	15.0566 2.55092,
	15.0708 2.57354,
	15.0736 2.5792,
	15.0694 2.60182,
	15.0665 2.60748,
	15.0651 2.61879,
	15.0623 2.62445,
	15.0581 2.6697,
	15.0595 2.69232,
	15.0609 2.70363,
	15.0694 2.72626,
	15.0821 2.74888,
	15.0892 2.7602,
	15.1344 2.79272,
	15.1797 2.81534,
	15.2023 2.82807,
	15.2249 2.84645,
	15.2362 2.85352,
	15.2475 2.86342,
	15.2546 2.87473,
	15.2546 2.87756,
	15.2574 2.88039,
	15.2574 2.88604,
	15.2475 2.89594,
	15.2249 2.90301,
	15.2023 2.90725,
	15.191 2.90725,
	15.1457 2.91574,
	15.1231 2.92422,
	15.1118 2.92705,
	15.1061 2.92705,
	15.0835 2.93412,
	15.0609 2.94543,
	15.0383 2.9624,
	15.0213 2.98503,
	15.0156 2.99634,
	15.0128 3.002,
	15.0015 3.01331,
	14.9902 3.02038,
	14.9449 3.03169,
	14.9223 3.04017,
	14.8771 3.07128,
	14.8657 3.07835,
	14.8544 3.0826,
	14.8431 3.08118,
	14.8205 3.0727,
	14.8092 3.06845,
	14.7979 3.06138,
	14.7922 3.05856,
	14.7809 3.04724,
	14.7752 3.043,
	14.7512 2.99775,
	14.7456 2.98644,
	14.7258 2.96523,
	14.7144 2.95533,
	14.7031 2.94826,
	14.6918 2.93836,
	14.6805 2.93129,
	14.6579 2.92281,
	14.6126 2.91008,
	14.5221 2.87897,
	14.4769 2.86625,
	14.4543 2.86342,
	14.3638 2.85918,
	14.2733 2.86483,
	14.1828 2.87332,
	14.1601 2.87473,
	14.1375 2.87332,
	14.0923 2.86342,
	14.047 2.85069,
	14.0244 2.84504,
	14.0018 2.83655,
	13.9905 2.83373,
	13.9678 2.82383,
	13.9226 2.8111,
	13.9 2.80827,
	13.8886 2.80827,
	13.8773 2.8111,
	13.8547 2.81251,
	13.8434 2.81534,
	13.8208 2.81676,
	13.7981 2.81534,
	13.7755 2.8111,
	13.7529 2.80969,
	13.7077 2.81534,
	13.685 2.81958,
	13.6398 2.82383,
	13.5945 2.83373,
	13.5719 2.8309,
	13.5606 2.82948,
	13.5493 2.82241,
	13.5394 2.8111,
	13.5337 2.79979,
	13.5182 2.77716,
	13.5054 2.75454,
	13.4955 2.73191,
	13.4687 2.68667,
	13.4644 2.67535,
	13.463 2.67253,
	"/>
</Transform>

<Transform dim="0"
 xcoef=" 0 1 0 0 0 0"
 ycoef=" 0 0 1 0 0 0">
<Contour name="d29ax25" comment="ddh_traced_mar2017" hidden="false" closed="true" simplified="true" border="0 1 1" fill="1 0 0" mode="11"
 points="4.91857 3.82618,
	4.92234 3.81109,
	4.92423 3.80354,
	4.93083 3.79788,
	4.93461 3.79505,
	4.9497 3.79317,
	4.96479 3.79317,
	4.97234 3.79222,
	4.98743 3.79317,
	4.99121 3.79411,
	4.99875 3.79317,
	5.02894 3.796,
	5.05913 3.79505,
	5.08931 3.796,
	5.10441 3.796,
	5.10818 3.79505,
	5.11007 3.796,
	5.11007 3.79788,
	5.14025 3.79788,
	5.1478 3.79694,
	5.17799 3.79788,
	5.18553 3.79788,
	5.21572 3.79317,
	5.24591 3.79034,
	5.27609 3.79034,
	5.30628 3.79222,
	5.31383 3.79317,
	5.34402 3.8026,
	5.35156 3.80543,
	5.35251 3.80732,
	5.36005 3.81015,
	5.36194 3.81015,
	5.36949 3.81486,
	5.37703 3.81769,
	5.37892 3.81769,
	5.37986 3.81958,
	5.38175 3.81958,
	5.3893 3.8243,
	5.39118 3.82618,
	5.39307 3.82618,
	5.39496 3.82807,
	5.39684 3.82807,
	5.41194 3.84128,
	5.41854 3.84788,
	5.42231 3.85071,
	5.4242 3.8526,
	5.42609 3.8526,
	5.45533 3.87146,
	5.46759 3.88373,
	5.47137 3.89127,
	5.47325 3.89316,
	5.47325 3.90825,
	5.47325 3.91203,
	5.46288 3.92712,
	5.45533 3.93372,
	5.44778 3.93844,
	5.4459 3.94033,
	5.44401 3.94033,
	5.44212 3.94221,
	5.41194 3.95165,
	5.38175 3.95919,
	5.36666 3.96485,
	5.35156 3.96768,
	5.32137 3.96768,
	5.30628 3.96768,
	5.27609 3.96485,
	5.261 3.96391,
	5.23081 3.9658,
	5.22327 3.96674,
	5.21949 3.96674,
	5.21572 3.96863,
	5.18553 3.96957,
	5.17044 3.96863,
	5.15535 3.9658,
	5.1478 3.96485,
	5.14025 3.96202,
	5.13648 3.96202,
	5.10629 3.95165,
	5.09875 3.94882,
	5.09686 3.94693,
	5.08931 3.94693,
	5.07422 3.94033,
	5.07233 3.94033,
	5.07045 3.93844,
	5.0629 3.93655,
	5.05535 3.93278,
	5.04781 3.92712,
	5.04403 3.92618,
	5.02894 3.91769,
	5.02517 3.9158,
	5.01762 3.90825,
	5.00347 3.89882,
	4.99592 3.89316,
	4.98838 3.88939,
	4.9846 3.8875,
	4.97706 3.8809,
	4.96196 3.87241,
	4.95819 3.87146,
	4.95442 3.86863,
	4.95253 3.86863,
	4.94876 3.8658,
	4.94687 3.8658,
	4.94027 3.8592,
	4.93272 3.85448,
	4.92706 3.84599,
	4.91857 3.8309,
	4.91857 3.82713,
	"/>
</Transform>

<Transform dim="0"
 xcoef=" 0 1 0 0 0 0"
 ycoef=" 0 0 1 0 0 0">
<Contour name="d09" comment="dch_traced_062019" hidden="false" closed="true" simplified="true" border="1 1 0.501961" fill="1 1 0.501961" mode="11"
 points="10.2663 4.62209,
	10.2694 4.60976,
	10.2818 4.58509,
	10.2987 4.56042,
	10.308 4.54963,
	10.3326 4.5265,
	10.3573 4.50955,
	10.3696 4.50338,
	10.3943 4.50184,
	10.4066 4.50029,
	10.4313 4.50338,
	10.456 4.50184,
	10.4683 4.50029,
	10.493 4.4895,
	10.5053 4.48025,
	10.53 4.46946,
	10.5546 4.46329,
	10.567 4.46021,
	10.6657 4.45558,
	10.7643 4.45404,
	10.8137 4.44942,
	10.8383 4.44171,
	10.8877 4.44017,
	10.9123 4.44171,
	10.9247 4.44633,
	10.9493 4.46329,
	10.9617 4.46946,
	10.9678 4.47409,
	10.9802 4.47717,
	10.9863 4.48025,
	11.0357 4.48796,
	11.0603 4.49104,
	11.085 4.49721,
	11.0881 4.49721,
	11.0943 4.50184,
	11.1066 4.50338,
	11.1189 4.508,
	11.1436 4.51263,
	11.1683 4.5265,
	11.179 4.53884,
	11.1945 4.56351,
	11.2145 4.61284,
	11.2238 4.63751,
	11.2299 4.64984,
	11.233 4.66218,
	11.2361 4.66526,
	11.2546 4.71459,
	11.2654 4.76393,
	11.2685 4.7886,
	11.2823 4.83793,
	11.3055 4.88727,
	11.3132 4.91194,
	11.3163 4.9366,
	11.3224 4.96127,
	11.3255 4.9736,
	11.3378 4.99827,
	11.3533 5.02294,
	11.3733 5.04761,
	11.3903 5.07227,
	11.3918 5.09694,
	11.3918 5.10928,
	11.381 5.13394,
	11.361 5.15861,
	11.3486 5.16632,
	11.3363 5.17094,
	11.3301 5.17403,
	11.2808 5.17557,
	11.2561 5.17403,
	11.2315 5.16786,
	11.2253 5.16786,
	11.2006 5.15707,
	11.176 5.14011,
	11.1513 5.12932,
	11.139 5.12778,
	11.1143 5.1324,
	11.0896 5.14628,
	11.065 5.16324,
	11.0403 5.18636,
	11.0156 5.20178,
	10.9663 5.2172,
	10.917 5.23878,
	10.8923 5.24957,
	10.8676 5.26345,
	10.8645 5.26345,
	10.8399 5.27732,
	10.8275 5.28041,
	10.8214 5.28349,
	10.8152 5.28349,
	10.809 5.28657,
	10.7844 5.28966,
	10.735 5.28966,
	10.7104 5.28503,
	10.6857 5.27424,
	10.661 5.26036,
	10.6487 5.25266,
	10.624 5.22953,
	10.5762 5.18945,
	10.5639 5.17865,
	10.5577 5.17557,
	10.4591 5.09386,
	10.4344 5.07998,
	10.4097 5.07227,
	10.3851 5.06148,
	10.3604 5.04761,
	10.3373 5.02756,
	10.328 5.01523,
	10.3234 5.0029,
	10.3203 4.97823,
	10.3188 4.92889,
	10.3111 4.87956,
	10.3003 4.83022,
	10.2926 4.80556,
	10.2895 4.79322,
	10.2895 4.78089,
	10.2818 4.73155,
	10.2771 4.70689,
	10.2725 4.69455,
	10.2663 4.64522,
	10.2663 4.63288,
	10.2663 4.62672,
	10.2663 4.62363,
	"/>
</Transform>

</Section>